73 Number of operations
23 Number of workers
Standard production times
0.290051 0.119425 0.716550 0.190971 0.451519 0.100000 0.100000 0.336942 0.571636 0.414269 0.100000 0.116889 0.577166 0.526380 0.408052 0.219375 0.435065 0.438886 0.292950 0.555470 0.434268 0.311430 0.740981 0.584869 0.139028 0.323885 0.251275 0.312576 0.314710 0.676281 0.419674 0.326109 0.145356 0.602997 0.103788 0.342580 0.388635 0.242379 0.413542 0.192219 0.347265 0.507650 0.705652 0.791335 0.495640 0.423869 0.228507 0.247610 0.527861 0.409505 1.022967 0.293508 0.469117 0.314897 0.100000 0.751079 0.347161 0.569259 0.817347 0.505296 0.596762 0.100000 0.221035 0.466013 0.609718 0.669980 0.649135 0.261762 0.656215 0.254587 0.240166 0.399291 0.502519 
Production times: workers row and ops columns
0.178887 0.100000 0.809831 0.395996 0.550669 0.159504 0.100000 0.525723 0.632546 0.979011 0.699459 0.209468 0.389523 0.207015 0.619799 0.258045 0.263138 0.460685 0.100000 0.904486 0.210703 0.923684 0.942727 0.881658 0.100000 0.408576 0.621553 0.100000 0.181601 0.692589 0.100000 0.483688 0.568436 0.173239 0.279061 0.100000 0.369287 0.100000 0.974251 0.396669 0.334956 0.120069 1.342530 1.774886 0.100000 1.041951 1.042332 0.416616 0.100000 0.841178 0.932507 0.100000 0.100000 0.590166 0.496403 0.439314 0.607449 0.100000 1.218277 0.528579 0.503477 0.100000 0.655478 0.841218 0.874451 0.738830 0.688046 0.570952 0.772462 0.595863 0.100000 0.100000 1.021931 
1.383541 0.340108 0.666473 0.122748 0.391992 0.108705 0.100000 0.100000 0.100000 0.538668 0.100000 0.364495 0.489814 1.019548 0.514819 1.314725 0.100000 0.115428 0.743694 1.819633 0.309950 0.333264 0.627824 1.250598 0.100000 0.663920 0.100000 0.100000 0.471484 0.927874 1.066287 0.270885 0.100000 0.884378 0.224157 0.482913 0.352079 0.822548 0.598288 1.144548 0.902793 0.837175 0.100000 1.092495 0.705781 0.829345 0.750728 0.100000 0.939864 0.128352 2.000406 0.100000 0.100000 0.100000 0.100000 0.191522 1.325201 0.406009 0.146009 1.062487 0.303500 0.100000 0.658954 0.777694 0.392240 1.373750 0.713686 1.070236 0.907585 1.033990 0.294868 0.100000 1.727203 
0.100000 0.100000 0.366351 0.100000 0.572853 0.200915 0.430510 1.233021 0.511403 0.100000 0.100000 0.100000 0.100000 0.938895 0.158945 0.100000 0.434119 0.100000 0.100000 0.892826 0.743537 0.100000 1.646248 0.100000 0.100000 0.208465 0.100000 1.281340 0.497876 0.153987 1.445261 0.618940 0.360119 0.299498 0.156899 0.100000 0.786148 0.100000 0.480566 0.793246 0.489639 0.638884 0.843902 0.424700 0.913642 1.195549 0.607910 0.690065 0.100000 0.100000 0.302529 0.909634 0.342027 1.014819 0.100000 0.532325 0.394874 1.029984 0.847722 0.610858 0.605026 0.188594 0.100000 0.506476 0.516429 0.641568 0.895303 0.100000 0.613961 0.105906 0.448817 0.791676 0.100000 
0.583006 1.152317 0.100000 0.100000 0.100000 0.100000 0.911425 0.343618 0.224289 0.725170 0.100000 0.678596 0.729799 1.220770 0.100000 1.734804 0.847357 0.766176 0.267356 0.192672 0.100000 0.243441 0.342346 0.726207 0.100000 0.634426 0.729335 0.100000 0.911053 0.557310 0.997318 0.545192 0.706520 0.104487 0.100000 1.068295 0.100000 0.100000 0.100000 0.100000 0.100000 0.301831 1.344916 0.570221 0.657404 0.368873 0.232781 0.163511 0.440771 0.640087 0.434975 0.798571 0.929126 0.217369 0.502697 0.400407 0.100000 0.647391 0.722236 0.280927 0.260538 0.100000 0.690619 0.100000 0.785965 0.551761 1.013042 0.519299 0.100000 0.546910 0.402303 0.410222 0.268182 
0.716691 0.100000 1.633909 0.473162 1.520433 0.100000 0.100000 0.694336 0.997988 0.431949 0.100000 0.100000 0.886159 0.434292 0.350059 0.131646 0.100000 0.172376 0.100000 1.439450 0.196581 0.550235 0.230038 0.982133 0.100000 0.784193 0.233591 1.367878 0.100000 0.714472 0.603290 0.942558 0.100000 0.646230 0.100000 0.100000 0.614443 0.794466 0.272674 1.220397 1.227389 0.477324 0.100000 0.100000 0.106711 0.981790 0.383643 0.100000 0.413478 1.216186 0.835564 0.100000 1.496429 0.341602 0.100000 0.926163 0.355744 0.354688 1.421575 1.063147 1.017193 0.100000 0.794485 0.441161 0.843040 1.186823 1.053557 1.156639 0.881857 0.100000 0.100000 1.074344 0.336877 
0.483320 0.100000 1.216991 0.100000 1.180573 0.100000 0.659067 0.674140 0.210440 0.963767 0.100000 0.100000 0.938022 0.213709 0.111131 0.100000 0.100000 0.961383 0.597208 0.520806 0.380072 0.536507 1.623648 1.020354 0.100000 0.712595 0.191889 0.213077 1.247946 0.466813 0.180082 0.100000 0.100000 0.828559 0.100000 0.600287 0.100000 0.100000 0.750827 0.922665 0.643501 1.106566 1.557949 1.311380 0.100000 0.371197 0.543605 0.100000 0.753834 0.100000 0.608653 0.557948 0.100000 0.100000 0.100000 0.100000 0.375722 0.169485 0.671549 0.375804 0.691408 0.100000 0.265878 0.165434 0.887755 1.516884 0.747570 0.346696 0.100000 0.601270 0.100000 0.100000 0.781239 
0.380570 0.673013 1.437989 0.100000 0.515707 0.980208 0.583270 0.693466 1.224739 0.111967 0.418292 0.821516 1.387622 0.123288 0.282215 0.410733 0.290566 0.242978 0.634951 0.378765 0.100000 0.492353 0.528734 0.219104 0.100000 0.830796 0.100000 0.100000 0.176787 1.290759 1.074527 0.100000 0.100000 0.100000 0.609392 0.100000 0.317037 0.758871 0.302335 0.927299 0.100000 0.692245 1.132293 0.721480 1.188797 0.697934 0.100000 2.226912 0.852183 0.463177 0.323560 0.334392 0.239145 0.637074 0.285835 1.677584 0.418287 0.826012 1.003575 0.431051 0.505062 0.650500 0.611049 0.151292 0.100000 0.636275 1.229855 0.247997 1.529432 0.100000 0.310987 0.100000 0.204685 
0.135490 0.374894 1.571881 0.208442 1.178477 0.430841 0.593176 0.103864 1.264131 0.100000 0.347579 0.100000 0.318093 0.100000 0.149878 0.394934 0.400679 0.100000 1.028320 0.724081 0.938300 0.704043 0.408547 0.100000 0.100000 0.936463 0.100000 0.720597 0.100000 0.872836 0.100000 0.909646 0.125522 1.045910 0.198719 0.741612 0.337669 0.614057 0.100000 0.100000 0.710002 0.488061 0.591275 0.701529 0.746503 0.127197 0.483661 0.100000 0.324235 0.901981 1.558593 0.100000 0.888434 0.100000 0.466512 0.100000 0.100000 0.314773 0.734104 1.217103 1.048761 0.887734 0.824339 0.324581 0.476555 1.204466 0.669321 0.183265 0.100000 0.201357 0.100000 0.171232 0.100000 
0.636338 0.100000 0.552025 0.864523 0.100000 0.258329 0.100000 0.381806 0.776769 0.844204 0.100000 0.276718 0.736243 0.516765 0.483060 0.451143 0.634005 0.100000 0.100000 1.808460 1.394164 0.100000 0.966090 0.898588 0.514696 0.394083 0.100000 0.221365 0.100000 0.743468 0.285488 0.260271 0.654632 1.218276 0.100000 0.112615 0.100000 0.854240 0.383858 0.916714 0.108474 0.520650 0.100000 1.442603 0.314334 0.100000 0.100000 0.100000 0.511952 0.465749 1.167006 1.042562 0.318629 0.718625 0.256119 0.654419 0.100000 1.043010 0.565360 0.514274 0.100000 0.241498 0.275050 0.480721 0.542322 1.194589 1.132245 0.624720 2.316754 0.100000 0.100000 0.100000 0.720512 
0.100000 0.100000 0.109881 0.227097 0.956412 0.100000 0.100000 0.267266 0.207367 0.679850 0.102000 0.277522 0.214558 1.294649 0.407865 0.866150 0.215566 0.733906 0.100000 0.100000 0.100000 0.288496 0.631614 1.354473 0.100000 0.100000 1.101369 0.616967 0.100000 0.924916 0.538340 0.100000 0.100000 0.594270 0.469489 0.819828 0.436509 0.759104 0.340405 0.100000 0.100000 0.778973 0.100000 1.130239 0.100000 0.244257 0.481198 0.856581 0.100000 0.100000 1.047498 0.100000 0.899928 0.100000 0.280901 0.964040 0.371702 1.120377 0.202559 1.059604 0.245302 0.462775 0.100000 0.873184 0.999953 0.100000 0.571889 0.215546 0.537277 0.100000 1.165885 0.503839 1.280027 
0.100000 0.100000 0.782674 0.100000 1.646592 0.222711 0.676300 0.224824 0.408605 0.398813 0.277859 0.541683 0.516089 0.185955 0.100000 0.181036 0.721546 0.667860 0.284041 0.255401 0.507650 0.597332 0.722572 0.641054 0.100000 0.781635 0.100000 0.405343 0.511924 1.039043 1.167616 0.663835 0.444963 0.100000 0.406990 1.489439 0.100000 0.100000 0.306215 0.702843 0.609640 0.269088 0.687657 1.309855 0.831950 1.638308 0.731350 0.424394 0.835224 0.235013 0.534080 0.379486 0.714397 0.100000 0.100000 0.566451 0.479983 0.439026 1.039895 0.554352 1.126926 0.100000 1.049597 1.174850 0.634877 0.995141 0.952409 0.100000 0.738547 0.643674 0.395075 0.924951 0.550017 
0.330426 0.100000 0.534281 0.100000 1.304260 0.220253 0.100000 0.536241 0.475634 0.100000 0.339926 0.100000 0.866398 0.100000 0.100000 0.466546 0.100000 0.215537 0.395139 0.861586 0.806710 0.293289 0.324783 1.546777 0.100000 1.225679 0.100000 0.893218 0.849693 0.153514 0.597316 0.703805 0.495847 0.503529 0.254768 0.145235 0.100000 0.734385 0.133701 0.882098 0.648490 0.100000 0.625053 0.648143 0.100000 0.674584 0.100000 1.063456 0.958307 0.100000 1.013466 0.180128 0.100000 0.780525 0.574904 1.213830 0.118667 1.103752 0.712470 0.972870 1.503026 0.170055 0.100000 0.307562 0.930211 1.279917 0.100000 0.166488 0.772884 0.472086 0.695378 0.100000 0.290780 
0.794034 0.315593 0.940741 0.753632 0.503545 0.364002 0.100000 0.100000 0.100000 0.451429 0.100000 0.100000 0.736173 0.100000 0.463721 0.209614 0.100000 0.100000 1.021214 0.713789 0.100000 0.100000 0.937875 0.470799 0.429193 0.100000 0.338858 0.285834 0.223179 0.565767 0.519554 0.792469 0.100000 0.399377 0.184071 0.282505 0.581436 0.601524 1.059136 0.133997 0.100000 0.472838 0.882587 0.697858 0.419022 0.100000 0.482499 0.100000 0.100000 0.100000 0.590552 0.597882 0.749936 1.072272 0.423962 0.100000 0.100000 1.134622 1.600690 0.386422 0.876163 0.100000 0.100000 0.100000 0.431124 0.409292 0.534078 0.100000 0.995865 0.968361 0.258265 1.414290 0.185317 
0.100000 0.313293 0.539151 0.779497 0.130965 0.761347 0.197088 1.619668 0.339578 0.312922 0.172826 0.100000 0.878298 0.766803 0.462711 0.100000 0.100000 0.732195 0.880540 1.352703 0.100000 0.100000 0.605011 0.100000 0.100000 0.749780 1.068576 0.452153 1.134987 0.881718 0.515356 0.240388 0.238825 0.475571 0.100000 0.100000 0.518151 0.249603 0.100000 0.100000 0.100000 0.100000 0.947594 1.570679 1.680505 1.205079 0.100000 0.835233 1.087810 0.100000 1.453611 0.607096 0.550521 0.459206 0.129154 1.567047 0.146267 0.469289 0.821041 0.643128 0.100000 0.793987 0.334135 0.750575 0.708376 0.576759 0.471514 0.309819 0.732241 0.832218 0.413195 0.332547 1.495801 
0.100000 0.100000 0.893851 0.100000 0.100000 0.100000 0.100000 0.902506 0.261010 0.939576 0.329891 0.100000 0.587752 0.740710 0.100000 0.382910 0.245505 1.337846 0.100000 1.126752 0.100000 0.718742 0.879032 0.461361 0.100000 0.193605 0.462776 0.245451 0.100000 0.583376 1.537035 0.349532 0.290750 0.383970 0.190815 0.431553 0.258034 0.674011 0.100000 0.127121 0.599791 0.374148 0.100000 1.070467 0.100000 0.200215 0.100000 0.192246 0.313168 0.172210 1.363456 1.174812 0.290360 0.576225 0.100000 0.800551 0.911037 0.594406 0.409573 0.140332 0.288389 0.100000 0.650041 0.100000 0.100000 0.207709 0.100000 0.924723 0.638025 1.204977 0.100000 1.046382 0.151695 
0.100000 0.100000 0.241619 0.100000 0.559685 0.100000 0.100000 0.332341 0.904941 0.464464 0.260663 0.374095 0.568540 0.708054 0.100000 0.100000 1.383820 0.433019 0.100000 1.245410 0.355846 0.100000 0.100000 0.974615 0.100000 0.100000 0.573325 0.404392 0.271497 0.569288 0.992638 1.441246 0.100000 0.887449 1.068188 0.882109 0.100000 0.100000 0.114558 0.100000 0.100000 0.638588 0.412138 1.229435 0.557268 0.225306 0.671552 0.407096 0.660295 0.929524 1.309599 0.239058 0.937894 0.469556 1.558654 1.300424 0.923768 1.214756 0.857266 1.161743 0.608440 0.100000 0.100000 0.729988 0.100000 0.774156 0.284960 0.620870 0.283128 1.190739 0.624075 0.100000 1.381899 
0.176425 0.100000 0.204651 0.474853 1.203780 0.100000 0.100000 0.100000 1.319838 1.249633 0.100000 0.385742 0.575713 0.496065 0.890063 0.439853 0.599810 0.292597 0.700750 0.414467 0.459229 0.421169 0.140403 0.435322 0.100000 0.374487 0.100000 0.100000 1.126441 1.254503 0.864194 1.238518 0.355154 0.557458 0.344876 0.100000 0.100000 0.621698 0.429850 0.100000 0.676533 1.007101 1.039592 0.776187 0.100000 0.477667 0.441969 0.100000 0.829379 0.566721 1.189524 0.100000 1.009663 1.177093 0.100000 0.100000 0.666626 0.336429 0.333840 1.114154 0.100000 0.458714 0.100000 1.197147 0.867994 0.541282 0.723820 0.552805 1.071162 0.668483 0.513531 0.160600 0.834559 
0.100000 0.621472 1.153053 0.888011 0.157129 0.193106 0.529143 0.495871 0.358302 0.567934 0.134016 0.614741 0.262935 0.696124 0.554518 0.598040 0.398618 0.502544 0.257475 0.572503 0.438447 0.148057 2.154631 0.162913 0.100000 0.100000 0.100000 0.318294 1.030176 1.520473 0.538336 0.100000 0.337536 0.100000 0.100000 0.100000 0.601446 0.100000 0.799602 0.430870 0.227230 0.547930 1.164362 0.605269 0.953450 0.414211 0.363206 0.647231 1.193627 0.669911 1.052153 0.653851 0.100000 1.134378 0.100000 1.202934 0.100000 0.822885 0.759063 0.657091 0.196368 0.100000 0.424363 0.165760 0.285400 0.307318 1.641341 0.100000 0.819621 0.100000 1.001715 0.121157 0.100000 
1.646026 0.100000 1.371017 0.557507 0.777609 0.100000 0.194599 0.948910 0.421170 0.539923 0.564145 0.158584 0.364674 1.252220 0.578896 0.156789 0.100000 0.100000 0.739842 1.030104 0.100000 0.100000 1.223425 1.797022 1.214205 0.794818 0.937941 0.100000 0.701977 0.100000 0.138736 0.486594 1.229325 0.976979 0.240702 0.257538 0.100000 0.543810 0.238995 0.311741 0.100000 0.568278 0.100000 1.043288 1.155503 0.880844 1.285419 0.409887 0.780543 0.666938 0.583102 1.370124 0.963406 0.193484 0.100000 1.041834 0.775935 0.638201 0.910384 0.411237 0.595388 0.767571 0.921344 0.100000 0.679158 0.100000 0.100000 0.554738 0.235430 0.100000 0.562743 1.040362 1.521907 
0.100000 0.842148 0.100000 0.100000 0.711003 0.335767 0.760209 0.815286 0.530851 1.178893 0.443241 0.975434 0.175027 0.676507 0.193254 0.622332 0.325288 0.312960 0.100000 0.709572 0.992012 0.815528 0.100000 0.100000 1.141598 0.230072 0.176804 0.895243 0.413033 0.359986 0.314751 1.274689 0.100000 1.253610 0.100000 0.206966 1.320092 0.100000 0.831071 0.100000 0.100000 0.424640 1.290115 0.698389 0.770351 0.518146 0.251923 0.100000 0.593752 0.100000 0.798806 0.100000 0.603966 0.492227 0.100000 1.151733 0.545077 0.716045 0.636645 0.741692 1.123865 0.100000 0.100000 1.060518 0.100000 0.100000 0.100000 0.352632 0.732402 0.502840 0.278155 1.167981 1.290411 
0.869556 0.100000 0.898339 0.100000 0.201164 0.100000 0.105356 0.609004 0.610982 0.100000 0.100000 0.100000 0.188347 0.918517 0.248412 0.125042 0.356597 0.987310 1.111008 0.769000 0.310115 1.012680 0.960101 0.374321 0.644315 0.427500 0.100000 0.626029 0.464623 0.100000 0.100000 0.394259 0.487034 0.907287 0.100000 0.169075 0.721930 0.100000 0.456183 0.298883 0.809143 0.100000 0.778146 1.800396 0.185036 0.265749 0.705503 0.100000 1.106338 0.679772 0.235930 0.343804 0.100000 0.791171 0.100000 0.100000 0.100000 0.167723 1.474817 0.496167 0.742264 0.637450 0.100000 0.176850 0.185992 1.062432 1.465773 0.391133 0.344575 0.100000 0.100000 0.764864 0.100000 
0.162734 0.100000 0.100000 0.100000 0.100000 0.209039 0.100000 0.225154 0.100000 0.100000 0.100000 0.222506 1.600993 0.458194 0.100000 0.855687 0.100000 0.717653 0.100000 0.596012 2.150599 0.100000 0.447641 0.772487 0.128054 0.120850 0.100000 0.607823 0.853398 0.200239 0.100000 1.241062 0.100000 0.960664 0.323352 0.100000 0.768382 0.100000 0.100000 0.100000 0.764406 0.282977 1.248278 0.386265 0.802971 1.127574 0.185500 0.100000 0.356576 1.037874 1.392514 0.100514 0.100000 0.672666 0.915453 1.575376 0.563556 0.473744 0.424286 0.218995 0.100000 1.167276 0.207553 1.658215 0.572469 0.100000 1.579918 0.100000 0.437261 1.078863 0.969553 0.100000 0.503046 
0.100000 0.388995 1.622639 0.100000 1.198130 0.100000 1.186135 0.100000 0.339967 0.562747 0.100000 0.891694 0.100000 0.833356 0.100000 0.274267 0.429801 0.244766 0.537560 0.100000 1.195201 0.412653 0.100000 1.587650 0.365385 1.100668 0.162806 0.100000 0.104851 0.100000 0.400433 0.100000 0.249862 0.100000 0.130679 0.112789 0.705390 0.100000 0.201006 1.021418 0.100000 0.876677 1.370905 0.786290 0.989895 0.944589 1.013385 0.100000 0.471711 0.811567 0.650145 0.317533 0.119831 0.100000 0.267458 1.602294 0.161129 0.611408 0.590794 0.134814 0.664814 0.636466 1.328957 0.879251 0.129036 0.100000 1.302550 0.420119 0.350983 0.100000 0.100000 1.016003 0.491339 
