70 Number of operations
24 Number of workers
Standard production times
0.395487 0.532490 0.222502 0.307822 0.261232 0.472611 0.856732 0.348992 0.510849 0.592732 0.929213 0.391227 0.206876 0.575733 0.100000 0.623915 0.189126 0.198222 0.386496 0.383715 0.967043 0.350765 0.541102 0.253267 0.159032 0.456081 0.295062 0.100000 0.627160 0.519564 0.619080 0.716055 0.419631 0.380416 0.100000 0.410165 0.555420 0.278717 0.305743 0.100000 0.571778 0.269913 0.412373 0.663896 0.543813 0.237312 0.591981 0.366152 0.400966 0.541476 0.611755 0.607141 0.514341 0.395286 0.100000 0.249166 0.430479 0.769328 0.427803 0.599307 0.100000 0.665435 0.232499 0.665336 0.283636 0.157893 0.336602 0.575480 0.716322 0.403792 
Production times: workers row and ops columns
1.073903 0.751767 0.473246 0.325033 0.100000 1.772910 1.773480 0.100000 0.373925 0.182742 1.238853 0.104787 0.334125 1.271529 0.100000 0.824672 0.100000 0.100000 0.356295 0.747092 0.771953 0.590042 0.571066 0.100000 0.295228 0.637803 0.100000 0.215804 0.274062 0.296073 0.100000 0.750591 0.190512 0.104287 0.355512 0.800385 0.626661 0.100000 0.740694 0.100000 0.391731 0.287058 0.801972 0.560093 0.306345 0.212043 1.573139 0.100000 0.389603 0.628176 1.060707 0.441612 1.359001 0.343517 0.100000 0.818521 0.100000 1.063796 0.202552 0.904919 0.679614 1.254497 0.179304 0.780541 0.194998 1.015250 0.514728 0.393176 0.100000 0.691101 
0.486919 0.224154 0.858342 0.625918 0.819134 0.381391 1.054474 0.298645 0.322343 1.306523 1.193438 0.100000 0.921996 0.401690 0.719211 1.161821 0.638185 0.100000 0.100000 0.317053 0.874722 0.215017 0.327906 0.604503 0.730526 0.100000 1.030379 0.100000 0.950162 0.316842 1.383763 0.100000 0.273869 0.223928 0.344295 0.371048 0.842660 0.100000 0.926612 0.100000 0.100000 0.583026 0.264025 1.472332 0.269548 0.100000 0.230373 1.114502 1.127658 0.190287 0.435153 0.100000 0.884272 0.624536 0.100000 0.100000 0.100000 0.100000 0.941060 0.624098 0.354980 0.289039 0.510987 0.430806 0.151588 0.100000 0.100000 1.804361 0.857856 0.363453 
0.100000 0.930444 0.174574 0.100000 0.100000 0.100000 0.427050 0.678801 0.824063 0.100242 0.626444 0.178842 0.540354 0.100000 1.382311 0.174230 0.100000 0.100000 0.100000 0.173665 0.816362 0.934105 0.675189 0.164259 0.100000 0.100000 0.649617 0.100000 0.192732 0.464842 0.100000 0.790190 0.618824 0.676761 0.763324 0.100000 0.100000 0.357485 0.682247 0.100000 0.920092 0.587742 0.602534 0.100000 0.844185 0.122289 1.220195 0.100000 0.475220 0.485722 0.833082 0.819315 1.110972 0.726688 0.455184 0.470405 0.427679 0.988320 0.982458 0.100000 0.175319 0.447418 0.614665 1.797431 0.140492 0.426781 0.156291 1.712334 0.604106 1.420321 
0.541005 0.268249 0.100000 0.715079 0.100000 0.742687 0.100000 1.058397 1.396667 0.551668 1.488664 0.328927 0.100000 0.100000 0.837659 0.713606 0.818830 0.526111 0.628040 0.865227 0.806989 0.144228 1.084265 0.100000 0.152388 0.184203 0.100000 0.484812 1.742080 0.100000 0.824677 0.840861 0.218315 0.218833 0.100000 0.100000 0.100000 0.355879 0.185558 0.100000 0.235005 0.193825 0.156766 0.734422 0.100000 0.100000 1.207451 0.100000 0.914552 0.814739 1.748549 0.215078 0.354875 0.236298 0.408746 0.331511 0.246567 0.247221 0.100000 0.629185 0.100000 0.814241 0.100000 0.100000 0.159942 0.100000 0.427572 0.686791 0.793993 0.100000 
1.597986 0.854484 0.100000 1.334028 0.100000 1.329354 0.681992 0.296155 0.100000 1.334171 0.778685 0.100000 0.653504 0.270292 0.424851 0.532148 0.100000 0.100000 0.142702 1.242887 0.133653 0.382649 0.283352 0.718305 0.534314 0.100000 0.100000 0.100000 1.330755 0.528851 0.417767 0.281782 0.100000 1.020500 0.660159 0.731525 1.372724 0.100000 0.100000 0.100000 0.100000 0.688101 1.300627 0.850776 0.100000 0.100000 0.263660 0.171165 0.100000 0.692294 1.441335 1.561681 0.993190 0.135868 0.100000 0.692379 0.340108 0.587988 0.100000 0.570226 0.426194 0.318307 1.109314 1.797236 0.100000 0.100000 0.164723 1.270999 0.100000 1.352378 
0.275771 0.757815 0.100000 0.100000 0.757905 0.100000 0.889171 0.144145 0.542368 0.563212 0.661715 0.642587 0.750878 0.560722 0.532288 0.100000 0.100000 0.100000 1.351387 0.100000 0.405361 0.292323 1.065947 0.100000 0.100000 1.217132 0.830265 0.100000 0.870354 0.100000 0.100000 1.121698 0.572122 0.100000 0.100000 1.122380 0.709868 0.100000 0.414475 1.141377 0.621599 0.662171 0.100000 0.341439 0.583459 0.475619 0.100000 0.100000 0.100000 0.100000 0.380771 1.013964 0.747561 0.614084 0.100000 0.756557 0.603934 1.037941 0.314940 0.265787 0.238228 1.097437 0.905187 2.760476 0.100000 0.100000 0.287487 0.337812 0.491803 0.257695 
0.100000 0.450965 0.536915 0.100000 0.100000 0.440279 1.101096 0.212655 0.579489 0.806130 1.464905 0.100000 0.717587 1.097813 0.491089 0.320744 0.100000 0.567230 1.570290 0.467683 0.928089 0.572326 0.654688 0.288152 0.603823 1.036525 0.766066 0.100000 1.185227 0.331267 0.574528 0.525039 0.895094 0.381952 0.100000 0.100000 1.054647 0.504782 0.100000 0.100000 0.465232 0.100000 0.630000 1.020756 0.547941 1.076184 0.128890 0.577862 1.352392 0.713630 0.611938 0.211350 1.024412 0.203047 0.561022 0.142602 1.192294 1.032118 0.100000 1.537609 0.396356 0.686998 0.405924 1.072547 0.100000 0.161636 0.429718 0.134904 0.959513 0.100000 
0.459483 0.100000 0.352224 0.610943 0.100000 1.371873 1.611587 0.562502 0.643903 0.881787 0.100000 0.100000 0.100000 0.890019 0.100000 1.123291 0.524166 0.678593 0.100000 0.100000 1.560600 0.100000 0.796356 1.432091 0.100000 0.232673 0.100000 0.776608 0.389064 0.100000 0.491843 0.587251 0.717157 0.100000 0.100000 0.363719 0.575252 0.100000 0.100000 0.100000 0.100000 0.100000 0.432181 0.950845 0.138085 0.610259 0.100000 0.727983 1.142003 0.105255 0.623332 0.711735 0.755607 1.062619 0.100000 0.356893 0.546711 0.100000 1.181163 0.423296 0.284376 0.100000 0.100000 0.957598 0.215635 0.100000 0.284022 0.100000 0.606909 0.100000 
1.044612 0.100000 0.100000 1.160043 0.513451 0.876887 0.717282 0.152885 0.100000 1.045907 0.555606 0.100000 0.814300 1.729765 0.100000 0.510496 0.100000 0.712604 0.910530 0.100000 0.674096 0.146201 1.030134 0.100000 0.728220 0.100000 0.100000 0.805155 1.042783 0.865065 0.818544 0.697302 0.602438 0.155194 1.007861 0.100000 0.100000 0.100000 0.100000 0.154384 0.368413 0.414939 0.100000 1.230207 0.301348 0.100000 0.597011 0.100000 0.100000 0.106414 0.360095 0.944331 0.474315 0.100000 0.164997 0.123330 0.100000 1.307392 0.667327 1.492784 0.100000 0.111142 0.363507 0.872506 0.100000 0.100000 0.100000 1.024678 0.998662 0.100000 
0.808371 0.165022 0.100000 0.100000 0.236824 1.089749 1.128337 0.491776 0.412019 0.916071 0.843026 0.100000 0.323192 0.555195 0.728598 1.052740 0.814084 0.873089 0.100000 0.141184 0.393908 0.100000 0.784294 0.100000 0.100000 1.128683 0.100000 0.425217 0.551166 0.905060 0.750183 0.375501 0.100000 0.100000 0.660715 1.413181 1.691374 0.100000 0.100000 0.100000 0.780554 0.430877 0.992069 0.588079 1.653113 0.100000 1.216160 1.188077 0.683237 0.401862 1.138347 0.427323 1.682797 0.814564 0.169973 0.320354 1.553345 0.302352 0.684360 0.100000 0.999303 0.357945 0.100000 0.259655 0.100000 0.100000 0.675688 0.636362 0.444258 0.994826 
0.100000 0.693740 0.100000 0.405076 0.100000 0.100000 0.962777 0.100000 0.800153 0.100000 1.502084 0.100000 0.173277 1.375125 0.185853 0.603979 0.100000 0.547128 0.889748 0.100000 1.144685 0.100000 1.138406 0.645724 0.100000 0.508144 0.173554 0.100000 1.268160 0.100000 1.633461 0.422509 0.337044 0.544474 1.005277 0.100000 0.899668 0.100000 0.100000 0.720665 0.503734 0.465774 0.100000 1.103317 0.100000 0.100000 0.618888 0.534616 0.386877 0.676480 0.278167 0.535105 1.365304 0.100000 0.100000 0.100000 0.278548 0.943647 0.100000 1.061261 0.235576 1.184480 1.148130 0.762119 1.167711 0.515081 1.167727 0.536024 0.495940 0.368848 
0.100000 0.100000 0.100000 0.307238 1.264322 0.166510 1.515230 0.100000 0.384111 0.100000 1.080158 0.100000 0.100000 0.326478 0.288852 0.957843 0.429217 0.245816 0.472374 0.309543 1.096713 0.586170 0.100000 0.100000 0.681970 0.604895 0.100000 0.100000 0.924981 1.305713 0.248458 1.397452 0.163116 0.953365 0.100000 0.100000 0.642304 0.100000 0.287236 0.178319 0.887664 0.215408 0.100000 0.842686 1.140941 0.259857 0.639414 0.100000 1.120362 0.693320 0.464785 0.793272 0.477954 0.639607 0.100000 1.499849 0.100000 0.100000 0.451586 0.502194 0.349131 0.882468 0.100000 0.617494 0.579368 0.100000 0.602176 1.349939 0.542270 0.100000 
0.277414 0.920694 0.343836 0.651333 0.100000 0.628145 0.450433 0.999464 0.756525 0.859944 1.331079 0.669254 0.100000 0.420739 0.855820 0.429581 0.688162 0.100000 1.261438 0.688418 1.085765 0.525395 0.319703 0.100000 0.246894 0.278674 0.441281 0.414441 1.000939 0.666171 0.277671 1.142313 0.934447 0.123781 0.799721 0.601407 0.519830 0.846210 0.100000 0.100000 1.395970 0.626760 0.155698 1.128146 0.100000 1.034032 0.100000 0.134667 1.150977 0.129994 1.096367 0.873734 0.100000 0.769423 0.394566 0.592804 0.807452 0.389654 0.548022 1.145872 0.462441 0.813849 0.494251 0.986869 0.805832 0.100000 0.311334 1.100626 0.980417 1.153972 
0.181497 0.473040 0.100000 0.170821 0.276913 0.455717 0.100000 0.661920 0.681929 0.100000 0.607135 0.100000 0.361091 0.100000 0.100000 0.791838 0.470206 0.783037 0.100000 0.185111 0.258487 0.658249 0.351665 0.225303 1.058915 0.100000 1.011542 0.100000 1.225720 0.332694 0.100000 1.148619 0.151764 0.617795 0.448821 0.173421 1.230082 0.437168 0.100000 0.222737 0.767867 0.100000 0.100000 0.226017 0.442085 0.216615 0.528610 0.333064 0.506448 0.230850 1.355812 1.475600 0.514344 0.100000 0.345112 0.117813 1.205137 1.492129 1.377318 0.647753 0.750671 0.255053 0.320948 0.755666 0.100000 0.100000 0.245227 0.915395 0.585104 0.792874 
0.268057 0.298410 0.920759 0.100000 0.100000 0.100000 0.504369 0.100000 0.900214 0.767938 0.940263 0.100000 0.487279 0.100000 0.100000 0.208858 0.100000 0.262331 0.100000 0.571801 1.700073 0.654066 0.572366 0.148391 1.192992 0.529436 0.119394 0.728453 1.153256 0.100000 0.100000 0.479567 0.617004 0.977171 0.528687 0.812557 0.330316 0.100000 0.791058 0.100000 0.983685 0.429500 0.109140 0.705757 0.952039 0.303854 0.100000 0.875295 0.789699 0.307661 0.171770 0.297803 0.609075 0.399724 0.450146 0.822300 0.303575 0.100000 0.100000 0.779941 0.201194 0.915970 0.229076 0.290396 0.595265 0.100000 0.150411 0.674531 0.963629 0.703333 
0.100000 0.610843 0.183130 0.100000 0.461882 0.100000 1.029038 0.536489 0.599634 0.100000 0.714976 0.379876 0.100000 0.653894 0.100000 0.904118 0.100000 0.100000 0.351573 0.367348 0.251930 0.326211 0.678218 0.829092 0.685143 0.484364 0.531398 0.100000 0.708578 0.289203 0.314873 1.128877 0.331575 0.100000 0.272232 0.100000 1.124791 0.684085 0.100000 1.064998 0.730612 0.224110 0.751406 0.499042 0.100000 0.100000 1.190510 0.492141 0.227434 0.100000 0.780772 0.609607 1.070018 0.100000 0.178655 1.053318 1.599006 0.838516 0.553490 0.217726 0.543955 1.320417 0.100000 2.093830 0.130714 0.530055 0.100000 0.100000 0.100000 0.441438 
0.322690 0.631841 0.100000 0.646643 0.125296 1.593100 1.061233 0.568333 0.219800 0.406462 0.983573 0.832963 0.100000 0.753388 0.100000 0.409762 0.100000 0.580286 1.054621 0.111978 0.665337 0.365412 0.714100 0.100000 0.795715 0.100000 0.100000 0.100000 0.311382 0.910523 0.544967 0.742937 0.100000 0.364032 0.477838 0.100000 0.514618 0.113458 0.595124 0.100000 0.471282 0.468825 0.817706 0.100000 1.191061 0.500500 0.652558 0.626897 0.811970 0.687257 0.259619 0.558148 0.100000 0.408250 0.272906 0.181966 0.224875 1.290280 1.226746 0.490382 0.100000 0.658818 0.110907 0.100000 0.520587 0.100000 0.100000 2.013169 1.838685 0.725425 
0.100000 0.646132 0.405465 0.874839 0.514160 0.900162 1.437669 0.629828 0.697748 1.649740 1.524749 0.471021 0.100000 0.439706 0.202356 0.902836 0.707461 0.710710 0.391997 0.100000 1.022956 1.156930 0.908730 0.100000 0.535639 0.264511 0.717669 0.230548 0.572600 0.259131 0.642260 0.262917 0.486017 0.100000 0.100000 0.100000 0.100000 0.148057 0.535465 0.239204 0.427698 0.122790 0.100000 0.220886 0.997192 0.100000 0.956661 0.313439 0.100000 1.295213 0.629394 0.100000 0.191226 1.119296 0.100000 0.192015 0.642599 0.167249 0.180222 1.303336 0.100000 0.100000 0.100000 0.251062 0.100000 0.100000 0.471087 0.426926 0.776105 0.113497 
0.100000 0.826567 0.100000 0.100000 0.273824 0.100000 0.797908 1.251820 0.220933 1.337286 0.867098 0.100000 0.100000 0.628681 0.100000 0.617758 0.100000 0.624793 0.298032 0.176066 1.054855 0.810442 0.100000 0.100000 0.100000 1.000903 0.100000 0.342024 0.214442 0.911923 0.624213 0.929990 0.543988 0.161612 0.100000 0.421167 0.376605 0.100000 1.002545 0.100000 0.683118 0.458065 0.744009 1.317701 0.100000 0.257633 0.701116 0.522918 0.886196 1.244303 0.802681 0.100000 0.100000 0.100000 0.100000 0.143136 0.342326 0.100000 0.182567 0.803133 0.689481 1.379703 0.257929 0.100000 0.100000 0.248225 0.313318 1.050295 0.570324 0.148393 
1.075422 0.816005 0.299439 0.100000 1.037053 0.100000 1.286457 1.349225 0.248268 0.605184 0.791392 0.420285 0.451666 0.759436 0.307471 0.266384 0.559687 0.246662 0.279934 0.596325 0.471121 0.100000 0.851770 0.609100 0.100000 0.972446 0.172011 0.100000 0.147781 0.100000 1.436718 1.214443 1.276604 0.518576 0.100000 0.549563 0.520001 0.461623 1.038206 0.100000 1.240318 0.100000 0.251542 0.100000 0.639746 0.865054 0.416922 1.115413 1.153933 0.100000 0.725707 0.100000 0.500484 0.585245 0.100000 0.100000 0.473335 0.540812 0.100000 0.100000 0.100000 0.869542 0.100000 0.100000 0.185212 0.100000 0.100000 0.978790 0.432588 0.100000 
0.125311 1.247858 0.276184 0.153237 0.224642 0.429744 1.584512 0.100000 0.683581 0.618892 0.107252 0.609163 0.566778 0.499826 0.100000 0.839952 0.569270 0.100000 0.100000 0.451843 1.150885 0.329125 0.605303 0.112195 0.100000 1.118273 0.100000 0.415827 0.328541 0.350958 0.175556 1.192098 0.537871 0.100000 0.100000 0.565794 0.618759 0.100000 0.100000 0.370647 0.740992 1.321442 0.559010 1.426569 0.100000 0.100000 1.163204 0.100000 0.497507 0.447567 0.808966 0.100000 0.100000 0.483898 0.543203 0.611046 0.197497 1.221582 0.100000 0.100000 1.341216 0.406751 0.100000 1.302705 0.100000 0.100000 0.638579 0.587624 0.901115 0.722775 
0.452153 0.988595 0.741806 0.941137 1.414880 0.755542 0.661567 0.507614 0.425700 0.100000 0.666012 0.100000 0.100000 0.766446 0.100000 0.535610 0.211355 0.179370 0.950581 0.690124 0.823848 0.732626 1.305976 0.100000 0.486099 0.195710 0.168326 0.100000 0.478047 0.130624 0.100000 0.765706 0.443158 0.193445 0.463288 0.100000 0.100000 0.100000 0.100000 0.208303 1.330043 0.537243 1.532784 0.861920 0.752930 0.562161 1.023375 0.345396 0.525407 0.985551 0.297469 1.050512 1.237561 0.450141 0.100000 0.936781 0.100000 0.654033 0.705248 0.991390 0.100000 0.100000 0.100000 0.100000 0.100000 0.100000 0.106456 0.927293 0.269086 0.100000 
0.658015 1.170645 0.993020 0.100000 0.545958 0.100000 1.339032 0.100000 1.265241 0.585418 1.310851 0.136567 0.566313 0.544532 0.256237 0.100000 0.100000 0.100000 0.667599 0.718626 0.615872 0.217491 1.290364 0.100000 0.100000 0.960741 0.349412 0.100000 0.753127 0.187296 0.324983 1.414623 1.174148 0.310018 0.100000 0.864265 0.101156 0.100000 0.512952 0.100000 0.484335 0.100000 0.100000 0.589359 0.725995 0.100000 0.620949 0.100000 1.548723 0.100000 0.503539 0.100000 0.396106 0.271942 0.546204 0.611735 0.611371 0.695180 0.510572 0.954459 0.245444 0.746379 1.337237 0.700406 0.481036 0.100000 0.376090 0.555131 0.208132 0.633204 
0.100000 0.850822 0.294204 0.238315 1.247007 0.100000 0.490496 0.699688 0.468462 0.281310 1.856463 1.205905 0.685298 1.011067 0.100000 0.928683 0.100000 0.100000 0.100000 0.100000 1.944057 0.135217 0.874684 0.533747 0.100000 0.559447 0.387703 0.100000 0.852515 0.466771 1.061367 0.630582 0.501095 0.100000 0.100000 1.133828 0.689876 0.100000 0.113024 0.550790 0.100000 0.235259 1.514630 0.953116 0.634350 0.436200 0.901983 0.100000 0.968568 0.961348 0.652531 0.443365 0.300702 0.100000 0.100000 0.206224 1.215745 0.303400 0.599219 1.479574 0.100000 0.366130 0.268590 1.320659 0.100000 0.721351 0.913531 0.272773 1.205756 0.100000 
