77 Number of operations
24 Number of workers
Standard production times
0.395487 0.532490 0.222502 0.307822 0.261232 0.472611 0.856732 0.348992 0.510849 0.592732 0.929213 0.391227 0.206876 0.575733 0.100000 0.623915 0.189126 0.198222 0.386496 0.383715 0.967043 0.350765 0.541102 0.253267 0.159032 0.456081 0.295062 0.100000 0.627160 0.519564 0.619080 0.716055 0.419631 0.380416 0.100000 0.410165 0.555420 0.278717 0.305743 0.100000 0.571778 0.269913 0.412373 0.663896 0.543813 0.237312 0.591981 0.366152 0.400966 0.541476 0.611755 0.607141 0.514341 0.395286 0.100000 0.249166 0.430479 0.769328 0.427803 0.599307 0.100000 0.665435 0.232499 0.665336 0.283636 0.157893 0.336602 0.575480 0.716322 0.403792 0.756102 0.159809 0.168989 0.100000 0.420959 0.465930 0.486587 
Production times: workers row and ops columns
0.522736 1.228286 0.100000 0.508578 0.100000 0.118736 0.826531 0.712370 0.315758 0.832009 0.959177 0.100000 0.343072 0.757455 0.100000 0.739719 0.100000 0.100000 0.100000 0.418251 0.737924 0.100000 0.796614 0.643488 0.230273 0.196879 0.730013 0.100000 0.447113 0.536709 1.008678 0.612251 0.182163 0.355147 1.081158 0.100000 0.544058 0.365417 0.754695 0.100000 1.416438 0.218144 0.100000 1.233251 0.150429 0.531779 0.366730 0.671764 0.980579 1.130537 0.558560 0.722347 0.425703 1.252644 0.278127 0.100000 0.100000 1.056637 0.519235 0.290972 0.735840 0.983532 0.790402 0.574116 0.481379 0.107546 0.148096 1.289270 0.980546 0.100000 1.471221 0.100000 0.788200 0.637906 0.870017 0.100000 0.131954 
0.328825 0.440168 0.100000 0.100000 0.612467 1.044105 0.469471 1.084309 0.250549 0.915735 0.726491 1.155910 0.100000 0.429971 0.100000 0.868210 0.150009 0.485461 0.100000 1.004584 0.308187 0.100000 0.854216 0.104919 0.967468 0.181816 0.100000 0.100000 1.375510 1.246256 0.267891 0.539453 0.100000 0.750347 0.329250 0.100000 0.100000 0.100000 0.100000 0.613256 0.596570 0.524893 0.100000 0.942385 0.309283 0.105263 0.199998 0.100000 1.629847 0.683010 0.571416 0.100000 0.912296 0.347358 0.100000 0.100000 0.100000 0.339647 0.757611 0.912521 0.100000 0.362665 0.100000 0.998814 0.100000 1.440203 0.100000 0.100000 0.597725 0.100000 0.546051 0.100000 0.752329 0.234087 0.331951 0.297412 0.100000 
0.750042 0.100000 0.100000 0.253099 0.100000 0.546746 1.055924 0.645337 1.174173 0.233757 0.100000 0.469996 0.583380 0.276790 0.448314 0.941744 0.379287 0.100000 0.686868 0.268693 1.595258 0.100000 0.615356 0.197514 0.380359 0.668254 0.891694 0.431403 0.982344 0.740803 0.616281 0.935047 0.974286 0.100000 0.175319 0.192149 0.937586 1.410811 0.162600 0.368888 0.391467 1.406767 0.300158 1.680425 0.689331 0.100000 0.100000 0.773410 0.100000 0.811551 0.100000 1.316546 1.400159 0.354222 0.659451 0.186866 0.100000 0.259905 1.165462 0.688998 0.729703 0.993324 0.474043 1.146848 0.123582 0.100000 0.879765 0.392190 0.709678 0.131914 0.100000 0.544621 1.283909 0.100000 0.626556 0.590737 0.285270 
0.233904 0.455967 0.100000 0.100000 0.338394 0.352426 0.639510 0.100000 0.434761 0.337125 0.999740 0.100000 0.100000 1.191203 0.100000 1.137501 0.462389 1.335016 0.100000 0.224248 0.808055 0.659511 0.623447 0.100000 0.100000 0.100000 0.324940 0.100000 0.775966 0.100000 0.100000 0.592361 0.318900 0.471386 0.211311 0.487837 0.100000 1.481216 0.627738 0.100000 1.597985 0.100000 1.269116 0.489157 0.490976 0.100000 1.333419 0.215623 0.100000 0.988103 0.306315 0.931992 0.422574 0.205236 0.100000 0.100000 1.289651 0.100000 0.459687 0.341556 0.565038 1.040717 0.100000 0.100000 0.100000 0.861488 0.345889 0.374166 0.282049 0.100000 1.396185 0.719968 0.490348 0.917304 0.100000 0.223552 0.100000 
0.100000 0.950678 1.110756 0.494702 0.100000 0.100000 0.528411 0.154006 0.100000 0.743551 1.758793 1.345767 0.685725 0.316315 0.100000 1.067128 0.100000 0.100000 0.100000 0.354634 1.293237 0.100000 1.417918 1.385167 0.100000 0.100000 0.123184 0.795520 0.100000 1.468149 0.499364 0.941380 0.100000 0.100000 0.596673 0.100000 0.587860 0.100000 0.337263 0.100000 0.304280 0.521272 0.956375 0.648886 0.976101 0.100000 0.100000 0.151559 1.365858 0.100000 0.100000 0.548699 1.039186 0.100000 0.100000 1.010217 0.965682 0.741594 0.670998 0.100000 0.100000 1.071077 0.384990 0.100000 0.100000 0.870108 0.491050 0.285746 0.825053 1.445170 0.805923 0.552067 0.100000 0.100000 0.460605 0.704237 0.100000 
0.100000 0.100000 0.100000 0.100000 0.668054 0.705831 1.075530 0.100000 1.018240 0.766188 1.197826 0.278364 0.100000 0.713961 0.532003 1.296603 2.284267 0.100000 0.221018 0.334600 0.729375 0.126246 0.395005 0.100000 0.100000 0.770494 0.100000 0.100000 0.594828 0.763929 0.482743 0.784696 0.633029 0.916108 0.100000 0.920876 1.077500 0.669806 0.100000 0.100000 0.940787 1.453707 0.496342 0.624942 0.765374 0.350897 0.626865 0.810943 0.981410 1.012479 0.509914 1.165209 0.326044 0.350733 0.100000 0.724629 0.432015 0.756540 0.100000 1.098534 0.326065 0.100000 0.100000 0.558789 0.100000 0.375519 0.693461 0.579608 1.555194 0.100000 0.967812 1.111235 0.341143 0.100183 0.100000 0.976001 0.294348 
0.856509 0.425926 0.984317 0.570611 0.100000 1.410914 1.153087 0.370555 0.684273 0.999943 0.467173 0.394971 0.299992 0.135157 0.343192 0.100000 0.253123 0.100000 0.516218 0.686836 0.663610 1.250027 1.295957 0.466777 0.292086 0.745135 0.100000 0.100000 0.194601 0.833850 0.191190 1.215431 0.754671 0.860787 0.100000 0.120830 1.148977 0.100000 0.560998 1.278824 0.425100 0.100000 0.100000 1.340504 0.305717 0.100000 0.464743 0.237348 0.698492 0.100000 0.244912 0.560696 0.534173 0.207722 0.100000 0.100000 0.100000 0.100000 0.447611 0.886255 0.100000 1.038382 0.100000 1.027167 1.024673 0.100000 0.348179 0.680073 0.957588 1.071126 0.518993 0.267536 0.285221 0.100000 1.174318 0.289920 0.670963 
0.100000 0.299984 0.514764 0.239820 0.100000 0.420032 0.205058 0.239580 0.100000 1.241857 0.100000 0.100000 1.059097 0.827952 0.504276 0.484466 0.100000 0.100000 0.839670 0.100000 0.176138 0.958189 1.695134 0.100000 0.100000 0.304437 0.809444 0.624034 0.132807 0.226617 0.414516 1.205087 0.100000 0.949604 0.100000 0.100000 1.260575 0.694340 0.651244 0.299464 0.553026 0.452719 0.187151 1.571757 0.100000 0.100000 0.100000 0.100000 0.455350 0.338110 0.756782 0.100000 1.080651 0.152821 0.100000 0.254196 0.100000 0.247264 0.100000 0.347647 0.437189 0.625409 0.100000 0.730333 0.157801 0.100000 0.874666 0.815004 1.609799 0.100000 0.201809 0.290817 0.376159 0.100000 0.353617 0.100000 0.935785 
0.677827 0.100000 0.635386 0.100000 0.100000 0.109449 0.832324 0.966130 0.782454 0.735516 0.830383 0.714566 0.120688 0.100000 0.216316 0.603378 0.817724 0.627046 1.011453 1.058582 0.675870 0.108234 0.100000 0.100000 0.402224 0.257910 0.100000 0.772602 0.100000 0.844781 0.543087 1.101551 0.550734 0.100000 0.100000 0.100000 1.116135 1.281733 1.441697 0.100000 0.100000 0.100000 0.621149 0.824860 1.123509 0.161495 1.701280 0.100000 1.025145 1.363401 0.894026 0.467528 1.040934 0.215467 1.268456 0.668444 0.500452 0.840516 1.550669 0.132330 0.356557 0.100000 1.131802 0.357846 0.100000 0.100000 0.102954 0.346332 1.055408 0.464675 0.484038 0.750842 0.100000 0.261250 0.100000 0.563185 0.100000 
0.100000 0.638535 0.100000 0.597126 0.100000 1.045482 0.505881 0.315394 1.310241 0.678585 0.909277 0.111831 0.555782 1.078985 0.100000 0.801557 0.100000 0.795526 0.778952 0.100000 1.019107 0.229257 0.100000 0.894268 0.100000 1.470462 0.100000 0.100000 0.791218 1.424841 0.100000 1.060303 0.100000 0.100000 0.720665 0.342121 0.751282 0.100000 0.745165 0.100000 0.187379 0.296820 0.580837 0.649808 0.678817 0.100000 0.519945 1.217115 0.100000 0.502874 0.136070 0.455210 0.688659 0.100000 0.561954 0.384742 0.949524 1.684959 0.524586 1.483382 0.457188 1.496560 0.193043 0.444954 0.248691 0.100000 0.100000 0.100000 0.715738 1.406883 0.450000 0.818307 0.100000 0.100000 0.100000 0.616875 0.100000 
0.232604 0.283235 0.411354 0.641749 0.501323 0.520206 0.942610 0.274820 0.640519 0.828137 0.100000 0.100000 0.729814 0.724547 0.100000 0.354749 0.486948 0.984370 0.100000 1.065112 0.710528 0.923714 0.100000 0.100000 0.245916 0.133539 0.276554 0.178319 0.943045 0.465060 0.298848 0.894844 1.016759 0.402962 0.147433 0.132506 1.274816 0.430561 0.158774 0.286131 0.535391 0.514233 0.100000 1.914579 0.100000 0.100000 0.615764 0.269039 0.650097 0.758509 0.217677 0.559300 0.810073 0.100000 0.365574 1.023625 0.256427 0.100000 0.309730 0.987512 0.221334 1.008946 0.100000 0.820870 0.100000 0.808364 0.582278 0.842691 1.118187 0.681819 0.350575 0.100000 0.924809 0.100000 0.919995 0.253128 1.361529 
0.700190 0.651211 0.397132 0.100000 0.100000 0.560473 0.679325 0.495211 0.825290 0.966512 1.075820 0.100000 0.633134 1.090548 0.100000 1.323636 0.380368 0.162631 0.953989 0.128347 0.394332 1.174957 0.897950 0.100000 0.623282 0.100000 1.091783 0.100000 0.395675 1.269575 0.207599 1.200667 0.686224 0.100000 0.474137 0.704732 0.899059 0.655690 0.100000 0.220219 1.118344 0.632354 0.560787 0.925648 0.865346 0.759508 0.373945 0.340883 0.926112 0.805571 1.361935 0.393151 0.454892 0.248076 0.100000 0.264848 0.413584 0.100000 0.740731 0.770387 0.100000 0.343357 0.100000 0.819551 0.100000 0.100000 0.504524 0.856559 1.301137 0.100000 0.557498 0.100000 0.476473 0.100000 0.392995 1.365814 0.100000 
1.111967 0.100000 0.821062 0.120951 0.100000 0.905175 0.588864 0.586372 0.859670 0.355988 1.603875 0.549678 0.100000 0.698470 0.296088 0.100000 0.100000 0.100000 0.284767 0.363019 0.903673 0.317678 0.646584 0.100000 0.903089 1.324539 0.295065 0.100000 0.872271 0.388212 1.393738 1.438856 1.369146 0.428862 0.750671 0.100000 0.643870 0.369047 0.100000 0.100000 0.480404 0.609828 0.281156 1.052978 0.416383 0.100000 1.290237 0.100000 0.102594 0.100000 0.259393 0.268378 0.903706 0.570491 0.111049 0.100000 0.710882 0.100000 0.246384 0.184250 0.100000 0.729544 0.100000 0.853422 1.016666 0.461194 0.367866 0.470603 1.750282 0.477147 0.580433 0.788262 0.695086 0.100000 0.100000 0.229442 0.683960 
0.992242 0.961177 0.624894 0.100000 0.100000 0.957926 0.498650 0.760899 0.670436 0.289499 0.971074 0.799453 0.273418 0.100000 0.609144 1.012648 0.100000 0.100000 0.100000 0.478449 0.971482 0.700911 1.114236 0.126364 0.100000 0.100000 0.475697 0.201194 0.877695 0.516142 0.244140 1.027684 0.305716 0.194225 0.199051 0.657473 0.854961 0.100000 0.384097 0.100000 0.100000 0.470563 0.100000 0.836203 0.731310 0.326097 0.100000 0.151914 0.389614 0.366411 0.689916 0.165581 0.794544 0.112918 0.100000 0.214243 0.414112 0.100000 0.403249 0.736423 0.675825 1.191546 0.260782 0.901671 0.100000 0.239311 0.106241 0.271273 1.129144 0.315736 0.292234 0.332041 0.100000 0.669370 0.826327 0.100000 1.451585 
0.554321 0.486687 0.561535 0.142967 0.100000 0.100000 1.455261 0.474982 0.337317 0.100000 1.098231 0.393693 0.762553 0.100000 0.178655 1.428067 1.357654 0.267409 0.512182 0.100000 1.410998 1.005747 0.364944 1.681761 0.100000 0.828243 0.100000 0.100000 0.100000 0.557210 0.546284 0.815406 0.100000 0.719238 0.100000 1.530654 0.759922 0.498058 0.100000 0.100000 0.626138 0.711649 0.235878 0.841552 0.100000 0.100000 0.136069 0.748216 1.069091 0.269738 0.310049 0.621789 0.687339 0.100000 0.736683 0.100000 0.223820 0.602676 0.112026 0.990266 0.100000 0.692317 0.100000 0.648952 0.661474 0.100000 0.295799 0.410221 1.005703 0.267540 0.655605 0.358722 0.574321 0.100000 1.068207 0.729118 0.547164 
0.656232 0.943494 0.368284 0.100000 0.212238 0.100000 0.869696 0.521899 0.443648 0.387128 1.450166 1.190170 0.100000 0.503844 0.100000 0.502324 0.100000 0.435173 0.100000 0.112128 2.404732 1.473129 0.862735 0.100000 0.272674 0.639044 0.862080 0.352928 1.054711 1.100502 0.899916 0.902954 1.476639 0.975952 0.179794 0.100000 0.419393 0.381072 0.584665 0.618335 1.084266 0.275414 0.100000 0.719809 1.349978 0.604939 0.100000 0.742759 0.209396 0.964082 0.742303 0.552582 0.253908 0.418466 0.100000 0.315552 0.100000 0.506770 0.100000 0.115973 0.100000 0.895156 0.371703 0.521256 0.136514 0.100000 0.100000 1.028859 0.100000 0.768473 0.703389 0.100000 0.922726 0.117639 0.100000 0.142816 1.210597 
0.100000 0.475339 0.434622 0.100000 0.100000 1.176640 0.170715 0.100000 0.100000 0.178458 0.631528 0.121664 0.341361 0.427179 0.159784 0.333620 0.100000 0.492299 0.100000 0.100000 0.979636 0.100000 0.482279 1.156095 0.100000 1.200635 0.232947 0.100000 0.471880 0.572513 0.378685 0.709898 0.133041 0.806988 0.100000 0.202516 0.643232 0.738394 0.100000 0.100000 0.255899 0.814735 0.100000 0.905921 0.131095 0.629670 0.597114 0.580087 0.525323 0.322672 0.400362 0.618143 0.335525 0.100000 0.796801 0.100000 0.541819 0.957481 0.759439 1.253111 0.100000 0.685756 0.341635 0.822102 0.768866 0.860720 0.527528 0.100000 0.264957 0.100000 0.100000 0.100000 0.100000 0.100000 0.175722 0.669756 1.076068 
1.109755 0.557919 0.100000 0.100000 0.351564 0.449328 1.331547 0.202995 0.255450 1.272667 1.212729 0.468164 0.100000 1.351554 0.100000 1.053640 1.189359 0.100000 0.398947 0.245893 0.996101 0.595555 0.724805 0.460738 0.100000 0.826642 0.343503 0.100000 0.839770 0.100000 0.100000 1.026723 0.775464 0.195448 0.616365 0.287114 0.298028 0.100000 0.100000 0.917638 1.070167 1.126885 0.550534 0.100000 0.683210 0.201893 0.774887 1.098614 0.100000 1.210016 0.100000 0.446310 0.100000 0.491219 0.727742 0.100000 1.179741 1.522296 0.100000 0.713259 0.100000 0.651578 0.422458 0.662363 0.100000 0.200749 0.108085 0.100000 0.100000 0.100000 0.960209 0.100000 0.100000 0.100000 0.100000 0.100000 0.889897 
0.111753 0.100000 0.100000 1.023190 0.314914 0.318027 0.820142 0.306125 1.238629 0.100000 1.101946 0.417387 0.100000 0.793669 0.459902 0.548008 0.100000 0.414259 0.766639 0.100000 0.551955 0.418893 0.724944 0.231628 0.223233 0.315008 0.100000 0.762192 0.120788 0.835392 0.320462 0.547449 0.100000 0.856459 0.218239 0.100000 0.100000 0.434346 0.369082 0.100000 0.100000 0.540560 0.581587 1.715426 0.690450 0.999984 0.100000 0.193555 0.972189 0.260383 0.708296 0.513233 0.711552 0.100000 0.100000 0.337778 0.873682 1.131209 0.194822 1.051561 0.100000 0.100000 1.473715 0.406652 0.100000 0.795261 0.100000 0.265880 1.018299 0.415937 0.940895 0.478792 0.225655 0.556105 0.940263 1.099245 1.640235 
0.678418 0.337325 0.381123 0.222673 0.100000 0.209410 0.100000 0.100000 0.701562 0.100000 0.840908 0.413456 0.188024 1.139818 0.406409 0.480720 0.570987 0.963096 0.100000 0.710782 0.706672 0.224029 0.100000 0.104154 0.100000 0.100000 0.344713 0.123527 0.440189 0.882852 0.100960 0.206703 0.100000 0.163492 0.208303 1.168430 0.822751 1.399128 0.503767 0.309117 0.896627 0.701307 0.391618 0.788337 0.987888 0.100000 1.035351 1.089372 0.455821 0.211197 1.299370 0.142148 0.399046 0.672730 0.492083 0.100000 0.100000 0.529974 0.100000 0.100000 0.100000 0.435289 0.584312 0.218101 0.100000 0.420421 0.974757 1.345997 0.100000 0.688519 0.167581 0.642109 0.100000 0.854392 0.413644 0.847568 0.231926 
0.754924 0.501289 0.378739 0.100000 0.169536 0.250733 1.137836 0.683903 0.159678 0.459458 1.678475 0.100000 0.100000 1.080393 0.154350 0.588044 0.315094 0.100000 0.100000 1.082283 1.721560 0.280367 0.320633 0.707367 0.100000 0.100000 0.502271 0.100000 0.539717 0.263107 0.100000 0.641518 0.601813 0.100000 0.128968 0.100000 1.703177 0.100000 0.197528 0.100000 0.453543 0.146568 0.858577 1.026465 0.724705 0.163163 0.674750 0.721304 0.546410 0.622420 1.716493 0.642211 0.711740 0.100000 0.139489 0.228817 0.100000 0.998740 0.100000 0.917639 0.171702 0.595928 1.218274 0.100000 0.100000 0.508588 0.294215 0.264058 1.643571 1.218471 1.234524 0.595143 0.124377 0.404768 0.138499 0.100000 0.100000 
0.100000 1.509503 0.100000 0.641403 0.541712 0.188787 0.960098 0.441633 0.303482 0.818087 0.876421 0.833514 0.121403 0.657197 0.100000 0.120466 0.912789 0.332678 0.100000 0.190996 1.417833 0.100000 0.506449 1.355524 0.448252 0.546618 0.493950 0.410002 0.100000 1.087166 1.038953 0.756831 0.255855 0.166777 0.100000 0.100000 0.512479 1.063982 0.100000 0.271416 1.452045 0.100000 0.113068 0.699987 1.199136 0.100000 1.155439 0.943081 0.100000 1.030910 0.100000 0.826278 0.336322 0.100000 0.616790 0.391911 0.500616 0.572884 0.100000 0.571732 0.137578 0.404117 0.100000 1.198807 0.100000 0.448458 0.571298 1.098759 2.232772 0.133466 1.397461 0.100000 0.100000 0.100000 0.345867 0.266566 0.571651 
0.574645 1.002422 0.100000 0.595131 0.581440 0.705375 0.503693 0.100000 0.100000 0.720204 0.516686 0.721452 0.100000 1.176952 0.100000 1.198355 0.559830 0.100000 0.100000 0.100000 0.602886 0.100000 0.901272 0.100000 0.100000 0.747507 0.100000 0.100000 1.145980 0.100000 1.282934 0.460315 0.864768 0.100000 0.100000 1.396763 0.100000 0.623115 0.100000 0.100000 0.100000 0.317627 0.167447 0.100000 0.469920 0.721276 0.115213 0.311863 0.591309 0.893352 0.619421 0.292412 0.661128 0.522795 0.594103 0.100000 0.100000 0.487224 1.139168 0.100000 0.100000 0.103698 0.100000 0.678408 0.191074 0.100000 0.379984 0.162394 0.748501 0.307427 0.430568 0.199646 0.100000 0.100000 0.100000 0.952804 0.389119 
0.371875 1.866821 0.100000 0.601097 0.432761 0.841983 1.341340 0.304463 0.859409 0.100000 0.548137 0.680191 0.100000 0.100000 0.613868 0.383294 0.100000 0.471414 0.333405 0.421852 0.396295 0.535973 0.112143 0.200856 0.100000 1.110501 0.644407 0.100000 0.206905 0.100000 0.782044 0.323741 0.828167 0.100000 0.100000 0.137508 1.432797 0.276162 0.100000 0.100000 0.370360 0.100000 1.577434 0.137377 0.715313 0.100000 1.533162 0.563312 0.394057 1.093321 0.822223 0.319842 1.279666 0.205924 0.846311 0.859773 0.842955 0.430983 1.099972 0.747319 0.135768 1.018682 0.211133 0.743685 0.120677 0.100000 0.100000 1.012191 1.315549 0.357823 0.280117 0.100000 0.100000 0.100000 1.081848 0.675024 0.405852 
