80 Number of operations
25 Number of workers
Standard production times
0.187487 0.578013 0.283868 0.419211 0.101121 0.254229 0.226486 0.320441 0.249337 0.304728 0.518519 0.787482 0.100000 0.396360 0.523094 0.531789 0.205336 0.328427 0.275347 0.195913 0.306625 0.363078 0.100000 0.704972 0.449588 0.511934 0.344984 0.281392 0.376041 0.100000 0.656768 0.516416 0.319132 0.287553 0.553501 0.246566 0.444346 0.785196 0.194237 0.495635 0.494989 0.399173 0.100000 0.553629 0.269327 0.584430 0.464039 0.257010 0.100000 0.707957 0.541747 0.236756 0.207113 0.360477 0.405297 0.147204 0.333048 0.191274 0.446840 0.272920 0.309261 0.392460 0.526404 0.428810 0.299372 0.361440 0.536008 0.151271 0.100000 0.615007 0.320894 0.310133 0.433629 0.430421 0.381786 0.560209 0.209027 0.493082 0.185625 0.551512 
Production times: workers row and ops columns
0.100000 0.100000 0.544106 0.715123 0.185862 0.376437 0.100000 0.567713 0.100000 0.458159 0.990578 0.829309 0.100000 0.112342 0.697800 0.383312 0.204456 0.458521 0.166247 0.751283 0.265189 0.100000 0.922573 0.711826 0.577746 0.405502 0.289333 0.559533 0.360431 0.671268 0.558132 1.338158 0.100000 0.267524 0.640230 0.678492 0.240486 0.956305 0.100000 0.578607 0.835445 1.070415 0.207380 0.215868 0.100000 0.100000 0.825389 0.204025 0.100000 0.352986 1.314988 0.107118 0.854844 0.391872 0.528761 0.427335 0.955768 0.100000 0.221856 0.100000 0.854061 0.434860 0.709206 0.100000 0.417377 0.309139 0.339638 1.397958 0.172723 0.486931 0.733431 0.521742 0.135586 0.100000 0.100000 1.814199 0.429020 0.100000 0.913447 1.117785 
0.458939 0.111710 0.100000 0.368681 0.100000 0.614948 0.263911 0.561870 0.100000 0.100000 0.226787 0.861431 0.100000 0.306692 0.100000 0.648614 0.100000 1.228823 0.961006 0.100000 1.094962 0.957456 0.100000 1.261775 0.371244 1.081584 0.501127 0.777436 0.100000 0.100000 0.100000 0.100000 0.100000 0.262207 1.457628 0.634792 0.777124 0.310535 0.299723 0.318674 0.884320 0.339669 0.100000 1.405352 0.100000 1.176958 0.934218 0.100000 0.100000 0.142064 0.100000 0.100000 0.193315 0.307930 0.292723 0.100000 1.106240 0.100000 0.134341 0.111656 0.100000 0.100000 0.100000 1.102716 0.450725 0.564293 0.160033 0.100000 0.100000 1.213530 0.100000 0.561148 0.159403 0.640044 0.297447 0.331514 0.496429 0.897853 0.286599 0.119661 
0.303268 0.294369 0.100000 0.550284 0.100000 0.100000 0.100000 1.366803 0.286702 0.687545 0.372067 0.179941 0.100000 0.963382 0.924066 0.551526 0.386517 0.100000 0.395378 0.100000 1.248223 0.125986 0.100000 0.234773 0.535843 0.723306 0.406015 0.100000 0.573245 0.100000 1.181177 0.100000 0.100000 0.100000 0.100000 0.100000 0.182499 0.459668 0.100000 0.831759 0.512140 1.059930 0.383147 0.866166 0.297229 0.408160 0.608843 0.464192 0.100000 0.996500 0.100000 0.100000 0.100000 0.100000 0.100000 0.100000 0.100000 0.100000 0.649515 0.778205 0.100000 0.472943 0.995464 0.100000 0.100000 1.144107 0.719205 0.667662 0.431718 1.082686 0.280238 0.382279 0.572447 0.454053 0.493167 0.310814 0.100000 1.041698 0.460428 0.911405 
0.390849 0.990243 1.093870 1.235354 0.100000 0.201992 0.226351 0.625911 0.939568 0.100000 0.100000 0.697344 0.100000 0.100000 0.542123 0.216024 0.100000 0.695515 0.193847 0.357413 0.405287 0.153231 0.100000 0.765291 0.934985 0.100000 0.586795 0.714044 0.279969 0.100000 0.100000 1.230925 0.352450 0.358761 0.576042 0.100000 0.100000 0.423028 0.871924 0.781384 0.316942 0.195537 0.553016 0.649045 0.100000 0.100000 0.718588 0.100000 0.100000 1.077340 0.482488 0.999603 0.600919 0.600053 0.100000 0.100000 0.100000 0.100000 0.348579 0.530887 1.156505 1.007676 0.105217 0.100000 0.100000 0.634445 1.874068 0.257006 0.405971 0.813995 0.100000 0.766643 0.528086 0.804889 0.679818 1.030129 0.205020 0.455253 0.100000 0.100000 
0.100000 1.556315 0.859752 0.116475 0.100000 0.718813 0.254191 0.100000 0.680529 0.294641 0.150571 1.440572 0.100000 0.310329 1.486594 0.100000 0.100000 0.100000 0.100000 0.100000 0.755243 0.845882 0.100000 0.100000 0.576974 0.848353 0.100000 0.375623 0.285213 0.132304 0.726916 0.158300 0.681555 0.100000 0.100000 0.152198 0.175267 1.993702 0.100000 1.438845 0.994763 0.858100 0.100000 0.497117 0.100000 0.446091 0.100000 0.488497 0.100000 0.100000 0.217723 0.100000 0.819385 0.579248 0.998455 0.100000 0.100000 0.100000 1.456487 0.100000 0.688148 0.894750 1.233123 0.167688 0.373016 1.079481 0.818097 0.100000 0.100000 1.581737 0.100000 1.022779 0.985266 0.365136 0.100000 1.012806 0.499295 0.389519 0.825169 0.736147 
0.379465 1.643309 0.349986 0.317642 0.100000 0.183385 0.100000 0.249348 0.100000 0.503603 0.741279 0.903979 0.100000 0.314683 0.398790 0.100000 0.100000 1.248562 0.646388 0.100000 0.527674 0.206788 0.365021 0.540436 0.618205 0.676803 0.100000 0.998029 0.435585 0.100000 0.718430 0.936808 0.690221 0.285547 0.991510 0.345243 0.228191 1.461382 0.100000 0.905638 0.365804 0.767575 0.661822 0.428911 0.463284 0.100000 1.082628 0.284433 0.100000 0.921315 0.932717 0.100000 0.810854 0.318095 0.474013 0.100000 0.100000 0.103087 0.199583 0.100000 0.100000 0.453674 1.191211 0.100000 0.100000 0.960630 0.718309 0.424154 0.386757 1.312370 1.004203 0.568079 0.100000 0.100000 0.279617 0.668296 0.100000 0.100000 0.806170 1.188891 
0.954357 1.440038 0.595167 0.793657 0.124198 0.165065 0.805861 0.714570 0.100000 0.718847 0.100000 0.828258 0.100000 0.524044 0.833940 1.030287 0.667290 0.100000 0.100000 0.100000 0.841746 0.293784 0.287310 0.100000 0.189872 0.497263 0.338524 0.100000 0.468981 0.355519 0.755416 0.342722 0.557728 0.130360 0.493867 0.258189 0.100000 1.919256 0.356196 0.748913 0.100000 0.100000 1.003430 1.121198 0.100000 1.006169 0.738827 0.770560 0.600115 0.318609 0.100000 0.584776 0.100000 1.051968 0.100000 0.100000 0.243271 0.100000 0.491762 0.805585 0.100000 0.405439 0.289726 0.376594 1.418607 0.503840 0.512735 0.100000 0.797074 1.019507 0.978591 1.237409 0.100000 0.415104 0.352615 0.957808 0.752197 0.178180 0.100000 1.333111 
0.100000 0.100000 0.142188 0.491822 0.747062 0.469813 0.111317 0.100000 0.100000 0.601571 0.878066 0.463778 0.100000 0.292514 0.104299 1.414376 0.599354 0.688907 0.100000 0.100000 0.426358 0.825316 0.100000 1.164711 0.691903 1.278047 0.192435 0.100000 0.467957 0.100000 0.100000 0.679825 0.297907 0.100000 0.160200 0.918337 0.100000 0.494340 0.100000 0.367679 0.100000 0.921205 0.100000 0.100000 0.100000 0.247464 0.675544 0.640840 0.490314 0.829920 0.264726 0.100000 0.748362 0.323174 0.806195 0.302723 0.100000 0.100000 0.100000 0.547797 0.386724 0.100000 0.934343 0.344812 0.100000 0.730273 0.629504 0.100000 0.100000 0.100000 0.707650 0.707997 1.317519 0.327506 0.100000 0.488771 0.107783 0.685469 0.449761 1.177962 
0.427046 1.051813 0.441324 1.105041 0.434229 0.100000 0.100000 0.112512 0.134151 0.639719 1.990832 0.465289 0.100000 0.504611 0.832126 0.751819 0.284005 1.543229 0.182590 0.100000 0.246911 0.188913 0.177361 1.022143 0.363825 0.385984 0.269964 1.211089 0.774950 0.100000 0.838049 0.617895 0.100000 0.496762 0.536498 0.100000 0.100000 1.470260 0.467338 0.243405 0.639129 0.241373 0.840917 0.252668 0.719144 0.845450 1.315140 0.451596 0.100000 0.100000 0.361675 0.635135 0.556063 0.602615 1.466361 0.100000 0.100000 0.100000 0.269587 0.677966 0.882346 0.733424 0.736518 1.142240 0.100000 0.100000 0.325585 0.100000 0.339361 0.639519 0.605151 0.399545 0.648202 0.390191 1.345226 1.152790 0.548094 0.180680 0.825389 0.249248 
0.892722 0.794829 0.100000 0.808216 0.586616 0.638003 0.100000 0.100000 0.675760 0.644804 0.646288 0.686487 0.413613 0.100000 0.519210 1.143527 0.100000 0.949901 0.100000 0.304554 0.749380 0.100000 0.366157 0.100000 0.100000 0.401591 0.100000 0.497155 0.100000 0.100000 0.640440 0.641169 0.993574 0.532142 0.892786 0.100000 0.153085 0.822717 0.589955 0.100000 1.195961 0.100000 0.100000 1.102786 0.315393 0.323702 0.891476 0.278889 0.100000 0.898752 1.320928 0.100000 0.100000 0.281234 0.936807 0.100000 0.772006 0.248023 0.828659 0.100000 0.100000 0.404855 0.765435 0.639893 0.100000 0.100000 0.516907 0.253155 0.660874 0.397871 0.100000 0.358131 0.628961 0.840028 0.100000 0.246249 0.439029 0.472929 0.723035 0.978251 
0.742323 0.854285 0.229800 0.100000 0.100000 0.100000 0.397047 0.100000 1.015703 0.713682 0.335385 0.700210 0.100000 0.225118 0.542369 1.227276 0.742731 0.390353 0.806585 0.100000 0.375782 0.100000 0.310215 0.255514 1.161098 0.370673 0.920848 0.552139 0.214290 0.100000 0.498751 1.027221 0.816130 0.862584 0.100000 1.136173 0.299559 0.143483 0.100000 0.125321 0.366620 0.637445 0.539030 0.436076 0.217386 0.220750 0.278901 0.453141 0.611022 0.233482 0.100000 0.366619 0.325840 0.100000 0.267418 0.295398 0.123053 0.761941 1.016315 0.227003 0.100000 0.684186 0.147590 1.008966 0.100000 0.431562 0.484214 0.100000 0.724798 1.542226 0.303989 0.618835 0.654154 1.344008 0.419445 0.100000 1.086312 1.058843 0.100000 1.167619 
0.100000 0.580582 0.523463 0.779024 0.416997 1.854067 1.099332 0.304346 0.708763 0.100000 1.164447 0.955798 0.100000 0.626324 0.355510 0.211185 0.100000 0.100000 0.544426 0.254476 0.551615 0.418193 0.100000 1.375329 0.604895 0.454787 0.526347 0.214099 0.784002 0.100000 1.637135 1.033039 0.423164 0.156355 1.479915 0.287595 0.798686 0.449468 0.100000 0.554442 0.100136 0.374878 0.100000 0.418681 1.032993 0.692099 1.093730 0.100000 0.377926 0.100000 0.841064 1.191510 0.636643 1.057455 0.118220 0.100000 0.944860 0.100000 0.681221 0.515675 0.322327 0.100000 0.755592 0.195387 0.100000 0.119020 0.462305 0.100000 0.262872 0.764870 0.536559 0.712611 0.155241 0.400548 1.119665 0.144641 0.100000 0.100000 0.137262 1.625538 
0.271002 0.832175 0.667313 0.429675 0.768477 0.613736 0.291830 1.145432 0.467338 0.405213 0.299824 1.015939 0.657580 0.100000 0.100000 0.564952 0.543167 0.100000 0.568455 0.165082 1.264415 0.270452 0.100000 1.767049 1.263604 0.886637 1.279472 0.805323 0.272334 0.100000 0.603754 1.123927 1.587274 1.184529 0.843667 0.100000 0.100000 0.100000 0.100000 0.100000 0.100000 0.268109 0.100000 0.100000 0.478998 1.261799 0.850394 0.870382 0.243547 0.319756 1.172883 0.107328 0.600402 0.682222 0.100000 0.572773 0.100000 0.100000 0.700948 0.676100 0.274877 0.189154 0.532287 0.303604 0.100000 0.100000 0.384840 0.100000 0.100000 0.542203 0.280241 0.591376 0.616099 0.100000 0.172412 1.391611 0.100000 0.742353 0.100000 0.644667 
0.100000 1.018458 0.246674 0.400174 0.100000 0.295875 0.812475 0.669008 0.100000 0.100000 0.437127 1.199861 0.850609 0.269790 0.100000 0.100000 0.262769 0.128376 0.667014 0.198113 0.333880 0.100000 0.713115 0.354884 0.885792 0.100000 0.542295 0.265902 0.609341 1.214142 0.658175 0.197946 0.100000 0.100000 0.883764 0.372481 0.100000 0.182150 0.812569 2.030098 0.480511 0.100000 0.717018 0.100000 0.100000 0.100000 1.281847 0.447055 0.333165 0.185855 0.525242 0.161135 0.561125 0.100000 0.883123 0.156766 1.365520 0.100000 0.100000 0.542339 0.100000 0.953377 0.100000 0.475224 0.100000 0.693613 1.220361 0.100000 0.649294 0.255069 0.553437 0.308171 1.019757 1.500233 0.172694 1.026840 1.007151 0.309033 0.100000 0.302231 
0.100000 0.662534 0.100000 1.031383 0.100000 0.100000 0.100000 0.580145 0.803726 1.087929 0.341724 0.100000 0.100000 0.496938 0.222438 0.100000 0.100000 1.363023 0.200227 0.100000 0.100000 0.356241 0.681979 0.449815 0.100000 0.796068 0.248637 0.788281 0.401296 0.100000 1.320201 0.100000 0.153542 0.540147 0.100000 0.154518 0.606634 0.360526 0.146690 0.100000 0.100000 0.888962 0.100000 1.534772 0.987802 0.510846 0.191986 0.212967 0.100000 1.515524 1.028431 0.355212 1.036018 0.411793 0.100000 0.100000 0.114640 0.887516 0.717643 0.573370 0.100000 1.533529 0.446218 1.201984 0.169111 0.754314 0.827634 0.313154 0.207139 0.221688 0.429800 0.100000 1.336284 1.276620 0.124469 0.287779 0.692272 0.573728 0.353587 0.984070 
0.308663 0.608122 0.341289 0.843390 0.340443 0.100000 0.188826 0.864089 0.100000 0.538415 0.188887 1.105506 0.676877 0.120546 1.306988 0.585319 0.100000 0.266871 0.100000 0.666525 0.100000 0.392355 0.100000 1.642566 0.427530 0.328274 0.294118 0.100000 0.652783 0.351567 0.670610 0.960766 0.637659 0.100000 0.535290 0.100000 1.039197 1.182451 0.419584 0.506748 0.717287 0.100000 0.350513 1.385023 0.100000 0.821681 0.100000 0.703587 0.401868 0.100000 0.655452 0.100000 0.101568 0.370361 1.525877 0.582179 1.092663 0.100000 0.472777 0.118179 0.306843 0.990979 0.413058 1.203405 0.144626 0.887896 0.238663 0.387838 0.718909 0.572085 0.139380 0.100000 0.341741 0.849440 0.326932 0.100000 0.100000 0.160243 0.590898 0.463880 
0.127364 1.212987 0.100000 0.673350 0.103998 0.100000 0.305794 0.772958 0.100000 0.359740 0.326715 0.272611 0.100000 0.595968 1.030831 0.100000 0.100000 0.989001 1.065265 0.696591 0.535327 0.455668 0.358145 0.921749 0.474314 0.940827 0.252524 0.100000 0.645689 0.100000 1.141093 1.175878 0.775230 0.320702 0.969686 0.100000 1.136144 0.930713 0.100000 0.992642 0.100000 0.100000 0.100000 0.100000 0.900210 0.420114 1.011810 0.618495 0.100000 1.340125 0.623980 0.662625 0.674028 0.100000 0.100000 0.208657 0.100000 0.100000 0.153092 0.100000 0.100000 0.205481 0.100000 0.600834 0.673095 0.442979 0.522607 0.100000 0.100000 1.068501 1.171103 0.500857 0.572404 0.997285 1.239289 1.043834 0.458192 0.100000 1.126891 0.749861 
0.100000 0.100000 0.456788 0.100000 0.100000 0.100000 0.100000 0.451166 0.544534 0.100000 0.100000 0.942656 0.529737 0.914021 1.243792 0.100000 0.152654 0.100000 0.100000 0.751656 0.898872 0.208154 0.154751 0.797141 0.100000 0.100000 0.100000 0.838375 0.881640 0.100000 1.240347 0.314862 0.100000 0.853998 0.515079 0.100000 0.504212 0.100000 0.590850 1.117681 0.585709 0.263144 0.440352 0.747829 0.100000 0.791514 0.100000 0.242908 0.100000 0.898379 0.164021 0.100000 0.100000 0.735829 1.227615 0.100000 0.100000 0.592988 0.100000 0.135699 0.840507 0.100000 1.149031 0.100000 1.204697 0.100000 0.255209 0.521765 0.100000 1.307453 1.053967 0.833930 0.152915 0.835203 0.100000 1.416818 0.124077 1.682955 0.100000 0.100000 
0.801320 0.485604 0.100000 0.309399 0.858428 0.455316 0.734323 0.898269 0.487812 0.849858 1.147671 1.129737 0.100000 0.433839 0.100000 1.409193 0.100000 0.852882 0.334329 0.100000 0.100000 0.100000 0.100000 0.762868 0.100000 1.086968 0.225164 0.562697 0.570280 0.335482 0.449785 0.377662 0.293308 1.051386 0.100000 0.100000 0.403357 0.923361 0.100000 1.334745 0.873583 0.100000 0.253492 0.100000 0.100000 0.402957 0.451175 0.183607 0.198182 0.632511 0.103747 0.100000 0.440055 0.385265 0.100000 0.100000 0.100000 0.124121 0.220314 0.759341 0.475050 0.301969 1.318942 0.100000 0.714612 0.100000 0.100000 0.100000 0.473258 0.100000 0.487697 0.100000 0.512717 0.978775 1.116638 0.100000 0.533526 0.477037 0.100000 0.534363 
0.100000 0.562016 0.100000 1.232873 0.102003 0.352719 0.100000 0.100000 0.797599 0.560900 0.333511 0.897046 0.384475 0.234399 0.100000 0.744926 0.573952 0.100000 0.100000 0.959149 0.981969 0.100000 0.100000 0.665442 0.100000 0.701861 0.885045 0.286346 0.470767 0.100000 1.046309 0.100000 0.100000 0.429232 0.582793 0.100000 0.848327 1.362106 0.247014 1.106113 0.660172 0.455762 0.585305 0.100000 0.195383 0.100000 0.100000 0.154119 0.243426 0.544461 0.358680 1.013552 0.386446 0.100000 0.100000 0.324827 0.544044 0.573136 0.100000 0.100000 0.237404 0.100000 0.751670 0.489812 0.100000 0.100000 0.590050 0.100000 0.129079 1.382496 0.430899 0.100000 0.313038 0.117173 0.995957 0.100000 0.100000 0.461392 0.100000 0.741457 
0.375088 0.800102 0.548109 0.469834 0.340471 1.884111 0.156938 0.224645 0.100000 0.100000 0.497052 0.894555 0.650641 0.261644 0.964537 0.747815 0.127406 0.490006 0.544451 0.100000 0.839674 0.100000 0.118459 1.280530 0.410300 0.156234 0.107521 0.803094 0.998289 0.138061 0.846145 0.486294 0.627355 0.117892 0.585611 0.100000 0.332375 0.518216 0.445428 1.188496 0.365778 0.235030 0.256887 0.899084 0.724523 0.387872 1.215263 0.100000 0.769491 0.523500 0.634350 0.797304 0.399779 0.100000 1.521650 0.821407 0.914382 0.100000 0.285618 0.100000 1.206723 0.100000 0.666056 0.508225 1.386826 0.100000 1.342900 0.100000 0.100000 1.124757 0.100000 0.856058 0.149079 0.570671 0.705541 0.837833 0.100000 0.612921 0.100000 1.089280 
0.100000 0.961312 0.100000 1.299920 0.556904 0.100000 0.100000 0.100000 0.278209 0.432221 0.100000 0.403704 0.100000 0.802221 0.945455 0.808074 0.100000 0.372826 0.100000 0.100000 0.100000 0.123762 0.100000 1.097773 0.100000 0.307804 0.868188 0.118671 0.695522 0.100000 0.412203 0.210637 0.140066 0.939147 0.856954 0.500255 0.100000 1.179784 0.576054 0.138891 0.502256 0.114443 0.671470 0.372821 0.124547 0.610656 0.100000 0.100000 0.100000 1.428815 0.100000 0.100000 0.544502 0.376744 0.100000 0.660477 0.649568 0.203513 0.659477 0.624443 0.349024 0.625508 0.448499 0.100000 0.747753 0.769848 1.148727 0.100000 0.277178 0.208088 0.100000 0.298347 1.068154 0.100000 0.453498 0.712289 0.266744 1.501696 0.230130 1.670892 
0.100000 0.100000 0.100000 0.501195 0.100000 0.345612 0.100000 0.100000 0.310809 0.100000 0.100000 0.508437 0.100000 0.504832 0.772341 0.252932 0.118099 0.532431 0.100000 1.039165 1.197093 0.180236 0.183549 1.640262 0.705622 0.728420 0.662171 0.299349 0.100000 0.100000 0.529211 0.100000 0.783089 0.100000 0.168273 0.100000 0.100000 0.671103 0.100000 1.312434 0.100000 0.217390 1.052220 0.100000 0.850687 0.175163 0.165524 1.021327 0.836660 0.715407 0.146191 0.863518 0.148409 0.106216 0.100000 0.100000 1.156101 0.230369 0.291158 0.200895 0.158930 0.556708 0.100000 0.100000 0.313415 0.100000 0.493150 0.100000 0.100000 0.757214 0.578449 0.100000 0.370214 1.380613 0.515104 1.117487 0.615387 0.973588 0.387797 0.248077 
0.639158 0.684822 0.100000 0.100000 0.744638 0.100000 0.100000 0.100000 0.347994 0.484048 0.366854 0.723802 0.263815 0.845541 0.811587 0.679742 0.100000 1.599400 0.178471 0.453861 0.550842 0.100000 0.276624 0.926199 0.366904 1.013626 0.353832 0.962241 1.144638 0.162847 0.999487 0.313974 0.100000 0.667322 0.429477 0.259295 0.469476 1.190888 0.100000 0.713578 1.250873 0.100000 0.100000 0.100000 0.180749 0.100000 1.091450 0.100000 0.296658 1.411290 0.676155 1.256837 0.100000 0.100000 0.396758 0.100000 0.100000 0.508395 0.447121 0.851564 0.354809 0.225046 0.100000 0.466741 0.926137 0.461537 0.190820 0.100000 0.100000 0.109727 0.320630 0.655598 0.637812 0.100000 0.950008 0.100000 0.100000 0.371624 0.268192 0.100000 
1.142816 0.851085 0.524663 0.310790 0.100000 0.216599 0.426367 0.100000 0.325514 0.904739 0.100000 1.446690 0.100000 0.814023 0.654794 0.100000 0.757006 0.100000 0.779312 0.333436 0.308973 0.601714 0.100000 1.343118 1.241111 0.100000 0.681011 1.078832 0.777799 0.100000 0.349122 0.100000 0.100000 0.100000 0.381514 0.100000 0.188583 0.161679 0.396052 0.687464 0.114387 0.100000 0.384616 0.488002 0.190682 1.541311 0.107555 0.760760 0.100000 0.731850 1.508806 0.601478 0.100000 0.113065 0.509821 0.654074 0.611608 0.100000 0.596252 0.399435 0.783736 0.998414 0.337915 0.254614 0.505786 1.327031 1.161431 0.417991 0.100000 0.463485 0.100000 0.251145 0.100000 0.100000 0.352550 0.615180 0.908277 1.278288 0.602795 1.077333 
