79 Number of operations
26 Number of workers
Standard production times
0.395487 0.532490 0.222502 0.307822 0.261232 0.472611 0.856732 0.348992 0.510849 0.592732 0.929213 0.391227 0.206876 0.575733 0.100000 0.623915 0.189126 0.198222 0.386496 0.383715 0.967043 0.350765 0.541102 0.253267 0.159032 0.456081 0.295062 0.100000 0.627160 0.519564 0.619080 0.716055 0.419631 0.380416 0.100000 0.410165 0.555420 0.278717 0.305743 0.100000 0.571778 0.269913 0.412373 0.663896 0.543813 0.237312 0.591981 0.366152 0.400966 0.541476 0.611755 0.607141 0.514341 0.395286 0.100000 0.249166 0.430479 0.769328 0.427803 0.599307 0.100000 0.665435 0.232499 0.665336 0.283636 0.157893 0.336602 0.575480 0.716322 0.403792 0.756102 0.159809 0.168989 0.100000 0.420959 0.465930 0.486587 0.338208 0.671367 
Production times: workers row and ops columns
0.645463 0.679320 0.289179 0.925745 0.100000 0.100000 0.984993 0.283557 1.095035 0.532608 1.451976 0.411669 0.284628 1.318263 0.100000 0.949231 0.198058 0.100000 0.100000 0.150181 1.245904 0.118150 0.519709 0.263778 0.100000 0.875970 0.393315 0.769931 0.546813 0.839027 0.495498 0.358951 0.400762 0.198795 0.126141 0.414797 0.100000 0.100000 0.284120 0.639832 0.998855 0.679652 0.995448 0.227078 0.406509 0.119973 0.983952 0.100000 0.768531 0.710231 1.126099 0.158763 0.100000 0.349394 0.177621 0.889433 0.931175 0.555832 1.148561 1.283946 0.100000 1.418633 0.100000 1.168754 0.100000 0.100000 0.100000 1.247441 1.046566 0.961610 0.228714 0.810326 0.100000 0.937654 0.671191 0.276224 0.162174 0.148520 0.562014 
0.128162 0.273017 0.956924 0.100000 0.715977 0.418636 0.620001 0.100000 0.664317 0.440699 0.788330 0.347942 0.100000 0.175244 0.712056 1.265360 0.875915 0.560806 0.100000 0.100000 0.875889 0.782581 0.100000 0.100000 0.100000 0.100000 0.100000 0.930985 0.338933 0.316882 1.096568 0.100000 0.100000 0.100000 0.100000 0.437320 0.100000 0.100000 0.661885 0.687254 0.100000 0.100000 0.169671 0.680482 0.784796 0.100000 0.539486 0.831297 0.100000 0.100000 0.338524 1.000147 0.100000 0.100669 0.100000 0.100000 0.842687 0.624305 1.424479 0.100000 0.912956 0.471954 0.100000 0.764407 0.179023 0.100000 0.298192 0.361535 0.994560 0.263610 1.059404 0.444578 0.148755 0.100000 0.641000 0.239144 1.386849 0.351834 0.225339 
0.812133 0.335024 0.100000 0.975225 0.283930 1.307123 0.133507 0.100000 0.800086 0.925852 0.661604 0.635699 0.100000 1.106628 0.100000 0.929511 0.100000 0.483539 0.625429 0.898883 1.338338 0.809820 0.100000 0.219502 0.100000 0.595982 0.873900 0.888591 1.086618 0.563379 1.052730 0.100000 1.434657 0.259398 0.100000 0.375020 0.394463 0.170714 0.792171 0.607626 0.925976 0.100000 0.127829 0.375630 0.627024 0.661381 1.264745 0.118874 0.390312 0.119094 0.458467 1.472290 0.320118 0.660146 0.261912 0.100000 0.725634 1.373913 0.734507 0.845057 0.100000 0.854822 0.100000 0.100000 1.455152 0.100000 0.180047 0.100000 1.527652 0.582463 0.723377 0.204894 0.100000 0.100000 0.450778 0.465009 0.649336 1.249549 0.340489 
0.100000 0.621562 0.100000 0.251558 0.132348 0.100000 0.225010 1.045334 1.095815 0.340828 1.481634 0.557611 0.246061 0.324757 0.100000 0.780017 0.679609 0.414048 0.100000 0.195729 0.364039 0.100000 0.276048 0.100000 0.516408 0.100000 0.315350 0.100000 0.824391 0.541623 0.972684 1.545582 0.966311 1.327061 0.100000 1.026038 0.395401 0.212383 0.520986 0.151802 0.407512 0.100000 0.286175 0.115970 0.100000 0.100000 0.953313 0.295936 0.141060 1.059222 0.117455 0.100000 0.424225 0.400176 0.100000 0.597404 0.167193 0.833614 0.402429 0.140084 1.118436 0.840937 0.100000 0.482674 0.437931 0.775535 0.100000 0.873458 0.604563 0.516161 1.046160 0.100000 0.830937 0.100000 0.867915 1.156664 0.100000 0.791288 0.100000 
0.894868 1.023388 0.162406 0.100000 0.100000 0.100000 0.979506 0.100000 0.640628 0.100000 0.100000 0.736930 0.452175 0.853826 0.100000 0.541441 0.100000 0.100000 0.363320 0.832750 0.836845 0.180774 0.681720 1.007374 0.100000 0.473343 0.100000 0.100000 0.100000 0.154886 1.433464 0.100000 0.839429 0.321567 0.100000 0.100000 0.100000 0.100000 0.100000 0.228456 0.725822 0.457431 0.390764 0.100000 0.355098 0.526682 0.215623 1.203766 0.268320 0.100000 0.100000 1.755103 0.303596 0.100000 0.687385 0.614291 0.100000 0.100000 0.285850 0.782678 0.901490 1.176647 0.100000 0.100000 1.577730 0.314477 0.100000 0.457026 0.809202 0.647802 1.160133 0.176331 0.100000 0.268075 0.100000 0.858420 0.368262 0.100000 1.265783 
0.348870 1.000302 0.100000 0.515169 0.818020 0.847638 0.676871 0.100000 0.691612 1.004172 0.778945 0.733474 0.307373 0.583262 0.753654 0.100000 0.203358 0.100000 0.111281 0.341700 0.474193 0.100000 0.255758 0.184557 1.068777 0.185594 0.100000 0.100000 1.125146 1.074359 1.126434 0.200472 0.860610 0.778152 0.505912 0.434780 0.100000 0.100000 0.372477 1.011534 0.100000 0.100000 1.286043 0.534301 0.988166 0.251853 0.100000 1.446888 0.289105 0.408345 1.204426 0.100000 0.271532 0.964248 0.100000 0.731990 0.857152 1.835527 0.435895 0.657891 0.100000 0.435368 0.336465 0.378594 0.283759 0.100000 0.100000 0.677173 1.181317 0.673237 1.513352 0.724461 0.100000 0.121616 1.484985 0.323703 0.331235 0.221006 0.488376 
0.100000 0.717607 0.100000 0.438232 0.100000 0.509106 0.370889 0.614459 0.618415 0.830566 1.885752 0.100000 0.349852 0.666305 0.100000 0.960753 0.168960 0.100000 1.092768 0.797268 1.278921 0.100000 1.005964 0.100000 0.100000 0.798745 0.100000 0.100000 1.014995 1.264384 0.121461 0.747643 0.812736 0.100000 0.100000 0.128609 0.100000 0.100487 0.100000 0.100000 0.183267 1.285424 0.100000 0.943860 0.376584 0.100000 0.875604 0.340677 1.222735 0.645779 0.848700 0.432870 0.737812 0.874565 0.100000 0.100000 1.156864 0.908381 1.230342 1.025972 0.100000 0.356991 0.100000 1.006721 0.100000 0.451426 0.909859 0.726046 0.337886 0.100000 0.101719 0.126034 0.100000 0.100000 0.100000 0.100000 1.454591 0.496530 1.252296 
0.246641 0.215095 0.396568 0.680855 0.100000 0.100000 0.350998 0.100000 0.253071 0.100000 1.480510 0.100000 0.100000 0.100000 0.516738 0.100000 0.751448 0.100000 0.895903 0.616263 1.766160 1.106932 0.236678 0.139294 0.886822 0.367855 0.753081 0.100000 1.079012 0.981616 0.100000 0.841820 0.239504 0.542546 0.100000 0.100000 0.100000 0.105180 0.295528 0.100000 0.370080 0.100000 0.422560 1.021056 0.283932 0.100000 0.299023 0.100000 0.385301 1.005506 1.016122 1.167646 0.100000 0.100000 0.525589 0.593919 0.280302 1.112638 0.689649 0.594615 0.262373 1.197187 0.100000 0.371021 0.100000 0.100000 0.445989 0.867812 0.484924 1.327747 0.697226 0.100000 0.100000 0.100000 0.100000 0.894207 1.116344 0.100000 0.989724 
0.651545 0.195708 0.100000 0.100000 0.480066 0.769435 1.503448 0.100000 0.708028 0.488287 0.511011 0.306376 0.100000 0.995634 0.376199 0.100000 0.100000 1.480910 0.100000 0.868309 1.596557 0.100000 0.473880 0.792263 0.103582 1.041517 1.008707 0.779092 0.100000 0.929967 0.504277 1.109086 0.481742 0.976677 0.634380 0.562711 0.782355 0.723987 0.291600 0.100000 0.100000 0.496936 0.350199 0.265612 0.100000 0.711322 0.239809 0.100000 0.554067 0.100000 1.115031 0.100000 0.691912 0.100000 0.100000 0.100000 0.171944 0.742454 0.135495 0.100000 0.100000 0.766797 0.100000 0.948068 0.602939 0.517602 0.100000 0.455686 0.978866 0.223281 0.595830 0.100000 0.100000 0.344769 1.256357 0.971958 0.558488 1.163605 0.503033 
0.260064 0.100000 0.100000 0.746175 0.517879 0.434580 0.493539 0.621657 0.610290 0.887582 1.068784 0.245293 0.871454 0.100000 0.270879 1.205067 0.724415 0.376930 0.320628 0.810232 0.100000 0.100000 0.100000 0.319405 0.140705 0.562857 0.311815 0.100000 0.100000 0.445490 0.288511 1.011838 0.515011 0.954266 0.100000 0.704441 0.100000 0.609643 0.100000 0.395646 1.816119 0.567491 1.252396 0.601044 1.533161 0.100000 0.754918 0.330108 0.174323 0.741791 0.524641 0.606047 0.100000 0.287352 0.100000 0.100000 1.081470 0.251198 0.799593 0.100000 0.100000 0.222076 0.375455 0.931404 0.106347 0.505379 1.142791 0.516311 0.450467 0.977965 0.100000 0.148473 0.747110 0.957758 0.270017 1.234944 0.765784 0.921841 0.423106 
0.100000 0.100000 0.100000 0.209638 0.333400 0.489975 0.223544 0.100000 0.562088 0.699654 0.953636 1.016280 0.987008 1.584614 0.304782 0.781205 1.152536 0.100000 0.100000 0.100000 1.486683 0.276278 0.100000 0.419634 0.100000 1.065543 0.373401 0.100000 0.939861 0.912510 0.100000 1.029386 0.868201 0.333419 0.469486 0.299721 1.236632 0.845042 0.378053 0.231538 1.105176 0.100000 0.740511 1.098347 0.301760 0.767509 0.498678 0.881449 0.100000 1.164022 0.730946 1.193129 0.782523 0.525769 0.100000 0.510689 0.701336 0.913092 0.970653 1.252370 0.180671 0.775788 0.100000 0.100000 0.435048 0.782722 0.869100 0.451563 0.100000 0.352949 1.329265 0.100000 0.595659 0.364606 0.988374 0.100000 0.100000 0.100000 0.479120 
0.100000 0.819512 0.374786 0.484599 0.100000 0.748173 1.308263 0.396467 0.298945 1.029056 0.625420 0.100000 0.583569 0.215259 0.689682 1.532769 0.628254 0.264412 0.500492 0.294619 1.245554 0.730007 0.525121 0.572182 0.540329 0.100000 0.911188 0.250663 1.201403 0.800754 0.456221 0.548529 0.139270 0.100000 0.256796 0.100000 0.363056 0.736649 0.401775 0.332123 0.100000 0.626690 0.100000 0.100000 1.015938 0.382100 0.103511 0.150477 0.100000 0.510468 0.434528 0.100000 1.401890 0.776881 0.153435 0.166299 0.564639 0.451813 1.177239 0.870774 0.572793 1.074779 0.100000 1.050330 0.100000 0.275695 0.913541 0.764465 1.373328 0.304137 0.643414 0.100000 0.474469 0.100000 0.100000 1.056277 1.316687 0.100000 0.754708 
0.100000 0.532501 0.330083 0.703118 0.364616 1.664765 0.713264 0.100000 0.852851 0.820365 0.727133 0.900341 0.557863 0.490899 0.511266 0.506091 0.100000 0.100000 0.100000 0.643179 0.383077 0.100000 0.872068 0.100000 0.100000 0.621489 0.100000 0.137002 0.666104 0.100000 0.784984 0.100000 1.200494 0.100000 0.195794 1.529110 1.064313 0.554247 0.100000 0.100000 0.100000 1.053799 0.676097 0.416255 0.100000 0.442261 0.292301 0.586639 0.100000 0.100000 0.928888 1.203904 0.594778 0.890856 0.145079 0.100000 0.554777 1.042153 0.100000 0.100000 0.100000 1.044732 0.285202 0.100000 0.450436 0.100000 0.100000 1.509938 2.028397 0.311306 1.328365 0.548423 0.100000 0.100000 0.700651 0.868022 0.853219 0.730039 0.525098 
0.100000 0.100000 0.106030 0.916455 0.276150 0.189024 1.323680 0.100000 1.465642 0.666114 0.770750 0.541141 0.100000 0.518055 0.237970 0.554542 0.100694 0.191013 0.100000 0.614774 0.765088 0.673673 1.836680 0.100000 0.374062 0.149553 0.357978 0.639060 0.900594 0.252139 0.463941 0.304756 0.345354 0.967561 0.685767 0.713395 0.767513 0.100000 0.100000 0.100000 0.980515 0.618883 0.100000 0.494824 0.715990 0.329168 0.100000 0.348823 0.483506 1.323931 0.770505 1.094297 2.158400 0.100000 0.189741 0.945708 0.849455 1.177183 1.406360 1.088808 0.100000 0.331418 0.100000 0.234226 0.197526 0.179844 0.100000 0.841804 0.566923 0.739569 0.362356 0.477133 0.735406 0.732787 0.389071 0.166921 0.876166 0.959587 0.764803 
0.186377 0.100000 0.494357 0.100000 0.100000 0.100000 0.531978 0.638363 0.516562 0.719617 0.100000 0.782733 0.100000 0.909944 0.253398 0.439765 0.600585 0.100000 0.383213 0.123090 0.601848 0.100000 1.236505 0.783345 0.100000 0.100000 0.100000 0.100000 1.261199 1.296705 1.436759 1.339230 0.344598 0.861871 0.105379 0.100000 0.292180 0.100000 0.100000 0.100000 0.432433 1.060267 0.100000 0.482438 1.176403 1.285172 2.134242 0.100000 1.153575 1.157650 1.173577 0.787038 1.008129 1.079701 0.393574 0.809400 1.713796 1.532073 0.201326 1.056263 0.227102 0.439390 0.461224 0.766258 0.100000 0.421213 0.445074 0.416538 0.904845 0.746761 1.003452 0.284935 0.100000 0.252521 1.230418 0.476713 0.100000 0.400914 0.100000 
0.897460 0.685148 0.691466 0.100000 0.164091 0.100000 0.917982 0.100000 0.582017 0.100000 0.165073 0.573181 0.100000 0.319469 0.100000 0.212035 0.100000 0.100000 1.378747 0.441937 1.327365 0.100000 0.389213 1.100343 0.192249 0.100000 0.100000 0.778830 0.904818 0.100000 0.100000 0.121442 0.100000 0.100000 0.100000 0.100000 0.775923 1.090979 0.668249 0.100000 0.308341 0.100000 0.150188 1.569165 0.570721 1.076900 0.543058 0.100000 0.271009 1.563893 0.334334 0.599653 0.228836 0.248226 0.100000 0.583086 0.272850 0.100000 1.131968 1.304684 0.100000 1.268643 0.100000 0.925860 0.100000 0.100000 0.349245 0.668518 1.584627 0.100000 0.100000 0.580703 0.243106 0.526247 0.818129 0.616187 1.626545 0.701928 1.176310 
0.100000 0.857924 0.100000 0.543545 0.100000 0.100000 0.564262 0.100000 1.249210 0.546665 1.148170 0.100000 0.100000 1.044345 1.841293 1.208205 0.522421 0.100000 0.100000 0.360377 1.330479 0.100000 0.100000 0.581070 0.759209 1.151671 0.787739 1.444982 0.673238 0.307186 0.666504 0.351582 0.100000 0.100000 0.100000 0.179867 0.849332 0.500638 0.100000 0.100000 0.100000 0.100000 0.237576 0.582032 0.562511 0.324488 0.811810 1.367670 0.556161 1.393481 0.100000 0.100000 0.126837 1.123516 0.100000 0.510494 1.056965 0.669905 0.911815 0.661813 0.100000 0.100000 0.100000 0.707946 0.100000 0.357595 0.506324 0.599071 0.175650 0.352616 0.489026 0.158654 0.100000 0.750004 1.096141 0.100000 0.308892 0.100000 0.100000 
0.321233 1.581895 0.100000 0.603260 0.100000 1.038333 0.476236 0.106883 0.459020 0.185624 1.100704 0.184048 0.100000 1.223996 1.062681 0.647460 0.370693 0.100000 0.100000 0.125570 0.571749 0.771488 0.657575 0.374079 0.100000 0.398490 0.100000 0.212166 0.677662 0.770470 0.930867 1.466560 0.100000 0.100000 0.100000 0.571361 0.294965 0.100000 0.100000 1.040771 1.219640 0.729787 1.366808 1.124240 0.100000 1.019160 0.666348 0.100000 1.195038 0.234769 0.100000 0.374896 0.717256 0.203630 0.594287 1.584395 1.070725 0.901631 0.192632 0.870819 0.320899 0.100000 0.100000 0.641609 0.100000 0.591029 1.510202 0.100000 0.583631 0.455591 0.100000 0.421809 0.311690 1.018289 0.652776 0.651811 1.523894 0.960960 0.920539 
0.249499 0.357880 0.100000 0.100000 0.542743 0.453177 1.008900 0.100000 0.423450 0.100000 0.769091 0.219885 0.374947 0.980877 0.203936 0.700203 0.100000 0.100000 0.100000 0.649062 0.732235 0.611382 0.100000 0.188151 0.100000 0.100000 0.304464 0.233439 0.100000 0.682484 0.262077 0.896676 0.814079 0.161083 0.214061 0.183325 0.633529 0.100000 0.386149 0.933012 1.047396 0.447118 0.338104 1.532179 1.166811 0.461123 0.686507 0.100000 0.728857 0.925018 0.100000 0.100000 0.362112 0.100000 0.100000 0.771704 0.100000 0.490296 0.100000 0.100000 0.518635 0.438989 0.100000 0.208865 0.100000 0.935234 0.100000 0.821567 0.100000 0.913162 0.730567 1.333165 0.100000 0.546016 0.351194 1.085182 0.158231 0.410204 1.160688 
0.116628 0.181937 0.826625 0.202372 0.100000 0.782375 1.048604 0.100000 0.291001 1.199338 1.294478 0.106632 0.100000 0.835664 0.309028 1.135738 0.100000 0.100000 0.159130 0.100000 0.810167 0.253869 0.590748 0.100000 0.100000 0.100000 1.312928 0.100000 0.733816 0.100000 0.507681 0.605311 0.314666 0.434767 0.205056 0.100000 1.088336 1.031890 0.622146 0.104436 0.974936 0.100000 0.594313 0.100000 0.995365 0.319396 0.833508 0.619776 0.100000 0.308541 0.410990 0.534294 1.086976 1.169045 0.221940 1.233373 0.100000 0.453951 0.486000 0.966507 0.558280 0.100000 0.101210 0.226527 0.100000 0.100000 0.100000 1.127515 1.088555 0.664970 1.285365 0.100000 0.956227 0.100000 0.675076 1.350430 0.833763 0.100000 0.118835 
1.209727 0.605332 0.100000 0.100000 0.259323 0.550837 1.231019 0.100000 0.524313 0.405551 1.460822 0.825794 1.075731 0.981464 0.375884 0.802839 0.100000 0.580260 0.100000 0.100000 0.826353 0.100000 1.106292 0.734082 0.100000 0.562124 0.557569 0.100000 1.905253 0.774127 1.147514 0.491448 0.329748 0.121244 0.100000 0.879894 0.100000 0.589772 0.352835 0.202059 1.088708 0.100000 0.323431 0.939584 1.007248 0.208271 0.280880 0.100000 0.167043 0.114070 0.988263 0.971115 0.580085 1.012265 0.100000 0.267687 0.100000 0.100000 0.589013 0.261542 0.724858 0.981882 0.530081 0.297408 0.100000 0.649117 1.422080 0.100000 0.947294 0.100000 1.032098 0.100000 0.486169 0.100000 0.100000 0.424230 0.244573 0.849168 0.395790 
0.723489 0.100000 0.100000 0.100000 0.687047 0.507604 0.957628 0.195246 1.023178 0.455775 0.656856 0.100000 0.945259 0.220423 0.580826 0.685684 0.867372 0.100000 0.350234 0.515708 1.105309 0.345363 0.335296 0.282005 0.100000 0.268349 0.100000 0.586847 0.559401 0.100000 0.100000 1.393216 0.443279 0.171163 0.459819 0.141390 1.524639 0.100000 0.100000 0.100000 0.178708 0.697547 0.643446 0.471032 0.842760 0.275789 0.100000 0.100000 0.313253 0.300012 0.634363 0.952271 1.506186 0.352318 0.100000 0.429552 0.100000 0.422947 0.248427 0.549546 0.298587 0.610297 0.100000 1.498397 0.532788 0.296363 0.530709 0.729381 0.789731 0.100000 0.100000 0.100000 0.100000 0.204041 0.763632 0.100000 0.252444 0.100000 0.100000 
0.100000 0.568184 0.100000 0.473291 0.575769 0.444985 0.974888 0.100000 0.108071 1.134333 1.280230 0.100000 0.392315 0.315090 0.100000 0.100000 0.391459 0.100000 0.100000 0.213686 0.231111 0.348455 0.668682 0.100000 1.278845 0.100000 0.519768 0.100000 0.198997 0.100000 0.639400 0.793747 0.685528 0.745657 0.569733 0.300502 1.497556 0.100000 0.739519 0.511908 1.263246 0.100000 0.399853 0.887141 0.110828 0.521194 1.182819 0.100000 0.643772 0.636299 0.100000 0.436362 0.734119 0.100000 0.100000 0.100000 0.394828 1.105262 1.276975 0.506949 0.100000 0.853577 0.529442 0.622909 0.764755 1.060532 0.100000 1.005721 1.587791 0.939611 1.026938 0.100000 0.479963 0.131129 0.143997 0.213165 0.610040 0.360042 1.114008 
0.940743 0.100000 0.428604 0.689129 0.800532 0.877549 0.920543 0.404283 0.210880 0.181274 0.794000 1.050974 0.173688 1.146841 0.100000 0.613626 0.255901 0.100000 0.401198 0.100000 0.722237 0.100000 0.429380 1.630758 0.100000 0.100000 0.100000 0.100000 0.291235 0.482382 0.409871 1.151280 1.013708 0.714980 0.100000 0.385216 0.237369 0.100000 0.100000 0.100000 0.936881 0.100000 0.726238 0.831808 0.696184 0.100000 0.100000 0.576653 0.573234 0.100000 1.369503 1.229559 0.681086 0.591959 0.159223 0.100000 0.863772 0.136134 0.100000 0.923758 0.298534 0.256788 1.035762 0.100000 0.625176 0.100000 0.854063 0.790529 1.506036 0.615702 1.189444 0.797650 1.649372 0.100000 0.743043 0.100000 0.381042 0.100000 0.598449 
0.492824 1.083900 0.824517 0.843151 0.100000 0.641463 1.476959 0.581062 0.549755 0.914662 0.562596 0.898982 0.645369 0.100000 0.100000 0.584119 0.100000 0.100000 0.183523 0.381410 1.563279 0.145767 0.139508 1.021623 0.100000 1.046138 0.771205 0.100000 0.386422 0.244013 0.100000 0.534013 0.100000 0.100000 0.468323 0.771311 1.635187 0.617922 0.100000 0.720719 0.587135 0.257837 1.087088 0.100000 0.779404 0.567685 1.059492 0.269464 0.100000 0.100000 0.223225 0.100000 0.100000 0.100000 0.100000 0.100000 0.100000 0.397012 0.315423 0.980916 0.114563 1.656218 0.100000 0.350897 0.100000 0.100000 0.268342 0.100000 0.738127 0.449241 1.597094 0.100000 0.405390 0.596032 0.100000 0.100000 1.298881 0.511056 0.559904 
0.362057 1.181568 0.100000 0.100000 0.100000 0.756349 0.821004 0.100000 1.105553 0.597610 1.052603 0.739944 0.100000 0.199341 0.100000 0.191765 0.558393 0.337901 1.094500 0.100000 1.388553 0.100000 0.575989 0.100000 0.100000 0.410219 0.488908 1.107992 0.250572 0.100000 0.100000 1.295808 0.983761 1.379111 1.050342 0.100000 0.100000 0.100000 1.034760 0.100000 1.761649 0.469658 1.038450 0.598298 0.974729 0.100000 0.721950 0.704067 0.589173 0.986068 0.407154 0.108650 0.100000 0.179090 0.175079 0.368241 0.793141 1.110047 0.553319 0.100000 0.100000 0.530412 0.713728 1.054513 0.666828 0.473433 0.801239 0.100000 0.930995 0.100000 0.805159 0.100000 0.100000 1.297360 0.194328 0.726576 0.238454 0.420036 0.677171 
