71 Number of operations
23 Number of workers
Standard production times
0.395487 0.532490 0.222502 0.307822 0.261232 0.472611 0.856732 0.348992 0.510849 0.592732 0.929213 0.391227 0.206876 0.575733 0.100000 0.623915 0.189126 0.198222 0.386496 0.383715 0.967043 0.350765 0.541102 0.253267 0.159032 0.456081 0.295062 0.100000 0.627160 0.519564 0.619080 0.716055 0.419631 0.380416 0.100000 0.410165 0.555420 0.278717 0.305743 0.100000 0.571778 0.269913 0.412373 0.663896 0.543813 0.237312 0.591981 0.366152 0.400966 0.541476 0.611755 0.607141 0.514341 0.395286 0.100000 0.249166 0.430479 0.769328 0.427803 0.599307 0.100000 0.665435 0.232499 0.665336 0.283636 0.157893 0.336602 0.575480 0.716322 0.403792 0.756102 
Production times: workers row and ops columns
0.164484 0.707934 0.413435 0.590959 0.363336 1.175959 0.100000 0.869404 0.701085 0.484165 1.515979 0.100000 0.787637 0.768772 0.100000 0.840461 0.100000 1.490869 1.304162 0.604060 0.607416 0.100000 0.378577 0.100000 0.100000 0.160595 0.156973 0.100000 0.277865 0.100000 1.894299 0.100000 0.100000 0.596614 0.100000 0.622077 0.955010 0.910024 0.681726 0.100000 1.126350 0.100000 0.355163 0.414809 0.100000 0.533145 0.500352 0.876079 0.100000 0.964632 0.860725 0.670394 0.100000 0.269399 0.100000 0.100000 2.070352 1.254759 1.324100 0.384800 0.448099 1.014143 0.533257 0.667166 0.169512 0.100000 0.641674 0.787228 1.275265 0.266671 1.627008 
0.171737 0.100000 0.691584 0.100000 0.100000 0.535023 1.234983 0.469712 0.759562 2.647079 1.339775 1.157107 0.100000 0.758260 0.487041 0.441675 0.100000 0.396482 0.229187 0.100000 1.541793 1.018548 0.692417 0.100000 0.416217 0.870810 0.610373 0.100000 0.458151 0.699131 0.930190 1.196446 0.798816 0.100000 0.100000 0.100000 1.457659 0.368922 0.582326 0.616515 0.407277 0.100000 0.199112 0.589823 1.294531 0.672111 0.100000 0.698262 0.768408 0.100000 0.557497 0.100000 0.679585 0.237439 0.100000 0.100000 0.550455 0.492854 0.577567 0.875639 0.100000 0.509300 1.304838 0.725889 0.100000 0.188124 0.100000 1.141853 0.901474 0.946696 1.207191 
0.590635 1.020244 0.318289 0.100000 0.100000 0.248524 0.100000 1.261990 0.100000 0.554413 0.270430 0.100000 0.165753 0.423399 0.100000 0.898388 0.100000 0.387619 0.643121 0.216293 0.825283 0.619977 0.569728 0.332812 0.100000 0.485341 0.483335 0.100000 0.795114 1.471752 0.661762 1.048722 0.100000 0.100000 0.100000 0.100000 0.551620 0.100000 0.218245 0.100000 0.100000 0.100000 0.100000 0.337431 0.237766 0.100000 1.114720 1.050660 0.763643 0.361738 1.360231 0.100000 0.100000 0.529272 0.100000 0.179520 0.446762 0.100000 0.100000 1.216324 0.614092 0.304495 1.199077 0.129938 0.100000 0.304109 0.100000 0.331515 0.629786 0.206119 1.191522 
0.691890 0.100000 0.100000 0.397855 0.227766 0.100000 1.069109 0.758935 0.195289 0.987262 0.118377 0.100000 0.456846 0.158475 0.100000 0.492221 0.100000 0.361755 0.100000 0.197955 2.547526 0.405740 0.100000 0.553178 0.433724 1.147971 0.369237 0.100000 1.331577 0.875595 0.100000 1.089855 0.303183 0.935739 0.100000 0.803238 0.652505 0.571819 0.295550 0.100000 0.605435 0.585812 0.621170 1.471485 0.756616 0.554994 1.643095 0.399215 0.668745 0.239905 0.632734 1.428099 0.670190 1.120871 0.100000 0.100000 0.584242 0.100000 1.762972 1.223532 0.100000 0.581851 0.100000 0.873347 0.254713 0.623836 1.070768 0.464819 0.129744 0.685127 0.673844 
0.967915 0.456431 0.637397 0.475854 0.166710 0.247947 1.213494 1.613860 0.929657 0.526891 1.283010 0.448254 0.100000 0.730656 0.874145 0.466001 0.100000 0.442470 1.301969 0.853803 1.476402 1.501954 1.351649 0.609609 0.100000 0.524890 0.243386 0.524175 0.185597 1.292258 0.692000 0.516002 0.827234 0.100000 0.100000 0.100000 0.965703 0.100000 1.018227 0.100000 0.832333 0.100000 0.990139 0.536631 0.803275 0.100000 0.100000 0.250693 0.949971 0.100000 0.100000 0.453148 0.904718 0.100000 0.100000 0.341317 0.265141 0.912932 1.022567 0.609908 0.100000 1.048493 0.201681 0.188887 0.100000 0.100000 1.292902 0.552848 1.004776 0.762695 0.286602 
0.709875 0.250243 0.100000 0.200296 0.100000 0.303625 1.028338 1.490262 0.262959 0.510751 1.115025 0.484488 0.127661 0.100000 0.100000 0.532227 0.100000 0.100000 0.100000 0.945956 0.218123 1.301774 0.250911 0.100000 0.100000 0.845821 0.808361 0.100000 0.792930 0.444769 0.497860 0.791654 0.802166 0.100000 0.100000 0.513510 0.519982 0.621097 0.100000 0.100000 1.343546 0.100000 0.594090 0.266460 0.341170 0.100000 1.185005 0.100000 0.100000 0.100000 1.199982 0.756747 0.853975 0.386456 0.218020 0.496184 1.203618 0.892757 0.100000 1.172857 0.147778 0.111716 0.144356 0.173958 1.326978 0.100000 0.100000 0.727097 0.301384 1.048177 0.823564 
0.100000 0.282094 0.100000 0.100000 0.100000 0.100000 0.954863 0.100000 0.100000 0.968684 1.877680 0.100000 1.112919 0.100000 0.381352 0.332880 0.152125 0.100000 0.100000 0.226309 0.793573 0.556487 1.704298 0.100000 0.100000 0.100000 0.100000 0.795581 0.100000 0.146766 0.629711 1.171514 0.577269 1.313520 0.100000 0.100000 0.624898 0.338442 0.100000 0.100000 0.278584 1.137171 0.105998 0.100000 0.683530 0.100000 0.805489 0.569646 0.100000 0.261566 0.311495 1.414578 0.711818 0.100000 0.100000 0.210393 0.423809 0.385167 0.573420 0.500641 0.638415 0.884140 0.185900 0.733152 0.100000 0.600265 0.528204 0.366983 0.775220 0.135450 1.999694 
0.169807 0.791908 0.404726 0.100000 0.264061 0.312144 0.981489 0.477147 0.894661 0.984242 0.725682 0.128781 0.100000 0.144467 0.100000 0.925751 0.149320 0.100000 0.100000 0.100000 0.100000 0.299284 0.875717 0.550422 0.119978 0.100000 0.290572 0.101180 0.980036 0.902498 0.485962 0.698712 0.767728 0.609010 0.100000 0.100000 0.222830 0.698073 0.380657 0.576589 0.399157 0.310048 0.809136 1.007808 0.739654 0.781741 1.259636 1.061325 0.100000 0.298316 0.447471 0.424834 0.100000 1.045846 0.100000 0.298916 0.100000 0.515791 0.298779 0.131372 0.467705 1.855677 0.100000 0.232731 1.159545 0.438913 0.178555 0.100000 1.082647 0.510372 1.532358 
0.100000 0.445709 0.100000 0.199406 0.790049 0.893796 0.536522 0.302831 0.395442 1.037294 0.841090 0.100000 0.100000 0.551844 0.558610 1.261828 0.834510 0.380276 0.127528 0.674358 0.871581 0.100000 0.685728 0.453416 0.590798 0.100000 0.100000 0.349592 0.141494 1.014641 0.100000 0.421010 0.100000 1.398741 0.100000 0.362180 0.285347 0.151461 0.712582 0.144066 0.557310 0.856254 0.100000 1.220661 1.332258 0.100000 0.718454 0.100000 0.100000 0.107913 0.864437 0.976467 0.321028 0.100000 0.100000 0.100000 0.105876 0.100000 0.299241 0.530818 1.181231 0.994211 0.152368 0.691849 0.437814 0.100000 0.100000 0.199792 0.592250 0.450578 0.386298 
0.100000 0.388638 0.237532 0.581452 0.128073 0.679663 0.345238 0.743754 0.470475 0.100000 0.790880 0.432638 0.100000 0.926740 0.100000 0.839910 0.100000 0.342095 0.738721 0.152282 0.859817 0.100000 0.696904 0.258285 0.398434 0.415928 0.100000 0.100000 0.392239 0.739668 1.740412 1.140466 0.103001 0.100000 0.347247 0.409189 0.100000 0.716561 0.300356 0.100000 0.100000 0.744473 0.437827 0.530886 0.100000 0.100000 1.202906 0.619765 1.395884 1.065670 0.778136 1.049321 0.588784 0.100000 0.100000 0.409834 0.100000 0.504259 0.100000 1.438079 0.100000 0.138998 0.100000 1.145888 0.841894 0.100000 0.619163 0.123799 0.712500 1.705642 1.224060 
0.370054 0.100000 0.100000 0.100000 0.100000 0.772344 1.144869 0.445957 1.007602 0.100000 1.625278 0.100000 0.394021 0.801450 0.637181 1.621970 0.361851 0.100000 0.100000 0.512716 0.542836 0.100000 0.439682 0.588841 0.100000 0.100000 0.365883 0.100000 0.100000 1.249050 0.740517 1.706165 0.100000 0.898875 0.100000 1.749987 0.447708 0.100000 0.517654 0.194481 0.342211 0.725786 0.757464 1.106742 0.744022 0.100000 0.241842 0.662648 0.100000 1.390498 0.628002 0.210052 1.033124 0.385189 0.698590 0.355060 1.314628 0.577586 0.100000 0.100000 0.100000 0.960382 1.137071 0.567817 0.100000 0.499353 0.563453 0.384897 0.920296 0.406997 0.180993 
0.738296 0.280105 0.100000 0.189660 1.045234 1.453796 1.556800 0.101491 0.100000 0.764704 0.848212 0.460744 0.100000 0.132623 0.100000 1.010267 0.720286 0.100000 0.677802 0.704485 0.597077 0.355703 0.947819 0.100000 0.782173 0.352996 0.324746 0.100000 0.100000 0.689083 0.615666 0.510987 0.309660 0.589071 0.100000 0.145044 0.595636 0.655797 0.323706 0.100000 0.987218 0.121708 0.705053 0.590914 0.100000 0.100000 0.141730 0.249081 0.100000 0.732980 1.161559 0.486060 0.100000 0.100000 0.212659 0.455154 0.459272 1.117509 0.100000 0.473034 0.237876 0.552419 0.476099 0.913130 0.147726 0.100000 0.100000 1.123251 0.114238 0.433658 0.257939 
1.549045 0.215219 0.539357 0.100000 1.857183 0.100000 1.034950 0.100000 0.920452 0.100000 0.707458 0.100000 0.100000 0.576047 0.970612 0.100000 0.461582 0.219187 0.100000 0.277618 1.162392 0.332005 0.519076 0.100000 0.100000 0.698072 0.100000 0.100000 0.663874 0.682549 0.812079 0.615061 0.100000 0.761158 0.600736 1.007420 0.725150 0.700413 0.157156 0.100000 0.484113 0.145066 0.908203 1.060392 0.282485 0.100000 0.565548 0.397648 1.103231 0.290719 1.247877 0.100000 0.167728 1.219223 0.286613 0.290132 0.714842 0.652087 0.445358 0.697700 0.198875 0.833853 0.100000 0.834304 0.100000 0.437904 0.242529 0.688460 0.844093 0.100000 0.479203 
0.313423 0.744890 0.679255 0.270701 0.100000 0.581709 0.835767 0.713522 1.100147 1.550572 0.100000 0.144735 0.158835 0.952562 0.424818 0.641882 0.559933 0.100000 0.194229 0.522576 0.426706 1.120133 0.137120 0.100000 0.307379 0.100000 0.100000 0.100000 1.253943 2.024280 0.694904 0.100000 0.540150 0.701893 0.100000 0.573330 1.331588 0.514367 0.100000 0.100000 0.100000 0.100000 0.117261 1.345809 0.100000 0.100000 0.679122 0.651668 0.120467 0.629046 0.934930 0.965582 0.688481 0.655764 0.100000 0.638349 0.491821 0.350862 0.224075 0.446272 0.100000 0.575567 0.100000 0.100000 1.344028 0.338646 1.427467 0.429125 1.508790 0.330321 1.525808 
0.845432 0.902615 0.125900 0.408820 0.916885 0.100000 0.507649 0.100000 0.100000 0.892888 1.338139 0.286541 0.763584 0.204084 0.100000 0.681824 0.385488 0.129452 0.100000 0.663071 1.811984 0.161271 0.551355 0.100000 0.154672 0.100000 0.378587 0.870644 0.886078 0.156907 1.018485 0.100000 1.019751 0.528661 0.100000 0.246043 0.100000 1.269798 0.586326 0.100000 0.233228 0.344026 0.123329 0.775742 0.727109 0.100000 0.891905 1.194586 0.554134 0.845452 0.350384 0.348185 0.660148 0.100000 0.100000 0.655243 0.102330 0.871188 0.478102 0.796387 0.391527 0.921199 0.100000 1.065321 0.100000 0.328654 0.100000 0.610283 0.286273 1.089453 0.911960 
0.100000 0.100000 0.100000 0.950105 0.100000 0.952772 0.740607 0.175581 0.100000 0.725022 1.431686 0.767362 0.455275 0.100000 0.135217 0.100000 0.100000 0.365520 0.100000 0.606278 0.790910 1.044260 0.438150 0.471503 0.630801 0.715634 0.581024 0.100000 1.037345 0.100000 0.244567 0.100000 0.212060 0.100000 0.100000 0.100000 0.427506 0.100000 0.164595 0.464118 0.100000 0.199598 0.289329 0.100000 0.279636 0.897795 0.725986 0.100000 0.718790 0.673717 0.100000 0.378268 0.447031 0.356922 0.225915 0.208409 0.410532 0.459981 0.200535 0.297241 0.310081 0.564179 0.100000 0.997765 1.451355 0.100000 0.930120 0.275431 0.792400 0.829384 1.290763 
1.435175 0.276243 0.249424 0.973030 0.900892 0.100000 0.849641 0.848172 1.119949 0.119648 1.106549 0.100000 0.713522 1.454598 0.100000 0.514787 0.100000 0.100000 0.657980 0.676253 1.169688 0.100000 0.120457 1.186065 0.274690 0.243956 0.421524 0.100000 0.709884 0.138285 0.282848 0.100000 1.295380 0.740083 0.412277 0.844876 0.493683 0.100000 0.562276 0.445371 0.840975 0.100000 0.100000 1.060901 0.749886 0.208938 0.476271 0.303039 0.121808 0.100000 0.559930 0.392844 0.675094 0.241931 0.243658 0.100000 0.657436 1.803684 0.379824 0.914793 0.538756 0.844308 0.355070 0.100000 0.100000 0.931062 0.440603 0.682860 1.687799 0.100000 1.283947 
0.723003 0.100000 0.100000 0.522410 0.100000 0.100000 1.161951 0.257314 0.608017 0.514198 0.998423 0.544838 1.313451 0.780364 0.100000 0.816905 0.321086 1.853562 0.100000 0.732023 1.099349 1.117943 0.100000 0.100000 0.337183 0.876888 0.517205 0.418356 0.606521 1.023182 0.685410 0.466126 1.155247 0.100000 0.100000 0.214373 0.488184 0.247802 0.157407 0.288880 0.403392 0.100000 1.112635 0.578033 1.091527 0.325421 0.835769 1.138090 0.100000 1.105639 0.645254 1.044306 0.291008 0.400374 0.100000 0.100000 0.399636 1.674594 1.064581 1.301801 0.100000 0.578841 0.100000 0.100000 0.164629 0.100000 0.774107 1.041901 0.936210 0.100000 0.460763 
1.067917 0.696305 0.727605 0.100000 0.745734 0.312266 0.616389 0.486342 0.151174 0.100000 1.611377 0.740114 0.100000 0.567097 0.667438 0.369453 0.100000 1.331858 0.100000 0.155743 0.100000 0.100000 0.704874 0.100000 0.475573 0.376518 0.212027 0.407652 0.953118 1.199211 0.100000 0.342896 0.756014 0.763788 0.100000 0.100000 0.556864 0.100000 0.100000 0.660943 0.100000 1.290371 0.469427 0.797520 1.891527 0.686231 0.432108 0.100000 0.100000 0.100000 0.795239 0.617498 0.167892 0.829986 0.100000 0.100000 0.100000 0.734090 0.574632 1.521285 0.100000 0.909705 0.725083 0.949416 0.414739 0.100000 0.122926 1.641103 0.786399 0.368096 0.156063 
0.502751 1.377204 0.100000 0.100000 0.209494 0.203864 0.506341 1.406725 0.874242 0.100000 0.868287 0.820327 0.100000 0.948685 0.100000 0.851630 0.131679 0.446914 0.323463 0.100000 1.130452 0.546851 0.830483 0.100000 0.100000 0.308919 0.119149 0.100000 0.635996 1.162575 1.443053 1.261909 0.656712 0.100000 0.100000 0.643561 0.100000 0.803680 0.100000 0.143774 0.319357 0.367804 0.100000 0.476200 0.100000 0.100000 0.100000 0.820793 0.100000 0.862210 0.502236 0.795465 0.462882 0.325271 0.100000 1.524735 0.902524 1.213123 0.100000 0.206784 0.100000 0.703759 0.100000 0.922350 0.277505 0.498695 0.839848 0.104462 0.349609 0.100000 1.110365 
0.286178 0.254600 0.100000 0.425831 0.190470 0.466683 0.616925 0.100000 1.075773 0.533853 0.995130 0.100000 0.811486 0.103870 0.100000 0.122607 0.100000 0.521193 0.100000 0.100000 0.824912 0.144587 0.497484 0.100000 0.216565 0.100000 0.100000 0.393965 0.984889 0.100000 0.745234 0.637401 0.932129 0.100000 0.232261 0.773096 0.100000 0.100000 0.716023 0.100000 0.960711 0.297764 0.100000 0.662841 0.684337 0.100000 1.050543 0.100000 0.322690 0.330386 0.155995 0.100000 0.100000 0.100000 0.100000 0.100000 0.304145 0.605116 0.146648 0.658264 0.469319 0.100000 0.309099 0.100000 1.325166 0.100000 0.100000 0.958178 0.875482 0.820014 1.413339 
0.199988 1.467389 0.100000 0.121111 0.654061 0.100000 0.500379 0.199629 0.879857 0.201833 1.313727 0.100000 0.655606 0.919401 0.100000 0.448315 0.100000 0.100000 0.100000 1.024898 1.141622 0.541039 0.100000 0.204641 0.669038 0.485021 0.100000 0.100000 0.994419 0.402099 0.100000 0.303004 0.459343 0.100000 0.100000 0.609798 1.628866 0.972005 0.466131 0.100000 0.684914 0.100000 0.100000 1.185299 0.122761 0.540732 0.658518 0.798680 0.278976 0.436788 1.348427 0.928770 0.671563 0.379512 0.360904 0.175969 0.717150 0.706953 0.100000 0.100000 0.100000 1.651113 0.911910 0.459127 0.100000 0.100000 0.217820 1.172665 0.422443 0.100000 0.492869 
0.100000 1.276580 0.139015 0.347368 0.228396 0.100000 0.968915 0.585122 0.297749 0.762406 0.747601 0.330808 0.597821 0.366312 0.346243 0.659555 0.184491 0.100000 0.100000 0.380629 1.558737 0.538143 1.141057 0.263243 0.100000 1.046325 0.268290 0.652138 1.005439 0.944074 0.847233 0.100000 0.838383 0.525620 0.480724 0.861293 0.721342 0.610192 0.100000 0.154267 0.931117 0.599913 0.100000 0.100000 0.243940 0.260567 0.729414 1.183878 1.020748 0.171702 0.927415 0.401687 0.910942 0.100000 0.747799 0.100000 0.251293 0.309288 0.836137 0.632218 0.313821 1.038005 0.100000 1.494412 0.669310 0.274971 0.337615 0.448363 0.452084 0.865049 0.853888 
