92 Number of operations
29 Number of workers
Standard production times
0.436826 0.198809 0.331604 0.391055 0.455688 0.283821 0.369697 0.170513 0.277800 0.162097 0.574453 0.396892 0.633336 0.100000 0.551241 0.100000 0.330241 0.100000 0.539262 0.512992 0.495972 0.340811 0.315938 0.228077 0.318417 0.649516 0.100000 0.100000 0.538062 0.585624 0.717307 0.480261 0.146062 0.493841 0.660772 0.646257 0.445896 0.454722 0.266643 0.360484 0.497204 0.572092 0.100000 0.238532 0.100000 0.618461 0.282133 0.597837 0.392383 0.644536 0.657231 0.431644 0.169275 0.413947 0.588501 0.278597 0.308175 0.396599 0.569202 0.402256 0.238324 0.288863 0.302463 0.464080 0.450278 0.274325 0.171269 0.118233 0.100000 0.577667 0.456585 0.653838 0.442652 0.454075 0.641237 0.267259 0.435319 0.449011 0.525447 0.328855 0.654341 0.435189 0.258507 0.273181 0.373264 0.127782 0.139955 0.402008 0.189263 0.216243 0.401704 0.602541 
Production times: workers row and ops columns
0.100000 0.143304 0.356601 0.672974 0.287774 0.455550 0.806238 0.100000 0.128778 0.532117 1.080599 0.100000 0.875557 0.100000 0.797880 0.470710 1.003145 0.100000 0.329585 0.106959 0.994262 0.234582 0.100000 0.100000 0.650119 0.387048 0.100000 0.100000 0.550290 0.596587 0.673215 0.416949 0.288504 0.629517 0.100000 0.168922 1.117233 0.100000 1.028726 0.456753 0.113472 1.186008 0.154051 0.359439 0.182849 0.100000 0.929036 0.603246 0.372667 0.246234 0.286473 0.385077 0.205975 0.100000 0.538521 0.100000 1.219542 1.026638 1.270307 0.100000 0.100000 0.100000 0.100000 0.657842 0.100000 0.100000 0.145787 0.117187 0.100000 0.335172 0.699933 0.196322 0.622381 1.132867 0.202529 1.050855 0.395986 0.154425 1.169015 0.100000 0.473113 0.191733 0.100000 0.665519 0.707310 0.100000 0.100000 0.178367 0.480421 1.093280 0.165777 0.660030 
0.848402 0.100000 0.255484 0.228490 1.318649 0.217354 0.100000 1.272026 0.157856 0.292876 0.770660 0.805983 1.597618 0.100000 1.298701 0.100000 0.340939 0.100000 0.181417 0.109572 0.360004 0.696403 0.369646 0.117324 1.099928 0.365301 0.143333 0.100000 0.100000 0.258575 0.862400 0.824718 0.261262 0.577921 0.791726 0.568333 0.455405 1.021345 0.100000 0.446595 0.169070 0.835297 0.100000 0.286895 0.187823 0.274441 1.305360 0.546346 0.503610 0.291965 1.584236 0.905323 1.282313 1.251711 0.518181 0.818660 1.264900 0.571826 0.499093 0.100000 0.281392 0.100000 0.929039 0.599870 0.944121 0.257560 0.900975 0.100000 1.153901 1.026695 0.552440 0.603543 0.171838 0.660129 0.715995 0.272904 0.384982 0.333892 0.757929 1.109919 0.839379 1.278632 0.170243 0.525683 0.100000 0.177801 0.100000 1.110197 0.100000 0.100000 0.569713 1.466570 
0.100000 1.264614 0.100000 0.551258 0.385293 0.674036 0.100000 0.419668 0.100000 0.100000 0.430299 0.365136 0.132940 0.343135 1.363420 0.801606 0.100000 0.613239 1.040192 0.105300 0.100000 0.169100 0.144830 0.546406 0.435463 0.620603 0.957518 0.100000 0.938929 0.500691 0.637982 1.382011 0.100000 0.146828 0.100000 0.606516 0.100000 0.541490 1.924778 0.100000 1.080110 0.983935 0.100000 1.047101 0.629962 0.555963 0.952519 0.211398 0.100000 0.878359 1.409687 0.931015 0.100000 0.592539 0.174936 0.234519 0.100000 0.173511 0.712742 0.454292 0.100000 0.936585 0.100000 0.468983 0.726033 0.100000 0.700161 0.275684 0.100000 0.751660 0.100000 1.714640 0.100000 0.517727 0.670695 0.381004 0.651865 0.100000 0.375588 0.346767 0.408531 1.244542 0.959781 0.100000 0.477192 0.100000 0.100000 0.400928 0.100000 0.803455 0.288646 0.726714 
0.749574 0.491128 0.266478 0.100000 0.429942 1.027670 0.210308 0.655543 0.100000 0.440998 0.709356 0.532947 0.100000 0.444221 1.085373 0.100000 0.345580 0.100000 0.100000 0.100000 0.960526 0.100000 0.100000 0.100000 0.897691 0.524220 0.100000 0.564317 1.059019 0.474372 1.992105 1.226659 0.100000 0.606861 1.056216 0.676259 0.100000 0.765161 0.515983 0.501397 0.214495 0.646084 0.432481 0.386668 0.150168 0.100000 0.100000 0.872503 0.893315 0.226000 1.182982 0.819416 0.725984 0.716041 0.677901 0.100000 0.304534 0.187547 0.520116 1.010539 0.100000 0.100000 0.686358 0.365321 0.193040 0.100000 0.650740 0.629332 0.100000 1.590128 1.045117 0.419355 0.432424 0.362449 1.053840 0.100000 0.197386 1.467597 0.592640 0.100000 1.200199 1.156183 0.549644 0.100000 0.688998 0.100000 0.100000 0.354784 0.410150 0.867760 0.516451 0.745087 
0.100000 0.100000 0.100000 0.512973 0.177995 0.100000 1.203998 0.100000 0.378172 0.100000 0.439727 0.100000 0.966799 0.100000 0.571560 0.100000 0.352821 1.062355 0.143642 0.100000 0.623953 0.436134 0.100000 0.879370 0.306086 1.000029 0.394717 0.100000 0.911112 0.307448 0.276797 0.985187 1.039440 0.326223 0.823013 1.671865 0.115250 0.100000 0.100000 1.296505 0.980787 1.144303 0.100000 0.103049 0.100000 1.304293 0.100000 0.687005 0.272886 0.100000 0.271160 0.602589 0.436105 0.622365 1.169656 0.680509 0.129352 0.279606 0.167924 0.219148 0.976676 0.100000 0.663468 0.242003 0.100000 0.189229 0.100000 1.111696 0.199630 0.100000 0.661852 0.554700 0.261925 0.100000 0.100000 0.282638 1.001841 0.709728 0.504039 0.342387 0.359142 1.000518 0.358744 0.842360 0.457583 0.100000 0.100000 1.477748 0.100000 1.234214 0.100000 0.117039 
0.396963 0.639397 0.100000 0.899128 0.100000 0.100000 0.633482 0.100000 0.100000 0.100000 0.100000 0.950601 0.100000 0.100000 0.622597 0.100000 0.684905 0.100000 0.542484 0.346062 0.100000 0.100000 0.348089 0.423495 0.941325 0.100000 0.100000 0.100000 0.874725 1.489572 1.090937 0.983860 0.100000 0.811805 0.851401 1.349447 0.329113 0.331270 0.379310 0.388942 0.100000 0.920984 0.100000 0.565686 0.100000 1.516462 0.290899 0.347045 0.832314 0.652558 0.151349 0.975436 0.100000 0.785614 1.137332 1.112600 0.100000 0.581836 0.731550 1.308960 0.100000 0.415976 0.354073 0.856740 0.846305 0.100000 1.184573 0.573696 0.974010 0.605591 0.900372 0.849924 1.051507 1.177674 0.100000 0.451133 0.461454 1.033570 1.065786 0.976075 0.703539 0.327850 0.781456 0.100000 0.148557 0.100000 0.734472 0.100000 0.100000 0.100000 0.461582 0.717767 
0.467159 0.261026 0.100000 0.931956 0.267320 0.194849 0.398424 0.100000 0.745714 0.284644 0.100000 0.907674 0.683352 0.702168 1.234953 0.417380 0.830086 0.100000 0.957087 0.100000 0.894115 0.100000 0.481148 0.173293 0.590952 0.234193 1.486652 0.662547 0.919761 0.365369 0.758141 1.281650 0.565117 0.496821 0.222093 0.712023 0.576071 0.263414 1.580084 0.962454 0.307546 0.545438 0.100000 0.848672 0.100000 0.100000 0.210406 0.317143 0.385179 0.835197 0.544995 0.731311 0.816536 0.404759 0.100000 0.806239 1.399318 0.100000 0.100000 0.192041 0.606599 0.100000 0.100000 0.196017 0.445019 0.402397 0.100000 0.100000 0.200922 1.062830 0.525142 0.709937 0.100000 0.479005 0.100000 0.652739 0.546345 0.737907 0.568146 0.335345 1.550000 1.045353 0.100000 0.100000 0.469272 0.575215 0.100000 0.100000 0.100000 0.100000 0.100000 1.084818 
0.875594 0.100000 0.936607 0.234038 0.722886 0.758017 0.446412 0.100000 0.100000 0.100000 1.618666 0.516694 0.100000 0.100000 0.275510 0.100000 0.465472 0.134969 0.678935 0.155315 1.230817 0.636635 0.100000 0.100000 0.719634 0.396679 0.270268 0.289898 0.139162 0.100000 1.222171 0.100000 0.534384 0.100000 0.742990 1.368353 0.172040 0.100000 1.079735 0.592892 0.779324 0.100000 0.222949 0.454859 0.100000 0.281392 0.167801 1.012420 0.525319 0.222440 0.100000 0.383359 0.148590 0.840430 0.811753 0.171261 1.278242 0.319405 0.399854 0.126166 0.392934 0.350014 0.100000 0.298590 0.680684 0.100000 0.100000 0.100000 0.100000 0.253782 0.100000 0.100000 1.403237 0.858932 0.456818 0.796729 0.353776 0.749311 0.100000 0.100000 1.044189 0.869090 0.100000 0.100000 0.283778 0.100000 0.100000 0.120651 0.450000 0.100000 0.362522 1.442521 
0.100000 0.100000 0.829260 0.595615 1.084825 0.100000 0.618009 0.100000 0.711262 0.280601 0.205736 0.501686 1.036828 0.100000 0.672652 0.421911 1.005737 0.100000 0.673814 0.550788 0.663274 0.290782 0.919417 0.798313 0.100000 0.100000 0.620335 0.100000 0.100000 0.424859 0.506164 0.304235 0.100000 0.741843 1.005893 0.100000 0.918453 0.144867 0.671990 1.207084 0.100000 0.351716 0.982850 0.100000 0.635452 1.130185 0.100000 0.839774 0.485437 0.100000 1.105217 0.100000 0.553721 0.883087 1.001226 0.414085 0.100000 0.606764 0.392729 0.286536 0.912520 0.588219 0.100000 0.611857 0.974930 0.715607 0.555018 0.100000 0.185251 0.211952 0.700233 1.238483 0.807756 0.343689 0.958686 0.361206 1.516062 0.373991 0.290038 0.403848 1.255714 0.902536 0.334112 1.091778 1.069198 0.100000 0.348071 1.051989 0.611822 0.440305 0.924260 0.387054 
0.867110 0.175229 0.724583 1.135886 0.460348 0.486985 0.441713 0.100000 0.440471 0.118345 0.792197 0.100000 0.118636 0.181299 0.899528 0.958018 0.625252 0.100000 0.678623 0.100000 0.482728 0.100000 1.037891 0.100000 1.182022 0.571494 0.100000 0.100000 1.372024 0.946347 0.460183 0.576775 0.174778 0.252021 0.549979 0.383305 0.590056 1.158680 0.662558 0.436978 1.190641 1.095052 0.100000 0.100000 0.100000 1.446908 0.100000 0.299106 0.371587 0.100000 0.616834 0.100000 0.110485 0.684548 0.274437 0.859268 0.171340 0.100000 0.491501 1.136928 0.414644 0.100000 0.100000 0.301299 0.100000 0.100000 0.100000 0.182647 0.100000 1.000638 0.291033 0.398548 0.239885 0.100000 0.100000 0.762219 0.741164 0.654029 0.100000 1.719774 0.100000 0.100000 0.100000 0.193392 0.390741 0.500537 0.100000 1.347333 0.100000 0.563365 0.311987 0.100000 
0.181215 0.211419 0.814859 0.100000 0.562411 0.100000 0.548781 0.100000 0.464844 0.100000 1.063674 0.869920 0.842532 0.624645 1.043895 0.242642 0.100000 0.100000 1.015650 1.548964 1.030171 0.407382 0.433043 0.100000 1.008861 0.100000 0.100000 0.100000 0.546057 1.323177 0.100000 0.107923 0.308007 0.968199 0.552429 0.225980 0.897517 0.418454 1.031729 0.100000 0.941914 0.100000 0.100000 0.100000 1.234210 0.214484 0.100000 0.317274 1.137877 0.820927 0.881208 0.374944 0.100000 0.100000 0.807046 0.225912 0.747550 0.100000 0.753878 0.413542 0.797543 0.100000 0.626178 0.100000 0.100000 0.100000 0.100000 0.100000 0.100000 1.012790 0.942527 0.366880 1.442539 0.667200 0.205620 0.100000 0.232834 0.100000 1.403461 0.100000 0.100000 0.100000 0.100000 0.100000 0.100000 0.206432 0.269099 0.481396 0.100000 0.539097 0.694730 0.265779 
0.196903 0.786209 0.459094 0.100000 0.921458 0.100000 0.399099 0.100000 0.313193 0.356407 0.930138 0.578099 1.178685 0.100000 0.278250 0.100000 0.320606 0.281750 0.100000 0.710883 0.248835 0.521768 0.704297 0.100000 0.123278 0.365714 0.136529 0.620026 0.100000 0.216577 0.422828 0.222250 0.153674 0.100000 0.770082 0.452792 0.309444 0.880006 0.124327 0.100000 0.330749 1.390187 0.315718 0.100000 0.100000 0.633060 1.017240 0.100000 0.100000 0.324420 0.100000 0.100000 0.231718 0.410891 0.626671 0.687960 0.881466 0.633543 0.776489 0.100000 0.100000 0.311323 0.264504 0.602048 0.258927 0.301548 0.100000 0.598488 0.100000 0.684828 0.687637 0.954064 0.100000 1.056115 1.627136 0.100000 0.131360 0.362674 1.045557 0.837640 0.190949 0.100000 0.118039 0.647118 0.100000 0.100000 0.100000 1.686284 0.100000 0.100000 0.100000 0.609109 
0.300249 0.429319 0.173834 0.216350 1.225133 0.100000 0.948066 0.382076 0.990608 1.588381 0.532648 0.469382 0.242034 0.155814 0.100000 0.100000 0.607630 0.903154 0.100000 1.767713 0.641396 0.291735 1.012307 0.706170 1.028708 0.298093 0.100000 0.100000 0.100000 0.657828 0.549357 0.733539 0.523057 0.480383 1.195654 0.100000 0.130653 1.364253 0.342022 0.100000 0.300870 1.228775 0.100000 0.655976 0.397028 0.544410 1.022456 0.146113 0.100000 0.377462 0.440432 0.371913 0.495319 0.224857 0.245377 1.127273 0.297770 0.481445 1.328718 0.698568 0.941495 0.604229 0.161435 1.907415 0.942795 0.215223 0.160349 0.163166 0.603985 0.100000 0.714802 0.100000 0.329790 0.408922 0.100000 0.100000 0.512685 0.100000 0.705157 0.100000 0.489654 1.188126 0.100000 0.223487 0.100000 0.100000 0.100000 0.100000 1.043345 0.354621 0.100000 0.653435 
0.138688 0.100000 0.100000 1.024464 0.846092 0.182929 0.642105 0.277736 0.531827 0.100000 0.100000 0.273513 1.133022 0.100000 1.368615 0.100000 0.100000 0.569075 0.100000 1.371635 0.440849 0.292292 0.533282 0.100000 0.527360 0.100000 0.285953 0.100000 0.247370 0.436020 0.177033 0.630955 0.245937 0.175855 0.842639 1.142891 0.248243 0.881409 0.711559 0.100000 0.137356 0.100000 0.100000 0.195390 0.100000 0.665402 0.276147 0.293732 0.698633 1.671737 0.226406 1.331221 0.362272 0.977207 0.699962 0.193503 0.200200 0.100000 0.739223 0.442782 0.100000 0.100000 0.820957 0.727912 0.510554 0.100000 0.425063 0.964052 0.100000 0.664088 0.877320 0.459747 0.832131 0.483104 1.261190 0.525560 0.405648 0.100000 0.100000 0.228974 1.693035 0.176759 0.291995 0.653337 0.254531 0.100000 0.100000 0.100000 0.100000 0.100000 0.257935 1.321112 
0.253501 0.550160 0.100000 0.542840 0.786355 0.100000 0.100000 0.581277 0.113737 0.217164 0.605315 0.100000 1.033210 0.247334 0.395176 0.100000 1.097970 0.100000 0.876013 0.820209 0.864952 0.807812 0.429445 0.100000 0.316712 0.963160 0.410623 0.100000 0.693237 1.356786 0.697352 0.359573 0.903328 0.183171 0.657977 0.951130 1.515184 0.100000 1.164737 0.807759 0.305767 0.100000 0.234466 0.878132 0.100000 0.467400 0.346993 1.035507 0.878570 1.193760 0.206142 0.549936 0.100000 0.137082 0.589849 0.194271 0.449824 0.208154 0.346788 0.100000 0.343458 0.100000 0.353343 1.027691 0.100000 0.257137 0.100000 0.327485 0.100000 1.702501 1.058120 0.880179 0.100000 0.447101 1.785614 0.100000 0.672279 0.249237 0.143117 0.513410 1.022720 0.831673 0.489835 1.562618 0.100000 0.123983 0.900769 0.100000 0.618182 0.373385 0.117765 1.572923 
0.100000 0.278661 0.473572 0.886790 1.001621 1.011235 0.826129 0.100000 0.233165 0.504386 0.895107 0.100000 0.783901 0.100000 0.888312 0.100000 0.100000 0.100000 0.833339 0.408096 0.298652 0.100000 0.957122 0.100000 0.100000 0.274251 0.100000 1.170135 0.748597 1.510670 0.741763 0.100000 0.419596 0.889710 0.559228 0.100000 0.100000 0.266349 0.194780 0.100000 1.194171 0.667037 0.100000 0.504344 0.750190 0.877299 0.295740 0.898765 0.304706 0.537119 1.493768 0.863831 0.100000 0.100000 0.965060 0.769648 0.484199 0.862262 0.486692 1.437191 1.014734 0.100000 0.100000 0.711015 0.100000 0.153283 0.100000 0.327545 0.283526 0.576317 0.586369 0.874621 0.726657 0.913653 0.100000 1.112787 0.631266 0.393663 0.247077 0.773150 1.576322 0.707506 0.100000 0.818929 0.457602 0.100000 0.100000 1.115957 0.686644 0.697030 0.261800 1.036864 
1.281884 0.682866 1.000684 0.100000 0.148683 0.100000 0.100000 0.100000 0.401144 0.100000 1.246086 0.639088 0.315769 0.134905 0.100000 0.100000 0.760959 0.100000 1.563284 0.100000 0.337058 0.231639 0.899815 0.232926 0.710543 0.411932 0.264349 0.100000 0.100000 0.100000 0.100000 0.812323 0.152165 0.313254 0.839190 0.973243 0.638713 0.906409 0.100000 0.100000 0.980182 0.947640 0.100000 0.489083 0.100000 0.100000 0.542203 1.188497 0.100000 0.773523 0.181875 0.983707 0.445432 1.437643 1.504359 0.228858 0.280760 0.100000 0.462129 0.100000 0.915278 0.310618 0.690854 0.100000 0.260424 0.501001 0.279442 0.100000 0.515289 0.100000 0.100000 0.668667 0.100000 0.120352 0.100000 1.328745 0.228317 0.122338 0.569932 0.100000 0.702396 0.964609 0.187756 0.100000 0.898591 0.844709 0.438043 0.100000 0.100000 0.290337 0.266483 1.087298 
0.100000 0.100000 0.126694 0.975490 0.467544 0.617939 0.805336 0.556373 0.341825 0.100000 0.353586 0.100000 0.100000 0.100000 0.904299 0.100000 0.364222 0.263236 0.365402 1.082495 0.100000 0.100000 0.411603 0.356202 1.632883 0.100000 0.100000 0.100000 0.634447 0.846400 0.100000 0.100000 0.100000 1.006128 0.100000 0.824608 0.205658 0.644619 0.933002 0.567534 0.217984 0.254285 0.244625 0.100000 0.110783 0.822373 0.191438 0.655423 0.167995 1.142269 0.100000 0.198984 0.100000 1.176397 0.407950 0.100000 0.100000 0.630628 0.974386 0.683983 0.100000 0.345284 0.100000 0.100000 0.100000 0.100000 0.764745 0.100000 0.100000 0.868983 1.198625 1.874752 0.817529 0.478336 0.515854 0.214873 0.100000 0.522755 0.100000 0.100000 0.236590 0.624474 0.979768 0.574227 0.100000 0.100000 0.513740 0.915385 0.100000 0.100000 0.100000 0.111877 
0.100000 0.191583 0.100000 0.760996 1.389711 0.380757 0.585488 0.100000 0.100000 0.421440 1.251315 1.447826 1.454110 0.100000 0.100000 0.100000 0.100000 0.100000 0.771746 0.100000 0.100000 0.100000 0.135755 0.161740 0.292722 0.513001 0.100000 0.100000 1.064219 1.018279 0.758991 0.100000 0.100000 0.295066 0.826824 0.100000 1.015141 0.100000 0.786212 0.701705 0.491378 0.964169 0.100000 0.520323 0.626400 0.100000 0.998820 0.386922 0.421694 0.373002 0.548850 0.100000 0.493736 0.673722 0.800566 0.100000 0.100000 0.161408 0.371235 0.449461 0.210102 0.397682 0.414528 0.799671 0.100000 0.100000 0.445003 0.792135 0.122501 0.283144 1.024313 0.288615 0.100000 1.002177 1.059925 0.990230 0.817590 0.230637 0.824101 0.100000 0.353765 0.259130 0.801819 0.100000 0.942712 0.585148 0.566194 0.111907 0.225297 0.596409 0.699904 1.319212 
0.100000 0.100000 0.208755 1.308490 0.751264 0.481219 1.006816 0.100000 0.456311 0.182953 0.724251 0.394820 1.372851 0.258676 0.555297 0.103603 0.100000 0.100000 0.749315 0.326727 0.100000 0.100000 0.337505 0.551777 0.359184 0.249068 0.100000 0.803766 0.883771 0.431847 0.778811 1.124550 0.100000 0.285741 0.430785 0.946855 0.100000 1.260239 0.100000 0.538738 1.082614 0.695424 0.613051 0.100000 0.100000 0.855298 0.641336 0.706846 0.538166 0.846336 1.004308 0.100000 0.100000 0.628258 0.100000 0.100000 0.207452 0.892165 1.031581 1.002799 0.100000 0.690357 0.100000 0.276941 0.100000 0.890515 0.684851 0.595883 0.100000 0.997172 0.942879 0.100000 0.479042 0.311393 0.835096 0.564794 0.323382 0.467341 0.557517 0.100000 0.271636 0.561361 0.153006 0.100000 0.100000 0.908192 0.314145 0.330864 0.143293 0.100000 0.589756 0.621226 
0.759654 0.100000 0.100000 0.100000 0.100000 0.392087 0.663225 0.100000 0.100000 1.013515 0.311887 0.100000 1.988484 0.100000 0.475649 0.100000 0.100000 0.752541 0.674613 0.498562 0.825631 0.100000 0.100000 0.100000 0.313590 1.722361 0.394793 0.100000 0.223908 0.553423 0.804504 0.100000 0.100000 0.280399 0.100000 0.375399 0.369020 0.475080 0.100000 0.592141 0.100000 0.457944 0.100000 0.100000 0.100000 0.100000 0.100000 0.921815 0.728897 0.463457 0.897388 0.439218 0.100000 0.100000 0.247158 0.490154 0.210743 0.967485 0.213813 0.882331 0.100000 0.738311 0.100000 1.002958 0.375214 0.149777 0.100000 0.131172 0.315176 0.537830 0.738435 1.455884 0.514765 0.100000 1.266046 0.856222 0.497695 0.290248 1.157937 0.394667 0.939325 0.100000 1.131994 0.124369 0.333013 0.100000 0.100000 0.100000 1.102173 0.100000 1.253698 0.512253 
0.100000 0.291426 0.255082 0.985847 0.132938 0.100000 0.100000 0.463388 0.801099 0.100000 0.171059 0.100000 0.208106 0.100000 0.347944 0.100000 0.323203 0.100000 0.280105 0.219672 0.163400 0.100000 0.749161 0.100000 0.100000 0.100000 0.100000 0.219751 1.297713 0.713719 0.351444 0.823110 0.342843 0.440142 0.422291 1.388122 0.240986 0.100000 0.515091 0.320623 0.782165 0.301698 0.100000 0.661337 0.100000 0.409349 1.512244 0.100000 0.569994 1.925311 0.433971 0.887623 0.174222 0.527547 1.243294 0.388669 0.506035 0.100000 0.177816 0.725720 0.100000 0.179267 0.318423 1.040321 0.526306 1.280386 0.238399 0.466049 0.855790 0.432916 0.317026 1.744762 0.364069 0.100000 0.320327 0.620471 0.100000 0.223292 0.685966 0.100000 0.444679 0.320219 0.171574 0.442408 1.563074 0.100000 0.100000 1.127477 0.799392 0.365364 0.100000 0.723138 
0.100000 0.100000 0.855704 0.361773 1.245756 0.556530 0.100000 0.645396 0.100000 0.100000 0.674866 0.381459 0.271955 0.329938 0.710707 0.299668 0.231636 0.248161 0.269498 0.100000 1.023724 0.100000 0.100000 0.703736 0.688430 0.572132 0.100000 0.947660 0.315942 0.373836 1.902686 0.574181 0.837905 0.399164 0.100000 1.298977 0.509615 0.100000 0.289093 0.100000 0.818983 0.100000 0.100000 0.100000 0.450934 0.145083 0.341519 1.329961 0.100000 0.946824 0.499628 0.100000 0.430846 0.100000 1.528752 0.100000 1.124606 1.528264 0.768299 0.308016 0.280376 0.125660 0.554674 0.782095 0.623024 0.430863 0.666411 0.281976 0.743778 0.775156 0.665825 0.506583 1.180557 0.100000 1.768998 0.100000 0.690174 0.700274 1.411280 0.477311 0.700357 0.100000 1.125909 0.382073 0.100000 0.160510 0.700753 0.786849 0.614301 0.346310 0.100000 1.349666 
0.100000 0.100000 0.100000 0.436653 0.942232 0.294091 0.100000 1.441056 0.211099 0.122744 0.904437 0.116304 0.224149 0.100000 1.496508 0.258129 0.733739 0.100000 0.100000 1.000750 0.716014 0.312209 0.725396 0.100000 0.100000 0.174755 0.100000 0.288897 1.230620 1.128400 0.100000 0.100000 0.138105 0.753532 0.596397 0.592842 0.100000 0.872477 0.163105 0.100000 0.197399 1.144067 0.100000 0.189607 0.100000 0.321946 0.100000 0.225162 0.752076 1.700037 0.790473 0.386133 0.244054 0.669903 1.307842 0.488758 0.100000 1.021992 0.820008 0.893443 0.100000 0.100000 0.155288 0.360283 0.366691 0.601245 0.958765 0.100000 0.100000 1.394821 0.736037 0.293715 0.100000 0.290465 0.636961 0.100000 1.057480 1.427870 0.300416 0.116123 0.596276 0.416012 0.389270 0.100000 0.100000 0.100000 0.502016 0.703749 0.100000 0.340861 0.224196 0.925069 
0.459764 1.010448 1.097118 0.800058 0.108289 0.589082 0.796383 0.523496 1.077453 0.327100 0.702872 0.100000 0.768452 0.100000 0.121400 0.345564 0.720413 0.596680 0.669249 0.153385 1.198233 0.369158 0.100000 0.100000 0.526314 0.123782 0.100000 0.372490 0.764111 1.761901 0.100000 0.565776 0.843534 0.100000 0.771077 0.273933 0.586552 0.100000 0.100000 0.349669 0.636202 0.100000 0.427382 0.389272 0.100000 0.951196 0.643612 0.690698 0.371167 0.785859 0.941433 0.100719 0.100000 0.451809 0.270251 1.488958 0.981227 0.100000 0.538575 0.670871 0.526026 0.247724 0.748808 1.269464 0.143907 0.596493 0.272069 0.620488 0.100000 0.806388 0.356359 0.573906 0.568473 0.640902 0.779827 0.332251 0.100000 0.100000 0.325505 0.100000 0.762434 1.082093 0.991898 0.204146 0.100000 0.877164 0.301454 0.657053 1.461435 0.100000 0.158004 0.100000 
0.559165 0.704056 0.678571 0.868075 1.495872 0.301775 0.100000 0.100000 0.100000 0.100000 0.100000 0.804489 0.866314 0.100000 0.386406 0.100000 0.100000 0.542695 0.387416 1.491077 1.113665 0.712273 0.530990 0.881572 0.100000 0.135869 0.204016 0.612468 0.326570 0.102796 1.025067 1.714839 0.100000 0.100000 1.393920 0.462578 0.100000 0.939349 0.300840 1.066411 1.068620 0.358979 0.362871 0.719600 1.098664 0.100000 0.747355 0.304535 0.100000 1.055082 0.371727 0.679087 0.400676 0.840651 0.497390 0.389049 0.183053 0.204850 0.619219 1.420659 0.100000 0.100000 0.100000 1.075428 0.315829 0.907712 0.337915 0.466429 0.935985 1.165214 1.663815 0.462488 0.436433 0.151426 0.224932 0.100000 0.170656 0.246640 0.100000 0.741135 1.397877 0.492441 0.458005 0.229141 0.525333 0.194794 0.100000 0.737515 0.817165 0.100000 0.401746 1.563061 
0.337365 0.559823 0.587709 0.691918 0.794681 0.174027 0.717489 0.224912 0.531295 0.100000 1.220115 0.204463 0.179362 0.457335 1.324951 0.356128 0.650329 0.100000 0.350011 0.306728 0.588759 0.787010 0.100000 0.568236 0.100000 0.381647 0.100000 1.349174 0.398834 1.099304 0.993615 0.100000 0.149666 1.199006 0.837350 0.710092 0.902966 0.100000 0.100000 1.234007 0.100000 0.925143 0.100000 0.442305 0.329214 0.589464 0.100000 0.882388 0.974213 1.262487 0.100000 0.100000 0.211927 0.866390 0.420511 0.100000 0.645743 0.312058 0.168049 0.472929 0.979727 0.582156 0.495138 0.465156 0.100000 0.100000 0.100000 0.595436 0.100000 0.389697 0.200071 1.151587 0.214108 0.369278 0.965826 0.597527 0.733943 0.653905 0.536196 0.100000 0.654552 0.634049 0.100000 0.759644 0.749263 0.100000 0.100000 0.527292 0.712481 0.100000 0.727591 0.904818 
0.118764 0.575063 0.628171 0.100000 0.359413 0.100000 0.100000 0.217827 0.674444 0.284819 0.522803 0.350181 0.100000 0.324019 0.648429 0.304214 0.751564 0.100000 0.100000 1.074908 0.905222 0.673882 0.235549 0.100000 0.725916 0.100000 0.289986 0.100000 0.100000 0.100000 0.484217 0.100000 0.100000 0.100000 0.129044 0.100000 0.467691 0.283911 0.107933 0.422172 0.100000 0.588541 0.100000 0.100000 0.862278 0.579106 1.165206 0.368455 0.272443 0.268736 0.399904 0.395168 0.100000 0.505909 0.577683 0.444931 0.577426 0.585676 0.100000 0.814384 0.440102 0.100000 0.109146 0.756944 1.156047 0.151762 0.100000 0.100000 0.100000 0.131375 0.711639 0.404483 0.177876 0.111646 0.100000 0.100000 0.436293 0.287166 0.100000 1.103386 0.373408 0.520134 0.100000 0.629482 1.235234 0.422221 0.100000 0.314046 0.100000 0.622788 0.100000 0.141061 
0.369760 0.473735 1.168985 0.100000 0.569712 0.100000 0.436722 0.776662 0.100000 0.100000 0.942183 1.228353 1.514670 0.100000 0.407251 0.100000 0.100000 0.100000 0.100000 1.112267 0.566668 0.188594 0.100000 0.506335 0.100000 0.680742 0.100000 0.637021 1.048782 0.608675 1.020975 0.227905 0.373263 0.292606 0.747573 0.413652 0.913795 0.623449 0.100000 0.100000 1.034903 0.100000 0.165844 0.100000 0.100000 0.290191 0.204148 0.596448 0.581267 0.710723 0.100000 1.117743 0.100000 0.989999 0.629295 0.104837 0.111131 0.100000 0.864771 0.100000 0.100000 0.100000 0.100000 0.467789 0.100000 1.078755 0.316419 0.100000 0.100000 0.259499 0.908129 0.842339 1.034720 0.685526 0.133280 0.555737 0.428134 1.097140 1.083824 0.726752 1.312847 0.123780 0.654317 0.100000 0.100000 0.100000 0.100000 0.908256 0.100000 0.140245 1.279619 0.100000 
