70 Number of operations
25 Number of workers
Standard production times
0.431422 0.415806 0.632531 0.683226 0.286215 0.420272 0.398332 0.100000 0.576937 0.689330 0.173401 0.100000 0.242089 0.226778 0.347939 0.430432 0.423677 0.574789 0.725271 0.297183 0.104211 0.508723 0.344587 0.500016 0.661125 0.412581 0.100000 0.609606 0.100000 0.239774 0.189881 0.388917 0.383889 0.490059 0.737636 0.100000 0.370000 0.100000 0.100000 0.545827 0.457696 0.603952 0.719947 0.540575 0.304567 0.420317 0.453233 0.542231 0.250294 0.405335 0.483777 0.285345 0.354561 0.522466 0.676105 0.253247 0.584923 0.446229 0.288549 0.432568 0.251576 0.542891 0.440783 0.100000 0.551508 0.354551 0.349919 0.562381 0.314275 0.478738 
Production times: workers row and ops columns
0.771514 0.474902 0.364466 1.035048 1.000271 0.100000 0.100000 0.100000 0.917891 1.218997 0.100000 0.403268 0.100000 1.285795 0.376187 0.570078 0.969987 0.916180 0.100000 1.009939 0.872168 0.370744 0.100000 0.883506 0.100000 0.691394 0.255686 0.260098 0.175209 0.157057 0.667542 0.210624 0.632326 0.100000 0.639467 0.148475 0.100000 0.212946 0.100000 0.100000 0.303307 0.464725 0.659604 0.179069 0.428481 0.100000 0.355657 1.549420 0.223817 0.539274 0.270440 0.100000 0.100000 0.887770 0.100000 0.100000 1.392222 0.100000 1.081831 0.176053 0.549938 0.903252 0.650052 0.216699 0.466670 0.395280 0.299730 0.312647 0.403019 0.430700 
0.339901 0.391651 1.356565 0.892095 0.234206 0.221691 0.443711 0.711822 0.217247 0.617771 0.100000 0.100000 0.100000 0.585917 0.176149 0.328522 0.100000 0.552876 1.286896 0.493420 0.127081 0.100000 0.201752 0.100000 0.100000 0.393705 0.100000 0.362962 0.209891 1.223430 0.100000 0.100000 0.100000 1.370327 0.688448 0.100000 0.100000 0.149281 0.100000 0.301448 0.820482 1.337531 0.482181 0.190169 0.452045 0.100000 1.526035 0.100000 0.100000 0.769064 1.204000 0.100000 0.100000 0.100000 1.229887 0.270275 0.261621 0.640984 1.161585 0.100000 0.100000 1.063713 0.100000 0.333047 0.557553 0.838293 0.100000 0.594634 0.186787 0.100000 
0.100000 0.100000 1.008561 0.985135 0.677274 0.100000 0.936867 0.289056 0.100000 0.100000 0.960329 0.100000 0.306568 0.689585 0.569372 1.500296 1.283072 0.243067 1.321371 0.100000 0.100000 0.100000 0.350499 0.143014 0.100000 0.100000 0.100000 0.860924 0.100000 0.162690 0.206373 0.454596 0.100000 0.100000 1.423218 0.400843 0.163974 0.100000 0.292228 0.100000 0.100000 1.103363 0.861631 0.100000 0.100000 0.153339 0.100000 0.100000 0.100000 0.277767 0.716725 0.814421 1.491399 0.801641 0.919121 0.988474 0.652938 0.942865 0.100000 0.532192 0.100000 0.100000 0.100000 0.100000 0.499899 1.150068 0.100000 0.643249 0.158195 0.266324 
0.100000 0.100000 0.271488 0.100000 0.100000 0.571445 1.072027 0.558739 0.100000 0.413574 0.885822 0.311568 1.004720 0.345494 0.174048 0.782208 0.100000 0.100000 1.139728 1.018477 0.473713 0.256780 0.408261 0.576918 0.949983 0.100000 0.100000 0.406730 0.337274 0.100000 0.100000 0.821842 0.100000 0.890315 0.178983 0.250488 0.685186 0.100000 0.907631 0.880658 0.100000 1.576976 1.752929 0.193739 0.662481 0.680608 0.235389 1.451070 0.808315 0.100000 0.588320 0.496629 0.100000 0.794499 0.453996 0.841257 1.037780 0.100000 0.764073 0.100000 0.254733 1.324342 0.961405 0.415734 1.036193 0.263445 0.594784 0.100000 0.456229 0.789925 
0.722757 0.100000 1.220934 1.365189 1.043740 0.100000 0.254062 0.100000 0.311746 0.165137 0.459202 0.100000 0.100000 0.321694 0.154251 0.688257 0.420299 0.637100 0.291037 0.100000 1.006085 0.100000 0.717294 0.537404 0.926114 0.100000 0.555247 1.077094 0.100000 0.597305 0.100000 0.100000 0.374053 0.963072 0.100000 0.664337 0.100000 0.497638 0.100000 1.168959 0.100000 0.387721 0.104945 1.546324 0.100000 0.100000 0.100000 0.642058 0.100000 0.592546 0.884146 0.229166 0.527895 0.100000 0.722753 0.100000 0.128404 0.726226 1.544923 0.100000 0.541505 0.100000 0.157280 0.100000 0.715966 0.590460 0.100000 0.724266 0.125781 0.331527 
0.100000 0.644866 0.710008 0.566518 0.100000 0.100000 0.100000 0.262826 0.249633 0.855894 0.100000 0.303961 0.100000 0.100000 0.125887 0.100000 0.100000 0.346945 0.742201 0.332204 0.100000 0.872529 0.100000 0.687180 1.566476 0.750089 0.146461 0.555250 0.382153 0.795629 0.100000 0.456195 0.179076 0.100000 0.226619 0.526039 0.441961 0.100000 0.397323 0.249215 1.979752 0.689671 0.996979 0.114868 0.100000 0.442022 0.422042 0.530545 0.356245 0.572364 0.542596 0.100000 1.001075 0.934752 0.796328 0.212591 1.124544 0.790452 0.100000 1.006960 0.100000 1.474339 0.476318 0.100000 0.100000 0.100000 0.717344 0.100000 0.101021 0.100000 
0.654451 0.560486 0.573939 0.634844 0.545597 0.335299 1.227446 0.100000 0.100000 0.607345 0.100000 0.683609 0.542849 0.772654 0.996190 0.674699 0.819476 0.375977 0.701020 0.765105 0.734162 0.100000 0.100000 0.248349 0.996696 0.134580 0.332030 0.621800 0.365414 0.693865 0.155394 0.289755 0.580710 0.579349 0.665185 0.324255 0.588791 0.100000 0.370661 0.100000 0.695157 1.216490 0.100000 1.228636 0.652413 0.100000 0.161147 0.100000 0.100000 0.100000 0.459216 0.747827 0.300442 1.223781 1.229882 0.779481 0.996633 0.751513 0.100000 0.100000 0.680101 0.783362 0.242825 0.100000 0.100000 0.953126 0.476285 0.100000 0.839820 1.981274 
0.100000 0.708858 0.100000 0.100000 0.851964 0.100000 0.250630 1.022118 0.798669 0.207524 0.100000 0.250895 0.434390 0.100000 0.387439 0.886512 1.610074 0.100000 0.315121 0.100000 0.100000 0.171243 0.281359 0.893312 1.343331 0.100000 0.100000 0.570952 0.668572 0.570677 0.315969 0.996481 1.184933 0.913699 1.250862 0.246520 1.170709 0.100000 0.100000 0.865191 0.100000 0.100000 0.478454 0.446050 0.249032 1.249368 0.428205 1.085664 0.628668 0.303694 0.741993 0.100000 0.247082 0.687019 0.801305 1.030599 1.292915 0.571372 0.100000 0.100000 0.416754 0.637449 0.827463 0.100000 0.354403 0.512555 0.158064 0.810566 0.687867 0.100000 
0.100000 0.100000 0.174089 0.808707 0.636366 0.180597 0.666423 1.227280 0.691390 0.836621 1.059009 0.100000 0.100000 0.100000 0.500158 1.077470 0.100000 1.130143 0.511742 0.709342 0.275877 0.100000 0.599215 0.100000 0.706664 0.930436 0.100000 2.311780 0.100000 0.185104 0.675066 0.147486 0.100000 0.419268 0.799141 0.685711 1.249604 0.100000 0.100000 0.155115 0.126176 0.686313 1.099509 1.133827 0.195708 0.100000 0.600230 0.397212 0.100000 1.228274 0.266432 0.675319 0.729151 0.662171 0.100000 0.492992 0.353188 1.179194 1.203577 0.100000 0.237732 0.100000 1.264159 0.114251 0.100000 0.632742 0.322737 0.184080 0.638522 0.341357 
0.626339 1.222764 0.100000 1.573782 0.805220 0.100000 0.561786 0.100000 0.100000 1.015713 0.533051 0.195320 0.322329 0.100000 0.100000 0.371273 1.304139 0.897335 0.285016 0.100000 0.413981 0.491103 0.548707 0.183224 1.559927 0.293152 0.100000 0.387978 0.100000 0.100000 0.906700 0.433252 1.134055 1.291557 1.057231 0.793286 0.394537 0.450684 0.230980 0.601607 0.100000 0.639446 0.100000 0.717352 0.690474 0.100000 0.145450 0.716039 1.361513 0.934565 0.715738 0.100000 0.219569 0.100000 0.100000 1.007407 0.896079 0.488875 0.327251 0.355401 0.691628 1.846636 0.294939 0.100000 0.591754 0.481997 0.100000 0.186630 1.203557 0.292018 
1.116296 1.156304 1.295592 0.805209 0.487949 0.909851 0.100000 0.100000 0.606037 0.554121 0.100000 0.100000 0.253441 0.100000 0.461596 0.648732 0.358688 0.100000 0.793338 0.912627 0.299827 1.415084 0.403567 0.100000 1.060351 0.970703 0.100000 0.708148 0.977528 0.837338 0.881228 0.465047 0.100000 0.100000 0.747025 0.100000 1.297426 0.148886 0.709679 0.127643 0.584182 0.643973 0.764929 0.174557 1.371472 0.912075 0.340445 0.545791 0.943247 0.421452 1.232129 0.100000 0.519852 1.760545 1.509473 0.768385 0.100000 0.100000 0.985738 0.349659 0.100000 0.589112 0.212857 0.235809 0.100000 0.100000 1.111099 0.149043 0.274104 0.952003 
0.382835 0.306155 0.737093 0.371743 0.755073 0.350385 1.110581 0.469627 0.522895 0.442087 0.105104 0.100000 0.267114 0.161383 0.303891 0.100000 0.100000 0.856462 1.442662 0.100000 0.100000 0.692499 1.012198 0.377716 0.100000 0.467597 1.067648 0.851046 0.100000 0.839285 0.100000 0.100000 0.442094 0.441038 0.336204 0.947204 0.538301 0.457739 0.746093 0.351806 0.641622 1.281760 0.605325 0.404913 0.246114 0.900563 0.100000 0.404908 0.835297 0.390105 0.504475 0.100000 0.100000 0.593047 1.114993 0.398580 1.303314 1.114871 0.231677 0.894332 0.780888 0.345584 0.621046 0.100000 0.114716 0.100000 0.456250 0.615410 0.970265 0.862679 
0.269093 1.118063 0.493386 0.682411 0.121751 1.022313 0.779764 0.100000 0.100000 0.100000 0.385573 0.283245 0.377563 0.482616 0.288672 0.469232 0.665688 0.485775 0.940092 0.100000 0.100000 1.097841 0.334232 0.100000 1.714527 0.415137 0.227942 0.922263 0.237269 0.564991 0.100000 0.810014 0.358535 0.596306 0.839228 0.100000 0.505669 0.100000 0.803796 0.591815 1.018588 0.694303 1.014473 1.409126 0.100000 0.100000 0.100000 0.649833 0.436296 0.100000 0.100000 0.100000 0.708148 0.557535 0.334203 0.134120 0.767026 0.100076 0.394523 0.100000 0.446474 0.100000 1.451916 0.746430 0.100000 0.258535 0.100000 0.100000 0.736329 0.100000 
0.100000 0.529609 0.336240 1.976723 0.100000 0.100000 0.642878 0.100000 0.100000 0.100000 0.100000 0.847985 0.161048 0.261269 1.425010 0.960965 0.767779 0.553665 0.850716 0.367551 0.100000 0.113113 1.016656 1.267257 0.758955 0.260605 0.100000 0.771582 0.100000 0.470576 0.534155 0.100000 0.100000 0.455718 0.100000 0.100000 0.278821 0.100000 0.100000 1.234364 1.317396 0.902666 0.419574 0.255925 0.181275 0.799620 0.100000 1.300903 0.787772 0.857568 0.382322 0.552570 0.165715 0.100000 0.182663 0.388725 0.346173 0.380688 0.122371 0.654444 0.221369 0.595590 0.310292 0.100000 0.269841 0.221671 0.100000 0.100000 0.100000 0.796972 
0.345760 0.727534 0.403975 1.211876 0.470689 0.673346 0.323277 0.758969 0.411193 0.605011 0.269722 0.100000 1.056341 0.100000 0.100000 0.136628 0.445577 1.047809 0.100000 0.100000 0.483953 0.539057 0.303798 0.416939 0.393418 0.100000 0.666774 0.185058 0.100000 0.717841 0.100000 0.100000 0.715548 0.100000 0.964066 0.100000 0.100000 0.100000 0.573837 0.137509 0.100000 0.100000 0.920818 0.100000 0.476544 0.683390 1.235877 0.376865 0.100000 0.822326 0.214468 0.100000 0.485864 0.708115 1.288482 0.331937 0.721409 0.150156 0.100000 0.100000 0.183904 0.846335 0.745981 1.057831 0.743314 0.100000 0.100000 0.348155 0.100000 0.544451 
0.706645 0.100000 0.286429 0.100000 0.100000 1.773581 0.307401 0.100000 1.249636 0.458232 0.100000 0.423603 0.100000 0.429807 0.628711 0.279988 0.100000 0.100000 0.737897 1.194118 0.814298 0.683766 0.514200 0.304198 0.841736 0.193628 0.100000 0.801821 1.442703 0.100000 0.100000 0.100000 0.100000 0.434192 0.732197 0.100000 0.100000 0.261364 0.100000 0.705143 0.641352 0.212398 0.603208 0.856910 0.158244 0.100000 0.672330 0.148604 0.199353 0.638981 0.689786 0.100000 0.100000 0.100000 0.100000 0.718790 0.100000 0.296002 0.724138 0.617192 0.579687 0.622874 0.472291 0.452677 1.340595 0.100000 0.100000 0.100000 0.100000 0.359714 
0.116186 0.656988 0.609247 1.175494 0.100000 0.811947 0.100000 0.665702 0.752470 0.100000 0.100000 0.501995 0.629706 0.182941 0.370865 0.100000 0.501557 1.158659 0.464918 0.100000 0.100000 0.407576 0.192711 0.100000 0.100000 0.643716 0.211641 0.100000 0.100000 0.342953 0.100000 0.100000 0.336541 0.997185 0.100000 0.462073 0.736569 0.186964 0.100000 1.114259 0.570379 1.025277 1.218894 0.397967 0.100000 0.100000 0.407597 0.100000 0.666508 0.532075 0.458516 0.100000 0.802812 0.866999 1.093360 0.968070 1.137540 0.205665 0.736594 0.100000 0.588745 0.365437 0.100000 1.206376 0.770526 0.100000 0.773633 0.589844 0.100000 0.264521 
0.434708 0.757097 0.183406 0.712808 0.100000 0.321039 0.718885 0.175609 1.075271 0.177427 0.100000 0.100000 0.100000 0.100000 0.100000 1.211983 0.100000 0.658468 0.577635 0.328846 0.278454 0.100000 0.220284 0.317121 0.632458 0.528548 0.474622 0.100000 0.100000 0.947679 0.100000 0.100000 0.100000 0.273043 0.334922 0.100000 0.512269 0.766708 0.100000 0.462323 0.785836 0.987883 0.180387 0.100000 0.590855 0.100000 0.415051 0.625907 0.100000 0.291913 0.730697 0.660833 0.100000 0.412979 0.100000 0.108813 0.790168 0.692364 0.100000 0.100000 0.225259 1.256966 0.520708 0.923269 0.100000 0.100000 0.400004 0.661579 0.474177 0.309645 
0.211684 0.104640 0.100000 0.973020 0.100000 0.100000 0.748692 0.100000 0.177597 0.194395 0.100000 0.132622 0.100000 0.507898 0.944712 0.100000 0.130814 0.569160 0.100000 0.585988 0.794506 0.168614 0.323897 1.037313 0.552202 0.153779 0.100000 1.044977 0.100000 0.813302 0.329388 0.160419 0.844004 0.359391 0.747939 0.613324 0.213054 0.446886 0.100000 0.683666 1.782760 0.815936 0.628343 0.100000 0.678650 0.861880 0.100000 0.483622 1.065077 1.189325 0.319510 0.785364 0.423876 1.331406 0.551818 0.601782 0.654250 0.983014 0.100000 0.485197 0.255201 0.225727 0.334524 0.100000 0.788693 0.919247 0.681574 0.771660 0.100000 0.100000 
0.100000 0.519518 0.545842 1.376869 0.334977 1.028764 0.571325 0.100000 0.858628 0.922431 0.100000 0.100000 0.100000 0.100000 0.326400 0.255112 0.572942 0.100000 1.239916 0.998256 0.100000 0.369446 0.100000 0.479425 0.149963 0.417659 0.100000 0.696944 0.316182 0.100000 0.100000 0.100000 0.940517 0.764914 0.937563 0.340823 0.100000 1.001502 0.100000 0.100000 0.544838 0.364581 0.100000 1.187072 0.209907 0.601969 0.405632 1.007545 0.322083 0.824976 0.266945 0.100000 0.307466 1.032510 1.224376 0.119140 0.343091 0.100000 0.100000 0.100000 0.737697 0.464837 0.664940 0.855877 0.944215 0.100000 1.210474 0.499485 0.238016 0.100000 
0.100000 0.100000 0.647742 0.729933 0.100000 0.501300 1.197771 0.875912 1.043218 0.987908 0.397913 0.159853 0.100000 0.976704 0.970476 1.065494 0.482521 0.100000 0.964805 0.713779 0.563774 0.352863 0.181597 1.351124 0.670810 0.637751 0.100000 1.346807 0.100000 0.493627 0.350897 0.359574 0.100000 1.252530 0.486300 0.890158 0.396448 0.402218 0.100000 1.912742 0.926166 0.545870 0.100000 0.473970 0.100000 0.910461 1.053607 0.968185 0.266723 0.528744 0.991491 0.255816 0.100000 1.252886 0.758355 0.100000 0.402237 0.532057 0.100000 0.100000 0.100000 0.637618 0.250531 0.319828 0.361241 0.549591 0.193965 0.100000 0.997856 0.100000 
0.173609 1.360740 1.440640 1.469959 0.378402 0.597614 0.897888 0.100000 1.708761 0.943732 0.335325 0.815484 0.100000 0.100000 0.959111 0.346563 0.290304 1.272705 0.708169 0.100000 0.406070 0.724312 0.203350 0.100000 1.580787 0.244448 0.468502 0.156746 0.100000 0.343934 0.571096 0.552776 0.331625 0.100000 0.962351 1.197071 0.667227 0.534718 1.279418 0.593859 0.621847 0.629181 0.247279 0.651011 0.100000 0.739510 0.100000 0.620060 0.104300 0.100000 0.645149 0.100000 0.216852 0.102108 1.313719 0.100000 0.100000 0.329617 0.497124 0.454999 0.384535 0.100000 0.828656 0.458653 0.660944 0.324006 0.100000 1.068873 0.101686 0.100000 
0.252903 0.598898 0.802058 0.191616 0.139082 0.878420 0.100000 0.100000 0.388767 0.859963 0.100000 0.534881 0.151254 0.151619 0.305746 0.100000 0.100000 0.529074 0.100000 0.460548 1.178850 0.756925 0.100000 0.585466 0.100000 1.107087 0.824227 1.285967 1.185878 0.100000 0.912202 0.579264 0.958593 0.645022 0.100000 0.766294 0.923232 0.100000 0.288574 0.100000 0.100000 1.288688 1.637818 0.160819 0.258466 0.253140 0.854012 0.100000 0.147037 0.946465 0.702097 0.100377 0.934545 1.197647 0.275910 0.622825 0.496317 1.230652 0.430803 0.244785 0.100000 1.219320 1.191813 0.481040 0.374170 0.100000 1.003928 0.752151 0.118751 0.996080 
0.100000 1.419958 0.571886 1.080934 0.100000 0.630631 1.050218 0.100000 0.706055 0.594275 0.100000 0.100000 0.100000 0.209232 0.100000 0.695918 1.329585 0.327137 0.552345 0.100000 0.749125 0.100000 0.707668 0.408638 0.349918 0.758949 0.102683 0.660289 0.100000 0.100000 0.945319 0.100000 0.100000 0.617182 1.204463 0.100000 0.339816 0.174729 0.100000 0.936527 0.369515 0.100000 1.057198 0.951306 0.599132 0.751437 0.184806 0.444027 1.208499 0.499713 0.562837 0.934991 0.100000 0.263465 1.040718 0.217926 0.190587 0.386767 0.772073 0.384664 0.100000 0.100000 0.758567 0.100000 0.443476 0.294790 0.695620 1.298327 0.100000 0.989992 
0.100000 0.845365 1.409020 0.975091 0.221879 0.100000 0.656654 0.745066 1.712564 1.328719 0.950400 1.248937 0.100000 0.276411 0.100000 0.934954 0.331095 0.322399 0.986262 0.450845 0.100000 0.882090 0.102295 0.397862 0.487035 0.446894 0.100000 0.860663 0.655026 0.100000 0.100000 0.599663 0.805193 0.100000 0.948672 0.100000 0.327435 0.537864 0.100000 1.041478 0.100000 0.791006 0.110259 0.978881 0.492734 0.612285 0.185435 0.534404 0.100000 0.438362 0.414510 0.100000 0.100000 0.577268 0.146080 0.864144 0.372678 0.438116 0.911585 1.784605 0.166931 1.294736 0.363933 0.784332 0.739873 0.100000 0.568078 1.112507 0.100000 0.813728 
