86 Number of operations
29 Number of workers
Standard production times
0.206916 0.100000 0.307309 0.739447 0.500116 0.376503 0.359082 0.448263 0.549259 0.173485 0.105252 0.389269 0.764547 0.471622 0.450300 0.106250 0.495079 0.368889 0.100000 0.223823 0.278545 0.445154 0.450989 0.312916 0.296821 0.487008 0.505404 0.608179 0.115760 0.582185 0.485123 0.419048 0.488299 0.555228 0.278552 0.439367 0.510523 0.224525 0.618092 0.185210 0.766361 0.100000 0.441188 0.708389 0.100000 0.425689 0.330943 0.592972 0.310758 0.252648 0.780056 0.780055 0.362185 0.200777 0.625813 0.267481 0.592628 0.332465 0.714804 0.350509 0.113964 0.269853 0.345324 0.256244 0.371693 0.539256 0.379857 0.477060 0.505471 0.100000 0.561943 0.579695 0.650007 0.120067 0.100000 0.265155 0.391357 0.284427 0.611467 0.347499 0.487667 0.599642 0.198060 0.793126 0.336919 0.694679 
Production times: workers row and ops columns
0.100000 0.100000 0.343425 0.656209 0.168456 0.100000 0.747559 0.141478 1.051677 0.850380 0.100000 0.100000 1.230830 0.100000 0.138031 0.100000 1.483995 0.100000 0.100000 0.114997 0.211726 1.743891 0.100000 0.249748 1.283697 0.100000 0.802012 0.100000 0.100000 0.224545 0.321066 0.695339 0.100000 0.229403 0.503347 0.100000 0.431358 0.450939 0.408082 0.100000 0.312019 0.100000 0.713589 1.414432 0.100000 0.243438 0.857702 0.535053 0.221704 0.842939 1.454079 0.100000 0.100000 0.100000 0.518925 0.100000 0.444280 0.459892 0.597215 0.907261 0.100000 0.910706 0.231892 0.573381 0.124091 0.125956 0.100000 0.716003 0.100000 0.100000 0.100000 0.530452 1.059957 0.560940 0.100000 0.346511 0.429077 0.100000 0.237576 0.100000 0.302177 0.100000 0.100000 0.361962 0.964297 0.392039 
0.100000 0.100000 0.100000 1.978568 0.670228 0.560041 0.100000 0.400657 1.598606 0.100000 0.100000 1.278589 0.344944 0.806882 0.100000 0.100000 0.100000 0.670121 0.100000 0.234836 0.144348 0.718330 0.127059 0.100000 0.168268 0.835016 0.100000 0.100000 0.100000 0.851650 0.605944 0.100000 0.100000 0.571407 0.100000 0.513148 0.100000 0.100000 0.205446 0.100000 0.638174 0.920853 0.495867 0.867931 0.100000 0.995992 0.299663 0.100000 0.587590 0.775072 0.976441 0.512737 0.100000 0.100000 0.172505 0.100000 0.356605 0.487846 1.392506 0.885329 0.100000 2.051123 1.751715 0.485113 0.291670 0.574961 0.100000 0.696055 0.524277 0.100000 1.042666 0.266081 0.177996 0.697776 0.100000 0.709269 0.924786 0.544727 0.966894 0.100000 0.298721 1.355594 0.100000 0.100000 0.444201 0.342465 
0.100000 0.746544 1.002332 1.116390 0.100000 0.100000 0.452447 0.564216 0.424797 0.764488 0.303151 0.988292 0.684616 0.100000 0.433478 0.336062 0.206520 0.884922 0.505909 0.872953 0.100000 0.659771 0.693655 0.411042 0.263147 0.190049 0.100000 0.328915 0.100000 0.633685 0.100000 0.100000 0.100000 0.775606 0.410349 0.366674 1.693473 0.299414 1.455127 0.100000 0.563643 0.464925 0.249221 1.556118 0.497037 0.560104 0.155788 0.100000 0.288742 0.627547 1.841152 1.312797 0.100000 0.259942 0.983020 0.100000 0.803171 0.100000 0.100000 0.409427 0.100000 0.382357 0.579775 0.100000 0.100000 0.840145 0.291569 0.335228 0.829642 0.972309 0.245943 0.100000 1.691849 0.100000 0.164135 0.271864 0.123861 0.100000 0.975348 0.837389 0.186471 0.551359 0.100000 0.994883 0.263538 0.341337 
0.100000 0.100000 0.183243 0.100000 0.714853 0.100000 0.100000 0.804140 0.205306 0.100000 0.100000 0.166319 0.841747 0.100000 1.137427 0.100000 0.100000 0.100000 0.357154 0.100000 0.100000 1.418051 1.428035 0.100000 0.310832 0.300508 0.100000 0.866737 0.100000 0.850004 0.306346 0.748346 1.420189 0.666118 0.100000 0.266914 0.100000 0.100000 0.100000 0.100000 0.928838 0.514382 0.688397 0.600935 0.469325 0.752693 0.872284 0.100000 0.481860 0.261341 1.015907 0.824821 0.100000 0.100000 1.881108 0.856998 0.433008 0.100000 0.445572 0.988734 0.274502 0.100000 0.100000 0.410003 0.100000 1.452951 0.374291 0.429536 0.574205 0.100000 0.967553 0.100000 0.735949 0.665448 0.479304 0.487344 0.995238 0.100000 0.100000 0.688576 0.549807 0.581106 0.100000 1.303798 0.100000 0.368508 
0.100000 1.382867 0.100000 0.252546 0.416720 0.100000 0.435746 0.100000 0.527183 0.100000 0.160494 0.367395 1.493228 1.172890 0.743866 0.100000 0.100000 0.690236 0.213128 0.100000 0.341966 1.128137 0.477086 0.755128 0.813000 0.431820 0.226869 0.843333 0.381720 0.374869 0.100000 0.152994 0.804276 0.925424 0.606318 0.194256 0.328918 0.100000 0.380610 1.053670 0.738835 0.100000 0.905298 0.591257 0.259647 0.610054 0.100000 0.417671 0.100000 0.377398 0.952364 0.534566 0.100000 0.555302 0.484420 0.613458 1.007630 0.291615 0.100000 0.100000 0.100000 0.100000 0.823859 0.100000 0.563339 0.726939 0.442595 0.100000 1.497808 0.100000 1.183575 0.977252 0.456075 0.973422 0.809854 0.100000 0.716956 0.100000 0.635679 1.041785 0.703897 0.100000 0.512354 0.796079 0.100000 0.674133 
0.781364 0.768533 0.379234 0.535441 0.100000 0.100000 0.100000 0.899171 0.756316 0.100000 0.100000 0.100000 1.652331 0.288741 0.480954 0.100000 1.004197 0.685774 0.289641 0.100000 0.100000 0.658966 0.460516 0.402379 0.511082 0.100000 1.120505 0.529892 0.308703 1.301998 0.100055 0.197885 0.691908 0.100000 0.731945 0.522570 0.389137 0.574348 0.100000 0.897215 1.367985 0.401057 0.100000 0.740828 0.672086 0.321069 1.235519 0.588214 1.110131 0.538399 0.100000 0.710487 0.100000 0.663679 0.100000 0.100000 0.740770 1.213389 1.586082 0.100000 0.549361 0.100000 0.100000 0.100000 0.987290 1.107424 0.603738 1.113802 1.204827 0.515636 0.753267 0.524876 0.390667 1.033142 0.100000 0.557585 0.100000 0.424672 1.287463 0.546178 0.375898 1.181960 0.403989 0.912312 0.436501 1.610095 
0.100000 0.100000 1.945548 0.434740 0.100000 0.654674 0.611893 0.777376 0.187860 0.100000 0.100000 0.426496 1.339217 1.488519 0.158301 0.100000 0.531784 0.100000 0.100000 0.101210 1.605986 0.100000 0.235404 0.100000 0.136076 0.635856 0.920304 0.560018 0.100000 0.883526 0.592003 0.430476 1.080150 0.865486 0.100000 0.823946 0.453591 0.100000 0.750378 0.100000 0.164464 0.100000 0.100000 0.100000 0.633640 0.677486 0.584229 1.769746 0.557118 0.257984 0.695002 0.791381 0.261647 0.995114 0.411772 0.266840 0.656319 0.333498 0.379991 0.674975 0.476734 0.152553 0.827808 0.206947 0.471615 1.001433 0.100000 0.349821 0.962776 0.981258 0.336549 0.646371 1.458636 0.639378 0.100000 0.635508 0.100000 1.086203 0.999839 1.029838 0.609810 0.811651 0.161516 1.424467 0.100000 0.920585 
0.240984 0.100000 0.445058 0.100000 0.372192 0.110022 0.100000 0.100000 0.955891 0.100000 0.100000 0.100000 0.794316 0.830014 1.032074 0.471866 2.134697 0.721189 0.100000 0.393366 0.100000 0.761914 0.104466 0.100000 0.113603 1.270812 0.119791 0.395760 0.100000 0.924142 0.412276 0.135013 0.634081 0.698402 0.388239 0.500489 0.100000 0.100000 1.890316 0.100000 0.350028 0.282529 0.100000 0.100000 0.624819 0.626204 0.100000 0.168092 0.853188 0.476754 0.346519 1.142842 0.782633 0.100000 0.687379 0.686428 0.791281 0.396722 0.675805 0.809554 0.100000 0.552372 0.794067 0.100000 0.564148 1.077951 0.257908 0.290125 0.100000 0.100000 0.526883 0.100000 0.353370 0.100000 0.100000 0.317363 0.592244 0.100000 0.100000 0.100000 0.613761 0.100000 0.100000 1.218716 0.117635 1.392858 
0.529019 0.213378 0.541633 1.115367 0.100000 0.384353 0.907274 0.883999 0.150981 0.100000 0.686864 0.214446 0.155774 1.012143 0.100000 0.710948 0.100000 0.229761 0.288109 0.100000 0.100000 0.100000 0.397537 0.528170 0.389297 0.450674 0.220411 1.195945 0.311217 1.066361 0.513250 0.100000 1.029642 0.312797 0.162639 0.869568 0.923760 0.100000 0.100000 0.100000 0.952136 0.100000 0.100000 0.795772 1.223007 0.770911 0.295196 0.495251 1.143780 0.100000 0.565654 0.100000 0.100000 0.267704 0.155752 0.100000 0.100000 0.574638 1.190873 0.304373 0.570482 0.233112 0.100000 0.638130 1.042091 0.100000 0.470541 0.571346 0.265064 0.234477 0.100000 0.143322 0.205570 0.190297 1.084440 1.243857 0.100000 0.411061 0.429019 0.711376 0.179735 0.430428 0.100000 0.723890 0.100000 0.769244 
0.872972 0.100000 0.100000 0.702254 0.573951 0.603960 0.100000 0.713793 0.565237 0.100000 0.184614 0.142463 0.100000 1.275172 1.909380 0.243645 1.327797 0.100000 0.587522 0.334905 0.420927 0.100000 1.000940 0.377498 0.489357 0.523333 1.169712 0.692638 0.216876 0.968915 0.176825 0.136341 0.528787 0.100000 0.100000 0.723721 1.073474 0.575900 0.740282 0.100000 0.100000 0.499465 0.433630 1.023412 0.389519 0.712236 0.100000 0.257965 0.917767 0.241284 1.012033 0.100000 0.100000 0.100000 1.050792 0.260778 0.100000 0.100000 0.114974 0.478085 0.571686 0.100000 0.248777 0.810231 0.100000 0.100000 0.100000 0.100000 0.426328 0.100000 1.490338 1.212352 0.100000 0.100000 0.100000 0.680526 0.681975 0.100000 0.833847 0.249736 0.100000 0.637322 0.100000 0.817890 1.087194 1.715727 
0.100000 0.613405 0.813583 0.479622 0.276182 0.477512 0.570938 0.600434 0.884427 0.184824 0.539355 1.503844 1.800895 0.715106 0.100000 0.100000 0.179347 0.100000 0.100000 0.406306 0.762682 0.100000 0.914928 0.100000 0.553332 0.617755 0.456338 0.866633 0.100000 1.064119 0.488037 0.445619 0.375961 1.432067 0.482838 0.260784 0.629917 1.218368 0.560104 0.966677 0.563131 0.100000 0.100000 0.362808 0.100000 0.829766 0.100000 0.735203 0.100000 0.100000 1.019681 1.293231 0.430159 0.498909 0.397401 0.100000 0.694667 0.192690 0.164604 0.548913 0.100000 0.100000 0.451120 0.162377 0.384370 0.730180 0.767965 1.310090 0.895052 0.399985 0.524339 0.947390 0.100000 0.559262 1.711745 0.683136 0.771857 0.100000 0.194323 0.100000 0.100000 0.100000 0.474412 0.100000 0.788170 0.541082 
0.403696 0.100000 0.882855 0.475800 0.645834 0.100000 0.100000 0.100000 0.713496 0.989400 0.100000 0.647125 1.012388 0.738069 0.798632 0.340332 0.100000 1.325020 0.100000 0.106237 0.282249 0.107552 0.808559 0.121795 1.330079 0.462303 1.170524 0.974075 0.100000 0.370291 0.439218 0.297530 0.732788 0.987205 0.100000 2.009697 0.669169 0.147116 0.823014 0.438892 0.503447 0.100000 0.154279 0.100000 0.556818 0.729164 0.100000 1.009701 0.100000 0.100000 0.660120 0.471161 0.478177 0.100000 0.356106 0.100000 0.556098 0.100000 0.910897 0.696351 0.223924 0.100000 0.100000 0.100000 0.703445 1.132386 0.100000 0.100000 0.614198 0.100000 0.100000 0.798533 1.379882 0.381761 0.100000 0.617668 0.100000 0.959943 0.931143 1.286312 0.598335 0.401613 0.978198 1.345982 0.929978 0.308028 
0.100000 0.757103 0.100000 1.471625 0.838334 0.193470 0.287537 0.429689 0.828190 0.326882 0.100000 0.425223 0.694760 0.332963 0.100000 0.100000 0.100000 0.150849 0.164333 0.136442 0.380023 0.660373 0.130230 0.505619 0.368636 1.428764 0.100000 0.100000 0.374628 0.721209 0.550024 0.842034 0.125635 0.100000 0.100000 1.193095 0.183327 0.341580 0.640881 0.100000 1.135210 0.100000 0.955799 0.172488 0.100000 0.326267 0.100000 0.189202 0.573485 0.387228 0.508141 1.948365 0.501083 0.618435 0.361061 0.322411 0.100000 0.100000 1.388331 0.100000 0.544763 0.659450 0.743293 0.312478 0.368127 0.689138 1.045106 0.100000 0.100000 1.016117 0.443974 1.054832 0.423786 0.154022 0.274888 0.100000 0.807865 0.100000 0.744572 0.200362 0.650765 0.420743 0.100000 0.147714 0.668398 0.886470 
0.100000 1.652399 0.227517 0.702735 0.252796 0.848023 0.107263 0.531046 0.468516 0.100000 0.208520 0.522542 0.241638 0.306424 0.190571 0.100000 0.387351 0.848139 0.352667 0.100000 0.545034 0.814551 0.349605 1.835635 0.431314 0.311426 0.353360 1.239566 1.155391 0.826226 1.081275 0.674920 1.025821 0.377792 0.652082 0.791790 0.100000 0.100000 0.100000 0.100000 0.867471 0.100000 0.662305 0.249083 0.439360 0.100000 0.312381 0.626940 0.100000 1.174507 0.465324 0.100000 0.390819 0.376831 1.567041 0.100000 0.100000 0.999320 0.865989 0.100000 0.750183 0.100000 0.641649 0.539497 0.730872 1.071073 0.364436 0.100000 1.097942 0.815170 0.954652 0.999541 1.130665 0.100000 0.100000 0.585654 0.850144 0.758083 1.281883 0.455284 0.100000 0.786858 0.129169 0.882968 0.100000 0.916522 
0.304313 0.100000 0.775307 0.775464 0.166601 0.243029 0.834124 0.701442 0.799018 0.561388 0.100000 0.850634 1.454837 1.185180 0.192994 0.100000 1.197136 0.100000 0.827466 0.321817 0.532124 0.955280 0.447731 0.351403 0.534210 0.100000 0.983317 0.698375 0.100000 0.679540 0.100000 0.116073 0.100000 0.143529 0.100000 0.100000 0.235714 0.205716 0.436473 0.499382 0.764212 0.100000 0.391768 0.449987 0.100000 0.100000 1.398072 1.432225 0.100000 0.483228 1.410801 0.711854 0.665450 0.529321 0.382769 0.618191 0.100000 0.544401 1.336161 0.100000 0.100000 0.100000 0.100000 0.100000 0.903401 0.695273 0.100000 0.753159 0.100000 0.226373 0.100000 0.204887 0.440520 0.100000 0.100000 0.100000 1.035428 0.100000 0.177666 0.715192 1.377579 0.112272 0.100000 1.060059 0.275257 1.191284 
0.640625 0.100000 0.100000 1.166097 0.438566 0.100000 0.584879 0.523341 1.433693 0.507212 0.100000 0.100000 0.551770 0.609747 0.100000 0.100000 0.748463 0.100000 0.100000 0.100000 0.263815 0.954281 1.418250 0.100000 0.949578 0.100000 1.098956 0.280836 0.100000 0.645071 0.100000 0.331478 0.100000 0.246930 0.100000 0.176437 1.140909 0.100000 0.665064 0.532685 1.486077 0.100000 0.544355 1.790903 0.189228 0.860092 0.751468 0.965133 0.479938 0.100000 1.055200 1.058979 0.880475 0.100000 1.126780 0.176081 0.949219 0.163695 0.993414 0.100000 0.899280 0.507720 0.166708 1.220265 0.904833 1.075293 0.607124 0.724017 0.100000 0.474095 0.474084 0.913651 1.265379 0.100000 0.100000 0.100000 0.847396 0.100000 0.216672 0.100000 0.100000 1.174838 1.060001 0.599249 0.107835 0.928456 
0.100000 0.100000 0.205820 0.681005 1.195699 0.122402 0.391701 0.100000 0.551028 0.802530 0.100000 0.844460 0.579792 0.745637 0.169870 0.100000 0.588772 0.103482 0.100000 0.833640 0.100000 0.100000 0.535997 0.111280 0.100000 0.279467 0.787673 1.127135 0.100000 0.837853 0.530766 0.344223 0.810518 0.562029 0.450893 0.100000 0.387107 0.197652 1.317089 0.100000 0.100000 0.100000 0.176426 1.127851 0.100000 0.388743 0.100000 0.113685 0.576524 1.072122 0.747352 0.342516 1.059311 0.100000 0.100000 0.100000 0.831448 0.826549 0.623711 0.100000 0.100000 0.100000 0.134659 0.100000 0.100000 0.100000 0.532463 0.802688 0.100000 0.908496 0.440195 0.634119 0.282492 0.591792 0.870058 0.100000 0.100000 1.007196 0.728369 0.614541 0.100000 0.439533 0.100000 0.327567 0.472023 1.042367 
0.100000 0.190393 0.714472 1.776934 0.100000 1.115851 0.100000 0.578280 0.100000 0.141036 0.100000 0.100000 0.878573 0.247770 0.100000 0.416995 0.575386 1.772809 0.401376 0.100000 0.477349 0.100000 0.548770 0.100000 0.165334 0.347311 0.201547 0.100000 0.100000 0.100000 0.756059 0.100000 0.100000 0.379656 0.392432 1.735558 0.284018 0.351983 0.561434 0.137938 0.491048 0.100000 0.983029 0.790519 0.165005 0.671890 0.100000 1.139102 0.100000 0.740479 1.134859 0.976832 0.100000 0.351222 0.409008 1.108910 0.489684 0.608694 1.639829 0.588720 0.384523 0.100000 0.654589 0.100000 0.100000 0.100000 0.218446 0.855159 0.100000 0.400775 0.609760 0.100000 0.531185 0.484092 0.100000 0.454564 0.408657 0.836724 0.468917 0.100000 0.954667 1.482528 1.058404 0.711188 0.397622 0.750741 
0.100000 0.404239 0.125298 0.674337 0.579536 1.005931 0.100000 0.100000 1.602140 0.840441 0.100000 1.250333 0.779024 0.168504 0.888498 0.156444 0.483271 0.198792 0.100000 0.100000 0.100000 0.599277 0.736159 0.218022 0.353751 0.549474 1.240487 0.522756 0.149202 0.174099 0.709710 0.852405 0.771701 0.383525 0.653680 0.976506 0.100000 0.100000 0.258588 0.914729 1.613821 0.777239 0.173645 0.505769 0.486445 0.458970 0.100000 0.407849 0.334341 0.622055 0.297202 1.000374 0.100000 0.900380 0.904882 0.234254 1.429149 0.528336 0.472950 0.100000 0.622685 0.639706 0.202866 0.100000 0.522225 0.671866 0.603217 1.605969 0.462901 0.562959 0.728635 0.330711 0.566377 0.100000 0.263309 0.100000 0.432227 0.442858 0.472583 0.628582 0.100000 0.350811 0.100000 0.473523 0.100000 1.457933 
0.887027 0.100000 0.330681 0.834542 0.200993 0.334015 0.709254 0.556353 0.390376 0.100000 0.100000 0.100000 0.889809 0.845621 0.790129 0.569368 0.685027 0.100000 0.527964 0.816783 0.888038 1.026233 0.430181 0.186871 0.100000 0.100000 0.100000 0.461935 0.312755 0.567026 1.358885 0.371070 0.508261 1.066267 0.357247 0.109520 0.683258 0.100000 0.382133 0.100000 0.651133 0.100000 0.653497 0.967127 0.419960 0.266563 0.100000 0.751827 0.455835 0.550234 0.563814 1.454963 0.730210 0.100000 0.651846 0.100000 1.041609 0.100000 0.349011 0.918120 0.100000 0.616841 0.100000 0.100000 0.423771 0.100000 0.776063 0.654922 0.634552 0.335017 1.723687 0.603755 0.798290 0.345507 0.377597 0.100000 0.268631 0.100000 0.344084 0.273093 0.956009 0.100000 0.943443 1.077940 1.320108 1.093043 
0.100000 0.584962 0.283501 0.684887 0.501284 0.451136 0.100000 0.100000 0.478470 0.445202 0.100000 0.100000 0.100000 0.682661 0.213032 0.260690 0.819661 0.100000 0.100000 0.100000 0.465352 0.824503 0.371657 0.125885 0.100000 0.100000 0.320185 0.256778 0.100000 0.610465 0.299371 0.396254 0.435143 0.262037 0.100000 0.442361 0.487002 0.100000 0.839385 0.100000 0.595854 0.100000 0.631714 0.564775 0.413029 1.089692 0.176846 0.584372 0.100000 0.217346 1.756426 0.696836 0.100000 0.100000 0.100000 0.108603 0.643893 0.498942 0.793140 0.526568 0.253661 0.208613 0.641440 1.095187 0.419431 1.032628 0.853891 0.519233 0.100000 0.806618 0.669513 1.044932 1.423972 0.100000 0.100000 0.100000 1.532028 0.231241 0.535273 0.100000 0.247165 0.100000 0.459501 1.547034 0.100000 0.416822 
0.100000 0.385558 1.021647 0.762872 0.697233 0.100000 0.796809 1.052944 0.891332 0.100000 0.100000 0.100000 1.325465 0.654153 1.101182 0.100000 0.100000 0.100000 0.248505 0.529558 0.910549 0.203920 0.268288 0.611433 0.417795 1.298957 0.703807 0.204645 0.100000 0.553525 0.100000 0.264428 0.100000 0.479645 0.100000 0.100000 0.100000 0.100000 0.905099 0.100000 0.946654 0.100000 0.214859 0.454675 0.100000 0.554480 0.100000 0.274319 0.100000 0.332914 0.844438 0.328870 0.482943 0.243191 0.427296 0.100000 0.702935 0.916152 1.622817 0.100000 0.100000 1.324926 0.100000 0.364149 0.784945 0.929190 0.100000 1.348276 0.504649 0.646909 0.247531 0.717651 0.100000 0.100000 0.843043 0.100000 0.245540 0.100000 1.195298 0.100000 0.373183 0.614531 0.564350 1.131158 0.236941 0.415449 
0.100000 0.389991 1.035061 1.384161 0.910620 0.180988 0.854523 0.100000 0.379953 0.100000 0.598236 0.100000 0.901946 0.726945 0.100000 0.100000 0.665417 1.024357 0.550723 0.100000 0.100000 1.037788 0.300283 0.100000 0.100000 0.100000 0.100000 0.637104 0.100000 0.583960 0.170610 0.921155 0.105463 0.942800 0.659458 0.217453 1.138466 0.178955 0.859858 0.935967 0.515998 0.100000 0.208877 1.201619 0.571134 1.031787 0.227429 1.339543 1.250175 0.100000 0.100000 1.690396 0.236736 0.210892 0.629337 1.181163 0.498201 0.100000 0.452782 0.100000 0.888681 0.212838 0.848125 0.100000 1.649252 0.100000 0.100000 0.125201 0.648867 0.554432 0.712340 0.100000 0.378174 0.279285 0.535287 0.520883 0.148204 0.845523 0.100000 0.110532 0.109283 1.024977 0.413245 1.392035 0.189291 0.689431 
0.100000 1.043415 0.100000 0.965733 0.801301 0.339164 0.100000 0.100000 0.361312 0.764431 0.136760 0.160644 1.590676 1.271438 0.654118 0.189730 0.801885 0.118817 0.463881 0.529494 0.100000 0.100000 0.192565 0.794576 0.819940 0.985024 0.560108 1.794737 0.857618 0.100000 1.082281 0.100000 1.836239 0.423438 0.100000 0.777011 0.543093 0.399744 0.348146 0.216985 0.987971 0.100000 0.605151 0.226021 0.689558 0.100000 0.185004 0.864224 0.100000 0.284246 1.163699 0.100000 0.882726 0.807548 0.463707 0.583800 1.363748 0.715815 1.168780 0.100000 0.100000 0.245044 0.540560 0.781172 0.269032 0.100000 0.827637 0.232443 0.222573 0.142295 0.529980 0.796617 0.944890 0.216701 0.100000 0.100000 0.929429 1.440094 0.261788 0.269041 0.125784 0.886444 0.100000 0.511737 1.077542 0.944756 
0.129577 0.100000 0.239138 0.729458 0.921531 0.341069 0.366678 0.917754 0.476564 0.519764 0.399128 0.366230 0.149242 1.092658 0.916638 0.669428 0.936039 0.355316 0.100000 0.494711 1.086769 0.634748 1.426968 0.100000 0.284216 0.216662 0.100000 0.360281 0.274734 0.908996 1.061806 0.100000 0.760720 0.858043 1.020209 0.441846 0.795553 0.761405 0.299382 0.294866 0.559138 1.085572 0.333151 0.100000 0.100000 0.842250 0.100000 0.682241 0.360988 0.140415 0.595725 1.006265 0.534435 0.100000 0.921724 0.435782 1.210596 0.100000 0.436094 0.302244 0.494840 0.100000 0.212055 0.278671 0.592508 0.617926 1.640250 0.100000 0.781507 0.100000 0.100000 1.119011 0.468016 0.100000 0.145912 0.100000 0.100000 0.703110 0.151814 0.100000 0.902607 0.393878 0.100000 1.633720 1.202550 1.199466 
0.100000 0.100000 0.437078 1.454286 0.813921 0.599017 0.560312 0.728705 1.156058 0.100000 0.387887 1.440141 0.881260 0.100000 0.100000 0.100000 0.171105 0.100000 0.282951 0.100000 0.398114 0.414534 0.583030 0.289360 0.666772 0.174511 0.100000 0.505805 0.867291 0.818412 1.022516 0.100000 0.543700 0.569258 0.929160 0.295583 1.362084 0.416937 1.030972 0.996177 0.568142 0.100000 0.100000 0.419301 0.126915 0.444072 0.382878 0.229823 0.100000 0.100000 1.643558 0.534911 1.455489 0.100000 0.290468 0.932991 0.833280 0.378641 0.100000 0.100000 0.249589 0.100000 0.525603 0.100000 0.709713 0.948826 0.336720 0.646089 0.773703 0.147768 0.472970 1.332669 0.939336 0.306523 0.229205 0.100000 0.252141 1.384733 0.624528 0.922959 0.190159 1.160147 0.100000 0.100000 0.578195 0.100000 
0.566945 0.610975 0.100000 0.451774 0.100000 0.100000 1.133743 0.478957 1.325279 0.567025 0.657052 0.100000 0.784594 0.131126 0.705585 0.573865 1.067430 0.317430 0.100000 0.100000 0.608130 1.274908 0.510915 0.100000 0.890078 1.006637 0.100000 0.100000 0.100000 0.899979 0.562349 0.100000 0.109950 0.513825 0.710388 0.477880 0.314128 0.854928 0.574086 0.100000 0.832117 0.555476 0.100000 0.100000 0.100000 0.363170 0.100000 1.080409 0.100000 0.100000 1.590005 0.308554 0.959720 0.475804 0.648451 0.100000 1.320646 0.100000 0.100000 0.490023 0.557348 0.100000 0.236617 0.270923 0.100000 0.950373 0.325071 0.100000 0.556164 0.100000 0.100000 0.826857 0.674308 0.344690 0.573153 0.100000 0.100000 0.840023 0.278655 0.850843 0.405184 1.380807 0.862646 0.858664 1.158552 0.192042 
0.569353 0.100000 0.100000 0.337945 0.100000 0.884707 0.522619 0.473277 1.218852 0.100000 0.100000 0.100000 0.252911 0.232486 1.176033 0.388741 0.100000 0.100000 0.100000 1.349913 0.296265 0.633611 0.557661 1.042636 0.561318 0.673109 0.424435 0.290422 0.419465 0.574507 0.447204 0.611867 0.552253 0.191600 0.651335 0.289731 0.982186 0.487080 0.855582 0.100000 0.852572 0.354319 0.100000 1.338011 0.100000 0.100000 0.100000 0.626662 0.100000 0.100000 0.731831 0.640465 0.215463 0.100000 0.760728 0.336177 0.302150 0.100000 0.961385 1.157268 0.100000 0.415490 0.920846 0.608127 0.100000 1.468407 0.496280 0.249305 0.461850 1.089807 0.522550 0.365224 0.764348 0.364068 0.100000 0.100000 0.847909 0.100000 0.219421 0.100000 0.357941 0.818772 0.100000 0.657978 1.100840 0.732095 
0.458270 0.100000 0.100000 0.266816 0.297804 0.727279 0.707208 0.237492 0.586256 0.100000 0.186888 0.100000 0.120021 0.263020 0.100000 0.100000 0.440667 0.870056 0.465062 0.250390 0.353242 0.611598 0.905747 0.826379 0.428218 0.722572 0.934649 0.798706 0.100000 0.347509 0.707771 0.398110 0.100000 0.478142 0.127363 0.550043 1.153694 0.984750 0.917001 0.100000 0.700661 0.100000 0.100000 0.282559 0.527237 0.331703 0.551981 0.784736 0.100000 0.275901 0.340376 1.382153 1.426985 0.638025 0.882786 0.100000 1.006604 0.100000 1.337148 0.512640 0.495208 0.100000 0.100000 0.563634 0.559904 0.100000 0.812345 0.756878 0.100000 0.464031 0.100000 0.645514 0.100000 0.100000 0.100000 0.100000 0.488749 0.197949 0.344816 0.770475 1.916011 0.477715 0.206178 1.137098 0.100000 0.100000 
