76 Number of operations
23 Number of workers
Standard production times
0.416337 0.115660 0.356960 0.333305 0.394733 0.327354 0.227789 0.218798 0.499361 0.239852 0.100000 0.672336 0.538709 0.470054 0.597398 0.132506 0.748244 0.402046 0.579006 0.533123 0.441793 0.356658 0.348730 1.097737 0.607042 0.525302 0.121799 0.532137 0.100000 0.420507 0.202037 0.597567 0.173093 0.676754 0.502758 0.433690 0.231967 0.201753 0.100000 0.100000 0.315389 0.100000 0.282805 0.432100 0.404493 0.112366 0.181635 0.253040 0.268795 0.537239 0.363256 0.510178 0.240079 0.527839 0.313739 0.100000 0.316090 0.438910 0.521619 0.100000 0.604033 0.100000 0.601202 0.366220 0.140231 0.231860 0.106580 0.100000 0.418128 0.821645 0.100000 0.527715 0.262785 0.483414 0.239182 0.294470 
Production times: workers row and ops columns
0.510579 0.100000 0.640712 0.100000 0.130560 0.276426 0.586390 0.100000 0.818389 0.630942 0.100000 0.100000 0.104219 0.396167 1.654108 0.350658 1.046864 0.698530 0.138460 1.807928 1.140587 0.241868 0.162228 1.176287 0.349197 0.464857 0.413160 0.100000 0.100000 0.618512 0.447702 0.523048 0.100000 0.119903 0.100000 0.165810 0.888664 0.923358 0.100000 0.277465 0.327457 0.100000 0.100000 0.372823 0.100000 0.100000 0.290630 0.956120 0.837020 0.100000 1.199025 0.814158 0.100000 0.183922 0.942944 0.248972 0.100000 0.100000 1.525016 0.592132 0.100000 0.100000 1.021203 0.100000 0.100000 0.100000 0.615214 0.100000 0.873248 1.055239 0.100000 0.729225 0.497965 0.326455 1.253479 0.100000 
0.719857 0.350300 0.123653 0.100000 0.499929 0.200326 0.657838 0.509506 0.144780 0.968244 0.371468 1.847650 0.676332 0.100000 0.464576 0.100000 0.100000 0.799864 0.705638 0.100000 0.641957 1.391391 0.100000 0.926227 1.107938 0.100000 0.651890 1.747258 0.645725 0.413669 0.646196 0.762832 0.166362 0.940533 0.100000 0.139164 0.761576 0.100000 0.303637 0.100000 0.414236 0.100000 0.257326 0.947927 0.307201 0.333661 0.367658 1.270559 0.270813 0.290604 0.451759 0.729780 0.237229 0.688321 1.177409 0.334970 0.464470 0.100000 0.121462 0.100000 1.200534 1.497789 0.785620 0.217292 0.502664 0.902267 0.255937 0.100000 0.446415 1.121507 0.100000 0.881050 0.100000 0.660218 0.100000 0.100000 
0.100000 0.356549 0.410238 0.100000 1.519327 0.702218 0.100000 0.549120 0.434524 0.330503 0.100000 0.544573 0.100000 0.141400 0.100000 0.100000 0.280434 0.345341 1.525834 0.543006 0.891422 0.100000 0.100000 2.081428 1.031507 0.100000 0.100000 0.776948 0.133210 0.850394 0.570895 0.374549 0.100000 0.242459 0.720497 1.127338 0.610597 0.100000 0.377614 0.266217 0.619417 0.947854 0.398772 0.796558 0.377991 0.100000 0.100000 0.100000 0.100000 0.320865 0.100000 1.242822 0.100000 0.448901 1.208424 0.686428 0.100000 0.100000 0.700135 0.307826 0.100000 0.100000 0.606285 0.327797 0.688105 0.689875 0.100000 0.100000 0.419044 1.382302 0.100000 0.552977 0.100000 0.100000 0.222947 0.190766 
0.100000 0.143724 0.100000 0.250858 0.100000 0.100000 0.896925 0.162823 0.303198 0.100000 0.100000 0.988541 0.204306 0.782259 1.505875 0.100000 1.411523 0.951263 0.100000 0.525431 0.542721 0.484805 0.187711 0.100000 0.202471 0.743926 0.100000 0.987015 0.540073 1.160116 0.100000 0.926499 0.100000 0.100000 0.400083 0.499646 0.100000 0.262237 0.112396 1.158012 0.388706 0.100000 0.607665 0.100000 0.143735 0.100000 0.396077 0.100000 0.100000 0.925601 0.378032 0.887740 0.573608 0.474286 0.368759 0.683694 0.156959 0.164896 1.410205 0.100000 0.100000 0.218753 0.883930 0.478933 0.471615 0.801450 0.102575 0.333323 0.111336 0.760875 0.100000 0.504225 0.194645 0.975943 0.157663 0.478833 
0.461150 0.903512 0.632892 0.255511 0.100000 0.181787 0.227542 0.175265 1.426655 0.678037 0.100000 0.986355 0.100000 1.271283 0.293293 0.100000 1.051872 1.243188 0.100000 0.636158 0.442405 0.698905 0.100000 0.776581 0.130512 1.115574 0.190747 0.814988 0.100000 0.205181 0.176365 0.580884 0.155311 0.498112 0.666405 1.454632 0.207971 0.301403 0.100000 0.441191 1.271076 0.100000 0.100000 0.470953 0.981739 0.100000 0.100000 0.100000 0.393240 0.888873 0.100000 0.973535 0.783214 0.539301 0.197763 0.122225 0.541336 0.460908 0.100000 0.543593 0.863904 0.549838 0.100000 0.847023 0.693043 0.100000 0.880032 0.897900 0.438670 1.483448 0.532438 0.613610 0.100000 0.100000 1.108002 0.486139 
0.924731 0.100000 1.165848 0.100000 0.276377 0.488651 0.105721 0.100000 0.100000 0.100000 1.118547 0.500087 0.212196 0.100000 0.954917 0.100000 1.073672 0.768264 1.210700 0.443754 0.100000 0.100000 1.032325 0.606518 0.924533 0.366962 0.100000 0.102801 0.100000 0.983668 0.258548 0.314049 1.007232 0.539693 0.100000 0.242283 0.387450 0.637069 0.211391 0.331923 0.100000 0.100000 0.100000 0.100000 0.677132 0.421242 0.100000 0.100000 0.606008 0.759139 0.100000 0.100000 0.677290 1.218051 0.100000 1.435337 0.554433 0.540318 0.391785 0.300488 0.832110 0.100000 0.101314 0.593819 0.100000 0.665180 0.100000 0.100000 0.458155 0.957587 0.266814 0.398111 0.100000 0.100000 0.100000 0.214639 
1.672863 0.148871 0.661263 0.822189 0.765089 0.773661 0.356315 0.645072 0.133933 0.100000 0.388623 0.100000 0.100000 0.453945 0.200526 0.100000 0.601950 0.100000 0.100000 0.833878 0.151184 0.701665 0.405743 0.916550 1.331021 0.151740 0.100000 1.042249 0.100000 0.100000 0.436253 0.229177 0.100000 0.473248 1.550440 0.806296 0.796627 0.685008 0.231567 0.100000 0.100000 0.336347 0.100000 0.261503 0.100000 0.100000 0.100000 0.357410 0.161017 0.717291 0.453941 1.115489 0.100000 0.680577 0.100000 0.100000 0.312868 0.960629 0.684769 0.100000 0.459517 0.961597 0.100000 0.724475 0.100000 0.272779 0.100000 0.482386 0.451938 0.656886 0.100000 1.391538 0.264892 0.181016 0.961840 0.100000 
0.100000 0.100000 0.100000 0.252258 0.567286 0.554278 0.528825 0.274716 0.100000 1.075009 0.100000 0.100000 0.262194 0.100000 0.286313 0.100000 1.037144 0.100000 1.340618 1.879303 1.260312 1.448494 0.359695 0.543613 0.449229 0.577495 0.100000 0.100000 0.100000 0.670077 0.100000 0.449587 0.610556 0.944120 0.418679 1.134074 1.207353 0.290064 0.294023 0.100000 0.184762 0.100000 0.100000 1.098695 0.824058 0.117596 0.368709 0.188112 0.449421 0.251696 0.100000 1.023245 0.100000 0.100000 0.372352 0.134460 0.100000 0.100000 0.100000 0.100000 0.536066 0.100000 0.100000 0.416680 0.100000 0.100000 0.371066 0.893829 0.406693 0.336394 0.302390 0.100000 0.568272 0.454806 0.634435 0.504141 
0.599378 0.779801 0.534480 0.100000 1.472983 0.100000 0.101140 0.508396 0.523893 0.490262 0.709406 0.834556 0.346403 0.292310 0.565804 0.100000 0.447602 0.100000 0.802231 0.100000 0.846474 0.250911 0.887738 1.169517 0.883993 0.776196 0.100000 0.977703 0.425194 0.816597 0.626592 0.100000 0.556693 0.100000 0.777419 0.471237 0.261561 0.100000 0.688870 0.187570 0.732797 0.250259 0.100000 0.534193 1.350042 0.100000 0.495751 0.100000 0.562422 0.792614 0.904468 0.870665 0.309281 0.100000 0.375598 0.385944 0.217713 1.429303 0.739354 0.131114 1.194524 0.765628 0.618121 0.691249 0.767057 0.483096 1.584382 0.680614 0.481235 0.717180 0.359884 0.100000 0.321187 0.717492 0.142381 0.100000 
0.767354 0.847749 0.417835 0.676785 0.437111 0.301471 0.100000 0.100000 0.694179 0.100000 0.100000 0.699424 1.614708 0.100000 2.050300 0.100000 1.001153 1.335022 0.100000 0.875152 1.034936 0.206304 0.879571 0.310256 0.295314 0.773173 0.179608 0.251898 0.100000 0.347587 0.100000 1.053708 0.667372 1.089947 1.019455 0.479719 0.133833 0.100000 0.100000 0.804289 0.772196 0.100000 0.100000 0.100000 1.135995 0.100000 0.100000 0.233594 0.223601 1.310549 0.100000 0.812658 0.100000 0.220038 0.100000 0.100000 0.100000 0.100000 0.464538 0.445251 0.780562 0.100000 0.906054 0.586407 0.100000 0.750857 0.100000 0.402919 0.100000 1.074400 0.256959 0.100000 0.440793 0.528306 0.104105 0.100000 
0.100000 0.334045 1.170564 0.127525 0.515540 0.577041 0.100000 0.100000 0.462565 0.100000 0.100000 0.100000 0.906842 0.264626 0.316439 0.100000 1.173391 0.215657 0.100000 1.188610 0.832046 1.445266 0.100000 0.713983 0.712468 0.100000 0.100000 1.053492 0.547615 0.100000 1.059116 0.215020 0.548770 0.641535 0.767494 0.100000 0.195367 0.238343 0.100000 0.614514 0.100000 0.100000 0.920123 1.013966 0.100000 0.312180 0.100000 0.100000 0.100000 0.220296 0.100000 0.824794 0.322153 0.268138 0.948452 0.100000 0.100000 1.288335 1.130547 0.100000 0.670792 0.100000 0.570415 0.107732 0.100000 0.670721 0.190945 0.100000 0.136922 0.124650 0.895014 1.578929 0.100000 0.826630 0.262100 0.606268 
0.508010 0.341470 0.545385 1.286956 0.484242 0.100000 0.417335 0.100000 0.784871 0.100000 0.100000 0.420097 0.692159 1.070823 1.098793 0.396434 1.584173 0.100000 0.151297 0.100000 0.100000 0.100000 0.793590 1.240567 1.270062 0.601398 1.076013 0.771795 0.125923 0.100000 0.100000 1.187108 0.100000 0.870445 0.323672 0.100000 0.100000 0.376851 0.512484 0.226224 0.106931 0.100000 0.181359 0.770603 0.757782 0.100000 0.100000 0.100000 0.767980 0.127242 1.065659 0.428757 1.203836 1.077036 0.100000 0.156502 0.952583 0.100024 0.616329 0.317165 0.727568 0.549654 0.258024 0.100000 0.497444 0.889539 0.302248 0.100000 0.481759 0.808463 0.362561 0.264082 0.696385 1.683216 0.771476 0.376850 
0.430495 0.100000 0.100000 0.100000 0.100000 0.211826 0.200918 0.100000 0.505234 0.100000 0.100000 1.064746 0.170778 0.465012 0.247044 0.415732 0.220547 0.124013 0.232399 0.282560 0.464008 0.100000 0.936778 1.280905 0.826182 0.157292 0.100000 0.135983 0.100000 1.102609 0.869382 0.457428 0.100000 0.484064 0.275381 0.100000 0.797312 0.127239 0.490856 0.100000 0.100000 0.839441 0.269583 1.372284 0.352306 0.100000 0.305079 0.100000 0.435268 0.151477 0.100000 0.100000 0.100000 0.444319 0.100000 0.100000 0.756805 1.627013 0.828932 0.701166 1.765285 0.409110 0.396469 0.805084 0.100000 0.691024 0.100000 0.100000 0.100000 0.961225 0.454240 0.246025 0.806647 0.732145 0.397054 0.100000 
0.100000 0.290509 0.623983 0.219259 0.100000 0.156808 0.444285 0.326640 0.296436 0.569289 0.483326 0.739630 1.208658 0.331542 0.368518 0.100000 0.375825 0.443777 0.100000 0.242620 0.892094 0.100000 1.057191 0.420036 0.430456 0.613953 0.321362 0.273209 0.100000 0.606164 0.100000 0.534120 0.461016 1.249715 0.221256 0.514604 0.100000 0.100000 0.318339 0.100000 0.220916 1.258968 0.269657 0.790981 0.791639 0.100000 0.100000 0.100000 0.295237 0.296747 0.368508 0.380956 0.100000 1.010484 0.100000 0.589426 0.742102 0.100000 0.902716 0.421066 0.100000 0.100000 0.941505 1.121719 0.133296 0.560156 0.607816 0.100000 0.701735 0.634253 0.100000 1.141175 0.492756 0.165622 0.137550 0.695277 
0.303249 0.100000 0.100000 0.359682 0.964039 0.555519 0.743634 0.379005 0.431264 0.319199 0.100000 0.496659 0.413895 0.797569 0.989011 0.100000 1.146980 0.100000 0.100000 1.488254 0.767580 0.100000 0.847052 1.320889 0.700974 1.742554 0.348679 0.470978 0.100000 0.100000 0.602283 0.100000 0.100000 1.840638 0.806164 0.503720 0.766230 1.173013 0.429950 0.232165 0.100000 0.100000 1.265139 0.220632 0.100000 1.131400 1.103659 0.617994 0.260459 0.100000 0.843263 0.891372 0.336357 0.100000 0.100000 0.729584 0.355570 1.056630 0.100000 0.257452 0.752053 0.341717 0.205400 0.329620 0.233945 0.169009 0.428983 0.563938 0.100000 1.451540 0.525420 0.100000 0.100000 0.297563 0.100000 0.622761 
0.118478 0.100000 0.233410 0.100000 0.100000 0.548022 0.232560 0.106105 1.007858 1.147839 0.522298 0.245683 1.638181 0.686557 0.383802 0.857815 0.433627 0.100000 0.340285 0.156002 0.791085 0.194702 0.100000 0.972098 1.346302 0.100000 0.100000 1.560484 0.100000 1.193943 1.257929 0.100000 0.320335 0.714773 0.603683 0.335200 0.100000 0.100000 0.896890 0.938443 0.370203 0.100000 0.227468 0.100000 0.388442 0.414317 0.500662 0.436434 0.690349 0.138483 0.442382 0.986002 1.007831 0.624806 0.100000 0.323027 0.100000 0.529688 0.100000 0.231610 0.553300 1.447318 0.815759 1.145526 0.458179 0.413204 0.459545 0.100000 0.443827 0.883177 0.100000 0.353316 0.377189 0.481601 0.247485 0.473068 
0.797287 0.100000 0.206113 0.246185 0.268675 0.178995 0.100000 0.100000 0.658138 0.100000 0.100000 0.829521 0.100000 0.100000 1.271142 0.100000 0.661533 0.100000 0.848827 0.100000 0.678779 0.100000 0.100000 1.037833 0.195936 0.981292 0.100000 1.461799 0.100000 0.316654 0.285435 0.776657 0.100000 0.342682 0.796529 0.269864 0.372725 0.366062 0.208342 0.100000 1.505730 0.188417 0.411956 0.421239 0.220154 0.100000 0.100000 0.100000 0.134702 0.100000 0.577386 0.100000 0.514191 1.000982 0.552523 0.100000 0.100000 0.204436 0.914065 0.261381 0.100000 0.642236 0.108748 0.416228 0.860325 0.283433 0.100000 0.226410 0.578661 0.163467 0.344697 0.926183 0.100000 0.650811 0.100000 0.896838 
0.643095 0.180541 0.100000 1.176751 0.778322 0.533431 0.515530 0.100000 0.336239 0.100000 0.705965 0.100000 1.347647 0.100000 0.281919 0.100000 0.952862 0.767305 0.100000 0.100000 0.216026 1.551379 0.100000 0.539452 1.107707 1.243291 0.345877 1.118018 0.143957 0.733750 0.536965 0.230313 0.561685 0.894078 0.729846 0.418999 0.821956 0.505767 1.140327 0.100000 0.100000 0.100000 0.100000 0.100000 0.433562 0.100000 0.100000 0.407059 0.522781 0.448948 0.100000 0.643290 0.464476 1.005445 0.246145 0.100000 0.633046 0.705906 0.587845 0.100000 0.148245 0.277063 0.210406 0.683493 0.264655 0.598794 0.316997 0.100000 0.790768 1.951332 0.853849 0.100000 0.210274 0.712316 0.737980 0.272572 
0.335317 0.100000 0.108839 0.900135 0.578458 0.100000 0.368356 0.430091 0.880107 0.635228 0.100000 0.198309 0.745984 0.100000 0.967788 0.100000 1.172924 0.299029 0.581048 0.981826 1.087250 0.100000 0.337340 1.191118 1.573333 0.671147 0.923949 0.322802 0.440294 1.012818 0.100000 0.639119 0.294879 0.585498 0.100000 0.219267 0.191459 0.218006 0.100000 0.468383 0.353756 0.144821 0.701285 0.792462 0.691781 0.694058 0.100000 0.100000 0.100000 0.217850 0.151871 0.273913 0.100000 0.342031 0.100000 0.100000 0.176352 0.100000 0.797776 0.446171 0.136717 0.743302 0.374869 0.733930 0.119124 0.100000 0.930073 0.198554 0.170110 1.035597 0.100000 0.654086 0.247689 0.264562 0.100000 0.100000 
0.501574 0.100000 0.487649 0.136546 0.768083 0.183105 0.609726 0.100000 0.923715 0.435625 0.100000 0.371097 1.364634 0.918348 1.060554 0.479599 0.370487 0.100000 0.178740 0.840951 0.964046 0.701105 0.142702 1.776852 0.483900 0.331167 0.167337 1.140795 0.603959 0.100000 1.178804 0.730614 0.100000 0.452703 0.680841 0.307249 0.100000 0.359800 0.281568 0.317161 0.604564 0.158927 0.100000 0.100000 1.390582 0.250027 0.100000 0.100000 1.026044 0.100000 0.100000 0.100000 0.338541 0.100000 0.707010 0.336014 0.100000 0.280188 1.025673 0.566128 0.493484 0.481658 0.966927 1.067367 0.800343 0.824992 0.100000 0.462763 0.100000 0.995112 0.100000 0.115025 0.100000 0.616362 0.494901 0.100000 
0.373200 0.681271 0.553456 0.890567 0.482327 0.463141 0.419715 0.618841 0.578200 0.775345 0.100000 1.090842 1.105753 0.905682 0.616544 0.100000 0.671413 0.845101 0.462469 0.720252 0.639896 0.100000 0.416684 0.280124 0.999217 0.100000 0.674585 0.100000 1.253658 0.396262 0.100000 0.641141 0.100000 0.545618 0.668876 0.409270 0.100000 0.333072 0.102932 0.170917 0.350562 0.283382 0.660087 1.174724 1.027428 0.499443 1.529535 0.234364 0.628567 0.100000 0.100000 0.610294 0.232709 0.678450 0.100000 0.810237 0.547055 0.185311 1.145254 0.762232 0.792337 0.208765 0.443598 0.744876 0.100000 0.215309 0.281730 0.157760 1.140708 0.766965 0.647595 0.490196 0.557490 0.100000 0.100000 0.433810 
1.432839 0.959692 0.373358 0.549740 0.657908 0.100000 0.172609 0.548203 0.100000 0.243790 0.285580 0.909887 0.443979 0.631166 0.853139 0.436504 0.673158 0.157675 0.184189 0.817733 0.664656 1.364545 0.100000 1.649971 1.356863 0.415755 0.540917 0.174202 0.121506 0.100000 0.543369 1.123331 0.767151 0.732584 0.727976 0.333316 0.100000 1.118320 0.241077 0.619544 0.303214 0.660714 0.173347 0.953468 0.534169 0.100000 0.324309 0.100000 0.112931 0.441015 0.449158 0.100000 0.100000 0.530041 0.100000 0.137344 0.891605 0.430434 1.262239 0.100000 0.774099 0.100000 1.599502 0.945315 0.826106 0.313418 0.462610 0.141043 0.603367 1.145672 0.100000 0.100000 0.121479 0.100000 0.534477 0.902505 
0.581133 0.100000 1.166762 0.178675 0.144953 0.100000 0.762846 0.100000 0.630610 1.397516 0.559686 1.064949 0.982348 0.494831 0.100000 0.157990 0.746563 0.107494 0.290431 0.916146 0.100000 0.896222 0.100000 0.904436 0.103217 0.141162 0.222148 0.100000 0.100000 0.596490 0.138020 0.802056 0.893577 0.530816 0.123513 0.819327 0.535241 0.363731 0.586553 0.100000 0.888453 0.438893 0.855583 0.363969 0.100000 0.100000 0.481468 0.381771 0.456083 0.763051 0.100000 0.433820 0.353281 1.006070 0.240892 0.711262 0.100000 0.891819 0.853112 0.100000 0.100000 0.100000 1.082100 0.100000 0.100000 0.531979 0.100000 0.221543 1.448769 0.742931 0.100000 0.413181 0.225940 0.498022 0.100000 0.163199 
