91 Number of operations
24 Number of workers
Standard production times
0.290051 0.119425 0.716550 0.190971 0.451519 0.100000 0.100000 0.336942 0.571636 0.414269 0.100000 0.116889 0.577166 0.526380 0.408052 0.219375 0.435065 0.438886 0.292950 0.555470 0.434268 0.311430 0.740981 0.584869 0.139028 0.323885 0.251275 0.312576 0.314710 0.676281 0.419674 0.326109 0.145356 0.602997 0.103788 0.342580 0.388635 0.242379 0.413542 0.192219 0.347265 0.507650 0.705652 0.791335 0.495640 0.423869 0.228507 0.247610 0.527861 0.409505 1.022967 0.293508 0.469117 0.314897 0.100000 0.751079 0.347161 0.569259 0.817347 0.505296 0.596762 0.100000 0.221035 0.466013 0.609718 0.669980 0.649135 0.261762 0.656215 0.254587 0.240166 0.399291 0.502519 0.366428 0.669267 0.276902 0.251393 0.603187 0.288969 0.487252 0.370662 0.404699 0.348340 0.767831 0.361202 0.714826 0.551380 0.294575 0.249314 0.417989 0.736342 
Production times: workers row and ops columns
0.100000 0.100000 0.583978 0.104510 0.100000 0.903979 0.672651 0.100000 1.081338 0.100000 0.100000 1.078820 0.355691 1.299142 0.100000 0.100000 0.231038 0.490037 0.100000 0.736088 0.100000 0.100000 0.571540 0.495241 0.100000 0.200036 0.167015 0.599430 0.100000 0.350520 0.779312 0.943308 0.100000 1.385322 0.100000 0.382644 0.403217 0.100000 0.100000 0.135958 0.100000 0.844557 0.488197 0.279583 0.559423 0.782840 0.422975 0.783331 1.116972 0.100000 1.880855 0.375875 0.720653 0.100000 0.915932 0.489800 0.100000 1.285053 0.396072 0.245372 0.575630 0.100000 0.100000 1.047476 0.402249 0.718689 0.329124 0.151349 0.932089 0.230395 0.100000 0.100000 0.506311 0.100000 0.714153 0.780492 0.100000 0.100000 0.160594 0.684043 0.100000 0.100000 0.100000 0.873020 0.299373 0.864116 0.839875 0.100000 0.587142 0.134163 0.100000 
0.386771 0.100000 0.771882 0.902788 0.100000 0.263562 0.310062 0.183614 0.481603 0.201824 0.100000 0.100000 0.100000 1.059930 0.948016 0.307376 0.498649 0.100000 0.100000 0.100000 0.480843 0.100000 0.854910 1.463066 0.100000 0.142847 0.257862 0.499735 0.100000 0.537229 0.578598 0.146728 0.124386 1.231968 0.417963 0.100000 0.782624 0.100000 0.684621 0.651924 0.372632 1.108327 0.662643 0.717267 0.565203 0.100000 1.393578 0.100000 0.100000 0.100000 0.900240 0.294997 0.335244 0.113006 0.178636 0.920547 0.100000 0.920792 0.654617 0.185422 0.925550 0.408096 0.100000 0.484439 0.100000 0.177429 1.208314 0.100000 0.562113 0.100000 0.492516 0.100000 1.025334 0.104155 1.394966 0.624762 1.084109 0.100000 0.100000 1.039891 0.712115 1.606345 0.480339 0.732730 0.100000 0.671235 0.696647 0.100000 0.901872 0.325814 1.417105 
0.333828 0.619073 1.114128 0.264563 1.016822 0.100000 0.100000 1.036447 1.188368 0.391823 0.100000 0.319721 0.100000 0.473556 0.732429 0.100000 0.388412 0.957164 0.100000 1.094566 0.100000 0.284634 1.484613 0.592618 0.100000 0.431485 0.100000 0.748540 0.100000 0.769373 0.100000 0.217898 1.116645 0.631607 0.100000 0.100000 0.100000 0.100000 0.619217 0.310578 0.759777 0.218688 1.033945 1.537895 0.901753 1.294620 0.100000 0.750556 1.083523 0.222955 1.048192 0.435997 0.161792 0.441864 0.557052 1.541232 0.190466 0.287907 0.990309 0.627743 1.511887 0.144967 0.317152 0.114052 0.859169 1.099893 1.202845 0.346169 0.226243 0.702585 0.156691 1.526236 0.709417 0.853532 0.100000 0.594264 1.030884 0.607871 0.100000 0.912128 1.459353 0.290946 0.129276 0.366192 0.100000 0.771728 0.548607 0.817559 0.611509 0.265144 1.009686 
0.100000 0.161174 1.337103 0.100000 1.038083 0.100000 0.269144 0.100000 0.100000 0.449831 0.100000 0.100000 0.100000 0.100000 0.145491 0.404171 0.195457 0.599080 0.100000 0.100000 0.351928 0.831581 0.355405 1.305989 0.572604 0.145161 0.627923 0.567070 0.373122 0.100000 0.238625 0.529683 0.100000 0.522511 0.100000 0.541881 0.100000 1.272098 0.100000 0.100000 0.181114 0.438202 0.100000 0.609349 0.548917 0.708225 0.100000 0.627560 0.722110 0.100000 0.194980 0.506764 0.447009 0.838378 0.508565 0.223022 0.459559 0.940966 0.100000 0.129445 1.696429 0.100000 0.585841 1.124528 0.443298 0.100000 0.801874 0.585902 0.100000 0.341670 0.100000 0.199287 0.450894 0.279419 1.266804 0.100000 0.100000 0.100000 0.446025 1.358164 0.345601 1.044301 0.886951 1.023233 0.100000 1.547264 1.098264 0.100000 0.265154 0.100000 0.100000 
0.100000 0.240620 1.367671 0.100000 0.786140 0.100000 0.100000 1.086914 0.100000 0.100000 0.100000 0.100000 0.804128 0.423861 0.343007 0.100000 0.992067 0.128826 0.180291 1.376843 0.229598 1.175964 0.100000 0.757450 0.511797 0.560545 1.236574 0.947161 0.985855 0.913477 0.685200 0.444069 0.173269 0.220926 0.100000 1.012615 0.212764 0.100000 1.007130 0.273884 0.100000 0.893111 1.331658 0.288456 0.100000 0.720719 0.100000 0.161436 0.100000 0.100000 1.074468 0.930096 0.100000 0.167163 0.491399 1.558112 0.236188 0.512421 0.342399 1.191511 0.704000 0.987483 0.100000 0.100000 0.336539 0.388679 0.802920 0.100000 0.274530 0.222861 1.066360 1.185789 0.100000 0.100000 0.976668 0.135180 1.058153 0.231753 0.100000 1.481816 0.100000 0.360439 0.268089 1.066377 1.391948 0.607118 0.864770 0.341618 0.468790 0.802935 0.952230 
0.100000 0.100000 0.763044 0.743922 0.357999 1.046024 0.100000 0.498019 1.077040 1.037117 0.160015 0.100000 1.163795 0.898379 0.100000 0.100000 0.518097 0.804814 0.100000 0.714297 0.100000 0.516652 0.381433 0.203390 0.100000 0.100000 0.449199 0.426072 0.267535 0.215503 0.448553 0.194440 0.100000 0.100000 0.206693 0.190760 0.100000 0.995762 0.100000 0.479530 0.100000 0.401063 0.439503 0.962379 0.100000 0.100000 1.567329 0.606761 0.486522 0.152666 0.960658 0.100000 0.100000 0.499272 0.100000 0.907091 0.447120 0.746480 1.559563 0.366624 0.100000 1.409016 0.100000 0.100000 0.678744 0.100000 0.983006 0.100000 0.112929 0.100000 0.245206 1.066435 0.624877 0.549335 0.427703 0.914394 0.100000 1.104148 0.536659 0.580638 0.958499 0.396276 1.377800 0.100000 0.380160 0.852825 0.710210 0.182475 0.305719 1.643134 0.100000 
0.684529 0.176737 0.450160 0.283071 0.410353 0.100000 0.100000 0.100000 0.206164 0.404475 0.100000 0.246279 0.996208 0.613717 1.094772 0.817414 0.569115 1.215073 0.100000 0.555269 0.587450 0.100000 1.513392 0.298547 0.471383 0.431689 0.100000 0.669889 0.558572 0.100000 0.959281 0.584978 0.100000 0.455731 0.635567 0.579820 0.100000 0.100000 0.100000 0.124482 1.026751 0.130555 0.320386 0.756055 1.029754 0.100000 0.590809 0.445925 0.821325 0.610747 0.912786 0.727100 0.100000 0.100000 0.100000 0.544926 0.633663 0.226267 0.543699 0.100000 1.386116 0.551642 0.100000 0.109146 0.540349 0.827573 0.100000 1.170780 0.182445 0.100000 0.512887 0.595502 0.100000 0.436686 1.094819 0.722871 0.638607 0.387209 0.850274 0.185265 0.100000 0.314586 0.100000 0.100000 0.100000 1.281627 1.135406 0.287270 0.150510 0.273908 0.261070 
0.102007 0.100000 1.343187 0.248383 0.339233 0.100000 0.100000 0.524966 1.480158 0.829029 0.100000 0.447015 0.522688 0.107098 0.386600 0.100000 0.308976 1.409701 0.629312 0.483187 0.633514 0.847147 0.752992 0.962979 0.100000 0.100000 0.100000 0.958402 0.641638 0.578576 1.082338 0.100000 0.396918 1.079592 0.254402 0.251655 0.882642 0.603570 0.178901 0.100000 0.253036 0.878007 0.100000 0.755151 0.132817 0.469378 0.100000 0.474112 0.482025 0.100000 1.076303 0.100000 0.100000 0.563412 0.100000 1.098623 0.273418 0.816522 1.323582 0.523424 0.100000 0.591300 1.016362 0.309708 0.608678 0.100000 0.541812 0.466921 1.594559 0.438379 0.938883 0.825054 0.754509 0.681966 0.689853 0.825036 0.100000 0.189370 0.307020 0.947420 0.100000 0.106969 0.450777 0.465619 0.290617 0.100000 0.576280 0.100000 1.017299 0.956684 0.100000 
0.946100 0.552316 0.590552 0.609574 1.050599 0.100000 0.100000 0.563379 0.100000 1.301931 0.686984 1.226410 1.056987 0.195308 0.100000 0.273336 1.113491 1.051467 0.100000 0.100000 0.683447 0.100000 0.304975 1.178931 0.158848 0.100000 0.536034 0.100000 0.940939 1.352073 0.103439 0.282340 0.100000 0.714925 0.330104 0.703828 0.375451 0.626710 0.306904 0.100000 0.275334 1.072040 0.511107 0.413758 1.454212 0.278964 0.100000 0.720001 0.100000 0.228819 2.246577 0.461789 0.687815 0.100000 0.671358 1.032820 1.084208 0.939847 1.877011 0.766251 0.463047 0.100000 0.189353 0.264340 0.515047 0.884741 1.138580 1.058918 0.403474 0.100000 0.413734 0.100000 0.398007 0.100000 0.810635 0.449968 0.100000 0.699368 0.781546 0.836541 1.002180 0.288805 0.688359 0.681513 0.354127 0.387617 0.562931 1.017708 0.220877 1.082996 0.965718 
0.607987 0.100000 0.617984 0.100000 0.426697 0.100000 0.623403 0.503999 0.771997 0.949732 0.272166 0.100000 0.632216 1.002002 0.297862 0.202525 0.732951 0.807232 0.100000 0.100000 0.356772 0.100000 1.114349 0.722218 0.100000 0.759257 1.107823 0.524003 0.270830 0.688276 0.100000 0.722661 0.100000 0.169823 0.100000 0.100000 0.585843 0.100000 0.834758 0.100000 0.345036 0.511648 0.570495 0.152748 0.278397 0.100000 0.163228 0.509207 0.100000 0.100000 1.419303 0.830865 0.195071 0.427998 0.780194 1.610158 0.100000 0.469775 0.740614 1.912543 0.304786 0.100000 0.100000 0.120291 0.690236 1.336266 0.214630 0.197897 0.270869 0.100000 0.100000 1.163022 1.139445 0.779259 0.521461 0.193569 0.206295 0.384933 0.100000 0.100000 0.593833 0.100000 0.735626 0.657060 0.108335 0.389779 0.677035 0.605854 1.621157 0.107921 0.100000 
1.787801 0.192539 1.498969 0.100000 0.644572 0.484153 0.807754 0.100000 1.337786 0.281228 0.190303 0.529919 0.359041 0.521368 0.980662 0.100000 0.980200 1.176276 0.100000 0.491253 0.435146 0.100000 1.371623 1.067453 0.487554 1.211314 0.100000 0.578796 0.100000 0.518307 0.571260 1.234299 0.100000 1.301202 0.100000 0.456152 0.407183 1.050570 0.699967 0.100000 1.095816 0.293474 1.394159 1.160773 0.216492 0.840904 0.198959 0.453497 0.393531 0.225687 0.758922 0.100000 0.381548 0.494718 0.100000 0.100000 0.422430 0.233010 1.211879 0.723738 0.100000 0.100000 0.134735 1.409686 1.062905 0.546091 0.100000 0.100000 0.100000 0.466480 0.392158 1.233327 0.836115 1.121288 0.805344 0.369992 0.478954 0.100000 0.634554 0.371855 0.100000 0.404866 0.224908 1.146087 0.100000 0.575111 0.716384 0.679338 0.416479 0.100000 1.092256 
0.250923 0.100000 0.100000 0.594722 0.352003 0.150907 0.100000 1.421127 0.100000 1.356651 0.310496 0.100000 1.229324 0.951699 0.100000 0.206108 0.639601 0.626198 0.100000 0.337994 1.160457 0.299096 1.313193 0.100000 0.100000 0.100000 0.418310 0.100000 0.848354 0.303666 0.162253 0.225343 0.100000 1.290143 0.100000 0.100000 0.100000 0.100000 0.389986 1.665380 0.100000 0.104615 0.454888 1.089970 0.100000 0.509848 0.321680 0.287572 0.100000 0.944510 0.876170 0.100000 1.271384 0.528324 0.100000 0.196218 0.902848 0.516902 0.771888 0.530674 0.740679 0.100000 0.100000 0.640190 0.100000 0.741818 0.849903 0.100000 0.657754 1.407292 0.273914 0.755788 0.415693 0.420195 1.271342 0.100000 0.555606 0.100000 0.100000 0.251106 0.271178 0.550761 0.302291 0.135485 0.100000 1.131426 0.707571 0.100000 1.089240 0.100000 0.614055 
1.017370 0.100000 0.968074 0.100000 0.903038 0.100000 0.100000 0.281196 0.612032 0.100000 0.100000 0.100000 0.861497 0.448247 0.100000 0.100000 0.100000 0.219788 0.100000 0.819317 0.927713 0.276109 1.023449 1.094241 0.427057 0.331960 1.360577 0.439697 0.100000 0.741608 0.189873 0.667808 0.100000 1.229377 0.100000 0.659325 1.208754 0.662832 0.596432 0.473193 0.604823 0.152160 1.481618 0.472825 0.556422 0.968415 0.149212 0.957913 0.590629 0.558645 0.727771 1.087405 0.754492 0.100000 0.633470 0.719630 0.488343 1.151041 0.922943 0.208082 1.279282 0.539032 0.973111 0.100000 1.181725 0.447079 0.297573 0.100000 0.100000 0.584105 0.435620 1.137695 1.010721 0.596917 1.047213 0.422121 0.100000 0.466459 0.905373 0.562337 0.100000 0.586210 0.886316 0.434693 0.100000 0.175747 0.207248 0.285103 0.527503 0.206375 1.505294 
0.906162 1.283874 1.321975 0.165087 0.100000 0.100000 0.100000 0.984228 0.636173 0.300770 0.100000 0.100000 0.176550 0.490990 0.626695 0.100000 0.100000 0.897723 1.316384 0.819775 0.100000 0.169650 0.886553 0.821065 0.202621 0.542935 0.100000 0.792007 0.123888 0.961424 0.153759 0.221679 0.477247 0.296587 0.114108 0.658577 0.344070 1.438199 1.207724 0.100000 0.545004 1.087997 0.760567 1.516404 0.804654 0.100000 0.625889 0.632512 0.564914 0.100000 1.082452 0.100000 0.100000 0.862158 0.100000 1.256950 0.100000 0.571672 0.904951 0.100000 0.100000 0.100000 1.202306 0.289491 1.750789 0.100000 0.422005 0.598459 1.436200 0.100000 0.974587 0.109134 0.100000 0.357949 0.912616 0.992376 0.100000 0.386872 0.551930 0.100000 0.350174 0.819185 0.658375 0.100000 0.236502 0.316841 0.567155 0.971970 0.100000 0.453060 0.100000 
0.209702 0.100000 0.100000 0.139182 0.100000 0.322499 0.100000 0.494602 0.668871 0.572131 0.100000 0.687062 1.889850 0.117877 0.929271 0.695489 0.711413 0.483121 0.100000 1.153061 0.971028 0.524499 0.100000 0.100000 0.100000 0.595081 0.564187 0.679896 0.100000 1.089818 0.251508 0.573524 0.100000 0.593657 0.100000 0.100000 0.100000 0.574788 0.605324 0.100000 0.100000 1.370936 1.103249 0.235417 0.306117 0.514792 1.572993 0.100000 0.100000 0.100000 0.883827 0.100000 0.382301 0.100000 0.145054 0.423436 0.100000 0.738801 0.831097 0.291085 0.100000 0.100000 0.100000 0.100000 0.107167 0.707455 0.557038 0.171556 0.100000 0.100000 0.100000 0.100000 0.100000 0.100000 0.761266 0.883615 0.307294 0.658248 0.146389 0.100000 0.331798 0.100000 0.676501 0.609530 0.553002 0.725517 0.762649 0.480548 1.114450 0.783084 1.026233 
0.406555 0.100000 0.485838 0.244985 0.362475 0.348876 0.134287 0.100000 1.566471 1.377222 0.670805 0.170705 0.576452 0.534149 0.782216 0.100000 0.898391 1.476316 0.683781 1.731959 1.076084 0.100000 2.051183 0.188748 0.493065 0.100000 0.100000 0.130485 0.136513 0.390401 0.193737 0.352295 0.679809 0.100000 0.100000 1.415806 0.536170 0.372535 0.603750 0.100000 0.100000 0.360841 0.683656 0.822628 0.100000 0.130836 0.496731 0.950128 0.635827 0.100000 0.759708 1.176863 0.647598 0.738328 0.100000 0.232777 0.100000 0.100000 1.715225 0.252023 1.107948 0.132739 0.100000 1.075038 1.300967 0.386028 0.607785 0.392347 1.612166 0.908953 0.100000 0.665702 0.590651 0.191404 0.831844 0.317029 0.100000 0.970446 0.655501 0.634655 0.225260 0.905805 0.529423 1.730965 0.461984 0.680152 0.360720 0.667882 0.267094 0.600552 0.347693 
0.130132 0.100000 0.365675 0.895899 0.946012 0.966320 0.510525 0.100000 0.176560 0.436885 0.100000 0.279267 0.100000 0.650638 0.468986 0.339798 0.288754 0.329010 0.100000 0.141447 0.432001 0.761930 0.694466 0.566852 0.100000 0.100000 0.144828 0.100000 0.100000 1.346557 0.524068 0.743022 0.100000 0.492175 0.100000 0.488913 1.277908 0.100000 1.023136 0.474210 0.100000 0.362041 1.219344 0.919356 0.899632 0.589642 0.100000 0.342585 0.100000 0.992183 1.596401 0.764409 0.100000 0.100000 0.100000 0.100000 0.100000 0.610400 0.809355 0.159898 0.100000 0.183867 0.904653 0.100000 0.663347 0.494109 0.720063 0.244469 0.420249 0.320291 0.977337 1.005090 0.898089 0.100000 0.914479 0.197320 0.502503 0.463093 1.138023 0.847332 0.271464 0.223299 0.382347 1.142292 0.100000 1.004894 0.669046 0.300031 0.320998 1.093439 0.255326 
0.211290 0.139283 1.126155 0.100000 0.100000 0.100000 0.100000 0.546750 0.419811 0.100000 0.100000 0.100000 0.465069 1.115457 0.813254 0.141070 0.342649 0.100000 0.129469 0.115841 0.582463 0.282303 0.542029 0.686666 0.100000 1.203457 0.412098 0.339045 0.153282 0.701524 0.656411 0.100000 0.100000 0.916593 0.239204 0.100000 0.100000 0.100000 0.213805 0.100000 0.893877 0.714975 0.737688 1.079158 0.100000 0.177297 1.082216 0.100000 0.248432 0.484372 0.995095 0.648724 1.340281 0.642479 0.100000 0.804798 0.517804 1.167523 0.100000 1.234476 1.240696 0.100000 0.100000 0.679522 1.064523 0.560679 0.360079 0.100000 1.132732 0.100000 0.100000 0.440914 0.100000 0.979345 0.765446 0.100000 0.100000 0.605771 0.527088 0.548351 0.293431 0.269498 1.058696 0.330282 0.291579 0.567681 0.865892 0.100000 0.100000 0.979432 1.123833 
0.100000 0.100000 0.100000 0.100000 0.352184 0.347376 0.451310 0.100000 0.100000 0.100000 0.682631 0.582412 0.508575 0.100000 0.393634 0.100000 0.717986 1.221092 0.702619 0.806307 0.379368 0.100000 0.696576 0.100000 0.645861 0.100000 0.420831 0.968109 0.556041 0.825115 0.468910 0.951315 1.058522 0.682196 0.643205 0.100000 0.954292 0.173603 0.275523 0.769830 0.372999 0.847269 0.942206 0.744293 0.976442 0.100000 0.640533 0.386817 0.579020 0.100000 0.857305 0.363106 0.100000 0.100000 0.100000 0.435629 1.534378 1.264767 1.496375 1.648071 0.100000 0.870764 0.100000 0.981304 0.377949 0.659927 1.434946 0.100000 0.405680 0.100000 0.465796 0.867570 1.721799 0.568098 1.289973 0.811568 0.336767 0.330189 0.487694 0.100000 0.251503 0.534892 0.101821 1.257741 0.870789 0.867682 0.878900 0.100000 0.100000 1.136741 0.828784 
0.454842 0.100000 0.651174 0.791241 0.492348 0.182512 0.567241 0.971554 1.215955 0.600782 0.399454 0.100000 1.057368 0.100000 0.206249 0.100000 0.691674 0.676007 0.100000 0.100000 1.400906 0.551921 0.182815 0.947547 0.100000 0.100000 1.396267 0.969997 0.471394 1.140081 0.300870 0.769521 0.100000 0.124091 0.100000 0.452764 0.160337 0.868922 0.417634 0.100000 0.408471 1.060797 1.626107 0.757536 0.855484 1.190929 0.506656 0.100000 0.100000 0.140601 1.180401 0.143013 1.327649 0.492471 0.486471 1.329174 1.310874 0.565586 0.814301 0.298074 0.941661 0.100000 0.100000 0.100000 0.555218 0.752295 0.767155 1.038335 0.382292 0.291228 0.100000 0.356537 0.400384 0.387382 0.567786 0.699709 0.100000 0.381477 0.100000 1.091922 0.298267 0.529608 0.719062 0.843549 0.100000 0.652325 0.597785 0.100000 1.069291 0.149726 1.053289 
0.100000 0.208911 0.817941 0.406072 1.045203 0.100000 0.368434 0.343835 0.100000 0.583083 0.383755 0.100000 0.307032 0.386544 0.736510 1.254300 0.602399 0.765917 0.205782 1.308370 0.100000 0.100000 1.599539 0.741974 0.100000 0.322733 0.870603 0.491543 0.100000 0.977992 0.440178 0.100000 1.231417 1.111970 0.612428 0.252207 0.850038 0.100000 0.477654 0.100000 0.100000 0.668322 0.862020 0.116161 0.558756 0.394592 1.373110 0.100000 0.100000 1.078735 0.973857 0.926633 0.100000 0.237588 0.662125 1.856308 0.192612 0.167736 0.904131 0.956118 0.369154 0.754771 0.612173 1.323306 0.433757 1.670449 1.227578 0.692702 1.561488 0.100000 0.100000 0.100000 1.470459 0.458901 0.100000 0.118032 0.402714 0.600371 0.286485 1.015015 0.827841 0.437351 0.100000 0.126182 1.114305 0.100000 0.942073 0.100000 0.139098 0.719249 0.379724 
0.656758 0.100000 0.706724 0.100000 0.100000 0.379457 0.544548 0.879730 0.444592 0.100000 0.100000 0.889964 0.209889 0.968648 0.311991 0.422337 1.223044 0.166977 0.539821 0.761698 0.502891 0.100000 0.612735 0.398522 0.220103 0.100000 0.100000 1.195338 0.412825 1.475346 0.460626 0.677761 0.924524 0.188465 0.100000 0.419314 0.674220 0.100000 0.601261 0.139883 1.347796 1.471299 0.941166 0.727256 0.100000 0.549289 0.105723 0.100000 0.100000 0.100000 1.325285 0.817522 0.528205 1.728435 0.302566 1.052311 0.947287 0.319582 0.918940 0.362090 1.002224 0.100000 0.993215 0.581234 0.463577 0.733929 1.462282 0.714854 0.895424 0.100000 0.215345 0.100000 0.665377 0.100000 0.642056 0.100000 0.100000 0.654700 0.246116 0.100000 0.100000 0.100000 0.479424 0.582564 0.100000 0.716238 0.775943 0.420686 1.544766 0.854230 0.100000 
1.468708 0.275047 0.961535 0.100000 0.100000 0.100000 0.627798 0.100000 0.100000 0.100000 0.100000 0.739108 0.871963 1.194209 0.100000 0.211169 0.100000 0.833688 0.782645 0.124462 0.807535 0.100000 0.737447 0.100000 0.100000 0.509440 0.784574 0.890567 0.238514 0.991189 0.100000 0.100000 0.680889 0.310679 0.100000 1.171961 0.675598 0.100000 0.449554 0.100000 0.838505 0.100000 1.114631 0.924121 0.627742 0.821357 0.663945 0.413616 0.673835 1.073516 0.905886 1.057637 0.984736 0.100000 0.100000 0.604068 0.742842 1.092576 0.482768 0.464410 0.712281 0.382366 0.210284 0.100000 0.382233 0.775160 0.743901 0.480070 0.699826 0.296254 0.457632 1.157211 0.100000 0.851873 0.993112 0.169249 1.550926 1.704327 0.100000 0.100000 0.280234 0.626869 0.367118 0.607348 0.100000 1.184826 0.353711 0.100000 0.265874 0.478566 1.092286 
0.100000 0.100000 1.046027 0.859752 0.100000 0.100000 0.585284 0.721092 0.200451 0.245189 0.100000 0.100000 0.100000 0.394267 1.143530 0.182342 0.100000 0.350087 0.203991 0.100000 0.226332 0.100000 0.877318 0.100000 0.100000 0.209422 0.100000 0.100000 0.883828 1.004486 0.572503 1.347651 0.788765 0.815648 0.203711 0.360802 0.151009 0.161012 0.100000 1.001901 0.146889 0.100000 0.156654 0.542813 0.100000 0.100000 0.100000 0.100000 0.366336 0.100000 1.318382 0.100000 0.576560 0.100000 0.100000 1.164330 0.106616 0.100000 0.259287 0.328976 0.337472 0.524730 0.100000 1.113075 0.487842 1.267902 0.839299 0.100000 1.077614 0.583931 0.100000 0.786783 0.384199 0.758593 0.766509 0.516336 0.100000 0.100000 0.434217 0.472626 0.100000 0.112169 0.402260 0.902973 0.315032 1.159783 0.321761 0.348150 0.100000 0.651365 0.662465 
