81 Number of operations
29 Number of workers
Standard production times
0.290051 0.119425 0.716550 0.190971 0.451519 0.100000 0.100000 0.336942 0.571636 0.414269 0.100000 0.116889 0.577166 0.526380 0.408052 0.219375 0.435065 0.438886 0.292950 0.555470 0.434268 0.311430 0.740981 0.584869 0.139028 0.323885 0.251275 0.312576 0.314710 0.676281 0.419674 0.326109 0.145356 0.602997 0.103788 0.342580 0.388635 0.242379 0.413542 0.192219 0.347265 0.507650 0.705652 0.791335 0.495640 0.423869 0.228507 0.247610 0.527861 0.409505 1.022967 0.293508 0.469117 0.314897 0.100000 0.751079 0.347161 0.569259 0.817347 0.505296 0.596762 0.100000 0.221035 0.466013 0.609718 0.669980 0.649135 0.261762 0.656215 0.254587 0.240166 0.399291 0.502519 0.366428 0.669267 0.276902 0.251393 0.603187 0.288969 0.487252 0.370662 
Production times: workers row and ops columns
0.395502 0.330315 1.007513 0.100000 1.599952 0.944249 0.412906 0.100000 0.601685 0.645479 0.442418 0.100000 1.076692 0.372295 0.590971 1.023129 0.315976 0.268472 0.536747 1.425007 0.468753 0.548050 0.415803 0.195316 0.100000 0.635166 0.465056 0.349580 0.100000 0.978358 1.612277 0.264167 0.100000 0.758374 1.334602 0.184518 0.100000 0.584504 0.429558 0.290354 0.800990 0.100000 1.114076 1.383421 0.393400 0.368447 0.935748 0.100000 0.864618 0.100000 0.976028 0.208621 0.198544 0.583871 0.295641 1.857037 0.266039 0.714848 0.871378 0.405529 0.713178 0.177697 0.517898 0.100000 1.025001 0.726589 0.100000 1.061503 1.893424 0.100000 0.628740 0.444466 0.409220 0.738057 0.459678 0.279382 0.100000 0.413508 0.100000 1.029061 0.431565 
0.616871 0.100000 1.166986 0.892214 0.560360 0.100000 0.100000 0.233910 0.592713 0.100000 1.089845 0.100000 1.071274 0.617932 0.870049 0.485961 0.142498 0.158618 0.363337 1.439271 0.100000 0.280569 0.860194 0.622255 0.308180 0.462923 0.863258 0.100000 0.741931 1.429707 0.681341 0.533764 0.437050 0.982729 0.310133 0.926498 0.100000 0.100000 0.100000 0.100000 0.100000 1.011346 0.100000 0.996721 0.465403 0.100000 0.531977 0.100000 0.100000 0.557287 1.138719 0.432525 0.814133 0.100000 0.100000 0.796459 0.928263 0.730150 1.488005 0.576133 1.465454 0.287884 0.960163 0.100000 0.383004 0.580483 0.332577 0.499075 0.413933 0.442529 0.614190 0.100000 0.624325 0.100000 0.444952 0.512181 0.100000 0.877629 0.165211 0.374688 0.560508 
0.232203 0.100000 1.601250 0.189361 0.118289 0.100000 0.100000 0.890583 0.100000 0.709720 0.118978 0.100000 0.100000 0.486858 0.802999 1.312464 0.100000 0.639809 0.100000 0.915586 1.180074 0.362018 1.290100 0.642447 0.800243 0.815464 0.879870 0.543862 0.100000 1.117476 0.787659 0.100000 0.707469 0.309796 0.833787 0.203541 0.606942 0.261490 1.158580 1.491114 0.165807 0.100000 1.182660 0.615647 1.046088 0.979320 0.104575 0.100000 0.610543 0.423277 0.698015 0.100000 0.910299 0.100000 0.100000 0.718135 0.100000 0.591198 0.496679 0.977754 0.634389 0.100000 0.100000 0.998821 0.646795 1.501452 0.932012 0.286976 0.503628 1.167474 0.100000 0.298503 0.100000 0.280378 1.256381 0.536168 0.767736 0.984902 0.765601 0.270131 0.996219 
0.152527 0.100000 0.893082 0.155534 0.100000 0.100000 0.813234 0.180048 1.385648 0.100000 0.100000 0.819063 0.516955 0.942494 0.307688 0.367738 0.100000 0.449392 0.159782 0.369563 0.230564 0.700447 0.858408 0.799917 0.260819 0.100000 0.100000 0.131753 0.474749 1.063223 0.133851 0.449863 0.100000 0.896534 0.100000 0.100000 0.100000 0.602758 0.423636 0.100000 0.475936 0.598086 1.261232 0.558525 1.434990 0.100000 0.667735 0.260342 0.446478 0.499371 0.100000 0.222323 0.872267 0.100000 0.100000 0.660717 0.287558 0.206364 0.284235 0.697738 0.100000 0.726488 0.100000 0.756808 0.156160 0.885695 0.100000 0.100000 0.573329 0.604111 0.100000 2.185970 0.244146 0.501928 0.100000 0.446615 0.285041 0.704590 0.714871 0.446850 0.100000 
0.417465 0.100000 1.037938 0.456094 1.174584 0.668295 0.100000 0.329368 0.512081 0.100000 0.100000 0.984603 0.100000 0.460836 0.100000 0.100000 1.249658 0.515255 0.100000 0.504496 0.458128 0.100000 1.300288 0.944799 0.827783 0.366283 0.100000 1.252623 0.433073 1.016371 0.416522 0.225959 0.250263 0.717086 0.774305 0.918350 0.100000 0.524307 1.361438 0.526326 0.818997 0.312012 1.015324 0.409489 0.978084 0.100000 0.887803 0.100000 0.100000 0.106954 0.645980 0.820075 0.922049 0.747028 0.100000 0.419897 0.148424 0.401893 0.673452 0.467932 0.760052 0.100000 0.100000 0.140966 0.726300 0.900223 0.100000 0.514217 0.538882 0.861895 0.347257 0.619373 0.100000 0.334876 0.510901 0.100000 0.100000 0.456999 0.100000 0.788065 1.008556 
0.650995 0.350032 0.100000 0.555238 1.107556 0.100000 0.481840 1.046441 0.384472 0.202610 0.100000 0.100000 0.461464 0.403160 0.792035 0.100000 2.070347 0.285366 0.100576 0.563065 0.100000 0.100000 0.100000 0.684174 0.100000 0.464509 0.100000 0.374138 0.100000 0.342572 0.648532 0.100000 0.277149 1.005045 0.571272 0.470820 0.274041 0.100000 1.047025 0.594771 0.827418 0.725125 1.045758 1.725777 0.570993 0.139540 0.865976 0.622977 0.932730 0.100000 1.852493 0.449044 0.576974 0.100000 0.100000 0.396021 0.100000 0.626383 1.324224 0.145278 0.384434 0.510034 0.100000 0.228459 0.100000 1.298802 0.542044 0.100000 0.209985 0.100000 0.584423 0.100000 0.330356 0.818907 0.821375 1.004561 0.117578 1.626542 0.100000 0.390841 0.100000 
0.392329 0.516315 0.730512 0.983343 1.065637 0.100000 0.160629 0.100000 0.585642 0.761494 0.308208 0.100000 0.998065 0.100000 0.729165 0.248179 0.972692 0.636671 0.178279 0.283228 0.567098 0.430109 0.100000 0.386626 0.100000 1.028567 0.240969 0.795210 0.190345 1.221115 0.100000 1.140322 0.100000 0.615762 0.798423 0.494671 1.122022 0.260172 0.921424 0.550059 1.213353 0.100000 0.434588 0.304209 0.328656 0.100000 0.100000 0.100000 1.025537 0.235612 0.327157 0.629075 0.309808 1.010594 0.100000 0.171070 0.100000 1.026925 0.513872 0.962302 0.188434 1.591576 0.391173 0.100000 0.547028 1.133271 0.546772 0.457155 1.450760 0.728523 0.571253 0.336411 1.083532 0.100000 0.420502 0.100000 0.474279 0.237758 0.821346 1.050160 0.791954 
0.100000 0.100000 0.100000 0.100000 0.100000 0.180722 0.100000 0.752822 1.330680 0.100000 0.333079 0.140938 0.100000 0.437994 0.513018 0.100000 0.100000 0.100000 0.287948 0.100000 0.100000 0.508349 0.966878 1.542860 0.100000 0.339770 0.100000 0.693276 0.100000 1.236602 1.140039 0.284469 0.100000 0.113141 0.307854 0.805955 1.370448 0.100000 0.100000 0.734789 0.501166 0.748921 1.469108 0.619360 0.100000 0.556498 0.100000 0.323832 0.363461 0.100000 1.783426 0.590456 0.100000 0.870193 0.100000 2.283227 0.100000 0.603802 0.704422 0.100000 0.262017 0.100000 0.100000 0.665412 0.597155 1.297976 0.338760 0.748813 0.722261 0.100000 0.100000 0.437747 0.809829 0.379707 0.318229 0.311393 0.100000 0.833902 0.100000 1.384936 0.163257 
0.275793 0.886579 0.122216 0.239532 0.100000 0.100000 0.100000 1.218443 1.067389 0.348612 0.100000 0.491482 0.431044 0.447476 0.215453 0.186129 0.450762 0.100000 0.292548 1.585557 0.181935 0.507620 0.648870 0.203932 0.100000 0.597267 0.100000 0.801290 0.100000 0.100000 0.141008 0.429595 0.303292 0.201154 0.100000 0.100000 0.467628 0.251649 0.669615 0.621292 0.323895 0.121353 0.969472 0.700329 2.025031 0.100000 0.164896 0.718763 0.351066 0.680012 0.568254 0.100000 0.100000 0.440953 0.100000 0.959775 0.100000 0.100000 1.282916 1.796197 0.713158 0.100000 0.556095 0.100000 0.100000 1.262317 0.297554 0.815760 0.804434 0.484139 0.148024 1.192169 0.418812 0.334208 1.206096 0.887803 0.995984 0.409863 0.100000 0.509322 0.230618 
0.123228 0.100000 0.641599 0.333026 1.689589 0.100000 1.090055 0.258938 1.161999 0.932892 0.350802 0.648095 0.462783 0.499461 0.100000 0.381894 0.212055 0.100000 0.251046 0.713260 0.472236 0.681478 0.596683 0.100000 0.100000 0.406109 0.448035 0.723103 1.102612 0.222293 0.847542 0.939531 0.341282 0.788370 0.640184 0.100000 0.490254 0.594845 0.219739 0.100000 0.285430 0.451123 0.781306 2.051177 0.326118 1.565040 0.477798 0.100000 0.892066 0.496234 1.514659 0.154328 0.272890 0.100000 0.365103 0.914116 0.897414 0.521245 0.961575 1.322170 1.385906 0.100000 0.298312 0.100000 0.687374 0.965261 0.527698 0.803744 0.791054 0.847231 0.432471 0.220642 0.881228 0.551884 0.353296 0.100000 0.167930 0.369885 0.334140 0.784619 0.100000 
0.100000 0.451622 0.723044 0.582237 1.583085 0.100000 0.100000 0.100000 0.100000 0.100000 0.947358 0.482696 0.946918 0.832013 0.283465 0.294032 0.100000 0.100000 0.100000 1.524533 0.950532 0.892120 1.195143 1.339818 0.361118 0.100000 0.354047 0.384052 0.100000 0.408736 0.100000 0.100000 0.359407 1.197824 0.100000 1.099115 0.100000 0.100000 0.600669 0.794615 0.300890 1.492750 0.627514 0.669869 0.100000 0.334680 0.100000 0.852400 0.406485 0.992141 1.212874 0.734447 0.100000 0.495574 0.582757 0.787242 0.719076 0.373744 0.683326 0.827237 0.924072 0.250098 0.417378 0.292465 0.100000 1.317723 0.844194 0.100000 0.813603 0.424660 0.462724 0.461839 0.100000 0.560133 0.100000 0.100000 0.255902 0.721330 0.100000 0.331960 0.100000 
1.189896 0.100000 0.181926 1.368417 0.100000 0.100000 0.859129 0.100000 0.307184 0.182132 0.339283 0.100000 1.261485 0.556042 0.384256 0.100000 0.810060 0.259176 0.100000 0.416907 1.374966 0.303122 1.392196 0.100000 0.100000 0.231560 0.598269 0.100000 0.290281 0.540956 0.865942 0.854197 0.100000 0.499801 0.100000 0.593957 0.735628 0.100000 0.672207 0.936185 1.009990 0.259705 0.606803 0.737208 1.010018 0.100000 0.646173 0.100000 1.481750 0.100000 0.873978 0.187013 0.404375 0.847234 0.100000 1.531749 0.867947 0.100000 0.826649 0.285900 0.370341 0.100000 0.553499 0.588993 1.351565 0.635294 1.323630 0.941561 0.869081 0.297770 0.100000 1.037543 0.100000 0.310977 0.906642 0.926329 0.100000 0.100000 1.105359 0.100000 1.196619 
0.215379 0.100000 0.154684 0.100000 0.559328 0.342052 0.838064 0.632640 1.496163 0.607770 0.100000 0.100000 0.938479 0.100000 0.100000 0.222845 0.824390 0.100000 0.633795 0.100000 0.100000 0.697217 1.276593 1.173860 0.439945 1.240482 0.878723 0.100000 0.387816 1.005063 0.397107 0.509570 0.200192 1.397053 0.881706 0.443701 0.424203 0.100000 0.694006 0.756574 0.547393 0.401106 0.971271 1.497073 0.734726 0.865102 0.100000 0.159774 0.100000 0.100000 1.144955 0.515714 0.451034 0.100000 0.241882 0.952475 0.881696 0.262363 0.220293 0.100000 0.912107 0.116436 0.244365 0.967997 1.330623 0.233878 1.768935 0.100000 0.334020 0.124672 0.297638 0.100000 1.164824 0.183818 0.493702 0.202883 0.100000 0.100000 0.273253 0.796585 0.382879 
0.100000 0.100000 0.866531 0.488376 0.669589 0.100000 0.100000 0.233577 0.421441 0.567618 0.541154 0.100000 0.100000 0.427854 0.100000 0.527737 0.100000 0.951455 0.394281 0.893338 0.100000 0.320678 0.475165 0.582014 0.100000 0.100000 0.722318 0.619356 0.100000 1.424411 0.100000 1.475519 0.111911 0.100000 0.100000 0.269125 0.536509 0.437806 0.100000 0.100000 0.100000 0.781144 0.702011 0.671901 1.599357 1.146803 0.819443 0.100000 0.477459 0.100000 0.690873 0.100000 0.856503 0.100000 0.100000 0.966867 0.130619 0.401867 1.125968 0.100000 0.100000 0.100000 0.419494 0.100000 0.885713 0.419849 0.847001 0.100000 0.154431 0.100000 0.419924 0.413446 0.381576 0.342358 0.661044 0.555699 0.525520 0.794409 0.704320 1.567423 0.100000 
1.267656 0.150646 0.826904 1.184612 0.462920 0.747984 0.100000 0.747947 0.135646 0.853401 0.375053 0.165969 0.100000 0.809905 0.601212 0.970969 0.100000 0.595098 0.401266 0.195591 0.100000 0.223751 1.476120 0.100000 0.100000 1.098423 0.100000 0.811238 0.771683 0.100000 0.902300 0.446997 0.563107 0.217872 1.162403 0.181396 0.211011 0.435203 0.228097 0.679174 0.100000 1.416884 0.939053 0.276290 0.489835 0.409602 0.717236 0.100000 1.013843 0.621325 1.128714 0.575298 0.100000 1.028229 0.100000 1.079424 1.301799 0.823504 0.499405 0.253125 1.329868 0.121305 0.100000 0.645285 0.586032 1.138437 0.687746 0.584528 0.880452 0.640322 0.100000 0.754869 1.572382 0.565617 0.100000 0.525593 0.100000 0.379110 0.370423 0.322222 0.922120 
0.100000 0.516312 0.100000 0.100000 0.100000 0.100000 0.357836 0.100000 0.911910 0.156312 0.427682 0.826161 1.020153 0.198797 1.131619 0.391572 0.546102 0.100000 0.380810 0.493798 0.380239 0.553769 0.575758 0.622652 0.308734 0.260091 0.402921 0.589936 0.581663 0.611383 0.983333 0.272420 0.240853 0.688393 0.415239 0.585802 1.224058 0.100000 0.386668 0.100000 0.100000 0.831515 0.402244 0.364774 0.498091 0.515976 0.986688 0.302606 1.383101 0.492371 1.005916 0.209281 0.801801 0.581798 0.100000 0.991107 0.100000 0.141058 0.313672 1.064707 0.651311 0.100000 0.100000 1.320045 0.481888 1.346164 1.075915 0.308723 1.041735 0.100000 1.020590 0.100000 0.969472 0.205442 0.131551 0.478733 1.329569 0.100000 0.100000 0.956485 1.020841 
1.153039 0.100000 0.932103 0.662135 0.100000 0.100000 0.470863 0.321737 0.537528 0.976025 0.620063 0.192416 0.650358 0.762632 0.100000 0.854198 0.975215 0.515371 0.467361 0.753328 0.487256 0.100000 0.842876 0.735656 0.314589 0.294757 0.100000 0.100000 0.100000 0.371341 0.938344 0.100000 0.100000 1.478211 0.673236 0.100000 1.596618 1.047416 0.100000 0.993742 0.100000 0.915227 0.865101 0.845280 0.550122 0.100000 0.100000 0.577796 0.636622 0.777497 1.393341 0.100000 0.535215 0.100000 0.185688 0.322510 0.730793 0.100000 0.919041 1.412792 1.128915 0.367562 0.454845 1.066767 0.100000 0.100000 0.839476 0.613259 0.791768 0.100000 0.406094 0.578337 0.222981 0.366030 0.606215 0.100000 0.100000 0.842642 1.406585 0.863030 0.273439 
0.100000 0.911004 0.689880 0.100000 1.553936 0.100000 1.091342 1.388778 0.742190 0.675308 0.100000 0.247011 0.605032 0.434434 0.100000 0.331067 0.870718 0.134761 1.088964 0.729238 0.506068 0.590775 0.468498 0.410697 0.100000 0.257259 0.293820 0.901573 0.213710 0.211582 1.589589 1.683903 0.377820 0.100000 0.100000 0.384179 0.100000 0.100000 0.910245 0.125900 0.100000 0.100000 1.652297 0.989611 0.855172 1.407812 0.100000 0.520267 0.806849 0.100000 0.664503 0.863283 0.353001 0.675667 0.100000 1.371042 0.100000 0.544990 0.514670 0.704734 0.100000 0.100000 0.100000 1.080863 1.180256 0.927601 0.884565 0.100000 0.943500 0.100000 0.100000 0.100000 1.852631 0.981327 0.610390 0.381847 0.374013 0.697896 0.792865 0.536767 0.586315 
0.100000 0.585805 0.545636 0.260096 0.100000 0.347344 0.100000 0.274960 0.100000 0.429966 0.443842 0.134727 0.429781 1.025726 0.887936 0.100000 0.100000 0.100000 1.324962 0.100000 0.844857 0.639236 0.100000 0.475433 0.192195 0.632431 0.389205 0.789501 0.100000 0.162295 0.695276 0.345745 0.166623 0.100000 0.698669 0.100000 0.222718 0.908479 0.100000 0.100000 0.839157 0.637899 1.269040 1.217829 0.471451 0.563090 1.218605 0.422100 0.100000 0.470513 0.866680 0.100000 0.796902 0.940869 0.140302 1.460420 0.658334 0.100000 0.731654 0.939332 1.387542 0.100000 0.100000 0.100000 0.594881 0.100000 0.797400 0.397665 0.100000 0.520569 0.534862 0.100000 0.620670 0.100000 0.262664 0.649884 0.299215 0.555230 0.180437 0.331982 0.382722 
0.258099 0.100000 0.100000 0.100000 0.100000 0.100000 0.100000 0.100000 0.483939 0.165285 0.287070 0.100000 0.307449 1.050795 0.100000 0.100000 0.474624 0.100000 0.100000 0.100000 0.803210 0.357433 1.346043 0.100000 0.141144 0.263117 0.100000 0.756827 0.100000 0.100000 0.880311 0.100000 0.100000 1.373861 0.465031 0.555459 0.808606 0.100000 0.924240 0.542808 0.167877 0.669076 0.253380 1.191718 0.223635 1.103067 0.100000 0.205718 0.100000 0.195299 1.654271 0.514826 0.100000 0.100000 0.577281 1.211056 0.291293 0.764293 1.167512 1.124662 0.774153 0.713263 0.100000 0.265930 0.723175 0.100000 0.296527 0.225568 0.100000 0.229490 1.307140 1.025927 1.418213 0.100000 0.163802 0.426883 0.100000 0.604212 1.513953 1.050890 0.100000 
0.100000 0.948529 0.255940 0.480306 0.368165 0.100000 0.100000 0.491029 0.467318 0.100000 0.789697 0.450948 0.712945 0.101180 1.197462 0.100000 0.502572 0.100000 0.100000 0.527513 0.720157 1.392798 0.477495 1.261663 0.143513 0.468171 1.080032 0.242218 0.100000 1.181179 0.100000 0.302286 0.100000 0.560638 0.100000 0.197588 0.146702 0.256110 0.100000 0.428989 1.147870 0.774177 1.671291 0.438226 0.489138 0.100000 0.510951 0.666444 0.271539 1.294249 1.139022 0.363749 1.083953 0.100000 0.100000 0.428087 0.827125 0.529464 0.977940 0.234712 1.709007 0.574725 0.633488 0.654448 1.580674 1.726511 0.100000 0.707748 1.189745 0.100000 0.100000 0.679347 1.089236 0.100000 0.476457 0.209101 0.100000 0.388217 1.431792 0.445915 0.905211 
0.100000 0.100000 0.100000 0.100000 0.100000 0.100000 0.100000 0.745523 0.575482 0.273192 0.921082 0.453688 1.247018 0.632130 0.100000 0.100000 0.982379 0.100000 0.455628 0.639738 1.240982 0.604860 0.948706 0.661078 0.359728 0.544394 0.573290 0.654136 0.530905 0.296222 0.324426 0.401213 0.781154 1.247197 0.187144 1.234758 0.939268 0.100000 0.100000 0.700921 0.359670 1.457032 1.085580 1.012539 0.468175 0.100000 0.876689 0.533632 1.558290 0.237116 1.317291 0.264772 0.432636 0.833814 0.100000 1.139621 0.100000 0.100000 1.687870 0.110981 0.100000 0.856220 0.100000 0.517140 0.185792 0.100000 1.355450 0.486007 0.253858 0.114569 0.552554 0.100000 0.986502 0.368517 0.673988 0.593498 0.343281 0.768981 0.198577 1.036809 0.731311 
0.893770 0.248946 0.316727 0.415305 0.100000 0.480553 1.108418 0.100000 1.004555 0.492828 0.100000 0.100000 0.699878 1.087378 0.100000 0.667424 1.617801 0.316374 0.263527 0.100000 0.465942 0.191976 0.617571 0.385453 0.100000 0.230763 0.266454 0.378567 0.169252 0.638910 0.100000 0.100000 0.100000 0.760383 0.887415 0.887152 0.401147 0.100000 0.330212 0.251398 0.180777 0.544899 1.105158 0.773880 0.132358 0.343135 0.258830 0.815423 0.597962 0.382093 1.010517 0.316244 0.665377 0.100000 0.100000 1.225222 0.100000 0.718121 1.121092 0.150327 0.366146 0.100000 0.100000 0.100000 1.282293 0.100000 0.235886 0.418126 0.991114 0.100000 0.100000 0.100000 0.409799 0.232233 0.570683 0.961841 0.100000 0.847289 0.328636 0.100000 0.239675 
1.128824 0.304397 1.142754 0.100000 0.100000 0.771239 0.100000 0.100000 0.100000 0.875430 1.198332 0.100000 0.460638 0.281075 0.534465 0.158662 1.367321 0.100000 1.083078 0.858781 0.749311 0.100000 0.299625 0.100000 0.100000 0.100000 0.291100 0.100000 0.609777 0.100000 0.100000 0.100000 0.100000 1.692353 0.686228 0.136283 0.116826 0.652976 0.148349 0.280894 0.100000 0.100000 1.119244 0.969235 0.437756 1.426713 0.578767 1.352014 0.458126 0.100000 1.178939 0.100000 0.100000 0.148674 0.100000 1.029644 0.129235 0.100000 0.477231 1.349786 0.173195 0.632178 0.630958 0.924536 0.752105 0.932655 0.221726 0.406514 0.100000 0.906087 0.100000 0.437771 0.115606 0.409027 1.181769 0.100000 0.531394 0.468434 0.445509 0.432148 0.100000 
0.519768 0.146316 0.589300 0.100000 0.332283 0.100000 0.158371 0.100000 0.863391 0.310884 0.316084 0.290438 0.682179 0.100000 0.618563 0.100000 0.100000 0.100000 0.100000 0.418394 0.257440 0.100000 0.316524 1.018926 0.100000 0.100000 0.660030 0.769718 0.160775 0.100000 0.626614 0.518170 0.100000 0.100000 0.308151 0.161264 2.080066 0.452723 0.465869 0.100000 0.100000 0.100000 0.728384 0.359215 1.788745 0.386488 0.100000 0.100000 0.726510 0.100000 0.635765 0.576642 1.329426 0.100000 0.248075 0.556642 1.073749 1.325930 1.358888 0.598017 1.504578 0.100000 0.330533 0.749686 1.067392 0.100000 0.100000 0.100000 0.104383 0.433624 0.578641 0.389219 0.100000 0.142674 1.282208 0.220875 0.410466 0.769474 1.026138 0.462062 0.545285 
0.100000 0.100000 0.689245 0.125047 0.529885 0.763312 0.482995 1.342271 1.060662 0.235075 0.100000 0.100000 1.306930 0.982257 0.620407 0.504850 0.359803 1.073439 0.549711 2.033008 1.135230 0.100000 0.551678 0.100000 0.100000 0.414293 0.174374 0.550319 0.430416 0.712244 0.510558 0.184603 0.100000 0.100000 0.762997 0.531515 0.701467 0.176501 0.614511 0.174795 0.711725 1.167937 1.102757 0.583592 1.115096 1.079596 0.120925 0.364274 0.585434 0.784705 0.550323 0.597463 1.197877 0.139466 0.366886 0.715558 0.100000 0.803619 0.100000 0.100000 0.944013 0.216972 0.217556 0.391042 0.581346 0.677005 1.323297 0.611499 0.578421 0.100000 0.155584 0.100000 0.100000 0.100000 0.958673 0.793084 0.155932 0.127980 0.329397 0.859423 0.932217 
0.737896 0.100000 0.912139 0.602059 0.142771 0.100000 0.420453 0.549533 0.100000 0.588494 0.100000 0.100000 0.635179 0.617917 0.100000 0.548983 0.289608 0.116280 0.433887 0.366099 0.100000 0.436460 0.373609 0.162000 0.100000 0.100000 0.771188 0.100000 0.282422 0.588949 0.109924 0.687918 0.100000 0.310138 0.100000 0.569015 0.100000 0.677546 0.192529 0.313845 0.532371 0.436104 1.050977 0.867135 0.515434 0.100000 0.100000 0.508420 0.100000 0.873407 1.036488 0.205644 0.100000 0.100000 0.374631 0.910798 0.206619 0.728929 0.363960 0.616098 0.741748 0.100000 0.100000 0.100000 0.392497 0.439740 1.067733 0.100000 0.730138 0.256309 0.424101 0.133333 0.697187 1.040122 1.152131 0.231169 1.136076 1.496438 0.100000 1.043486 0.454095 
0.100000 0.100000 0.618803 0.383334 0.227821 0.100000 0.100000 0.589190 1.065244 1.277184 0.633367 0.100000 1.166843 1.232880 0.100000 0.100000 0.729753 0.230724 0.859487 0.725342 0.482250 0.100000 1.192270 0.602926 1.337066 1.170061 0.100000 0.292916 0.717320 0.747051 0.100000 0.100000 0.582089 0.570355 0.870838 0.100000 0.100000 0.264214 0.122848 0.228882 0.100000 1.146754 1.231194 0.741084 0.475334 0.100000 0.100000 0.184532 0.789834 0.653712 0.115677 0.480831 0.692645 0.100000 1.006271 0.239073 0.690514 1.037024 0.453573 0.100000 0.431200 0.784486 0.682907 0.357072 1.009375 0.940876 0.668669 0.100000 1.225200 0.291820 0.100000 0.115089 1.172095 1.132789 0.882989 0.352785 0.549223 0.256023 0.124609 0.378681 0.114103 
0.927172 0.644524 0.943857 0.100000 0.546053 0.911769 0.523458 0.100000 0.985816 0.100000 0.307472 0.627400 0.100000 0.831651 0.599127 0.939318 0.222932 0.100000 0.100000 0.102965 1.497925 0.100000 0.398146 0.191555 0.100000 0.100000 0.100000 0.100000 0.533278 0.646907 0.525338 0.100000 0.393213 0.578316 0.100000 0.611853 0.100000 0.129683 1.136564 0.263877 1.351783 0.896774 1.309479 1.405902 0.846947 0.952616 0.100000 0.488257 0.269832 0.549518 0.999439 1.063210 0.799196 0.100000 0.461306 0.577546 0.385030 0.609375 0.100000 0.100000 0.740150 0.100000 0.569779 0.408614 0.477240 0.800389 1.556515 0.650246 1.118970 0.100000 0.306749 1.348240 0.100000 0.349421 1.204133 0.434429 0.623936 0.362134 0.304762 0.100000 0.100000 
