70 Number of operations
29 Number of workers
Standard production times
0.290051 0.119425 0.716550 0.190971 0.451519 0.100000 0.100000 0.336942 0.571636 0.414269 0.100000 0.116889 0.577166 0.526380 0.408052 0.219375 0.435065 0.438886 0.292950 0.555470 0.434268 0.311430 0.740981 0.584869 0.139028 0.323885 0.251275 0.312576 0.314710 0.676281 0.419674 0.326109 0.145356 0.602997 0.103788 0.342580 0.388635 0.242379 0.413542 0.192219 0.347265 0.507650 0.705652 0.791335 0.495640 0.423869 0.228507 0.247610 0.527861 0.409505 1.022967 0.293508 0.469117 0.314897 0.100000 0.751079 0.347161 0.569259 0.817347 0.505296 0.596762 0.100000 0.221035 0.466013 0.609718 0.669980 0.649135 0.261762 0.656215 0.254587 
Production times: workers row and ops columns
0.795239 0.154844 1.075345 0.100000 0.425754 0.106564 0.201120 0.564418 0.372002 0.504802 0.503744 0.523157 0.682617 0.737270 0.699015 0.100000 1.583498 1.283135 0.605856 0.100000 0.464317 0.542640 1.083399 0.287139 0.638553 0.169800 0.434194 1.116329 0.195621 0.505867 0.663471 1.195645 0.179841 0.839618 0.100000 0.100000 0.100000 0.553660 0.627323 0.229224 0.120680 0.809727 1.898255 0.729394 0.333543 0.579246 1.459321 0.100000 0.100000 0.751630 1.038983 0.391643 0.922842 0.100000 0.508424 1.343165 0.244921 0.513837 1.524588 0.100000 0.933519 0.100000 0.174096 0.381126 0.339146 0.938954 0.844776 1.367719 0.575092 0.400176 
0.344082 0.100000 0.832967 0.268667 0.748381 0.100000 0.515282 0.393551 0.100000 1.214010 1.337210 0.100000 0.965739 0.571556 0.314753 0.591005 0.225475 0.441366 0.100000 0.365791 0.162456 0.853239 0.801884 0.911689 0.100000 0.774321 0.952518 0.421417 0.272910 0.100000 0.316643 0.347186 0.100000 1.592843 0.100000 0.836688 0.480187 0.704375 0.680128 0.100000 0.100000 0.578037 1.589453 0.397449 0.464779 0.543082 0.265893 0.416763 0.666899 1.021488 0.307717 0.720729 1.222542 0.576564 0.307656 1.042773 0.726893 0.775604 1.401265 0.100000 0.100000 0.100000 0.100000 0.100000 1.113414 0.100000 0.854520 0.231525 0.141734 0.558057 
0.100000 0.100000 0.864332 0.306723 0.590536 0.445016 0.100000 0.100000 0.617015 0.995370 0.260891 0.787548 0.648003 1.395073 0.595936 0.958503 0.100000 0.212172 0.203453 0.238912 0.671581 0.100000 0.928923 0.958893 0.100000 0.445691 0.100000 0.100000 0.549990 0.100000 0.694116 0.202351 0.100000 0.792843 0.100000 0.269270 1.273334 0.240770 0.100000 0.100000 0.214784 1.061291 0.100000 1.086787 0.514618 0.100000 0.100000 0.208088 0.922808 1.502594 0.559621 0.494430 0.100000 0.675013 0.845806 0.801668 0.896280 0.626837 1.478562 0.996875 1.225357 0.331286 0.100000 0.907207 0.977703 0.100000 1.211248 0.100000 1.386213 0.115548 
0.508357 0.138536 1.461589 1.489866 0.270061 0.100000 0.577008 0.161253 1.122084 0.969720 0.100000 0.100000 0.659847 0.540153 0.100000 0.100000 0.876247 0.100000 0.100000 0.522526 0.100000 0.333368 0.420314 1.057328 0.176655 0.133642 0.100000 0.845384 0.351786 1.507754 0.702551 0.351323 0.100000 1.515884 0.100000 0.241792 0.100000 0.156329 1.000656 0.451485 0.863608 0.889364 1.182284 0.574215 1.121197 0.286345 0.100000 0.424142 0.492425 0.100000 0.728704 1.006741 0.312223 1.128909 0.100000 0.100000 1.049335 0.509048 1.233461 0.404932 0.745124 0.100000 0.231541 0.332844 0.423811 0.466276 1.038152 0.379189 0.871262 0.376378 
0.100000 0.100000 0.535727 0.351010 0.838461 0.100000 0.223754 0.100000 0.865172 0.281688 0.100000 0.100000 0.937545 0.536474 0.100000 0.348047 0.525500 0.994466 0.100000 1.494820 0.100000 0.750658 0.753712 0.503486 0.228894 0.100000 0.180090 0.715726 0.100000 0.100000 0.329312 0.266505 0.100000 0.100000 0.296231 0.100000 1.015124 0.100000 0.704338 0.100000 0.562979 0.100000 0.462486 0.708450 0.845164 0.100000 2.015186 0.100000 0.663361 0.100000 1.192680 0.327156 0.570520 0.740800 0.100000 0.387272 0.474576 0.535870 1.138734 0.770419 1.319828 0.668295 0.100000 0.458439 0.550164 0.100000 0.530827 1.129475 0.100000 0.189042 
0.100000 0.100000 1.531144 0.267339 0.100000 0.100000 0.123860 0.100000 1.130943 0.774198 0.788755 0.159288 0.321768 1.466428 0.526415 0.559465 0.431913 0.338736 0.397857 0.669559 1.104785 0.887200 0.100000 0.866797 1.086923 0.657992 0.723007 0.116937 0.624382 0.294435 0.902118 0.100000 0.804652 0.448162 0.100000 0.100000 0.100000 0.768946 0.866474 0.624349 0.100000 0.176468 0.506915 0.623969 0.351746 0.386505 0.391797 0.100000 0.173645 0.100000 1.139549 0.523750 0.100000 0.567352 0.100000 1.358387 0.454252 0.789341 0.280509 0.473744 0.438395 0.100000 0.100000 0.319825 0.201424 0.970793 1.287029 0.622706 0.886821 0.100000 
0.654319 0.775462 0.100000 0.572811 1.161018 0.100000 0.100000 0.100000 0.328623 0.298566 0.100000 0.500873 0.263733 2.161663 0.254532 0.100000 0.442659 0.100000 0.100000 0.100000 0.533572 0.176077 0.881604 0.100000 0.200590 0.100000 0.100000 0.541434 0.100000 0.808074 0.821722 0.793592 0.273596 0.488403 0.100000 0.976063 0.791187 0.722532 0.631017 0.532325 1.281707 0.583003 0.421323 1.428804 0.871007 0.828738 0.100000 1.077137 0.683397 0.517362 0.785593 0.130337 0.114058 0.100000 0.157124 1.257957 0.100000 0.356931 1.227381 0.100000 0.359208 0.100000 0.849858 0.358921 0.100000 0.223750 0.101151 0.606018 0.100000 0.100000 
0.742530 0.271533 1.444210 0.100000 1.474873 0.100000 0.100000 0.100000 0.673914 0.811158 0.113962 0.909262 1.191284 0.522898 0.468681 0.100000 0.449071 0.786111 0.501158 0.372637 0.855167 0.100000 1.062093 0.613673 0.676655 0.521670 0.136604 0.100000 0.447540 0.794961 0.100000 0.127866 0.100000 1.307679 0.100000 0.825214 0.264270 0.787212 0.100000 1.006432 0.100000 0.520414 1.400287 0.943427 1.229027 0.441662 0.736389 0.605450 1.393950 0.100000 0.751903 0.100000 0.302133 0.100000 0.100000 0.100000 0.844837 0.395365 0.121537 0.840863 0.437453 0.795697 0.100000 0.100000 0.100000 1.127645 0.345661 0.718768 0.247887 1.746163 
0.460189 0.100000 0.653861 0.654262 0.349156 0.295393 0.894545 0.810877 0.902723 0.351389 0.681013 0.100000 0.328401 0.100000 0.630939 0.100000 0.967441 1.001795 0.714242 0.100000 0.233290 0.100000 0.100000 0.100000 0.219750 0.100000 0.667155 1.071620 0.100000 0.909361 0.443723 0.100000 0.100000 0.707964 0.100000 0.100000 0.100000 0.237377 0.100000 0.100000 0.544184 0.733547 1.663643 0.134617 0.511525 0.100000 0.609207 0.100000 1.088181 1.129870 0.981327 0.100000 0.100000 0.518963 0.563375 1.732892 0.100000 0.100000 1.359917 0.659197 0.838033 0.863456 0.100000 0.100000 0.742347 0.249058 0.725357 0.100000 0.108093 1.015046 
0.586999 0.100000 1.271846 0.100000 1.983666 0.100000 0.134543 0.224017 0.100000 0.100000 0.100000 0.100000 0.776565 0.513817 1.036048 0.100000 0.922116 0.504932 0.100000 0.193367 0.472724 0.618740 0.754260 0.233831 0.173519 0.100000 0.481989 0.100000 1.212394 0.468876 0.405416 1.093262 0.100000 0.651559 0.100000 0.163696 0.299329 1.123880 0.909295 0.126562 0.100000 0.882243 0.559530 0.712431 0.303041 0.390623 0.244205 0.100000 0.527458 1.439592 0.770634 0.489698 0.377006 0.100000 0.100000 1.024461 0.100000 1.057973 0.100000 0.100000 0.318096 0.203486 0.378971 0.100000 0.100000 0.217257 0.728128 0.271032 0.912288 0.683660 
0.266681 0.100000 0.980370 0.100000 1.980910 0.100000 0.100000 0.808094 0.394840 0.684776 0.100000 0.100000 0.100000 0.652436 0.100000 0.428071 0.138660 0.100000 0.758519 1.846372 0.550664 0.100000 1.076041 0.100000 0.100000 0.916222 0.100000 0.866574 0.462929 0.905833 0.327532 1.118987 0.100000 0.570777 0.640616 0.953481 1.133226 0.100000 0.131518 0.214289 0.207220 0.340828 0.501468 0.716384 0.637695 1.661939 0.100000 1.237666 0.449858 0.999868 1.541590 0.544310 1.000322 0.200515 0.100000 0.332221 0.509680 0.346249 0.100000 0.463392 0.754552 0.137969 0.591084 0.321715 0.100000 0.482561 0.731359 0.458522 1.066742 1.042489 
0.100000 0.547293 1.329973 0.386897 0.636892 0.636396 0.100000 0.438561 0.924102 0.220465 0.100000 0.100000 0.520639 0.602035 1.667893 0.100000 1.576235 0.688177 0.100000 0.919675 0.520997 0.803122 0.601801 0.388642 0.100000 0.588988 0.414311 0.862829 0.266697 0.820510 1.236549 1.115253 0.100000 0.680274 0.100000 0.420236 0.683916 0.120942 0.955524 0.327058 0.939909 0.699955 0.527004 1.170045 0.681097 0.107898 0.100000 0.164147 0.294559 0.454676 1.320334 0.100000 0.100000 0.647094 0.106494 1.142345 1.478728 0.100000 0.371019 0.100000 0.100000 0.100000 1.068393 0.831819 0.979470 0.975612 0.524548 0.336418 0.100000 0.100000 
0.100000 1.088488 1.232814 0.771661 0.905681 0.854948 0.322091 0.100000 0.674408 0.485745 0.100000 0.100000 0.100000 0.100000 0.622103 0.814202 0.224590 1.195421 0.100000 0.310317 0.621395 0.913826 0.694606 1.569970 0.100000 0.202419 0.100000 0.223387 0.100000 1.281071 0.298298 0.908744 0.335263 1.043937 0.100000 0.523257 0.871393 0.278542 0.785456 0.100000 0.213244 0.829592 1.032962 0.941433 0.691984 0.250321 0.100000 0.895354 0.722920 0.100000 1.180355 0.463580 0.691675 0.377445 0.100000 0.944785 0.100000 0.165418 0.821856 0.623439 0.145857 0.100000 0.100000 1.365858 0.449501 0.135355 1.826581 0.100000 0.621540 1.013716 
0.100000 0.100000 0.484414 0.430254 0.100000 0.784319 0.129662 0.313146 0.100000 0.789264 0.100000 0.100000 0.438603 1.467078 0.399744 0.870591 0.100000 0.100000 0.200625 0.902465 0.100000 0.287001 0.605655 1.031137 0.667117 0.100000 0.148078 0.229022 0.566087 1.023274 0.100000 0.584774 0.889322 1.265723 0.100000 0.243731 0.334508 0.756757 0.100000 0.609885 0.100000 1.461539 0.233932 0.642347 0.389145 0.359127 0.760843 0.100000 1.308531 0.930291 0.235947 0.302810 0.249721 0.100000 0.100000 1.083543 0.470142 1.311106 0.782661 1.179790 1.276561 0.312867 0.264218 0.100000 1.247971 0.100000 0.593684 0.499137 1.305642 0.100000 
0.100000 0.935815 0.296924 1.016928 0.376847 0.100000 0.100000 0.100000 0.679446 0.656321 0.838064 0.412588 1.501693 0.719881 0.146903 0.100000 0.796378 0.100000 0.100000 0.558940 0.823593 0.100000 1.081826 0.100000 0.100000 0.709672 0.786886 0.901567 0.615627 1.592878 1.047122 0.100000 0.218462 0.931778 0.100000 0.526041 0.443471 1.036435 1.191460 0.293340 0.382832 0.183607 0.986116 1.355691 0.695769 0.317325 0.494126 0.953348 0.766947 0.850738 0.100000 0.205671 0.100000 0.100000 0.221988 0.973286 0.329079 0.346472 0.959228 0.706691 1.131297 0.100000 0.100000 0.100000 0.925064 0.686416 0.672465 0.763746 1.377120 0.100000 
1.409850 0.100000 0.394356 0.100000 0.508990 0.100000 0.762305 0.154332 0.396070 0.340250 0.100000 0.100000 0.561450 0.835713 0.420269 0.100000 0.100000 0.588867 0.590356 0.773541 0.100000 0.100000 0.637616 0.434675 0.292377 0.765039 0.100000 0.100000 0.216184 0.100000 0.728036 0.100000 0.657925 0.704328 0.441656 0.100000 0.397884 0.100000 0.410687 0.100000 0.100000 0.978694 1.012432 0.100000 1.243770 0.100000 1.377918 0.214166 0.100000 0.100000 0.949512 0.441381 0.664544 0.100000 0.100000 0.100000 0.620655 0.565618 0.697913 1.609013 1.319695 0.690936 0.100000 0.415611 0.100000 0.337886 0.341825 0.649148 0.100000 0.100000 
0.505838 0.100000 0.549159 0.499592 0.100000 0.100000 0.100000 0.535401 0.100000 0.690264 0.100000 0.314756 0.168677 0.100000 0.100000 0.399133 0.449220 0.317944 0.268881 0.547247 0.713065 0.585557 0.932202 1.000220 1.219199 0.100000 1.228880 0.343796 0.425064 1.669923 0.431075 0.974093 0.100000 1.014002 0.100000 0.781712 0.663688 0.291458 0.100000 0.475744 0.540425 1.259244 0.337009 0.947547 0.603955 0.100000 0.100000 0.159932 1.263000 0.100000 0.707501 1.068046 0.100000 0.813560 0.556973 0.100000 0.829787 0.690147 1.235098 0.120170 1.655377 0.100000 0.100000 0.658837 0.424273 1.156935 0.100000 1.170996 0.889616 0.100000 
0.284246 0.105159 1.205280 0.100000 0.937500 0.311820 0.205747 0.618731 0.100000 1.127601 0.100000 0.445234 1.531804 0.780626 0.100000 0.100000 1.168171 0.460191 0.100000 0.734743 0.410581 0.779887 0.779592 0.907635 0.363265 0.709620 0.100000 0.668153 1.384573 0.875471 0.100000 0.574800 0.100000 0.378921 0.185242 0.177550 0.940093 0.100000 0.810428 0.100000 0.100000 0.100000 0.100000 1.049172 0.104968 0.764143 0.100000 0.575293 1.237133 0.852492 0.695383 1.017075 0.641313 0.425935 0.100000 0.838940 0.285489 0.515230 1.059686 0.340072 0.634544 0.269706 0.157241 0.617658 0.887079 0.936933 0.584237 0.825421 0.602526 0.350084 
0.375447 0.430876 0.959772 1.026393 0.100000 0.100000 0.100000 0.100000 0.895501 0.110861 0.100000 0.119341 0.669273 1.284562 0.463048 1.074615 0.517930 0.421835 0.208723 0.888155 0.701168 0.100000 0.981008 0.329944 0.100000 0.100000 0.810686 0.367125 0.100000 0.394275 1.273706 0.198278 0.821540 1.029778 0.150750 0.728100 0.100000 1.022802 0.100000 0.659172 0.186279 0.100000 0.907484 1.869511 0.100000 0.147734 0.697740 0.897789 1.390850 0.187864 1.238520 0.764672 0.100000 0.100000 0.470863 0.735875 0.313053 1.131015 1.337410 0.580822 0.669954 0.336252 0.100000 1.100835 1.149869 0.746465 0.823546 0.459619 0.709203 0.100000 
0.391946 0.270212 0.892111 0.161843 0.100000 0.100000 0.100000 0.100000 1.090306 0.100000 0.100000 0.992103 1.146613 0.100000 1.616035 1.024412 0.100000 1.240409 0.100000 0.963048 0.593717 0.365374 0.795463 0.100000 0.100000 0.654071 0.360035 0.680568 0.685084 0.308412 0.485772 0.100000 0.231044 0.174428 0.487419 0.100000 0.490329 1.149875 0.945695 0.459781 0.581074 1.108404 0.100000 0.203899 0.685981 0.775366 0.364061 0.100000 0.693789 0.588552 0.743428 0.293109 0.406064 0.100000 0.100000 0.990535 1.464777 0.945037 0.720123 0.100000 1.388340 0.100000 0.100000 1.568430 0.332863 1.661322 1.700971 0.432316 0.917254 0.100000 
0.420172 0.147291 0.624604 0.100000 0.563210 0.535654 0.100000 1.132955 0.745403 0.486069 0.379345 0.100000 0.402993 0.396742 0.341426 0.261921 1.024062 0.337886 0.100000 1.725385 1.792062 0.543894 0.100000 0.453679 0.180627 0.100000 0.100000 0.809279 0.248391 0.297088 0.100000 1.272753 0.343632 0.962530 1.087731 0.182621 0.661291 0.521367 0.100000 0.100000 0.917040 0.391534 1.066422 0.750222 1.115603 0.100000 0.204238 0.100000 0.727299 0.100000 0.698109 0.108388 1.083967 0.885435 0.357621 0.986509 0.100000 0.856544 0.549844 0.100000 0.100000 1.450112 0.835934 0.407135 0.714663 0.792600 0.743844 0.765658 0.705729 0.470240 
0.100000 0.585805 0.545636 0.260096 0.100000 0.347344 0.100000 0.274960 0.100000 0.429966 0.443842 0.134727 0.429781 1.025726 0.887936 0.100000 0.100000 0.100000 1.324962 0.100000 0.844857 0.639236 0.100000 0.475433 0.192195 0.632431 0.389205 0.789501 0.100000 0.162295 0.695276 0.345745 0.166623 0.100000 0.698669 0.100000 0.222718 0.908479 0.100000 0.100000 0.839157 0.637899 1.269040 1.217829 0.471451 0.563090 1.218605 0.422100 0.100000 0.470513 0.866680 0.100000 0.796902 0.940869 0.140302 1.460420 0.658334 0.100000 0.731654 0.939332 1.387542 0.100000 0.100000 0.100000 0.594881 0.100000 0.797400 0.397665 0.100000 0.520569 
0.584746 0.100000 0.834702 0.100000 0.100000 0.472982 0.147823 0.288984 0.463104 0.258998 0.112060 0.100000 0.345079 0.100000 0.240069 0.100000 0.100000 0.100000 0.100000 0.467774 0.185285 0.498500 0.100000 0.315152 0.663442 0.100000 0.100000 0.352135 0.100000 0.476517 0.100000 0.695050 0.191359 1.208059 0.100000 0.344697 0.327867 0.100000 0.857793 0.100000 0.100000 0.968287 0.328082 0.100000 1.266504 0.785112 0.441385 0.667581 0.178034 0.920203 1.373556 0.114120 0.630543 0.100000 0.500383 0.479075 1.026359 0.174963 0.775454 0.100000 0.382556 0.731304 0.442354 0.100000 0.195588 1.147261 1.109111 0.205893 0.851249 0.604752 
0.909417 0.296816 1.329813 0.100000 0.251436 0.213456 0.100000 0.100000 0.535442 0.100000 0.100000 1.183863 1.203802 1.442074 0.110559 0.100000 0.585046 0.100000 0.293975 1.780455 0.997906 0.100000 0.541608 1.413972 0.100000 0.613220 0.167921 0.100000 0.100000 0.830369 0.315356 0.100000 0.835053 0.937056 0.239568 0.100000 1.178045 0.100000 0.481050 0.100000 0.100000 0.479693 0.991541 1.872703 0.232155 1.100663 0.232992 0.391896 1.356618 0.339147 0.100000 0.798405 0.100000 0.291075 0.100000 0.708720 0.100000 0.424267 0.575414 0.519026 0.100000 0.336770 1.021640 0.732540 1.575358 0.316871 0.642633 0.100000 0.938658 0.673421 
0.100000 1.004169 0.832605 0.261212 1.066355 0.100000 0.100000 0.100000 1.051599 0.374474 0.260594 0.100000 1.689411 1.001106 0.820505 0.407811 1.406020 1.495417 0.100000 1.001456 0.967798 0.100000 0.470718 0.864926 0.725744 0.100000 0.100000 0.244775 0.123203 0.461311 1.562498 0.284771 0.679905 0.196170 0.100000 0.100000 0.100000 0.100000 0.100000 0.100000 0.755846 0.511496 0.564575 1.612418 0.832439 1.093721 0.334257 0.100000 0.100000 0.956820 0.546356 0.456186 0.553385 1.121611 0.393430 0.958805 0.423370 0.789959 1.037856 0.827311 0.938322 0.316195 0.100000 0.370765 0.684823 1.305777 1.293335 0.345118 1.548393 0.805220 
0.100000 0.100000 1.225253 0.203376 1.400901 0.479928 0.321204 0.309477 0.183838 1.062451 0.386022 1.147319 0.404777 0.820705 0.379316 0.182895 0.953981 0.273339 0.681492 0.100000 0.100000 1.181953 0.346666 0.100000 0.895248 0.100000 0.302402 0.100000 0.100000 1.382597 0.643920 0.100000 0.100000 0.915385 0.100000 0.826563 0.390724 0.247100 0.730139 0.284107 0.513059 0.417258 1.255209 1.151985 1.099360 0.553390 0.100000 0.471945 0.100000 0.790059 2.031385 0.100000 0.902036 0.393456 0.100000 0.100000 0.469873 1.130256 0.172474 0.953345 1.779498 0.100000 0.191612 0.100000 0.641392 0.550526 0.525725 0.100000 0.169527 0.161465 
0.305230 0.185416 0.571092 0.153599 0.100000 0.100000 0.100000 0.494327 1.355262 0.958841 0.112511 0.100000 0.493836 0.585559 0.241564 0.256624 0.834571 0.421431 0.100000 0.474736 0.464591 0.879242 0.811082 0.557457 0.126578 0.346621 0.447535 0.100000 0.100000 1.150424 0.100000 0.474971 0.449102 0.248029 0.100000 0.100000 0.100000 0.100000 1.086116 0.100000 0.100000 0.664014 1.040552 0.393133 0.292894 0.100000 0.135787 0.113416 0.429277 1.094444 0.504217 0.537610 0.508784 0.100000 0.100000 1.589853 0.532133 0.995462 0.409932 0.119685 1.268001 0.100000 0.100000 0.100000 1.070879 1.768312 0.229667 0.145234 0.410909 0.381000 
0.229337 1.051682 0.299905 0.981098 0.754829 0.415043 0.100000 0.100000 0.100000 0.100000 0.100000 0.156715 0.100000 0.821448 0.100000 0.100000 0.100000 0.100000 1.382305 1.137910 0.227971 0.100000 1.151578 0.319676 0.227703 0.100000 0.100000 0.726168 0.492609 0.618398 1.422518 0.676369 1.249759 0.533262 0.100000 0.498552 0.146872 0.100000 0.247318 0.100000 0.625829 0.289723 0.119482 0.451220 1.340131 0.100000 0.760685 0.657534 0.986384 0.551893 1.285642 0.100000 0.613869 0.100000 0.751500 0.218365 0.385642 0.182346 0.859945 1.017798 0.287111 0.380001 0.100000 0.622553 0.554614 0.357477 0.878852 0.288652 0.528964 0.100000 
0.170815 0.100000 0.774922 0.100000 0.743274 0.100000 0.316084 0.510490 0.676649 0.100000 0.310511 0.100000 0.100000 0.100000 0.159509 0.100000 0.258237 0.100000 0.100000 0.989527 0.369284 0.100000 1.149736 1.042011 0.100000 0.100000 0.458214 0.504637 0.242814 0.100000 0.624037 0.144792 1.836787 0.813342 0.156115 0.100000 0.100000 0.100000 0.436274 0.100000 1.640369 0.470270 0.319360 0.561062 0.694289 0.109150 0.100000 0.530745 1.388170 0.100000 1.171041 0.100000 1.195705 1.071568 0.641541 0.843801 1.254978 0.100000 0.926844 0.788969 1.054436 0.100000 0.100000 0.100000 0.100000 0.849017 0.987610 0.251689 0.100000 0.100000 
