73 Number of operations
23 Number of workers
Standard production times
0.436826 0.198809 0.331604 0.391055 0.455688 0.283821 0.369697 0.170513 0.277800 0.162097 0.574453 0.396892 0.633336 0.100000 0.551241 0.100000 0.330241 0.100000 0.539262 0.512992 0.495972 0.340811 0.315938 0.228077 0.318417 0.649516 0.100000 0.100000 0.538062 0.585624 0.717307 0.480261 0.146062 0.493841 0.660772 0.646257 0.445896 0.454722 0.266643 0.360484 0.497204 0.572092 0.100000 0.238532 0.100000 0.618461 0.282133 0.597837 0.392383 0.644536 0.657231 0.431644 0.169275 0.413947 0.588501 0.278597 0.308175 0.396599 0.569202 0.402256 0.238324 0.288863 0.302463 0.464080 0.450278 0.274325 0.171269 0.118233 0.100000 0.577667 0.456585 0.653838 0.442652 
Production times: workers row and ops columns
0.509357 0.782750 0.319552 0.100000 0.100000 0.100000 0.100000 0.100000 0.100000 0.350744 0.287099 0.342164 0.972872 0.100000 0.401138 1.179075 0.767384 0.100000 0.499392 0.795235 1.112708 0.415304 0.100000 0.100000 0.640948 0.806046 0.100000 0.100000 0.329963 0.947953 0.372327 0.723468 0.571822 0.736966 0.243652 1.318753 0.106790 0.667939 0.100000 0.100000 0.610079 0.715609 0.100000 0.376566 0.100000 0.249728 0.198088 1.552475 0.799790 0.384541 0.936588 0.192462 0.100000 0.843589 0.325868 0.100000 0.100000 0.440807 0.633206 1.023064 0.100000 0.654596 0.515447 0.389573 0.868200 0.520384 0.100000 0.654075 0.100000 0.607475 0.457807 0.866156 0.100000 
0.419354 0.128499 0.830148 0.100000 0.492061 0.153201 0.100000 1.508569 0.242191 0.100000 1.278767 0.100000 0.818771 0.531416 0.227025 0.100000 0.100000 0.100000 0.100000 0.100000 0.425579 0.860287 0.631810 1.092786 0.665443 0.393951 0.100000 0.100000 0.100000 0.100000 0.852604 0.804176 0.100000 0.199590 0.100000 0.582376 0.569980 0.677612 0.100000 1.354729 1.094733 0.524473 0.100000 0.100000 0.175565 0.609147 0.523898 0.982319 1.075504 1.218169 0.602117 0.625769 0.100000 0.120337 1.543914 0.100000 1.303544 0.222081 0.695615 0.946961 0.250285 0.485426 0.181771 0.226318 0.367389 0.100000 0.986960 0.100000 0.961335 0.100000 0.465795 0.934814 0.295742 
0.984152 0.518655 0.194304 0.608560 1.861627 0.409819 0.519448 0.100000 0.344549 0.100000 0.475308 1.625685 1.166944 0.420710 1.103202 1.040877 0.627035 1.135439 1.074162 0.596252 1.355711 0.100000 0.100000 0.360971 0.100000 0.571486 0.100000 0.100000 1.894026 0.899361 0.690333 1.137845 0.100000 0.936511 0.836180 1.459544 0.100000 0.837582 0.327768 0.100000 1.029914 0.135904 0.909619 0.495078 0.447742 0.658690 0.734397 0.100000 0.429747 0.330411 0.798561 0.408066 0.477564 0.100000 1.508077 1.436526 0.204034 0.389113 0.712981 1.034299 1.186774 0.100000 0.100000 0.100000 0.100000 0.100000 0.352671 0.100000 0.851631 1.031827 0.100000 0.138734 0.136460 
1.136808 0.100000 0.100000 0.366343 0.642383 0.100000 1.179412 0.290742 0.504319 0.100000 0.554588 0.318632 0.100000 0.243829 0.100000 0.100000 0.100000 1.109825 0.702393 0.943671 0.955476 0.100000 0.100000 0.100000 0.766992 0.695033 0.492716 0.568316 0.100000 0.729466 1.700545 0.194995 0.100000 0.377889 0.428437 0.855447 0.100000 0.500080 0.100000 0.787466 1.290638 1.221030 0.100000 0.398130 0.100000 0.760054 0.249953 0.100000 0.564280 0.713544 1.126983 0.495298 0.286789 0.100000 0.100000 0.100000 0.456598 0.393450 1.319648 0.100000 0.118508 0.416403 0.186715 0.711870 0.164996 0.984496 0.100000 0.676205 0.100000 1.323428 0.100000 0.912237 0.226364 
0.552526 0.795212 0.100000 0.100000 0.100000 0.411015 0.100000 0.218810 0.100000 0.100000 0.389864 0.587190 0.320129 0.100000 0.530319 0.100000 0.100000 0.100000 0.581744 1.061882 1.519139 0.674305 0.355484 0.100000 0.362944 1.038964 0.732322 0.100000 0.656265 0.993427 1.647713 0.608056 0.100000 0.149041 0.482051 0.320297 0.859164 0.989374 0.629072 0.956577 0.270320 0.762259 0.100000 0.260361 0.712493 0.603593 0.100000 0.471429 0.100000 0.100000 0.262048 0.911956 1.009731 0.169444 1.089769 0.867708 0.100000 0.376918 0.546972 0.488449 0.100000 0.114292 0.831374 1.095182 1.365959 0.105570 1.106023 0.451185 0.100000 0.958472 0.280445 0.913377 0.391390 
1.040945 0.327089 0.190351 0.873538 0.583799 0.100000 1.008334 0.100000 0.100000 0.100000 0.100000 0.120288 1.563775 0.100000 0.555450 0.100000 0.100000 0.859346 0.987440 0.207867 0.499082 0.100000 0.100000 0.100000 0.100000 0.812490 0.398397 0.344121 0.453344 0.100000 0.683752 0.100000 0.586713 0.772063 1.034218 0.472073 0.100000 0.933670 0.879804 0.100000 0.566162 1.168718 0.100000 1.122373 0.100000 0.100000 0.967962 0.745103 0.100000 1.084430 0.100000 1.339297 0.100000 0.556939 0.389193 0.496713 0.752138 0.100000 0.962384 0.255240 0.100000 0.176841 0.100000 0.100000 0.924845 0.198913 0.742036 0.334111 0.100000 0.100000 0.112964 0.785902 0.447059 
0.100000 0.705215 0.100000 0.100000 0.519336 1.380703 0.576664 0.100000 0.574129 0.503795 1.043382 0.191959 0.233473 0.159109 0.758878 0.899118 1.375066 0.100000 0.277776 0.481206 0.371086 0.583706 0.558807 0.357026 0.990453 0.570260 0.100000 0.100000 0.100000 0.100000 0.100000 0.811855 0.238696 0.282445 0.215827 0.100000 0.100000 1.378676 0.100000 0.431389 0.869023 0.640158 0.100000 0.622569 0.100000 0.896233 0.997482 0.100000 0.100000 0.712507 1.152018 1.101218 0.509589 0.100000 0.100000 0.400086 0.507304 0.100000 0.599098 0.568375 0.760856 0.100000 0.580946 0.100000 0.236985 0.235186 0.930227 1.775385 0.226773 0.825313 0.960356 0.100000 0.825484 
0.100000 1.013365 1.053350 0.641825 0.100000 1.117834 0.499541 0.225635 0.567572 0.100000 0.788703 0.894946 0.802837 0.172629 0.100000 0.421777 0.430476 0.104532 0.257660 0.941078 1.119564 0.534884 0.764313 0.891089 1.112498 0.762341 0.100000 0.100000 0.544936 0.861608 1.186398 0.266890 0.220991 0.100000 1.292754 0.450526 0.624857 0.100000 0.117505 0.100000 1.349688 0.751773 0.100000 0.100000 0.100000 0.902813 1.115096 0.100000 0.100000 0.556642 0.343098 0.100000 0.178930 0.789468 0.100000 0.384077 0.790512 0.886763 0.359267 1.554631 0.515881 0.100000 0.794613 0.100000 0.897912 0.100000 0.566540 0.100000 0.666144 0.948006 0.680189 0.683155 0.986160 
0.100000 0.415086 0.538320 0.672130 0.868802 2.135050 0.428088 0.572763 0.353984 0.948431 0.100000 1.245865 0.291433 0.100000 0.100000 0.100000 0.427364 0.100000 0.947671 0.495404 0.464373 0.100000 0.559610 0.733198 0.108081 0.100000 0.100000 0.936781 0.234959 0.253333 0.307582 0.820703 0.100000 0.100000 0.100000 0.592357 0.946370 0.380755 0.707753 0.448197 0.571123 0.661578 0.117221 0.751634 0.343926 0.329406 0.346443 0.559855 0.634849 0.734695 0.864520 0.100000 0.359071 1.070753 0.100000 1.079063 0.456712 0.292725 0.100000 0.946055 0.100000 0.100000 0.575415 0.100000 0.100000 0.100000 0.115589 0.412501 0.301503 0.781369 0.284495 0.724073 0.100000 
1.435663 0.296173 0.100000 0.100000 1.256340 0.100000 0.150850 0.372326 0.100000 0.695399 1.413995 0.100000 1.197984 0.100000 0.100000 0.222843 0.449207 0.100000 0.960274 0.100000 0.100000 0.100000 0.695120 0.630028 0.651887 0.100000 0.166384 0.328827 0.100000 0.174778 1.040238 0.832088 0.273680 0.764879 0.822820 0.721216 0.391268 0.100000 0.143869 0.159027 1.656092 0.702212 0.100000 0.122543 0.100000 0.482327 0.554486 0.583114 0.797923 0.296948 0.832349 0.870222 0.100000 0.497832 0.712034 0.111224 0.100000 0.100000 1.143613 0.100000 0.100000 0.617820 0.100000 0.945716 0.667387 0.573370 0.100000 0.100000 0.100000 1.306073 0.220615 0.395498 1.233734 
0.121124 0.100000 0.213105 0.322325 0.100000 0.100000 1.012442 0.551060 0.100000 0.100000 0.741271 0.340415 0.446073 0.621370 0.100000 0.699796 0.396037 0.374203 0.665947 0.936063 0.370806 0.100000 0.706724 0.315629 0.100000 1.324323 0.705382 0.820719 0.577911 0.760891 0.526536 0.100000 0.178798 0.582096 0.329391 1.561104 0.100000 0.100000 0.100000 1.006087 0.368909 0.409622 0.100000 0.100000 0.100000 1.126230 0.586578 1.092854 0.100000 1.900495 0.166575 0.100000 0.100000 0.482507 0.966671 0.100000 0.603603 1.250525 0.143240 0.100000 0.100000 0.409333 0.731170 0.847551 0.867089 0.982398 0.234990 0.594619 0.100000 0.182214 0.577018 0.244828 0.728504 
1.124351 0.400577 0.100000 0.100000 1.138371 0.100000 0.414356 0.100000 0.304311 0.710281 0.305057 0.100000 1.359204 0.211507 0.914105 0.100000 0.719053 0.732369 1.222425 0.376265 0.319896 0.538245 0.419524 0.510975 0.100000 0.100000 0.325010 0.490623 0.859570 1.415346 1.143422 0.286094 0.638775 0.451374 1.288414 0.765251 0.672652 0.568583 0.293896 0.100000 0.526074 0.100000 0.348902 0.734491 1.125552 0.805499 0.100000 0.100000 1.366268 0.100000 1.104993 0.100000 0.143531 0.755559 0.751119 0.257827 0.100000 0.100000 1.073517 0.620121 0.158030 0.392276 0.100000 0.975226 1.080765 0.100000 0.222279 0.642356 0.100000 1.594956 1.211900 0.514401 0.932038 
1.267924 0.100000 0.641216 0.318880 0.347420 0.638975 0.131158 0.100000 0.100000 0.152229 0.888904 0.384953 0.557039 0.100000 1.195897 0.365227 0.100000 0.100000 1.141607 0.222841 0.298604 0.328279 0.100000 0.679261 0.100000 1.375202 0.100000 0.100000 0.679194 0.100000 0.985982 0.867073 0.100000 0.299394 1.135144 0.310884 0.457148 0.628530 1.046623 0.108947 0.514545 1.138095 0.100000 0.104053 0.100000 0.100000 1.260618 0.703477 1.134126 0.523831 0.927458 0.215811 0.100000 0.376628 0.652667 1.045232 0.209761 0.586519 0.440741 0.474690 0.100000 0.834574 0.100000 0.484847 0.343202 0.766649 0.432101 0.124729 0.187500 0.749387 0.834857 0.907318 1.085256 
1.246038 0.506017 0.100000 1.264976 1.530643 0.101771 0.162697 0.100000 0.667422 0.100000 1.489189 0.100000 0.669535 0.437241 0.350097 0.100000 0.454858 0.100000 0.367630 0.493302 0.217315 0.226806 0.709365 0.100000 0.401384 0.271627 0.556634 0.100000 1.016283 0.100000 0.261719 0.100000 0.652939 0.628103 0.100000 0.358891 1.114269 0.421006 0.542080 0.100000 0.100000 0.849757 1.244271 0.100000 0.385192 0.135073 0.896191 0.358413 0.162187 0.100000 0.436010 0.510604 0.843829 0.100000 1.063703 0.100000 0.147808 0.100000 0.100000 0.100000 1.031697 0.100000 0.100000 0.994800 0.100000 0.472318 0.100000 0.185553 0.506434 0.474910 0.331417 0.990141 0.734880 
0.100000 0.100000 0.100000 1.010222 0.100000 0.350442 1.216241 0.547429 0.107139 0.100000 0.237049 0.833332 0.781613 0.100000 1.834675 0.100000 0.100000 0.100000 0.630918 0.651138 0.343390 0.693117 0.569581 0.100000 0.100000 1.025939 0.100000 0.100000 0.440640 0.100000 0.283827 0.480515 0.100000 0.613230 0.190448 0.487285 0.100000 0.267440 0.365379 0.192604 0.100000 0.432113 0.129095 0.760177 0.100000 0.369436 0.100000 1.550302 0.100000 0.100000 0.539545 0.100000 0.664269 0.463907 0.792185 0.100000 0.100000 0.786059 0.982759 1.782359 0.750958 0.100000 0.311428 0.248604 0.964170 0.197044 0.384158 0.100000 0.374228 1.278826 0.120860 0.100000 0.100000 
1.189578 0.281789 0.156209 0.100000 0.953213 0.400760 0.286457 0.100000 0.173411 0.100000 0.834143 1.007337 0.100000 0.100000 0.476273 0.113635 0.100000 0.100000 0.311455 0.264311 0.236956 0.270670 0.730955 0.571195 0.587783 0.760151 0.100000 0.100000 0.857483 0.615904 1.090136 0.586136 0.149831 0.687790 0.100000 0.539935 0.125164 0.850683 0.100000 0.449748 0.254399 0.781023 0.430059 0.104219 0.121987 0.675636 0.638096 0.402214 0.379839 0.398127 0.143158 0.484953 0.347187 0.100000 1.340200 0.100000 0.644666 0.547115 0.100000 0.351582 0.100000 0.197129 0.601937 1.349507 0.804194 0.100000 0.100000 0.830522 0.151370 1.422576 0.100000 0.335278 0.100000 
0.204781 0.787806 0.100000 0.768674 0.645052 0.638186 0.199659 0.141705 1.307206 0.100000 0.914314 1.117751 0.823399 0.888134 0.100000 0.100000 0.100000 0.100000 0.441157 0.709671 0.100000 0.732772 0.100000 0.662859 0.145064 0.100000 0.100000 0.100000 0.100000 0.590303 1.323432 0.818544 0.100000 0.100000 0.451461 0.100000 0.297040 0.100000 1.490805 0.100000 0.590485 1.436423 0.100000 0.100000 0.873828 0.100000 0.100000 0.100000 0.522154 0.962193 0.523635 1.456817 0.100000 0.345227 0.368083 0.830557 0.250736 0.137162 1.356445 0.993559 0.688722 0.100000 0.100000 0.291997 0.270677 0.100000 0.100000 0.399744 0.100000 0.659405 0.216079 0.371286 0.261708 
0.771738 0.304115 0.100000 0.525402 0.493878 0.464283 0.211503 0.649025 0.448822 0.100000 0.100000 0.100000 0.818781 0.100000 0.362525 0.100000 0.937063 1.188867 0.474946 1.507755 0.766102 0.941602 0.171343 0.100000 0.558168 1.295334 0.100000 0.100000 0.645472 0.883035 0.169232 0.197335 0.610540 1.398819 0.710257 1.135996 0.529699 0.669912 0.100000 0.243869 0.206869 0.620200 0.652329 0.332208 0.427392 0.295053 0.640139 0.100000 0.100000 0.472859 0.100000 0.712629 0.269971 0.100000 0.632391 0.100000 0.100000 0.199044 0.100000 0.923810 0.100000 0.798928 0.225272 0.616998 0.100000 0.116989 0.100000 0.233292 0.787561 0.292777 0.372181 0.832211 0.872301 
0.379139 0.100000 0.100000 0.393439 0.575816 0.100000 0.214707 0.550232 0.264321 0.100000 0.928722 0.753407 0.939595 0.433829 0.352662 0.202102 0.487733 0.160990 0.100000 0.503601 0.671930 0.588529 0.166793 0.244381 0.100000 0.100000 0.100000 0.100000 1.351213 1.461937 0.153002 0.806259 0.776523 0.341901 0.100000 1.358836 0.267199 0.258841 1.123891 0.596809 0.921271 1.376306 0.100000 0.100000 0.499679 0.625907 0.663074 0.809408 0.100000 0.672224 0.504619 0.330121 0.165753 0.607223 0.711118 0.100000 0.644312 0.100000 1.699617 0.100000 0.229868 0.981059 0.224690 0.100000 0.100000 0.437975 0.399975 0.555790 0.258746 0.359250 0.715706 1.397589 0.100000 
2.249469 0.100000 0.981344 1.358477 0.935262 0.458076 0.754302 0.861602 0.100000 0.414156 0.392961 0.100000 0.712685 0.209555 0.817880 0.100000 0.912247 0.100000 0.100000 0.100000 0.558429 0.100000 0.588058 0.100000 0.967315 1.024820 0.100000 0.100000 0.100000 0.100000 1.338540 0.859024 0.100000 1.437857 0.512611 0.100000 0.990673 1.107915 0.270179 0.100000 1.116024 0.319422 0.100000 0.474309 0.253474 0.388683 0.100000 0.975490 0.100000 0.810849 0.793091 0.696109 0.100000 0.525294 0.987166 0.100000 0.336498 0.588546 0.100000 0.100000 1.031698 0.810286 0.100000 0.827417 0.656774 0.979814 0.745200 0.100000 0.100000 1.269616 1.278059 0.347183 0.100000 
0.567583 0.100000 0.325767 0.100000 0.841489 0.572010 0.602056 0.100000 0.100000 0.100000 0.824957 0.100000 0.964585 0.989594 0.238517 0.100000 0.824989 0.560019 0.232228 0.427779 0.559647 0.210787 0.608611 0.396788 0.976134 0.100000 0.696772 0.513177 0.476042 0.798891 1.210781 0.635793 0.100000 0.640066 0.317515 0.100000 0.100000 0.100000 0.367115 0.763206 0.625438 1.306541 0.100000 0.100000 0.100000 0.174905 0.137060 1.293140 0.100000 0.929325 0.660286 0.861579 0.100000 0.790618 0.354585 0.610365 0.100000 0.661046 0.960405 0.100000 0.683820 0.100000 0.819818 0.486214 0.819003 0.487071 0.100000 0.920658 0.737691 0.100000 0.770553 0.916807 0.136267 
0.100000 0.874324 0.167789 0.880216 1.443894 0.563808 0.100000 0.700701 0.100000 0.100000 2.077853 0.100000 0.847594 0.100000 0.529609 0.239738 0.100000 0.100000 0.908966 0.985086 0.702583 0.100000 0.550522 0.100000 0.100000 0.684810 1.274299 0.100000 1.093058 0.747079 0.100000 0.100000 0.100000 0.290583 0.824569 0.182929 0.100000 0.989509 0.282604 0.100000 0.528666 1.521390 0.100000 0.100000 0.598487 1.630908 0.941586 0.100000 0.100000 1.302261 0.592819 0.708541 0.100000 1.276494 0.646384 0.140947 0.398395 0.100000 0.668820 0.374030 0.100000 0.100000 0.100000 0.100000 0.639027 0.847556 0.340621 0.100000 0.100000 0.973308 0.305775 0.606265 0.100000 
0.100000 1.306199 0.100000 0.292189 0.100000 1.044457 0.187257 0.100000 0.292984 0.147592 1.274389 0.100000 0.937147 0.100000 0.335163 0.100000 0.530040 0.100000 0.255070 0.778505 0.194367 0.100000 0.487815 0.255739 0.134007 0.659193 0.100000 0.510109 0.100000 0.100000 0.910221 0.100000 0.100000 0.363590 0.991234 0.383351 0.199871 0.215636 0.428408 0.100000 0.588873 1.222075 0.100000 0.100000 0.100000 0.207825 0.100000 0.100000 0.100000 0.778474 0.865153 0.181660 0.294442 0.100000 1.585865 1.478137 0.213528 0.613314 0.583151 0.755610 0.100000 0.100000 0.670536 0.100000 0.590631 0.100000 0.100000 0.574280 0.870049 0.465771 0.211224 0.768440 0.135302 
