72 Number of operations
25 Number of workers
Standard production times
0.290051 0.119425 0.716550 0.190971 0.451519 0.100000 0.100000 0.336942 0.571636 0.414269 0.100000 0.116889 0.577166 0.526380 0.408052 0.219375 0.435065 0.438886 0.292950 0.555470 0.434268 0.311430 0.740981 0.584869 0.139028 0.323885 0.251275 0.312576 0.314710 0.676281 0.419674 0.326109 0.145356 0.602997 0.103788 0.342580 0.388635 0.242379 0.413542 0.192219 0.347265 0.507650 0.705652 0.791335 0.495640 0.423869 0.228507 0.247610 0.527861 0.409505 1.022967 0.293508 0.469117 0.314897 0.100000 0.751079 0.347161 0.569259 0.817347 0.505296 0.596762 0.100000 0.221035 0.466013 0.609718 0.669980 0.649135 0.261762 0.656215 0.254587 0.240166 0.399291 
Production times: workers row and ops columns
0.648846 0.100000 0.690786 0.197535 0.552638 0.327476 0.100000 0.427475 0.975380 0.820536 0.205451 0.327779 0.868128 0.321277 1.556485 1.063624 0.747970 0.100000 0.322999 0.786681 0.776686 0.100000 1.240506 0.430784 0.321947 1.127639 0.132186 0.142162 0.558507 1.545818 0.454159 0.562729 0.100000 0.213444 0.100000 0.653861 0.602416 0.279384 0.186958 0.494296 1.539867 0.445708 0.543555 0.946712 1.726454 0.265807 0.100000 0.589735 0.543877 0.507640 1.476692 0.100000 0.877540 0.906983 0.100000 0.695657 1.054403 0.100000 1.154103 0.119148 0.549823 0.100000 0.100000 0.734986 0.805360 1.775937 0.568013 0.407351 0.710246 0.154821 0.356582 0.476987 
0.586913 0.100000 1.131833 0.247580 0.100000 0.899742 1.337210 0.170779 0.960209 0.459444 0.100000 0.488519 0.367577 0.528861 0.100000 0.100000 0.163253 0.980695 0.353853 0.882290 0.389690 0.761866 1.442224 0.693710 0.100000 0.100000 0.148243 0.333653 0.100000 1.666127 0.122664 0.820217 0.236908 1.064994 0.370374 0.100000 0.108367 0.312766 1.297342 0.100000 0.316403 0.626864 0.743038 0.960488 0.634678 1.035852 0.100000 0.674832 1.281286 0.671172 1.230622 0.585201 0.848848 0.521242 0.683918 0.144835 0.100000 0.119925 0.100000 0.100000 1.100458 0.100000 0.426420 0.435776 0.100000 0.973450 0.100000 0.100000 0.803996 0.370339 0.379183 0.744307 
0.100000 0.100000 0.761930 0.772072 0.612410 0.770659 0.170838 1.205634 0.759520 1.153396 0.100000 0.100000 0.487669 0.209822 0.645366 0.100000 0.623007 0.812910 0.100000 0.677276 0.100000 0.100000 0.976261 0.100000 0.413469 0.200127 0.138711 0.502422 0.256863 0.602971 1.304373 0.324499 0.100000 0.217079 0.100000 0.896221 0.100000 0.537830 0.432519 0.100000 0.100000 0.468128 1.100599 1.884424 0.100000 0.624792 0.100000 0.607727 1.273667 0.460094 1.572086 0.351085 1.130332 0.806477 0.728595 0.982365 0.100000 1.010453 1.185331 0.100000 1.158875 0.100000 0.951034 0.326974 0.828025 0.689091 1.394173 1.560657 0.474757 0.100000 0.717174 0.223602 
0.840499 0.674877 0.592618 0.100000 0.534200 0.113772 0.100000 0.100000 1.012818 0.100000 0.100000 0.100000 0.100000 0.548319 0.100000 0.691834 0.472692 0.248643 0.108575 1.088279 0.471344 1.142902 1.023858 0.610084 0.100000 1.236772 0.100000 0.211787 0.100000 0.590231 1.006788 0.585374 0.661700 0.984712 0.580420 0.125460 1.014192 0.104855 0.100000 0.368750 0.311828 0.136932 0.411390 1.504569 0.338747 1.237881 0.100000 0.100000 1.230035 0.349294 1.439081 0.193144 0.617479 0.100000 0.110506 0.617911 0.161254 0.365555 1.206364 0.622723 0.811809 0.221791 0.100000 0.176024 0.428895 0.830019 1.036077 0.100000 0.779969 0.100000 0.533703 0.266710 
0.100000 0.100000 1.076930 0.201064 0.100000 0.228671 0.190436 0.892522 0.338825 1.353618 0.100000 0.556117 0.589897 0.444998 0.497918 0.100000 0.363880 0.842036 0.100000 0.100000 0.343906 0.251826 0.378085 0.100000 0.331471 0.100000 0.877763 0.141446 0.605506 0.222723 0.635389 0.100000 0.100000 0.520112 0.453312 0.100000 2.175315 0.100000 0.549042 0.100000 0.516978 0.541299 0.807055 1.217238 0.455238 0.100000 0.355921 0.214222 0.849248 0.674629 1.746032 0.861802 0.309616 0.307324 0.100000 0.100000 0.228853 1.436972 0.259786 0.439751 0.266522 0.100000 1.035629 0.542381 0.100000 0.619006 0.672995 0.100000 1.215522 0.614517 0.928921 0.441689 
0.100000 1.059473 0.834914 0.531061 0.448367 0.100000 0.204907 0.451030 1.242153 0.990039 0.100000 0.398817 1.525062 0.860487 0.879784 0.100000 0.744737 0.100000 0.775394 0.184743 1.093563 0.156595 0.149561 0.282318 0.100000 0.850452 0.704207 0.744706 0.100000 0.345099 0.220937 0.158742 0.100000 0.565633 0.267078 0.100000 0.100000 0.100000 0.530124 0.422462 0.100000 0.760105 0.588320 1.398643 0.602731 0.643951 0.100000 0.216059 0.369495 0.100000 0.483910 0.147320 0.100000 0.615711 0.737894 1.112023 0.577768 0.100000 1.181614 1.161333 0.100000 0.481840 0.930534 0.278849 0.398060 0.100000 0.406122 0.146060 0.532995 0.638570 0.100000 2.034574 
0.136530 0.100000 0.724145 0.100000 0.100000 0.100000 0.199305 0.201589 0.712259 0.100000 0.161563 0.100000 0.243457 0.755239 0.100000 0.351168 0.837112 0.906370 0.421190 0.440876 0.100000 0.944913 1.143533 1.065022 0.356502 0.663991 1.185717 0.387928 0.100000 1.313750 0.795041 0.730978 0.100000 1.432524 0.259324 0.450437 0.151261 0.100000 0.100000 0.100000 0.404388 1.014528 0.345635 0.579007 0.905674 0.100000 0.100000 0.100000 1.156684 0.302414 0.100000 0.100000 0.100000 0.659154 0.100000 0.578917 0.799641 0.721367 1.545006 0.371481 1.620116 0.100000 0.124625 0.100000 0.711996 1.066870 0.663097 1.054134 1.270333 0.251105 0.300796 0.100000 
0.304057 0.466651 0.924759 0.100000 0.872418 0.100000 0.421112 0.365746 1.109263 0.612053 0.100000 0.100000 0.709996 0.645060 0.100000 0.100000 0.383526 1.143568 0.282645 1.038104 0.309902 0.856263 0.288265 1.399082 0.100000 0.336649 0.945910 0.464667 1.048097 0.694074 0.927557 0.683948 1.011445 0.100000 0.100000 0.100000 0.221651 0.100000 0.151532 0.100000 0.844941 0.333757 0.100000 1.126903 0.336331 1.119566 0.100000 0.100000 0.100000 0.867171 0.719493 0.750514 0.100000 1.806473 0.270138 0.121915 0.284471 1.032550 0.714984 0.700689 1.391307 0.573936 0.552122 0.403133 1.190731 0.343958 0.400370 0.100000 0.879101 0.100000 0.772543 0.962199 
0.711343 0.100000 0.515573 0.100000 0.100000 0.100000 0.180722 0.100000 0.987516 1.173313 0.100000 0.349969 0.601214 0.100000 0.319666 0.324342 0.100000 0.100000 0.100000 0.550469 0.100000 0.100000 0.937900 0.810766 1.097019 0.100000 0.267159 0.100000 0.695410 0.461345 0.979994 1.046474 0.103717 0.100000 0.100000 0.546646 0.852010 1.224192 0.100000 0.100000 0.889835 0.661551 0.946923 1.554791 0.323665 0.100000 0.361136 0.100000 0.604083 0.245105 0.474845 1.053967 0.766065 0.100000 0.655296 0.450922 1.879309 0.100000 0.851889 0.392371 0.100000 0.100000 0.100000 0.100000 0.809117 0.657416 1.277131 0.100000 1.143266 0.320633 0.100000 0.100000 
0.328507 0.426736 0.729830 0.100000 0.486010 0.100000 0.330714 0.100000 1.469320 0.206864 0.100000 0.884043 0.100000 0.574942 0.100000 0.100000 0.345758 1.320388 0.788703 0.489813 0.100000 0.686022 0.594859 0.505965 0.100000 0.290639 0.266972 0.100000 0.314307 1.706368 0.167342 0.522299 0.100000 0.222061 0.100000 0.615962 0.100000 0.731093 0.100000 0.100000 0.100000 0.611136 0.863588 0.389492 0.100000 0.100000 0.307500 0.256881 0.783934 0.838578 0.999597 0.100000 0.732937 0.223891 1.629391 0.348567 0.283550 1.040412 0.640551 0.775803 0.142049 0.100000 0.100000 0.592069 0.174859 0.878676 0.352731 0.100000 1.121784 1.545489 0.356562 0.100000 
0.625111 0.100000 0.105839 0.783308 0.100000 0.653998 0.248219 0.566493 0.479494 1.207147 0.100000 0.100000 1.113994 1.137282 1.152643 0.100000 0.153041 0.460956 0.152906 0.388648 0.230083 0.236478 0.883036 1.822939 0.100000 1.313940 0.173271 0.902939 0.833334 0.927084 0.950879 0.211726 0.118437 0.184139 0.266307 0.119570 0.100000 0.200475 0.571332 0.230187 0.717313 0.363353 0.100000 0.603917 0.577865 0.620630 0.639034 1.035512 0.100000 0.837373 1.636390 0.489434 0.654490 0.851293 0.100000 0.852698 0.699627 0.375455 0.473524 0.443462 0.540234 0.175654 1.480876 0.296490 1.750889 0.919271 0.425652 0.625967 0.742944 0.746279 0.100987 0.203064 
0.100000 0.384528 0.879587 0.741224 0.403505 0.244228 0.916874 1.126086 0.277218 0.491546 0.100000 0.194545 0.872447 0.404944 0.950035 0.354215 1.027709 0.631191 0.114302 0.934180 0.619724 0.100000 0.218730 0.501406 0.100000 0.369056 0.548642 0.100000 0.100000 1.008478 0.426168 0.717375 1.276922 0.100000 0.100000 0.100000 0.100000 0.100000 1.260900 0.558026 0.717016 0.813282 0.581065 0.865992 0.100000 0.100000 0.100000 1.216673 1.044125 0.990195 1.477129 1.048456 0.691207 0.100000 0.202773 0.822556 0.100000 0.301714 0.100000 0.100000 0.810813 0.694827 0.100000 1.222547 0.100000 0.424827 0.836262 0.864158 0.609840 1.239687 0.162029 0.277824 
0.100000 0.100000 0.260483 0.795760 0.330143 0.682636 0.289907 0.777881 0.100000 0.594945 0.582757 0.153052 0.949080 0.330865 0.274032 0.541317 0.762375 0.588984 0.489294 0.381922 0.100000 0.959173 0.936040 0.100000 0.296416 0.493957 0.473832 0.375124 0.100000 0.869987 0.100000 0.100000 0.149865 0.721140 0.100000 0.187289 0.100000 1.142224 0.253324 0.100000 1.524710 0.100000 0.670978 1.550464 0.100000 0.159417 0.100000 0.486894 0.100000 1.093824 1.052628 0.269712 0.100000 0.689893 0.100000 0.536204 0.208598 1.509957 0.809038 1.156511 0.100000 0.100000 0.128710 0.813007 0.100000 0.645551 0.513810 0.708029 1.184304 0.100000 0.136970 0.315738 
0.541427 0.466418 0.100000 0.449636 1.195484 0.762726 0.100000 0.238092 0.517509 0.928647 0.100000 0.534555 0.100000 1.480269 0.100000 0.100000 0.328570 0.374144 0.825287 0.121281 1.214937 0.832216 0.100000 0.594172 0.100000 0.100000 0.128627 0.645039 0.437691 1.418129 0.384988 1.000603 0.825156 0.815864 0.146971 0.100000 1.026888 0.100000 0.358091 0.429594 0.996692 0.268499 0.108513 1.607725 0.100000 1.249826 0.153836 0.100000 0.100000 0.100000 1.130776 0.535560 1.207181 0.610595 1.024527 0.944580 0.100000 0.202599 1.178660 0.100000 0.111409 0.103470 0.610360 0.100000 0.950563 0.100000 0.100000 0.647549 1.191827 0.843578 0.541083 1.315888 
0.917499 0.100000 0.789657 0.519752 0.428952 0.283461 0.154836 1.130997 1.349554 0.515389 0.135568 0.100000 0.857629 1.090736 0.608181 0.112831 0.700684 1.144624 0.532036 0.996703 0.100000 0.223593 0.100000 0.203371 0.261016 0.546092 0.233192 0.100000 0.456592 0.877677 0.954209 0.100000 0.100000 0.100000 0.419134 0.359016 0.411965 0.744364 1.134447 0.100000 1.467064 0.100000 0.383457 0.661420 0.553111 0.100000 0.890812 0.100000 0.352296 0.335486 0.548208 0.100000 0.453401 0.624230 0.112217 0.100000 0.100000 0.719240 1.114752 0.723366 0.100000 0.100000 0.117670 0.315818 0.763067 1.111134 0.342968 0.100000 0.557688 0.100000 0.548528 0.100000 
0.802620 0.220756 1.054418 0.100000 0.460767 0.100000 0.100000 0.194301 0.100000 0.885312 0.406780 0.100000 1.325296 0.100000 1.557463 0.185931 0.100000 0.100000 0.219496 0.703344 0.629695 0.100000 0.620102 0.100000 0.412522 0.320244 0.131841 1.416293 1.037644 1.267218 0.100000 0.275707 0.100000 0.270904 0.100000 0.729967 0.100000 0.100000 0.629330 0.100000 0.179873 0.816272 0.100000 0.100000 0.100000 0.622329 0.100000 0.523606 0.277731 0.607371 0.614478 0.100000 0.100000 0.494655 0.114155 0.630137 0.323092 0.561035 1.096144 0.779423 0.787983 0.515351 1.301206 0.100000 1.587324 0.701200 0.759489 1.255403 0.667616 0.902571 0.100000 0.810296 
0.100000 0.558558 0.991603 0.240050 0.100000 0.383525 0.293160 1.088536 0.202993 0.570480 0.208315 0.100000 0.176262 0.438702 1.143191 0.100000 0.119599 1.213424 0.100000 1.054133 0.891241 0.100000 1.223606 0.705757 0.556779 0.100000 1.309890 0.151391 0.137085 0.869106 0.234229 0.813064 0.100000 1.512231 0.337189 0.100000 0.382831 0.228112 0.902271 0.100000 0.833246 0.719470 0.811399 1.073125 0.100000 1.137201 0.100000 0.575955 1.482499 0.663751 0.705026 0.100000 1.202223 0.336202 0.100000 0.930352 0.323475 1.037716 0.855957 0.828062 0.820999 0.485735 0.100000 0.821590 1.679582 0.869169 0.100000 0.510454 0.100000 0.100000 0.321620 0.234261 
0.841508 0.100000 1.113437 0.100000 0.100000 0.100000 0.100000 0.594778 0.180964 0.754543 0.100000 0.444572 1.286437 0.969367 0.100000 0.942943 0.607261 0.549924 0.100000 0.643330 0.372595 0.257401 0.983320 0.419646 0.176810 0.493591 0.187481 0.464222 0.592071 0.943234 0.354776 0.889768 0.100000 0.698494 0.189184 0.654031 0.631857 1.077801 0.100000 0.165345 0.100000 0.107314 1.029517 0.487928 0.100000 0.426320 0.320614 1.005792 0.582857 1.264745 1.105833 0.276457 0.384890 0.647582 0.366900 0.111810 0.587189 0.314334 0.389146 0.100000 1.156174 0.154549 0.100000 0.184006 1.463751 0.542149 1.325319 0.688542 0.703176 0.640107 0.100000 1.179714 
0.100000 0.586378 0.555565 0.100000 0.653350 1.178176 0.100000 0.100000 1.040869 1.064447 0.962989 0.100000 0.792719 0.997545 0.100000 0.100000 0.805927 0.423681 0.258842 1.117226 0.954331 0.386957 0.814173 0.821121 0.100000 0.958707 0.791425 0.389061 0.489121 0.874139 0.472663 0.100000 0.247251 0.753784 0.279349 0.313452 0.100000 0.100000 0.100000 0.100000 0.865934 0.100000 0.556451 1.666549 1.065088 0.100000 1.436490 1.052647 0.100000 1.211028 0.649772 0.701085 0.628566 0.368842 0.154482 0.264574 0.100000 0.899445 0.926107 0.873288 0.967136 0.100000 0.287133 0.100000 0.695406 0.241411 1.032766 0.100000 0.757909 1.162084 0.772319 0.666853 
0.523861 0.720179 0.100000 0.100000 0.641860 0.451497 0.235554 0.100000 0.737564 0.593315 0.100000 0.116491 0.514113 0.300954 0.100000 0.458831 1.552680 0.814665 0.195727 0.100000 1.225846 0.284759 0.474573 1.687287 0.100000 1.315227 1.303111 0.483129 0.575749 0.387371 0.549795 0.353974 0.100000 0.100000 0.215480 0.778234 0.100000 1.038393 0.587309 0.264019 0.626610 0.235168 0.531480 0.661697 0.429014 0.466414 0.817504 0.146610 0.100000 1.579420 2.380761 0.525972 0.100000 0.183707 0.141599 0.433813 0.145920 1.065962 0.751028 0.126102 0.100000 1.046645 0.419311 0.825545 1.593661 0.510021 0.921791 0.540750 0.220520 0.100000 0.809942 0.283175 
0.650821 0.100000 1.336513 0.100000 0.427249 0.100000 0.299438 0.100000 0.246778 0.229149 0.714851 0.687427 0.834787 0.761810 0.100000 0.506661 0.167562 0.100000 0.100000 1.905583 1.049167 0.252552 0.845926 0.707490 0.233736 0.827781 0.300789 0.528229 0.100000 1.142661 0.248759 0.395234 0.100000 0.850341 0.100000 0.280598 0.100000 0.258076 0.757384 0.210057 0.199880 1.006996 1.185536 0.395055 0.100000 0.100000 1.260519 0.100000 0.938450 0.737311 0.364429 0.184071 0.522284 0.623443 0.237931 1.228005 0.100000 0.100000 1.092949 0.524932 0.618028 0.100000 0.815916 0.121486 0.443801 1.336080 0.329850 0.100000 1.148108 0.384836 0.803554 0.825784 
0.265862 0.258646 1.706648 0.365460 0.100000 0.161008 0.100000 0.100000 0.899421 1.040241 0.140302 0.826230 0.888339 0.100000 0.322359 0.653412 1.225844 0.196756 0.100000 0.100000 0.419431 0.100000 0.889246 0.720772 0.100000 0.589867 0.545970 0.100000 0.432861 0.100000 0.100000 0.699091 0.193179 0.555040 0.100000 0.187310 0.400695 0.210427 0.181455 0.100000 0.179281 0.100000 0.250013 0.100000 0.100000 0.336172 0.100000 0.434681 0.100000 0.139788 1.547381 0.100000 0.100000 0.354457 0.100000 0.551315 0.100000 0.938201 0.863350 1.110357 0.100000 0.102116 0.160267 0.100000 1.053970 0.350007 0.100000 0.722399 0.278645 0.100000 1.011030 0.760534 
0.502929 0.539396 0.366723 0.701668 0.802108 0.100000 0.261426 0.100000 0.972019 0.142264 0.779198 0.100000 0.535273 0.100000 0.193846 0.850680 0.656383 0.100000 0.100000 1.032752 0.894244 0.255561 0.936015 0.935034 0.758394 0.501276 0.864538 0.100000 0.114628 0.789738 0.100000 0.100000 0.109162 0.100000 0.100000 1.409554 1.015271 1.158073 0.116049 0.100000 0.497246 0.100000 0.706677 2.016320 1.059278 0.100000 0.100000 1.076714 0.100000 0.698840 0.939613 0.100000 0.156863 0.468984 0.100000 0.100000 1.036858 0.903318 0.953126 0.100000 1.386171 0.100000 0.288543 0.100000 0.100000 0.642023 0.935024 1.343130 0.392729 0.931381 0.244651 0.543577 
1.118808 0.100000 0.100000 0.695868 0.100000 0.100000 0.100000 0.294582 0.100000 0.269277 0.100000 0.130620 0.100000 0.763151 1.208657 0.485902 1.400704 0.100000 0.286448 0.100000 0.716711 0.730263 0.484659 1.469613 0.255083 0.394127 0.866111 0.100000 0.233414 0.353289 0.899637 0.286314 0.305950 0.332414 1.216033 0.817305 0.801088 0.430814 1.384498 1.248750 0.100000 0.953636 1.239182 0.100000 0.225377 0.703926 0.815224 0.100000 0.335050 0.341705 0.831460 0.100000 1.611940 0.273560 0.634549 0.344252 0.100000 0.100000 0.473388 0.100000 0.261342 0.100000 0.629616 0.469859 0.468642 1.491062 0.985934 0.931614 0.761965 0.100000 0.100000 0.946606 
0.100000 0.282104 0.800818 0.997685 0.744949 0.307725 0.176208 0.557642 0.792145 0.736284 0.441560 0.333084 0.197107 0.431133 0.483157 0.855173 1.079264 0.522243 1.185128 1.106103 0.100000 0.100000 1.249683 0.597274 1.088410 0.703813 0.472478 0.285111 0.100000 1.324464 0.705696 1.356538 0.100000 0.897322 0.100000 0.306100 0.907552 0.100000 0.802084 0.100000 0.100000 1.378173 0.311337 0.100000 1.251861 0.100000 0.279634 0.100000 0.100000 1.115821 1.247212 0.100000 0.329099 0.627285 0.100000 1.235062 0.349250 0.573980 1.133943 0.597184 0.762556 0.100000 0.770592 0.826662 1.213438 0.799501 0.249312 0.486096 0.100000 0.635141 1.248584 0.100000 
