89 Number of operations
27 Number of workers
Standard production times
0.606218 0.510635 0.577111 0.476297 0.282566 0.260431 0.418483 0.180478 0.583378 0.399549 0.394215 0.416719 0.201425 0.478434 0.278378 0.792959 0.414076 0.500604 0.443233 0.310876 0.523162 0.289349 0.410987 0.433695 0.621641 0.107710 0.629699 0.348662 0.491221 0.406407 0.716644 0.230730 0.374969 0.664604 0.100000 0.470482 0.532392 0.662423 0.238777 0.263280 0.381350 0.586102 0.282215 0.311148 0.390719 0.663465 0.708587 0.285830 0.505473 0.410802 0.682157 0.521141 0.466464 0.537671 0.192304 0.442423 0.111258 0.385152 0.259789 0.578175 0.565288 0.505504 0.100000 0.359079 0.479657 0.376236 0.342336 0.605532 0.306341 0.484441 0.553936 0.100000 0.403969 0.534648 0.208930 0.189764 0.323642 0.242519 0.290628 0.501069 0.238112 0.338416 0.182121 0.348701 0.498065 0.467153 0.100000 0.288773 0.178848 
Production times: workers row and ops columns
0.100000 1.105446 0.788833 1.177679 0.100000 0.179261 0.413776 0.116545 0.780531 1.056025 0.139293 0.791016 0.100000 1.032308 0.100000 1.068834 1.005300 0.122707 0.100000 0.100000 0.423676 0.100000 1.114278 0.238682 1.154712 0.129466 0.372262 0.395714 1.029954 0.719629 0.100000 0.312503 1.496756 0.443353 0.100000 0.679686 0.389725 0.786009 0.466205 1.890165 0.100000 1.665800 0.100000 1.102166 0.646235 0.100000 0.449298 0.100000 0.228059 1.277800 0.100000 0.869801 0.100000 0.160196 0.100000 0.663736 0.100000 0.100000 0.889245 0.214472 0.574645 1.442339 0.100000 0.721275 0.602078 0.574196 0.588116 0.446408 0.207143 0.184978 1.011672 0.100000 0.292630 0.100000 0.240242 0.234404 0.100000 0.100000 0.100000 0.100000 0.100000 0.519317 0.680519 1.147972 0.453105 0.100000 0.950242 0.100000 0.306622 
0.497226 0.100000 1.099826 0.100000 0.100000 0.661122 0.100000 0.100000 0.674917 0.528567 0.581977 1.092193 0.100000 0.838177 1.005273 0.502903 0.100000 1.593360 0.595470 0.100000 0.100000 1.027479 0.897260 0.444509 0.100000 0.100000 0.100000 0.587117 0.100000 0.893690 0.100000 0.318347 1.121059 0.235569 0.263251 0.882852 0.100000 1.207925 0.949925 0.100000 1.292951 0.653193 0.429351 0.131675 0.525365 0.347094 0.100000 0.704546 0.382286 0.100000 0.635238 0.528854 0.100000 1.302060 0.802281 0.744901 1.019700 0.391871 0.732231 0.316303 0.688919 0.238011 0.100000 0.463015 0.756487 0.267995 0.905541 0.100000 0.749236 0.100000 0.718617 0.100000 0.435827 1.043942 0.100000 0.100000 1.206168 1.096080 0.100000 0.963793 0.322761 0.621812 0.521117 1.055202 1.050633 0.100000 0.100000 0.168095 0.100000 
0.772615 0.100000 0.313554 1.170287 0.100000 1.021349 0.753708 0.595642 0.364080 0.753061 0.596228 0.100000 0.100000 0.405852 0.100000 0.674469 0.418507 0.688219 1.044587 0.504284 0.914912 0.988019 0.478297 0.252297 0.468484 0.118513 0.100000 0.100000 0.100000 0.436426 0.683800 1.238816 0.323995 1.007139 0.302714 1.391555 0.100000 0.302191 0.321632 0.963238 0.429701 0.100000 1.143161 0.100000 0.100000 0.422422 1.560974 0.100000 0.971131 0.622445 0.526352 0.580241 0.100000 0.100000 1.238430 0.836223 0.100000 1.168883 0.100000 0.298646 0.655322 0.100000 0.100000 1.811341 0.696169 0.293469 0.100000 1.061533 0.208381 1.224498 0.620153 0.100000 0.204170 0.100000 0.100000 0.104250 0.100000 0.170403 0.885383 0.373800 1.026236 0.100000 0.943205 0.462064 0.100000 0.421939 0.100000 0.100000 0.100000 
1.338017 0.491923 0.698098 1.201930 0.829797 0.100000 0.100000 0.100000 0.743548 0.115407 0.587565 0.377369 0.147377 0.757104 0.178369 1.234736 0.978294 0.141146 0.130277 0.270889 0.531367 0.469001 0.455191 0.345296 1.341701 0.100000 0.596935 0.216747 0.173925 0.100000 1.097675 0.558409 0.880097 0.331473 0.100000 0.100000 0.100000 0.122468 0.254999 0.100000 1.108882 0.361506 0.100000 1.250127 0.100000 0.545972 0.597506 0.335424 0.100000 0.916356 1.471542 0.630207 0.315757 0.358955 0.696180 0.100000 0.100000 0.100000 0.100000 1.136142 0.269003 0.124686 0.114581 0.100000 1.412663 1.133575 0.100000 0.920625 0.100000 0.100000 0.868403 0.100000 0.798374 0.305209 0.172288 0.275772 0.940491 0.100000 0.292136 0.136589 0.100000 0.100000 0.100000 0.268623 0.566510 0.620606 0.252827 0.623667 0.619562 
0.689413 0.550633 0.804801 0.467464 0.428041 0.102741 0.563410 0.299382 0.887162 0.178214 0.370086 0.100000 0.100000 0.100000 0.100000 0.326436 0.311453 0.315560 0.100000 0.391782 0.413743 0.270777 0.100000 0.522363 0.486918 0.565517 0.696303 1.264188 0.711648 0.827590 0.529061 0.118506 0.151336 0.622807 0.405905 0.134164 0.936187 1.632926 0.583538 1.087944 0.362611 1.396419 0.847691 0.433170 0.185672 0.840674 0.100000 0.100000 0.100000 0.185946 0.713694 0.558599 0.325326 0.725857 0.100000 0.799109 0.181317 0.100000 0.490968 0.588368 0.456013 0.306703 0.762808 0.670025 0.557456 1.050547 0.100000 0.297335 0.170411 1.944245 0.272031 0.100000 0.479136 0.100000 1.003000 0.104306 0.100000 0.100000 0.196763 0.832670 0.480332 0.793597 0.134207 0.422219 1.119051 0.100000 0.100000 0.100000 0.805516 
0.632342 0.785086 0.169434 0.528097 0.100000 0.100000 0.100000 0.119830 0.902312 0.441954 0.100000 0.100000 0.176032 1.711981 0.100000 1.326397 0.353196 0.256899 0.218405 1.147844 0.100000 0.565040 1.262448 1.021250 0.100000 0.335514 0.100000 0.445616 0.100000 0.425167 1.007897 0.100000 0.623429 1.039279 0.100000 0.621255 0.261225 0.516839 0.800898 0.100000 0.928400 0.304079 0.117594 0.502175 0.419016 0.597205 0.603069 0.267622 1.111718 0.100000 0.100000 0.395775 0.510763 0.658790 0.530872 0.650447 0.100000 0.169678 0.225323 0.840143 0.930632 0.100000 0.100000 0.400904 0.506087 1.132238 1.128251 0.722320 0.100000 0.100000 0.468669 0.100000 1.048977 1.024804 0.760778 0.496810 0.100000 0.100000 0.147619 1.112053 0.100000 0.600607 0.100000 0.108145 0.339327 1.349963 0.428135 0.369139 0.552211 
0.310834 0.100000 0.635352 1.081024 0.279619 0.239090 1.526347 0.827188 1.430268 0.904735 0.100000 0.100000 0.100000 0.484002 0.100000 0.100000 0.560402 0.375694 0.326790 0.641685 1.842031 0.156224 0.907654 0.588264 0.477213 0.100000 0.854908 0.807949 0.100000 0.979171 1.252972 0.100000 0.165447 0.840952 0.100000 0.921525 0.234786 1.562795 0.801883 0.100000 1.194209 0.674661 1.172068 0.694744 0.363462 0.585623 0.816110 1.084782 1.417238 0.424702 0.168095 0.703691 0.100000 0.291741 0.149313 0.100000 0.838804 0.990615 0.289811 0.100000 0.115130 1.164921 0.286570 0.546233 0.308874 0.100000 0.297437 1.099038 0.599968 0.461841 1.114947 0.100000 0.911641 0.736711 1.359272 0.100000 0.100000 1.139218 0.775312 0.292624 0.100000 0.100000 1.267366 0.580782 0.100000 0.231195 0.283242 0.100000 0.450985 
0.585718 0.343829 1.247348 0.405112 0.685701 0.713438 0.724128 0.100000 1.360444 0.189943 0.852767 1.160104 0.100000 0.100000 1.382910 1.072939 0.334730 0.789343 0.100000 0.890652 1.315807 0.164883 0.929852 0.942761 0.862109 0.619493 0.552535 1.178160 0.298422 0.100000 0.100000 0.100000 0.202912 0.353085 0.100000 0.213600 0.741323 0.394455 0.430271 0.683681 0.100000 0.100000 0.100000 0.566592 0.718613 0.730314 0.100000 0.599877 1.064777 1.474586 1.591739 0.100000 0.704568 0.588506 0.194213 0.445934 0.517763 0.312936 0.100000 0.673612 1.461219 0.615589 0.181395 0.100000 0.527740 1.357947 0.292589 1.266095 0.100000 0.100000 0.885448 0.840482 0.100000 0.100000 0.127744 0.800433 0.277086 0.374582 0.608303 0.100000 0.384328 0.840065 0.100000 0.103249 0.100000 0.994629 0.309149 0.137175 0.100000 
0.839097 0.869265 0.884081 0.637529 0.100000 0.100000 0.100000 1.285673 0.378660 1.284875 0.100000 0.321488 0.100000 0.100000 0.100000 1.631346 0.100000 0.248062 0.589497 0.100000 1.041549 0.100000 1.983504 0.496790 0.837902 0.228766 0.100000 0.348667 1.345985 1.060570 0.537384 0.464249 0.634410 0.991775 0.320651 0.328425 0.553553 0.857747 0.100000 0.466780 0.100000 1.371610 0.370707 1.108427 0.100000 0.100000 0.100000 0.179953 0.507148 0.916300 0.668678 0.100000 0.620395 0.100000 0.453373 0.521908 0.401482 0.100000 0.117493 0.533793 0.286361 0.405873 0.674643 0.932398 0.191294 0.283383 0.100000 1.072596 0.980384 1.110825 0.100000 0.381007 0.100000 0.506779 0.100000 0.336057 0.100000 0.100000 0.645977 0.790551 0.100000 0.653252 0.177650 0.441650 0.707509 1.289020 0.100000 0.288305 0.363035 
1.228965 0.408348 1.228245 0.100000 0.416112 0.343055 0.785951 0.445858 1.434790 0.498229 0.775295 0.100000 0.277241 0.625135 0.100000 1.053242 1.265114 0.622808 0.183916 0.100000 0.347927 0.395186 0.332805 0.536885 0.788013 0.100000 1.335708 0.462126 0.731051 0.100000 0.444272 0.100000 0.652682 0.975077 0.702482 0.118383 0.100000 1.511420 0.255946 0.528493 0.100000 0.255822 0.100000 0.100000 0.998436 0.989587 0.100000 0.100000 0.100000 0.730770 1.176417 0.100000 0.126530 0.480202 0.100000 0.100000 0.411809 0.651680 0.675231 0.757093 0.757937 0.616725 0.307317 0.660217 1.275760 0.270802 0.100000 0.745654 0.133455 0.292236 1.329379 0.213903 0.100000 0.100000 0.878555 0.100000 0.109593 1.246734 0.141338 0.100000 0.100000 0.100000 0.100000 1.146087 0.100000 0.100000 0.523705 0.100000 0.239981 
0.884389 0.100000 0.997055 0.263302 0.194837 0.893670 0.372864 0.100000 0.252714 0.100000 0.678054 0.930223 0.100000 0.100000 0.319354 1.355909 0.507550 0.494910 0.919658 1.039086 0.747973 0.100000 0.503268 1.250295 0.100000 0.855755 0.382279 0.525547 0.198801 0.100000 0.697058 0.393908 0.466744 0.821710 0.100000 1.233767 0.213388 1.614454 0.218233 0.100000 0.453490 0.434350 0.266376 1.197087 0.685655 0.100000 0.954460 0.100000 1.450055 0.306004 0.889531 0.524906 0.925955 0.100000 0.299795 0.312237 0.100000 0.100000 0.649122 1.265011 0.501564 0.972321 0.288933 0.100000 0.254478 0.100000 0.331585 0.806570 0.814952 0.213192 0.641579 0.100000 0.100000 0.100000 0.344926 0.456959 0.532881 0.100000 0.656084 0.480349 0.184243 0.117350 0.100000 0.502068 1.022423 1.393316 0.100000 0.100000 0.100000 
0.658925 0.612104 0.361880 0.714037 0.374789 0.106633 0.100000 0.100000 1.706546 0.927262 0.545793 0.100000 0.860164 0.622743 0.100000 1.171673 1.016649 0.420893 1.003311 0.187771 0.517673 0.100000 0.100000 0.450114 0.660316 0.381926 0.786697 1.314864 0.827622 0.100000 0.219263 0.100000 0.188209 0.100000 0.794183 0.100000 0.100000 0.992451 0.100000 1.017578 0.340763 1.201111 1.098922 0.770286 0.100000 0.284422 1.215863 0.100000 1.586376 0.752378 0.100000 0.634054 0.699538 0.557903 0.282003 1.385315 0.808048 0.486392 0.587287 0.928267 0.773073 0.125583 0.555348 0.100000 0.264110 0.545104 0.100000 0.100000 0.100000 0.298441 0.302272 0.100000 0.914662 0.419774 0.100000 0.467480 0.100000 1.075454 0.503330 0.100000 0.100000 0.100000 0.928658 0.105522 0.402717 0.663399 0.100000 0.968046 0.441404 
0.928991 0.951328 0.551136 1.054497 0.800564 0.100000 0.100000 0.674101 0.100000 0.640543 0.499620 0.958338 0.759626 0.773411 0.502364 0.653405 0.263899 0.100000 0.407349 0.100000 0.972949 0.100000 0.377912 0.710930 0.494211 0.100000 0.450543 0.547927 0.100000 0.100000 1.048103 0.100000 0.329771 0.211871 0.153034 0.748464 0.715044 0.970876 0.300208 0.655411 0.832768 0.937187 0.401018 0.100000 0.100000 0.488316 0.950764 0.100000 0.716577 0.803238 1.366055 0.901164 1.100414 0.392877 0.100000 0.126682 0.100000 0.100000 1.332896 0.536185 0.299907 0.889239 0.100000 1.392290 0.790783 0.929379 0.389937 0.877814 0.100000 0.534301 0.100000 0.100000 0.100000 0.165818 0.100000 0.100000 0.100000 0.100000 0.601967 0.441083 0.677656 1.126089 0.595640 0.358423 0.137891 0.182558 0.100000 0.890822 0.781585 
1.139858 0.918112 0.489530 0.487266 0.100000 0.429995 0.575012 0.633686 1.481028 0.720539 1.023344 0.100000 0.100000 1.058999 0.100000 1.207716 0.937761 0.100000 0.854994 0.206478 0.100000 0.100000 0.492594 0.158438 0.296558 0.100000 0.888480 1.151970 0.849696 0.383328 1.123031 1.459110 0.418737 1.194478 0.181526 0.100000 0.416493 0.416216 0.270084 0.667432 0.100000 0.341365 0.100000 0.147432 0.329171 0.924226 0.193186 0.100000 1.144918 0.289178 0.994217 1.037686 0.561880 1.219915 0.492092 0.100000 0.174242 0.198414 0.114307 0.615796 0.682596 1.538621 0.100000 0.100000 0.271447 0.667587 0.378071 1.266788 0.621304 0.100000 0.100000 0.270090 0.666610 0.100000 0.100000 0.631707 0.886273 0.276261 0.580747 0.931843 0.100000 0.100000 0.314243 1.273015 0.455857 1.057019 0.100000 0.100000 0.100000 
0.539356 0.412733 0.927326 0.856027 0.405630 0.951317 0.353336 0.136466 0.471468 0.100000 2.048913 0.428218 0.100000 0.721043 0.763976 0.346375 0.201150 0.854456 0.180640 0.100000 0.775535 0.450141 0.419893 1.075855 0.599669 0.100000 0.100000 0.296289 0.657587 0.100000 1.119536 0.100000 0.100000 0.897793 0.100000 1.172083 0.100000 0.528257 0.551691 0.100000 0.100000 0.607569 0.100000 0.158623 0.100000 0.100000 1.098307 1.558146 0.100000 0.100000 0.679849 0.433258 0.563260 0.984236 0.397827 0.510483 0.100000 0.977982 0.100000 0.494498 0.430092 0.447753 0.100000 1.001935 1.825653 0.100000 1.151672 0.800515 0.100000 0.614865 0.614019 0.100000 0.447419 0.826863 0.898913 0.359737 0.605608 0.318440 0.242582 0.267121 1.227411 0.675278 0.423558 0.295877 0.693514 0.968299 0.480095 0.496362 0.687849 
0.654589 0.100000 1.241422 0.423103 0.820811 0.342084 1.163831 0.417254 0.253073 0.273904 0.100000 0.292515 0.128057 1.158395 0.727257 0.993269 0.312849 0.698337 1.115982 0.100000 0.344632 0.321357 0.100000 0.248240 0.865557 0.605876 0.100000 0.219407 0.395417 0.128203 0.100000 0.100000 0.650758 0.784417 0.100000 1.197794 0.100000 1.051781 0.560572 0.285664 0.100000 0.920228 0.590901 1.037928 0.411586 0.420567 0.147291 0.265740 0.100000 0.842900 0.725200 0.100000 0.842654 0.100000 1.089162 0.252076 0.100000 0.749484 0.100000 0.399692 0.128985 0.100000 0.118200 0.552038 0.927074 0.940807 0.437267 1.291041 1.135721 0.100000 0.363064 0.519379 0.616170 0.801885 0.100000 0.365142 0.365253 0.910102 0.509017 0.805740 0.452627 1.323577 0.100000 0.224769 0.854855 0.438835 0.100000 0.551830 0.100000 
0.100000 0.100000 0.672640 0.175901 0.100000 0.329530 0.426663 0.113355 0.100000 0.540275 0.870130 0.533268 0.100000 0.701112 0.323541 1.635047 0.823563 0.100000 0.835204 0.573169 0.100000 0.138378 0.258472 0.100000 0.629041 0.100000 0.741615 0.100000 0.100000 0.992501 0.207650 0.334837 0.277291 1.181450 0.100000 0.424329 0.867689 0.105612 0.397866 0.100000 0.100000 0.890954 0.441010 0.244171 0.712371 0.918849 0.132350 0.241128 0.274597 0.827083 0.924795 0.908617 0.244053 0.100000 0.100000 0.583377 0.208167 1.049646 1.288628 0.314925 0.214934 0.439616 0.100000 0.100000 0.194566 0.298622 0.100000 1.253279 0.346577 0.752338 0.633061 0.150251 0.190578 0.251399 0.591015 0.286730 0.577858 0.691412 0.571752 0.100000 0.625531 0.378803 0.389469 1.029737 0.301219 0.100000 0.100000 0.100000 0.100000 
0.365528 0.848615 1.207352 0.747194 0.100000 0.201752 0.718518 0.100000 0.100000 0.100000 1.763718 1.484583 0.341501 0.724638 0.402856 0.100000 0.257121 1.090514 1.313093 0.321264 0.883906 0.692166 0.100000 0.249608 0.100000 0.100000 0.804883 0.100000 0.839486 0.100000 1.834825 0.100000 0.590650 1.302516 0.195489 0.639055 1.549586 0.860177 0.625933 0.301840 0.993880 0.556239 0.100000 0.738592 0.588775 0.549287 0.676276 0.401070 0.559955 0.100000 0.606736 0.981917 0.220224 0.742549 0.793753 0.576669 0.313861 1.078403 0.353547 1.194387 0.100000 0.100000 0.100000 0.641124 0.100000 0.100000 0.330728 0.150023 0.104867 0.418010 0.744584 1.111711 0.793833 0.183244 0.403083 0.391074 0.345980 0.100000 0.100000 0.100000 0.214712 0.947097 0.100000 1.144568 0.902501 0.879150 0.100000 0.100000 0.374815 
0.472324 0.100000 0.482081 1.509016 0.150220 0.100000 0.100000 0.100000 0.406541 0.100000 1.722804 0.290153 0.992863 1.016705 0.100000 1.019203 0.410986 0.100000 0.167336 0.359226 0.100000 0.745613 0.100000 0.125928 0.340786 0.773409 0.996259 0.100000 0.500687 0.534729 0.455635 1.262672 1.072353 0.511100 0.366690 0.825189 0.654109 0.939183 0.632281 0.163175 0.724850 0.100000 0.374187 0.767041 1.441965 0.100000 0.194614 0.333006 0.483760 0.343451 0.735781 0.854841 0.184316 0.310304 0.100000 0.556141 0.420398 0.712554 0.100000 0.100000 0.919779 0.852122 0.540980 0.569089 0.652618 0.563272 0.100000 0.730523 0.100000 0.603247 0.587800 0.848642 0.887001 0.740628 0.100000 0.319545 0.267719 0.660257 0.604854 0.883874 1.072310 0.100000 0.100000 0.100000 0.100000 0.100000 0.100000 0.100000 0.224598 
0.790832 0.105330 1.254606 0.404678 0.689947 0.100000 0.543042 0.100000 0.682929 0.578493 0.670804 0.308539 0.100000 0.672753 1.086492 1.034547 0.100000 1.063377 1.433850 0.334285 0.308681 0.733244 0.718342 0.213966 1.262297 0.178243 0.409417 0.388404 0.100137 0.556039 0.704610 0.434954 0.100000 0.569875 0.296977 0.285236 1.060366 0.983175 0.158760 0.963141 0.100000 0.831041 0.470215 1.407633 0.173490 0.362570 0.192136 0.295355 0.736139 0.264363 0.100000 0.100000 0.888510 0.294128 0.727093 0.242863 0.100000 0.337676 0.100000 1.454465 0.517713 0.829997 0.100000 0.657615 0.506492 0.972807 0.100000 1.121164 0.153969 0.278595 0.926058 0.523953 0.137382 1.119721 0.523955 0.100000 0.868279 0.127407 0.751108 0.122177 0.100000 0.376613 0.100000 0.717160 0.100000 1.010831 0.545348 0.184099 1.528578 
0.633109 0.746098 0.419719 0.868621 0.100000 0.213351 0.678656 0.100000 0.100000 0.100000 1.475363 0.541430 1.289455 0.697068 0.100000 0.923296 0.185565 1.950869 0.463490 0.735492 0.989445 0.100000 0.100000 0.100000 0.520235 0.123823 0.100000 0.681617 0.100000 0.783141 0.777342 0.100000 0.253420 0.450742 0.100000 0.100000 1.252737 1.629718 0.158113 0.100000 0.268430 0.100000 0.100000 0.230978 0.429764 0.583696 0.100000 1.050261 0.149193 1.118313 0.532930 0.100000 0.691208 0.844701 0.595762 0.749934 0.100000 0.100000 0.617025 0.515235 0.759829 0.100000 0.100000 0.792126 1.025607 1.012922 0.100000 0.843188 0.100000 0.710600 0.724362 0.100000 0.370951 0.714172 0.100000 0.197336 0.100000 0.382607 0.100000 0.802991 0.100000 0.100000 0.100000 0.927625 1.241880 1.493090 0.100000 1.524041 1.005438 
0.678219 0.390864 0.645530 0.100000 0.100000 0.538451 0.436672 0.100000 0.774121 0.640860 0.334041 0.100000 0.100000 1.304132 0.100000 1.122710 0.726295 0.949032 1.035258 1.188163 0.183040 0.100000 0.543844 0.100000 0.227024 0.100000 0.766988 0.100000 0.665015 0.100000 1.524976 0.100000 0.385695 0.694228 0.432660 0.471764 0.384743 1.544304 0.100000 0.100000 0.416095 0.167585 0.100000 0.100000 0.100000 0.275008 0.438918 0.100000 0.957652 0.100000 1.042356 0.134873 0.338337 0.571941 0.211609 0.729049 0.386899 0.146336 0.984562 0.882201 0.100000 0.900853 0.100000 0.978678 0.658022 0.414716 0.368128 0.339400 0.697874 1.079033 0.338855 0.462629 0.100000 0.100000 0.485951 0.395251 0.100000 0.560223 0.285464 0.640635 0.508535 0.291704 0.286357 0.100000 0.514072 0.497552 0.371977 0.100000 0.440415 
1.400419 0.224279 0.533112 1.557781 1.129308 0.100000 0.100000 0.831492 0.713404 0.100000 0.783995 0.616708 1.010063 1.389617 1.242090 0.977954 0.745664 0.255670 0.735191 0.100000 0.627183 0.187008 0.100000 0.599125 0.903199 0.100000 0.205578 0.664525 0.814034 0.100000 0.435905 0.100000 1.708009 0.100000 0.292779 0.934532 0.100000 0.627717 1.500107 0.866435 1.041154 1.438489 0.100000 0.132626 0.866106 0.942515 0.268764 0.403721 0.753494 0.532620 1.057689 0.201057 0.823490 0.100000 0.521476 0.100000 0.174523 0.100000 0.100000 0.843219 0.158259 0.503993 0.100000 0.100000 0.378085 0.418129 0.201073 1.263146 0.100000 0.496120 0.601015 0.100000 0.100000 0.665203 0.114192 0.147725 0.354951 0.100000 0.100000 0.256030 0.927847 0.100000 0.100000 0.100000 0.200219 1.632346 0.100000 0.100000 1.004915 
0.767289 1.109707 1.033814 0.630164 0.100000 0.100000 0.100000 0.100000 0.100000 0.259476 0.669916 0.184494 0.100000 0.100000 0.985591 0.100000 0.308254 0.100000 1.305691 0.345085 0.432184 0.100000 0.100000 0.100000 0.629538 1.068569 0.100000 0.287671 1.410509 0.188819 1.098608 0.100000 0.439057 0.449801 0.174728 0.416526 0.100000 0.277007 0.771782 0.452035 0.143451 0.790180 0.606826 0.100000 0.993355 1.166761 1.024473 0.100000 0.362871 0.837656 1.076389 0.801866 1.134414 0.677680 0.100000 0.417436 0.100000 0.665868 0.508162 1.035696 0.272975 0.546772 0.575322 0.779287 0.155016 0.256893 0.270758 0.252783 0.100000 0.100000 1.458608 0.100000 0.100000 0.100000 0.257436 0.405416 0.862929 0.818657 0.100000 0.542809 0.100000 0.100000 0.156614 0.262378 0.100000 0.573610 0.804172 0.708169 0.100000 
0.100000 1.188113 0.100000 0.788992 0.100000 0.100000 0.699809 0.100000 0.512344 1.350050 0.498068 0.697423 0.100000 1.377379 0.162442 0.549731 0.473635 0.757305 0.961108 0.316186 0.778032 0.100000 0.171222 0.767466 0.282003 1.042444 1.074638 0.710325 1.359395 0.982820 0.631528 0.152803 0.414497 0.100000 0.691975 1.049863 0.483486 0.382298 0.100000 0.100000 0.192248 0.100000 0.733144 0.710956 0.100000 1.293906 0.272215 0.100000 0.777643 1.797023 0.100000 0.639795 0.504166 0.100000 0.100000 0.933682 0.100000 1.059463 0.100000 1.142253 0.676700 0.100000 0.100000 0.187383 0.228932 1.014140 0.100000 0.551551 0.568614 0.239887 1.062770 0.100000 0.719848 0.333201 0.480079 0.100000 0.100000 0.100000 0.100000 0.856832 0.100000 0.462268 0.652023 1.306774 0.633400 0.100000 0.100000 0.225633 0.100000 
1.437849 0.888915 0.100000 0.529050 0.100000 0.982063 0.100000 0.100000 0.716866 0.278901 0.493921 0.538698 0.100000 0.534159 0.100000 0.100000 0.197640 0.959946 1.421738 0.425720 0.204963 0.182372 1.168991 0.564019 0.529296 0.441762 0.341242 0.998693 1.266519 0.107680 0.673316 0.601927 1.122569 0.910484 0.100000 0.608102 0.461853 0.649387 0.852084 0.530373 0.100000 0.360407 0.145602 0.418587 0.100000 0.100000 0.227956 0.508345 0.227289 0.100000 0.951853 0.644747 0.100000 0.752417 0.977170 0.410665 0.458820 0.100000 0.100000 0.100000 0.540666 0.285312 0.100000 0.100000 0.100000 0.100000 0.217849 0.795213 0.100000 0.459022 0.836636 0.100000 1.010979 1.230365 0.100000 0.100000 0.217444 0.845788 1.241297 1.258906 0.100000 1.277014 0.149436 0.100000 0.100000 0.519100 0.414246 0.329222 0.100000 
0.100000 0.259791 0.711176 0.432112 0.100000 0.100000 0.871503 0.100000 0.423270 0.579271 0.100000 1.143366 0.100000 0.774944 0.754061 1.394376 0.100000 0.191440 0.337397 0.431792 0.707693 0.698518 0.896766 0.100000 1.011212 0.326057 0.110739 0.100000 0.711015 0.519717 0.967594 0.100000 0.100000 0.899148 0.100000 0.100000 0.871509 0.948309 0.351522 0.252188 0.100000 1.209918 0.100000 0.114043 0.678544 0.414550 1.182070 0.974249 1.125371 0.100000 0.483512 0.704586 0.992186 0.671576 0.220675 0.327262 0.893396 0.356419 0.877114 0.743493 0.443737 0.603945 0.358766 0.987692 0.380440 0.806307 0.591038 0.100000 0.100000 1.204316 0.969130 0.100000 0.955725 0.857292 0.100000 0.100000 0.238868 0.100000 0.100000 0.100000 0.100000 1.490262 0.100000 0.100000 0.882478 0.335597 0.100000 0.100000 0.268103 
