75 Number of operations
29 Number of workers
Standard production times
0.395487 0.532490 0.222502 0.307822 0.261232 0.472611 0.856732 0.348992 0.510849 0.592732 0.929213 0.391227 0.206876 0.575733 0.100000 0.623915 0.189126 0.198222 0.386496 0.383715 0.967043 0.350765 0.541102 0.253267 0.159032 0.456081 0.295062 0.100000 0.627160 0.519564 0.619080 0.716055 0.419631 0.380416 0.100000 0.410165 0.555420 0.278717 0.305743 0.100000 0.571778 0.269913 0.412373 0.663896 0.543813 0.237312 0.591981 0.366152 0.400966 0.541476 0.611755 0.607141 0.514341 0.395286 0.100000 0.249166 0.430479 0.769328 0.427803 0.599307 0.100000 0.665435 0.232499 0.665336 0.283636 0.157893 0.336602 0.575480 0.716322 0.403792 0.756102 0.159809 0.168989 0.100000 0.420959 
Production times: workers row and ops columns
0.479931 0.916227 0.100000 0.100000 0.182628 0.877964 1.991288 0.769489 0.723338 1.153777 1.100541 0.100000 1.693451 0.242663 0.100000 1.031855 0.175542 0.187290 0.100000 0.838258 0.506185 0.100000 0.420102 0.100000 0.753412 0.541328 0.628022 0.100000 0.980827 0.106148 1.180744 1.003610 0.162344 0.508067 0.100000 0.278863 0.260289 0.337892 1.121940 0.100000 0.719172 0.151621 1.401776 0.104772 0.957620 0.100000 0.557687 0.665420 0.225846 0.100000 0.813257 0.100000 0.219684 0.411857 0.100000 0.100000 0.914452 1.131925 0.435507 1.367492 0.100000 0.819475 1.064984 0.603188 0.154871 0.696556 0.243993 1.158048 0.863240 0.100000 0.310586 0.100000 0.513923 0.100000 0.825353 
0.463684 0.538211 1.173808 0.100000 0.277648 0.984602 0.942901 0.801330 0.745498 0.462626 1.040758 0.100000 0.100000 0.731953 0.296327 1.060986 0.100000 0.433075 0.601590 0.716410 0.542729 0.272944 0.100000 0.446868 0.100000 0.943868 0.798147 0.100000 1.195988 0.821844 0.100000 1.050823 0.354084 0.100000 0.887550 0.239157 1.064854 0.539307 0.100000 0.100000 0.474032 0.653799 0.100000 0.431666 0.704152 0.167924 1.206593 0.417763 0.100000 0.103787 0.337100 1.567613 0.100000 0.518962 0.100000 0.560899 0.603087 0.332229 0.404196 0.100000 0.219644 1.885765 0.393843 0.416830 0.753455 0.426416 0.787686 0.873357 0.901802 0.100000 0.858820 0.100000 0.798910 0.153447 1.072813 
0.100000 0.100000 0.100000 0.100000 0.113757 0.453352 0.468407 0.226855 1.210170 0.199621 0.747561 0.118190 0.225547 1.619545 0.100000 0.100000 0.240249 0.317744 0.100000 0.405840 0.100000 0.753646 0.186104 0.100000 0.100000 0.163895 0.100000 0.100000 0.100000 0.100000 0.117172 0.122592 0.100000 0.100000 0.275883 0.100000 0.100000 0.803742 0.168185 0.560408 0.820414 1.462038 0.665445 0.560885 0.655381 0.351195 0.955825 0.359604 0.207034 0.263458 1.626264 0.635924 0.100000 0.100000 0.100000 0.954769 1.150639 1.221426 0.208615 1.166214 0.655300 0.166920 0.100000 1.171016 0.100000 0.100000 0.585477 0.142642 0.503907 0.100000 0.444988 0.632867 0.883362 1.051844 0.100000 
0.100000 0.869383 0.100000 0.100000 0.100000 1.206969 2.026487 0.100000 0.488530 1.338473 0.959042 0.462457 0.884682 0.809449 0.100000 0.100000 0.100000 0.100000 0.931098 0.276338 1.356096 0.522853 1.109716 0.236286 0.597783 0.500607 0.561205 0.135005 0.882935 0.100000 0.985853 0.800661 0.680060 0.654846 0.125766 1.103691 1.803014 0.308898 0.100000 0.100000 1.247277 0.600644 1.337514 0.778595 0.100000 0.100000 0.437463 0.125053 0.490316 0.100000 0.100000 0.100000 0.705856 0.100000 0.100000 0.212076 0.776670 0.970384 0.892578 1.003286 0.100000 0.100000 0.722717 0.735824 0.699329 0.219246 0.686360 0.909890 1.358949 0.564202 0.118620 0.684054 1.031590 1.253387 0.941629 
0.883096 0.908557 1.142290 0.100000 0.100000 0.405093 0.268534 1.065487 0.100000 0.782062 0.603557 0.100000 0.177388 0.740467 0.100000 0.870878 0.100000 0.980233 0.191899 0.604717 0.840678 0.923593 0.327200 0.100000 0.100000 1.343139 0.100000 0.100000 1.142948 1.193834 0.416734 0.435417 0.421789 0.212743 0.100000 0.366464 0.100000 0.165699 0.100000 0.100000 0.512492 0.532100 0.411568 0.579479 0.999819 0.526877 1.002557 0.880761 0.121714 0.100000 0.100000 0.544981 0.100000 0.313024 0.100000 0.100000 0.721018 0.852004 0.100000 0.318409 0.100000 1.025995 0.100000 0.433132 0.100000 0.100000 0.100000 0.100000 0.261602 1.449668 0.165585 0.687463 0.556196 0.100000 0.918837 
1.067628 0.376611 0.314298 0.100000 1.405318 0.100000 0.615602 1.228473 0.896568 1.247327 0.100000 0.100000 0.100000 0.755434 0.100000 0.209064 0.100000 0.100000 0.314881 0.533926 1.228442 0.689898 0.391425 0.100000 0.112782 0.630243 0.100000 0.100000 0.822429 1.304324 1.872318 0.643362 0.100000 0.622663 0.100000 1.140177 0.409397 0.206033 0.120574 0.100000 0.532409 0.531775 1.492874 0.552556 1.174274 0.100000 0.100000 0.100000 0.956798 0.100000 0.553484 1.392235 0.820891 0.235652 0.100000 0.100000 1.380467 0.100000 0.541052 0.482029 0.188622 0.100000 0.103511 0.592780 0.100000 0.100000 0.695753 1.920161 0.100000 0.100000 0.342931 0.358620 0.100000 1.052096 0.465788 
0.100000 0.676096 0.879943 0.264383 0.100000 0.100000 1.571990 0.806379 0.100000 0.385372 0.172360 0.100000 0.876381 0.644339 0.100000 1.032717 0.469705 0.100000 0.100000 0.220220 0.514163 0.472729 0.488956 0.100000 0.622782 0.447467 0.424625 0.487342 0.983855 0.100745 0.651125 0.698588 0.193434 1.624615 0.814695 0.683977 0.559900 0.827335 0.100000 0.605587 0.457860 0.400061 0.100000 0.121120 0.100000 0.100000 0.534872 0.768400 1.104326 0.468138 0.598705 0.734198 0.865670 0.371376 0.100000 0.100000 0.428325 1.082953 0.100000 0.611283 0.100000 0.619755 0.200757 1.011156 0.814756 0.100000 0.100000 1.294560 1.614520 0.586034 0.948358 0.546966 0.100000 0.866607 0.100000 
0.676394 0.359049 0.100000 0.100000 0.100000 0.100000 1.610699 0.100000 0.532541 0.719074 0.689711 0.296015 0.100000 1.424473 0.561958 0.100000 0.100000 0.343723 0.782615 0.787290 0.587737 0.100000 1.090238 0.169222 0.100000 0.614337 0.100000 0.100000 1.419512 0.100000 0.471127 0.100000 0.100000 0.867925 0.986446 0.659190 0.793676 0.717228 0.154828 0.100000 0.984958 0.503295 1.229668 1.142962 0.100000 0.100000 0.100000 0.501167 0.100000 1.586493 0.203763 0.596714 0.460195 0.442136 0.100000 0.100000 0.370022 0.281140 0.100000 0.100000 0.325704 0.100000 1.281253 1.204508 0.100000 0.100000 0.582015 0.295758 0.518384 0.100000 0.547214 0.100000 0.100000 0.100000 0.320210 
0.430678 0.157648 0.939661 0.921221 0.100000 0.622168 0.815763 0.100000 1.225451 0.100000 0.444138 0.100000 0.217504 0.472951 0.100000 1.685302 0.135056 0.585650 0.100000 0.580341 0.100000 0.490262 0.735443 0.314381 0.100000 0.978806 0.454305 0.401463 0.100000 0.539102 0.100000 0.466715 0.705556 0.100000 0.100000 0.512031 0.644733 0.975497 0.100000 0.100000 0.100000 0.268961 0.407119 1.093829 0.414423 0.533791 1.326299 0.100000 0.100000 0.447908 1.445737 0.115973 1.629890 0.824790 0.164661 0.100000 0.324105 1.183862 0.138103 0.406570 0.100000 0.935747 0.100000 0.100000 0.515339 0.221229 0.789048 0.100000 0.160816 0.864436 0.747960 0.100000 0.196456 0.100000 0.100000 
0.534609 0.188734 0.213062 0.100000 0.100000 1.089254 0.100000 1.062933 0.100000 0.100000 1.520488 0.819888 0.425808 0.834893 0.722879 0.100000 0.298389 0.759342 1.306854 0.154242 0.605963 0.100000 0.283533 0.100000 0.100000 0.100000 0.118778 0.100000 0.704905 0.585551 0.358826 1.479024 0.100000 1.524728 0.301759 0.805965 0.100000 1.567435 0.231591 0.100000 0.552834 0.788905 0.100000 1.140167 0.295324 0.508544 0.296350 0.100000 0.600088 1.037874 1.006420 0.892192 0.100000 0.100000 0.100000 0.100000 2.094653 0.848278 0.928728 0.515897 0.707145 0.645714 0.100000 1.384178 0.103597 0.183353 0.183092 0.480699 0.100000 0.827187 1.464240 0.100000 0.100000 0.112793 1.016280 
0.100000 0.283796 0.784469 0.100000 1.434892 0.100000 0.258599 0.523975 0.100000 0.100000 0.100000 0.547110 0.728634 0.187225 0.628840 1.004621 0.100000 0.100000 0.141867 0.550184 1.915230 0.374760 1.126771 0.100000 0.100000 0.100000 0.109847 0.100000 0.507713 0.205162 0.666630 1.021945 0.432482 0.100000 0.187583 0.549297 0.761874 0.150668 0.651416 0.100000 0.506083 0.320552 0.100000 0.286691 0.118953 0.100000 1.220144 0.339380 0.791502 0.653817 0.501069 0.712460 1.039282 0.100000 0.316130 0.100000 0.743208 0.553316 0.100000 0.120368 0.100000 0.936960 0.100000 0.147444 0.100000 0.174864 0.305631 0.986601 0.100000 0.643154 0.730666 0.100000 0.100000 0.149719 0.100000 
0.683592 0.100000 0.622998 0.323748 0.100000 0.420778 0.426903 0.559244 0.527396 0.100000 0.676455 0.410595 0.461033 0.523999 0.261404 0.581550 0.100000 0.794885 0.345135 0.698550 0.655599 0.258739 0.324874 0.100000 0.525993 0.506740 0.692343 0.778411 0.159331 0.620091 0.657136 0.232267 0.631659 0.100000 0.100000 0.766763 0.100000 0.100000 0.652456 0.100000 0.100000 0.100000 0.923430 1.361074 1.005159 1.111327 0.100000 0.763406 0.484188 0.976092 1.095895 0.765029 0.266333 0.671555 0.100000 0.417168 0.283613 0.100000 1.139680 0.361859 0.188388 0.100000 0.100000 1.029598 0.100000 0.100000 1.285486 0.100000 1.492368 0.100000 0.774395 0.104321 0.264090 0.100000 1.139269 
0.156931 0.651609 0.100000 0.100000 0.404229 1.032718 1.058931 0.120066 0.473854 0.219786 1.010059 0.100000 1.231724 1.471563 0.100000 0.354740 0.588390 0.435981 0.100000 0.439219 0.448408 0.832803 0.100000 0.127578 0.100000 0.100000 0.426265 0.131154 0.433498 0.170309 0.638354 1.017303 0.100000 0.100000 0.867555 0.891508 0.389341 0.541343 1.096129 1.066129 0.458038 0.542839 0.262032 0.588938 0.894727 0.100000 1.606310 0.100000 1.210943 0.617375 1.367047 0.476276 1.395333 0.293519 0.360375 0.451237 0.681754 0.387959 0.419550 0.558975 0.100000 0.696686 0.912514 0.173885 0.100000 0.100000 0.196396 0.895895 0.950446 1.130528 0.599651 0.100000 0.241772 0.303754 0.241036 
0.241134 0.513764 0.397123 0.100000 0.461916 0.100000 0.864386 0.208246 0.509740 0.721316 1.112996 0.100000 0.262700 0.158195 0.447884 0.543949 0.100000 1.028031 1.253816 0.197344 1.538398 0.404017 0.362862 0.100000 0.100000 0.917404 1.140090 0.197954 0.368305 1.364854 0.891169 1.165638 0.508172 0.112049 0.100000 0.311921 0.475625 0.481238 0.934677 0.425543 0.407589 0.469134 0.930882 1.086627 0.671104 0.729534 0.243607 0.906674 0.150451 0.626925 0.100000 0.201784 0.371692 0.100000 1.020267 0.100000 0.100000 0.519734 1.145963 1.085631 0.100000 1.440792 0.567574 0.710725 0.899579 0.100000 0.100000 0.223787 0.476579 0.100000 0.998980 0.100000 0.726896 0.317836 0.611232 
0.914301 0.793118 0.411186 0.996844 0.100000 0.100000 0.778102 0.100000 0.100000 0.103645 0.825074 0.100000 0.100000 0.100000 0.100000 0.195392 0.100000 0.233238 0.148502 0.100000 1.198877 0.100000 0.821306 0.561888 0.100000 0.164251 0.100000 0.544081 0.434762 0.459428 0.297355 1.155907 0.728506 0.100000 0.777144 0.100000 1.167144 0.334889 1.318516 0.100000 1.041163 0.563666 0.366605 0.187392 0.694648 0.402478 0.100000 0.457147 0.674859 0.702474 1.122272 0.599806 0.299362 0.100000 0.100000 0.931383 1.497401 0.923803 0.100000 1.545086 0.100000 0.133294 0.556398 0.381724 0.100000 0.483053 1.232998 1.040991 0.305896 0.332293 0.545866 0.274278 0.100000 0.218749 0.100000 
0.718995 0.628170 0.203624 0.358755 0.557100 0.962814 1.160155 0.100000 0.709093 1.217647 0.849980 0.100000 0.599106 0.731224 0.600139 0.507900 0.133003 0.100000 1.188625 0.372591 0.948023 0.119088 0.493066 0.100000 0.100000 0.310152 0.446391 1.009710 1.081180 0.850543 0.644965 1.675157 0.100000 0.202422 0.347491 0.578066 0.569973 0.673873 0.805877 0.630004 0.408158 0.160993 1.009824 1.572522 0.901891 0.102257 1.308240 0.100000 0.198148 1.017831 1.039065 0.791546 0.355684 0.569668 0.100000 0.420690 0.100000 0.213352 0.457765 1.077080 0.484949 0.655673 0.728646 1.738604 0.408413 0.100000 0.727308 1.014479 1.562675 0.680592 0.281201 0.111237 0.755126 0.134758 0.731508 
0.552352 0.764544 0.100000 0.100000 0.100000 0.100000 0.237388 0.151140 1.014760 0.100000 1.404252 0.216629 0.550791 0.531189 0.100000 0.776104 0.100000 0.100000 0.763924 1.694370 0.788743 0.100000 0.100000 1.632310 0.277064 0.100000 0.100000 1.182780 0.510817 0.100000 0.227237 0.539647 0.556732 0.187491 0.531269 0.100000 0.318224 0.673708 0.457053 0.100000 0.292740 0.836957 0.793246 0.812686 0.429894 0.100000 0.795317 0.689881 0.298508 0.387760 1.170596 0.100000 0.455547 1.230343 0.100000 0.547708 0.479389 1.457400 0.800955 0.579142 0.100000 0.615260 0.137743 0.100000 0.100000 0.100000 0.100000 1.234296 1.405238 0.100000 0.100000 0.863505 0.322530 0.100000 0.696046 
0.100425 0.150883 0.555018 0.100000 0.100000 1.740209 0.857377 0.903956 0.100000 0.898681 0.886948 0.497100 1.175761 0.100000 0.176779 1.099717 0.100000 0.415860 0.365312 0.437919 1.615881 0.564027 0.285934 0.100000 0.100000 0.100000 0.100000 0.290146 0.364445 0.976104 0.104065 1.332686 0.479454 0.647114 0.100000 0.206409 0.742776 0.100000 0.358982 0.344016 0.100000 0.100000 0.294743 0.709382 0.875720 0.103161 0.100000 0.179952 1.308479 0.691467 0.100000 0.410763 1.633678 0.100000 0.100000 0.100000 0.692379 0.205395 1.208721 1.146930 0.100000 0.625238 0.100000 0.725066 0.438387 0.243873 0.259039 0.276187 1.446435 0.125498 0.559816 0.204192 0.100000 0.128741 0.317430 
1.222691 1.143065 0.219128 0.576113 0.100000 0.422233 1.280677 0.529910 0.399066 0.343661 0.219015 0.595361 0.100000 0.632045 0.100000 0.100000 0.372322 0.160469 0.181161 0.100000 0.401220 1.037516 0.438582 0.594152 1.170563 0.100000 0.100000 0.795152 0.100000 0.635891 0.501751 0.647846 0.100000 1.895718 0.100000 0.904957 0.913916 0.100000 0.603747 0.100000 0.462153 0.185253 0.349615 1.215506 0.100000 0.120969 0.560995 0.726833 0.520545 0.674537 0.379223 0.638247 0.194424 0.937760 0.100000 0.556205 0.980059 0.100000 0.100000 0.281008 0.100000 0.836464 0.100000 0.461204 1.304006 0.244342 0.100000 0.100000 0.100000 0.592973 0.525278 0.100000 0.100000 0.234028 0.100000 
1.173801 0.100000 0.100000 0.349810 0.780991 0.472232 1.249925 0.291266 0.469529 0.100000 1.434618 0.697554 0.301979 0.100000 0.100000 0.105808 0.100000 0.100000 0.293083 0.100000 0.793009 0.565752 0.100000 0.222765 0.100000 0.100000 0.614224 0.100000 1.119042 1.053932 0.800836 1.025524 0.243662 0.100000 0.983984 0.258907 1.237853 0.682495 0.489576 0.100000 0.100000 0.100000 0.292626 1.058489 0.379509 0.619675 0.100000 0.692895 0.189465 0.103175 1.006544 0.332327 0.819788 0.656008 0.100000 0.100000 0.807285 1.268870 0.504327 0.302661 0.100000 1.062693 0.274672 0.100000 0.100000 1.605849 0.100000 0.565037 0.296357 0.760319 0.135500 1.442197 0.692986 0.164829 1.145008 
0.101084 0.373522 0.116079 0.100000 0.100000 0.100000 1.145967 1.087324 0.351673 0.100000 1.030179 0.530744 0.461251 0.553691 0.355153 0.182955 0.100000 0.100000 0.100000 0.348740 1.268016 0.417599 0.100000 0.100000 0.100000 0.187533 0.725087 0.100000 0.659207 0.296835 0.100000 0.932446 0.100000 0.100000 0.100000 0.100000 0.229702 0.613225 0.254695 0.100000 0.952309 0.100000 0.632467 0.603557 0.951571 0.729033 0.528412 0.217010 0.867664 0.534050 0.958859 0.706888 1.001642 0.732973 0.100000 0.100000 0.399142 0.695427 0.528904 1.143012 1.208295 0.601533 0.231798 0.572275 0.357450 0.100000 0.348365 1.233278 0.888789 0.932894 1.197653 0.100000 0.950464 0.100000 0.240276 
1.216807 1.675153 0.291964 0.580776 0.100000 0.749032 1.018163 0.457996 1.471556 0.914035 0.573854 0.100000 0.766714 1.132264 0.100000 0.420188 0.206896 0.100000 0.100000 0.100000 1.408404 0.929423 0.950292 0.100000 0.788339 0.794178 0.627776 0.357563 0.100000 0.403502 0.893726 1.228820 0.983402 0.748357 0.100000 0.588052 0.100000 0.930138 0.313557 0.100000 0.100000 0.299847 0.100000 1.217807 0.853233 0.214551 0.315079 0.100000 0.317757 0.367339 0.882058 0.914313 0.604611 0.582799 0.218102 0.792070 1.081948 1.594193 0.617118 0.537781 0.100000 0.414369 0.162111 0.914297 0.100000 0.100000 0.100000 0.264074 1.533378 0.290177 0.956599 0.596683 0.678330 0.100000 0.616947 
0.455948 0.100000 0.276401 0.583179 1.053259 1.343070 0.366604 0.845520 0.859128 0.808348 0.386376 0.430978 0.668624 1.104611 0.100000 0.748578 0.100000 0.100000 0.425012 0.100000 0.181283 0.993770 0.854645 0.320960 0.286640 0.134638 0.571578 0.100000 1.383940 1.427978 0.339722 0.682785 0.843336 0.926445 1.106348 0.100000 0.356418 0.358753 0.360048 0.100000 0.155744 0.408440 0.279576 0.100000 1.175187 0.814325 0.174098 0.100000 0.100000 0.181008 0.628616 1.143098 0.983813 0.789071 0.327321 0.330262 1.057605 1.803449 0.100000 0.527009 0.369037 1.107478 0.368247 0.389666 0.190285 0.100000 0.100000 0.301872 1.104355 0.100000 0.720886 0.100000 0.100000 0.100000 0.100000 
0.373557 0.360771 0.510023 0.100000 1.032689 0.123861 0.772595 0.801597 1.374097 0.767473 0.510399 0.100000 0.686400 0.289179 0.761671 0.222856 0.479004 0.324968 1.339436 0.466539 0.725743 0.277577 0.542102 0.398304 0.100000 0.883140 0.100000 0.568409 0.100000 0.122303 1.523197 1.256798 0.315914 0.100000 0.100000 0.561436 0.851602 0.100000 0.100000 0.100000 0.688508 0.395977 0.100000 0.100000 1.075904 0.100000 1.181014 0.100000 0.261963 1.022307 1.098676 1.535098 0.100000 0.286923 0.100000 0.644321 1.074946 0.995803 0.100000 0.753659 0.593712 0.905172 0.860805 1.090492 0.521852 0.100000 0.195510 0.210994 1.281967 0.336912 0.311220 0.100000 0.100000 0.100000 0.172093 
0.363500 0.100000 0.307682 0.250480 0.100000 1.275154 0.865113 0.934494 0.544215 0.481664 1.620441 0.686324 0.100000 0.100000 0.494540 0.279092 0.178533 0.510485 0.100000 0.369255 1.622994 1.011832 0.888617 0.499967 0.574310 0.795214 0.118429 0.100000 1.249442 0.133825 0.756535 0.990999 0.100000 0.472269 0.394432 0.454870 1.553854 0.100000 0.426381 0.588242 0.100000 0.552374 0.380949 1.242461 0.100000 0.373496 0.100000 0.100000 0.100000 0.672866 0.100000 0.857295 0.100000 0.996236 0.100000 0.171203 0.169834 1.552362 0.224920 0.988034 0.100000 2.075406 0.239114 1.285523 0.100000 0.100000 0.760908 0.322640 0.941107 0.100000 0.387461 0.100000 0.127548 0.510755 0.157639 
1.009853 1.123908 0.100000 0.909906 0.751801 0.601502 1.330461 0.748246 0.515584 1.504329 0.582253 0.783366 0.330262 0.723531 0.197229 0.774850 0.100000 0.346149 0.786480 0.803055 0.981817 0.100000 1.033477 0.100000 0.192030 0.100000 1.428384 0.433500 1.425142 0.475514 1.530921 1.520983 0.243368 0.629496 0.145292 0.680470 0.100000 0.100000 0.100000 0.336131 0.439507 0.100000 0.100000 0.889476 0.699523 0.100000 0.369900 0.242342 1.214303 1.472726 1.017209 1.121846 0.793385 0.235668 0.100000 0.961910 0.100000 1.025857 0.590800 0.100000 0.248074 0.497130 0.209781 0.395443 0.100000 0.100000 0.393415 1.573223 0.802162 0.100000 1.801801 0.100000 0.897610 0.716850 0.907570 
0.100000 0.999728 0.100000 0.527407 0.100000 0.843107 0.211897 0.100000 1.197398 1.555125 0.507412 1.338645 0.537858 0.840620 0.100000 0.196572 0.100000 0.100000 0.112984 0.574290 1.220608 0.349203 0.730170 0.526615 0.100000 0.658483 0.588341 0.472535 0.257505 0.806804 1.112246 1.731294 0.100000 0.187950 0.100000 0.873187 0.100000 0.100000 0.133986 0.519504 0.100000 0.100000 0.813134 0.978055 1.027634 0.432574 0.231041 0.819349 0.720960 0.100271 0.630140 0.974181 0.762869 0.100000 0.172225 0.464710 0.425801 0.275810 0.100000 1.159099 0.100000 0.100000 0.390377 1.311828 0.955895 0.100000 0.155088 1.202006 1.090773 0.565948 1.092918 0.420781 0.100000 0.100000 0.870044 
0.100000 0.100000 0.762061 0.100000 0.476636 0.290622 2.089995 0.500066 0.988057 2.032637 0.568443 0.636551 0.885909 0.100000 0.100000 1.085729 0.609518 0.100000 0.236560 0.100000 1.084076 0.100000 1.320177 0.100000 0.100000 0.100000 0.914650 0.100000 0.100000 0.465686 1.006992 0.851110 0.783981 0.100000 0.100000 0.713566 0.100000 0.100000 1.104616 0.100000 0.286880 0.276957 0.254941 0.635194 1.055251 0.195653 1.217890 0.718217 0.350671 1.187215 0.332138 1.098219 1.534431 0.100000 0.348688 0.420324 0.927730 1.225891 0.501736 0.307267 0.721170 1.255182 0.549723 0.883549 0.100000 0.278612 0.141380 0.100000 0.100000 0.780241 0.334630 0.100000 0.100000 0.100000 0.548495 
0.817083 0.640420 0.100000 0.359138 0.100000 0.213823 0.683918 0.856675 0.871574 0.100000 0.100000 0.943848 0.100000 0.837206 0.904360 0.170299 0.537404 0.258103 0.100059 0.100000 0.588099 0.100000 0.100000 0.573420 0.100000 0.842880 0.344741 0.746882 0.659916 0.298056 0.848255 0.100000 0.100000 1.122873 0.100000 0.100000 0.100000 0.100000 0.100000 0.100000 0.614061 0.759059 0.190668 0.757999 0.831125 0.275065 0.997065 0.470456 0.100000 0.812078 0.945873 1.123923 0.946576 0.100000 0.458174 0.100000 0.100000 0.927823 0.100000 0.385270 0.100000 0.934643 0.100000 1.597756 0.100000 0.115916 0.671804 0.390565 0.100000 0.218831 0.771659 0.452271 0.609320 0.561842 0.100000 
