69 Number of operations
26 Number of workers
Standard production times
0.290051 0.119425 0.716550 0.190971 0.451519 0.100000 0.100000 0.336942 0.571636 0.414269 0.100000 0.116889 0.577166 0.526380 0.408052 0.219375 0.435065 0.438886 0.292950 0.555470 0.434268 0.311430 0.740981 0.584869 0.139028 0.323885 0.251275 0.312576 0.314710 0.676281 0.419674 0.326109 0.145356 0.602997 0.103788 0.342580 0.388635 0.242379 0.413542 0.192219 0.347265 0.507650 0.705652 0.791335 0.495640 0.423869 0.228507 0.247610 0.527861 0.409505 1.022967 0.293508 0.469117 0.314897 0.100000 0.751079 0.347161 0.569259 0.817347 0.505296 0.596762 0.100000 0.221035 0.466013 0.609718 0.669980 0.649135 0.261762 0.656215 
Production times: workers row and ops columns
0.418904 0.100000 1.505621 0.103415 0.100000 0.100000 0.196540 0.960840 0.546976 0.100000 0.100000 0.421899 0.100000 0.423997 0.100000 0.240152 0.448480 0.118323 0.108292 0.100000 0.446540 0.100000 0.589523 0.299660 0.100000 0.100000 0.324536 0.100000 0.100000 0.106229 0.123452 0.767110 0.534775 1.352514 0.875243 0.118714 0.100000 0.100000 0.100000 0.100000 0.615394 1.157542 0.752742 0.649751 0.297784 0.100000 0.100000 0.100000 0.280906 0.338782 0.585631 0.816946 0.604035 0.519355 0.100000 0.806453 0.634361 0.912574 1.679232 0.100000 0.100000 0.123199 0.182769 0.887059 0.793418 0.414333 0.281406 0.131336 1.243071 
0.422377 0.100000 1.245463 0.278618 1.330485 0.100000 0.357485 0.100000 1.460956 0.871713 0.507873 0.472598 0.491511 0.424644 0.619136 0.897817 0.329453 1.100243 0.100000 0.507712 0.281508 0.425911 0.491212 0.572509 0.100000 0.276326 0.383591 0.100000 0.280558 1.185719 0.423737 0.100000 0.285694 0.989299 0.100000 0.306208 0.630515 0.705438 0.100000 0.325695 0.292325 0.154566 0.309985 0.600203 0.758300 0.516645 0.894465 0.431525 0.100000 0.347701 0.746286 0.817335 0.578729 0.100000 0.503616 0.556865 0.100000 1.228988 0.314638 0.275470 0.703499 0.100000 0.100000 0.100000 0.264979 0.684076 0.436894 0.349745 0.126811 
0.147267 0.100000 0.148466 0.655007 0.498533 0.853806 0.664261 0.400786 0.535922 0.124626 0.348502 0.685349 0.948578 1.019082 0.752285 0.100000 0.541788 0.154739 0.341548 0.100000 0.406021 0.770565 0.863020 0.709878 0.201873 0.100000 0.100000 0.224968 0.100000 0.100000 1.448709 0.358581 0.100000 1.072285 0.201978 0.474634 0.100000 0.100000 0.100000 0.425949 0.501939 0.510934 0.854095 1.066441 0.100000 0.100000 0.114437 0.100000 0.780874 0.100000 0.869765 0.233081 0.935639 0.716841 0.912739 0.378406 0.559430 0.607846 0.277557 0.100000 0.948748 0.100000 0.255650 1.228540 0.363402 0.732470 0.891509 0.233848 1.049696 
0.100000 0.344631 0.673715 0.726853 0.727542 0.596693 0.100000 1.558187 1.107899 0.292310 0.373966 0.538067 0.889202 0.100000 0.100000 0.316821 1.034209 0.388274 0.100000 0.101133 0.100000 0.630759 0.852259 0.727649 0.100000 1.201044 0.117965 0.258905 0.100000 0.681968 0.100000 0.402870 0.200051 0.961437 0.100000 0.555581 0.100000 0.100000 0.100000 0.198060 0.100000 0.300317 1.642542 1.348852 0.250894 0.362042 0.100000 1.092919 0.379130 0.283205 1.255394 0.552747 0.996114 1.127586 0.567222 1.557844 1.268474 0.766083 0.757710 0.501407 0.613541 0.977516 0.659213 0.314620 0.660019 1.152653 1.211280 0.100000 0.775922 
0.752712 0.100000 0.730065 0.688448 0.246268 0.204860 0.649426 0.524480 0.827982 1.326835 0.306849 0.421436 1.527007 1.030006 0.907593 0.206161 0.954693 1.335857 0.296857 1.270960 0.213019 0.471787 1.028651 0.356912 0.100000 0.100000 0.100000 0.509749 0.653919 0.506027 0.439554 0.831503 0.433681 0.426435 0.100000 0.329887 0.317817 0.336965 0.607211 0.374895 0.100000 0.549618 0.798056 1.271724 1.250009 0.100000 0.103405 0.100000 0.100000 0.207474 0.423166 0.186479 0.439383 0.838213 0.100000 0.406158 0.100000 0.831585 1.180057 0.575986 0.538639 0.100000 0.100000 0.100000 0.926318 1.328823 0.201656 0.569914 1.125729 
0.100000 0.100000 0.989454 0.100000 0.236888 0.100000 0.177241 0.100000 0.898088 0.100000 1.122417 0.100000 1.070187 0.358851 0.100000 1.306111 0.137714 0.265777 0.737523 1.065864 0.289128 0.269210 1.111599 0.818296 0.900197 0.461492 0.100000 0.161310 0.100000 1.679555 0.946437 0.998324 0.100000 0.368123 0.100000 0.450352 1.073057 0.100000 0.100000 0.100000 0.695995 0.100000 0.941507 0.996839 0.474061 0.510027 0.100000 0.221334 0.100000 0.100000 1.316067 0.408790 0.772115 0.100000 0.357223 1.196487 1.159857 0.691705 1.889710 0.481977 0.213046 1.288623 0.100000 0.375921 0.296124 0.430805 1.351790 0.289446 1.024706 
0.100000 0.100000 0.519042 0.122913 0.902886 0.100000 0.173200 0.426158 0.556439 0.450423 0.100000 0.100000 0.468171 0.812651 0.743745 0.611471 0.100000 0.404624 0.451535 0.837131 1.505844 0.100000 1.065330 0.145771 0.252791 0.900290 0.670634 0.424093 0.427611 1.118658 0.747216 0.648752 1.372692 1.062094 0.100000 0.100000 1.350105 0.100000 0.585838 0.380952 0.241790 0.782401 1.191660 1.457974 0.832111 0.100000 0.198263 0.418802 0.409156 0.206390 1.327659 0.100000 0.212649 0.329613 0.100000 1.500010 0.623452 0.125809 0.100000 0.842404 0.673886 0.100000 0.894667 0.100000 0.154256 0.700311 1.003128 0.137819 0.419736 
0.100000 0.100000 0.596629 0.437021 0.522427 0.100000 0.100000 0.412848 0.223589 0.100000 0.657644 0.100000 0.100000 0.428350 0.825825 0.439431 1.333620 0.100000 0.100000 0.377325 0.100000 0.823679 1.019195 0.776579 0.100000 0.360968 0.506962 0.100000 0.597075 1.180275 1.455232 0.277581 0.100000 0.532757 0.100000 0.875672 0.518315 0.568444 1.566108 0.444617 0.695206 0.100000 0.316422 1.359076 1.302220 0.338503 0.100000 0.732139 0.572730 0.100000 1.113986 0.100000 0.706187 0.407970 0.100000 0.672653 0.182256 0.769021 0.349431 0.288059 0.187309 0.143282 0.817976 0.836025 0.100000 0.181947 0.201778 0.100000 0.189402 
0.106081 0.164052 0.713069 0.184690 0.100000 0.189741 0.613261 0.100000 1.571890 1.316549 0.100000 0.100000 0.497380 0.842735 0.100000 0.100000 1.224415 0.564788 0.375144 0.678545 0.100000 0.434046 1.515787 0.353748 0.129079 0.100000 1.604459 1.096277 0.528398 0.155015 0.118617 0.100000 0.174573 0.100000 0.208363 0.100000 0.227845 0.379643 0.329845 0.422608 0.879381 1.141243 0.862884 0.940164 1.454299 0.728465 0.101699 0.247245 0.564832 1.334463 1.192964 0.147818 0.765357 0.735017 0.122391 0.850886 0.345648 0.543220 1.989352 1.250345 0.708006 0.411179 0.134582 0.272482 0.100000 0.547438 0.584683 0.100000 0.750454 
0.100000 0.246258 1.077266 0.100000 0.793971 0.100000 1.646370 0.100000 1.433438 0.800089 0.772085 0.233538 0.859088 0.351669 0.100000 0.460034 0.440700 0.785146 0.902280 0.150572 0.100000 0.449223 0.361820 0.347990 0.671370 0.259265 0.100000 0.100000 0.100000 0.538286 1.259790 0.221531 0.100000 1.376273 0.524248 0.861675 0.100000 0.100000 0.100000 0.100000 0.100000 0.289203 0.932279 0.444394 0.788678 0.972041 0.100000 0.100000 1.307669 0.775987 0.175136 0.100000 0.100000 1.054623 0.100000 0.775652 0.912759 0.100000 0.468931 1.315972 0.759926 0.100000 0.749427 0.267290 1.061473 0.605614 1.373909 0.100000 0.532115 
0.141353 0.100000 1.455301 0.100000 0.426986 0.100000 0.100000 0.100000 0.757169 0.181032 0.100000 0.100000 0.139583 1.178753 1.344912 0.168695 0.100000 0.577851 0.100000 1.325509 0.422561 0.100000 0.667474 0.191127 0.233522 0.100000 0.448137 0.384596 0.369217 0.100000 0.240488 0.596263 0.100000 0.828194 0.686488 0.100000 0.450308 0.100000 0.751590 0.474971 1.240356 0.311116 0.894805 0.245797 0.100000 0.167377 0.100000 0.571564 0.470531 0.100000 0.652641 0.306278 0.100000 0.129340 0.100000 0.891987 0.362584 0.836793 0.592908 0.100000 0.100000 0.100000 0.288129 0.610243 0.571397 0.472504 0.100000 0.671920 1.673208 
0.319246 0.100000 1.947595 0.181981 0.301226 0.550436 0.100000 1.066970 0.679650 1.277769 0.426864 0.171365 1.200190 0.468769 0.546788 0.279998 1.262532 0.324654 0.100000 1.299656 1.064842 0.227933 0.394817 0.594047 0.100000 0.614632 0.100000 0.100000 0.100000 1.349029 1.074317 0.592980 0.297180 0.328545 0.100000 0.624838 0.100000 1.082628 0.100000 0.100000 0.565306 0.544402 1.434978 1.193684 0.100000 0.100000 1.180722 0.100000 0.397036 0.746028 1.145460 0.615912 0.333171 0.677250 0.121457 0.960405 0.815232 1.044848 1.011971 0.452456 0.964684 0.134345 0.100000 0.680580 0.428812 0.827710 0.730136 0.668564 0.642009 
0.836436 0.100000 0.181524 0.125037 0.304411 0.100000 0.603748 1.035551 0.100000 0.100000 0.122093 0.100000 0.100000 0.761368 0.854841 0.882630 0.672859 1.063778 0.433085 1.427760 0.100000 0.873924 0.511861 0.573457 0.409437 0.279926 0.800971 0.100000 0.100000 0.911539 0.163048 0.100000 0.100000 0.842794 0.655191 0.318968 0.496462 0.938325 0.697787 0.100000 0.194645 1.231004 0.511389 1.372862 1.036039 0.409807 0.410285 0.464649 1.194007 0.419336 1.624525 0.269779 0.245726 1.089393 0.100000 0.217275 0.679163 0.464318 0.925088 0.593556 0.830782 0.727596 0.399644 0.665769 0.502406 0.202645 0.100000 0.165240 0.586845 
0.100000 0.205997 0.242796 0.100000 0.298099 0.809972 0.648047 0.100000 1.355976 0.100000 0.120009 0.100000 0.913823 0.406249 0.102843 1.065960 0.110980 0.601489 0.100000 0.271196 0.254745 0.311095 0.942803 0.216849 0.100000 0.100000 0.427955 0.196964 0.100000 1.288567 0.968375 0.100000 0.100000 0.864094 0.367416 0.100000 0.605850 0.217272 0.570699 0.561927 0.548261 0.491186 0.207277 0.255871 0.590860 0.493186 0.100000 0.147214 0.230741 0.223217 1.120823 0.100000 0.100000 1.221884 0.100000 0.100000 1.034253 0.408744 1.081686 0.770959 0.100000 0.100000 0.100000 0.602562 0.196675 0.511038 0.562092 0.811967 0.100000 
0.357989 0.100000 0.100000 0.255457 0.493956 0.100000 0.100000 0.881580 0.922038 0.610346 0.298805 0.201366 0.277153 1.537744 0.743154 0.100000 0.275673 1.738721 1.013244 1.109935 0.119158 1.417175 1.803315 0.593090 0.640418 0.889005 1.209887 0.880827 0.100000 0.466839 0.584501 0.100000 0.886213 0.694919 0.823767 0.130676 0.517792 0.100000 0.100000 0.224010 0.272436 0.919491 1.028241 1.450135 0.871027 0.701938 0.100000 0.160194 0.189122 0.100000 1.346183 0.207144 0.100000 0.100000 0.100000 0.744413 1.000025 0.782859 1.393399 1.039890 0.475164 0.645964 0.410763 0.285337 0.836322 1.063800 0.100000 0.100000 0.588946 
0.783014 0.533678 0.100000 0.576968 0.100000 0.952577 0.260944 0.685136 0.218888 0.341985 0.201989 0.100000 1.169541 0.526412 0.783814 0.491376 0.296297 0.100000 0.100000 0.100000 0.703248 0.100000 1.853259 0.524289 0.477864 1.006848 0.112000 0.247320 0.604264 0.100000 1.365218 0.774227 1.268742 1.127974 0.480829 0.100000 0.100000 0.431335 0.437299 0.100000 0.300543 1.216479 0.949246 1.328732 0.375190 0.100000 0.100000 0.525255 0.100000 0.557886 0.827576 0.100000 0.100000 0.100000 0.100000 0.100000 0.780631 0.530258 0.100000 0.451823 0.100000 0.100000 0.228012 0.100000 0.130420 0.459560 0.410577 0.697314 0.855200 
0.100000 0.638381 0.100000 0.258610 0.813394 0.829096 0.100000 0.100000 1.423256 0.639466 0.100000 0.100000 0.160195 0.613181 0.100000 0.100000 0.692236 0.507932 0.294411 1.620102 0.461233 0.100000 0.100000 1.407781 0.753003 0.379532 0.380597 0.100000 0.115302 0.100000 0.100896 0.100000 0.100000 0.314996 0.100000 0.978161 0.970327 0.100000 0.567499 0.459077 0.712095 0.456947 0.465883 1.359961 0.407027 0.100000 0.100000 0.556392 0.100000 0.977768 0.976447 0.100000 0.100000 0.417541 0.100000 0.204521 0.280834 0.880234 1.425009 0.357560 0.485995 0.100000 0.210968 0.203613 1.429405 0.209785 0.593207 0.100000 0.676559 
0.315555 0.196086 1.743327 0.201200 0.739063 0.473694 1.125291 0.562937 0.127768 0.994412 0.100000 0.216026 0.636484 0.565341 0.596488 0.591452 0.624125 0.100000 0.550024 0.262354 1.189115 0.632486 0.940639 1.290667 0.236276 0.647005 0.227319 0.869592 0.774880 0.100000 0.241263 0.190156 1.177112 0.234831 0.174910 0.981039 1.079702 0.100000 1.155824 0.100000 1.060146 0.256827 1.239395 1.769791 0.100000 1.015155 0.100000 0.100000 0.774975 0.100000 1.435862 0.345942 0.309011 0.546192 0.606769 0.595432 0.655753 0.614034 0.373388 0.717399 1.117569 0.100000 0.100000 0.427715 0.929403 0.528315 0.100000 0.435413 1.172691 
0.581927 1.166429 0.100000 0.471672 0.304445 0.100000 1.101318 0.100000 0.100000 0.100000 0.100000 0.100000 1.258980 0.100000 0.100000 0.330765 0.864508 0.676787 0.492796 0.100000 0.100000 1.004163 0.559868 0.804960 0.270437 0.100000 0.175239 0.785678 0.340593 1.004798 0.996445 1.677813 0.431404 0.100000 0.153704 0.562216 0.791153 0.593689 0.723720 0.100000 0.377882 0.838509 0.723164 1.182264 0.193102 0.100000 0.163184 0.100000 0.329933 0.759165 1.333866 0.302868 0.287466 0.100000 0.301605 0.696284 0.453758 0.985608 1.794046 0.100000 0.100000 0.100000 0.589085 0.100000 1.442044 1.407337 0.100000 0.100000 0.830700 
0.248393 0.100000 0.476367 0.779855 0.558281 0.100000 0.100000 0.862163 0.107172 0.371215 0.797387 0.228552 0.100000 0.422618 0.100000 0.100000 0.734788 0.100000 0.313052 0.303378 0.100000 0.100000 0.100000 1.197858 0.100000 0.557206 0.100000 0.366859 0.346788 0.679671 0.430810 0.100000 0.100000 0.591912 0.337336 1.203898 0.691856 0.266229 0.256231 0.660865 1.001045 0.678755 0.642284 0.999708 0.100000 0.201872 0.752870 0.624410 0.414930 0.883210 0.708621 0.626835 1.134664 0.630217 0.100000 0.729753 0.100000 0.474969 0.701774 0.793866 0.100000 0.100000 0.100000 0.716283 1.153894 0.100000 0.378132 0.840522 1.166146 
0.271710 0.100000 1.438311 0.358118 0.392230 0.317636 0.100000 0.100000 0.100000 0.353118 0.100000 0.100000 1.531148 0.873993 0.100000 0.502512 0.100000 0.100000 0.614559 0.100000 0.244009 0.100000 0.287447 0.472959 0.100000 0.100000 0.854574 0.173440 0.568606 0.458366 1.004619 0.412395 0.100000 0.212278 0.100000 0.290702 0.421528 0.726076 0.614118 0.429519 0.427930 0.919858 1.250172 1.405491 0.397537 0.778924 0.421915 1.022033 0.576851 0.570905 2.006245 0.100000 0.405431 1.497332 1.018102 0.789659 0.536269 0.100000 1.129629 1.581120 1.225660 0.242369 0.303166 0.884993 1.435503 0.610063 0.314426 0.100000 1.182347 
0.100000 0.100000 0.814697 0.100000 0.152420 0.100000 0.204405 0.405664 0.100000 0.802532 0.252002 0.100000 1.223047 0.100000 0.100000 0.960262 0.464520 0.535647 0.100000 0.248837 0.960070 0.399431 0.100000 0.100035 0.564587 0.100000 0.773920 0.845558 0.100000 1.289464 0.258714 1.227592 0.602435 0.100000 1.098496 0.378943 0.303788 0.100000 0.610558 0.733238 0.577241 0.649264 1.092291 1.567262 0.585472 0.124868 0.468825 0.445309 1.054869 0.423539 0.710866 0.100000 0.402691 0.355611 0.745981 0.177673 0.756095 1.395297 0.649555 1.271638 0.100000 0.100000 0.574149 0.717898 1.788521 0.784231 0.775823 0.540136 1.557256 
0.100000 0.459380 0.565061 0.100000 0.676082 0.100000 0.348689 0.335855 0.100000 0.100000 0.100000 0.100000 1.433082 0.392469 0.784494 0.100000 0.100000 0.555384 0.178850 0.100000 0.688217 0.100000 0.629540 0.100000 0.671813 0.634776 0.356033 0.643654 0.100000 1.180136 0.511621 0.737316 0.332510 1.040379 0.100000 0.573063 0.450745 0.608999 0.557675 0.100000 0.733668 0.350378 1.048339 0.262906 0.100000 0.969841 0.100000 0.100000 1.419100 0.100000 2.596775 0.100000 0.139802 0.100000 0.100000 0.799813 0.456344 0.601804 0.278103 0.100000 1.149303 0.843950 0.286972 0.231840 0.100000 1.067384 0.100000 0.938943 0.630105 
0.341858 0.209606 1.151262 1.155253 0.656035 0.122136 0.100000 0.100000 1.216279 0.100000 0.148700 0.100000 0.146128 0.100000 0.100000 0.100000 0.914822 0.231866 0.100000 0.720193 0.100000 0.100000 0.919553 0.125202 0.100000 0.482607 0.100000 0.100000 0.242141 1.119200 1.560862 0.543240 0.181762 0.100000 1.161140 0.944688 0.100000 0.116899 0.772328 0.100000 0.100000 0.725973 0.516902 1.492006 0.100000 0.901755 0.719472 0.100000 0.421699 0.100000 0.465247 0.100000 1.016565 0.588551 0.123880 0.100000 0.999763 1.164965 1.031033 0.609381 0.255578 0.100000 0.591860 0.506127 0.569426 0.387097 0.758988 0.720468 0.447313 
0.100000 0.100000 0.100000 0.100000 1.891351 0.477757 0.100000 0.726570 0.784298 0.383177 0.942684 0.134474 0.857907 0.822595 0.694406 0.184630 0.380791 0.802110 0.100000 0.230557 0.943757 0.100000 0.442153 1.282442 0.100000 0.100000 0.550148 0.218154 0.100000 0.290112 0.100000 0.842696 0.591251 0.100000 0.100000 0.100000 0.101576 0.231453 1.274549 0.107371 0.100000 0.565279 0.835842 0.533450 0.100000 0.301324 0.100000 0.100000 0.771258 0.663015 1.803397 0.548600 1.421395 1.667585 0.100000 1.604578 0.100000 1.382211 0.883083 0.574293 0.100000 0.100000 0.469238 0.185280 0.100000 0.720597 0.576558 0.100000 1.129529 
1.004568 1.065076 1.034158 0.100000 0.872704 0.100000 0.100000 0.437580 0.100000 1.370249 0.945728 1.112706 0.835985 0.654152 0.376335 0.588872 0.137935 0.100000 0.100000 0.545871 0.656532 0.278730 0.539156 0.215024 0.414555 0.803567 0.100000 0.424056 1.357126 1.351431 0.681813 0.541656 0.598890 0.849484 0.179588 0.176903 0.646670 0.100000 0.647236 0.712806 0.499725 0.698626 0.516638 1.315542 0.100000 0.231183 0.485597 0.541268 0.962184 0.752915 0.919088 0.100000 1.053098 0.331582 0.100000 1.696399 0.764572 0.100000 1.059916 0.962276 1.076981 0.100000 0.100000 0.767601 0.292648 0.433319 0.408908 0.376846 0.267387 
