82 Number of operations
24 Number of workers
Standard production times
0.758289 0.310680 0.319830 0.636510 0.433248 0.242470 0.495615 0.333146 0.155102 0.679334 0.513333 0.528611 0.100000 0.333200 0.100000 0.125898 0.562921 0.701904 0.100000 0.400021 0.392372 0.621459 0.657750 0.580026 0.451622 0.581967 0.332122 0.462250 0.326292 0.365604 0.257092 0.243000 0.100000 0.721426 0.100000 0.326676 0.278157 0.235251 0.414205 0.639845 0.692901 0.804055 0.315946 0.596343 0.294318 0.380553 0.368350 0.307929 0.457010 0.604325 0.595798 0.244798 0.337820 0.595368 0.428632 0.201839 0.394480 0.373678 0.100000 0.671133 0.481582 0.251420 0.519675 0.537973 0.204011 0.487060 0.419509 0.361847 0.230737 0.146923 0.402561 0.479134 0.605022 0.538448 0.734895 0.157840 0.228766 0.677679 0.307584 0.475906 0.632834 0.374194 
Production times: workers row and ops columns
1.192338 0.100000 0.352750 0.526227 0.155000 0.100000 0.100000 0.100000 0.729906 0.338742 0.100000 0.343589 0.303113 0.100000 0.899435 0.100000 0.482331 0.135894 0.396026 0.522731 0.100000 0.100000 0.601781 0.216226 0.446437 0.628508 0.100000 0.374819 0.897299 0.100000 0.587826 0.478540 0.131492 0.100000 0.100000 0.100000 0.691796 0.584508 0.151906 0.348444 0.798945 1.388261 0.729941 1.423272 0.100000 0.324285 0.837161 0.100000 0.610605 0.593976 1.326583 0.100000 0.147007 0.807867 0.385662 0.100000 0.745999 1.101689 0.100000 0.638196 0.903638 0.100000 0.949135 0.445979 0.100000 1.332497 0.931742 0.458431 0.133025 0.246258 0.100000 1.123978 0.100000 0.100000 0.742739 0.551396 0.333856 0.610775 0.100000 0.667131 0.100000 0.377898 
0.653053 0.120300 0.734549 0.997231 0.124070 0.100000 0.743635 0.100000 0.421543 0.100000 0.795724 0.117712 0.988242 0.508006 0.100000 0.100000 1.037532 0.969576 0.546214 0.757669 0.300562 0.585986 0.707304 0.558786 0.676337 0.708270 0.928538 0.799800 0.100000 0.587222 0.226297 0.100000 1.348199 1.592413 0.100000 1.049413 0.627949 0.833008 0.100000 0.100000 0.276335 0.624361 0.555212 0.773016 0.100000 0.890894 0.784308 0.490090 1.162711 0.710136 0.695392 0.100000 0.329588 0.100000 0.100000 0.100000 0.100000 1.904670 0.507733 0.595250 0.480548 0.636412 0.100000 0.100000 0.100000 0.247888 1.363349 0.392942 0.295848 0.100000 0.433339 0.776797 0.100000 1.025210 0.999287 0.480779 0.732813 0.931287 0.100000 1.158117 1.900676 1.258381 
1.135418 0.100000 0.476555 1.055104 0.100000 0.144554 0.678509 1.044507 0.153776 0.840168 0.797990 1.203872 1.138060 0.902530 0.106508 0.398219 0.480029 0.389929 0.100000 0.269864 0.100000 0.737298 1.828572 0.530001 0.545260 0.456009 0.527336 0.224904 0.446580 0.793050 0.100000 0.100000 0.129565 0.609733 0.191595 0.133027 0.100000 0.572336 0.664244 0.100000 0.645012 0.570077 0.100000 0.918206 1.007205 0.468743 0.100000 0.405853 1.261766 0.100000 0.840574 0.788986 0.117206 0.913187 0.300684 0.100000 0.737094 0.100000 0.473756 0.853812 0.745276 0.100000 0.192186 0.463140 0.157295 0.589606 0.199555 0.388034 0.100000 0.100000 0.177022 0.533797 0.573122 0.100000 0.100000 0.198407 0.100000 1.388931 0.815740 0.142482 0.710908 0.100000 
1.036205 0.937494 0.100000 1.052555 0.396035 0.454840 0.374127 0.432213 0.100000 0.100000 0.859478 0.666796 0.868495 0.166170 0.100000 0.100000 0.830595 1.007456 0.100000 0.100000 0.395386 0.100000 0.711559 0.224955 1.080262 0.813409 0.424104 0.539917 0.100000 1.235977 0.100000 0.100000 0.556717 0.710763 0.100000 0.926731 0.100000 0.411443 0.308901 0.350925 0.668514 0.509842 0.614669 0.648908 0.100000 0.100000 0.971378 0.240056 0.841200 0.100000 0.413102 0.100000 0.321181 1.403232 0.134544 0.234012 0.263112 0.628068 0.100000 1.554467 0.100000 0.596453 0.500119 0.647664 0.670595 1.505384 0.100000 0.381710 1.219667 0.100000 0.100000 0.100000 1.089839 0.100000 0.100000 1.151421 0.285512 1.278112 0.100000 0.385523 1.122870 0.607077 
1.206662 0.100000 0.100000 0.889139 0.613507 0.100000 0.100000 0.770317 0.100000 0.639422 0.403489 0.696433 0.604824 0.405729 0.315559 0.251468 1.371475 0.436613 0.100000 0.228310 0.100000 0.672767 1.370268 0.100000 0.470093 0.100000 0.538590 0.462856 0.100000 0.100000 0.100000 0.535853 0.350706 1.689801 0.100000 0.294213 0.351003 0.100000 0.177678 0.109892 1.312010 0.519092 0.100000 0.633026 0.477462 0.503330 0.100000 0.100000 0.100000 0.619239 0.816467 0.835154 0.719378 0.100000 0.470400 0.100000 0.105512 0.408592 0.895700 0.614244 1.141758 0.474546 1.150254 0.945560 0.100000 0.403604 0.100000 0.464313 0.100000 0.764302 0.881233 1.863429 0.889874 0.100000 1.320096 0.100000 0.100000 1.135371 0.179575 0.340367 0.100000 0.462404 
0.687533 0.100000 0.610365 0.100000 0.100000 0.100000 0.100000 0.192751 0.100000 0.706749 0.100000 0.100000 0.804437 0.100000 0.100000 0.314973 0.102222 0.413507 0.100000 0.269970 0.728800 0.207247 0.289660 0.849537 0.441219 0.100000 0.820398 0.841749 0.100000 0.799130 0.183658 0.100000 0.100000 1.471881 0.453071 0.711311 0.926683 0.337600 0.100000 0.978025 1.259616 1.193954 0.699500 0.389916 0.109274 0.638969 0.864344 0.100000 0.326259 0.723577 0.100000 0.100000 0.495145 0.952224 0.100000 0.425466 0.100000 0.872732 0.280242 0.580928 0.922728 0.100000 0.590625 0.483176 0.854303 0.805257 0.100000 0.532793 0.110452 0.100000 0.115063 0.100000 0.815362 0.100000 0.859063 0.530950 0.336080 0.253582 1.864227 0.100000 1.117953 0.439182 
0.100000 1.544950 0.100000 0.100000 0.100000 0.100000 0.100000 0.100000 0.100000 1.014423 0.474498 0.758716 0.477229 0.866372 0.755255 0.969035 0.296419 0.100000 0.286418 0.168772 0.591155 0.100000 0.535306 0.501222 0.525058 1.114909 0.814366 1.126640 0.103313 0.244956 0.209040 0.512092 0.450266 1.090339 0.383640 0.100000 0.100000 0.100000 0.867650 0.805502 0.411329 0.644547 1.066813 1.304080 0.100000 0.602577 0.745987 0.320517 0.922066 0.100000 0.683814 1.208214 0.306745 1.146819 0.100000 0.174152 0.318120 0.100000 0.711731 0.702048 0.630758 0.100000 0.375290 0.556684 0.100000 0.443786 0.230162 0.447420 0.100000 0.772444 0.155291 0.100000 1.045397 1.361596 0.232738 0.100000 0.100000 0.926311 1.368873 0.100000 0.829397 0.100000 
0.454883 0.100000 1.128946 0.236845 0.100000 0.100000 0.100000 1.387667 0.222965 1.531624 0.530782 0.156711 0.137074 0.529397 0.100000 0.100000 0.100000 0.987067 0.100000 0.100000 0.492696 0.768040 0.384462 0.652514 0.500696 0.486105 1.143241 0.100000 0.100000 0.645797 0.466167 0.100000 0.293504 0.100000 0.364643 0.100000 0.100000 0.100000 0.903423 0.100000 0.996497 0.850673 0.100000 1.317948 1.219564 0.361518 0.493694 0.100000 0.178724 0.157189 1.717150 0.437716 0.791036 0.343504 0.116002 0.100000 0.991911 0.272639 0.100000 1.192163 0.100000 0.439008 1.037221 1.329285 1.176291 0.100000 0.120213 1.322485 0.627952 0.502081 0.720750 0.760322 0.473875 0.100000 1.119845 0.100000 1.208664 0.686726 1.264243 0.148304 0.403845 0.340637 
1.086394 0.100000 0.445527 1.103809 0.605888 0.427030 0.100000 0.279968 0.839124 0.793549 0.290629 0.357164 0.100000 0.737641 0.100000 0.556781 0.100000 0.576427 0.100000 0.100000 0.450639 0.100000 0.100000 1.174597 0.303607 0.748809 0.444797 0.100000 1.321484 0.100000 0.342317 0.100000 0.100000 0.643009 0.785997 0.100000 0.100000 0.213431 0.881848 0.602247 0.435403 1.191783 0.879737 0.932610 0.617458 0.100000 0.100000 0.344907 0.100000 0.619359 0.263422 0.100000 0.715711 0.668333 0.100000 0.529692 0.178818 1.622333 0.563299 0.883286 0.100000 0.100000 0.100000 0.100000 0.310094 0.652885 1.539522 0.991879 0.444170 0.408590 0.564974 1.120573 0.411159 0.696411 0.935474 0.971000 0.299405 0.100000 0.742775 1.261560 0.100000 0.100000 
0.874539 0.289666 0.100000 0.625651 0.612467 0.658883 0.175698 0.100000 0.579571 0.432700 0.758478 0.219948 0.455515 0.838846 0.219523 0.171618 0.100000 1.426933 0.100000 0.444299 0.939906 0.484178 0.273891 0.100000 0.924566 0.195840 1.281070 0.661383 0.100000 1.191666 0.100000 0.525370 0.100000 0.698567 0.100000 0.817331 0.174540 0.739370 0.609269 0.100000 0.702787 1.654847 0.684523 0.599538 0.100000 0.100000 0.244590 0.100000 0.100000 0.691683 0.100000 0.609440 1.495327 1.239808 0.946705 0.100000 0.712051 0.100000 0.282396 1.936931 0.493642 0.100000 0.657819 0.787588 0.237224 0.353858 0.530614 0.100000 0.100000 0.509902 0.715631 0.178345 0.853881 0.128904 0.681552 0.401013 0.100000 0.711823 0.110854 0.564359 0.518135 0.100000 
0.512435 0.100000 0.100000 0.256613 0.554181 0.100000 1.446690 0.546110 0.517324 0.989600 0.321506 0.982692 0.100000 0.429496 0.100000 0.461443 0.662679 0.231116 0.100000 0.100000 0.193787 0.652419 0.940951 0.378505 0.100000 0.100000 0.100000 0.489571 0.100000 0.601104 0.818570 0.916582 0.256190 0.129907 0.102395 0.100000 0.100000 1.084554 0.100000 0.100000 1.470454 0.354707 0.491731 1.593990 0.100000 0.911358 0.615123 0.391955 1.003853 1.333073 1.729457 0.100000 0.342603 0.692671 0.100000 0.598696 0.462326 0.519992 1.079632 1.657050 0.565733 0.419178 0.462192 1.314198 0.100000 0.193098 0.496108 0.972003 0.100000 0.100000 0.931669 0.212595 0.333312 0.831610 0.507166 1.502570 1.183015 1.472359 0.651517 0.442131 0.100000 0.269229 
0.718866 0.355390 0.100000 0.100000 0.468965 0.419339 0.864327 0.100000 0.132719 0.566946 0.692389 0.481156 0.100000 0.170077 0.100000 0.441707 0.100000 1.237883 0.100000 0.445301 1.550675 0.911910 0.100000 0.100000 0.985921 0.186409 0.100000 0.100000 0.100000 0.114753 0.100000 0.236534 0.388893 0.232335 0.100000 0.695622 0.604339 0.443555 0.253959 0.439491 0.402958 0.757405 0.100000 0.450056 0.729035 0.160151 1.035932 0.513112 0.839352 0.892383 0.100000 0.100000 0.100000 1.254567 0.810203 0.365227 0.189512 1.652077 0.100000 0.100000 1.455585 0.662626 0.931728 0.100000 0.576401 0.429073 0.619746 0.516863 0.100000 0.100000 0.301670 0.345236 0.874806 0.121520 0.689362 0.100000 0.738621 0.409312 0.338981 0.100000 0.419733 0.460001 
1.236167 0.265951 0.464836 0.866597 0.100000 0.100000 0.295527 0.410770 0.280104 1.340383 0.994833 0.100000 0.100000 0.651127 0.100000 0.459070 0.100000 0.489631 0.100000 0.100000 0.261672 0.170174 0.700259 0.595274 1.009576 0.597143 0.578681 1.012928 0.200649 0.734313 0.279236 0.277738 0.904999 0.340672 0.100000 1.072834 0.706501 0.797578 0.438884 1.302659 0.399798 1.119445 0.210338 0.100000 0.958390 0.683998 0.100000 0.100000 0.100000 0.991505 1.446336 1.182162 1.056302 0.100000 0.432363 0.444582 0.100000 0.669505 0.100000 0.685723 0.100000 0.141796 0.940522 1.132111 0.100000 0.370265 0.261290 0.100000 0.100000 0.100000 0.163160 0.100000 0.475237 0.237646 1.304169 0.100000 0.100000 0.527570 0.100000 0.100000 1.259689 0.659096 
0.702930 0.100000 0.364793 0.100000 0.100000 0.615409 0.237004 0.374920 0.393252 0.886160 0.138203 0.948923 0.100000 0.100000 0.139509 0.675031 0.407866 0.962100 0.536132 0.673714 0.128054 0.234646 0.260423 0.906206 0.617410 0.400555 0.389414 0.100000 0.594659 0.130754 0.285995 0.100000 0.100000 0.398121 0.406049 0.100000 0.956418 0.145570 0.575636 0.656188 0.857969 0.679613 0.100000 0.102425 0.314877 0.561769 0.209504 0.988729 1.473340 0.664521 0.721193 0.772862 1.061566 0.473940 1.203009 0.812276 0.594085 0.100000 0.751994 1.526971 0.482542 0.100000 0.601040 0.484144 0.100000 0.542107 0.583528 0.100000 1.072557 0.100000 0.745849 0.100000 0.733683 0.187737 0.718242 1.188503 0.483283 0.483509 1.309043 0.207946 0.851148 0.100000 
0.854126 0.100000 0.317197 1.511125 0.716192 0.645440 0.468085 0.648239 0.155926 0.642222 1.404078 0.510151 0.100000 0.514083 0.468506 0.100000 0.846231 0.100000 0.100000 0.100000 0.486782 0.470189 1.029927 0.100000 0.744129 0.396452 0.242311 0.956783 0.288346 0.384997 0.331112 0.100000 0.100000 0.764000 0.100000 0.370287 0.100000 0.234019 0.401006 1.119687 1.597199 1.158488 0.452122 0.539889 0.246149 0.680634 0.100000 1.111365 0.404016 0.705117 1.011138 0.340854 0.321207 1.351397 0.859796 0.100000 0.379172 0.894210 0.100000 0.100000 0.195575 0.132838 1.092101 0.893291 0.962760 0.164956 0.787227 0.100000 0.298462 0.100000 0.345672 1.318852 1.243448 1.049149 0.816233 0.100000 0.100000 1.350825 0.229075 0.207886 0.996716 0.100000 
0.466509 0.100000 0.219776 0.518873 0.743775 0.100000 0.191378 0.229164 0.395469 1.133362 1.026504 0.979167 0.100000 0.100000 0.100000 0.291395 0.224169 0.100000 0.267945 0.505286 0.694831 0.475389 0.100000 0.600074 0.100000 1.692005 0.411937 0.100000 0.100000 0.100000 0.321436 0.293201 0.100000 0.846378 0.100000 0.100000 0.508604 0.100000 0.304909 0.100000 0.327392 0.970624 0.100000 0.100000 0.203541 0.809201 0.341662 0.100000 0.213071 0.186690 0.457566 0.275494 0.264376 0.876290 0.100000 0.533845 0.145291 0.100000 0.100000 1.610249 0.980137 0.822074 0.100000 0.130250 0.100000 0.100000 0.434228 0.177552 0.223276 0.100000 0.343024 0.180845 0.284965 0.100000 1.165203 0.100000 0.100000 0.100000 0.961303 0.993169 0.189276 0.436261 
0.100000 0.100000 0.265644 0.614466 0.162898 0.733136 0.787887 0.100000 0.100000 1.256000 1.194084 0.100000 0.701503 0.883445 0.100000 0.100000 0.535552 0.381534 0.100000 0.873648 1.274602 0.357466 1.221927 0.264062 0.662191 1.169275 0.236671 0.339369 0.100000 0.100000 0.350887 0.100000 0.506263 0.100000 0.821567 0.481674 1.254836 0.100000 1.124456 0.351536 1.166417 0.809447 0.100000 0.396437 0.100000 0.862981 0.113242 0.375708 1.386642 0.573880 0.804929 0.100000 1.022272 0.506739 0.100000 0.100000 0.100000 0.100000 0.409831 0.760032 0.589912 0.411081 0.318857 0.797858 0.759359 0.677976 0.729388 1.227842 1.339621 0.315892 0.931329 0.575461 1.447517 0.150669 0.752138 1.137953 0.100000 1.072064 0.425380 0.100000 0.721070 0.468406 
0.540537 0.100000 0.100000 0.859434 0.476364 0.591656 0.196411 0.715304 0.737631 0.100000 0.408080 0.852438 1.032750 0.557908 0.100000 0.100000 0.100000 1.059421 0.935176 0.306900 1.164771 0.798910 1.006281 0.421533 0.627203 0.353648 0.809117 0.100000 0.100000 0.520105 0.100000 1.232027 0.100000 1.813480 0.517105 1.523281 0.455400 0.541174 0.100000 0.958212 0.149282 0.173070 0.357976 0.100000 0.100000 0.120031 0.232478 0.428293 0.123732 0.498263 0.875965 0.512674 0.178255 0.120154 0.752462 0.393571 0.100000 0.437188 0.100000 0.597434 0.851788 0.130035 0.100000 0.624544 0.297893 0.193762 0.739561 0.100000 0.100000 1.154944 0.100000 0.828597 0.545093 0.117362 0.100000 0.100000 0.100000 0.506715 0.102649 1.212755 0.310227 0.687686 
0.692416 0.117506 0.906988 0.997743 0.100000 0.100000 0.100000 0.100000 0.100000 0.346059 0.318961 1.960153 0.261457 0.824022 0.100000 0.100000 1.240677 1.163010 0.396331 0.391556 0.570628 0.370792 0.474724 0.890906 0.221050 1.130933 1.069681 0.382536 0.100000 0.687619 0.100000 1.207217 0.100000 0.295937 0.100000 0.100000 0.100000 0.292345 0.679596 1.008325 0.553579 0.182039 0.100000 0.272773 0.100000 1.369232 0.100000 0.640065 0.100000 0.292950 0.986802 0.699393 0.795697 0.511183 0.240157 0.100000 1.021683 0.100000 0.601614 0.730484 0.100000 0.100000 0.415520 0.106267 1.096726 0.406452 0.100000 0.378776 1.023200 0.402804 0.935751 0.202162 1.676036 0.100000 0.805756 0.773137 0.100000 0.802552 0.230785 0.469349 0.393032 0.356282 
0.600633 0.147038 0.252288 0.352370 1.027119 0.264094 0.205379 0.100000 0.188312 0.100000 0.123746 0.100000 0.187606 0.392541 0.599665 0.119627 0.540602 0.484301 0.347038 0.272422 0.711305 0.343341 0.292774 0.833022 0.569731 0.100000 0.100000 0.457606 0.100000 1.370269 0.182722 0.457986 0.197402 0.395727 0.570207 0.334756 0.100000 0.894039 0.408044 0.594187 0.888889 0.100000 0.105776 0.410330 0.385810 0.360699 0.889599 0.161797 0.482447 0.545830 0.794737 0.456481 0.472947 0.995556 0.100000 1.534966 0.246762 0.100000 0.140384 0.489642 0.887455 0.137363 0.762798 0.746323 0.689370 0.253493 1.023831 0.712492 0.594119 0.100000 0.100000 0.240386 0.784506 0.995451 0.409271 0.100000 0.100000 0.846389 0.478046 0.100000 0.100000 0.390992 
0.100000 0.100000 0.100000 1.050366 0.264091 0.551397 0.224068 0.356255 0.100000 1.554281 0.396494 0.100000 0.100000 0.100000 0.448511 0.238033 0.263645 0.721399 0.392050 0.431140 0.568586 1.186663 0.778175 0.100000 0.669034 0.468985 0.226001 0.100000 0.413489 1.134657 0.724022 0.547006 0.169317 0.915423 0.176740 0.692992 0.987379 0.707314 0.160272 0.763838 0.789095 0.596745 1.293269 0.831152 0.620115 0.100000 0.299965 0.630280 1.160470 0.996270 1.216540 0.100000 0.914500 0.100000 0.100000 1.105781 0.100000 0.414614 0.100000 0.742908 0.459092 0.100000 0.252118 0.587694 0.196934 0.100000 0.518419 0.964805 0.405396 0.100000 0.571503 0.100000 0.742059 0.350661 0.676358 0.458249 0.100000 0.334653 0.303517 0.471172 0.100000 0.100000 
0.826568 0.105160 0.657549 0.100000 0.571424 0.415519 0.910499 1.085867 0.100000 0.431244 0.998883 0.945092 0.100000 0.100000 0.100000 0.100000 0.813594 0.100000 0.100000 0.127316 0.384029 0.674912 0.100000 0.100000 0.100000 0.116833 0.100000 0.655356 0.538803 0.307118 0.279019 0.433580 0.100000 0.351688 0.522859 0.157248 0.394653 0.100000 0.100000 1.313891 0.353519 0.792849 0.227048 0.435278 0.100000 0.100000 0.100000 0.623061 0.398152 0.100000 0.100000 0.131820 1.181318 0.786516 0.424094 0.935471 0.816307 0.424412 0.100000 1.195170 0.100000 0.100000 0.166662 0.245909 0.449821 0.936057 0.100000 0.100000 0.176878 0.100000 0.337755 0.969516 0.573149 1.016985 0.563169 0.118635 0.735323 0.871704 0.100000 0.350329 0.350462 0.625588 
0.829692 0.633348 1.027582 1.481633 0.431194 0.100000 0.133367 0.444386 0.100000 0.931857 0.629769 0.201061 0.100000 0.100000 0.587364 0.100000 0.559242 0.100000 0.100000 0.100000 1.207054 0.100000 0.159634 0.100000 0.365808 2.023034 0.100000 1.283819 0.100000 0.287277 0.100000 0.112592 0.266725 0.219450 0.539260 0.203362 0.100000 0.100000 0.196604 0.100000 1.173963 1.524877 0.281239 0.650332 0.420573 0.936136 0.100000 0.100000 0.452211 1.031854 0.409816 0.234672 0.842962 0.100000 0.667676 0.106213 0.227064 1.257054 0.100000 1.110827 0.100000 0.100000 0.428724 1.560643 0.102914 0.100000 0.100000 0.182723 0.627595 0.224133 0.100000 0.573299 0.100000 0.935622 1.003593 0.549533 0.100000 0.100000 0.100000 0.498916 0.100000 0.463092 
0.100000 0.100000 0.820610 0.776065 0.683947 0.406649 0.189556 0.140087 0.100000 1.404645 0.797380 0.235602 0.248216 0.345331 0.100000 0.100000 1.262444 0.870852 0.100000 1.453952 0.100000 0.283896 0.325719 0.707333 1.445258 1.121383 0.280180 0.143494 0.202676 0.100000 0.208783 0.473372 0.257875 0.864210 0.100000 0.162674 0.100000 0.288365 0.719346 0.923661 1.286320 0.485866 0.100000 0.871760 0.888096 0.100000 0.686968 0.100000 0.100000 1.134904 0.474965 0.100000 0.100000 0.202811 0.722276 0.100000 0.100000 0.635955 0.100000 0.787920 0.969337 0.100000 1.029166 0.951352 1.107390 0.741077 0.100000 0.466359 0.737388 0.100000 0.100000 0.100000 0.826180 0.604382 0.473308 0.735541 0.458105 1.006475 0.807669 0.100000 0.100000 0.814287 
