90 Number of operations
24 Number of workers
Standard production times
0.290051 0.119425 0.716550 0.190971 0.451519 0.100000 0.100000 0.336942 0.571636 0.414269 0.100000 0.116889 0.577166 0.526380 0.408052 0.219375 0.435065 0.438886 0.292950 0.555470 0.434268 0.311430 0.740981 0.584869 0.139028 0.323885 0.251275 0.312576 0.314710 0.676281 0.419674 0.326109 0.145356 0.602997 0.103788 0.342580 0.388635 0.242379 0.413542 0.192219 0.347265 0.507650 0.705652 0.791335 0.495640 0.423869 0.228507 0.247610 0.527861 0.409505 1.022967 0.293508 0.469117 0.314897 0.100000 0.751079 0.347161 0.569259 0.817347 0.505296 0.596762 0.100000 0.221035 0.466013 0.609718 0.669980 0.649135 0.261762 0.656215 0.254587 0.240166 0.399291 0.502519 0.366428 0.669267 0.276902 0.251393 0.603187 0.288969 0.487252 0.370662 0.404699 0.348340 0.767831 0.361202 0.714826 0.551380 0.294575 0.249314 0.417989 
Production times: workers row and ops columns
0.100000 0.131201 0.231408 0.100000 0.318946 0.100000 0.100000 1.140920 1.144287 0.172476 0.609702 0.100000 0.100000 1.488311 0.186577 0.992137 0.100000 0.100000 0.100000 0.606621 0.100000 0.492048 0.272049 0.100000 0.100000 0.234257 0.130801 0.188726 0.230450 0.963136 0.100000 0.100000 0.504994 1.220197 0.100000 1.124905 0.100000 0.282443 0.428123 0.100000 0.100000 0.451389 0.339389 1.128242 0.278185 0.100000 0.292290 0.606581 0.722329 0.945226 1.612078 0.100000 1.327005 0.397264 0.351537 0.301152 1.163093 0.307979 0.531435 1.221090 0.175487 0.100000 0.199904 0.256497 0.361504 1.251443 0.441666 0.310471 0.336204 0.144174 0.516040 0.375098 0.329204 0.100000 0.673059 0.100000 0.296279 1.106778 0.100000 0.100000 0.242287 0.601489 0.100000 0.335922 0.100000 0.820015 0.489551 0.443865 0.537809 0.218709 
0.627878 0.100000 0.100000 0.287691 0.170087 0.155332 0.811817 0.100000 0.735198 0.624331 0.100000 0.100000 0.364721 0.276101 0.100000 0.100000 0.968614 0.978850 0.380951 0.619055 0.100000 0.100000 0.197098 0.631444 0.100000 0.437814 1.129471 0.100000 0.133672 0.682869 0.606834 0.100000 0.100000 0.761921 0.100000 0.321610 1.017606 0.556554 0.100000 0.586208 0.100000 0.778729 1.165357 0.816702 1.096317 0.380860 0.154439 0.317174 0.100000 1.574576 0.869834 0.100000 0.100000 0.192171 0.101489 0.617206 0.145270 0.647895 0.986814 0.100000 0.948295 0.100000 0.100000 0.794801 0.917814 0.158097 0.667561 0.100000 0.163664 0.813766 0.100000 0.305189 0.100000 0.618778 0.100000 0.799717 0.100000 1.328886 0.636829 1.319968 0.100000 0.100000 0.900979 1.109284 1.562848 0.846826 0.516278 0.100000 0.205723 0.563257 
0.100000 0.771984 0.624375 0.871733 0.495296 0.599648 0.497577 0.410534 1.136939 0.100000 0.100000 0.816394 1.193898 0.503934 0.100000 0.422207 0.100000 0.386061 0.617327 0.100000 0.387615 0.829708 0.268622 1.123965 0.100000 0.297089 0.994907 0.320324 0.239935 0.783881 0.100000 0.762073 0.100000 0.696089 0.100000 0.234370 1.359924 0.270988 0.100000 0.100000 0.100000 0.100000 0.911327 0.909694 0.908153 0.134907 0.556800 0.994170 0.933974 1.280257 0.100000 0.796453 1.024778 0.128347 0.125225 0.893569 0.100000 0.696226 1.274399 1.295448 0.440067 0.100000 0.393997 0.588460 1.524844 0.714947 0.745252 0.100000 0.905665 0.684501 0.793876 0.483698 0.100000 0.814425 0.585792 1.403847 0.458290 1.090292 0.100000 0.804614 1.150154 0.409382 0.107139 1.192707 1.449893 0.601074 0.332317 0.100000 0.100000 0.474891 
0.287278 0.642409 1.078746 0.100000 0.724862 0.100000 0.141749 0.957494 0.100000 1.000833 0.100000 0.286034 0.100000 0.100000 0.443614 0.184574 0.323374 0.100000 0.100000 0.292909 0.619063 0.100000 0.901175 0.100000 0.100000 0.241545 0.771425 0.100000 1.035830 1.109858 0.240950 0.702757 0.399851 0.661409 0.100000 0.161531 0.592209 0.100000 0.333055 0.100000 0.546565 0.100000 1.735371 0.245329 0.137459 0.257719 0.159059 0.100000 0.345874 0.462782 1.307323 0.104001 0.849066 0.509147 0.100000 0.100000 0.560417 0.547151 1.340827 0.913860 0.100000 0.212397 0.592742 0.100000 0.233867 1.769647 0.355594 0.626568 1.314730 0.100000 0.100000 0.552029 0.826659 0.100000 0.756350 0.100000 0.100000 0.551562 0.201960 1.084788 0.180200 0.202533 0.100000 0.924888 1.232115 0.689766 1.190983 0.833186 0.504716 0.100000 
1.122489 0.666310 0.331154 0.206810 0.100000 0.100000 0.100000 0.458136 1.222756 0.118063 0.434622 0.100000 0.100000 1.276352 0.100000 0.100000 0.400591 0.135332 0.519912 0.452951 0.369222 0.100000 1.297984 0.274809 0.100000 1.145257 0.100000 1.177110 0.100000 0.848862 0.792444 0.562768 1.130655 1.237583 0.774933 0.579776 0.654161 0.360340 0.441455 0.100000 0.100000 1.177685 0.529781 0.100000 1.089228 0.505534 0.100000 0.633072 1.153867 0.100000 0.443319 0.590357 0.100000 0.228723 0.100000 0.374351 0.398662 1.205847 0.194626 0.357561 0.988161 0.907032 0.110061 0.409174 0.134771 1.356195 0.756373 1.149244 0.526233 0.100000 0.100000 0.117990 0.656303 0.100000 0.287583 0.245175 1.077587 1.389685 0.100000 0.100000 0.678063 0.262977 1.155100 0.396397 0.100000 1.709390 0.100000 0.250316 0.169064 0.716535 
1.320797 0.100000 1.029941 0.238014 0.670995 0.484946 0.315887 0.100000 0.221414 0.460762 0.652951 0.100000 1.523190 0.100000 0.569129 0.724779 1.057913 0.498901 0.100000 1.142099 0.806267 0.100000 0.411291 0.667902 0.504956 0.100000 0.410101 0.100000 0.519932 0.316734 0.100000 0.102899 0.100000 0.800922 0.217284 0.295405 0.100000 0.271258 0.281873 0.100000 0.100000 0.610555 0.553832 0.100000 1.249023 0.100000 0.515818 0.100000 0.421274 0.143356 1.194010 0.100000 0.100000 1.653719 0.459151 0.709741 0.100000 0.506951 0.597962 0.100000 0.781137 0.100000 0.377047 0.565971 0.786939 1.412196 0.510464 0.100000 1.965231 0.100000 0.100000 0.468317 0.100000 0.700299 0.492942 0.100000 0.100000 0.608227 0.956113 0.609610 0.553570 0.163134 0.985832 0.237039 0.862162 0.962516 0.644766 0.882412 0.240892 1.447450 
0.100000 0.138383 0.854549 0.349800 0.339419 0.156405 1.325144 0.100000 0.966114 0.471580 0.100000 0.208990 0.536000 0.100000 0.100000 0.100000 0.100000 0.429093 0.100000 0.684860 0.853310 0.398766 1.427701 1.182908 0.273078 1.100072 0.100000 0.312374 0.467893 0.136704 1.192085 0.100000 0.477712 0.710802 0.100000 0.699893 0.632497 0.100000 0.953148 0.451088 0.100000 0.360383 1.237431 1.028576 0.100000 0.118415 0.100000 0.179873 1.207347 0.100000 0.637701 0.258228 1.003231 0.100000 0.462302 0.949394 0.640625 0.770501 0.707166 0.938888 0.100000 0.100000 0.100000 0.259859 0.896219 0.326988 0.375488 0.100000 1.445568 0.706229 0.100000 0.100000 0.433150 0.524021 0.100000 1.185920 0.100000 0.100000 0.561689 0.683463 0.100000 0.474957 0.773892 1.213801 0.748416 0.498848 1.112685 0.100000 0.100000 0.327877 
0.100000 0.100000 0.287419 0.757771 1.035545 0.100000 0.100000 0.192860 0.100000 0.226225 0.100000 0.743526 0.634578 0.414094 0.326656 0.100000 0.623089 1.347409 0.707711 0.144995 0.764393 0.256952 0.321698 0.563417 0.100000 0.197797 1.222090 0.648938 0.242426 0.875528 0.955391 0.338120 0.523466 0.100000 0.100000 0.100000 1.034462 0.569307 0.315837 0.854883 0.100000 0.759212 1.182247 0.941949 0.404715 0.917876 0.589698 0.100000 0.369445 0.315276 1.393323 0.100000 0.432933 0.100000 0.145509 0.100000 0.573663 0.523423 0.168119 0.558632 0.100000 0.100000 0.469550 0.413038 0.957262 0.596237 0.896399 0.767997 0.674343 0.100000 0.731466 1.194618 0.346215 0.365388 0.100000 0.169579 0.456552 1.541531 0.472761 1.185969 0.796425 0.656689 0.663877 0.788417 0.909337 0.304636 0.137563 0.312626 0.709482 0.100000 
0.100000 0.221863 0.414339 0.120385 0.100000 0.124900 0.100000 1.104927 1.110331 0.100000 0.756049 0.549780 0.451168 0.944984 1.007132 0.170541 0.259741 0.665323 0.100000 1.443133 1.021251 1.420950 1.220802 0.253797 0.100000 0.377846 0.929701 0.925156 0.100000 0.100000 0.668853 0.100000 0.100000 1.197060 0.123608 0.100000 0.673394 0.100000 1.039771 0.868010 0.100000 0.463881 0.100000 0.903263 0.721956 0.785117 0.215323 0.631942 0.421223 0.100000 0.951036 0.857898 0.274572 0.100000 1.058572 0.606175 0.100000 1.041649 0.377756 0.324610 1.820372 0.268282 0.439733 0.108300 1.181076 0.951721 1.386182 0.632350 1.715879 0.515542 0.106452 0.100000 0.470837 0.164756 0.574596 0.491663 0.740837 1.400343 0.100000 0.263778 0.544230 0.100000 0.243828 0.100000 0.502570 0.887893 0.100000 0.390756 0.741891 0.767279 
0.921569 0.100000 1.056570 0.104652 0.444444 0.100000 0.111551 1.060074 0.543199 1.079275 0.329375 0.434826 0.100000 0.427813 0.100000 0.194553 0.228992 0.962289 0.460007 0.755832 0.969731 0.483596 0.672258 0.639919 0.614650 0.213695 0.234425 0.610462 0.683056 0.422793 0.100000 0.248612 0.100000 0.976365 0.241137 0.100000 0.824007 1.098927 0.624969 0.148339 0.359259 0.100000 1.102205 0.521269 0.100000 0.100000 0.100000 0.444818 0.170344 0.830721 0.251627 0.291279 0.473114 0.179740 0.100000 0.533837 0.100000 0.503980 1.078943 0.100000 0.100000 0.496336 0.758393 0.191967 0.722819 1.350174 1.508213 0.100000 0.556731 0.177855 1.647414 0.107315 0.297892 0.100000 0.323546 0.357420 0.917678 0.168682 0.225104 0.101906 0.100000 0.100000 1.112071 1.404757 0.774033 0.567020 0.468047 0.249478 0.100000 0.100000 
0.100000 0.342596 0.100000 0.578257 0.340747 0.100000 0.100000 0.462597 0.882915 1.786112 0.100000 0.100000 2.074917 0.599494 1.190470 0.100000 0.628118 0.823039 1.000705 0.100000 1.200418 0.178389 0.831284 0.997899 0.100000 0.318873 0.823885 0.100000 0.859846 1.413672 0.100000 0.261892 0.146235 0.285623 0.734430 0.825164 0.737161 1.129808 0.100000 0.458439 0.100000 0.349676 0.857238 1.699526 0.298174 1.122073 0.100000 0.361183 0.546408 1.217696 1.309392 0.164235 1.217668 0.100721 0.788507 1.120517 0.100000 0.986294 0.787798 0.711183 0.462432 0.100000 0.100000 0.100000 0.522149 0.849801 0.616485 0.100000 0.731483 0.100000 0.634699 0.617733 0.100000 0.212801 0.582968 1.220575 0.704580 0.479298 0.100000 0.180471 0.100000 0.616592 0.500331 1.601868 0.694798 1.469686 0.687457 0.387665 0.476876 0.100000 
0.635635 0.100000 0.100000 0.191138 0.328087 0.478256 0.100000 0.197226 0.736639 0.799031 0.267165 0.100000 0.933080 0.487253 0.100000 0.100000 0.838816 0.339371 0.343858 0.105194 1.518453 0.100000 1.683363 0.795365 0.100000 0.976043 0.676593 0.100000 0.301442 0.880817 0.606986 0.100000 0.100000 1.329186 0.100000 0.914792 0.100000 0.198064 0.100000 0.359254 0.100000 1.041294 0.333036 0.533914 0.394874 0.252458 0.915653 0.100000 0.100000 0.100000 0.143129 0.269952 1.942278 0.100000 0.100000 0.500316 0.645796 0.100000 0.903325 0.598468 0.636723 0.100000 0.756040 0.319216 0.100000 1.472247 0.862562 0.100000 0.101354 0.810273 0.187809 0.353832 0.527897 0.510345 0.533058 0.100000 0.425570 0.100000 0.360807 0.688019 0.100000 0.406238 1.501044 0.801579 0.717699 0.628000 0.605147 0.896650 0.100000 0.722203 
0.100000 0.100000 0.480405 0.100000 0.597582 0.100000 0.100000 0.100000 0.988235 0.570460 0.100000 0.956816 0.202313 0.404093 1.135371 0.100000 0.686588 0.100000 0.744470 0.343965 0.100000 0.255684 0.781377 0.264703 0.100000 0.162196 0.535606 0.234442 0.100000 0.100000 0.100000 0.107010 0.100000 0.866844 0.597234 0.307259 0.671103 0.751751 0.701571 0.200294 1.456567 0.634772 0.217546 0.856662 0.265839 0.765568 0.100000 0.873990 0.100000 0.726250 1.843086 0.713961 0.652007 0.595871 0.357558 0.395589 1.123127 0.250748 0.878129 1.049842 0.517467 0.810303 0.283803 0.615152 0.314523 1.463878 0.934510 0.100000 1.189684 0.223137 0.381348 0.981073 0.608115 0.100000 1.351787 0.715934 1.003469 0.100000 0.860976 0.264351 0.100000 0.100000 0.100000 1.097349 0.556655 1.453230 1.059582 0.525065 0.627260 0.563209 
0.100000 0.100000 1.332955 0.266056 0.100000 0.281512 0.637976 0.100000 0.100000 0.100000 0.100000 0.107418 0.855355 0.314766 1.177003 0.835487 1.599513 1.044311 0.267067 0.100000 0.423866 0.174534 1.388267 0.649406 0.100000 0.100000 0.100000 0.100000 0.279320 0.894925 0.100000 0.100000 0.604193 1.626431 0.368093 0.100000 0.246856 0.387951 0.649738 0.255812 0.566315 0.100000 1.185084 0.600514 0.780783 0.157954 0.124078 0.579501 0.221450 0.419825 1.338964 0.248943 1.664936 1.109079 0.100000 0.948818 0.927509 0.624174 1.542415 0.814310 0.246213 0.497382 0.605936 0.503065 0.100000 0.729465 0.100000 0.100000 1.203475 0.236029 0.746037 0.100000 0.504932 0.454032 0.100000 0.100000 0.100000 1.584458 0.112448 1.628323 0.100000 0.177569 0.685036 1.547817 0.100000 1.449247 0.261223 0.100000 0.240835 0.661338 
1.005526 0.100000 0.500235 0.453932 0.100000 0.100000 0.514487 0.646977 0.100000 0.289568 0.100000 0.132664 1.254561 0.100000 0.443123 0.100000 0.354716 0.100000 0.100000 0.503682 0.100000 0.533928 0.395340 0.742530 0.236263 0.481747 0.100000 0.882748 1.627394 0.267778 0.940893 0.802222 0.421705 0.647232 0.100000 0.940170 0.925396 0.455449 0.100000 0.100000 0.214995 0.778846 1.018564 1.158656 0.100000 0.837405 0.100000 0.495026 0.100000 0.400165 0.772372 0.100000 0.100000 0.647306 0.291782 0.602930 0.100000 1.432544 1.214943 0.100000 0.407238 0.190923 1.565521 0.100000 0.100000 0.321327 0.509995 0.100000 0.569399 0.100000 0.285220 0.100000 0.114965 0.535970 0.683018 0.100000 0.100000 0.191106 0.100000 0.100000 0.100000 0.442174 0.256242 0.677626 0.100000 0.100000 0.387443 0.100000 0.100000 0.100000 
0.382050 0.726139 0.772452 0.246031 0.308939 0.100000 0.100000 0.100000 0.899797 0.255967 0.291800 0.127580 0.788435 0.712353 1.273188 0.584470 0.724955 0.555391 0.100000 0.324757 0.488282 0.222386 0.989857 0.619156 0.100000 1.318721 1.214228 0.883380 0.368525 0.675567 0.427443 0.700272 0.100000 1.066324 1.141218 0.733410 1.565124 0.884196 0.115547 1.502421 0.100000 0.861687 0.100000 0.222273 0.313550 0.245672 0.100000 0.100000 0.554047 0.943958 0.454715 0.100000 1.542343 0.462432 0.230156 0.941287 0.100000 0.100000 0.670537 0.483300 0.628054 0.100000 0.100000 0.734236 1.312236 0.777946 0.159657 0.100000 1.539570 0.433069 0.663598 0.100000 0.100000 0.100000 0.161413 1.174780 0.100000 1.114374 0.321707 0.296358 0.979687 1.095947 0.100000 0.726481 0.491787 1.670777 1.205746 0.100000 0.515725 0.506121 
0.115027 0.282002 0.756678 0.100000 0.818777 0.466532 0.247404 0.191539 1.072742 0.595352 1.063133 0.217672 0.542492 0.335720 0.781359 0.237156 0.617627 0.100000 0.133031 0.100000 0.100000 1.016358 1.235474 1.451190 0.549553 0.100000 0.100000 0.335192 0.143334 0.838659 0.100000 0.450366 0.206290 0.723420 0.100000 0.232704 0.100000 0.100000 0.411275 0.642719 0.300749 0.489633 0.146149 0.152461 0.389193 0.100000 0.100000 0.917886 0.632255 0.826419 0.376536 0.182685 0.283099 0.461230 0.989273 0.332791 0.956756 0.851250 0.511753 0.359686 1.110453 0.228021 0.625027 0.631786 0.113094 0.764954 0.100000 0.844439 1.229649 0.725489 0.100000 0.100000 0.325836 0.100000 0.245288 0.318042 0.243401 0.257790 0.100000 0.571119 1.054280 0.100000 0.401968 0.591961 0.432130 0.697534 0.315415 0.360279 0.986485 1.023788 
0.685621 0.100000 0.961762 0.111389 0.702629 0.100000 0.949055 0.697022 0.472438 0.232869 0.134007 0.491350 0.100000 0.816448 0.525718 0.224831 0.506749 1.114336 0.100000 0.476709 0.454126 0.721035 0.418414 0.170117 0.100000 0.100000 0.461083 0.160751 0.100000 0.462014 0.100000 0.214011 0.734433 1.008199 0.100000 0.250165 0.100000 0.100000 0.100000 0.340414 0.318137 0.308698 0.807449 0.391836 1.375212 0.584692 0.254976 0.100000 0.553103 0.646242 0.100000 0.100000 0.782712 0.450313 0.100000 0.355247 0.100000 0.369522 0.661226 1.051908 0.804086 0.132036 0.508858 0.100000 0.363146 1.523689 0.429054 0.100000 0.731082 0.226715 0.595383 1.270455 0.830100 0.100000 0.722985 0.447544 0.849656 0.100000 1.018149 1.131186 0.100000 0.185314 0.561849 1.222636 0.251901 0.425770 0.351300 0.771092 0.100000 0.100000 
0.331674 0.100000 1.329468 0.287149 0.189816 0.100000 0.102584 0.575061 0.632735 0.337037 0.100000 0.827246 0.139617 0.456758 0.260907 0.533887 0.102741 0.100000 0.854393 0.942961 0.100000 0.100000 0.100000 0.100000 0.100000 0.571261 0.602584 0.100000 0.100000 0.223965 1.002305 0.791631 0.100000 0.100000 0.100000 0.100000 0.671557 1.024585 0.823211 0.443055 0.292364 0.205979 0.661247 0.219929 1.002473 0.157230 0.398063 0.903143 0.769192 0.558339 1.072202 0.918714 1.382282 0.394095 0.639417 0.100000 0.912818 0.500482 0.679327 1.082907 0.622497 0.439619 0.457589 0.418971 1.090520 0.136765 1.061161 0.400968 0.707373 0.100000 0.100000 0.468889 0.100000 0.100000 0.379176 0.100000 1.438609 1.298696 0.967998 1.630027 0.100000 1.175462 0.100000 1.283122 0.129433 0.704774 1.337191 0.100000 0.100000 0.100000 
0.515681 0.587705 1.935831 0.392640 1.072225 0.634666 0.185375 0.100000 0.770361 0.100000 0.100000 0.247083 0.330648 1.016290 0.917639 0.372231 0.762585 0.157375 0.100000 1.274222 0.526709 0.476221 0.573199 0.519493 0.739299 0.364714 0.333787 0.779816 0.949322 1.320601 0.606187 0.625563 0.100000 1.083200 0.100000 0.140777 0.112073 0.498989 0.650663 0.100000 0.100000 1.474289 0.946143 0.233170 0.858318 0.213426 0.100000 1.392603 1.185283 0.566189 1.486766 0.174704 0.912529 0.100000 0.100000 0.591657 0.457345 0.340961 1.443890 0.509388 0.413915 0.161207 0.774182 1.386467 0.575919 1.029824 1.416195 0.539910 0.376535 0.100000 0.100000 0.556725 0.352025 1.224960 0.846842 0.663373 0.829487 1.566900 0.285296 0.484206 0.163441 0.749598 0.300307 0.543918 0.100000 0.660326 0.633695 0.412596 1.025887 0.144066 
0.326692 0.100000 0.673797 0.100000 0.472473 0.100000 0.522807 0.100000 0.349925 0.100000 0.704670 0.100000 0.702076 0.897103 0.483769 0.100000 0.372563 0.485291 0.100000 1.375447 0.166004 0.628376 0.344187 0.674355 0.240419 0.538986 0.844959 0.155957 0.583144 0.683175 0.100000 0.494923 0.429111 0.533942 0.100000 0.202744 0.717093 1.277303 0.580876 0.519250 0.260097 1.260550 0.100000 0.290692 1.354198 0.580974 0.100000 0.246459 1.147189 0.588473 0.651692 0.595219 0.489621 0.100000 1.186061 1.260052 0.855801 0.478886 1.278749 0.343604 0.660874 0.100000 0.100000 0.626684 0.766086 0.100000 0.712251 0.232485 1.800818 0.100000 0.100000 1.068520 0.453409 0.999553 0.166788 0.199592 0.813518 1.708415 0.134419 0.100000 0.457447 0.855521 0.120732 1.422603 0.752341 1.572120 0.375418 1.295044 0.827757 0.848929 
1.195324 0.100000 0.174193 0.100000 1.419458 0.192473 0.100000 0.178072 0.722957 0.411453 0.100000 0.644652 1.034345 0.559032 0.100000 0.100000 1.188167 0.100000 0.683644 0.100000 0.324052 0.612689 0.384362 0.951576 0.100000 0.314058 0.100000 0.100000 0.594167 1.120830 0.962462 0.199065 0.100000 0.561372 0.876863 0.100000 0.830902 0.146317 0.616504 0.980198 0.100000 0.754521 0.911880 0.859958 0.100000 0.295623 0.100000 0.328685 0.100000 0.100000 1.905730 0.391623 1.268182 0.355849 0.451652 1.530247 0.100000 0.100000 0.894081 0.790881 0.100000 0.287719 0.168700 1.466544 1.573367 0.905494 0.585056 0.100000 0.781634 0.131803 0.100000 0.100000 0.100000 0.668747 1.193282 0.335990 1.664930 0.805753 0.590200 1.087377 0.120985 0.506292 0.205133 1.173294 0.135188 1.487007 0.666602 0.148434 0.313263 1.231136 
0.743143 0.358635 0.100000 0.166149 0.100000 0.262858 0.100000 0.309731 0.100000 0.100000 0.151513 0.100000 0.100000 0.164986 0.100000 0.350460 0.249797 0.100000 0.294362 0.780033 0.560378 1.606881 1.177221 0.100000 1.317685 0.479506 0.496259 0.100000 0.100000 0.496734 0.947472 0.100000 0.100000 0.281626 0.100000 0.964799 0.683433 0.910208 0.100000 0.184013 0.100000 0.902452 1.195347 0.360327 0.868907 0.100000 0.224973 0.100000 0.419200 0.595061 1.556266 0.871499 0.392920 0.629805 0.100000 0.324965 0.882694 0.276941 0.162407 1.334677 0.883725 0.100000 0.257047 0.127649 1.100959 0.100000 1.058114 0.394548 0.788316 0.652075 0.675605 0.565296 0.648493 1.030438 0.552186 1.041031 0.767012 0.105252 0.100000 0.340240 0.766342 0.928016 0.100000 0.726945 0.476721 0.997192 0.540629 0.100000 0.100000 0.523170 
0.384817 0.337734 0.760162 0.232638 0.668985 0.857920 0.100000 0.822387 0.895481 0.306616 1.399534 1.218030 0.100000 0.100000 0.317624 0.441546 0.453843 0.278403 0.100000 1.025470 0.236598 0.100000 0.757541 0.645446 0.494971 0.100000 0.144652 0.642052 0.983491 0.100000 0.100000 0.811393 0.529506 0.231813 0.100000 0.121877 0.100000 0.100000 0.281429 0.927697 0.310231 0.100000 0.616853 0.702376 0.100000 0.215934 0.100000 0.383948 0.100000 0.100000 0.908504 0.100000 0.100000 0.884015 0.428205 0.903908 1.368703 1.212668 1.029997 0.605219 0.614983 0.100000 0.139668 0.151356 1.419401 0.469605 0.100000 0.100000 0.407692 0.100000 0.100000 0.100000 0.100000 0.204903 0.259673 0.572317 0.100000 0.710631 0.100000 0.218105 0.783912 0.164153 0.100000 0.209772 0.184882 0.455536 0.976110 0.135464 0.896377 0.296113 
