87 Number of operations
26 Number of workers
Standard production times
0.326157 0.613528 0.340501 0.635560 0.320747 0.459453 0.140146 0.396482 0.369133 0.220995 0.310775 0.128604 0.354500 0.175069 0.472394 0.639065 0.727148 0.352645 0.100000 0.142776 0.622212 0.433729 0.475283 0.100000 0.591938 0.192084 0.528445 0.638548 0.350778 0.297195 0.265370 0.517741 0.384073 0.300843 0.337976 0.297394 0.174384 0.443157 0.678668 0.368915 0.504657 0.409800 0.782477 0.344344 0.270264 0.434866 0.298459 0.470358 0.409826 0.100936 0.298251 0.307979 0.452464 0.331693 0.387898 0.406273 0.273050 0.329328 0.190737 0.750550 0.290119 0.235605 0.270363 0.657091 0.364052 0.640691 0.757896 0.625778 0.281613 0.400766 0.409942 0.426621 0.504695 0.334764 0.305836 0.352398 0.504175 0.567480 0.597274 0.185498 0.509500 0.419389 0.462874 0.296222 0.383371 0.505294 0.621398 
Production times: workers row and ops columns
1.223548 0.591609 1.245783 0.443076 1.241565 0.211842 0.100000 0.100000 0.242793 0.408269 0.364576 0.100000 1.235954 1.421668 0.565257 0.100000 0.932212 1.280335 0.149510 0.427513 0.977557 1.171567 0.143388 0.100000 0.831468 1.076571 0.100000 1.095874 0.767329 0.100000 0.738959 0.100000 1.272025 0.100000 0.100000 0.179148 0.100000 0.792033 0.913507 0.100000 1.165840 0.807955 1.262856 0.471064 0.741359 0.874130 0.107930 1.407523 1.117821 0.100000 0.281993 0.323035 1.491619 0.100000 0.100000 0.100000 0.662187 0.100000 0.885045 0.100000 0.100000 0.558639 0.100000 0.910543 0.100000 1.325670 0.716185 1.048075 0.673706 0.136542 0.659154 0.100000 0.854000 0.804373 0.100000 0.374175 0.100000 1.061541 0.233900 0.100000 0.334460 0.334648 0.707503 0.503879 0.100000 0.997504 0.108162 
0.440512 1.331676 0.100000 0.820077 0.528775 0.141059 0.760901 0.100000 0.739194 1.398480 0.471941 0.100000 1.477559 0.100000 1.167929 0.546349 0.839835 0.280733 0.725472 0.690381 0.145341 0.483235 0.100000 0.208709 0.827970 0.308482 0.458984 0.768598 1.244476 0.755931 0.100000 1.092001 1.202183 0.100000 0.100000 0.100000 0.252967 0.100000 0.721495 0.408691 1.003265 0.528828 0.875127 0.582248 0.524777 0.504431 0.367305 0.390401 0.321890 0.598891 1.115786 0.100000 1.051807 0.945746 0.100000 0.100000 0.100000 1.005407 0.100000 0.714005 1.214310 0.701602 0.118394 1.095951 0.493545 0.800692 1.782450 0.756864 0.384451 0.100000 0.229318 0.683246 0.100000 0.100000 1.142181 0.804174 0.219775 0.263344 0.100000 0.339763 0.139727 0.100000 1.041512 0.512619 0.100000 0.779056 1.011941 
0.450062 0.100000 0.465329 0.674117 0.458383 0.783775 0.109990 0.100000 0.100000 0.964659 0.102361 0.100000 0.120538 0.264503 0.100000 0.816924 0.981322 0.143069 0.437987 0.522671 0.868622 0.100000 1.039028 0.218642 0.100000 0.787220 0.357816 0.490897 0.726000 0.100000 0.469097 1.079425 0.100000 0.100000 1.231388 0.670363 0.100000 0.100000 0.347218 0.326681 0.100000 0.100000 1.284994 0.976116 0.100000 0.732115 0.100000 0.100000 0.597135 0.225570 0.405979 0.915385 0.100000 0.100000 0.309834 0.100000 0.210620 0.100000 0.512575 0.785626 0.557875 0.100000 0.343747 0.100000 0.100000 0.660525 0.842666 0.551669 0.534142 0.435690 1.341826 1.314145 1.674534 0.340864 0.138597 0.100000 1.014052 0.100000 0.549055 0.164536 0.100000 0.711954 0.100000 0.100000 0.829766 0.100000 1.308145 
0.768081 0.609361 0.100000 1.024378 0.826163 0.880236 0.846764 0.100000 0.100000 1.125133 0.358136 0.191400 0.100000 0.100000 0.250950 1.150448 1.063142 0.100000 0.100000 0.140436 0.265360 0.769686 0.100000 0.100000 0.932887 0.505543 0.160867 0.152189 1.274475 0.202633 0.182672 0.338249 1.416842 0.462154 0.100000 0.198286 0.647676 0.875883 0.523840 0.100000 0.100000 1.132124 0.819736 0.100000 0.546568 0.639408 0.100000 0.100000 0.512553 0.100000 0.100000 0.786943 0.333495 0.571470 0.100000 0.100000 0.662234 0.100000 0.266769 0.353158 0.481900 0.228573 0.100000 0.472936 0.100000 0.282865 0.494122 0.100000 0.100000 1.257864 0.490566 0.477074 0.472737 0.100000 0.179885 0.100000 0.100000 0.856196 1.150370 0.100000 0.607164 0.562239 0.683869 0.646977 0.100000 1.737062 0.659669 
0.100000 0.795538 0.561732 1.105241 0.100000 0.521595 0.448383 0.222529 1.361909 0.100000 0.100000 0.590053 0.100000 0.100000 0.100000 0.909870 1.355629 0.962860 0.100000 0.489429 0.100000 0.593117 0.100000 0.100000 1.537664 0.100000 0.836170 0.423750 0.100000 0.707970 0.100000 0.533819 0.202770 0.262914 0.273522 0.809433 0.100000 0.459067 0.746509 0.165163 0.100000 0.319706 0.700611 0.311145 0.319962 0.517445 0.261944 1.533874 0.815860 0.551750 1.054226 0.460449 0.208546 0.100000 0.313066 0.362904 0.183533 0.255751 0.100000 0.410834 0.100000 0.100000 1.010218 0.764497 0.948762 0.458832 0.100000 0.101354 0.100000 0.606403 0.100000 0.816977 0.426967 0.100000 0.100000 0.100000 0.118517 0.100000 0.638013 0.100000 0.212505 0.656957 0.100000 0.100000 0.100000 1.066739 0.100000 
0.689285 0.346789 0.162244 1.082621 0.100000 0.345855 0.100000 0.467670 0.100000 0.294439 0.100000 0.120139 0.200671 0.100000 0.252438 0.100000 1.006035 0.100000 0.237932 0.100000 0.158376 0.100000 0.100000 1.184010 1.514881 0.720496 0.404934 0.886104 0.100000 0.236319 0.874096 0.320150 0.100000 0.322741 0.121899 0.791616 0.100000 0.526742 1.550628 0.507289 0.674649 1.308007 0.960658 0.790028 0.100000 0.100000 0.533900 0.418166 1.047793 0.427659 0.839755 0.291946 0.472987 0.705585 0.100000 0.100000 0.100000 1.008936 0.100000 1.201559 0.430961 0.419978 0.267385 0.903035 0.655150 0.322979 0.157813 0.612123 0.400624 0.410215 0.248643 0.238729 0.428105 0.260387 0.829890 0.285708 0.645618 0.696711 0.307712 0.100000 0.100000 0.449459 0.595919 0.693985 0.100000 0.100000 0.593048 
0.646469 0.340717 1.054532 0.100000 0.100000 0.730863 0.498774 0.410899 0.100000 0.479787 0.100000 0.800685 0.100000 0.100000 1.183900 0.486335 0.100000 0.518026 0.153904 0.316241 0.132133 0.100000 0.149090 0.663504 1.173135 0.100000 0.100000 1.218554 0.521199 0.100000 0.582408 0.698816 0.207568 0.100000 0.100000 0.521440 0.100000 0.100000 0.990341 0.302390 0.270471 1.681229 0.862617 0.847998 0.848185 0.461012 0.773385 0.100000 0.270221 0.100000 0.100000 0.544825 0.182175 0.658920 0.157483 0.568385 0.101995 0.477998 0.100000 1.726094 0.319924 0.100000 0.100000 0.431453 0.660802 1.143710 0.100000 1.110209 0.158396 0.252173 0.100000 0.465674 1.009963 0.100000 0.352505 0.114080 0.579266 0.542530 0.100000 1.017819 0.696293 1.167972 0.495613 0.837002 0.792333 0.605179 0.750068 
0.100000 0.398425 0.586535 0.100000 0.100000 0.100000 0.100000 0.505626 0.100000 0.117159 0.686564 0.144101 0.846835 0.100000 0.933553 1.553392 0.100000 0.408896 0.653695 0.975789 0.987997 1.334681 0.100000 0.134742 0.765774 0.202531 0.190883 0.100000 0.108711 0.100000 0.946348 0.100000 0.166330 1.128514 0.965533 0.116194 0.196790 0.100000 0.985476 0.317943 0.100000 0.584039 0.546058 0.564533 0.245634 0.100000 0.217123 0.634650 0.154923 0.100000 0.584239 0.100000 0.107202 0.515465 0.562960 0.717330 0.100000 0.419431 0.100000 0.271151 0.100000 0.771926 0.404237 1.263190 0.100000 0.100000 0.676391 1.368586 0.100000 0.883942 0.261424 0.537601 0.100000 0.153982 0.124498 0.128571 1.167948 0.100000 1.402792 0.175431 0.100000 0.100000 0.100000 0.100000 0.115336 0.100000 0.510013 
0.100000 0.341564 0.100000 0.689680 0.100000 0.964303 0.100000 0.738096 0.522461 0.242009 0.100000 0.991190 0.117830 0.100000 0.100000 0.134659 1.129141 0.697400 0.100000 0.814831 1.178859 0.348949 0.100000 0.133485 0.100000 0.336000 1.255090 1.283723 0.355977 0.511063 0.100000 0.845692 0.100000 1.744942 0.641580 0.100000 1.041630 0.528378 1.015377 0.639366 0.100000 0.397979 1.291059 0.854655 0.636965 0.100000 0.432523 0.100000 0.892612 0.100000 0.383493 0.404503 0.279724 0.514899 0.389652 1.213672 0.100000 0.100000 0.456454 0.865624 0.389261 0.116625 0.969344 0.800751 1.053873 0.858954 0.692495 0.100000 0.100000 1.044143 0.100000 0.893826 0.100000 0.459286 0.558920 0.907701 0.436183 0.100000 0.167138 0.100000 0.808211 0.512088 0.936260 0.165905 0.100000 0.432677 0.151743 
0.100000 0.100000 1.075640 0.100000 0.100000 0.600843 0.858329 0.100000 0.100000 0.343639 0.100000 0.100000 1.205461 0.366369 0.156974 0.306649 0.545544 0.326043 0.100000 1.176636 0.100000 0.653422 0.856918 0.442338 1.533242 1.564573 0.259382 0.512369 1.183207 0.100000 0.243092 0.519429 0.561825 0.100000 0.100000 0.192938 0.704564 0.502872 1.641230 0.157916 0.100000 0.315337 0.566826 0.259874 0.323768 0.433143 0.900939 0.820415 1.277643 0.100000 0.100000 0.170525 0.158822 0.498934 0.279316 1.288561 0.400883 0.445873 0.675325 1.274152 0.100000 1.070645 1.211791 1.466112 1.124392 0.274262 0.666739 1.253509 0.100000 0.480777 0.100000 0.787762 1.085863 0.100000 0.546498 0.100000 0.590534 0.472022 0.744771 0.100000 0.889072 0.578122 0.245536 0.100000 1.320582 0.100000 0.810167 
0.733511 0.596654 0.628844 0.799236 0.112973 0.728721 0.887730 0.993506 0.100000 0.100000 0.104257 0.414247 0.225149 0.100000 0.630894 0.100000 0.100000 0.428706 0.442973 0.100000 0.579929 0.842912 0.648688 0.717442 0.115233 0.100000 1.461640 1.025558 0.100000 0.100000 0.100000 0.100000 0.709779 0.848717 0.100000 0.440915 0.100000 0.100000 1.092742 1.045653 0.838566 0.368766 0.100000 0.857624 0.100000 0.479811 0.384300 0.100000 0.418887 0.376977 0.744293 0.100000 0.987418 0.100000 1.210244 0.100000 0.764128 0.100000 0.281622 0.104677 0.100000 0.100000 0.328717 0.529556 0.276069 1.393835 0.377180 0.100000 0.561893 0.516279 0.612838 0.100000 0.947576 1.048416 0.100000 0.275026 0.100000 1.320898 1.977046 0.303865 0.430308 0.809881 0.656818 0.100000 0.465315 0.494958 0.823621 
0.100000 1.093110 0.100000 0.368098 0.430073 0.729417 0.565223 1.217273 0.100000 1.380434 0.547245 0.190492 0.985457 0.443724 0.998988 0.714844 1.131211 0.100000 0.238853 0.290008 0.399709 0.100000 0.530546 0.628164 0.480350 0.100000 0.858708 1.002335 0.128747 0.100000 0.100000 0.100000 1.046487 0.100000 1.311345 0.491067 0.100000 0.110813 1.671429 1.110705 0.100000 0.100000 0.634146 1.690444 0.804815 0.100000 0.457435 0.435155 0.977464 0.100000 0.384531 0.184183 0.253350 0.192414 0.100000 1.303016 0.100000 0.207065 0.352760 0.686501 0.100000 0.664529 0.100000 0.119885 0.264285 0.129580 1.598468 0.803281 0.392064 0.100000 0.100000 0.100000 0.912724 0.100000 0.100000 0.100000 0.862511 0.657845 0.250567 0.561959 0.100000 0.218192 0.489207 0.408218 0.172605 0.100000 1.372848 
0.100000 0.238519 0.366190 1.029251 0.142947 0.100000 0.663532 0.100000 0.904403 0.100000 0.100000 0.383473 0.272438 0.100000 0.230479 0.100000 0.423130 0.100000 0.464801 0.152235 1.057161 0.435672 0.334338 0.100000 0.189636 0.214881 1.357905 0.841677 0.953656 0.811540 0.302192 0.666764 0.100000 0.478615 0.621346 1.260549 0.155554 0.100000 0.230950 0.335628 0.100000 0.799719 0.549974 0.892384 0.353760 0.100000 0.474482 0.100000 1.078460 0.331449 0.100000 0.100000 1.155165 0.185434 0.100000 0.420609 0.749515 0.100000 0.100000 1.861147 0.452367 0.360708 0.384323 0.254625 0.109417 0.887149 1.424536 1.063652 0.441512 0.100000 0.229188 0.499690 0.599347 0.760436 0.198825 0.100000 0.100000 0.768024 0.680575 0.100000 1.087929 0.100000 0.100000 0.376984 0.100000 0.155683 0.852689 
0.238099 0.708598 0.381400 0.612641 0.960245 0.978000 0.100000 0.353866 0.571953 0.100000 0.931196 0.127656 0.100000 0.100000 0.848078 0.822093 0.807215 0.210770 0.100000 0.100000 0.457717 0.589276 0.756736 0.175944 0.371759 0.211468 0.639273 0.160796 0.210345 0.100000 0.100000 0.705554 0.922995 0.100000 0.100000 0.449999 0.364059 0.100000 0.166932 0.100000 0.599340 0.714883 0.773427 0.459160 0.508595 0.879735 0.687428 1.185953 0.335599 0.993517 0.100000 0.467778 0.943045 0.100000 0.573127 0.100000 1.354588 0.100000 0.100000 0.370878 0.100000 0.178565 0.100000 0.415848 0.100000 0.710521 0.441333 0.100000 0.215150 0.318797 0.100000 0.983221 0.648639 0.172883 0.100000 0.100000 0.448279 1.367333 1.359522 0.251630 1.174117 0.295552 0.120585 0.100000 0.626157 0.862323 0.814825 
0.100000 1.163552 0.367575 0.828187 0.832032 1.316015 0.611689 0.100000 0.450732 0.100000 0.100000 0.100000 0.100000 0.631268 0.626689 1.425062 1.481025 0.539076 0.146200 0.153430 0.100000 0.520004 0.545607 0.100000 0.486200 0.389560 0.475070 1.191904 0.112845 0.272677 1.032792 0.183388 0.549599 0.110791 0.662077 0.457966 0.220386 1.495044 0.270972 0.100000 0.191957 0.100000 1.486278 0.100000 0.138685 0.636835 1.130643 1.552030 0.437181 0.100000 0.100000 0.100000 0.362319 0.100000 0.442608 1.441812 0.100000 0.282302 0.969471 0.412495 1.002418 0.222925 0.442187 0.800523 0.718918 0.665101 0.772377 0.976012 0.100000 0.573803 0.167247 0.435628 0.536500 0.419937 0.321117 0.100000 0.100000 0.859698 0.974005 0.211450 0.256844 0.548078 0.100000 0.847572 0.100000 0.327745 1.700827 
0.312508 1.462256 0.612831 0.442194 0.416735 0.720916 0.100000 0.706933 0.765079 0.393885 0.849172 0.328656 0.717576 0.448038 0.685731 0.100000 1.956137 0.100000 0.100000 0.436925 0.732595 0.435191 1.521439 0.606636 0.974569 0.100000 0.555416 0.397412 0.100000 0.100000 0.100000 1.139750 0.503080 0.948960 0.100000 0.573034 0.100000 0.100000 0.593843 0.645164 0.674468 0.532350 1.167453 0.411482 0.718756 0.100000 0.643133 1.176037 0.740838 0.100000 0.100000 0.437794 0.359886 0.509568 1.742026 1.245210 0.781413 1.551932 0.269676 0.701601 0.339376 0.811312 0.100000 0.522625 0.968972 0.100000 0.814423 0.814917 0.749915 0.915673 0.546389 0.688299 0.752899 0.300706 0.588669 0.945973 1.093086 0.497056 0.441702 0.264662 0.829293 0.100000 0.921574 0.199895 0.901230 0.992648 0.639675 
0.513078 0.244562 0.146608 1.659057 0.100000 0.776844 0.100000 1.224342 0.357377 0.208147 0.555693 0.100000 0.100000 0.170755 0.510160 0.758733 0.272443 0.237327 0.100000 1.306244 1.142102 0.100000 0.659143 0.100000 0.100000 0.174175 0.216531 0.584853 0.627700 0.642543 0.100000 1.251287 0.933131 0.428179 0.181830 0.100000 0.273539 0.164250 1.362364 0.419696 1.127243 0.537407 0.943814 0.605155 0.582545 0.976444 0.100000 0.844746 0.100000 0.100000 0.626139 0.100000 0.634656 0.217439 0.100000 0.100000 0.580976 0.324533 0.289216 0.545265 0.100000 0.100000 0.217784 0.641920 0.351232 0.207560 0.693595 0.100000 0.294392 0.615892 0.780849 0.431889 0.431608 0.167596 0.100000 0.526957 0.676231 0.468427 1.211440 0.281682 0.351736 0.100000 0.100000 0.100000 0.215012 0.762722 0.373263 
0.143332 0.722702 0.100000 0.425030 0.649196 1.170924 0.100000 0.100000 0.287040 0.514568 0.581502 0.432949 0.875734 0.100000 0.295560 0.376493 1.605620 0.100000 0.100000 0.100000 0.873994 0.480801 0.476003 0.100000 0.260201 0.709202 0.496092 0.379921 0.265122 0.467613 0.420420 0.100000 0.538572 0.100000 0.699651 0.196120 0.278781 0.615832 0.370154 0.965878 0.755556 0.533579 0.100000 0.137951 0.649699 0.100000 0.199893 1.745242 0.534183 0.100000 0.100000 0.112955 0.100000 0.100000 1.480546 0.177547 0.100000 0.233632 0.365242 0.661015 0.460184 1.323361 0.100000 1.437488 0.100000 0.739469 1.270920 1.212241 0.765736 0.324303 0.313533 1.292888 0.803586 0.987384 0.448902 0.388849 0.956948 1.127349 0.248450 0.100000 0.100000 0.100000 0.480494 0.100000 0.100000 0.100000 0.521780 
0.820127 0.703826 0.177862 1.341845 0.100000 1.322588 0.100000 0.100000 1.001320 0.646718 0.100000 0.227574 0.100000 0.100000 0.638753 0.127666 0.219756 0.392704 0.670347 0.100000 0.100000 0.100000 0.704145 0.864301 1.211616 0.396225 0.100000 0.100000 0.734677 0.169473 0.100000 0.285116 0.147378 1.078991 0.892607 0.495800 0.150567 0.568948 0.320000 1.015919 1.021107 0.642020 0.336093 0.449818 0.940590 0.401617 0.271744 0.814081 0.468906 0.100000 1.223155 0.100000 0.587461 0.593181 0.792640 0.730063 0.800609 0.888811 0.100000 0.822341 0.606230 0.100000 0.157782 0.389314 0.100000 0.734268 0.483687 0.767357 0.362757 0.931180 0.647587 0.739401 1.020455 1.431262 0.744675 1.015539 0.548215 0.437940 0.100000 0.258003 0.644916 0.100000 0.837701 0.100000 0.259845 0.668717 0.100000 
0.765113 0.100000 0.421105 0.267309 0.833566 1.161649 0.446895 0.481445 0.557316 0.906045 0.100000 1.152658 0.923879 0.100000 0.250581 1.022297 0.360873 0.785036 0.100000 0.100000 0.100000 0.543431 0.172048 0.577904 0.303430 0.100000 0.100000 0.205046 0.100000 0.100000 0.420210 0.232813 0.301595 0.627189 0.798213 0.327577 0.100000 0.429187 0.744109 0.552119 0.813186 0.408749 1.214045 0.100000 0.498951 0.904897 0.100000 0.432745 0.100000 0.232541 0.431761 0.161854 0.696130 0.707625 0.498331 1.100229 0.100000 0.100000 0.100000 0.830211 0.366090 1.116400 0.100000 0.841098 0.488381 0.945629 0.750708 0.941049 0.365479 0.797450 0.506070 0.276311 0.460422 0.100000 0.216811 0.284113 0.100000 0.720647 0.100000 1.283546 1.178748 0.100000 0.258353 0.143232 0.645009 0.366010 0.662658 
0.100000 0.407803 0.100000 0.825609 0.970841 0.228324 0.100000 0.189330 0.100000 0.100000 0.100000 0.293177 0.292959 0.276898 0.100000 0.100000 0.100000 0.872061 0.100000 0.100000 1.420431 0.785836 0.100000 0.100000 0.425555 0.100000 0.921767 1.353956 0.618324 0.100000 0.100000 0.714533 0.879926 0.196568 0.298130 1.131059 1.010080 0.904131 1.403226 0.966125 0.330532 0.100000 1.193165 0.630741 0.988876 0.984922 0.100000 0.100000 0.100000 0.365096 1.068614 0.100000 0.100000 0.486293 0.704742 0.891532 0.100000 1.023901 0.100000 1.183277 1.027902 0.100000 0.520234 0.512243 0.316630 0.848256 1.596112 0.100000 0.160769 0.355861 0.100000 0.223951 0.780312 1.000210 0.291092 0.116998 0.734553 1.007185 0.100000 0.100000 0.753939 0.100000 1.447827 0.100000 0.100000 0.724672 0.457409 
0.100000 1.429075 0.715567 1.530114 0.593121 1.488946 0.522862 1.676891 0.100000 0.390213 0.100000 0.100000 0.676301 0.344085 0.539641 0.261807 0.118713 0.535438 0.263131 0.100000 0.642068 0.100000 0.100000 0.312582 0.445158 0.100000 0.100000 0.410233 1.022069 0.100000 0.664299 0.433139 0.101382 0.729278 0.905576 0.100000 0.100000 0.100000 0.413589 0.100000 0.124246 0.100000 0.756247 0.195575 1.156690 0.876216 0.100000 0.412078 0.160688 1.388584 0.100000 0.100000 0.144158 0.100000 0.100000 0.223353 0.913068 0.100000 0.612846 0.134653 0.100000 1.075398 1.140905 0.846760 0.476740 1.170872 0.317054 0.888064 0.910374 0.912634 0.286645 0.100000 0.583304 0.424081 0.856944 0.486452 0.608803 0.885112 0.384262 0.100000 0.237180 0.119722 0.874574 0.651244 0.100000 0.647863 0.100000 
0.100000 0.264953 0.100000 0.142979 0.100000 0.100000 0.133916 0.100000 0.571311 0.267398 0.754752 0.100000 0.100000 0.100000 0.226554 0.833487 1.055087 0.100000 0.236195 0.100000 0.963727 0.100000 0.334710 0.118033 0.594657 0.100000 1.428644 0.845986 0.537499 0.703545 0.100000 0.761355 0.405647 0.100000 0.438400 0.100000 0.100000 0.364395 0.693768 0.100000 1.203193 0.885355 0.516006 0.129325 0.100000 0.849312 0.660530 0.100000 0.100000 0.100000 0.100000 0.693290 1.053015 0.311900 0.619378 0.100000 1.193786 0.763338 0.100000 1.115448 0.100000 0.276989 0.886679 0.901053 0.810040 1.555444 0.258171 0.191942 0.149105 0.100000 0.225026 0.615209 0.100000 0.883796 0.100000 0.551765 1.064779 0.327341 1.141496 0.761318 0.108241 0.323523 0.319902 0.244262 0.935646 1.203566 0.560149 
0.100000 0.100000 0.401262 1.520047 0.617194 0.664795 0.100000 0.100000 0.826904 1.192581 0.100000 0.236268 0.100000 0.100000 0.699034 0.751029 0.678185 0.777123 0.100000 0.657321 0.771734 0.107255 0.658811 0.100000 1.144109 0.271006 0.286455 0.148547 0.100000 0.100000 0.406310 0.100000 1.497328 0.583086 1.042385 0.145498 0.392854 0.584346 0.895768 0.100000 0.100000 0.640472 0.685517 0.201573 0.747286 0.297263 0.100000 0.475527 0.203271 0.100000 1.417757 0.293559 0.100000 0.100000 1.023692 0.122682 0.236373 0.106306 0.728400 0.100000 0.100000 0.745287 0.962447 0.483189 1.455542 0.405222 0.718572 0.408852 0.100000 0.317401 0.100000 0.902427 0.595109 0.558270 0.178799 1.137187 0.100000 0.816587 0.742150 0.671635 0.496366 0.434439 0.639266 0.100000 0.100000 0.716689 0.100000 
1.005021 0.831653 0.100000 0.780225 0.100000 0.251315 0.100000 0.100000 0.100000 0.100000 0.167188 0.100000 0.698983 1.050574 1.275447 0.931906 0.587633 0.100000 0.100000 0.222486 0.100000 0.100000 0.166447 0.100000 0.100000 0.405719 0.119387 0.470696 0.744796 0.952476 0.100000 0.806564 0.983515 1.141443 0.662784 0.100000 0.812457 0.295302 0.949821 0.418002 0.100000 0.224628 0.455196 0.100000 0.176738 0.100000 0.167477 1.018818 0.410467 0.100000 0.100000 0.381449 0.549231 0.305379 0.464980 0.867924 0.303338 0.100000 0.367020 0.717959 0.534818 0.100000 0.773406 0.750426 0.100000 0.100000 0.100000 0.959854 0.645325 0.100000 0.550067 0.671106 0.733295 0.100000 0.100000 0.964297 0.100000 1.159603 0.583506 0.193736 0.535889 0.272111 0.100000 0.100000 0.598913 0.725503 0.940391 
0.560133 0.100000 0.659702 0.344384 0.258590 0.100000 0.100000 0.734510 0.100000 0.100000 0.100000 0.196977 0.100000 0.100000 0.610819 0.547350 0.575629 0.126888 0.100000 0.439290 0.793803 0.100000 0.756547 0.525681 0.835480 0.355394 1.197884 0.653578 0.274112 0.100000 0.429107 0.100000 0.219972 0.680237 0.100000 0.659290 0.100000 0.415911 0.861881 1.094333 0.865724 0.100000 0.100000 1.325482 0.100000 0.640829 0.284715 1.073910 0.768900 0.631058 0.239948 1.201210 0.414669 0.100000 0.712472 0.290699 0.100000 0.215305 0.100000 0.911667 0.448139 0.537701 0.100000 0.247406 1.325248 0.100000 0.795860 0.433396 0.962042 0.250277 0.100000 0.342898 0.100000 0.100000 0.100000 1.184895 1.050960 0.100000 0.100000 0.849911 0.182424 0.322356 0.245944 0.962128 1.048725 0.918744 1.040801 
