80 Number of operations
29 Number of workers
Standard production times
0.436826 0.198809 0.331604 0.391055 0.455688 0.283821 0.369697 0.170513 0.277800 0.162097 0.574453 0.396892 0.633336 0.100000 0.551241 0.100000 0.330241 0.100000 0.539262 0.512992 0.495972 0.340811 0.315938 0.228077 0.318417 0.649516 0.100000 0.100000 0.538062 0.585624 0.717307 0.480261 0.146062 0.493841 0.660772 0.646257 0.445896 0.454722 0.266643 0.360484 0.497204 0.572092 0.100000 0.238532 0.100000 0.618461 0.282133 0.597837 0.392383 0.644536 0.657231 0.431644 0.169275 0.413947 0.588501 0.278597 0.308175 0.396599 0.569202 0.402256 0.238324 0.288863 0.302463 0.464080 0.450278 0.274325 0.171269 0.118233 0.100000 0.577667 0.456585 0.653838 0.442652 0.454075 0.641237 0.267259 0.435319 0.449011 0.525447 0.328855 
Production times: workers row and ops columns
0.580459 0.600879 0.201354 0.100000 0.878334 0.929043 0.100000 0.100000 0.463698 0.224092 0.204419 0.341387 0.658333 0.381918 0.383327 0.271729 0.766782 0.100000 0.390241 0.883013 1.002118 0.100000 0.558159 0.100000 0.565056 1.020225 0.772904 0.100000 0.328385 0.179591 1.215597 0.374032 0.100000 0.223743 0.992474 0.383789 0.100000 0.379190 0.278870 0.371447 0.453112 0.508779 0.242441 0.374208 0.100000 0.141126 0.953469 0.100000 1.154466 0.740805 0.273499 1.045561 0.223326 0.534854 0.671350 0.100000 0.955078 0.402008 0.549487 0.100000 0.100000 0.242296 0.339163 0.100000 0.400298 0.100000 1.082635 0.748272 0.801105 0.100000 0.212100 0.280556 0.217630 0.647837 0.280663 0.100000 0.409837 0.447965 0.505595 0.100000 
0.680174 0.100000 0.511332 1.069847 0.100000 1.067417 0.330364 0.100000 0.921368 0.100000 0.393226 0.153436 0.339597 0.492338 0.885287 0.100000 0.100000 0.100000 0.830420 1.390029 0.260045 0.398300 0.727514 0.100000 0.242297 0.486951 0.962961 0.100000 0.253193 1.687137 0.597364 0.611040 0.342269 0.902933 1.625054 0.342276 1.193357 0.348926 0.277341 0.100000 0.139359 0.168671 0.100000 0.594124 0.153708 0.507707 1.063644 0.313622 0.435716 0.100000 0.100000 0.104595 0.314368 0.758404 0.703701 0.362676 0.439130 0.318676 0.578712 0.968880 0.100000 0.374974 0.100000 0.727286 0.100000 0.322688 0.259092 0.100000 1.123227 0.526176 0.567812 0.301267 1.369657 0.927755 1.754274 1.105023 0.364999 0.989074 1.482172 0.504082 
0.366716 0.100000 0.374672 0.100000 1.082264 0.419611 0.863541 0.153749 1.007506 0.100000 1.628354 0.845920 0.729191 0.100000 0.280427 0.306053 0.405000 0.105645 0.488925 0.397873 0.728455 1.121875 0.500977 1.071521 0.230152 0.902017 0.100000 0.150019 0.100000 1.293813 0.619833 0.359923 0.314071 1.357871 0.100000 1.712061 0.100000 0.614925 0.196248 0.750699 0.100000 0.821246 0.100000 0.100000 0.100000 0.586705 0.100000 0.840972 1.204561 1.346142 0.117633 0.944883 0.670205 0.100000 0.100000 0.106887 0.137067 0.714928 0.686248 0.373344 1.095842 0.100000 0.703330 0.379147 0.370952 1.176074 0.100000 0.100000 0.100000 0.537926 0.100000 0.740607 2.100787 0.118340 1.224143 0.679103 0.168517 1.257581 1.055408 0.266357 
1.107211 0.100000 0.100000 0.624877 1.208144 0.783192 0.100000 0.349105 0.100000 0.118018 0.194901 0.173804 0.776876 0.152036 0.159867 0.747723 0.100000 0.104903 0.815017 0.100000 1.024864 0.498262 0.263174 0.402070 0.100000 1.710317 0.100000 0.163651 0.567521 0.699370 0.933853 0.100000 0.100000 0.511753 0.414962 1.455610 1.147171 0.113097 0.370572 0.217330 0.108495 0.571011 0.100000 0.825744 0.100000 0.742634 0.594881 0.890156 0.327257 0.227775 0.631485 1.175493 0.100000 0.898976 0.100000 0.557498 0.443078 0.532654 0.100000 0.746477 0.772456 0.100000 0.317802 0.100000 0.100000 0.100000 0.635823 0.100000 0.100000 0.249232 1.035859 0.528543 0.428087 0.918392 1.162193 0.156007 1.710117 1.195409 0.207240 0.441875 
0.832270 0.228812 0.100000 0.701494 0.705028 0.424734 0.100000 0.244505 0.610281 0.310233 0.624621 0.100000 0.198691 0.374667 1.052174 0.100000 0.855992 0.487772 1.095971 0.815086 0.585373 0.100000 0.312296 0.100000 0.269330 1.257799 0.100000 0.100000 0.921957 0.486865 0.460069 0.100000 0.625533 1.004941 0.591928 1.658717 1.034428 0.220238 0.256415 0.268858 0.909807 0.100000 0.100000 1.257118 0.167193 0.182393 0.827991 1.318831 0.683520 0.459935 0.972966 0.198735 0.100000 0.366723 0.809388 0.930114 0.422922 0.539145 0.100000 0.264844 0.100000 0.410781 0.100000 0.114860 1.284578 0.100000 0.271641 0.100000 0.100000 0.238992 0.790047 0.244806 0.462972 0.370160 0.663816 1.229614 0.100000 0.100000 0.653427 0.424178 
0.100000 0.850102 0.319273 0.741568 0.750405 0.100000 0.742747 0.100000 0.100000 0.667023 1.467831 0.229274 0.795578 1.125608 0.220595 0.100000 0.123536 1.036021 1.022845 1.085204 0.119694 0.205329 0.100000 0.913910 0.100000 0.738684 0.100000 0.100000 0.151991 0.756569 0.984137 0.688679 0.727218 0.895753 0.481948 0.529264 0.100000 0.271613 1.004995 0.124352 0.858209 0.350014 0.100000 0.153436 0.100000 1.611924 0.381763 0.100000 0.597649 0.545398 0.476504 0.100000 0.100000 0.429326 1.155022 0.539314 0.286767 0.410131 0.274003 0.967585 0.338561 0.858041 0.386783 0.319362 0.100000 1.350065 0.100000 1.136204 0.100000 0.100000 0.416722 1.094427 0.165773 0.962149 0.100000 0.100000 0.699104 0.100000 0.285935 0.232842 
0.100000 0.752519 0.100000 0.183005 0.527044 0.100000 0.724361 0.107529 0.281022 0.100000 0.100000 0.100000 0.665487 0.295417 1.174148 0.100000 0.100000 0.100000 0.875925 1.416939 0.869602 0.844410 0.100000 0.546041 0.509046 1.352706 0.100000 0.100000 0.650730 0.614082 0.100000 0.829153 0.100000 0.820995 0.113876 1.544258 0.454662 0.203930 0.706574 0.368505 0.100000 1.115883 0.100000 0.610198 0.648831 1.452464 0.100000 0.783074 0.554730 1.551240 0.123183 0.558757 0.220886 0.806607 0.984528 0.100000 1.321480 0.852062 1.443213 0.430180 0.682111 0.484949 0.911318 1.187679 0.100000 0.458198 0.197404 0.702792 0.640339 1.224887 0.505783 0.546500 0.965601 0.184705 0.416529 0.100000 1.029837 0.100000 0.100000 0.100000 
0.496703 0.314035 0.361937 0.453272 0.100000 0.824722 0.181329 0.100000 0.306527 0.100000 1.042367 0.519439 0.100000 0.610782 0.601256 0.702168 1.013953 0.417380 1.039107 0.100000 0.913797 0.100000 0.714081 0.100000 0.483627 0.594732 0.372534 0.100000 1.924715 1.148172 1.099006 0.260006 0.186896 1.295230 1.079826 0.649236 0.100000 0.520487 0.396818 0.169177 1.810645 1.174062 0.100000 0.211878 0.100000 1.228601 0.100000 0.100000 0.320656 0.363843 0.650028 0.622304 0.100000 0.713614 1.235762 0.269410 0.100000 0.924241 1.660345 0.100000 0.100000 0.100000 0.670738 0.100000 0.159109 0.100000 0.166010 0.246305 0.100000 0.100000 0.557507 1.139001 0.511210 0.510174 0.100000 0.292189 0.100000 0.834491 0.636473 0.617751 
0.479525 0.205299 1.227263 1.001220 0.100000 0.100000 0.465706 0.617946 0.100000 0.100000 0.360120 0.173988 0.100000 0.582277 0.990009 0.100000 0.935244 0.100000 0.806460 0.987188 0.572687 0.119052 0.100000 0.100000 1.362630 0.769318 0.100000 0.100000 0.262332 0.350345 0.852538 0.515230 0.285735 0.136164 1.395616 0.942081 0.100000 0.100000 0.667860 0.107647 0.667472 0.761990 0.100000 0.100000 0.604864 0.100000 0.670455 0.174598 0.474601 1.366633 0.383375 0.100000 0.982368 0.646355 0.870620 0.100000 0.431125 0.612927 0.132826 0.100000 0.123992 0.703446 0.435399 0.100000 0.100000 0.226039 0.150583 0.544716 0.323253 0.470331 1.426651 0.576644 0.273304 0.177985 0.795846 0.328410 0.196733 0.283521 0.755854 0.100000 
0.254890 0.148200 0.142770 0.100000 0.100000 0.100000 1.330282 0.575370 0.100000 0.691566 0.492910 0.697192 0.100000 0.100000 0.941089 0.533902 0.100000 0.100000 0.449776 0.361227 0.385010 0.100000 0.576676 0.100000 0.279235 1.489496 0.100000 0.100000 1.035719 0.790184 1.346444 0.100000 0.394374 0.421596 1.094233 0.764761 0.100000 0.559516 0.670135 0.100000 0.618615 0.894003 0.775496 0.100000 0.234552 0.656257 0.449435 0.547808 0.995861 1.214773 0.100000 0.100000 0.689610 0.100000 0.143566 0.117831 0.100000 0.220573 0.424470 0.650257 0.583445 0.100000 0.775019 0.154226 0.855624 1.120925 0.100000 0.100000 0.982850 0.325932 0.992037 1.165562 0.100000 0.696013 0.734291 0.100000 0.883305 0.100000 0.909892 0.797995 
0.849551 0.334296 0.100000 0.601220 0.279215 0.168101 1.043893 0.469869 0.100000 0.309873 1.099105 0.838174 1.017085 0.100000 0.636492 0.100000 0.573889 0.684644 0.904366 0.402606 0.813421 0.434758 1.396681 0.153057 0.100000 0.724509 0.701373 0.567347 0.613667 1.404221 1.413241 0.138374 0.354178 1.143822 1.083331 0.870319 0.968452 0.239235 0.696928 0.336904 0.890183 1.316923 0.104660 0.441696 0.172016 0.100000 0.444805 0.554085 0.610127 0.100000 0.142531 0.512943 0.517562 1.271965 0.883511 0.236182 0.447536 0.100000 0.555958 0.100000 0.960276 0.100000 1.166068 0.386059 0.100000 0.100000 1.005231 0.478955 0.100000 0.674181 0.485301 0.412018 0.331859 0.191124 0.785397 0.971218 0.831234 0.525505 1.218884 0.851815 
0.100000 0.100000 0.100000 1.219502 0.100000 0.100000 0.348901 0.100000 0.237403 0.100000 0.515663 0.667493 0.319273 0.680670 0.414406 0.100000 0.252540 0.834671 0.715582 0.100000 0.100000 0.178030 0.100000 0.100000 0.100000 0.713930 0.100000 0.522971 0.372511 0.330334 0.514540 0.118706 0.100000 0.988801 0.966617 0.851275 0.100000 1.845640 0.100000 0.100000 0.100000 0.492303 0.117478 0.611287 0.100000 1.563786 0.100000 0.944958 0.302665 0.115288 0.401620 0.444254 0.652530 0.100000 0.695224 0.100000 0.487259 0.100000 0.756246 0.100000 0.727545 0.761891 0.511659 0.988725 0.942932 0.416967 0.100000 0.100000 0.576387 1.613638 0.990784 0.720410 0.559757 0.100000 1.331681 0.100000 0.242822 0.416120 0.533441 1.066407 
0.100000 0.100000 0.493548 0.865413 0.347345 0.100000 0.821318 0.134245 1.042886 0.100000 1.019163 0.100000 0.581310 0.100000 1.685451 0.100000 0.100000 0.100000 1.284756 0.689383 0.719949 0.284111 0.100000 0.100000 0.536963 0.596830 0.539375 0.100000 0.722738 0.596910 1.276526 0.205778 0.469777 0.100000 0.141539 0.365311 0.238151 0.249318 0.221462 0.795607 0.983146 0.285133 1.099887 0.451657 0.100000 0.308197 0.100000 0.147912 1.270397 0.100000 0.100000 0.100000 0.100000 0.100000 0.100000 0.357247 0.437320 0.475987 0.100000 0.725110 0.531350 0.100000 0.100000 1.051481 0.577767 0.100000 0.637039 0.100000 0.129402 0.211722 0.491978 0.848149 0.798338 0.635283 1.186586 0.100000 0.162328 0.100000 0.515812 0.510605 
0.100000 0.396700 0.100000 0.572012 0.844047 0.108624 0.174558 0.100000 0.314329 0.682122 0.100000 0.100000 0.338857 0.100000 0.558853 0.100000 0.439551 0.100000 0.402810 0.938277 0.353656 0.100000 0.149483 1.046172 0.534135 0.496186 0.100000 0.114600 1.273169 0.100000 0.100000 0.160145 0.100000 0.100000 0.723214 0.643201 0.484067 0.864084 0.839934 0.597428 0.704491 0.100000 0.100000 0.260992 0.100000 0.756429 0.100000 0.625060 0.100000 1.124792 0.571087 0.538805 0.400327 0.714172 0.100000 0.880636 1.294075 0.133669 0.265243 0.315919 0.758434 0.797647 0.100000 0.112605 0.309809 0.648262 0.100000 0.100000 0.100000 1.861943 0.106663 0.279582 0.100000 0.460643 0.504660 0.497770 0.277550 0.274306 1.294892 0.118460 
1.015194 0.410371 1.044412 1.817340 0.413883 0.356311 0.100000 0.226327 0.100000 0.100000 0.851842 1.200045 0.100000 1.354721 0.696664 0.100000 1.026610 0.578092 1.249553 0.161570 0.158974 0.100000 0.100000 0.300281 0.150467 0.902793 0.476995 0.100000 1.072944 0.100000 0.402064 1.389793 0.221441 0.100000 0.464437 1.302941 0.100000 0.872165 0.563671 0.286434 1.237527 0.120368 0.100000 0.100000 0.100000 0.558730 0.608176 0.408746 0.100000 1.493212 0.646826 0.516490 0.928791 0.710259 1.291672 0.593963 0.167147 1.839934 1.061720 0.343154 0.227404 0.333796 0.806448 0.100000 0.708494 0.100000 0.100000 0.100000 0.100000 0.100000 0.533951 0.100000 0.622363 0.100000 0.476550 1.020197 0.100000 0.399317 0.100000 0.244698 
0.219256 0.100000 1.185686 0.529433 0.100000 0.334715 0.100000 0.100000 0.100000 0.795505 0.964857 0.296000 0.905744 0.207223 0.805268 0.100000 0.100000 0.100000 1.038948 0.328769 1.313346 0.100000 0.100000 0.697152 0.100000 1.508158 0.100000 0.100000 0.755406 0.444941 0.926251 0.100000 0.332015 0.355851 0.370079 0.496653 0.100000 0.605415 0.366518 0.100000 0.679071 1.068726 0.100000 0.665220 0.544916 0.100000 0.100000 0.100000 0.100000 0.601395 0.624946 0.478585 0.163289 0.109842 0.894751 1.305798 0.100000 1.296176 0.762199 0.965516 0.349786 0.203769 0.194488 0.132450 0.620298 0.314851 0.100000 0.100000 0.618494 0.841499 0.516862 0.100000 0.696447 1.299895 0.571806 0.353680 0.856054 0.254919 0.914926 0.357883 
1.056779 0.457109 0.301932 0.100000 0.100000 0.183940 1.408391 0.100000 0.311288 0.542252 0.455720 0.100000 0.100000 0.100000 0.100000 0.100000 0.186472 0.818571 0.355938 0.864343 0.100000 0.492596 0.646605 0.100000 0.100000 1.060280 0.100000 0.155068 0.568925 0.100000 1.117181 0.627596 0.100000 0.439611 1.428500 0.586345 0.782647 0.761939 0.635623 0.827485 0.610711 0.298463 0.100000 0.552176 0.410623 0.425676 0.437308 1.368999 0.372428 0.523848 1.414497 0.120974 0.166481 0.718820 1.657788 0.100000 1.206269 0.843874 0.377765 0.100000 0.372790 0.928463 0.100000 0.313020 0.515137 0.711995 0.657456 0.667456 0.100000 0.695959 0.100000 0.376974 0.444001 0.369749 0.782885 0.100000 0.212905 0.100000 0.630581 0.106022 
0.487705 0.762419 0.100000 0.373868 0.100000 0.493073 0.100000 1.295347 0.879335 0.388438 0.100000 0.389917 1.777713 0.100000 0.788201 0.100000 0.100000 0.284555 0.907641 0.909477 0.727300 1.630247 0.100000 0.224279 1.079231 0.100000 0.528920 0.257142 0.254123 1.556006 0.100000 0.560113 0.288030 0.989576 1.206705 1.373671 0.902328 0.279491 0.222008 0.702774 0.817859 0.100000 0.250564 0.100000 0.437071 0.213550 0.100000 0.178494 0.686459 0.539641 0.459911 0.100000 0.810459 0.100000 0.100000 0.100000 0.100000 1.466734 0.779737 1.327302 0.262779 0.100000 0.575997 0.859949 0.348734 0.100000 0.100000 0.100000 0.100000 0.311065 1.153551 0.748784 0.257960 0.719887 1.291427 0.526098 0.448926 0.749939 0.437770 0.221438 
1.273363 0.630996 0.100000 0.100000 0.832248 0.774872 0.545721 0.636176 0.195290 1.197032 1.350863 0.100000 0.100000 0.346935 0.194075 0.100000 0.100000 0.309313 0.722788 0.511642 0.625756 0.561594 0.599942 0.687655 0.100000 1.495043 0.295947 0.100000 0.259692 1.029920 1.639288 0.752578 0.100000 1.039588 0.745110 0.477503 0.100000 1.168670 0.764024 0.841271 0.357300 1.006415 0.945059 0.722589 0.769081 0.100000 0.100000 0.234560 0.100000 0.257877 0.780575 0.350279 0.840908 0.656143 0.270933 0.313502 0.100000 0.256035 0.999921 0.100000 1.262345 0.100000 0.143549 0.354908 1.034155 0.279174 0.563395 0.100000 0.264349 0.100000 0.100000 0.153062 0.100000 0.786137 0.647339 0.100000 0.613737 0.775997 0.718263 0.780542 
0.100000 0.100000 0.814582 0.766604 0.220718 0.534373 0.196137 0.100000 0.537869 0.752757 0.100000 0.525878 0.157980 0.652063 0.827397 1.123696 1.246100 0.100000 0.511847 0.100000 0.388899 0.100000 0.992893 0.249832 0.706808 0.100000 0.100000 0.326676 0.646236 0.336981 1.132596 0.100000 0.100000 0.508670 0.143115 0.312533 0.100000 1.516208 0.100000 0.100000 0.541689 0.100000 0.148055 0.767952 0.100000 0.100000 0.807460 1.314764 0.690471 0.100000 0.326098 0.505738 0.100000 0.898704 0.100000 0.100000 0.103265 0.981034 0.581059 0.736374 0.673963 0.674723 0.366488 0.100000 0.229411 0.100000 0.100000 0.100000 0.453058 0.100000 0.490565 0.817074 0.268792 1.023578 0.100000 0.100000 0.530984 0.577136 1.839913 0.100000 
0.100000 0.100000 0.427988 0.651831 0.100000 0.100000 0.221430 0.682800 0.100000 0.340448 0.334215 0.586789 1.299696 0.307050 0.272021 0.100000 0.474866 0.100000 0.550045 0.716904 0.405277 0.398397 0.100000 0.725810 0.100000 0.416856 0.100000 0.862450 0.357512 0.328650 0.495861 0.714290 0.551246 0.775568 0.174750 0.702678 0.100000 0.100000 0.100000 0.100000 1.090681 0.100000 0.100000 0.529848 0.842040 1.839374 0.657010 0.622097 0.267000 0.592150 0.100000 0.505388 0.100000 0.155321 0.170750 0.467883 1.029436 0.697645 0.282677 0.100000 0.612109 0.802240 0.186902 0.210491 0.100000 0.100000 0.100000 0.111007 0.100000 0.947608 1.390608 0.750774 0.658443 0.100000 0.289004 0.526603 1.112181 1.499945 1.346220 0.100000 
0.100000 0.100000 0.100000 0.100000 0.688172 0.100000 0.100000 0.100000 0.100000 0.100000 0.548758 0.260377 0.271558 0.100000 1.077397 0.532654 0.371925 0.100000 0.361675 0.314217 0.662025 0.100000 0.885183 0.100000 0.837986 0.990736 0.100000 0.492078 0.240238 0.867415 1.243707 0.100000 0.862749 0.282926 0.690083 0.374722 0.337515 0.100000 0.591104 0.620259 0.709269 0.197073 0.100000 0.100000 0.100000 0.665666 0.253911 0.706656 0.504448 0.980127 0.234456 0.100000 0.443009 1.087850 0.611002 0.100000 0.875904 0.100000 0.100000 0.950357 0.657012 1.011833 0.684734 0.245706 0.748932 0.100000 0.100000 0.100000 0.643311 0.183773 1.026033 1.111205 0.868892 0.163974 0.677271 0.647425 0.733519 1.165682 0.130489 0.100000 
0.313977 1.116243 0.627180 0.588453 1.092808 0.209415 0.548208 0.191369 0.427598 0.160025 1.313968 0.555568 0.637393 0.103603 0.100000 0.100000 0.540294 0.100000 0.100000 0.100000 0.517539 0.664511 0.356705 0.100000 0.246573 1.353282 0.445708 0.100000 0.599566 1.229913 0.318642 0.272161 0.100000 0.794440 0.305419 1.451774 0.100000 0.632976 0.852053 0.483817 1.010255 0.100000 0.100000 0.475369 0.459203 0.727470 0.427916 0.799637 0.739460 0.191173 0.412002 0.645955 0.100000 0.195318 0.487778 0.774163 0.770554 0.997142 0.299851 0.803750 0.100000 0.101723 0.100000 1.080271 0.963859 0.751975 0.168041 0.537738 0.586294 0.100000 0.492974 0.511156 0.636511 0.751611 0.529300 0.285589 0.467389 0.124684 0.142742 0.455027 
0.331325 0.100000 0.100000 1.171465 0.629878 0.212677 0.323727 0.100000 0.465852 0.180781 0.897282 0.181431 0.232358 0.100000 0.100000 0.208266 0.623769 0.100000 0.100000 1.364410 0.233406 0.100000 1.671086 0.100000 0.242825 0.100000 0.100000 0.752541 0.673413 0.571194 1.046966 0.100000 0.100000 0.100000 0.655944 1.719102 0.740689 0.336404 0.100000 0.328282 0.584401 0.100000 0.100000 0.100000 0.100000 0.347603 0.205257 0.618195 0.136237 0.876194 0.208508 0.317496 0.100000 0.240557 0.464266 0.100000 0.100000 0.720577 0.905717 0.221177 0.478481 0.296437 0.100000 0.100000 0.108935 0.485881 0.100000 0.689118 0.100000 1.057742 0.100000 1.103286 0.100000 0.992953 0.566173 0.142712 0.100000 0.461951 0.740623 0.289018 
0.718676 1.000854 0.403717 0.100000 1.080497 0.872784 0.432073 0.100000 0.910290 0.227908 0.859438 0.100000 1.506824 0.100000 0.510990 0.100000 0.100000 0.100000 1.452173 0.135017 1.347967 0.250523 0.100000 0.320695 0.241895 1.244308 0.100000 0.100000 0.100000 0.878499 1.240606 0.379404 0.100000 0.100000 0.235542 0.100000 0.242599 0.177612 0.259605 0.100000 0.238047 0.278771 0.100000 0.100000 0.533222 0.100000 0.100000 0.100000 0.272904 0.764287 1.416882 0.559739 0.100000 0.756796 0.785281 0.224898 0.100000 1.138464 0.364292 0.100000 0.486772 0.249002 0.587424 0.193687 0.157512 0.697130 0.100000 0.100000 1.330111 0.100000 0.634197 1.934613 0.219392 0.910054 0.646183 0.380860 1.090112 0.559083 0.723306 0.100000 
0.100000 0.522273 0.100000 0.281459 0.471647 0.860062 0.445725 1.176575 0.344930 0.509912 1.330243 0.252140 0.493777 1.190924 0.472657 0.100000 0.100000 0.453212 0.100000 0.287273 0.656491 0.100000 0.106276 0.113108 0.231484 0.818742 1.289810 0.100000 0.100000 1.311094 1.327437 0.629382 0.100000 0.614438 0.270749 0.100000 0.969997 0.425439 1.056711 0.633193 0.100000 1.046974 0.100000 0.100000 0.200413 0.603029 0.100000 0.827775 0.551849 0.844205 0.558626 0.579806 0.100000 0.100000 1.116252 0.100000 0.100000 0.872258 0.939215 0.324873 0.100000 1.136523 0.100000 0.252292 1.635657 0.368245 0.863112 0.100000 0.100000 1.230387 0.520303 0.100000 0.465103 0.190930 0.963015 0.100000 0.367480 0.100000 0.876381 0.100000 
0.496212 0.930933 0.100000 0.693342 0.298085 0.100000 0.631268 0.100000 1.218052 0.100000 1.390884 1.528556 0.832433 0.100000 0.593293 0.100000 0.582452 0.418014 0.712009 0.669531 0.991114 0.504554 0.959716 0.425566 0.527657 0.502261 0.837905 0.100000 1.665824 0.361444 0.972162 0.731524 1.031895 0.642297 0.706788 0.310806 1.313298 0.563614 0.100000 0.393212 1.058002 0.956933 0.525038 0.368599 0.100000 1.365586 0.100000 0.479790 0.130288 0.690134 1.143775 0.441914 0.100000 1.684489 0.521800 0.239244 0.638159 0.116011 0.160015 0.370146 1.183591 0.446992 0.705961 0.100000 0.100000 0.762082 0.391311 0.100000 0.509458 0.100000 0.135832 0.179078 0.100000 0.642972 1.333794 0.810035 0.100000 0.100000 0.517489 0.588546 
0.372451 0.145395 0.100000 0.808811 0.352150 0.100000 0.100000 0.742489 0.100000 0.113172 0.110354 0.100377 0.396314 0.100000 0.910934 1.155501 0.463483 0.100000 0.614041 0.768949 1.215314 0.550972 0.100000 0.853470 0.569223 1.140702 0.100000 0.100000 0.390887 0.481827 0.633721 0.807182 0.933558 0.470189 0.433336 1.463410 0.725348 0.100000 0.100000 0.196874 0.492929 0.117657 0.722161 1.217391 0.100000 0.405729 0.224068 0.578660 0.523146 0.104986 0.344235 0.100000 0.531337 0.715688 0.245712 0.403215 0.130667 0.719127 0.592141 1.213895 1.003838 0.697866 0.100000 0.769341 0.876963 0.627307 0.970922 0.283236 0.228419 0.207280 0.591700 0.428688 0.100000 0.699639 1.031409 0.763940 0.565305 0.100000 1.227708 0.357202 
0.100000 0.100000 0.539501 0.100000 0.224280 0.556311 0.595746 1.346790 0.100000 0.247611 1.271925 0.100000 0.743642 0.100000 0.691896 0.100000 0.100000 0.100000 0.678260 0.100000 0.823354 0.491551 0.100000 0.560813 0.679896 0.742377 0.100000 0.241323 0.822264 0.254700 0.227326 0.518124 0.100000 1.704203 1.333824 0.177573 0.415269 0.723337 0.554345 0.319345 0.943549 1.377476 0.100000 0.560700 0.200800 1.120716 0.100000 0.826558 0.292157 0.564604 0.783052 0.618471 0.307866 0.478939 0.100000 0.100000 0.108234 0.100000 0.677296 1.049160 0.971714 0.219827 0.100000 1.213462 0.611776 0.529370 1.443441 0.100000 0.100000 0.100000 0.578925 1.159085 0.789620 0.931095 1.681420 0.285213 0.100000 0.100000 0.211870 0.100000 
