92 Number of operations
29 Number of workers
Standard production times
0.395487 0.532490 0.222502 0.307822 0.261232 0.472611 0.856732 0.348992 0.510849 0.592732 0.929213 0.391227 0.206876 0.575733 0.100000 0.623915 0.189126 0.198222 0.386496 0.383715 0.967043 0.350765 0.541102 0.253267 0.159032 0.456081 0.295062 0.100000 0.627160 0.519564 0.619080 0.716055 0.419631 0.380416 0.100000 0.410165 0.555420 0.278717 0.305743 0.100000 0.571778 0.269913 0.412373 0.663896 0.543813 0.237312 0.591981 0.366152 0.400966 0.541476 0.611755 0.607141 0.514341 0.395286 0.100000 0.249166 0.430479 0.769328 0.427803 0.599307 0.100000 0.665435 0.232499 0.665336 0.283636 0.157893 0.336602 0.575480 0.716322 0.403792 0.756102 0.159809 0.168989 0.100000 0.420959 0.465930 0.486587 0.338208 0.671367 0.487711 0.500298 0.406885 0.239311 0.920120 0.766699 0.107835 0.345230 0.236004 0.523856 0.285424 0.450900 0.678319 
Production times: workers row and ops columns
0.100000 0.987033 0.100000 0.100000 0.140232 0.100000 1.451112 0.434240 0.843808 0.100000 1.282880 0.100000 0.768539 0.863288 0.100000 0.751566 0.149165 0.100000 0.100000 0.442891 1.783240 0.100000 0.688496 0.134976 1.148435 0.100000 0.708870 0.100000 0.592866 0.818832 0.443961 0.100000 0.621133 0.100000 0.100000 0.426736 0.464049 0.100000 0.789717 0.462597 0.579482 1.038098 0.355672 0.817937 1.376298 0.175164 0.463216 0.904815 0.308357 1.124044 0.758674 0.246246 0.100000 0.100000 0.444934 0.158729 0.834873 0.837525 0.433525 1.550612 0.100000 0.681852 0.744490 0.751505 0.735974 0.392542 0.206496 0.687025 0.144576 0.102971 0.912322 0.356136 0.606060 0.100000 0.655812 0.681025 0.819282 0.100000 0.593545 0.100000 0.693898 0.264913 0.727098 1.423204 0.409937 0.676663 0.647510 0.100000 0.858624 0.219877 0.100000 1.465869 
0.224479 1.041923 0.483092 0.100000 0.100000 0.374865 1.240618 0.100000 0.278618 0.753071 0.859826 1.005839 0.258487 0.100000 0.100000 0.349260 1.149598 0.100000 0.510172 0.147163 1.278776 0.523373 0.104003 0.229660 0.100000 0.575725 1.515392 0.261344 0.378654 0.989383 0.887604 1.167140 0.717508 0.565896 0.100000 0.512883 0.100000 0.908638 0.359190 0.751854 0.121007 0.100000 0.106100 0.100000 0.396338 0.218053 0.203656 0.244015 1.100287 0.148364 0.430102 0.334104 0.533012 1.439098 0.100000 0.100000 0.481601 0.888851 0.131619 0.621432 0.100000 1.068316 0.100000 0.400394 0.100000 0.100000 0.100000 0.572535 0.100000 0.100000 0.254194 0.100000 0.100000 0.100000 0.596842 0.110084 0.100000 0.863234 0.533808 0.948119 0.748933 1.599011 0.492382 0.817109 0.878268 0.221718 0.709075 0.229456 0.329924 0.100000 1.465409 0.707101 
0.100000 0.100000 0.100000 1.013425 0.981392 0.924709 0.637543 0.915900 1.066148 0.100000 0.649213 0.896908 0.100000 0.100000 0.348875 0.191077 0.100000 0.100000 0.100000 0.856773 1.681416 1.302609 0.100000 0.100000 0.495925 0.267602 0.100000 0.100000 1.361518 1.689320 0.100000 0.693737 1.165371 0.410244 0.171230 1.087971 0.789137 0.100000 0.100000 0.100000 0.100000 0.814515 0.304996 1.052949 0.715900 0.805926 0.575000 0.804903 0.445492 0.807619 0.646760 0.862916 0.100000 0.762059 0.184606 0.509595 0.704909 0.795094 1.121329 1.846901 0.130181 0.369255 0.100000 1.340834 0.614367 1.083033 0.451301 0.100000 0.100000 0.249275 0.515003 0.249159 0.100000 0.100000 0.100000 0.657446 0.100000 0.100000 0.634277 0.833902 0.701353 0.871659 0.643291 0.100000 0.100000 0.598052 0.415718 0.651696 0.585209 0.635183 0.785310 1.320946 
0.555896 0.100000 0.746747 1.170423 1.414619 0.993281 1.344341 0.725060 1.430636 0.357080 0.659443 0.323709 0.100000 1.292227 0.100000 0.813244 0.100000 0.100000 0.357007 0.548450 0.666961 0.597728 0.298441 1.035279 0.100000 0.677083 0.168697 0.672828 0.413257 0.123618 0.391492 1.603113 0.100000 0.100000 0.615788 1.084435 0.353074 0.100000 0.307901 0.100000 0.100000 0.226211 0.100000 0.550879 0.100000 0.100000 0.532694 0.628339 0.400160 0.457058 1.067761 0.896707 0.924917 0.909895 0.100000 0.100000 0.100000 0.707168 0.100000 0.517045 0.100000 0.100000 0.523038 0.748011 0.100000 0.100000 0.147963 0.936040 0.350939 0.171588 0.100000 0.100000 0.100000 0.100000 0.100000 1.511806 0.100000 0.865862 1.058574 0.102176 0.998175 1.079026 0.100000 1.011916 0.165311 1.251921 0.100000 0.100000 1.403336 0.671144 1.105494 0.100000 
0.100000 0.100000 0.402204 0.100000 0.100000 0.100000 0.588553 0.277378 0.661060 0.854131 1.268347 0.241550 0.100000 0.529483 0.274162 0.356529 0.100000 0.393491 1.171255 1.636952 0.894350 0.100000 0.783349 0.100000 0.889044 0.310057 0.222379 0.100000 0.123948 0.480195 0.880942 1.796556 0.308291 1.010877 0.100000 0.100000 0.264134 0.834549 0.100000 0.100000 1.356871 0.576463 0.252739 0.100000 0.232182 1.187300 0.100000 0.479400 0.283688 0.630097 0.100000 0.478154 0.441785 0.100000 0.100000 0.608317 1.775160 0.100000 0.100000 0.186136 0.298811 0.546014 1.184595 0.710165 0.100000 0.301499 0.994043 0.532042 0.400633 0.100000 1.471360 0.617195 0.100000 0.100000 0.100000 0.100000 1.156092 0.406814 0.407961 0.896513 0.780876 0.100000 0.100000 0.756624 0.313819 0.229799 0.293084 0.100000 0.987606 0.276810 0.580463 1.065660 
0.752182 0.113671 0.254547 0.290354 0.100000 1.716810 1.571426 0.622804 0.515328 1.141351 0.215330 0.896814 0.100000 0.705881 0.100000 0.100000 0.100000 0.100000 0.329387 0.785963 1.670403 0.277427 0.528053 0.380324 0.510361 0.432171 0.100000 0.100000 0.625006 0.833189 0.100000 0.728032 0.100000 0.334736 0.100000 0.755986 1.086540 0.100000 0.100000 0.819080 1.469976 0.452154 0.604630 1.051053 0.100000 1.003919 0.100000 0.647059 0.227526 0.268445 0.100000 0.262459 0.100000 1.149254 0.100000 0.270858 0.556820 0.529826 0.332591 0.100000 0.948740 1.127393 0.100000 0.354036 0.429138 0.554012 0.740177 0.196173 0.100000 0.952928 0.672057 0.100000 0.327245 0.100000 0.215366 1.258283 0.100000 0.190255 0.100000 0.100000 0.987807 1.293330 0.488336 1.158375 1.205210 0.100000 0.100000 0.649184 0.757239 1.102719 0.929966 0.193047 
0.100000 0.100000 0.357517 0.100000 1.306249 0.100000 0.846304 0.294846 0.557699 0.167092 0.100000 0.330770 0.100000 0.100000 0.100000 0.849619 0.100000 1.246976 0.925667 0.186653 0.604002 0.596179 0.261381 0.100000 0.100000 0.247193 0.100000 0.100000 0.100000 0.418815 0.654271 0.341214 1.136790 0.993815 0.100000 0.559722 0.514452 0.100000 1.020345 0.100000 0.100000 0.100000 0.423002 0.561115 0.210427 1.298699 0.537910 0.753580 0.100000 0.738102 0.100000 0.746639 0.708682 0.456399 0.100000 0.771891 0.589722 1.070791 0.100000 0.618845 0.100000 0.416095 0.518424 0.100000 0.100000 0.259759 0.425914 1.272260 0.237497 0.179113 0.149421 0.158858 0.163735 0.529933 0.291570 0.762410 1.220905 0.100000 0.287747 0.394143 1.334279 0.100000 1.354860 1.349624 0.831360 0.100000 0.238857 0.650537 0.234155 0.100000 0.100000 0.948631 
0.100000 0.100000 0.454205 0.371158 0.713678 0.100000 0.301226 0.809637 0.502707 0.100000 0.956680 0.100000 0.100000 0.714854 0.100000 0.614475 0.100000 0.100000 1.003139 0.100000 1.680984 0.100000 0.100000 0.844542 0.587692 0.675013 0.554223 0.722879 0.100000 0.628827 1.180201 1.636414 0.190158 0.100000 0.100000 0.152596 0.100000 0.100000 0.100000 0.100000 0.100000 0.347658 0.478360 0.403642 1.306782 0.100000 1.736293 0.567911 0.796766 0.100000 1.900473 0.532989 0.484066 0.376341 0.618992 0.100000 0.906749 0.520840 0.699036 0.303676 0.100000 0.864557 0.728897 1.060001 0.568687 0.100000 0.100000 0.496130 0.100000 2.067966 0.835051 0.660733 0.100000 0.707145 0.401238 0.271980 1.205429 0.158169 0.696827 0.334201 0.405517 0.100000 0.662706 1.628258 0.386818 0.100000 0.358024 0.831325 0.224113 0.100000 1.012867 0.303786 
1.569148 0.100000 0.100000 0.482804 0.100000 0.100000 0.100000 0.504875 1.032607 0.204225 1.458054 0.771933 0.100000 0.295360 0.100000 0.790384 1.137313 0.222217 0.972164 0.100000 0.649592 0.100000 0.355887 0.100000 0.100000 0.141679 0.342612 0.405890 0.640010 0.233014 0.706663 0.855187 0.626085 0.252367 0.445672 0.224500 0.489725 0.329356 0.100000 0.100000 0.146919 0.100000 1.040536 0.637125 0.934349 0.349653 0.481294 0.471471 0.925907 0.100000 0.827885 0.100000 0.827070 0.179274 0.100000 0.100000 0.290379 1.040853 0.100000 0.100000 0.100000 0.682406 0.201529 1.076457 0.100000 0.397254 0.311166 0.100000 0.100000 0.453512 0.100000 0.447913 0.100000 0.500496 0.436886 0.100000 0.434753 0.100000 0.881618 0.504258 0.100000 0.154126 0.258679 1.174277 0.714966 0.269239 0.302865 0.100000 1.120519 0.244064 0.765734 0.366875 
0.303461 0.316261 0.100000 0.674783 0.311891 0.869892 1.535143 0.100000 0.611375 0.630788 0.445426 0.603255 0.100000 0.511355 0.456598 0.144210 0.100000 0.544935 0.204414 0.100000 0.734377 0.861821 1.238280 0.714613 1.033047 0.100000 0.692317 0.183222 1.061776 1.003704 0.776968 0.468047 0.695900 0.100000 0.268002 0.263299 0.100000 0.990593 0.100000 0.188388 0.100000 0.100000 0.776636 0.285353 0.160866 1.186196 0.100000 1.142198 0.100000 0.559768 0.556267 0.702243 0.100000 1.113596 0.100000 0.368286 0.301342 0.427002 0.570800 1.159414 0.302200 0.436509 0.195504 0.292389 0.364482 0.100000 1.361450 1.471310 0.463400 0.134618 1.155365 0.397569 0.100000 0.155504 0.100000 0.947969 0.100000 0.212519 0.349478 0.100000 0.631500 0.438039 0.100000 0.570864 0.785973 0.409083 0.100000 0.100000 1.291411 0.766767 0.284820 0.940945 
1.185872 1.498618 0.108762 0.580748 0.110891 0.397652 1.207646 0.100000 1.525179 0.215259 1.739190 0.467126 0.962168 0.444867 0.980992 0.522148 0.449501 0.400293 0.637771 0.100000 0.958790 0.310434 0.316995 0.284518 0.839047 0.100000 0.100000 0.100000 0.486954 0.839980 0.853204 1.442791 0.263181 0.100000 0.172783 0.613919 0.375497 0.124363 0.287018 0.274621 0.252032 0.470597 0.100000 0.671550 0.403066 0.236203 0.720564 0.549934 0.100000 0.597299 0.194217 0.955025 0.434375 0.203533 0.929809 1.116487 0.244108 1.340683 0.481055 0.421067 0.100000 0.532209 0.693822 1.510363 0.381590 0.100000 1.181892 0.847568 1.165904 0.492333 0.487735 0.100000 0.100000 0.100000 0.623480 1.094863 0.812130 0.174019 0.870588 1.006219 0.923028 0.534176 0.731534 0.571746 1.307221 0.100000 0.430680 0.100000 0.118498 0.142775 0.100000 1.598585 
0.100000 0.100000 0.100000 1.025981 0.747556 0.323708 1.632089 0.684068 0.556238 1.208675 0.747234 0.100000 0.100000 0.335990 0.100000 0.866793 0.119858 0.756129 0.604332 0.573988 1.485858 0.611393 0.729786 0.942290 0.100000 0.100000 0.216433 0.100000 0.100000 0.100000 0.514941 0.249156 0.239066 0.100000 0.100000 0.100000 0.160141 0.313733 0.100000 0.100000 0.803612 0.100000 0.692577 0.972517 0.242082 0.100000 0.100000 0.810233 0.208568 0.481339 0.290029 1.046993 0.823215 0.100000 0.777144 0.100000 1.042202 0.825500 1.440576 0.100000 0.569385 0.959188 0.186731 0.188832 0.434471 0.323059 0.100000 0.666475 0.990214 0.564791 1.266619 0.152474 0.100000 0.100000 0.100000 1.148148 1.553509 0.492683 0.100000 1.433490 0.369016 0.100000 0.563210 0.636508 0.447698 0.432996 1.241626 0.701515 0.113430 0.213924 0.240664 0.792788 
0.120537 0.651239 0.100000 0.631330 0.356912 0.453733 0.907665 0.644860 1.001052 0.896156 0.594545 0.589471 0.831790 0.496499 0.100000 1.016145 0.344618 0.698360 0.270480 0.327591 0.750626 1.152895 0.529978 0.234247 0.100000 0.408044 0.100000 0.100000 0.481231 0.670893 1.528791 1.170075 0.750610 0.406300 1.059102 0.100000 0.377426 0.526207 0.473644 0.114553 0.966935 0.770046 0.942377 0.500276 0.434893 0.834763 1.500606 0.724229 0.265911 1.257735 0.177819 0.404324 0.990696 0.822596 0.284405 0.100000 0.604861 0.589568 0.599327 0.151639 0.100000 0.695397 0.710272 1.050285 0.273874 0.654039 1.409870 0.700257 0.602633 0.794498 1.195101 1.006162 0.445788 0.100000 0.372387 1.052068 0.521345 0.648758 0.828232 0.719766 0.100000 0.100000 0.100000 0.369705 0.147355 0.100000 0.849142 0.100000 0.998895 0.110826 0.794815 0.633775 
0.100000 0.684679 0.102012 0.100000 0.638660 1.783266 0.678432 0.100000 0.100000 1.971775 1.047246 0.100000 0.100000 1.658513 0.100000 0.100000 0.100000 0.100000 0.523597 0.190790 1.398313 0.100000 0.303906 0.648259 0.310342 0.100000 0.100000 0.667045 1.008032 0.668354 0.505161 0.331913 0.622968 0.704145 0.100000 0.256450 1.114261 0.100000 0.246949 0.935057 0.475586 0.568455 0.461283 1.351968 0.916964 0.217147 0.583612 0.315977 0.306210 0.100000 0.100000 0.536014 0.100000 1.054102 0.788916 0.100000 0.100000 1.473025 0.581345 0.513072 0.375087 0.370373 0.100000 0.997851 0.100000 0.100000 1.604200 0.576125 1.271285 0.100000 1.062050 0.117543 0.274861 1.068885 0.100000 0.542710 0.962389 0.100000 0.889005 0.466527 0.554502 1.055722 0.452573 0.664951 0.303408 0.100000 0.100000 0.100000 0.714002 0.100000 0.907440 0.163303 
1.012118 0.592312 0.489200 0.100000 0.100000 0.659967 0.546218 0.402231 0.754865 0.100000 0.100000 0.273597 0.252362 0.907640 0.100000 0.100000 0.100000 1.105735 0.536487 0.100000 0.770664 1.470102 0.230469 0.100000 0.100000 0.717981 0.100000 0.880918 1.174783 0.127781 0.578883 0.551106 0.479361 0.535167 0.185980 0.332602 0.256128 1.008831 0.100000 0.100000 0.616161 0.100000 0.441114 0.560367 1.371017 0.847887 0.588607 0.634444 0.100000 0.491097 1.035701 0.788059 0.402559 0.146215 0.100000 0.453300 0.100000 0.825640 0.100000 0.100000 0.283196 0.627682 0.100000 0.335585 0.100000 0.844643 0.234082 0.916365 1.727852 0.100000 0.100000 0.854961 0.100000 0.216327 0.303630 0.397721 0.100000 1.853511 0.122152 0.982503 0.858794 0.100000 0.537315 0.100000 0.657074 0.100000 0.282472 0.787613 0.100000 0.169081 0.419915 1.039000 
0.515066 0.665551 0.100000 0.338927 0.100000 1.015086 0.425045 0.656031 1.060429 0.100000 0.587605 0.100000 0.100000 0.746762 0.100000 0.419783 1.209497 0.284671 0.100000 0.100000 0.196540 0.539946 0.310279 0.100000 0.100000 0.590108 0.100000 0.878314 0.176607 0.100000 0.661069 1.235814 0.419252 0.773609 0.100000 0.368845 0.100000 0.784121 0.612070 0.195103 0.100000 0.100000 0.100000 0.100000 0.119737 0.143899 0.196027 0.192117 0.615953 0.100000 0.581253 0.541904 0.100000 0.714448 0.100000 0.741049 0.964846 0.951084 0.737272 0.423338 0.100000 1.549419 0.100000 1.347768 0.687415 0.341725 0.173265 0.100000 0.249525 0.284045 1.150694 0.100000 0.551353 0.100000 0.747702 0.254429 0.100000 0.732997 0.396552 0.793158 0.761019 0.100000 0.100000 1.296925 1.266241 0.184359 0.100000 0.212267 0.921114 0.327597 0.100000 0.143103 
1.843443 0.100000 0.212059 0.100000 0.617759 0.100000 2.139119 0.872990 0.575677 1.316781 0.634810 0.232260 0.100453 0.216458 0.100000 0.107192 0.478362 0.936554 0.227319 0.100000 1.068009 0.490282 0.795478 0.231226 0.414184 0.100000 0.100000 0.100000 0.139711 0.484589 0.920053 0.782889 0.100000 0.100000 0.100000 0.141617 0.985445 0.100000 0.337790 0.100000 0.100000 0.486304 0.100000 0.117839 0.431577 0.100000 0.266262 0.700660 0.349918 0.275178 0.992286 0.100000 0.734435 0.334946 0.507758 0.740887 0.366910 0.620187 0.894502 0.591882 0.447104 0.765181 0.719799 1.003023 0.100000 0.100000 0.305265 0.501578 0.817422 0.947497 1.864396 0.100000 0.168288 0.100000 0.494773 0.150811 0.498350 0.996007 0.843834 1.016813 0.941849 0.224714 1.020787 0.868518 0.586017 0.929155 1.487893 0.305466 0.796811 0.100000 0.727320 0.839750 
0.504491 1.493197 0.543804 0.100000 0.100000 1.032449 1.413263 0.100000 0.307122 0.610502 0.524393 0.100000 0.100000 1.017093 0.678658 1.033105 0.100000 0.827528 0.724592 0.716429 1.224607 0.100000 0.425040 0.527913 0.671797 1.019852 0.663003 0.100000 0.805047 0.100000 1.270501 0.723868 0.187188 0.100000 0.129935 0.100000 1.109331 0.588137 0.282983 0.100000 0.100000 0.186704 0.238237 0.934200 0.850984 0.327581 0.779494 0.484253 0.943870 1.192944 1.436620 0.796457 0.452815 0.303282 0.100000 0.178778 0.679440 0.391480 0.100000 0.100000 0.100000 1.482492 0.118883 0.865834 0.720510 0.667234 0.277633 0.771468 0.776782 0.100000 0.810000 0.435167 0.961017 0.970459 0.100000 0.962458 0.834866 0.553823 0.128529 0.527461 0.962045 0.935762 0.100000 1.044782 0.353401 0.100000 0.383747 0.100000 0.100000 0.928429 0.764443 0.746011 
0.523095 0.211046 0.499018 0.100000 1.018012 1.381025 0.577374 0.315723 0.934554 1.138762 1.935561 0.100000 0.100000 0.655769 0.154305 0.259182 0.100000 0.336749 0.253698 0.100000 1.598417 0.927779 0.123219 0.100000 0.100000 0.100000 0.311923 0.635957 1.096632 0.913350 0.846402 0.797151 1.046757 1.414537 0.100000 0.337867 0.824457 0.720759 0.441492 0.100000 0.478428 0.121250 0.100000 0.390289 0.931846 0.100000 0.556765 0.100000 0.202402 0.100000 0.100000 0.585211 0.342623 0.682807 0.100000 1.020624 0.100000 0.685191 0.880408 1.462555 0.274741 0.246620 0.100000 1.144860 0.100000 0.819564 0.100000 0.865357 0.843068 1.356733 0.838926 0.100000 0.100000 0.101000 0.565996 0.296322 0.913646 0.100000 1.139776 0.100000 0.103036 1.311001 0.780054 0.816403 0.100000 0.100000 0.496502 0.532186 0.100000 0.100000 0.247188 0.795048 
0.521552 0.100000 0.100000 0.839913 0.100000 1.061644 0.100000 0.209989 0.991681 1.079654 1.857170 0.100000 0.100000 0.510706 0.495155 1.268382 0.415602 0.100000 0.540848 0.877427 1.206781 0.979072 0.966258 0.491483 0.100000 0.314989 0.100000 0.665646 0.560279 0.100000 0.100000 0.329368 0.100000 0.131550 0.100000 0.100000 0.640600 0.221375 0.132524 0.902543 0.580159 0.855414 0.445740 0.552828 1.235041 0.532409 0.402358 0.100000 0.795506 0.196653 0.601162 0.919405 0.100000 0.380826 0.755950 0.910233 0.777993 1.016028 0.843081 0.938440 0.100000 0.157697 0.854781 0.279597 0.421091 0.432836 0.100000 0.667333 1.010753 0.448497 1.754535 0.100000 0.289627 0.588242 0.100000 0.748392 0.455163 0.916773 0.200978 0.623895 0.100000 0.100000 0.100000 1.051510 0.100000 0.357988 0.100000 0.836954 0.385155 0.207461 0.190254 1.461352 
0.192604 0.921217 0.100000 1.717793 0.267847 1.092798 0.465179 0.273764 0.935155 0.339893 1.153998 0.100000 0.100000 0.100000 0.100000 1.034670 0.100000 0.812587 0.977914 0.100000 1.569128 0.841334 0.669993 0.726996 0.558285 0.460816 1.206658 0.100000 1.019299 0.642950 0.766878 0.813284 0.570566 0.100000 0.247927 0.810149 0.974760 0.293491 0.100000 0.592375 0.292882 0.302910 0.100000 1.797218 0.877313 1.035294 0.547930 1.277992 1.205893 0.365212 0.860835 0.652433 0.784646 0.100000 0.100000 0.100000 0.666610 0.637057 0.100000 0.110406 0.325580 0.821145 0.100000 0.443256 0.159826 0.971230 1.267853 0.980934 1.231026 0.682837 0.596484 0.154654 0.881733 0.100000 0.677488 0.628927 0.100000 0.486282 0.503061 0.464993 0.230405 0.100000 0.100000 0.976933 1.764442 0.193675 0.100000 1.281703 0.100000 1.014045 1.067750 1.164930 
0.100000 0.999728 0.100000 0.527407 0.100000 0.843107 0.211897 0.100000 1.197398 1.555125 0.507412 1.338645 0.537858 0.840620 0.100000 0.196572 0.100000 0.100000 0.112984 0.574290 1.220608 0.349203 0.730170 0.526615 0.100000 0.658483 0.588341 0.472535 0.257505 0.806804 1.112246 1.731294 0.100000 0.187950 0.100000 0.873187 0.100000 0.100000 0.133986 0.519504 0.100000 0.100000 0.813134 0.978055 1.027634 0.432574 0.231041 0.819349 0.720960 0.100271 0.630140 0.974181 0.762869 0.100000 0.172225 0.464710 0.425801 0.275810 0.100000 1.159099 0.100000 0.100000 0.390377 1.311828 0.955895 0.100000 0.155088 1.202006 1.090773 0.565948 1.092918 0.420781 0.100000 0.100000 0.870044 0.100000 0.100000 0.877767 0.100000 0.703115 0.318309 1.640148 0.390385 1.397328 2.206604 0.100000 0.590555 0.915036 0.100000 0.100000 0.912713 1.098710 
0.100000 0.382554 0.100000 0.424854 0.100000 1.251686 0.393380 0.286188 0.100000 1.212320 0.809823 0.100000 0.152997 0.963645 0.235055 0.988265 0.100000 0.100000 0.689896 0.100000 0.542923 1.149637 0.100000 0.100000 0.166076 0.298649 0.266360 0.611438 0.585502 1.145473 0.971146 0.665761 1.065370 0.100799 0.591077 1.430255 0.100000 0.527405 0.476902 0.597251 1.028341 0.343845 0.120333 1.285066 1.133560 0.554535 0.810194 0.100000 0.521685 0.346254 0.100000 0.100000 0.890790 0.100000 0.100000 0.100000 0.100000 0.896864 0.849399 0.707237 0.100000 0.716752 0.100000 0.406548 0.110823 0.665575 0.697327 0.100000 0.100000 0.956413 0.100000 0.421282 0.973349 0.100000 0.769237 0.525812 0.200150 0.100000 0.292422 0.100000 0.100000 0.727037 0.100000 1.306919 0.816378 0.754717 0.377986 0.100000 0.753031 0.100000 0.100000 1.420775 
0.100000 0.100000 0.100000 0.100000 0.100000 0.310818 0.899015 0.838138 0.289143 0.686835 1.216525 0.428981 0.611961 0.680037 0.100000 0.894517 0.523245 0.715003 0.818730 0.100000 1.325217 0.100000 0.100000 0.411762 0.100000 0.242044 0.225794 0.369208 0.444845 1.451985 0.341643 0.674079 0.754834 0.195501 0.100000 0.225204 0.570978 0.571179 0.746074 0.561842 0.122655 0.303238 0.745317 0.384103 0.818698 0.742199 0.958880 0.141080 0.750341 0.754491 0.426387 0.100000 0.239421 1.147742 0.192335 0.100000 0.788772 0.335272 0.432368 0.327456 0.100000 1.050130 0.728371 0.678024 0.244634 0.100000 0.201532 0.553787 1.317372 0.370027 0.100000 0.573946 0.100000 0.100000 1.392055 0.529944 0.349437 0.100000 0.879276 0.696286 0.251559 1.035896 0.100000 0.819047 0.490294 0.570315 0.416731 1.071914 0.363201 0.670295 0.100000 2.072086 
1.822699 0.882072 0.531402 0.100000 0.100000 0.883825 1.359549 0.667488 0.100000 1.300256 1.390602 0.199389 0.100000 0.696219 0.100000 1.050900 0.293729 0.100000 0.100000 0.275049 1.037545 0.100000 0.909888 0.100000 0.100000 0.100000 0.428641 0.417019 0.100000 0.759435 0.158993 0.288167 0.182653 0.609288 0.756016 0.792979 0.218968 0.620826 0.824580 0.100000 0.623036 0.169536 0.969535 0.100000 0.759000 0.431111 0.806322 0.421603 0.100000 0.647632 1.099768 0.100000 0.876823 1.060728 0.100000 1.221790 1.414497 0.501104 0.100000 0.709068 0.100000 0.443630 0.672128 0.955031 0.751162 0.100000 0.322781 0.210828 0.613099 0.241028 0.100000 0.833215 0.841706 0.100000 0.693785 0.888728 0.163643 0.426235 0.823110 0.417840 0.683698 0.100000 0.100000 1.091780 0.437236 0.480803 0.699907 0.665852 0.574569 0.100000 0.112625 0.623874 
0.886101 1.234742 0.428126 0.311491 0.100000 0.195014 0.588632 0.100000 0.605633 0.100000 0.538169 0.292865 0.100000 0.709979 0.100000 1.247633 0.474158 0.156717 0.694749 0.969062 0.955215 0.100000 0.873665 0.242575 0.100000 0.100000 0.507222 0.538414 0.375284 0.599206 0.100000 1.647694 0.481165 0.100000 0.100000 0.100000 0.257050 0.711671 0.186559 0.133387 0.507901 0.100000 0.970777 0.193459 0.100000 0.929395 0.195838 0.751062 1.100740 2.089337 0.485273 0.648090 0.558893 1.171866 0.341383 0.809173 0.500371 0.100000 0.100000 0.964023 0.620935 0.725539 0.100000 0.404664 0.394364 0.445729 0.870306 0.488605 0.263768 0.887415 0.281603 0.100000 0.100000 0.272734 0.100000 0.100000 0.100000 0.100000 1.001767 1.308994 0.662408 0.100000 0.100000 0.805656 1.256203 0.189967 0.725418 0.141368 0.100000 0.123852 0.100000 0.767176 
0.532018 0.100000 0.100000 0.783829 0.927634 0.308810 0.276925 0.100000 0.443894 0.390558 0.356068 0.759325 1.425594 0.783866 0.985132 0.679398 0.100000 0.100000 0.545887 0.786740 0.502009 0.666051 0.987135 0.803680 0.259883 0.764104 1.793014 0.100000 1.112573 0.791421 0.929142 1.400987 0.202662 0.947232 0.100000 0.545753 0.397723 0.100000 0.100000 0.100000 0.242165 0.100000 0.603028 0.222132 0.833624 0.100000 0.696150 0.100000 0.295163 0.152206 0.100000 0.100000 0.531608 0.634376 0.100000 0.261765 0.832567 0.243306 0.712878 0.421642 0.527388 0.314850 0.100000 0.618139 0.100000 0.462947 0.298975 1.187387 0.558316 0.317343 0.505395 0.100000 0.524222 0.518894 0.100000 0.965499 0.100000 0.406928 0.963538 0.402082 0.557462 0.100000 0.174998 0.925181 0.100000 0.517749 0.100000 0.123720 0.749668 0.483859 0.100000 0.100000 
0.651577 0.217278 0.100000 0.469665 0.580059 1.456969 1.367540 0.630232 0.100000 0.944444 1.528871 0.100000 0.100000 0.304246 0.510205 0.722444 0.100000 0.100000 0.394379 0.644043 0.944212 0.585668 0.695229 0.110150 0.389679 0.954376 0.556762 0.154893 0.113881 0.846756 0.661545 0.395892 0.670514 0.537305 0.100000 0.918085 0.454620 0.622969 0.100000 0.100000 1.317360 0.922809 0.929185 1.180233 0.973683 0.100000 0.100000 0.100000 0.100000 0.100000 0.271755 0.432271 0.592614 0.289678 0.100000 0.100000 0.846592 0.888495 0.392191 0.534190 0.100000 1.495627 0.100000 1.040092 0.608350 0.100000 0.534886 0.428090 0.100000 0.654732 0.927729 0.321015 1.085436 0.100000 0.100000 0.932135 0.689640 1.136736 0.385265 0.424800 0.886814 0.386365 0.100000 0.855299 1.210277 0.100000 0.100000 0.100000 1.334629 1.568756 0.376761 1.002782 
0.100000 0.571199 0.100000 0.144829 0.100000 0.326903 1.184560 0.100000 0.241882 0.597097 0.930393 1.619692 0.735578 0.604334 0.100000 0.100000 0.308576 0.100000 0.100000 0.100000 1.319729 0.100000 0.100000 0.100000 0.200638 0.384134 0.478224 0.143144 0.671423 0.100000 1.443248 0.349763 0.100000 0.672855 0.568208 0.902438 0.379343 0.750341 0.848881 0.100000 1.273874 0.958554 0.100000 1.713187 0.253446 0.740130 0.583783 0.304121 0.200926 1.174358 0.777058 0.660058 0.750562 0.123191 0.100000 0.406197 0.100000 0.597051 1.110136 0.187308 0.479282 0.100000 1.544602 0.100000 0.504516 0.100000 1.067319 0.468156 1.535236 0.100000 1.530963 0.450588 0.100000 0.100000 0.209583 0.399968 0.562701 0.609011 0.764786 0.833412 0.283437 0.100000 0.100000 0.967649 0.378443 0.379066 0.104101 0.100000 0.614809 0.247672 0.149161 0.265222 
