71 Number of operations
23 Number of workers
Standard production times
0.290051 0.119425 0.716550 0.190971 0.451519 0.100000 0.100000 0.336942 0.571636 0.414269 0.100000 0.116889 0.577166 0.526380 0.408052 0.219375 0.435065 0.438886 0.292950 0.555470 0.434268 0.311430 0.740981 0.584869 0.139028 0.323885 0.251275 0.312576 0.314710 0.676281 0.419674 0.326109 0.145356 0.602997 0.103788 0.342580 0.388635 0.242379 0.413542 0.192219 0.347265 0.507650 0.705652 0.791335 0.495640 0.423869 0.228507 0.247610 0.527861 0.409505 1.022967 0.293508 0.469117 0.314897 0.100000 0.751079 0.347161 0.569259 0.817347 0.505296 0.596762 0.100000 0.221035 0.466013 0.609718 0.669980 0.649135 0.261762 0.656215 0.254587 0.240166 
Production times: workers row and ops columns
0.136949 0.533413 0.831598 0.571976 0.340355 0.100000 0.193281 0.541967 0.670786 0.473773 0.100000 0.305671 0.638077 1.091122 1.007511 0.311954 0.247422 0.119521 0.504697 0.594140 0.262341 0.333228 0.430980 0.933885 0.100000 0.936139 0.453020 0.609365 0.100000 0.760973 0.789952 0.100000 0.100000 0.619305 0.100000 0.500160 0.811715 0.100000 0.588815 0.100000 0.327917 0.100000 1.266361 0.995786 0.483332 0.100000 0.865385 1.231161 0.100000 1.027587 1.836792 0.462514 0.100000 0.746570 0.100000 0.449119 0.100000 0.844528 1.213750 0.193530 0.857050 0.100000 0.621965 0.489296 0.516433 0.619107 1.083578 0.636968 0.920947 0.323438 0.279077 
0.599241 0.235673 1.057826 0.100000 0.100000 0.619412 1.193490 0.557624 0.521558 0.346046 0.100000 0.125594 0.100000 0.267833 0.100000 0.343775 0.286744 0.686492 0.205599 1.048638 0.541035 1.406780 0.100000 0.261411 0.589771 1.588048 0.126957 0.334410 0.201553 1.342010 0.276020 0.666143 0.100000 0.100000 0.260562 0.594172 1.035248 0.187155 0.104861 0.473599 0.467633 0.647983 0.669096 1.371505 0.680386 1.376198 0.784035 0.577135 0.100000 0.710665 1.233108 0.698984 0.991338 0.114458 0.512003 0.469927 1.324600 0.100000 0.100000 0.100000 0.151484 0.100000 1.199074 0.302763 0.100000 1.227171 0.355873 0.100000 1.094134 0.566268 0.100000 
0.993821 0.183976 1.525025 0.442341 1.230921 0.154701 0.100000 1.561626 0.298749 0.314850 0.100000 0.100000 0.698501 0.627295 0.738562 1.115455 0.374832 0.100000 0.100000 0.222593 0.100000 0.723945 0.491874 0.429377 0.138082 0.100000 0.100000 0.649931 0.623980 0.454696 1.324942 0.100000 0.100000 0.487577 0.100000 1.311344 0.571801 0.100000 1.439129 0.485050 0.562028 0.204151 0.758763 0.100000 0.893153 0.236650 0.295531 0.848638 0.670235 0.540739 1.161216 0.100000 0.887119 1.086577 0.479403 1.193534 0.100000 0.135365 0.100000 1.121422 0.469672 0.799922 0.100000 0.247258 0.657431 1.130705 0.679510 0.367324 0.664478 0.343181 0.100000 
0.330514 0.100000 0.688138 0.437139 0.111180 0.100000 0.100000 0.545593 0.964021 0.100000 0.392955 1.149781 0.100000 0.111294 0.100000 0.100000 1.246489 0.445563 0.100000 0.866372 0.134365 0.873136 0.893614 1.279259 0.100000 1.839314 0.663567 0.639866 0.289116 0.313483 0.100000 0.258120 0.100000 0.744335 0.100000 0.653121 0.866696 0.100000 1.009885 0.100000 0.924908 0.726733 1.266816 0.292825 0.442243 1.149584 0.100000 0.100000 0.100000 0.100000 0.100000 0.100000 1.108381 0.100000 0.261764 0.696084 0.351436 0.485159 0.730256 0.735878 0.100000 0.605064 0.681044 0.368484 1.012415 0.319308 0.380524 0.339894 0.561104 0.100000 0.100000 
0.100000 0.589010 0.100000 0.367218 0.333300 0.463907 0.357537 0.100000 0.863959 0.576406 0.110931 0.100000 1.003806 0.319866 1.325411 0.501567 1.503979 0.100000 0.100000 0.912865 0.860620 0.329110 0.100000 0.360922 0.448021 0.231797 0.193282 0.224846 0.100000 0.409771 0.100000 1.210088 0.100000 0.841802 0.100000 0.739844 0.100000 0.702687 0.395858 1.247521 0.100000 0.545840 0.889268 1.407785 0.284212 0.467101 0.100000 0.100000 0.753669 0.961592 0.882099 1.321685 1.349241 0.284571 0.100000 0.100000 0.100000 1.127179 0.972483 0.100000 0.482379 0.906681 0.100000 0.100000 1.637030 0.696685 0.409556 0.436845 0.664797 0.100000 0.844394 
0.847902 0.539856 0.665107 0.764421 0.426667 0.333322 0.616843 0.741364 1.466513 0.639911 0.100000 0.100000 1.252219 0.360739 0.601322 0.100000 0.935505 0.246470 1.022004 0.289353 0.993334 0.648628 0.379785 1.134367 0.100000 0.100000 0.612130 0.100000 0.100000 0.504331 0.100000 0.848606 0.449613 0.568333 0.100000 0.567658 1.271303 0.677864 0.159313 0.580928 0.287879 0.408151 1.638888 0.581866 0.256048 0.100000 0.100000 0.473172 0.180401 0.667212 0.465531 0.100000 0.806402 1.045343 0.396236 1.349995 1.199458 1.089303 0.358126 0.452623 0.911860 0.100000 0.447008 0.100000 0.195404 0.934420 0.100000 0.100000 0.647356 0.100000 0.268727 
0.100000 0.100000 0.587059 0.285617 0.169624 0.144843 0.100000 0.614978 1.418540 0.512703 0.184935 0.100000 0.923849 0.147347 0.100000 0.498095 0.525584 0.992474 1.014389 0.285629 0.498456 1.191637 1.224250 0.941394 0.792131 0.100000 0.569566 1.017202 1.125166 0.273189 0.293837 0.517466 0.100000 0.407089 0.445789 0.165875 0.100000 0.423303 0.201296 0.100000 0.100000 1.014561 0.100000 0.100000 0.357717 1.038347 0.883360 0.100000 0.439045 0.100000 1.528570 0.100000 0.397519 0.831389 0.100000 1.486160 0.100000 0.753854 1.243988 0.435440 1.289919 0.374065 0.100000 2.445314 0.934040 0.723652 0.100000 0.302646 0.426243 0.576764 0.426001 
1.216556 0.190551 0.973303 0.377199 0.377274 0.100000 0.650500 0.726955 0.256915 0.100000 0.100000 0.697609 0.563401 1.399598 0.100000 0.290196 0.100000 0.141052 0.138390 0.810939 1.289599 0.328902 1.467940 0.915710 0.632204 0.100000 0.943770 0.100000 0.562289 0.200250 0.160601 0.100000 0.100000 0.778556 0.100000 0.100000 1.124005 0.410989 0.917575 0.584832 0.100000 0.100000 0.247940 1.403913 0.100000 0.831891 0.100000 0.444165 0.100000 0.993043 1.003132 0.736421 0.564048 0.713929 0.100000 1.122758 0.100000 0.100000 1.180084 0.485707 0.482385 0.100000 0.471898 0.169341 0.864872 0.212084 0.445509 0.754238 1.191841 0.100000 0.659484 
0.100000 0.485937 0.100000 0.100000 0.197033 0.100000 0.811807 0.788941 1.359370 1.017573 0.100000 0.100000 1.111652 0.546566 0.329555 0.100000 0.381834 0.100000 0.100000 0.100000 0.780555 0.100000 0.576455 1.258422 0.100000 0.482214 0.100000 0.357440 0.519843 1.106217 0.100000 0.485937 0.304433 0.593382 0.178796 0.574347 0.587575 0.100000 0.100000 1.445209 1.307161 0.100000 0.930761 1.105054 0.871309 0.494067 0.100000 0.156400 0.282298 0.476692 0.888781 0.227670 0.978393 0.930176 0.100000 0.521114 0.100000 1.181120 0.787663 1.229790 0.357971 0.113000 0.100000 1.117280 0.428412 0.100000 0.352904 0.100000 0.640306 0.310831 0.384205 
1.039105 0.100000 1.120278 0.347090 0.354858 0.100000 0.573751 0.100000 0.580614 0.100000 0.241498 0.170905 0.591875 0.458984 0.932661 0.702486 0.798023 2.099426 0.100000 0.365711 0.100000 0.529423 0.397237 0.100000 0.100000 0.360011 0.756168 0.100000 0.100000 0.606606 0.100000 0.591690 0.147356 0.763630 0.100000 1.110848 0.388448 0.889154 0.194043 0.487239 0.100000 0.100000 0.353477 0.768402 0.386273 1.193473 0.100000 0.100000 1.377955 0.713897 0.100000 0.542142 0.587783 0.100000 0.100000 0.742352 0.712863 1.046507 0.865220 1.022021 0.523625 0.100000 0.100000 0.737335 0.100000 1.008884 0.100000 0.100000 0.908906 0.863558 0.100000 
0.100000 0.143956 0.418507 0.621782 0.100000 0.280901 0.312960 0.361482 1.122754 0.100000 0.654308 0.100000 0.939941 0.364278 0.815224 0.609610 0.100000 0.361641 0.246734 0.436533 0.100000 1.237149 0.845529 1.362377 0.100000 0.100000 0.317398 0.100000 1.509783 0.798993 0.995974 0.213991 0.100000 0.587542 0.281647 0.767373 0.327558 0.100000 0.100000 0.153879 0.633746 0.736624 0.696743 0.491266 0.569023 0.709772 0.210098 0.303795 0.452609 0.867255 0.803867 0.386275 0.666331 0.677658 0.847942 1.088806 0.646768 0.100000 1.120548 1.652154 0.181756 0.100000 0.113708 0.976637 0.872093 0.431418 0.631140 0.780281 0.992525 1.469026 0.743010 
0.466834 0.426789 0.542058 0.100000 0.537497 0.345281 0.100000 0.100000 0.387008 0.547090 0.100000 0.339438 0.626222 1.056544 0.100000 1.047938 1.143902 0.464045 0.618112 0.858744 0.100000 0.393762 1.130068 0.739778 0.664688 0.371383 0.291650 0.100000 0.132441 0.446423 1.272416 0.446361 0.100000 0.802297 0.100000 0.100000 0.628561 0.100000 0.702774 0.100000 0.100000 0.754821 0.100000 0.567986 0.597829 0.729985 0.600949 0.229470 0.111663 1.371413 0.719976 1.195302 0.242854 0.895540 0.634983 0.228312 0.524804 0.946955 1.167838 0.405827 0.747742 0.100000 0.100000 0.958019 0.329877 1.359859 0.950360 0.100000 0.575616 0.111395 0.100000 
0.540766 0.100000 1.532396 0.621416 0.100000 0.100000 0.100000 0.100000 1.037264 0.889173 0.562751 0.100000 1.111659 0.421504 0.875626 1.125639 0.505119 0.100000 0.134500 0.875963 1.044205 0.100000 0.645707 0.701539 0.356527 0.779097 0.100000 0.100836 0.818693 0.872449 0.643864 0.888770 0.197383 0.866999 0.100000 0.100000 0.100000 0.279539 0.313762 0.100000 0.506272 0.100000 0.761321 0.781574 0.100000 0.100000 0.956771 0.405929 0.100000 0.196291 1.219861 0.179437 0.759282 0.100000 0.187584 0.724338 0.255630 0.458744 0.917226 0.971656 0.331702 0.100000 0.301317 0.405938 0.802519 1.029125 1.294729 0.203540 0.100000 0.219775 0.417102 
0.196573 0.100000 0.100000 0.444963 0.289503 0.100000 0.100000 0.100000 0.876010 0.695088 0.857375 0.440852 0.100000 0.100000 0.973415 1.002719 0.316190 0.718288 0.100000 0.100000 0.100000 0.132836 0.480293 0.469812 0.100000 0.663536 0.965048 0.330674 1.329709 0.359079 0.157122 0.519976 0.100000 1.191523 0.100000 1.003927 0.485723 1.525105 0.181485 0.100000 0.420090 0.100000 1.006785 1.031758 0.550299 0.100000 0.100000 0.540920 1.115450 1.206738 0.575246 0.100000 0.333147 0.100000 0.100000 1.176974 1.164463 0.708837 1.637623 0.710732 0.692444 0.100000 0.314503 0.338586 0.539263 0.339034 0.778651 0.268986 0.100000 0.134237 0.100000 
0.100000 0.361367 1.495895 1.375836 1.232728 0.100000 0.687622 0.896891 0.100000 0.844913 0.413589 0.198294 0.721474 0.555534 1.224020 0.100000 0.335095 0.442581 0.430782 0.100000 1.128255 0.424530 1.025543 0.683527 0.100000 0.146264 0.299332 0.388602 0.892341 0.849310 0.352930 1.319391 0.100000 0.100000 0.281089 0.236393 0.100000 0.100000 0.100000 0.757783 0.100000 1.032957 0.935543 0.688170 0.506226 0.638198 0.100000 0.411145 0.338301 1.308465 0.677332 0.864790 0.100000 0.722210 0.238051 0.627571 0.286717 0.438979 1.028848 0.438171 0.100000 0.100000 1.338396 0.489436 0.755112 0.450953 0.736162 0.350734 0.525614 0.686219 0.100000 
0.224953 0.371952 0.583048 0.100000 0.730651 0.100000 0.100000 0.100000 0.516272 0.199576 0.100000 0.457379 1.458470 0.347623 0.669380 0.100000 0.484536 1.002762 0.318097 0.147697 0.100000 0.100000 0.734329 1.013875 0.100000 0.100000 0.100000 0.100000 0.977671 0.658092 1.370064 0.100000 0.792447 0.252173 0.100000 0.100000 0.100000 0.100000 0.521708 0.100000 0.226364 0.503049 1.038957 0.841531 0.656303 0.681075 0.219882 0.429284 0.100000 0.100000 1.971722 0.287641 0.113866 1.004837 0.100000 0.427834 0.100000 0.959005 0.274196 0.235779 0.918812 0.191817 0.177822 0.359019 1.182682 1.785117 0.374755 0.546214 1.620615 0.794116 0.100000 
0.100000 0.100000 0.259829 0.100000 0.582456 0.100000 0.538100 0.398569 0.373073 0.857314 0.259486 0.249323 1.097185 0.813013 0.353603 0.688153 0.589724 1.897541 0.842294 1.132077 1.079764 0.351350 1.397428 0.596548 0.100000 0.100000 0.515250 0.100000 0.418886 0.312106 0.778782 0.100000 1.081508 0.986906 0.100000 1.221960 0.275009 0.100000 0.100000 0.476101 1.099525 0.218437 0.206842 0.221485 1.243843 1.259234 0.100000 0.516463 0.526408 0.379190 1.504978 0.513986 0.633862 0.168608 0.507800 0.610076 0.372123 0.678998 0.216769 0.355748 0.440460 0.150602 0.100000 0.100000 1.421449 1.248202 1.093655 1.174171 0.866012 0.209048 0.481254 
0.100000 0.100000 1.095869 0.207278 0.100000 0.429268 0.599451 0.670881 0.556487 0.100000 0.153797 0.330352 0.397871 0.827898 0.565268 0.385933 0.100000 0.979433 1.155146 0.354236 0.100000 0.630894 0.508151 0.101363 0.747886 0.100000 0.609989 0.100000 1.045844 0.934558 0.290977 0.400793 0.436400 1.017945 0.517684 0.615945 0.149944 0.574419 0.100000 0.694265 0.783767 1.204691 0.411262 0.884441 0.924783 0.582798 0.100000 0.401276 0.561877 0.907357 0.708735 0.463252 0.615582 0.693561 0.100000 0.814737 0.311686 0.586292 0.821526 0.341923 2.010412 0.100000 0.100000 0.100000 0.254692 0.675698 1.364601 1.105954 0.774877 0.100000 0.432346 
0.100000 0.100000 0.141689 0.403782 0.138215 0.486060 0.338651 0.216907 0.611916 0.872978 0.100000 0.574699 0.567508 0.661079 0.807673 0.885142 0.695471 0.468072 0.653293 0.100000 1.253748 0.100000 1.192835 0.302787 0.392654 0.265601 0.403069 0.100000 0.100000 0.879609 0.119422 0.100000 0.100000 1.595203 0.100000 0.505987 0.100000 1.003927 0.135408 0.100000 1.703240 0.100000 1.360118 1.157872 0.821730 0.308127 0.323106 0.859578 0.377396 0.535160 1.487112 0.335202 0.256625 1.040737 0.270844 0.688493 0.100000 0.100000 1.264239 0.979930 0.100000 0.100000 0.703479 1.678166 1.684895 1.140913 1.335801 0.100000 1.043482 0.100000 0.100000 
0.450536 1.203394 1.090532 0.327884 0.366477 0.100000 0.401432 0.162395 0.691158 0.100000 0.160627 0.100000 0.829119 1.186243 0.865027 1.276287 0.597341 0.691568 0.550383 0.115605 1.510884 0.805719 0.619568 0.133453 0.429782 0.752659 0.320217 0.405613 0.220652 0.674908 1.087245 1.026417 0.100000 0.672437 0.100000 0.100000 0.681612 0.100000 0.100000 0.514795 0.988335 1.527039 0.507505 1.514058 0.100000 0.100000 0.487992 0.483378 1.188070 0.887850 0.982182 1.058132 0.812358 1.173442 0.100000 0.901206 0.132363 0.972216 0.707570 0.379370 0.100000 0.254102 0.778780 0.970110 0.100000 0.100000 1.651705 0.167949 0.581744 0.837255 0.338489 
0.100000 0.100000 1.665131 0.100000 1.102131 0.100000 0.100000 1.268398 0.250199 0.831798 0.100000 0.100000 0.494156 1.110844 0.315106 0.494086 0.529341 0.462302 0.100000 0.621361 0.100000 0.100000 0.100000 0.719719 0.316358 0.100000 0.651928 0.510491 0.461496 0.495580 0.656071 0.853212 0.100000 0.194575 0.698294 0.100000 0.100000 0.100000 0.504412 0.268406 0.595517 0.545639 1.474342 1.579227 1.075145 0.100000 0.410296 0.100000 0.277506 0.100000 1.028323 0.565570 0.508463 0.100000 0.100000 0.370037 0.100000 0.961395 0.657706 0.410962 0.518294 0.648424 1.039093 0.679542 0.485565 1.371231 0.868256 0.100000 1.161502 0.358202 0.100000 
0.603504 0.269338 0.100000 0.100000 0.519669 0.441678 0.404290 0.100000 0.398131 0.747564 0.100000 0.159531 0.683831 0.988258 0.100000 0.291869 1.444125 0.128283 0.134831 1.032466 0.100000 0.889907 1.011247 0.100000 0.189324 0.100000 0.727549 0.100000 0.100000 0.107629 0.100000 0.983579 0.136227 0.748500 0.641238 0.100000 0.100000 0.100000 0.805994 1.008857 0.476636 0.196010 0.445472 0.235178 0.861213 0.100000 0.101190 0.100000 0.100000 0.100000 0.577986 0.402547 0.310209 0.203110 0.100000 0.285239 0.100000 0.674876 1.841174 0.437109 0.100000 0.736312 0.100000 0.744779 0.388390 0.710521 2.365467 0.100000 0.362874 0.442205 0.229193 
0.100000 0.100000 1.011797 0.729659 0.100000 0.100000 1.014953 0.100000 0.929303 0.633832 0.100000 0.496636 0.100000 0.100000 0.100000 0.636517 0.210392 0.981512 0.100000 0.862802 1.137973 0.268423 0.178254 0.413584 0.767396 0.693432 0.100000 0.100000 0.672478 1.491735 1.243971 0.542504 0.100000 0.209937 0.100000 0.100000 1.455911 0.228897 1.605745 0.154970 0.100000 1.438433 0.275739 0.572381 1.319916 1.153256 0.100000 0.248138 0.100000 0.679074 1.929055 0.100000 1.215728 0.100000 1.186135 0.338252 0.115492 0.717738 0.117049 1.280100 0.100000 0.406976 0.100000 0.520904 0.604455 0.475859 0.893745 0.100000 1.417148 0.355811 0.100000 
