80 Number of operations
29 Number of workers
Standard production times
0.290051 0.119425 0.716550 0.190971 0.451519 0.100000 0.100000 0.336942 0.571636 0.414269 0.100000 0.116889 0.577166 0.526380 0.408052 0.219375 0.435065 0.438886 0.292950 0.555470 0.434268 0.311430 0.740981 0.584869 0.139028 0.323885 0.251275 0.312576 0.314710 0.676281 0.419674 0.326109 0.145356 0.602997 0.103788 0.342580 0.388635 0.242379 0.413542 0.192219 0.347265 0.507650 0.705652 0.791335 0.495640 0.423869 0.228507 0.247610 0.527861 0.409505 1.022967 0.293508 0.469117 0.314897 0.100000 0.751079 0.347161 0.569259 0.817347 0.505296 0.596762 0.100000 0.221035 0.466013 0.609718 0.669980 0.649135 0.261762 0.656215 0.254587 0.240166 0.399291 0.502519 0.366428 0.669267 0.276902 0.251393 0.603187 0.288969 0.487252 
Production times: workers row and ops columns
0.693795 0.525693 0.822001 0.401860 0.742481 0.100000 1.248433 1.181190 0.884542 0.100000 0.130049 0.348100 0.919584 0.228650 0.907578 0.100000 0.617984 1.242640 0.173862 0.385056 0.678065 1.180966 0.775466 0.821490 0.100000 0.100000 0.100000 0.623857 0.528491 0.713286 0.193090 0.628185 1.337959 0.541056 0.100000 0.497957 1.619449 0.100000 0.100000 0.534344 0.363281 0.605785 1.159378 0.100000 0.904064 1.015955 0.126267 0.192188 1.235102 0.100000 1.359723 0.100000 0.422178 0.230010 0.100000 1.020053 0.542803 1.675216 0.736224 0.650885 0.650793 0.100000 0.337451 0.543709 0.906581 0.100000 1.064417 0.318371 0.100000 1.054329 1.477376 0.233129 0.891092 0.411603 0.575969 0.648531 0.100000 0.605667 0.100000 0.297572 
0.100000 0.661234 0.777453 0.517791 0.406941 0.550436 0.801243 0.445783 0.529836 0.100000 0.100000 0.137967 0.100000 1.516226 0.111042 0.713484 0.526617 0.900883 0.559536 0.262904 0.153999 0.381816 1.624781 0.190982 0.108167 0.443098 0.288661 0.481728 0.453748 1.288264 0.100000 0.753330 0.898781 0.864664 0.311444 0.634274 0.768366 0.448724 0.997460 0.100000 0.100000 0.100000 0.100000 0.100000 0.999336 0.100000 0.433892 0.217374 0.100000 0.712975 0.100000 0.100000 0.616898 0.430649 0.239017 1.096095 0.100000 0.143340 0.862726 1.086397 0.757653 0.770659 0.291873 1.334705 0.797603 1.409108 0.100000 0.100000 0.566717 0.100000 0.477480 0.157009 0.690461 0.740452 0.100000 0.398707 0.100000 0.378872 0.524249 0.100000 
0.564492 0.100000 0.603987 0.380817 0.393671 0.100000 0.984699 0.335332 0.238406 0.100000 0.100000 0.670531 0.100000 0.821832 0.427030 0.100000 0.100000 0.399364 0.687897 1.648559 0.100000 0.512352 0.343034 0.944985 0.884834 0.374474 0.800394 0.370153 0.975925 1.167861 1.048269 0.557395 0.100000 1.044192 0.471773 0.100000 0.950748 0.100000 1.143541 0.100000 0.565571 0.526761 1.450690 2.090231 0.314182 0.100000 0.705515 0.100000 1.078309 0.964957 0.899035 0.100000 0.551798 0.328669 0.100000 0.369673 0.788344 0.149848 0.478081 0.472351 0.100000 0.121939 0.100000 0.938471 0.647345 0.479737 0.464760 0.794570 0.693291 1.086059 0.523043 0.424505 0.349932 1.279315 0.488170 0.176113 0.100000 0.517137 0.876083 0.746518 
0.806394 0.501140 1.193182 0.100000 1.077076 0.100000 0.100000 0.513473 0.536199 0.100000 0.100000 0.830123 0.420272 1.340392 0.100000 0.100000 1.137238 0.378675 0.709064 0.455106 0.582630 0.100000 0.751486 0.451701 0.100000 0.120181 0.640292 0.430003 0.529758 0.798072 0.100000 0.100000 0.100000 0.763037 0.490730 0.100000 0.512389 0.100000 0.707078 0.100000 0.100000 0.100000 1.066031 0.801429 0.100000 0.552540 0.318943 0.803191 0.295050 1.348855 0.304426 0.732736 0.481848 0.233514 0.189866 0.100000 0.275977 0.972409 0.475382 0.100000 0.506400 0.100000 0.100000 0.100000 0.802161 0.100000 1.275623 0.100000 0.947010 0.100000 0.455881 0.100000 0.259352 0.283542 1.018791 0.100000 2.038072 0.344815 0.424469 0.100000 
0.459764 0.153074 0.817953 0.616873 0.411117 0.100000 0.227415 0.303553 0.893023 0.679392 0.823066 0.685184 0.417665 0.518807 0.348497 0.100000 0.316757 1.306599 0.100000 0.489925 0.104028 0.100000 1.555574 0.661238 0.100000 0.272911 0.275134 0.100000 0.874017 1.036211 1.108429 0.368507 0.100000 1.543045 0.222151 0.682670 0.385483 0.142229 0.518449 0.306307 1.017781 1.083420 0.100000 1.073263 1.443536 0.757976 0.700239 0.100000 0.837533 0.100000 1.505410 0.100000 1.128412 0.160062 0.100000 0.448529 0.100000 1.095826 1.270279 0.937426 0.256920 0.100000 0.100000 0.298646 0.465824 0.632616 0.812425 0.100000 0.301999 0.100000 0.356748 0.629534 0.100000 0.618883 0.551935 0.884210 0.358483 0.823269 0.100000 0.455700 
0.131684 0.100000 0.177494 0.100000 0.100000 0.400814 0.737894 0.697885 0.802242 0.100000 0.464268 0.772926 0.100000 0.908221 1.117551 0.100000 0.223406 0.100000 0.100000 0.439768 0.311048 0.695413 0.427548 2.220152 0.100000 0.131511 0.258869 0.100000 0.100000 0.100000 0.518979 0.190756 0.285980 0.100000 0.165351 0.100000 0.100000 0.471237 0.100000 0.324012 0.749312 0.975134 0.833892 0.676741 0.100000 1.057352 0.631059 0.727764 0.745336 0.749611 1.957409 0.368860 0.184788 0.952366 0.475367 1.155949 0.100000 1.398785 0.972883 0.613153 0.359388 0.100000 0.100000 0.100000 0.666842 1.176858 0.289118 0.100000 1.066249 0.100000 0.100000 0.100000 1.131342 0.259337 0.100000 0.100000 0.100000 0.947444 0.100000 0.315089 
0.742530 0.271533 1.444210 0.100000 1.474873 0.100000 0.100000 0.100000 0.673914 0.811158 0.113962 0.909262 1.191284 0.522898 0.468681 0.100000 0.449071 0.786111 0.501158 0.372637 0.855167 0.100000 1.062093 0.613673 0.676655 0.521670 0.136604 0.100000 0.447540 0.794961 0.100000 0.127866 0.100000 1.307679 0.100000 0.825214 0.264270 0.787212 0.100000 1.006432 0.100000 0.520414 1.400287 0.943427 1.229027 0.441662 0.736389 0.605450 1.393950 0.100000 0.751903 0.100000 0.302133 0.100000 0.100000 0.100000 0.844837 0.395365 0.121537 0.840863 0.437453 0.795697 0.100000 0.100000 0.100000 1.127645 0.345661 0.718768 0.247887 1.746163 0.410304 0.100000 0.439829 0.829719 0.566904 0.472295 1.045938 1.077123 0.620056 0.424372 
0.871064 0.100000 0.467785 0.100000 0.674405 0.100000 0.632377 0.899850 0.992928 0.100000 0.100000 0.100000 0.100000 0.100000 0.488774 0.100000 0.850945 1.197930 0.100000 0.788550 0.458316 0.100000 0.652595 0.689835 0.100000 0.100000 0.100000 0.307574 0.100000 0.263239 0.616594 0.552005 1.103347 0.100000 0.119673 0.100000 0.769335 0.100000 0.973862 0.912584 0.305625 0.100000 0.215796 0.995401 0.959015 1.405682 0.100000 0.100000 1.070431 0.563407 1.264238 1.056963 0.297141 0.100000 0.232629 0.330158 0.423383 0.404859 0.269225 1.265755 0.893710 0.100000 0.776331 0.165856 2.141865 0.100000 0.683678 0.148837 0.100000 0.100000 0.100000 0.100000 0.701918 0.353864 1.297264 0.100000 0.738444 0.669233 0.100000 0.125149 
0.328507 0.426736 0.729830 0.100000 0.486010 0.100000 0.330714 0.100000 1.469320 0.206864 0.100000 0.884043 0.100000 0.574942 0.100000 0.100000 0.345758 1.320388 0.788703 0.489813 0.100000 0.686022 0.594859 0.505965 0.100000 0.290639 0.266972 0.100000 0.314307 1.706368 0.167342 0.522299 0.100000 0.222061 0.100000 0.615962 0.100000 0.731093 0.100000 0.100000 0.100000 0.611136 0.863588 0.389492 0.100000 0.100000 0.307500 0.256881 0.783934 0.838578 0.999597 0.100000 0.732937 0.223891 1.629391 0.348567 0.283550 1.040412 0.640551 0.775803 0.142049 0.100000 0.100000 0.592069 0.174859 0.878676 0.352731 0.100000 1.121784 1.545489 0.356562 0.100000 0.837579 0.100000 0.100000 0.869239 0.100000 1.157185 0.437188 0.716803 
0.197909 0.912304 0.632843 0.158751 0.988347 0.710901 0.844591 0.143617 0.289612 0.436339 0.100000 0.100000 0.372981 0.451429 0.550107 1.457445 0.100000 1.428942 0.214947 1.145833 0.952891 0.562232 1.272186 0.470487 0.112109 0.100000 0.413793 0.100000 0.100000 0.634378 0.577464 0.364077 0.515405 0.458700 0.100000 0.155161 0.470860 0.439139 0.824069 0.980121 0.100000 0.935518 1.319075 0.987262 0.681013 0.960265 0.100000 0.349229 0.880327 0.215702 0.679144 0.231674 0.412589 0.390551 1.359841 0.581557 1.488332 0.818550 0.593863 0.869501 0.683491 0.591692 0.100000 0.269786 0.100000 0.935083 0.812172 0.812015 0.608201 0.398815 1.057041 1.188435 0.208101 0.443705 0.100000 0.354557 0.546674 0.481751 0.830951 0.622091 
0.882695 0.311730 0.537902 0.569680 0.636975 0.100000 0.100000 0.253479 0.338333 0.459439 0.397367 0.100000 0.100000 0.858577 0.414546 0.610641 1.566631 0.100000 0.100000 0.100000 0.100000 0.100000 1.588339 0.950676 0.508780 0.629517 0.126688 0.387232 0.100000 0.206401 0.131647 1.295171 0.661620 1.183687 0.557950 1.097528 0.610726 0.100000 0.516315 0.263695 0.100000 0.240105 0.100000 0.307959 0.709691 1.018696 0.100000 1.004145 0.100000 0.164352 1.210094 0.895904 0.422742 1.299998 0.100000 0.629613 0.100000 0.480070 0.361279 1.110085 0.475386 0.682636 0.410942 0.906952 0.100000 0.850657 1.131892 0.297925 1.028129 0.100000 0.106146 0.721233 0.829829 0.516525 0.865611 0.103354 0.100000 1.250931 0.484028 0.100000 
0.447439 0.289498 0.939108 0.253519 0.100000 0.293705 0.100000 0.100000 0.576145 0.532412 0.100000 0.100000 0.100000 1.426225 0.247835 0.100000 1.612511 0.100000 0.258276 1.314599 0.100000 0.100000 0.508844 0.824152 0.100000 1.008204 0.280936 0.288780 0.100000 1.051277 0.239964 0.111234 0.100000 1.543695 0.100000 0.993796 0.100000 0.100000 0.321217 0.539213 0.100000 0.483221 0.570327 1.237603 1.023729 0.100000 0.125310 0.164057 0.779238 0.756498 0.288272 0.552173 1.213083 0.977623 0.100000 0.652230 0.293034 1.083637 0.427794 0.922962 0.100000 1.053889 0.100000 0.317024 0.503223 0.605238 1.181471 0.100000 1.436884 0.775373 0.100000 0.408594 0.283123 0.140007 0.546620 0.609365 0.374373 1.345034 0.254283 1.161747 
0.969850 0.332292 0.759733 0.100000 1.089771 0.100000 0.100000 0.574317 1.221063 0.175117 0.100000 0.933279 0.157539 1.352338 0.333381 0.100000 0.100000 0.109014 0.400760 0.797523 1.172332 0.607128 1.665507 0.778370 0.100000 0.100000 0.612588 0.100000 0.100000 0.679751 0.809000 0.100000 0.486201 0.100000 0.100000 0.728367 0.924247 0.831370 0.714459 1.108816 0.974713 0.100000 0.778758 1.120116 0.473073 0.607330 0.283343 1.041666 1.305779 0.510626 1.058534 0.100000 0.749580 0.879253 0.300129 0.644535 0.612781 1.274996 1.056432 0.946529 0.100000 0.100000 0.100000 0.100000 0.731706 0.892187 0.631052 0.100000 0.798096 0.455983 0.774701 0.100000 0.100000 0.100000 0.984613 0.293338 0.274723 1.105172 1.009874 0.100000 
1.409850 0.100000 0.394356 0.100000 0.508990 0.100000 0.762305 0.154332 0.396070 0.340250 0.100000 0.100000 0.561450 0.835713 0.420269 0.100000 0.100000 0.588867 0.590356 0.773541 0.100000 0.100000 0.637616 0.434675 0.292377 0.765039 0.100000 0.100000 0.216184 0.100000 0.728036 0.100000 0.657925 0.704328 0.441656 0.100000 0.397884 0.100000 0.410687 0.100000 0.100000 0.978694 1.012432 0.100000 1.243770 0.100000 1.377918 0.214166 0.100000 0.100000 0.949512 0.441381 0.664544 0.100000 0.100000 0.100000 0.620655 0.565618 0.697913 1.609013 1.319695 0.690936 0.100000 0.415611 0.100000 0.337886 0.341825 0.649148 0.100000 0.100000 0.455954 0.182749 0.335127 0.675049 0.100000 0.100000 0.100000 0.801647 0.100000 0.763247 
0.100000 0.317292 0.308061 0.100000 0.100000 0.279758 0.114155 0.215999 0.547566 0.406045 0.378797 0.391017 0.768388 0.941732 1.488223 0.100000 1.412670 0.470107 0.403304 1.549112 0.445669 0.959414 0.464975 0.995874 0.100000 0.763017 0.526327 0.361655 0.100000 0.959806 0.612834 1.077702 0.100000 0.759209 0.212103 0.100000 0.100000 0.154701 1.148681 0.100000 0.100000 1.282188 0.271915 1.289998 0.952613 0.100000 0.711133 0.368499 0.945612 0.100000 2.081582 0.132323 0.291492 0.507721 0.100000 1.238035 0.100000 1.478493 1.050748 0.100000 0.590957 0.100000 0.709764 0.100000 1.095700 0.881800 0.754882 0.543552 0.100000 0.967919 0.100000 0.727636 1.457157 0.620673 0.351326 0.100000 0.984499 0.624492 0.100000 0.666524 
0.266365 0.587883 0.755161 0.513737 0.675756 0.485735 0.100000 0.692519 1.641499 0.613458 0.100000 0.365581 0.100000 0.302304 0.489506 0.100000 0.986522 0.100000 0.689837 0.100000 0.100000 0.100000 0.100000 0.842705 0.100000 0.664159 0.100000 0.640258 1.023982 1.119268 0.100000 1.049676 0.317552 0.714035 0.100000 0.430440 0.326963 0.188350 0.655881 0.100000 0.385047 0.677356 0.641858 0.942981 0.773001 0.690822 0.163609 0.811269 0.474173 0.505002 1.108363 0.604958 0.712339 1.150320 0.100000 0.724206 0.100000 0.168923 1.141212 0.201888 0.170200 0.102451 0.313142 1.224194 0.664714 1.525220 0.732001 0.244711 0.571988 0.587272 0.507067 0.100000 0.742546 0.111503 0.241067 0.100000 0.810804 0.657736 0.100000 0.205245 
1.144083 0.100000 1.392735 0.617751 0.498480 0.485520 0.100000 1.117365 0.100000 0.881222 0.100000 0.100000 0.778997 1.604556 0.100000 0.100000 0.904298 1.089065 1.155939 0.333829 0.649821 0.782594 0.113699 0.100000 0.509890 0.308680 0.217167 0.874332 0.834773 0.751808 0.492866 0.562361 0.100000 1.237820 0.643939 0.419065 0.563046 0.440237 0.466531 0.100000 0.449159 0.658436 0.881213 0.762207 0.100000 0.100000 0.100000 0.100000 1.046531 0.100000 0.873766 1.168721 1.038564 0.100000 1.307983 1.556116 0.100000 1.370782 0.444152 0.912873 0.756211 0.153944 0.275517 0.100000 0.100000 1.000166 0.757896 0.629754 1.026589 0.100000 0.306264 0.100000 0.588207 0.100000 1.052899 0.100000 0.353087 1.510684 0.821122 0.754814 
0.523861 0.720179 0.100000 0.100000 0.641860 0.451497 0.235554 0.100000 0.737564 0.593315 0.100000 0.116491 0.514113 0.300954 0.100000 0.458831 1.552680 0.814665 0.195727 0.100000 1.225846 0.284759 0.474573 1.687287 0.100000 1.315227 1.303111 0.483129 0.575749 0.387371 0.549795 0.353974 0.100000 0.100000 0.215480 0.778234 0.100000 1.038393 0.587309 0.264019 0.626610 0.235168 0.531480 0.661697 0.429014 0.466414 0.817504 0.146610 0.100000 1.579420 2.380761 0.525972 0.100000 0.183707 0.141599 0.433813 0.145920 1.065962 0.751028 0.126102 0.100000 1.046645 0.419311 0.825545 1.593661 0.510021 0.921791 0.540750 0.220520 0.100000 0.809942 0.283175 0.863289 0.325315 1.289230 0.100000 0.227123 0.300511 0.488407 0.100000 
0.100000 0.100000 1.331401 0.761508 0.709140 0.335429 0.100000 0.624227 0.304133 0.100000 0.100000 1.467002 1.192065 0.467503 0.512997 0.341996 0.529773 0.942782 0.342465 0.771124 0.100000 0.777809 0.570066 0.653994 0.100000 0.571229 0.100000 0.250594 0.100000 0.691979 0.763516 0.343946 0.100000 1.102343 0.583672 0.100000 0.100000 0.100000 1.445554 0.100000 0.757853 0.835456 0.100000 0.681899 0.548807 0.732415 0.366438 0.724536 0.105914 0.100000 1.298569 0.313144 0.490383 0.100000 0.694881 0.406553 0.181244 1.235359 0.498062 0.100000 1.088655 0.230249 0.784423 0.892506 0.585529 0.809201 1.639233 0.436251 0.100000 0.315595 0.100000 0.112530 0.830304 0.992400 0.709569 0.986242 0.562566 0.100000 0.203276 0.921288 
1.080831 0.100000 0.457619 0.100000 0.436682 0.100000 0.248265 0.472845 0.100000 0.680251 0.394696 0.100000 0.695317 0.100000 0.100000 0.592358 0.482887 0.390929 0.184418 0.400200 0.446328 0.279478 0.508894 0.100000 0.100000 0.100000 0.100000 0.100000 0.100000 0.588585 0.170691 0.513179 0.100000 0.333280 0.628203 0.100000 0.100000 0.281939 0.100000 0.100000 0.100000 0.876592 0.751655 1.396397 0.100000 0.425986 0.167739 0.100000 0.972113 0.100000 0.404481 0.754145 0.100000 0.100000 0.870863 1.112322 0.560040 0.989230 0.467519 1.015993 0.947351 0.100000 0.382461 0.100000 1.010101 0.397975 1.328333 0.100000 0.614322 0.100000 0.100000 1.030595 0.723838 0.100000 0.255137 0.754183 0.711369 0.547319 0.484003 0.837417 
0.909417 0.296816 1.329813 0.100000 0.251436 0.213456 0.100000 0.100000 0.535442 0.100000 0.100000 1.183863 1.203802 1.442074 0.110559 0.100000 0.585046 0.100000 0.293975 1.780455 0.997906 0.100000 0.541608 1.413972 0.100000 0.613220 0.167921 0.100000 0.100000 0.830369 0.315356 0.100000 0.835053 0.937056 0.239568 0.100000 1.178045 0.100000 0.481050 0.100000 0.100000 0.479693 0.991541 1.872703 0.232155 1.100663 0.232992 0.391896 1.356618 0.339147 0.100000 0.798405 0.100000 0.291075 0.100000 0.708720 0.100000 0.424267 0.575414 0.519026 0.100000 0.336770 1.021640 0.732540 1.575358 0.316871 0.642633 0.100000 0.938658 0.673421 0.100000 1.284034 0.618574 0.436670 1.284104 0.100000 0.170097 0.280195 0.768932 0.447457 
0.450644 0.100000 1.828796 0.665696 0.863971 0.288435 1.070956 1.393472 0.100000 0.860255 0.633530 0.100000 0.306903 0.806437 0.994769 0.100000 0.242254 0.371086 0.101443 0.340500 1.577091 0.270092 1.275530 0.178042 0.100000 0.100000 0.100000 0.100000 0.100000 0.147648 0.828256 0.329955 0.100000 1.424080 0.440587 1.012432 0.494385 0.100000 0.100000 0.739534 0.100000 0.670328 0.789920 1.598050 0.789070 0.631595 0.304715 0.468311 0.748370 0.731521 1.364527 0.509702 0.100000 0.219649 0.175105 1.386877 0.991361 0.652615 1.709525 1.055928 0.100000 0.100000 0.729737 0.478418 1.559100 1.049908 0.870339 0.234297 0.268417 0.902770 0.526188 1.429720 0.330130 0.660752 0.640531 0.240421 0.770309 0.437640 0.677511 0.100000 
0.100000 0.989949 0.322236 0.100000 1.207739 0.100000 0.151127 0.100000 0.100000 1.120584 0.324246 0.100000 0.437148 0.838768 0.100000 0.703358 0.437154 0.443607 0.609547 0.647359 0.600062 0.221038 1.290538 0.945519 0.742747 0.453406 0.100000 0.536910 0.100000 1.056835 1.428092 0.100000 0.578275 0.681556 0.100000 0.100000 0.511347 0.803376 0.100000 0.640268 1.530001 0.385138 0.676229 0.286674 0.527314 0.304416 0.105097 0.100000 0.100000 0.316383 1.038146 0.359499 0.323658 0.277525 0.100000 0.100000 0.266280 0.726644 1.600973 1.049868 0.609273 0.100000 0.137705 0.525192 0.443231 0.707228 1.048641 0.244307 0.292932 0.173853 0.270490 0.967103 0.572620 0.339015 0.656818 0.299637 0.447653 0.100000 0.100000 0.961394 
0.100000 0.268287 1.020296 0.100000 0.220903 0.100000 0.100000 0.100000 1.244210 0.100000 0.100000 0.273254 0.912065 0.128178 0.205306 0.100000 0.342344 0.304691 0.194366 1.240409 0.100000 0.555532 0.780648 0.100000 0.100000 1.162659 0.436246 0.738779 0.100000 0.290671 1.090913 0.100000 0.100000 0.100000 0.564949 1.440912 0.100000 0.125851 0.168236 0.318631 0.286551 1.439907 0.289006 1.581463 0.798951 0.738912 0.100000 0.100000 0.100000 0.100000 0.749091 0.333333 0.100000 0.609965 0.100000 0.100000 0.100000 0.100000 1.906702 1.087735 0.390465 0.100000 0.631632 0.200820 0.698393 0.100000 0.100000 0.675354 0.834114 0.196703 1.243010 0.749551 1.606922 0.296693 0.143447 0.432873 0.100000 0.100000 0.122745 0.100000 
0.568615 0.100000 0.130380 0.100000 1.296009 0.100000 0.632178 0.746865 1.030159 0.556656 0.362676 0.100000 0.721918 0.100000 1.059552 0.100000 0.473545 0.100000 0.335549 1.067972 0.124617 0.591431 0.606227 0.741409 0.100000 0.100000 0.480992 0.339466 0.187459 0.446499 0.300439 0.100000 0.203727 0.100000 0.395544 0.239196 0.604719 0.415927 0.518555 0.100000 0.557775 0.344600 0.100000 0.100000 0.247097 0.286792 0.100000 0.100000 0.103404 0.843562 0.957983 0.100000 0.877872 0.772039 0.100000 0.100000 0.554101 0.761321 0.745451 0.100000 0.801124 0.100000 1.912466 0.676357 0.662045 0.100000 0.100000 0.100000 0.678947 0.100000 1.533271 0.361910 0.116227 0.136155 0.867916 0.100000 0.100000 0.886322 1.149278 0.100000 
0.438125 0.100000 1.443138 0.947641 0.993060 0.192721 1.007816 0.100000 0.681134 0.697942 0.557674 0.100000 0.100000 0.100000 0.100000 0.398412 0.773540 0.428814 0.100000 0.331716 1.047209 0.255403 0.900054 0.751156 0.876197 0.298695 0.425897 0.100000 0.100000 0.648976 0.353750 0.404475 0.808668 0.985992 1.109118 0.831606 0.209441 0.100000 0.100000 0.921983 0.803141 0.720005 0.991126 0.716074 1.130193 0.680630 1.706045 0.948573 0.120902 0.220203 0.377941 0.100000 0.559525 0.237997 0.337743 0.866785 0.383124 0.660143 0.675841 0.100000 0.100000 0.759209 0.409970 0.778844 0.543840 0.870949 0.631712 0.626222 1.316502 0.651692 0.100000 1.018747 1.158246 0.258846 0.785930 0.334474 0.626593 0.130543 0.592924 1.216012 
0.114619 0.386311 0.681029 0.100000 0.685879 0.100000 0.100000 0.684192 0.688608 0.410790 0.100000 0.100000 0.584191 1.200542 0.757790 0.141581 0.100000 0.354304 0.100000 0.100000 0.100000 0.600835 1.257163 0.489409 0.100000 0.364313 0.623445 0.874130 0.762555 0.136939 0.615263 0.737197 0.100000 0.181366 0.424241 0.555172 0.100000 0.416605 0.100000 0.100000 0.405277 0.599187 0.100000 1.120943 0.350183 0.101262 0.369443 0.100000 0.100000 0.534535 0.655595 0.100000 0.100000 0.100000 0.619914 0.164871 0.314873 0.481926 0.507596 0.867105 0.257215 0.100000 0.100000 0.692447 0.206964 1.105147 0.428122 0.383388 0.841321 0.183041 0.585491 0.475091 0.522313 0.100000 0.204103 0.537711 0.100000 1.067089 0.302490 0.399388 
0.100000 0.100000 0.991182 0.350689 0.310976 0.259670 0.100000 0.447744 0.716622 0.100000 0.100000 0.100000 0.359945 0.296140 0.826650 0.100000 0.508988 0.440608 0.476885 0.289513 0.628935 0.985124 1.223844 0.539137 1.023711 1.217135 0.100000 0.868810 0.398143 0.258585 0.391243 0.228361 0.337719 0.379299 0.100897 0.100000 0.640884 0.735987 1.276457 0.725586 0.100000 1.097327 1.412152 0.100000 0.100000 0.718557 0.100000 0.814148 0.697732 0.457488 0.100000 0.744797 0.487174 1.512936 0.946176 0.577583 0.327502 0.971869 0.888116 0.100000 0.252347 0.536733 0.188392 1.233063 0.100000 0.104708 0.670970 0.100000 0.692878 0.100000 0.879270 0.924833 0.452267 0.346122 0.100000 0.100000 0.188314 0.865161 0.533176 0.100000 
0.477374 0.342953 0.383521 1.097242 0.100000 0.443353 0.567765 0.100000 0.100000 0.248706 0.784486 0.578761 0.468225 0.926037 0.678948 0.238909 0.100000 1.007871 0.330183 0.127425 0.150066 0.981006 1.507342 0.798591 0.214911 0.621715 0.100000 0.148215 0.206139 0.419722 1.056795 0.851207 0.372662 0.100000 0.198322 1.154349 0.812093 0.100000 0.827722 0.100000 0.554737 1.018160 0.100000 1.096606 0.686715 1.143812 0.100000 0.100000 0.100000 0.100000 2.086624 0.100000 0.126282 0.100000 0.100000 0.411168 0.100000 0.100000 1.035915 0.475921 0.702426 0.100000 0.468892 0.441331 0.380754 0.939253 0.100000 0.149066 1.379236 0.326246 1.244684 0.788415 1.106346 0.980994 1.020575 0.805649 0.100000 0.843834 0.100000 0.627264 
