74 Number of operations
29 Number of workers
Standard production times
0.290051 0.119425 0.716550 0.190971 0.451519 0.100000 0.100000 0.336942 0.571636 0.414269 0.100000 0.116889 0.577166 0.526380 0.408052 0.219375 0.435065 0.438886 0.292950 0.555470 0.434268 0.311430 0.740981 0.584869 0.139028 0.323885 0.251275 0.312576 0.314710 0.676281 0.419674 0.326109 0.145356 0.602997 0.103788 0.342580 0.388635 0.242379 0.413542 0.192219 0.347265 0.507650 0.705652 0.791335 0.495640 0.423869 0.228507 0.247610 0.527861 0.409505 1.022967 0.293508 0.469117 0.314897 0.100000 0.751079 0.347161 0.569259 0.817347 0.505296 0.596762 0.100000 0.221035 0.466013 0.609718 0.669980 0.649135 0.261762 0.656215 0.254587 0.240166 0.399291 0.502519 0.366428 
Production times: workers row and ops columns
0.100000 0.209959 1.120294 0.597238 0.556970 0.310890 0.390963 0.131838 1.720069 1.258517 0.412906 0.100000 0.607215 0.757591 0.750470 0.100000 0.934590 0.284801 0.475869 1.359224 0.315179 0.141016 0.984778 1.454406 0.173513 0.560506 0.100000 0.100000 0.100000 0.987563 0.633455 0.363113 0.100000 0.905074 1.296391 0.280638 0.226538 0.397756 1.644356 0.100000 0.100000 0.849775 0.721668 0.889470 0.949366 0.100000 0.636931 0.839696 0.425621 0.354083 1.730208 0.100000 0.805873 0.100000 0.100000 0.666192 0.100000 0.838233 1.012988 1.611253 0.515639 0.245589 0.275066 0.366246 0.726134 0.747676 0.945998 0.100000 1.071497 0.311196 0.100000 1.199032 1.739729 0.200265 
0.678624 0.164601 0.623252 0.562600 0.241930 0.102480 0.100000 0.147262 0.299825 0.956077 0.160903 0.443710 0.532588 0.976816 1.109295 0.328217 0.393265 0.100000 0.189919 0.576548 0.100000 1.301275 0.443971 1.078977 0.230580 0.785882 0.517861 0.100000 0.100000 0.746668 1.303475 0.100000 0.114495 0.722211 0.141174 0.511732 0.527673 0.854362 0.100000 0.619440 1.100690 0.769317 0.913308 1.083029 0.875371 0.630214 0.812425 0.100000 0.100000 0.100000 0.169598 0.100000 0.972813 0.100000 0.305385 0.720843 0.100000 0.872729 0.100000 0.100000 0.744543 0.215752 0.360052 0.811028 0.150730 0.244061 0.694514 0.842863 0.817106 0.925246 0.311004 1.267983 0.690403 1.105556 
0.100000 0.100000 0.627053 0.100000 0.688832 0.100000 0.287942 0.710966 0.100000 0.536074 0.100000 0.100000 0.812446 0.100000 0.682494 0.100000 0.322501 0.628732 0.235103 0.482160 1.318967 0.309820 0.407751 0.198951 0.100000 0.877526 0.100000 0.608027 0.333688 0.199919 0.100000 0.286587 0.540303 1.696086 0.100000 0.543503 0.100000 0.602495 1.159348 0.242807 0.896384 0.565228 1.366867 1.282915 1.124235 0.655155 0.100000 0.688805 0.895846 0.100000 1.585079 0.100000 1.199115 0.175858 0.318306 0.770190 1.092200 1.868154 0.635889 0.100000 1.073770 0.100000 0.771483 1.021464 0.485786 0.100000 0.731817 0.275534 0.331263 0.100000 0.681349 0.100000 0.163253 0.333483 
0.100000 0.141364 0.395883 0.663429 0.489146 0.100000 0.100000 0.869750 0.608712 1.245741 0.382877 0.142104 0.424579 1.439267 0.226955 0.118587 0.100000 0.352836 0.880064 0.814736 0.950611 0.693144 1.217613 0.367749 0.764585 0.186361 0.100000 0.489107 0.279274 0.305563 0.125412 1.039342 0.100000 1.417009 0.100000 0.100000 1.090809 0.182168 0.829656 0.100000 0.495627 0.100000 0.716158 0.658167 0.309733 0.220165 0.617524 0.365037 0.742909 0.531296 0.291168 0.100000 0.288294 0.474937 0.486942 0.465256 0.470916 0.100000 1.110883 0.372715 0.106621 0.100000 0.581414 0.476106 0.100000 0.798651 0.739571 0.817342 0.423404 1.193937 0.100000 0.838519 0.515250 0.285045 
0.379917 0.100000 0.645366 0.594121 0.109555 0.100000 0.100000 0.277338 0.208740 0.100000 0.292443 0.100000 1.203654 0.355251 0.698848 0.100000 0.650779 0.100000 0.100000 0.472585 0.783792 0.100000 2.527660 0.326497 0.274528 0.100000 0.420988 0.346224 0.416113 1.102184 0.379272 0.100000 0.272771 0.569608 0.425175 0.607703 1.111701 0.810674 0.254041 0.184645 0.287710 0.100000 0.587344 1.659048 0.100000 0.358324 0.100000 0.100000 1.342455 0.485874 0.493824 0.242533 0.492977 0.100000 0.659307 1.111009 1.035916 0.611657 0.561948 1.445343 0.715125 0.440090 0.217883 0.365863 0.714625 0.784068 1.319652 0.837532 0.100000 0.536515 1.188062 0.733398 0.974251 0.170789 
0.599723 0.100000 1.198994 0.100000 1.110814 0.100000 0.100000 0.100000 0.194649 0.940836 0.552932 0.549020 0.237325 0.195198 0.209315 0.100000 0.291170 0.401522 0.456240 0.191519 0.100000 0.100000 0.857563 0.815112 0.100000 0.576340 0.133942 0.919884 0.421801 0.896363 0.100000 0.294557 0.100000 0.100000 0.100000 0.196392 0.100000 0.543193 1.051436 0.553163 0.577871 0.100000 1.069920 1.447372 0.100000 0.805709 0.938006 0.100000 0.316202 0.100000 0.779954 0.177806 0.345897 0.698881 0.100000 2.386362 0.193641 0.376884 0.824941 0.100000 0.202861 0.100000 0.320340 0.330660 0.750342 0.100000 0.710698 0.100000 0.322506 0.483445 0.100000 0.531084 0.904567 0.833911 
0.418290 0.100000 0.100000 0.824454 0.854071 0.580153 0.317475 0.677048 1.506078 0.489621 0.100000 0.754358 0.952533 0.931250 0.100000 1.048902 0.590601 0.546743 0.100000 0.392300 0.100000 0.100000 0.798105 1.091747 0.100000 0.111557 0.661309 0.100000 0.100000 0.100000 1.048497 0.219017 0.100000 0.156768 0.100000 0.686836 0.100000 0.100000 0.866021 0.344327 1.074924 0.373835 1.729006 0.509446 0.399230 0.100000 0.330785 0.644500 0.541823 1.201878 1.637085 0.290025 0.529746 0.100000 0.114006 1.098305 0.555370 0.386426 1.238245 0.100000 0.917874 0.128804 0.758662 0.663797 0.495047 0.397738 0.781965 0.380441 0.100000 0.100000 0.188627 1.103973 0.492214 0.849062 
0.165685 0.664259 0.263835 1.005184 0.100000 0.112764 0.794635 0.489033 1.305023 0.432061 0.607882 0.474729 1.443255 0.100000 0.136988 0.100000 0.268080 0.100000 0.100000 0.100000 0.931944 0.137536 0.100000 0.920437 0.100000 1.019582 0.100000 0.100000 0.100000 1.133947 0.116200 0.783115 0.100000 2.094573 0.273926 0.100000 0.325945 0.705670 0.311179 0.387612 1.141810 0.981586 1.036739 0.728456 1.076653 0.100000 0.100000 0.100000 0.750748 0.100000 1.555343 0.856416 0.890409 0.100000 0.100000 0.100000 0.100000 0.100000 0.898069 0.234061 1.012642 0.859044 0.100000 0.699092 0.633767 0.100000 0.560749 0.366728 0.100000 0.100000 0.100000 0.394289 0.100000 0.100000 
0.486970 0.345322 1.674542 0.100000 0.467403 0.100000 0.480700 0.122005 1.131956 1.134634 0.100000 0.100000 0.100000 0.730446 0.871427 1.201188 0.100000 0.100000 0.835521 0.709372 0.675539 1.074885 0.569005 0.100000 0.271656 0.100000 0.327497 0.148175 0.100000 1.436740 0.716623 0.100000 0.700652 0.302840 1.635935 0.100000 0.423178 0.129454 0.100000 0.100000 0.100000 0.100000 0.905051 0.778772 1.123636 0.113494 0.715558 0.313656 0.100000 0.100000 1.061423 0.600818 0.482396 0.100000 0.134492 0.523851 0.577876 0.100000 1.715031 0.297891 0.582504 0.867153 0.100000 0.514574 0.119667 0.491096 0.559829 1.143263 1.151968 0.188930 0.100000 0.773884 0.356397 0.287524 
0.100000 0.100000 0.732248 0.100000 0.451116 1.130087 0.100000 0.533132 0.479525 0.100000 0.100000 0.390271 0.194443 1.015095 0.100000 0.100000 0.156398 0.542372 0.450886 0.153627 0.100000 0.100000 0.819973 0.594140 0.395101 0.752958 0.227905 0.100000 0.578530 0.585275 1.949065 0.100000 0.100000 1.074150 0.100000 0.613087 0.100000 0.100000 0.100000 0.318275 0.100000 0.716346 0.409248 0.107160 0.961209 1.714771 0.344903 0.100000 0.862921 0.100000 0.412255 0.885845 0.117536 0.868895 0.248219 0.980631 0.255019 1.362137 0.733639 0.473076 1.133590 0.710901 0.965626 0.272688 0.327694 0.692050 0.509091 0.100000 0.452030 0.179635 0.382222 1.637361 0.100000 1.356483 
0.212047 0.709789 1.235174 0.441773 0.982724 0.100000 0.100000 0.100000 0.734154 0.191259 0.100000 0.100000 0.734956 0.564349 0.778101 0.100000 0.100000 0.251467 0.375175 0.752231 0.844795 1.099332 0.286992 1.012737 0.752451 0.519811 0.436648 0.848972 0.100000 0.777900 0.772140 0.132305 0.100000 0.541163 0.100000 0.418234 1.648477 0.100000 1.554713 0.441510 0.123781 0.871855 0.792381 1.283027 0.356461 0.227642 0.100000 0.512713 0.690898 0.959758 0.974953 0.437736 1.285991 1.104042 0.100000 0.828356 0.100000 0.646915 1.112627 0.383859 1.138744 0.234839 0.813679 0.658317 0.431070 1.048689 0.834592 0.100000 0.133964 0.171124 0.100000 0.444461 0.799886 0.100000 
0.100000 0.451622 0.723044 0.582237 1.583085 0.100000 0.100000 0.100000 0.100000 0.100000 0.947358 0.482696 0.946918 0.832013 0.283465 0.294032 0.100000 0.100000 0.100000 1.524533 0.950532 0.892120 1.195143 1.339818 0.361118 0.100000 0.354047 0.384052 0.100000 0.408736 0.100000 0.100000 0.359407 1.197824 0.100000 1.099115 0.100000 0.100000 0.600669 0.794615 0.300890 1.492750 0.627514 0.669869 0.100000 0.334680 0.100000 0.852400 0.406485 0.992141 1.212874 0.734447 0.100000 0.495574 0.582757 0.787242 0.719076 0.373744 0.683326 0.827237 0.924072 0.250098 0.417378 0.292465 0.100000 1.317723 0.844194 0.100000 0.813603 0.424660 0.462724 0.461839 0.100000 0.560133 
0.100000 0.100000 0.721059 0.309114 0.100000 0.100000 0.100000 1.236787 0.411418 0.100000 1.277446 0.100000 0.542491 1.285509 0.100000 0.100000 0.202928 0.678169 0.100000 1.239789 0.463929 0.287634 0.100000 0.959865 0.100000 0.109010 0.112711 1.253273 0.306402 1.327497 0.100000 0.100000 0.100000 0.949992 0.100000 0.318151 0.253310 0.688646 0.941631 0.100000 0.244068 0.424097 0.957029 1.138328 0.100000 0.682534 0.972473 0.910336 0.279916 0.310656 0.968840 0.807886 0.100000 0.732563 0.100000 1.704968 0.100000 0.420270 0.710852 0.440554 1.129098 0.100000 1.001705 0.986799 0.100000 0.679283 0.429739 0.100000 0.533567 0.587051 0.363147 1.141138 0.467833 1.040923 
0.969850 0.332292 0.759733 0.100000 1.089771 0.100000 0.100000 0.574317 1.221063 0.175117 0.100000 0.933279 0.157539 1.352338 0.333381 0.100000 0.100000 0.109014 0.400760 0.797523 1.172332 0.607128 1.665507 0.778370 0.100000 0.100000 0.612588 0.100000 0.100000 0.679751 0.809000 0.100000 0.486201 0.100000 0.100000 0.728367 0.924247 0.831370 0.714459 1.108816 0.974713 0.100000 0.778758 1.120116 0.473073 0.607330 0.283343 1.041666 1.305779 0.510626 1.058534 0.100000 0.749580 0.879253 0.300129 0.644535 0.612781 1.274996 1.056432 0.946529 0.100000 0.100000 0.100000 0.100000 0.731706 0.892187 0.631052 0.100000 0.798096 0.455983 0.774701 0.100000 0.100000 0.100000 
0.605396 0.135862 0.739881 0.692955 1.172424 0.100000 1.219800 0.100000 0.249441 0.284354 0.157471 0.100000 1.239471 0.343770 0.232487 0.145357 0.100000 0.100000 0.277235 0.864803 0.446485 0.100000 0.334267 0.734850 0.436434 0.541956 0.100000 0.100000 0.211345 0.526087 0.573023 0.767262 0.100000 0.100000 0.100000 0.100000 0.696997 0.100000 0.926111 0.293549 0.685132 0.100000 0.714901 0.525520 0.492785 0.281229 0.100000 0.718654 0.834641 0.100000 1.771097 0.100000 1.618527 0.281452 0.100000 0.290562 0.273707 0.717133 1.012774 0.100000 0.475883 0.100000 0.494529 0.462372 0.490284 1.773697 1.372069 0.852698 0.320526 0.204185 0.100000 0.100000 0.195209 0.753814 
0.100000 0.100000 0.932338 0.100000 0.284127 0.408622 0.100000 0.100000 0.100000 0.612728 0.100000 0.392885 0.327035 0.724247 0.100000 0.100000 0.100000 0.618644 0.307105 0.434528 0.410198 0.303206 1.019778 0.858996 0.330249 0.739236 1.331446 0.100000 1.292315 0.707502 0.530028 1.319750 0.156757 1.250982 0.100000 0.753585 0.100000 0.681511 0.688595 0.241298 0.100000 0.791175 0.898812 1.542929 0.126997 0.580081 0.336822 0.100000 0.126957 0.321827 1.758106 0.100000 0.153651 1.089435 0.100000 1.249742 0.804135 0.100000 1.299972 0.626184 1.014513 0.100000 1.279650 0.304828 0.432094 0.862804 0.463690 0.748717 0.100000 1.163821 0.473568 0.100000 0.496714 0.352161 
0.778780 0.100000 1.202532 0.402791 0.557266 0.381790 0.100000 1.050274 0.414574 0.742614 1.054638 0.371135 0.259225 0.274209 1.141158 0.240681 0.100000 0.618159 0.269264 1.023927 0.472879 0.634196 0.965218 0.970604 0.100000 0.679463 1.321138 0.511765 0.100000 0.924973 0.100000 0.102032 0.226810 0.437968 0.655246 0.100000 0.785522 0.100000 0.100000 0.100000 0.100000 0.765486 0.314980 1.131610 0.237683 0.751551 0.937778 0.690597 0.200277 1.133072 1.195163 0.404545 0.100000 0.402757 0.100000 0.697050 0.589501 0.404036 0.855129 0.675002 0.532968 0.251646 0.498396 0.732965 0.544820 1.233639 0.595447 0.357259 0.741611 0.566038 0.483388 1.234713 0.100000 0.339554 
0.100000 0.100000 1.040416 0.100000 0.100000 0.102451 0.192107 1.095123 0.626631 1.269509 0.182866 0.100000 0.492939 0.859065 0.674952 0.100000 0.675092 0.183961 0.100000 0.100000 0.993680 0.365979 0.100000 0.302862 0.993060 0.196055 0.927459 0.739356 0.361672 1.061802 0.100000 1.106532 0.100000 1.069950 0.100000 0.100000 0.590467 1.320555 0.100000 0.100000 0.816498 1.157829 1.568641 0.569694 0.711193 0.895034 0.100000 0.100000 0.898724 0.394300 0.988859 0.855264 0.989180 0.390424 0.173192 0.987331 0.100000 1.204081 1.357497 0.581781 0.771173 0.297858 0.274024 0.100000 0.711613 0.820766 0.824696 0.232634 0.258932 0.100000 0.100000 0.100000 1.021189 0.100000 
0.140850 0.994639 1.285998 0.100000 1.659502 0.905037 0.100000 1.138465 0.198441 0.821846 0.259449 0.170834 0.631648 0.100000 0.100000 0.549561 0.543825 0.806878 0.663324 0.187601 0.500366 0.100000 0.826668 0.156300 0.522659 0.100000 0.352969 1.220072 0.846863 0.943843 0.653484 0.926863 0.100000 0.100000 0.294129 0.694077 0.524189 0.100000 0.579470 0.371265 0.100000 0.507252 0.642600 0.565909 0.100000 0.663324 1.346123 0.623389 0.430638 0.100000 1.814545 0.266837 0.202709 1.417315 0.100000 1.742421 1.398998 0.739813 1.078386 0.216385 0.726883 0.127866 0.129088 0.100000 0.721410 1.105634 0.345010 1.057775 0.829982 0.326388 0.519512 0.126809 0.328346 0.236789 
0.223425 0.161971 1.305548 0.100000 0.100000 1.269915 1.457795 0.569406 0.100000 0.283079 0.141599 0.100000 0.375925 1.023083 0.341733 0.100000 0.100000 1.385531 0.491226 0.915003 1.418211 0.151471 1.013637 0.863857 0.100000 0.100000 0.821050 0.196459 0.675480 0.635168 1.039637 0.100000 0.121087 0.300321 0.303226 0.100000 0.100000 0.100000 1.028392 0.762756 0.604886 0.743080 0.127204 1.078621 0.228137 0.100000 0.100000 1.597723 1.142760 0.350628 1.127912 0.416128 0.563825 0.818793 0.149515 0.966733 0.100000 1.035638 0.646432 0.574421 0.100000 0.347344 0.100000 0.404031 0.100000 0.685677 0.992977 0.279600 0.508830 0.753933 0.720050 0.100000 0.104123 0.100000 
1.322063 0.100000 1.127139 0.518777 0.100000 0.100000 0.153167 0.645488 0.709566 0.891194 0.100000 0.100000 0.852768 0.546017 0.429319 0.100000 1.029946 0.100000 0.127033 1.221571 0.114983 0.100000 1.232874 0.715118 0.702415 0.750379 0.227085 0.451797 1.304808 0.850771 0.100000 0.387116 0.100000 0.316236 0.431573 0.968552 0.428937 0.951720 0.724715 0.100000 0.261572 0.941686 1.496432 0.549205 0.236709 0.100000 0.213670 0.100000 0.676126 0.545408 0.301802 0.559490 0.763812 0.100000 0.218151 0.100000 0.100000 0.942241 0.865169 0.457338 0.488230 0.100000 0.233095 0.434061 0.377631 0.100000 0.481152 0.100000 0.200575 0.100000 0.100000 0.311594 0.253536 0.553498 
0.100000 0.100000 1.240965 0.100000 0.100000 0.139560 0.100000 0.137177 0.100000 0.783210 0.146003 0.721951 0.100000 0.528497 0.347284 0.100000 0.879316 0.118913 0.100000 1.016108 0.100000 0.100000 1.511844 0.946112 0.351906 0.743856 0.100000 0.823273 0.665299 0.496894 0.581100 0.100000 0.545739 0.330993 0.782986 0.100000 0.346743 0.100000 0.199336 0.823523 0.568583 0.100000 0.291521 1.268617 0.955617 0.368001 0.423541 0.597775 1.147227 0.586896 1.636230 0.100000 0.269034 0.428354 0.100000 0.398471 0.310968 0.100000 0.792249 1.572269 1.223397 1.015694 0.100000 0.100000 0.759699 0.133344 0.650160 1.486746 1.219853 0.100000 0.100000 1.228394 0.100000 0.655763 
0.206697 0.100000 0.404297 0.345058 0.347200 0.100000 0.789697 0.671000 0.707415 0.100000 0.889410 0.100000 0.644674 0.100000 0.100000 0.191418 0.720954 1.520254 0.100000 1.232264 0.438753 0.455716 1.569738 0.514511 0.100000 0.828783 0.100000 0.288753 0.127610 0.633922 0.100000 0.181117 0.100000 0.616728 0.100000 0.579350 1.189240 0.508906 1.379181 0.100000 0.340763 0.100000 0.988096 1.210169 0.239318 1.308613 0.344562 0.317852 1.142698 0.100000 0.941671 0.100000 0.949080 0.275103 0.260594 0.480496 1.459406 1.043984 1.229799 0.693731 1.567718 1.156531 0.100000 0.911999 1.143248 0.100000 0.378872 0.541818 1.242931 0.100000 0.100000 0.331490 0.311012 0.151457 
1.432874 0.100000 1.251099 0.100000 0.100000 0.100000 0.100000 0.100000 0.236216 0.100000 0.508581 0.120736 0.436089 1.347463 0.744851 0.889227 0.540815 0.100000 0.100000 1.102785 0.100000 0.474108 0.825249 1.391583 0.432458 0.531610 0.327483 0.533276 0.535219 0.998297 0.761234 0.542303 0.100000 0.507749 0.178893 0.978378 1.032835 0.325735 1.305720 0.742852 0.100000 0.109124 1.214354 0.803740 1.445022 0.803797 0.449711 0.220146 0.140063 1.057688 1.308988 1.323937 0.296728 0.609222 0.100000 0.714599 0.866078 0.403712 1.205888 0.100000 0.100000 0.970523 0.100000 0.100000 1.365939 0.102544 0.700262 0.100000 0.100000 0.960902 0.464412 0.100000 0.362501 0.678815 
0.100000 0.603408 0.718639 0.195692 0.768115 0.191888 0.265794 0.246550 1.121193 0.774918 0.703720 0.246410 0.177342 0.750714 0.100000 0.599929 1.443483 0.100000 0.725869 0.634029 0.100000 0.100000 0.863693 1.145867 0.100000 0.771934 1.434011 0.190063 0.285287 0.171620 0.451348 0.206655 0.100000 0.403581 0.100000 0.249458 0.403815 0.308370 0.268084 0.154847 0.100000 0.100000 0.624771 0.948721 1.279267 0.968441 0.241018 0.100000 0.444531 0.468684 0.856479 0.330756 0.868623 0.297442 0.100000 0.670345 0.377485 1.137071 0.887448 0.477883 0.584312 0.122736 0.417295 0.100000 0.383694 1.144122 0.100000 0.410624 0.959960 0.100000 0.100000 0.100000 0.100000 0.100000 
0.962625 0.100000 0.303301 0.347335 0.786418 0.100000 0.100000 0.100000 0.478916 0.280074 0.100000 0.801829 0.100000 0.770483 0.447720 0.100000 0.304077 1.277660 0.477922 0.981674 0.100000 0.100000 1.412220 0.255409 0.100000 0.100000 0.712436 1.410908 0.100000 0.559754 0.174368 0.452521 0.100000 1.535254 0.100000 1.132707 0.691946 0.557422 0.180120 0.100000 0.100000 0.100000 0.431776 0.831161 0.100000 0.718936 0.100000 0.100000 0.100000 0.100000 2.112322 0.875947 0.262820 0.100000 0.510597 0.485886 0.435836 0.100000 0.100000 0.918888 0.774661 0.100000 1.223879 0.816273 1.714122 0.600245 0.123315 0.417734 0.414452 0.100000 0.100000 0.100000 0.781084 0.148501 
0.100000 0.100000 1.561041 0.100000 0.983696 0.509923 0.558523 0.479329 0.834311 0.100000 0.244753 0.100000 1.228665 0.100000 0.446532 0.100000 0.477663 0.951388 0.100000 0.835471 0.299514 0.467970 0.685877 0.272367 0.368745 0.350775 0.124024 0.100000 0.195474 0.246516 0.478045 0.100000 0.437112 0.499613 0.319872 0.516129 0.493648 0.100000 0.624053 0.100000 0.100000 0.100000 0.457109 0.654259 0.318812 0.100000 0.100000 0.681667 0.462878 0.100000 1.431722 0.750650 0.315182 0.100000 0.306939 0.943141 0.275266 0.100000 1.021709 0.323979 2.288193 0.310345 0.273362 0.100000 0.100000 0.211309 0.671867 0.100000 1.949320 0.217207 0.100000 0.169018 0.701168 0.100000 
0.100000 0.402560 1.576859 0.100000 0.599593 0.100000 0.826588 1.093612 1.113177 0.506990 1.007816 0.100000 0.686664 0.810054 0.865726 0.100000 0.100000 0.100000 0.100000 0.734507 0.772743 0.301357 0.141460 0.361115 0.751969 0.267858 0.410348 0.478862 1.051880 0.651092 0.594297 0.100000 0.100000 0.575692 0.100000 0.420947 1.051947 0.625374 1.418872 0.681245 0.168071 0.151961 0.100000 1.521100 0.951516 0.636224 0.513981 0.172349 1.162414 0.666266 2.500505 0.994470 0.100000 0.125595 0.100000 0.488161 0.437569 0.492359 1.055090 0.621001 0.632724 0.190884 0.100000 0.100000 0.100000 1.329189 0.838070 0.574594 0.590336 0.455556 0.222743 0.763752 1.162806 0.763533 
0.100000 0.738881 1.372278 0.100000 0.568182 0.157573 0.475200 0.100000 0.875591 1.143029 0.100000 0.383775 0.541645 0.100000 0.642413 0.100000 0.100000 0.786137 0.409923 0.551991 0.359297 0.283058 0.748005 1.259031 0.488765 0.246091 0.100000 0.227994 0.100000 0.100000 0.100000 0.615514 0.661539 0.507537 0.100000 0.383008 0.760806 0.803934 0.861387 0.100000 0.542854 0.918739 0.396904 0.369704 0.816093 0.636461 0.100000 0.421836 0.100000 0.285348 1.080980 0.385044 0.100000 0.644504 0.100000 0.428473 0.488098 0.379888 0.100000 0.630326 0.229390 0.100000 0.100000 0.100000 1.129632 0.100000 0.616847 0.174429 0.346465 0.616396 0.100000 0.106431 0.347332 0.592863 
