86 Number of operations
29 Number of workers
Standard production times
0.395487 0.532490 0.222502 0.307822 0.261232 0.472611 0.856732 0.348992 0.510849 0.592732 0.929213 0.391227 0.206876 0.575733 0.100000 0.623915 0.189126 0.198222 0.386496 0.383715 0.967043 0.350765 0.541102 0.253267 0.159032 0.456081 0.295062 0.100000 0.627160 0.519564 0.619080 0.716055 0.419631 0.380416 0.100000 0.410165 0.555420 0.278717 0.305743 0.100000 0.571778 0.269913 0.412373 0.663896 0.543813 0.237312 0.591981 0.366152 0.400966 0.541476 0.611755 0.607141 0.514341 0.395286 0.100000 0.249166 0.430479 0.769328 0.427803 0.599307 0.100000 0.665435 0.232499 0.665336 0.283636 0.157893 0.336602 0.575480 0.716322 0.403792 0.756102 0.159809 0.168989 0.100000 0.420959 0.465930 0.486587 0.338208 0.671367 0.487711 0.500298 0.406885 0.239311 0.920120 0.766699 0.107835 
Production times: workers row and ops columns
1.882062 0.199420 0.100000 0.715761 0.247648 0.461680 0.137009 0.803536 0.100000 0.243148 0.808213 0.100000 0.801257 0.660980 0.432959 0.100000 0.542793 0.100000 0.948159 0.671270 0.709756 0.478416 0.501140 0.121966 0.100000 0.515257 1.111259 0.100000 0.774554 0.401273 1.608483 0.156931 0.833439 0.100000 0.100000 0.709433 0.380301 0.100000 0.507245 0.100000 0.277121 0.286484 0.321002 0.100000 1.027786 0.599909 0.599684 1.134337 0.344265 0.695516 1.444240 0.544994 0.385576 0.933949 0.100000 0.831734 0.577398 0.408433 0.100000 0.276528 0.444934 0.574998 0.636893 0.733532 0.289358 1.109198 0.100000 0.591896 1.228312 0.489961 1.208439 0.394459 0.100000 0.211545 0.100000 0.165109 0.642807 0.534536 1.108438 0.100000 0.735150 0.621979 0.572006 0.495805 0.688878 0.100000 
0.589088 0.390518 0.710289 0.810906 0.100000 1.041439 1.159011 0.100000 0.845617 0.527186 0.303940 1.178778 0.100000 1.085166 0.360590 0.326289 0.100000 0.100475 0.770382 0.100000 0.734812 0.511104 0.471714 0.867880 0.210643 0.100000 0.100000 0.100000 1.587632 0.100000 0.742757 0.479503 0.731364 0.553024 0.100000 0.386557 0.100000 0.398361 1.526073 0.261344 0.323272 0.739731 0.680897 1.114981 0.841690 0.422792 0.281140 0.468870 0.100000 1.171396 0.665202 1.258995 0.100000 0.100000 0.100000 0.100000 0.283004 0.750069 0.100000 0.477170 0.799321 0.272324 0.100000 0.392299 0.302307 1.201705 0.100000 0.100000 0.767444 0.523315 0.459918 0.181934 0.100000 0.502881 0.100000 0.200989 0.100000 0.100000 0.284073 0.484766 0.100000 0.100000 0.100000 0.326657 0.423131 0.100000 
0.571370 0.176643 0.100000 0.832847 0.123673 0.933019 1.105367 1.541118 0.763920 0.489721 1.040782 0.505111 0.570721 0.569185 0.100000 0.345897 1.203635 0.227004 0.100000 0.100000 0.790617 1.056369 1.261262 0.705365 0.100000 1.022988 0.850362 0.100000 0.347160 1.025245 0.278938 0.164850 0.668506 0.100000 0.100000 0.100000 0.244306 0.751775 1.020116 1.051844 0.124288 0.100000 0.749267 0.475417 0.100000 0.100000 1.326338 1.535907 0.100000 0.519157 1.357495 0.636970 0.585571 1.073091 0.333717 0.100000 0.100000 0.278999 0.100000 1.143910 0.100000 1.054488 0.404587 1.233950 0.266655 0.596644 0.381128 0.841623 0.751326 0.659567 0.335545 0.526582 0.253595 0.360429 0.695389 0.491696 1.180112 1.585802 0.701548 0.191531 0.136518 1.082383 0.570042 1.845260 0.881398 0.100000 
0.100000 0.377972 0.100000 0.397172 0.100000 0.100000 0.332901 0.540508 0.100000 0.100000 0.892124 0.737418 0.407932 1.040507 0.503980 0.100000 0.100000 0.688439 0.456984 0.799407 1.028396 0.700523 0.875512 0.895895 0.319441 0.100000 0.819308 0.962602 1.780547 1.040234 1.106689 1.092122 1.339419 0.144763 0.100000 0.342647 0.100000 0.995211 0.100000 0.289329 0.246122 0.100000 0.382885 0.828631 0.243730 0.484275 0.349319 1.148163 0.206369 0.762478 0.485390 1.179969 0.300438 0.100000 0.100000 1.136224 0.100000 0.383211 0.943592 1.273577 0.100000 0.384797 0.234656 0.497663 0.100000 0.114191 0.100000 0.462462 0.179707 0.100000 0.696815 0.421996 0.168183 0.100000 0.876965 0.755496 0.897163 0.852818 0.392115 0.100000 0.100000 0.344724 0.100000 0.837858 0.714462 0.100000 
0.686027 0.615165 0.100000 0.100000 0.100000 0.833171 0.491349 0.116788 0.100000 0.436327 0.234773 0.100000 0.100000 1.621609 0.100000 1.151569 0.576334 0.100000 0.884373 1.055856 0.811165 0.442561 0.100000 1.397353 0.100000 0.214952 1.174543 0.485720 1.281754 0.100000 0.314390 0.219267 0.599333 0.100000 0.100000 0.100000 0.287241 0.207102 0.455955 0.361399 0.910912 0.120235 0.100000 0.617647 0.717975 0.100000 0.100000 0.561421 1.185725 1.794713 0.539062 0.117091 0.756588 0.100000 0.830012 0.103142 0.357795 0.584159 0.100000 0.559938 0.361862 1.745936 0.121159 1.295797 0.100000 0.100000 0.100000 1.131312 0.252985 0.345521 1.541195 0.466359 0.100000 0.100000 0.109328 1.415919 0.100000 0.451457 0.554089 0.576332 0.100000 0.277897 0.166755 0.212313 0.100000 0.466986 
1.740168 0.100000 0.100000 0.100000 0.460043 0.353190 1.808828 0.393821 0.100000 0.736339 1.586655 0.347789 0.100000 0.100000 0.815258 1.081301 0.100000 0.100000 0.100000 0.100000 1.636548 0.419371 0.277697 0.662069 0.439611 0.100000 0.100000 0.100000 0.174280 0.641528 0.566934 0.100000 0.883381 0.371802 0.229563 0.797507 0.912116 0.100000 0.337788 0.100000 0.345581 1.514112 1.127068 0.937708 0.548293 0.785930 0.100000 0.871738 0.287048 0.671624 0.279505 0.100000 0.100000 0.182036 0.100000 0.651414 1.133839 0.695991 0.414754 0.726364 0.451329 0.641525 0.100000 0.100000 0.281482 0.471517 0.100000 0.587456 0.100000 0.358113 0.724360 0.505629 0.700109 0.100000 0.100000 1.185010 1.384785 0.520450 0.863623 0.874868 0.100000 1.173492 0.100000 1.201027 0.593259 0.100000 
0.100000 0.187807 0.100000 1.061789 0.100000 0.494303 0.983073 0.109490 0.415636 0.100000 1.777953 0.853185 0.100000 0.264433 0.245501 1.020034 0.592702 0.100000 0.100000 0.932851 0.882998 0.228977 0.699359 0.100000 0.100000 1.248433 0.100000 0.100000 0.100000 0.100000 1.106589 1.602501 0.668656 0.618671 0.538511 0.259250 0.188565 0.691897 0.539126 0.917295 1.050844 0.100000 0.100000 0.100000 0.678828 0.100000 1.636998 0.100000 0.390538 0.487329 0.658605 0.181501 0.100000 0.334829 0.100000 0.100000 0.100000 0.995032 0.100000 1.648061 0.639172 0.468373 0.100000 0.910749 0.100000 0.100000 0.100000 0.366592 0.361982 0.100000 0.100000 0.100000 0.204180 0.100000 1.138118 1.079330 0.133340 0.487765 0.630398 0.120189 1.214899 0.100000 0.100000 0.323769 0.777328 0.100000 
0.100000 1.593877 0.168431 0.695250 0.100000 0.669237 0.100000 0.488490 0.705189 0.653846 0.299875 0.913952 0.366119 0.877196 0.100000 0.643453 0.100000 0.100000 0.672421 0.100000 0.100000 0.452631 0.630415 0.950047 0.100000 0.231402 0.100000 0.100000 0.621906 0.949497 0.489691 1.012534 1.153949 0.100000 0.100000 0.316597 1.389402 0.100000 1.421292 0.529504 0.636439 0.100000 0.306000 1.078430 0.254112 0.100000 0.100000 0.636464 0.100000 0.100000 0.843458 0.670478 0.966787 0.100000 0.100000 0.709810 0.422337 0.100000 0.455270 0.150484 0.100000 0.804556 0.100000 0.655896 0.100000 0.100000 0.953245 0.100000 1.430262 0.100000 0.100000 0.751083 0.597649 0.318932 0.680120 1.088810 0.100000 0.447471 1.232487 1.408070 0.270824 0.100000 0.100000 0.662550 0.267281 0.100000 
0.100000 0.356205 0.100000 0.385567 0.327219 0.212357 1.619701 0.100000 1.655161 0.794491 1.325014 0.100000 1.495595 0.501580 0.100000 0.604970 0.708119 0.100000 0.862766 0.135226 1.238275 0.100000 0.213563 0.452390 0.655430 0.850746 0.580113 0.100000 0.268579 0.440215 0.100000 2.380229 0.498581 0.881340 0.100000 1.017310 0.535699 0.100000 1.024586 0.100000 0.597239 0.116402 0.317593 0.100000 0.967208 0.945450 0.212100 0.100000 0.413759 1.136796 0.312013 0.358448 1.076308 0.100000 1.273661 0.100000 0.100000 0.944311 0.100000 0.106548 0.100000 0.821318 0.754257 0.276829 0.812476 0.538599 0.100000 0.295107 0.471693 0.570261 1.704289 0.183804 0.754657 0.100000 0.103507 0.100000 0.301371 0.100000 0.551920 0.173309 0.547847 0.712775 0.252162 0.633570 0.854282 0.246967 
0.601941 0.404441 0.568174 0.122157 0.195537 0.523250 0.100000 0.100000 0.100000 0.100000 1.557377 0.364456 0.597412 0.688075 0.100000 0.729234 0.714067 0.100000 0.602626 0.100000 1.279772 0.134753 0.100000 0.100000 0.100000 0.727606 0.100000 0.100000 0.300684 0.536535 0.588110 1.127177 0.100000 0.619778 0.100000 0.100000 0.100000 0.328436 0.100000 0.388105 0.100000 0.670409 0.428300 0.100000 0.491979 0.100000 0.802232 0.382699 0.100000 0.288717 0.631122 0.861299 0.462608 0.556690 0.100000 0.100000 1.027143 0.727968 0.742638 0.287863 0.100000 0.449206 0.100000 1.032297 0.334296 0.555174 1.015013 0.107651 0.816848 0.441848 0.272314 0.371836 0.100000 0.100000 0.777557 0.100000 0.110637 0.684921 0.489285 0.100000 0.267631 0.917941 0.936489 1.381465 1.640715 0.100000 
0.792742 0.615712 0.657118 0.791961 0.419119 0.224603 1.133001 0.100000 0.678851 0.445866 0.245086 1.103104 0.100000 0.664121 0.100000 0.100000 0.553389 0.100000 0.100000 1.332599 0.100000 1.126811 0.165054 0.271560 0.103544 0.551182 0.100000 0.818310 0.388603 0.638684 0.489943 0.373729 0.562628 0.940523 0.302200 0.181239 0.518426 0.100000 0.386589 0.100000 1.596626 1.165743 0.159452 0.394722 0.943076 0.475071 0.172502 0.421655 0.100000 1.023514 0.100000 0.481452 0.192453 0.100000 0.231203 0.280320 0.236817 0.420073 0.447077 0.900555 0.100000 0.350034 1.000054 1.146679 0.117557 0.420519 1.126987 1.541609 0.602581 0.676719 0.605760 0.100000 0.519903 0.100000 1.435289 0.100000 1.296564 0.414107 1.426659 0.356845 1.381290 0.305117 0.499686 1.122190 1.017974 0.100000 
0.387234 0.492158 0.100000 0.339073 0.941247 0.100000 0.649033 0.100000 0.370643 0.913148 1.163338 1.117963 0.100000 0.190495 0.172783 0.827669 0.100000 0.100000 0.367770 0.558336 0.647297 0.551449 0.100000 0.260922 0.100000 0.454972 0.423646 0.283783 0.100000 0.575388 0.201543 1.063939 0.339665 0.188663 0.929809 1.277486 0.369050 0.850071 0.358995 0.100000 0.100000 0.136687 0.873697 1.508924 0.641767 0.100000 1.437270 0.638240 0.850549 0.630016 0.343388 0.340445 0.416097 0.315491 0.302521 0.878099 0.756022 0.605139 0.627024 1.117815 0.522730 0.792726 0.724722 0.316962 0.824158 0.100000 0.422051 0.100000 0.310964 0.261144 0.343256 1.080076 0.100000 0.100000 0.171365 1.184090 0.972911 0.189305 1.446724 0.822786 0.545687 1.022827 0.100000 0.532265 0.415007 0.100000 
0.100000 0.775368 0.153234 0.865729 0.479068 0.662884 1.375546 0.609620 0.699533 1.281755 0.488316 0.100000 0.128246 0.100000 0.100000 0.134828 0.100000 0.100000 0.205930 0.100000 0.839533 0.100000 0.145823 0.288284 0.100000 0.100000 0.526896 0.100000 0.907363 0.828185 0.317350 0.424225 0.100000 0.824497 0.100000 0.350029 0.233695 0.718569 0.614618 0.100000 1.248922 0.100000 1.024097 0.720068 1.556586 0.100000 1.061365 0.659905 0.355198 0.100000 0.762590 0.772308 0.100000 0.486281 0.373893 0.410165 0.940996 0.761993 0.212824 0.151768 0.100000 1.347652 1.299421 0.819810 0.100000 1.103672 0.205320 0.100000 1.040221 0.120181 0.437101 0.484970 1.065385 0.565511 0.100000 0.394431 0.276351 0.452677 0.396416 0.606460 0.100000 0.730393 0.334991 0.901242 0.817633 0.403703 
0.885690 0.835913 0.100000 0.506065 0.886146 0.393378 0.441503 0.741223 0.666340 1.092871 0.813198 0.335104 0.100000 1.377862 0.100000 0.604895 0.100000 0.150185 0.100000 0.100000 0.821114 0.502094 1.450812 0.707287 0.490011 0.481965 1.254164 0.100000 0.449166 0.767055 0.786981 0.730608 0.814788 0.880550 0.630004 0.246544 0.446501 0.876168 1.214369 0.458078 0.436724 0.986172 0.100000 0.461079 1.020168 0.664622 0.776385 0.207495 0.575348 0.361716 0.783279 0.159473 0.100000 0.425248 0.577773 0.634115 0.420717 1.265475 1.501072 0.724084 0.100000 1.056141 0.671498 1.511689 0.560435 0.100000 0.288030 1.161617 0.751080 0.714342 0.912967 0.391864 0.100000 0.100000 0.100000 0.100000 0.100000 0.140356 1.175278 0.100000 0.975336 0.232286 0.583226 0.875576 0.390223 0.260024 
0.274997 0.100000 0.599930 1.618476 0.100000 0.100000 0.154073 1.728035 0.628881 0.100000 0.503094 1.474007 0.100000 0.100000 0.100000 0.447507 0.326228 0.100000 0.817765 0.100000 0.729847 0.745757 0.692412 0.100000 0.100000 1.023126 0.675935 0.248789 0.513241 0.135422 0.822417 1.039784 0.317173 0.226701 0.658841 0.100000 0.496626 1.113774 0.209552 0.398542 0.620688 0.957985 0.785525 0.643732 0.535444 0.187137 0.497224 0.100000 0.100000 0.470348 0.100000 1.265958 1.203257 0.100000 0.100000 0.952862 0.584020 0.683094 0.702890 0.304245 0.100000 0.997950 0.100000 0.100000 1.551234 0.158538 0.891565 0.100000 1.022270 0.361527 0.861974 1.128694 0.100000 0.176779 0.896761 0.100000 0.704225 0.317025 0.725571 1.136549 0.713560 0.151716 0.100000 0.381019 0.318987 0.100000 
0.585633 0.269775 0.679042 0.100000 0.877862 0.532434 1.123430 0.100000 0.307093 0.780088 0.618700 0.444466 0.450892 0.100000 0.100000 0.506284 0.234612 0.530129 0.252345 0.100000 0.780843 1.258278 0.691094 0.100000 0.100000 1.575418 0.100000 0.100000 0.445068 0.781465 0.100000 1.496973 0.967255 0.100000 0.100000 0.245216 0.615151 0.433468 0.391723 0.100000 0.272486 1.000026 0.134079 0.467610 0.588196 0.100000 0.620721 0.262623 1.228170 1.152051 0.608381 0.875433 0.100000 0.344907 0.523946 0.430083 0.318697 0.520257 0.100000 0.803440 0.100000 0.721747 0.100000 0.100000 0.466832 0.120140 0.131268 0.245729 0.150498 1.090543 0.653581 0.500694 1.180520 0.100000 0.100000 1.161082 0.100000 0.454535 0.554037 0.419501 0.100000 1.922187 0.100000 1.414912 1.125195 0.100000 
0.693491 0.100000 0.112876 0.223162 0.198474 1.024220 0.306038 0.232649 0.479864 0.953413 1.048792 0.524289 0.100000 0.606838 0.100000 1.166390 0.100000 0.505261 0.936075 0.100000 0.625435 0.100000 0.216504 0.424296 0.100000 0.251949 1.315433 0.186450 0.337910 0.100000 0.100000 0.905236 0.188808 0.100000 0.100000 0.544193 0.100000 1.057031 0.100000 0.100000 0.613767 0.789672 0.411994 1.057090 0.486086 0.195991 0.100000 0.871556 0.707292 0.636578 0.100000 0.100000 0.100000 0.100000 0.100000 0.155753 0.100000 0.595294 0.642790 0.100000 0.100000 0.600197 0.100000 0.984498 0.100000 0.649775 0.870969 0.757235 1.025790 0.227824 0.218298 1.043793 0.100000 0.782432 0.824737 0.649763 0.323250 0.100000 0.204570 0.367963 0.894890 0.242581 0.621675 0.384405 1.093442 0.100000 
0.100000 0.927278 0.100000 0.613269 0.521953 0.100000 0.556790 0.725798 1.010390 0.669256 0.632568 0.367490 0.604135 0.617906 0.100000 0.100000 1.637083 0.100000 0.376053 0.100000 1.323570 0.100000 1.823490 0.777265 0.223860 1.180129 0.100000 0.100000 0.520737 0.160289 0.100000 0.199332 0.708866 1.118748 0.100000 0.100000 0.656386 0.418234 0.560119 0.100000 0.826931 0.100000 0.196924 0.406728 0.100000 0.202337 0.892953 0.432985 0.100000 0.191316 0.100000 0.338594 0.944365 0.135457 0.132047 0.100000 0.100000 0.985720 0.100000 0.100000 0.100000 0.333723 0.100000 0.999844 0.232588 0.100000 0.717133 0.100000 0.936415 0.343453 1.163860 0.651530 0.105420 0.100000 0.887658 0.458505 0.833691 0.437954 1.158667 0.825398 0.311448 0.100000 0.207974 0.846218 0.867800 0.651540 
1.503782 0.468588 0.221801 0.214760 0.335046 0.157492 0.868495 1.006791 0.683317 1.121834 1.370765 0.209056 0.988352 0.524131 0.100000 1.445235 1.331789 0.267684 0.659451 0.100000 1.243464 0.512197 0.650106 1.213975 0.480334 0.100722 0.100000 0.659837 1.183691 0.100000 0.415353 0.733825 0.100000 0.100000 0.100000 0.851526 1.134079 0.687907 0.100000 0.729307 0.909875 0.602627 0.669937 0.100000 0.427750 0.511957 1.104746 0.929923 0.768907 0.458711 0.789642 0.100000 1.165762 0.403099 0.100000 0.100000 0.460414 0.414591 0.981714 0.908727 0.100000 0.388533 0.100000 0.582127 0.109500 0.428196 0.643773 0.665749 0.903835 0.521894 1.299005 0.811278 0.993854 0.289315 0.359433 0.373927 0.235521 0.267820 0.920327 0.109863 0.100000 0.100000 0.100000 1.737176 0.653083 0.308333 
0.832361 1.041831 0.163533 0.503810 0.321692 0.100000 0.910631 0.624350 1.302876 1.463191 0.439086 0.887755 0.555155 0.791348 0.100000 0.663665 0.650874 0.727099 0.104487 0.508378 0.553745 0.100000 0.579619 0.100000 0.100000 1.099086 0.608605 0.167693 0.754768 0.198121 0.895596 0.380328 1.176411 1.288830 0.100000 0.376895 0.979126 0.824746 1.312091 0.100000 0.372775 0.349949 0.466678 0.299163 0.127779 0.375839 0.459183 0.100000 1.032340 1.118489 0.193872 0.100000 0.100000 0.100000 0.116861 0.785123 0.899951 1.163114 0.655125 0.680403 0.727126 1.699556 0.100000 0.593038 0.552673 0.599935 0.472350 0.299810 0.622971 0.255130 0.100000 0.100000 0.557022 0.100000 0.385743 0.100000 0.288023 0.100000 0.100000 0.465780 0.328579 0.694405 0.100000 1.691577 0.417949 0.100000 
0.848091 1.395737 0.397243 0.100000 0.100000 0.952135 0.570178 1.010664 0.109790 0.882610 1.055960 1.344168 0.289700 0.334432 0.100000 0.624915 0.334163 0.100000 0.813555 0.100000 1.435453 0.100000 0.143841 1.157384 0.699775 0.352364 0.100000 0.100000 0.778431 0.815746 0.100000 0.100000 0.215920 0.497145 0.226065 0.100000 0.100000 0.810808 0.100000 0.689033 0.100000 0.130909 0.893205 1.150818 1.471770 0.100000 0.483618 0.301125 0.796121 1.185943 0.838230 0.100000 0.668693 0.888998 0.339737 0.877473 0.855635 1.007544 0.100000 0.458215 0.100000 1.231080 0.165618 0.220455 0.100000 0.100000 0.100000 0.326614 0.684335 0.100000 0.841282 0.102468 0.100000 0.902543 0.429340 1.051432 0.519953 0.227140 1.362594 0.782808 0.310675 0.100000 0.633851 0.575297 0.756106 0.420098 
0.100000 0.518030 0.878452 0.968889 0.608746 0.719311 1.272010 0.688126 0.334215 0.100000 1.551495 0.100000 0.344331 0.850676 0.100000 0.715768 0.483558 0.242927 1.384929 0.100000 1.087681 0.839007 0.100000 0.535729 0.127608 1.034646 0.100000 0.236184 0.100000 0.130007 0.100000 0.847446 0.100000 0.630569 0.100000 1.011115 0.416720 0.200754 0.100000 0.883034 0.368895 0.658640 0.100000 2.073868 0.550428 0.857498 0.200427 0.290923 0.825272 0.288636 0.836540 0.100000 0.145701 0.100000 0.100000 0.659921 0.167158 1.383694 1.019222 0.100000 0.702085 1.156004 0.361390 1.139065 0.682890 0.162628 1.248198 0.228519 1.108461 0.527178 0.903900 0.257038 0.319924 0.100000 0.568886 0.865915 0.905926 0.352982 0.100000 0.980085 0.221401 0.439882 0.100000 2.053441 1.100200 0.905817 
0.351437 1.444330 1.027429 0.131558 0.510312 0.517903 1.127037 0.100000 0.100000 0.227147 1.165344 0.258956 0.100000 0.100000 0.325580 0.779625 0.100000 0.100000 0.262685 1.197052 1.898294 0.756219 1.055807 0.532312 0.100000 0.450926 1.007806 0.100000 0.883688 0.682561 0.100000 0.864129 0.251326 0.357698 0.100000 0.100000 0.288765 0.335530 1.303487 0.185841 0.203711 1.315612 0.100000 1.392517 1.160663 0.723923 0.100000 0.833390 0.100000 0.761061 0.438518 0.977637 0.100000 0.100000 0.786549 1.211558 0.100000 1.716746 0.758785 0.864194 0.100000 0.238092 0.100000 0.535690 0.100000 0.348468 0.590166 0.573917 0.905389 0.677139 0.194368 0.362211 0.462267 0.472535 0.100000 0.753170 0.979752 1.353447 0.100000 0.295245 0.362294 0.869906 0.100000 0.100000 0.594941 0.527339 
0.100000 0.100000 0.623263 0.621980 0.745053 0.667873 0.495793 0.802189 0.830843 0.151528 0.947598 0.758267 0.455404 0.100000 0.172225 0.839459 0.184448 0.100000 0.100000 0.943507 0.565952 0.100000 0.698980 0.899759 0.831291 0.287613 0.113549 0.726526 1.001612 0.681720 0.955896 0.977027 0.280354 0.100000 0.549085 0.100000 0.100000 0.818276 0.100000 0.315404 0.389789 1.503176 0.563447 1.141105 1.983717 0.100000 0.837305 1.045184 0.100000 0.100000 1.073569 1.027533 0.100000 0.245350 0.100000 0.366199 0.100000 1.548403 0.100000 0.536502 0.100000 1.285023 0.113108 0.100000 0.229758 0.545804 0.471656 0.939829 0.100000 0.100000 1.059502 0.100000 0.100000 0.898872 0.100000 0.181032 0.493631 0.180776 0.642665 0.999149 0.458639 1.032794 0.591377 0.869825 1.412438 0.100000 
0.886564 1.552579 0.100000 0.556510 0.432390 0.969862 1.313294 0.422925 0.218808 1.213902 1.518960 0.708451 0.425090 0.166537 0.220719 0.428693 0.100000 0.100000 0.762944 0.100000 0.352362 0.100000 0.100000 0.380803 0.580628 0.564011 0.100000 0.151317 0.359026 0.260776 0.446267 1.223737 0.780357 0.100000 0.100000 0.962786 0.100000 0.540190 1.110103 0.100000 0.920056 0.329794 0.125937 0.355560 0.164869 0.100000 0.100000 0.686304 0.100000 0.928275 0.661434 1.254024 0.547097 0.173777 0.329175 0.100000 0.100000 1.511785 0.113098 0.100000 0.100000 0.120150 0.100000 0.503543 0.325919 0.647039 0.114896 0.669582 1.003633 0.441546 1.161186 0.264113 0.100000 0.370602 0.755077 0.982712 0.918821 0.100000 1.029541 0.100000 0.100000 0.565379 0.100000 0.706082 0.697431 0.377043 
0.213172 1.464910 0.100000 0.265845 0.596434 0.287696 0.100000 0.164031 0.526406 0.885194 1.369544 0.853069 0.100000 0.609059 0.432943 0.344121 0.464012 0.703109 0.753395 0.158643 1.316418 0.563780 0.355734 0.100000 0.100000 1.208537 0.387397 0.100000 0.985452 0.100000 0.623645 0.444204 0.121590 0.765111 0.595872 0.422853 0.516419 0.100000 0.170673 0.100000 1.172829 0.236147 0.100000 1.078033 0.100000 0.100000 1.563076 0.430166 0.263817 0.272412 0.819664 0.815717 0.265603 1.024297 0.100000 0.148094 0.154073 1.231809 0.499304 1.435217 0.100000 1.050306 0.100000 2.059103 1.710848 0.507475 0.645501 0.100000 0.365164 0.815007 1.258919 0.478305 0.100000 0.807523 0.882348 0.274092 0.100000 0.458694 0.110118 0.914696 0.604900 0.100000 0.100000 0.811454 0.837201 0.100000 
0.764273 0.282003 0.100000 0.100000 0.394810 0.789630 0.100000 0.588864 0.100000 0.164844 0.692235 0.620099 0.862892 0.958546 0.100000 0.966025 0.707963 0.100000 0.437753 0.283338 1.524205 0.100000 0.756289 0.447067 0.373373 0.511532 0.100000 0.206157 1.115173 0.100000 0.981562 1.381498 0.325661 1.353040 1.084018 0.141940 0.100000 0.388478 0.100000 0.100000 1.011407 0.559607 0.879899 0.100000 0.529992 0.100000 0.488758 0.203388 0.100000 1.214882 1.284472 0.157567 0.787167 0.818083 0.100000 0.337192 0.582223 0.699458 0.611204 0.100000 0.100000 0.837095 0.100000 1.038304 0.638313 0.587741 0.387315 0.299387 0.378047 0.349348 1.246715 0.862061 0.374613 0.103670 0.116251 0.188334 0.218487 0.100000 0.766151 0.100000 0.109253 0.308523 0.100000 1.054366 0.702080 0.731553 
0.680519 0.490985 0.530756 0.893168 0.249404 0.216912 1.189294 0.338300 0.374342 0.100000 1.141373 0.829641 0.100000 0.655375 0.100000 1.555554 0.250661 0.100000 0.100000 0.100000 0.668673 0.783719 0.421918 0.286654 0.100000 0.100000 0.853466 0.100000 0.100000 1.211647 0.222938 1.100966 1.119405 1.928278 0.100000 0.451113 0.599972 1.055296 0.547126 0.660007 0.641670 0.100000 0.100000 1.028612 1.064748 0.297416 0.100000 0.105480 0.511694 0.829312 1.145459 0.520267 0.100000 0.878909 0.100000 0.160783 0.207945 0.942062 0.100000 0.159757 0.100000 0.160909 0.562899 1.486619 0.445746 0.100000 0.169779 0.461016 1.205826 0.485925 1.136290 0.100000 0.100000 0.100000 0.100000 0.554788 0.623117 0.100000 0.166720 0.963718 1.166700 0.243084 0.100000 0.453099 0.699744 0.100000 
0.100000 0.900587 1.441220 0.515955 1.146364 0.528095 0.693521 0.100000 0.670240 0.995758 0.464179 0.706514 0.652909 1.126146 0.200851 0.931938 1.687078 0.100000 0.871909 0.655572 1.277105 1.035697 0.324133 0.820084 0.100000 0.591669 0.137365 0.100000 0.253370 0.221973 0.289467 0.543579 0.610286 0.100000 0.389811 0.100000 0.659590 0.100000 0.199940 0.100000 0.100000 0.100000 0.429641 0.902986 0.494565 0.249911 0.994068 0.100000 0.686041 0.363811 1.039142 0.256556 0.334393 0.348088 0.100000 0.554220 0.392852 1.381236 0.269798 0.512857 0.100000 0.272474 0.587732 1.084230 0.100000 0.657461 0.100000 0.644200 1.008493 0.318163 0.813266 0.100000 0.104675 0.105061 0.100000 0.875845 0.100000 0.225924 0.897179 0.686146 0.100000 0.100000 0.495401 0.604908 0.452310 0.269679 
