90 Number of operations
23 Number of workers
Standard production times
0.645614 0.611522 0.477888 0.614293 0.533504 0.500185 0.610918 0.668360 0.402851 0.326207 0.150261 0.594783 0.749690 0.100000 0.655499 0.155846 0.394405 0.471746 0.145192 0.288339 0.175193 0.259101 0.573852 0.326232 0.363218 0.310887 0.920790 0.548800 0.640656 0.145984 0.514208 0.529806 0.177297 0.615211 0.212395 0.473390 0.721645 0.448111 0.350097 0.298637 0.292179 0.498773 0.100000 0.226908 0.492815 0.174313 0.488951 0.499848 0.287865 0.216155 0.734108 0.407844 0.657222 0.253111 0.583565 0.423413 0.351731 0.100000 0.100000 0.421891 0.508224 0.843651 0.196595 0.243274 0.100000 0.487150 0.245390 0.392026 0.820105 0.328914 0.565611 0.351159 0.603217 0.307529 0.100000 0.133646 0.445691 0.622562 0.206198 0.199021 0.381573 0.378487 0.143779 0.445994 0.100000 0.227539 0.752637 0.100000 0.239470 0.294147 
Production times: workers row and ops columns
1.126883 0.405992 0.752204 0.356951 0.636250 0.100000 1.235279 0.100000 0.100000 0.434250 0.488709 0.100000 0.679692 0.100000 0.459996 0.100000 0.917689 0.519553 0.100000 0.449643 0.796824 0.100000 1.171769 0.100000 0.100000 0.100000 0.546895 0.404821 0.347873 0.482599 1.245301 0.446092 0.250898 0.100000 0.599358 0.100000 0.176865 1.634249 0.100000 0.654726 0.100000 0.539038 0.100000 0.100000 0.172532 0.855723 0.810449 0.162769 0.240205 0.988455 0.656171 1.162068 1.041693 0.619274 0.100000 0.652231 0.709419 0.100000 0.100000 0.100000 0.454829 0.468036 0.688776 0.369518 0.346785 0.100000 0.551048 0.930717 0.611853 1.239437 0.183892 0.570746 0.768705 0.425909 0.100000 0.100000 0.169737 1.352403 0.100000 0.540606 0.404214 0.543430 0.100000 0.107619 0.100000 0.100000 1.149478 0.100000 0.977124 0.750758 
0.100000 0.766569 0.733266 0.485199 0.667578 0.209437 0.100000 1.754642 0.996440 1.253249 0.100000 0.272212 1.354611 0.100000 1.331863 0.100000 0.100000 0.527392 0.611406 0.278433 0.445788 0.589487 0.734033 0.100000 0.193778 0.100000 0.189093 0.592661 0.100000 0.100000 0.100000 1.298711 0.619742 0.653059 0.206156 0.560296 0.642507 1.286563 0.100000 0.417495 0.100000 0.652674 0.275567 0.100000 0.681455 0.219827 1.108464 0.475677 0.144779 0.726574 0.840406 0.452282 0.370271 0.457243 0.100000 0.160039 0.100000 0.272480 0.141817 0.100000 0.757437 1.348981 0.607134 0.433645 0.659465 0.548545 0.100000 0.663928 0.430778 0.820669 0.100000 0.146817 0.100000 0.370927 0.100000 0.100000 0.100000 0.477251 0.259428 0.540723 1.064695 0.100000 1.221014 0.579672 0.100000 0.100000 0.682674 0.100000 0.100000 0.414141 
0.100000 0.100000 0.107308 0.852541 0.100000 0.597773 1.046633 0.931483 0.160795 1.311590 0.100000 0.872293 1.228191 0.363313 1.526360 0.100000 0.100000 0.100000 0.248450 0.179570 0.212933 0.754505 0.312226 0.817532 0.100000 0.100000 0.309499 1.139737 0.815190 0.100000 0.925988 0.410478 0.146325 1.630928 0.354858 0.799539 0.794319 0.100000 0.100000 0.159362 0.100000 0.363821 0.675826 0.418392 0.658225 0.870209 0.691642 1.163561 0.141649 0.390372 0.627917 0.100000 0.482377 0.474914 0.100000 0.512975 0.100000 0.325616 0.100000 1.409794 1.449048 0.658797 0.231929 0.945962 0.759855 0.100000 0.388260 0.408254 0.217499 1.080892 0.936498 0.249874 1.347513 0.100000 0.264139 0.100000 0.995104 0.874512 0.100000 0.522066 1.020062 0.886027 0.588872 1.038630 0.100000 0.100000 0.932022 0.598048 0.676051 0.941333 
0.920862 0.147330 0.921119 0.119352 0.318625 0.100000 0.307145 1.321516 0.100000 0.100000 0.218343 0.367991 0.967462 0.684787 0.855354 0.100000 0.438610 0.100000 0.669290 0.814640 0.100000 0.311981 0.100000 0.918357 0.206410 0.508490 1.671094 0.185392 1.619693 0.349877 0.642266 0.419422 0.541808 0.108877 0.100000 1.365901 0.405007 0.100000 0.797176 0.378623 0.279259 0.182630 0.100000 0.100000 0.190875 0.790535 1.001367 1.332596 0.545848 0.393082 0.887056 0.727302 0.356587 0.100000 0.651847 0.633012 0.649295 0.793886 0.100000 0.100000 0.553301 0.925908 0.100000 0.616595 0.592144 0.692950 0.549150 0.489547 0.100000 0.335429 0.100000 0.224475 0.790064 0.100000 0.100000 0.100000 0.673455 0.594871 0.100000 0.100000 0.829729 0.100000 0.100000 0.477985 0.100000 0.100000 0.100000 0.921565 0.226332 1.072922 
0.346144 0.748378 0.628164 1.007960 0.257871 0.319432 0.897653 0.308946 1.226264 0.652654 0.239181 0.641875 0.671356 0.100000 0.100000 0.407991 0.371899 0.252834 0.100000 0.438235 0.819316 0.100000 0.676046 0.100000 0.100000 0.100000 1.949414 0.100000 0.804825 0.100000 0.100000 0.407861 0.215162 0.100000 0.245475 0.963438 0.626686 0.329690 0.171066 0.856269 0.896317 0.572851 0.196399 0.100000 0.348540 0.100000 0.333945 0.100000 0.980396 0.626919 1.160878 1.221772 1.235750 0.655092 0.100000 0.695458 0.435117 0.152532 0.104758 1.305300 0.559187 1.266298 0.100000 0.532771 0.899083 0.100000 1.280567 1.010549 1.563623 0.100000 0.252408 1.593483 1.384087 0.531111 0.100000 0.545171 0.100000 0.174641 0.324252 0.100000 0.100000 0.100000 0.197188 0.398266 0.100000 0.100000 0.865574 0.100000 0.100000 0.100000 
0.203079 0.936571 0.379249 0.697028 0.439262 0.908161 0.100000 1.265259 0.459889 0.540959 0.177550 0.100000 0.850513 0.100000 0.100000 0.100000 0.365514 0.107616 0.100000 0.100000 0.100000 1.171637 0.100000 0.100000 0.188969 0.385615 0.738381 0.100000 0.100000 0.100000 0.202870 0.913138 0.310502 0.588683 0.438101 1.173307 0.615084 0.100000 0.359781 0.100000 0.100000 0.782437 1.047236 0.100000 1.242340 0.501072 0.410044 1.338950 0.100000 0.751885 0.556661 0.566529 0.299668 0.312078 0.430677 0.496704 1.337851 0.366263 0.504461 0.704163 0.100000 0.244335 0.418985 0.177412 0.186991 0.100000 0.563875 1.338021 2.278830 0.433554 0.177096 0.100000 1.715352 0.618932 0.872116 0.100000 0.752550 1.256339 0.296394 1.027369 0.100000 0.993510 0.100000 0.387494 0.100000 0.328900 0.952320 0.690026 0.853786 0.113682 
0.729127 0.290862 0.907718 0.100000 0.396973 0.646558 1.119086 0.100000 1.109834 0.189498 0.100000 0.321138 0.521893 0.410603 0.808356 0.154635 0.695542 0.455005 0.381332 0.100000 0.380620 0.343729 0.100000 0.520286 0.576423 0.151100 1.108529 0.214259 0.215907 0.761821 0.100000 0.245182 0.100000 1.111622 0.968715 0.893709 1.760264 0.668463 0.100000 0.519107 0.541231 0.599396 0.100000 0.100000 0.606874 0.466718 0.442882 1.249087 1.569893 0.571291 0.643754 1.058499 0.460870 0.605978 0.100000 0.304285 1.793345 0.100000 0.100000 0.240132 0.100000 0.624316 0.557274 1.081662 0.100000 1.067608 0.100000 0.100000 0.978062 0.697477 0.100000 0.100000 0.100000 0.228468 0.343940 0.330876 0.100000 0.222098 0.300489 0.100000 0.921736 0.610340 0.100000 0.207535 0.620898 0.750145 0.564339 0.100000 0.100000 0.438793 
0.121480 0.566037 0.553539 0.147708 0.100000 0.100000 0.846717 0.883438 1.554997 1.451838 0.100000 0.958001 0.168103 0.257780 0.874893 0.100000 0.603765 0.237780 0.898963 1.536638 0.235053 0.386223 0.859514 0.226772 0.227835 0.100000 0.661191 0.472858 0.100000 0.100000 0.975704 0.319813 1.042868 0.100000 1.162937 0.382726 1.160547 0.510256 0.647368 0.181135 0.358494 0.100000 0.238583 1.175448 0.190276 0.389482 0.100000 0.100000 0.728776 0.392644 0.554907 0.646273 0.111508 0.100000 0.902383 1.320949 0.530105 0.100000 0.100000 0.695879 0.260651 1.105161 0.100000 0.350745 0.100000 0.286616 0.100000 0.542729 1.290863 0.521956 0.987232 0.950807 1.027935 0.649167 0.161582 0.515928 0.100000 0.555657 0.495846 0.722289 0.593324 0.171815 0.100000 0.567563 0.798853 0.122119 0.100000 0.182302 0.100000 0.394188 
0.100000 1.103779 0.100000 0.612652 0.474788 0.100000 0.100000 0.951801 1.512220 0.270165 0.116923 0.466502 0.195710 0.250127 1.896639 0.100000 0.649731 0.664546 0.100000 0.115395 0.100000 0.734653 1.014728 0.789762 0.269544 0.100000 0.848333 1.096022 0.331999 0.549712 0.227813 0.170223 0.100000 0.100000 0.100000 0.745646 0.508977 0.307797 0.254704 0.412605 0.100000 0.777086 0.100000 0.262197 0.488974 0.100000 0.273110 0.100000 0.100000 0.557442 1.034946 1.186361 0.518790 0.339570 0.166631 0.395035 0.786526 0.771291 0.100000 0.100000 0.331548 0.100000 0.100000 0.265446 0.100000 0.560500 0.447417 0.226906 0.570439 0.100000 0.997228 0.928142 0.480949 0.369909 0.224557 0.658673 0.503974 1.247856 0.100000 0.100000 1.592245 0.100000 0.100000 0.617077 0.543180 0.502184 1.649167 0.100000 0.100000 0.100000 
0.969904 1.228573 0.744712 0.492352 0.100000 1.392115 0.323442 1.032578 0.606571 0.100000 0.100000 1.320786 0.846243 0.157572 0.603805 0.100000 0.928794 0.144245 0.550373 0.822401 0.100000 0.100000 0.100000 0.100000 0.495423 0.673888 0.695460 0.155782 1.397133 0.497463 0.584412 0.100000 0.391915 0.605423 0.776309 1.766537 1.761348 0.416531 0.100000 0.100000 0.834819 0.100000 0.665214 0.225421 0.100000 0.100000 0.654473 1.197693 1.041314 0.100000 0.346449 0.280129 1.526389 0.371848 1.009135 0.984737 0.100000 0.156629 0.393734 0.759623 0.371032 0.209582 0.100000 0.594006 1.043613 0.100000 0.727099 1.272246 0.989257 0.100000 1.046315 0.169489 0.319342 0.512643 0.135049 0.775671 1.084501 1.590855 0.233671 0.777100 0.821412 0.272161 0.342317 0.275442 0.100000 0.100000 0.714750 0.872925 0.232946 0.258208 
0.765998 0.767867 0.535248 1.071154 0.405417 0.429388 1.155557 0.166034 0.100000 0.100000 0.100000 0.895927 0.100000 0.100000 0.931018 0.100000 0.100000 0.100282 0.100000 0.365589 0.614927 0.100000 1.272336 0.100000 0.477211 0.100000 0.674564 0.748255 1.127557 0.100000 0.716154 0.987499 0.100000 0.886986 0.530953 0.713171 0.894676 0.762754 0.707513 0.100000 0.550502 0.426645 0.100000 0.635472 0.100000 0.148709 0.266284 0.265734 0.100000 0.474321 0.588601 0.600750 1.038566 0.488179 0.846793 0.289450 0.947125 0.569176 0.453457 0.100000 0.646136 0.844544 0.482578 0.189379 0.100000 0.320850 0.273415 0.791845 1.457361 0.776992 1.533507 1.126163 0.819840 0.580779 0.100000 0.100000 1.427252 0.457600 1.251837 0.100000 0.100000 0.553648 0.310898 1.308021 0.100000 0.133352 2.036447 0.109943 0.554973 0.100000 
0.484778 0.781334 1.133405 0.179473 0.509196 0.688944 0.601783 0.449073 0.100000 0.100000 0.377671 0.280996 1.242094 0.844614 1.651300 0.786653 0.179492 0.999132 0.123736 0.558727 0.421174 0.100000 0.676014 0.593669 0.587788 0.100000 1.171779 0.838355 0.816618 0.100000 1.000429 0.100000 0.733660 1.007453 0.100000 1.115044 0.764134 0.100000 0.100000 0.844572 0.555563 0.230226 0.100000 0.100000 0.100000 0.100000 0.120380 0.100000 0.100000 0.462449 0.981980 0.139064 0.191650 0.192397 1.028978 0.751980 0.123036 0.169967 1.074969 0.255630 1.011648 1.304579 0.100000 0.688786 0.321426 0.100000 0.259407 0.433426 1.327249 0.623410 0.375098 0.380345 0.292064 0.327394 0.100000 0.100000 0.100000 0.565750 0.264928 0.486248 0.545838 0.464410 0.100000 0.746378 0.100000 0.176483 0.465054 0.100000 0.100000 0.100000 
1.107409 0.577791 1.052780 0.100000 0.103153 0.646186 0.300115 1.449245 0.100000 0.211703 0.100000 0.390541 0.401679 0.688536 0.538898 0.100000 0.100000 0.423743 0.377858 0.584518 0.100000 0.100000 0.305649 0.833246 0.100000 0.100000 1.596706 1.221861 0.336699 0.100000 0.592543 1.671422 0.100000 1.294878 0.100000 0.858844 0.711128 0.100000 0.304908 0.856170 0.135783 0.640138 0.100000 0.712309 0.895460 0.563291 0.247892 0.100000 0.395069 0.182517 0.898186 0.100000 0.128792 0.100000 0.562662 0.100000 0.938936 0.100000 0.100000 0.318220 0.417836 0.543335 0.100000 0.100000 0.100000 0.948533 0.162344 1.116130 1.291320 0.461777 0.729046 0.214777 0.611274 0.301153 0.786653 0.487845 0.978972 0.123032 0.100000 0.100000 1.403924 0.550322 0.160753 0.256269 0.100000 1.087223 0.649279 0.100000 0.325794 0.506161 
0.100000 0.351435 0.835121 0.843107 0.430573 0.750218 0.223279 0.969536 0.483686 0.100000 1.164299 0.609693 1.637922 0.325159 0.951707 0.103606 0.100000 0.640126 0.675817 0.100000 0.927139 0.867670 0.141617 0.100000 0.183403 0.326782 1.520605 1.523146 0.472703 0.100000 0.212842 0.995769 0.444256 0.970388 0.180250 0.100000 0.541871 1.269494 0.337128 0.100000 0.391993 0.441709 0.100000 0.731785 1.023510 0.356433 1.121961 0.901542 0.100000 1.237565 0.282448 0.507075 0.100000 0.375460 0.226111 0.100000 0.697063 0.493778 0.199035 1.233853 0.592116 0.829846 0.100000 0.117923 0.185959 1.258523 0.575290 0.835654 0.346919 0.647194 0.234965 0.100000 0.535228 0.100000 0.454135 0.100000 0.385787 0.100000 0.100000 0.100000 0.666208 0.401189 0.100000 0.969999 0.853958 0.100000 1.034194 0.231061 0.864156 0.100000 
1.067659 0.371713 0.312512 0.651947 0.668668 0.100000 0.207352 0.786345 0.243267 0.361843 0.100000 0.989204 0.839019 0.895334 1.134062 0.381686 0.391910 0.276439 0.382923 0.240874 0.100000 1.030162 0.957808 0.379622 0.100000 0.443855 0.191600 0.703763 0.162092 0.100000 0.434672 0.875610 0.700810 1.087015 0.891655 0.584300 0.829139 0.442269 0.100000 0.635009 0.740417 0.937902 0.100000 1.188217 0.853662 0.100000 0.100000 0.713778 0.100000 0.272627 1.079688 0.168817 0.852654 0.100000 0.229483 0.100000 0.990827 0.326823 0.100000 1.774367 0.775484 1.776148 0.100000 0.100000 0.642167 1.042517 0.100000 0.211651 0.100000 0.100000 0.100000 0.440394 0.533455 0.100000 0.100000 0.584720 0.100000 0.821077 0.667681 0.464016 0.100000 0.514620 1.089768 0.100000 0.803233 0.696828 2.042090 0.100000 0.430149 0.100000 
0.669327 0.475140 0.100000 0.692024 0.288038 0.141301 0.240347 0.790128 1.372744 0.100000 0.100000 1.664706 0.651895 0.100000 0.100000 1.573518 0.100000 1.408370 0.100000 0.100000 0.427637 0.926507 0.100000 0.337994 0.100000 0.100000 1.169985 0.271690 0.931929 0.595863 0.100000 0.117292 0.406159 1.039230 0.100000 0.554624 0.439320 0.100000 0.100000 0.273138 0.411069 0.100000 0.394699 0.790741 0.908316 0.427900 1.007214 0.536414 0.176768 0.384957 0.616139 0.551887 0.121598 0.711217 0.201334 0.100000 0.460831 0.100000 0.100000 1.257562 0.100000 0.410723 0.782905 0.100000 0.100000 0.219564 0.125562 0.643894 0.722758 0.469664 0.205873 0.183541 1.214620 0.100000 0.100000 0.100000 0.132276 0.145904 0.100000 0.100000 1.176494 0.100000 0.490889 0.557008 0.358376 0.666886 0.627516 0.100000 0.278639 0.100000 
0.655562 0.167628 0.801353 0.863612 0.389800 0.100000 0.100000 0.435655 0.407519 0.100000 1.110278 1.664608 1.053325 0.798481 0.332382 0.198368 0.405617 0.388130 0.100000 0.431514 0.100000 0.100000 1.198806 0.445652 0.676712 0.100000 0.309195 0.100000 0.504534 0.100000 0.100000 0.908328 0.460106 0.850006 0.100000 0.100000 0.177768 1.223309 0.100000 0.100000 1.163850 0.558224 0.473298 0.100000 1.022429 0.159984 0.971509 1.134729 0.191827 0.100000 0.938739 0.330919 0.753715 0.445669 1.121948 0.100000 1.050836 0.100000 0.760728 0.100000 1.233979 0.684414 0.117667 0.100000 0.968648 0.170557 0.169958 0.100000 0.474854 0.100000 0.100000 0.722135 0.984914 1.000575 0.405563 0.433792 0.100000 0.895899 0.521986 0.186057 0.100000 0.119437 0.100000 0.520328 0.413502 0.951111 0.762565 0.100000 0.403575 0.631720 
0.557879 0.379356 0.201926 1.505877 1.652994 0.742818 1.067360 0.100000 0.103055 0.300739 0.463336 0.498418 0.711005 0.100000 0.752687 0.100000 0.100000 0.393985 0.410862 0.971087 0.100000 0.398765 1.062869 0.176884 0.354897 0.100000 0.908085 0.316209 0.772486 0.100000 0.364032 0.763227 0.360248 0.689313 0.830530 0.954928 0.398573 1.656514 0.569935 0.421474 0.172066 0.560709 0.100000 0.100000 0.283984 0.100000 0.100000 1.025102 0.100000 1.137999 1.193438 0.523866 0.177202 0.914849 0.100000 0.848095 0.100000 0.780383 0.100000 0.100000 0.753496 0.560773 0.100000 0.100000 0.100000 0.109140 0.396506 0.100000 0.590930 0.100000 0.537662 0.100000 0.962770 0.266935 0.281096 0.100000 1.318436 0.298368 0.368052 0.278020 0.260196 0.136227 0.100000 0.100000 0.100000 0.195056 0.557895 0.100000 1.704689 0.491916 
0.720943 0.348232 0.801518 0.691687 0.314348 0.714635 0.763211 0.783746 0.587692 0.910824 0.100000 1.271496 0.670498 0.100000 1.347620 0.905910 0.315369 0.816899 0.791949 0.100000 0.279144 0.100000 0.947001 0.100000 0.230949 0.100000 0.898483 0.689658 0.547917 0.872122 0.828966 0.296098 0.100000 0.939870 0.100000 0.100000 0.414171 1.113143 0.583851 0.475942 0.402430 0.100000 0.254227 0.221678 0.380245 0.164110 0.446068 0.100000 0.111349 0.240163 0.563870 0.100000 0.100000 0.363808 0.563021 0.507206 0.837325 0.646343 0.100000 0.100000 0.100000 0.456728 0.952603 0.100000 0.515953 0.741667 1.124446 0.100000 0.100000 0.605808 0.100000 0.100000 0.591238 0.903211 0.170531 0.362677 0.173161 0.423810 1.273369 0.100000 0.375577 0.125960 0.100000 0.768313 0.100000 0.176375 0.100000 0.100000 1.383754 0.422042 
0.449187 0.165959 0.529181 1.326666 0.580406 1.383496 0.924866 1.016917 0.886658 1.055023 0.100000 0.100000 1.537330 0.948609 0.100000 0.100000 0.100000 0.188426 0.931672 0.307141 0.118109 0.100000 0.470029 1.438246 0.100000 0.100000 0.591127 0.100000 0.100000 0.456720 0.707826 0.100000 0.319926 0.704090 0.103086 0.483414 0.530192 0.730730 0.100000 0.100000 0.973247 0.634574 0.745562 0.704629 0.100000 0.933624 0.294217 1.341766 0.100000 0.360048 1.165372 0.100000 0.357230 0.741690 0.759513 0.132090 0.117505 0.100000 0.100000 0.284815 0.923866 0.100000 1.104566 0.100000 0.234173 0.888379 0.100000 0.644522 0.100000 0.100000 0.400034 0.895583 0.407325 0.305823 0.100000 0.630342 0.225558 0.162986 0.799783 0.530083 0.100000 0.100000 0.538064 0.177311 0.100000 0.100000 1.625065 1.371023 0.100000 0.799191 
0.612627 0.120188 0.508567 0.100000 0.971541 0.543460 1.558390 0.102774 0.566186 0.476403 0.100000 1.248429 0.114754 0.100000 0.881536 0.852924 0.401643 1.459996 0.231931 0.100000 0.666166 0.109115 0.100000 0.190068 0.654026 0.457926 0.763269 0.100000 0.611946 0.100000 0.459782 0.666573 0.100000 0.495419 1.195435 0.727282 0.100000 0.100000 0.215119 0.125053 0.100000 0.120416 0.100000 0.459544 0.643973 0.299836 1.173621 0.394091 0.195246 0.100000 1.749111 0.301349 1.549791 0.232244 1.609721 0.873578 0.100000 0.640056 0.520165 0.100000 1.283715 1.126893 0.411567 0.339134 0.100000 0.100000 0.100000 0.207951 0.553957 0.772234 0.712030 0.390507 1.048594 0.100000 0.100000 0.270380 0.139911 0.100000 0.100000 0.100000 0.303685 0.526448 0.100000 0.596728 0.100000 0.100000 0.848626 0.100000 0.100000 1.101210 
0.100000 0.162325 0.787831 0.612912 1.558457 1.847255 0.511981 1.153762 1.242382 1.250885 0.925667 0.335035 0.806032 0.474793 0.384163 0.100000 0.570215 0.100000 0.100000 0.100000 0.100000 0.100000 0.651586 0.468718 0.918197 0.739873 1.154730 0.796487 0.424918 0.498523 0.917414 0.948817 0.100000 0.100000 0.100000 0.611902 0.908672 1.274973 0.867515 0.531773 0.100000 1.028959 0.100000 0.670711 0.230650 0.345059 0.246927 0.465288 1.185060 0.100000 0.100000 0.124781 0.692348 0.959625 0.100000 0.100000 0.704038 0.100000 0.100000 0.100000 0.474254 1.876817 0.100000 0.100000 0.454468 0.413852 0.691821 0.507293 0.754039 1.207099 1.187825 0.478556 1.386853 0.191023 0.100000 0.565733 0.100000 0.992420 0.585405 1.178344 0.889905 0.122729 0.100000 0.180359 0.280062 0.100000 0.276741 0.100000 0.100000 1.366839 
1.171472 0.220914 0.218894 0.782048 0.100000 0.449627 1.109671 0.100000 0.100000 0.441341 0.897146 1.131999 0.614393 0.100000 0.370015 0.647113 0.538251 1.293840 0.100000 0.423284 0.908331 0.386939 0.100000 1.032605 0.155275 0.262188 0.534704 1.196856 0.338197 0.130981 0.492805 0.751777 0.100000 1.139249 0.756962 0.100000 0.812076 0.100000 0.100000 0.100000 0.398506 1.334510 0.100000 0.100000 0.100000 0.326455 1.000469 0.255136 0.496150 0.100000 1.261553 0.580570 1.255935 0.643955 0.802914 0.952901 0.100000 0.971207 0.416741 1.289765 1.581186 1.227911 0.100000 0.100000 0.100000 0.100000 0.490165 0.632771 0.100000 0.952209 0.391761 1.107591 0.100000 0.100000 0.100000 0.100000 0.100000 0.900171 0.100000 0.982008 0.444282 0.988116 0.100000 0.790779 0.553261 0.100000 1.331148 0.100000 0.286814 0.748744 
