78 Number of operations
29 Number of workers
Standard production times
0.395487 0.532490 0.222502 0.307822 0.261232 0.472611 0.856732 0.348992 0.510849 0.592732 0.929213 0.391227 0.206876 0.575733 0.100000 0.623915 0.189126 0.198222 0.386496 0.383715 0.967043 0.350765 0.541102 0.253267 0.159032 0.456081 0.295062 0.100000 0.627160 0.519564 0.619080 0.716055 0.419631 0.380416 0.100000 0.410165 0.555420 0.278717 0.305743 0.100000 0.571778 0.269913 0.412373 0.663896 0.543813 0.237312 0.591981 0.366152 0.400966 0.541476 0.611755 0.607141 0.514341 0.395286 0.100000 0.249166 0.430479 0.769328 0.427803 0.599307 0.100000 0.665435 0.232499 0.665336 0.283636 0.157893 0.336602 0.575480 0.716322 0.403792 0.756102 0.159809 0.168989 0.100000 0.420959 0.465930 0.486587 0.338208 
Production times: workers row and ops columns
0.316883 0.937843 1.357058 0.728318 0.473721 1.033656 1.028059 0.100000 1.997424 0.259662 0.409499 0.799167 0.193292 0.564801 0.100000 1.078459 0.100000 0.100000 0.265496 0.100000 1.561424 0.436012 0.874061 0.100000 0.512699 0.100000 0.856726 0.387555 0.369873 0.647215 0.579119 0.584753 0.124500 0.439592 0.916197 0.100000 0.702814 0.160426 1.295147 0.100000 0.985586 0.100000 0.378080 0.963164 0.368693 0.100000 0.793483 0.100000 0.106309 0.558047 0.520384 0.100000 0.998314 0.757883 0.107703 1.017352 0.373778 0.923369 1.260288 0.537159 0.100000 1.204098 0.139890 1.247904 0.430555 0.100000 0.100000 0.252701 1.061256 0.313355 1.160496 0.228005 0.174710 1.051306 0.100000 0.482347 0.998578 0.424377 
0.847825 0.767139 0.100000 0.419366 0.100000 0.171790 1.012952 0.545320 0.947920 0.100000 1.164066 0.606321 0.539571 0.151418 0.100000 0.153015 0.382727 0.100000 0.874282 0.886799 0.610281 0.919593 0.843382 0.100000 0.493800 0.390534 0.100000 0.887550 0.456152 1.028998 0.879670 0.418429 0.100000 0.282669 0.483886 0.100000 0.323190 0.439055 0.236356 0.714612 0.623389 0.100000 0.100000 0.389241 1.504285 0.100000 0.715657 0.129599 0.712699 0.714083 0.174656 0.583534 0.100000 0.514930 1.320330 0.410510 0.181973 1.239147 0.696327 1.050391 0.397877 0.850915 0.100000 0.768054 0.100000 0.787814 0.390049 1.227334 0.265550 0.100000 0.449828 0.100000 0.100000 0.100000 0.100000 0.343793 1.185908 0.100000 
0.213834 0.259453 0.241173 1.351634 0.100000 0.100000 0.907854 0.468515 0.214665 0.614858 0.100000 0.794108 0.100000 0.310791 0.100000 0.331729 0.100000 0.195277 0.100000 0.100000 0.465135 0.100000 0.197534 0.100000 0.334915 0.100235 0.100000 0.625025 0.489601 0.979972 0.867716 1.908181 0.672703 0.277405 0.211569 0.524049 0.919265 0.272169 0.111812 0.100000 1.586287 0.298695 0.100000 0.128875 0.367387 0.942915 1.312141 0.818249 0.181777 1.108383 1.167055 0.108626 0.234341 0.900966 0.100000 0.100000 0.679354 0.336490 0.215389 0.271423 0.100000 1.138493 0.946872 1.617180 0.100000 0.100000 0.673495 0.387000 0.138683 0.100000 1.490459 1.329564 0.100000 0.100000 1.166699 0.495759 0.557816 1.016014 
0.629204 0.206723 0.100000 0.100000 0.100000 1.017214 0.749355 0.738045 0.682936 1.161347 0.912232 0.829978 0.251402 0.841876 0.135005 0.879690 0.100000 0.564995 0.471102 0.644144 1.241474 0.376530 1.234628 1.500861 0.189213 0.159901 0.100000 0.775498 0.957891 1.444705 0.733779 0.100000 0.100000 0.225899 0.100000 0.499515 0.100000 0.100000 0.100000 0.291515 0.100000 0.100000 0.375284 1.010087 0.744868 0.702086 0.995960 0.100000 0.100000 1.031693 0.682243 1.022834 0.575694 0.745044 0.434410 0.891794 0.590888 0.131847 0.952049 1.461908 1.253387 1.186104 0.720108 1.041403 1.203424 0.100000 0.100000 0.507962 0.128123 1.120287 0.100000 0.349138 0.100000 0.100000 0.391471 0.630665 0.186504 0.585171 
0.152825 1.314501 0.100000 0.528824 0.134867 1.045439 0.642829 0.100000 0.283260 1.479791 0.551059 0.100000 0.722664 1.250003 0.100000 0.343277 0.191284 0.100000 0.100000 0.340013 0.100000 0.237748 0.100000 0.100000 0.100000 0.718268 0.294257 0.100000 1.083166 0.809130 1.029657 1.230665 0.140380 0.100000 0.100000 0.348005 0.104013 0.196455 0.253506 0.100000 0.862318 0.352588 0.100000 0.382998 0.355174 0.597871 0.226598 0.133948 0.100000 0.385070 0.100000 0.100000 0.100000 1.441162 0.100000 0.776820 0.817686 0.383793 0.925681 1.271448 0.100000 0.757231 0.100000 1.809422 0.100000 0.100000 1.216082 0.961199 1.370916 0.100000 0.451412 0.100000 0.348690 0.100000 0.100000 0.100000 0.218407 0.266594 
0.545698 0.793889 0.561635 0.158144 0.100000 0.426361 1.030893 0.100000 0.100000 0.788002 1.713973 1.644465 0.134183 0.100000 0.342247 0.100000 0.919138 0.100000 0.313812 0.198546 0.463832 0.311396 0.802964 1.333768 0.100000 1.086542 0.100000 0.100000 0.335873 1.075396 0.155744 0.657784 1.204724 0.686966 0.100000 0.100000 0.243789 1.228705 0.100000 0.213248 0.454501 0.358534 0.100000 0.534909 0.471257 0.100000 0.100000 0.725303 1.745647 0.100000 0.100000 0.193971 0.713152 0.275865 1.052096 0.293995 0.100000 0.912935 1.085245 0.555869 0.100000 0.100000 0.947757 1.122722 0.100000 0.100000 0.100000 0.171569 1.385827 0.472398 0.492696 0.568611 0.449568 0.100000 0.100000 0.302435 0.100000 0.460172 
0.343341 0.100000 0.686252 0.299207 0.390795 0.859953 1.213427 0.100000 0.542893 0.575265 0.703016 1.635426 0.921571 0.849544 0.104480 1.172533 0.100000 0.703808 0.272577 0.513863 0.634794 0.100000 0.100000 0.100000 0.101923 0.858329 0.998423 0.100000 0.614110 0.646621 0.970409 0.692145 0.100000 0.100000 0.100000 0.723790 0.100000 0.290693 0.100000 0.100000 0.540037 0.615733 0.943493 0.100000 0.100000 0.956391 1.490179 0.548393 0.593223 0.928632 0.100000 1.373748 0.100000 0.676193 0.100000 0.100000 0.100000 0.424646 0.100000 1.353275 0.100000 0.687127 0.358840 0.425834 0.188424 0.100000 1.185342 1.037438 0.100000 0.100000 0.901603 0.555928 0.572564 0.100000 0.100000 1.015066 0.402541 0.216421 
0.553744 0.215883 0.100000 1.100174 0.100000 0.324658 0.100000 0.100000 0.998358 1.479178 1.178239 0.629482 0.645387 0.424817 0.100000 1.037095 0.422509 1.015516 0.865562 0.100000 0.500957 0.100000 0.676117 0.100000 1.204049 0.100000 0.284635 0.100000 0.674010 0.100000 0.100000 0.655598 0.100000 0.100000 0.100000 0.635869 0.100000 1.327471 0.844915 0.100000 0.208737 0.515326 0.132652 0.465959 0.100000 0.100000 0.237641 0.100000 0.100000 0.440726 0.646946 0.232300 1.231500 1.008685 0.100000 0.398723 0.389510 0.401807 1.142405 0.100000 0.100000 0.100000 0.243127 0.562554 0.100000 1.219280 0.282531 0.962908 0.391165 0.600419 0.100000 0.299306 0.363329 0.161113 0.100000 0.988656 0.645829 0.639671 
0.100000 0.552028 0.100000 0.100000 0.547157 0.100000 0.100000 0.450859 0.600161 1.289512 0.450389 0.166548 0.100000 0.574782 0.100000 1.053848 0.100000 0.494701 1.120814 0.100000 0.583424 0.257197 1.375084 0.100000 1.274581 0.885585 0.359723 0.100000 0.520786 0.934098 0.329380 0.523318 0.100000 0.650728 0.100000 0.100000 0.787123 0.342053 0.758190 0.100000 0.100000 0.730557 0.404231 0.100000 0.571280 0.100000 0.100000 0.505273 0.100000 0.532035 0.382726 0.363082 1.130984 0.100000 0.813941 0.100000 0.100000 1.360603 0.856464 0.818239 0.359160 1.288314 0.100000 0.774598 0.844757 1.078252 0.107129 0.214399 0.147010 0.146223 0.256683 0.100000 0.100000 0.100000 0.100000 0.543676 0.552574 0.100000 
1.158456 0.100000 1.366814 0.509581 0.657032 0.100000 2.145450 0.274840 0.480574 0.573788 1.448206 0.100000 0.683147 0.327244 0.371232 0.328284 0.100000 0.397344 0.882894 0.778380 1.252094 0.100000 0.182521 0.173918 0.100000 2.120255 0.374012 0.600924 0.543750 1.126710 0.599359 0.522104 1.138473 0.200376 0.125460 0.256655 0.460640 0.100000 0.729138 0.808138 0.191897 0.100000 0.425167 1.259217 0.244071 0.100000 1.153948 0.100000 1.574626 0.100000 0.100000 0.782124 0.100000 0.100000 0.100000 0.405049 0.952237 0.380821 0.956643 0.980013 0.100000 0.385063 0.100000 0.831804 1.231823 0.181887 0.922270 0.100000 0.398870 0.100000 0.570887 0.100000 0.100000 0.100000 0.468509 0.771821 0.499437 0.100000 
0.483070 0.671622 0.428956 0.179773 0.606904 0.286946 0.791037 0.399632 0.100000 0.215527 0.504354 0.100000 0.835039 0.548961 0.490536 0.736257 0.100000 0.303541 0.911436 0.100000 1.183174 0.100000 0.853831 0.100000 0.100000 0.100000 0.154962 0.371525 0.271845 0.100000 0.292605 0.733026 0.388661 0.791538 0.100000 0.649527 0.529985 0.100000 0.100000 0.149719 0.100000 0.558017 0.100000 1.064392 0.559740 0.100000 0.540147 0.100000 0.611218 0.558023 0.100000 0.354383 0.533709 0.649443 0.100000 0.410570 0.388114 0.377340 1.024467 0.557946 0.414835 0.353991 0.140473 0.449107 0.100000 0.524854 0.387261 0.972761 1.394733 0.100000 0.856628 0.197865 0.100000 0.312027 0.112206 0.401553 0.843185 0.100000 
0.100000 0.879203 0.100000 0.100000 0.100000 0.983668 1.553910 0.810338 1.384864 0.100000 1.326468 0.474449 0.641492 1.059872 0.257888 0.375907 0.465396 0.100000 0.554498 0.236849 0.282916 1.062641 0.303654 0.341655 0.100000 0.100000 0.659325 0.100000 0.244213 1.468449 0.100000 1.492101 0.100000 0.398709 0.100000 0.505266 0.100000 0.997027 0.100000 0.219120 0.442641 0.100000 0.555370 1.224003 0.746013 0.100000 0.554986 0.100000 0.481811 0.100000 1.636603 1.502972 0.261420 0.126111 0.499263 0.486926 0.100000 0.824832 0.100000 1.081345 0.100000 0.539746 0.100000 0.100000 0.414839 0.189047 0.142940 0.226224 0.735596 0.705040 0.399748 0.100000 0.936544 0.581343 0.254880 0.728557 1.276972 1.304337 
0.281747 0.805416 0.100000 0.232863 0.612146 0.100000 1.871062 0.100000 1.320826 0.668631 1.684506 0.260361 1.087868 0.473966 0.360375 0.825986 0.440401 0.100000 0.378242 0.343384 0.742936 0.382016 1.221117 0.100000 0.100000 0.100000 0.154856 0.420415 0.861284 1.246300 0.462630 0.330818 0.492414 0.584170 0.100000 0.255812 0.536695 0.453338 0.100000 0.300684 0.114145 0.277567 0.271626 0.662788 0.672397 0.421094 0.100000 0.421976 0.100000 0.889359 0.531789 0.415388 1.344150 1.262607 0.100000 0.820521 0.483731 0.591088 0.100000 0.466081 0.561323 1.510462 0.330453 0.406481 1.128926 0.429981 0.786185 0.664020 0.447955 0.137096 0.657857 0.100000 0.371510 0.728933 0.746502 0.301741 0.685808 0.856717 
0.818217 0.659781 0.714725 0.100000 0.801754 0.222096 0.942181 0.100000 0.105491 0.450084 0.516367 1.311494 0.100000 0.100000 0.100000 1.342074 0.675450 0.100000 1.161853 0.718790 1.012433 0.966708 0.359122 0.100000 0.100000 0.216338 0.100000 0.342878 0.557892 1.077471 0.836916 0.906328 0.938446 0.641044 0.288684 1.099187 0.114523 0.100000 0.227114 0.100000 0.100000 0.100000 0.308234 0.196998 0.363248 0.100000 0.464471 0.100000 0.100000 0.576492 0.373761 0.100000 0.746175 0.100000 0.380204 0.557786 0.128748 0.477498 0.100000 1.043388 0.100000 0.605299 0.100000 1.105188 0.592511 0.100000 1.013746 0.100000 1.328045 0.459964 1.768874 0.100000 0.638373 0.393754 0.375191 0.100000 0.637422 0.503375 
0.100000 0.623485 0.496395 0.468820 0.771749 0.465276 0.641753 0.100000 0.100000 1.274950 1.996136 0.545702 0.100000 1.521512 0.100000 0.100000 0.513026 0.100000 0.100000 0.708876 1.863439 0.816276 0.130677 0.181768 0.100000 0.570550 0.100000 0.218749 0.100000 0.843072 0.714761 0.697177 0.470565 0.676284 0.590203 0.713589 0.220752 0.476960 0.930658 0.100000 0.156550 0.662143 0.567864 1.164035 0.427798 0.181188 0.375564 1.168281 0.389842 0.522456 0.380078 0.559105 0.100000 0.100000 0.100000 0.400495 1.340189 1.223348 0.758782 0.625191 1.059102 0.233606 0.100000 0.912827 0.451537 0.172446 0.731759 1.075613 1.246326 0.240172 0.647182 0.757260 1.077614 0.458078 0.285904 1.182190 0.100000 0.135391 
0.871842 0.959800 0.406907 0.149165 0.435614 0.292851 1.028255 0.100000 0.100000 0.622694 1.406987 0.776176 0.197114 1.071880 1.173268 0.748692 0.100000 0.588928 0.825495 1.230068 1.243842 0.100000 0.492530 0.839405 0.193790 0.766630 0.451927 0.332055 0.100000 0.136462 0.100000 0.165641 0.100000 0.182563 0.603911 0.100000 1.030459 0.104118 0.649659 0.100000 0.195302 0.422102 0.291884 0.163227 0.921241 1.547966 0.413681 0.100000 0.100000 1.920518 0.729787 0.100000 0.100000 1.478066 0.100000 0.100000 0.100000 0.592920 0.564905 0.406382 0.531269 0.100000 0.100000 1.060328 0.434946 0.100000 0.100000 1.142525 1.097194 0.552582 0.642183 0.100000 0.372325 0.423729 0.318501 0.312215 1.045428 0.100000 
0.336693 1.367546 0.126310 0.606364 0.310141 1.160683 1.229883 0.328828 0.502480 0.542558 0.834457 0.100000 0.100000 0.504606 0.100000 1.282731 0.878042 0.100000 0.100000 1.087411 1.120585 0.264530 0.816189 0.100000 0.100000 0.788596 0.100000 0.100000 1.894758 0.520209 1.174044 0.100000 0.725580 0.338150 0.205873 1.379050 0.100000 0.355496 0.781546 0.100000 0.789417 0.248729 0.466578 1.312734 0.757075 0.100000 0.128689 0.100000 0.100000 0.100000 0.801901 0.344427 0.970881 0.100000 0.716631 0.308989 0.697177 0.291838 0.224048 0.786663 0.100000 0.718674 0.476515 0.139652 0.100000 0.100000 0.382088 0.907387 0.582171 0.100000 0.569902 1.067322 0.318981 0.100000 0.224580 1.585268 0.175953 0.100000 
0.213395 0.794390 0.100000 1.088739 0.808855 0.100000 0.816534 0.184043 0.570579 0.747483 1.015193 0.313664 0.100000 1.305847 0.100000 0.427629 0.233510 0.100000 0.415236 0.280186 1.794247 0.961340 0.537728 0.521559 0.100000 0.405703 0.719008 0.280917 0.515377 0.270493 0.100000 0.920189 0.100000 0.436728 0.100000 0.100000 0.738616 0.240964 0.100409 0.100000 0.100000 0.956663 0.309853 1.004781 1.555344 0.100000 0.100000 1.061304 0.100000 0.657802 0.494426 0.538932 0.101124 1.910588 0.100000 0.743958 0.788975 0.249551 0.725807 0.100000 0.100000 0.580776 0.169741 1.216945 0.100000 0.100000 0.305617 0.936161 0.835900 0.536854 0.523570 0.190914 0.100000 0.642475 0.100000 0.772969 1.036166 0.100000 
0.100000 0.214191 0.100000 0.478851 0.100000 0.268479 1.877102 0.435442 0.221599 0.100000 0.158710 0.580408 0.100000 0.182590 0.100000 0.757943 0.100000 0.976536 0.100000 0.100000 1.009032 0.870524 0.540723 0.646461 0.101305 0.414761 0.100000 0.605404 0.933486 0.614667 0.100000 0.178275 0.100000 0.100000 0.100000 0.316752 0.159467 0.104682 0.520730 0.100000 0.541276 0.204675 0.100000 0.983058 0.100000 0.729194 1.126348 0.547907 0.710435 0.365507 0.100000 1.491126 0.363083 1.077718 0.503778 0.432998 0.267142 0.100000 0.100000 0.479559 0.494592 0.501131 0.614863 0.129621 0.610379 0.100000 0.100000 0.970269 0.441507 0.709240 1.016823 0.100000 0.100000 0.476806 0.920500 0.542454 0.189941 0.314471 
0.792746 0.574663 0.100000 0.100000 1.709188 0.100000 0.846289 0.100000 0.867376 0.100000 2.211601 0.915224 0.271705 1.299781 0.100000 0.464948 0.100000 0.100000 0.100000 0.100000 1.256278 1.089097 0.381926 0.100000 0.259997 0.595598 0.549438 0.100000 0.882312 0.100000 0.403631 0.458887 0.100000 0.345441 0.400973 0.476999 0.100000 0.100000 0.100000 0.100000 1.001803 0.100000 0.444420 0.441168 0.100000 0.453703 0.100000 0.100000 0.288730 0.209764 0.286037 0.941650 0.463293 0.128988 0.480531 0.100000 0.650573 0.708989 0.835562 1.091028 0.100000 0.516293 0.699197 0.657911 0.630740 0.257639 0.823902 0.913167 0.527472 0.100000 0.724765 0.100000 0.270090 0.643705 1.529254 0.402029 0.485886 0.245147 
0.469301 0.217371 0.234265 0.965620 0.433700 1.001713 1.298283 0.166822 1.292324 0.541130 0.748531 1.212547 1.349539 0.645195 0.372955 0.300615 0.465547 0.359653 0.495500 1.344423 1.288346 0.100000 0.230678 0.813105 0.715563 0.100000 0.100000 0.117770 0.222339 0.100000 0.209523 1.157416 0.998289 0.789606 0.100000 1.039472 0.893517 0.611431 0.563307 0.100000 0.455716 0.544558 0.925138 1.227667 0.911754 0.154547 0.769868 0.100000 1.052387 0.549289 0.379312 0.100000 0.544276 0.100000 0.653910 0.558586 0.407718 0.492426 0.100000 0.516098 0.100000 0.935738 0.539671 0.755606 0.471149 0.275994 0.879506 1.226948 1.541186 0.593108 0.694576 0.100000 0.100000 0.100000 0.669920 0.100000 0.100000 0.100000 
0.100000 1.349546 0.108886 0.508319 0.698106 0.981952 0.797763 0.544981 0.571309 0.100000 0.983112 0.666585 0.998904 1.446191 0.100000 1.120443 0.537406 0.413837 0.100000 0.423465 1.428791 0.879643 0.259093 0.377930 0.100000 0.100000 0.333579 0.100000 0.100000 1.162570 0.932623 0.783748 0.547240 0.100000 0.376516 0.100000 1.312201 1.187130 0.100000 0.100000 0.995483 0.815942 1.418721 0.100000 0.344810 0.317348 0.646285 0.100000 0.100000 0.680003 0.478958 0.100000 1.145715 0.972299 0.100000 0.100000 0.100000 0.408860 0.444664 1.135263 0.569472 1.059220 0.459820 0.746432 0.910763 1.192013 0.100000 0.503182 0.985358 0.845835 0.891850 0.100000 0.100000 0.100000 0.100000 0.192323 0.874620 0.100000 
0.360271 0.100000 0.100000 0.100000 0.100000 0.450681 0.685013 0.636513 0.100000 1.364190 0.580463 0.307090 0.659480 1.438981 0.274741 0.205100 0.100000 0.677746 0.100000 1.045386 0.565984 0.640642 0.667849 1.206208 0.241856 0.214781 0.221874 0.101000 0.772197 0.349956 1.046140 0.228318 0.888041 0.100000 0.100000 1.314281 1.096163 0.175000 0.100000 0.100000 0.723049 0.566094 0.100000 0.100000 0.340101 0.354041 0.718045 0.100000 0.100000 1.073567 0.182975 1.196174 0.100000 0.256282 0.580832 0.736087 1.358436 0.352410 0.319441 0.534280 0.495155 1.309902 0.458974 0.152536 0.437988 0.651604 0.576339 1.203786 1.141477 0.642008 0.254753 0.100000 0.100000 0.665646 0.354078 0.100000 0.100000 0.100000 
0.100000 0.283624 0.190515 0.100000 0.346412 0.415270 0.683513 1.151535 0.519230 1.178234 0.962580 0.280159 0.898104 0.870830 0.100000 0.100000 0.583666 0.100000 0.375902 0.695978 0.396602 0.336305 1.197053 0.914335 0.506546 0.702781 0.710340 0.439133 0.450526 0.100000 1.241362 0.330316 0.557086 0.655360 0.100000 0.502018 0.849852 0.323422 1.304177 0.100000 0.692416 0.758155 0.100000 0.946358 0.512389 0.815877 0.121592 0.502336 0.100000 0.151919 0.100000 0.738532 0.100000 0.645439 0.100000 0.850116 0.291778 0.691365 0.167158 1.382340 0.100000 1.054162 0.100000 2.075307 0.290252 0.778079 0.100000 0.500252 1.140628 0.150952 0.980887 0.100000 0.100000 0.100000 0.379518 0.876685 0.223266 0.952574 
0.986905 0.100000 0.824587 0.798391 0.390122 0.946340 1.255985 0.353727 1.422445 0.245772 1.321353 0.514613 0.354674 0.672962 0.250935 0.100000 0.337054 0.598206 0.805835 0.398489 0.289713 0.843140 0.262205 0.286265 0.100000 1.589403 0.628563 0.897983 0.583109 1.431405 1.424008 0.539792 0.668711 0.425708 0.370305 0.100000 0.100000 0.100000 0.541874 0.100000 0.100000 0.100000 0.637953 0.819606 0.224366 0.100000 0.468170 1.179489 1.332217 0.946930 1.126459 0.886186 0.354723 0.390131 0.812744 0.100000 0.687007 0.932325 0.100000 0.747381 0.100000 0.642717 0.100000 0.100000 0.100000 0.214706 1.334345 0.661320 0.348254 1.449492 0.293235 0.888430 0.785839 0.586611 0.100000 0.933169 0.100000 0.557794 
0.222251 0.902985 0.100000 0.100000 0.947781 1.435003 0.434930 1.296410 0.841831 0.857620 0.757046 0.100000 0.100000 0.446087 0.100000 0.814490 0.442691 0.196659 0.575563 0.657062 0.405309 0.553167 0.834381 0.625803 0.100000 0.743321 0.788228 1.115239 0.100000 0.327098 0.481077 1.179077 0.100000 0.100000 0.100000 0.829670 0.100000 0.100000 0.706505 0.414159 1.055599 0.465174 0.100000 1.117093 0.863807 0.100000 0.610366 0.733192 0.649494 0.100000 0.683980 0.822685 0.509663 0.100000 0.100000 0.808958 0.100000 0.121700 0.585681 1.245798 0.772259 0.496967 0.100000 1.291862 0.658088 0.320048 0.673418 0.836452 0.577044 0.100000 1.205186 0.100000 0.100000 0.639559 0.100000 0.681335 0.304598 1.571472 
0.546561 1.009698 1.662406 0.100000 0.506556 1.151644 0.100000 0.100000 0.972662 1.013124 0.474634 0.241291 0.100000 0.692766 0.100000 1.402990 0.100000 0.135417 0.100000 1.003303 0.847653 0.100000 0.487224 0.641179 0.294086 0.820430 0.100000 0.100000 0.930560 0.100000 0.194960 1.514927 0.100000 0.100000 0.107044 0.252733 0.526718 0.790155 0.264085 0.725909 0.923844 0.219618 1.058112 0.384280 1.034890 1.257401 0.100000 0.614840 0.572124 1.038727 1.068318 0.681074 0.222301 1.016456 0.689747 0.566390 0.648692 0.360132 0.548522 0.404085 0.100000 0.100000 0.608947 0.243865 0.100000 0.100000 0.100000 0.703015 1.137917 0.511723 0.489730 0.211126 0.100000 0.100000 0.248146 0.973613 0.847312 0.100000 
0.100000 1.085111 0.100000 0.569295 1.065592 0.100000 1.205009 0.408874 0.224412 0.284396 0.550269 0.100000 0.100000 0.895885 0.100000 1.010715 0.238805 0.845104 0.419252 0.162206 1.196218 0.100000 0.100000 0.995724 0.100000 0.100000 0.100000 0.100000 0.268026 0.357772 0.661363 1.205201 0.197925 0.474518 0.387312 0.447919 0.960505 0.383021 0.100000 0.370602 0.905897 0.786694 0.844608 0.100000 0.901987 0.100000 0.100000 0.524646 0.100000 0.327438 0.542487 0.876349 0.332026 1.327706 0.100000 0.207190 0.765681 0.584413 0.100000 0.414346 0.115558 0.957897 0.672830 1.127178 0.100000 0.191218 0.669545 0.295686 0.991207 0.908679 1.123001 0.100000 0.518364 0.313015 0.235591 0.100000 0.211667 1.090664 
0.487822 0.101709 0.580795 0.100000 0.265797 0.200760 0.558690 0.733687 1.006721 0.605420 0.890212 0.100000 0.100000 0.554040 0.701050 0.590150 0.100000 0.612359 0.100000 0.100000 1.938139 0.414779 0.403953 0.100000 0.366941 0.664656 0.100000 0.729011 0.167455 0.418492 0.342674 1.178535 0.491132 1.216326 0.100000 0.795036 0.100000 1.672484 1.732955 0.449582 0.880678 0.100000 0.100000 1.075111 1.046630 0.555807 0.100000 1.073675 0.862355 0.349637 0.100000 0.727627 0.100000 0.822271 0.204603 0.100000 0.100000 0.660662 0.498305 0.100000 0.468785 0.414948 0.100000 0.165648 0.417215 0.474912 0.100000 0.815351 0.256234 0.100000 0.519123 0.388681 0.825005 0.482814 0.100000 0.808040 1.005423 0.100000 
