79 Number of operations
29 Number of workers
Standard production times
0.436826 0.198809 0.331604 0.391055 0.455688 0.283821 0.369697 0.170513 0.277800 0.162097 0.574453 0.396892 0.633336 0.100000 0.551241 0.100000 0.330241 0.100000 0.539262 0.512992 0.495972 0.340811 0.315938 0.228077 0.318417 0.649516 0.100000 0.100000 0.538062 0.585624 0.717307 0.480261 0.146062 0.493841 0.660772 0.646257 0.445896 0.454722 0.266643 0.360484 0.497204 0.572092 0.100000 0.238532 0.100000 0.618461 0.282133 0.597837 0.392383 0.644536 0.657231 0.431644 0.169275 0.413947 0.588501 0.278597 0.308175 0.396599 0.569202 0.402256 0.238324 0.288863 0.302463 0.464080 0.450278 0.274325 0.171269 0.118233 0.100000 0.577667 0.456585 0.653838 0.442652 0.454075 0.641237 0.267259 0.435319 0.449011 0.525447 
Production times: workers row and ops columns
0.580459 0.600879 0.201354 0.100000 0.878334 0.929043 0.100000 0.100000 0.463698 0.224092 0.204419 0.341387 0.658333 0.381918 0.383327 0.271729 0.766782 0.100000 0.390241 0.883013 1.002118 0.100000 0.558159 0.100000 0.565056 1.020225 0.772904 0.100000 0.328385 0.179591 1.215597 0.374032 0.100000 0.223743 0.992474 0.383789 0.100000 0.379190 0.278870 0.371447 0.453112 0.508779 0.242441 0.374208 0.100000 0.141126 0.953469 0.100000 1.154466 0.740805 0.273499 1.045561 0.223326 0.534854 0.671350 0.100000 0.955078 0.402008 0.549487 0.100000 0.100000 0.242296 0.339163 0.100000 0.400298 0.100000 1.082635 0.748272 0.801105 0.100000 0.212100 0.280556 0.217630 0.647837 0.280663 0.100000 0.409837 0.447965 0.505595 
0.194330 0.442157 0.100000 0.570784 1.134480 0.100000 1.153293 0.131180 0.100000 0.805664 0.100000 0.215664 0.389881 0.100000 0.943578 0.434047 0.261528 0.100000 0.315621 0.804151 1.373009 0.104884 0.373427 0.639653 0.100000 0.573395 0.100000 0.962961 0.471595 0.300756 1.818820 0.360318 0.276841 0.690048 1.069863 1.610539 0.141916 1.202182 0.160848 0.371182 0.100000 0.214246 0.100000 0.102564 0.455592 0.672169 0.171380 1.379348 0.108168 0.687869 0.100000 0.100000 0.100000 0.559039 0.932958 0.393797 0.392255 0.527554 0.491279 0.411765 0.804948 0.100000 0.388574 0.135946 0.713483 0.100000 0.219632 0.206056 0.100000 1.600894 0.405094 0.765066 0.100000 1.381080 1.114916 1.380296 1.273083 0.378691 1.065510 
1.393551 0.374036 0.261494 0.100000 0.498756 0.100000 0.996273 0.306303 0.771644 0.145332 1.304159 0.100000 1.687237 0.549028 0.647096 0.100000 0.100000 0.306053 0.614021 0.518637 0.445635 0.225692 0.548421 1.009141 0.503455 1.492959 0.100000 0.352502 0.236337 0.635643 0.100000 1.188450 0.100000 0.373503 0.828781 1.510286 0.100000 1.520526 0.100000 0.520687 0.426809 0.962307 0.100000 0.487686 0.100000 0.100000 0.137979 0.566081 0.100000 0.887672 1.469410 1.133250 0.100000 0.927186 1.089430 0.100000 0.100000 0.224889 0.398094 0.720585 0.355370 0.259950 1.159981 0.212546 0.851145 0.189392 0.100000 1.019982 0.100000 0.230654 0.100000 0.614097 0.100000 0.540844 2.299371 0.100000 1.018225 0.860855 0.258644 
1.245395 0.728770 0.269106 1.061441 0.100000 0.100000 0.603519 0.922969 0.777171 0.100000 0.753045 0.100000 0.589258 0.100000 0.328153 0.243540 0.382277 0.100000 1.186985 0.152296 0.500875 0.616566 0.100000 0.756969 0.475868 0.596751 0.273992 0.100000 1.598864 0.100000 0.780959 0.509719 0.259807 0.710387 0.268577 0.496397 0.463808 0.208912 1.075996 1.061758 0.155579 0.676020 0.100000 0.100000 0.100000 0.421613 0.869345 0.484779 0.516556 0.957285 0.949550 0.366518 0.100000 0.388201 1.332349 0.119209 0.793205 0.100000 0.848104 0.537159 0.374379 0.100000 0.646684 0.998212 0.100000 0.289663 0.100000 0.100000 0.100000 1.042221 0.209183 0.387090 0.114217 1.033349 0.515941 0.252694 0.899636 0.969968 0.414194 
1.711624 0.945207 0.100000 0.504075 0.851133 0.313824 0.100000 0.480952 0.527140 0.303009 0.291744 0.470884 0.965818 0.248136 0.601409 0.100000 0.100000 0.374667 1.040195 0.100000 1.021724 0.728583 0.872647 0.530171 0.407818 0.100000 0.100000 0.100000 0.488976 1.193907 0.195269 0.100000 0.529957 0.395082 0.403534 0.100000 0.925367 0.965821 0.197799 1.372945 1.085736 0.337608 0.100000 0.146906 0.512603 0.100000 0.100000 1.616423 0.459576 0.208468 1.203090 1.152638 0.460412 0.229345 0.904235 0.100000 0.100000 0.349375 0.790090 1.053773 0.353071 0.431408 0.100000 0.326669 0.120862 0.396243 0.100000 0.100000 0.934301 0.158295 0.556957 0.100000 0.307927 0.115400 0.974699 0.100000 0.455639 0.365095 0.548027 
1.399181 0.100000 0.100000 0.519035 0.551011 0.100000 1.020990 0.158182 0.628313 0.456813 0.170497 0.769942 0.355160 0.100000 1.056167 0.993377 0.162623 0.262242 1.564870 0.182346 0.100000 0.134106 1.251959 0.711660 0.890629 0.273237 0.100000 0.100000 1.223895 0.100000 0.806475 0.360764 0.100000 0.107770 0.831716 0.913086 0.654315 1.035877 0.668555 0.181661 0.380211 0.170813 0.100000 0.976884 0.100000 0.979466 0.100000 0.100000 0.307287 0.215284 1.650694 0.531274 0.100000 0.619213 0.489362 0.100000 0.100000 0.100000 0.584581 0.968778 0.499041 0.267455 0.315995 0.168881 1.015607 0.374562 0.740447 0.202552 0.100000 0.100000 1.532325 0.239970 1.460623 0.100000 0.155734 0.227397 0.875907 0.172132 1.033520 
0.100000 0.100000 0.595389 0.100000 0.216176 0.187809 0.100000 0.724223 0.100000 0.100000 0.645809 0.188473 0.988001 0.100000 0.554463 0.100000 0.100000 0.100000 0.571413 0.708410 1.118880 0.100000 0.100000 0.100000 0.655080 1.553463 0.473630 0.603599 0.100000 0.903588 0.907937 1.183451 0.100000 0.370390 0.773439 0.674714 0.100000 0.803614 0.100000 0.687638 0.100000 1.470093 0.108766 0.100000 0.539931 0.626482 0.100000 1.141628 0.100000 1.016203 1.206062 1.265647 0.100000 0.599184 0.750848 1.185301 0.100000 0.523712 0.620813 0.794916 0.634351 0.100000 1.315768 0.919543 1.324288 0.302248 0.615056 0.314319 0.708854 1.301266 0.100000 0.837712 0.468787 1.038634 1.181576 0.914480 0.484517 0.341673 1.048396 
0.167456 0.100000 0.100000 0.985573 0.100000 0.100000 0.100000 0.230391 0.393026 0.192430 0.636670 0.100000 1.174237 0.100000 0.462269 0.128727 0.100000 0.567914 0.661809 0.100000 1.006755 0.390826 0.918106 0.911789 0.635797 1.149360 0.100000 0.517825 0.100000 0.983768 0.390193 0.645472 0.100000 0.766376 0.245449 2.032909 1.008444 0.836420 0.100000 0.401318 1.298593 0.991146 0.102979 0.100000 0.165766 0.748635 0.100000 1.911277 0.994353 0.454879 0.630577 0.193295 0.779416 0.100000 0.100000 0.206870 0.100000 0.389396 0.759863 0.290020 0.537991 0.936124 0.293276 0.100000 0.977919 1.365467 0.100000 0.100000 0.100000 0.945942 0.100000 0.362670 0.174589 0.448816 0.769309 0.120930 0.100000 0.549933 1.010610 
0.505383 0.254908 0.100000 0.415984 0.100000 0.669301 0.480723 0.459409 0.320499 0.168586 1.470112 1.007056 0.100000 0.100000 0.647249 0.547433 0.100000 0.100000 0.324929 0.290089 0.100000 0.823088 0.754706 0.100000 0.923420 0.492498 0.367198 0.574196 0.614778 0.363865 0.100000 0.218358 1.190275 0.613644 0.100000 0.100000 0.170166 0.219442 0.401874 0.395453 0.636877 0.214415 0.834845 0.534356 0.100000 0.185363 0.683350 0.345000 0.562651 0.834434 0.258331 0.100000 0.674139 0.100000 0.976823 0.100000 0.390394 1.118695 0.295346 0.100000 1.051416 0.521271 0.584583 0.100000 0.573227 0.490652 0.100000 0.100000 0.100000 0.992250 0.589521 0.231742 0.100000 0.405790 0.620551 0.693743 0.658572 0.341675 1.495513 
0.359632 0.100000 0.100000 0.545665 0.516839 0.100000 0.204206 0.400920 0.100000 0.100000 0.523845 0.208057 0.309451 0.100000 0.100000 1.060585 0.735098 0.100000 1.068732 0.431449 0.796272 0.100000 0.100000 0.617926 0.752319 0.100000 0.100000 0.100000 0.386297 0.474663 0.435950 0.740999 0.100000 0.454659 1.500752 0.100000 0.325554 0.952378 0.471203 0.989621 0.100000 0.820403 0.100000 0.671993 0.218505 0.249743 0.386927 1.001329 0.100000 0.765947 0.979143 1.107140 0.100000 0.548499 0.626297 0.445899 0.258147 1.000078 1.139439 0.100000 0.100000 0.809198 0.100000 0.100000 0.289512 0.100000 0.100000 0.100000 0.348001 0.922788 0.100000 1.126395 0.132798 0.859422 1.487836 0.100000 0.214944 1.331861 0.273712 
0.972277 0.710533 0.100000 0.632993 0.548743 0.100000 0.817683 0.100000 0.662245 0.631237 0.987178 0.532379 0.100000 0.310165 0.374768 0.100000 1.004437 0.399356 0.100000 0.660769 1.020624 0.782094 0.699687 0.100000 0.403668 0.283800 0.343648 0.684644 0.903166 0.475238 1.034756 0.574208 1.226805 0.418821 0.425363 0.721250 1.047270 0.922069 0.342248 1.179081 1.193138 0.230204 0.308116 0.888512 0.522559 0.842523 0.804689 0.382350 0.822667 0.620957 1.050210 1.176475 0.173936 0.617111 0.660516 0.100000 0.470847 0.352848 0.786947 0.100000 0.100000 0.370162 0.650750 1.322098 0.745289 0.231910 0.310630 0.100000 0.100000 0.100000 1.178537 0.141560 1.306257 0.376054 0.155789 0.100000 1.269281 0.809734 0.268323 
0.533340 0.227525 0.100000 0.280262 0.192737 0.427981 1.073656 0.566428 0.354294 0.855534 1.097413 0.100000 0.100000 0.100000 1.379688 0.100000 0.100000 0.100000 0.100000 0.472595 0.100000 0.282021 0.586540 0.100000 0.899087 0.512681 0.100000 0.100000 1.272734 0.761944 0.100000 0.100000 0.100000 0.100000 0.322938 0.100000 0.510311 0.100000 0.689614 0.194932 0.241914 0.369325 0.100000 0.100000 0.594960 0.924306 0.487151 0.100000 1.783302 0.100000 0.100000 0.100000 0.100000 0.431424 0.961256 0.100000 1.253500 0.100000 0.916324 0.312539 0.100000 0.100000 0.315073 0.947335 0.100000 0.381048 0.100000 0.297316 0.100000 0.764711 0.100000 1.143060 0.915681 0.663271 1.165881 0.759914 0.577962 0.100000 0.141632 
0.913213 1.234780 0.865803 0.457626 0.572793 0.100000 1.060141 0.100000 0.100000 0.129206 0.582447 1.134444 0.100000 0.100000 0.713185 0.574358 0.221898 0.100000 0.990883 0.476725 1.261059 0.100000 0.760648 0.100000 0.266390 0.100000 1.234210 0.100000 0.100000 0.305062 1.462801 0.656652 0.370039 0.437141 0.100000 0.114648 0.664442 0.402036 0.706018 0.100000 0.681880 0.583377 0.659219 0.100000 0.423715 0.165653 0.100000 0.316891 0.184638 0.439132 0.612050 0.866767 0.655218 0.126988 1.588387 0.491722 0.100000 0.100000 0.366717 0.100000 1.116338 0.100000 0.100000 0.100000 0.228836 0.100000 0.100000 0.196883 0.229144 0.657055 0.100000 0.976692 0.735678 0.117313 0.401314 0.854660 0.562809 0.100000 0.991217 
0.229950 0.228211 0.100000 0.426448 0.649999 0.639507 0.550904 0.715862 0.100000 0.100000 0.100000 0.387256 0.815087 0.100000 0.749132 0.100000 0.511198 0.488359 0.364065 0.317853 0.212170 0.377340 0.835964 0.100000 0.100000 0.355037 0.100000 0.107612 0.100000 0.694935 0.523842 0.343809 0.571346 0.351525 0.171114 0.479802 1.263991 0.670440 0.113314 0.100000 0.511804 1.307198 0.100000 0.100000 0.100000 0.100000 0.100000 0.660279 0.389327 0.682707 1.066594 1.004935 0.406219 0.621234 0.100000 0.100000 0.330636 0.358640 0.707171 0.210906 0.265547 0.100000 0.782719 0.377936 0.557439 0.505377 0.471494 0.100000 0.702039 1.563566 0.193655 0.349879 0.356315 0.974186 1.150021 0.100000 0.100000 0.308542 0.899384 
0.153757 0.100000 0.100000 1.675331 0.105766 0.100000 0.100000 0.177081 0.141224 0.392607 0.416683 0.222187 1.402781 0.100000 1.129610 0.311562 1.043049 1.526285 0.497457 0.585482 0.104670 0.396625 0.100000 0.100000 0.595806 1.452669 0.100000 1.354721 0.683486 0.536549 1.413676 0.958353 0.856353 0.142419 0.323773 0.195773 0.100000 0.526925 0.100000 0.613762 0.874199 0.558634 0.634882 0.100000 0.100000 1.527992 0.357512 0.100000 0.196048 1.301220 0.108192 0.849088 0.466303 0.339896 1.328824 0.100000 0.100000 0.129525 0.352403 0.342525 0.564367 0.100000 0.100000 1.312756 0.439872 0.359171 0.930785 0.414545 0.803171 0.893033 0.315557 2.097173 0.935170 0.394974 0.630317 0.312192 0.939304 0.100000 0.783664 
0.100000 0.100000 0.286451 0.100000 0.100000 0.361187 0.100000 0.350224 0.100000 0.100000 1.327391 0.100000 0.583642 0.100000 0.467084 0.100000 0.100000 0.954082 0.677641 0.100000 0.546866 0.100000 0.100000 0.100000 0.951826 1.039919 0.100000 0.372408 0.645285 0.839652 0.228608 0.100000 0.100000 0.993527 0.476548 1.463630 0.100000 0.100000 0.735718 0.100000 1.355847 0.516968 0.100000 0.455876 0.100000 0.827404 0.100000 0.783790 0.254393 0.353844 0.507627 0.100000 0.319969 0.513821 0.270514 0.460464 0.804810 0.198946 0.995890 0.847172 0.100000 0.100000 0.100000 0.100000 0.407136 0.242040 0.218210 0.112246 0.100000 0.883917 1.483786 0.223013 1.342229 0.647072 1.204496 0.378721 0.350225 0.341036 0.193817 
0.606846 0.239335 0.100000 0.109526 0.974182 0.547653 0.429974 0.100000 0.531594 1.007916 0.505022 0.483313 1.054071 0.100000 0.940720 0.129028 0.950195 0.358300 0.509591 0.100000 0.100000 0.240930 1.354632 0.100000 0.351905 1.029671 0.100000 0.100000 0.100000 0.153276 0.100000 0.182869 0.100000 1.212412 0.477447 0.997608 0.100000 0.606507 0.597310 0.100000 0.100000 0.982856 0.100000 0.293599 0.130862 0.100000 0.682006 0.745171 0.236318 0.590306 1.424960 0.371733 0.506026 0.721164 0.957480 0.745598 0.421682 0.122971 0.567497 0.715901 0.548947 0.100000 0.457638 1.235242 0.430322 0.153637 0.928535 0.100000 0.100000 0.882540 1.525873 0.100000 1.340746 0.901350 0.449799 0.100000 0.569785 1.088611 0.100000 
0.285765 0.263668 0.769274 0.877242 1.004912 0.100000 0.487989 0.100000 0.100000 0.163445 0.490126 0.538540 0.444891 0.100000 0.186315 0.205134 0.107408 0.150879 1.102873 0.100000 0.478785 0.100000 0.525190 0.100000 1.443250 1.251050 0.326341 0.100000 0.531088 1.730001 0.100000 0.717221 0.100000 0.111511 0.845327 1.014636 0.842381 0.686049 1.556079 0.100000 0.493406 1.332906 0.100000 0.667452 0.257142 0.334522 1.252515 0.100000 0.472235 0.786504 1.152966 0.977577 0.896690 0.870379 0.413270 0.233962 0.650465 0.717254 0.100000 0.552821 0.100000 0.625934 0.100000 0.100000 0.100000 0.568401 0.100000 0.100000 0.100000 1.218851 0.100000 0.100000 0.100000 0.229140 1.711371 0.477794 1.360365 0.473467 0.100000 
0.710360 0.594678 0.230060 0.100000 0.100000 0.100000 0.297834 0.100000 0.974766 0.257042 0.389761 0.662704 1.283526 0.358838 0.564848 0.400928 0.242565 0.100000 1.375799 0.945179 0.100000 0.100000 0.692498 0.719128 0.494441 1.115179 0.100000 1.134935 1.314472 0.100000 0.100000 0.727196 0.100000 0.372799 0.218143 0.855569 0.629422 0.453371 0.396427 0.581267 0.781209 1.031669 0.100000 1.084060 0.295947 0.563113 0.100000 1.042132 1.314364 0.916853 0.100000 0.977391 0.253613 0.245193 0.216730 0.992546 0.805556 0.877386 0.429298 0.836579 1.083383 0.772920 0.971544 0.100000 0.143273 0.100000 0.100000 0.100000 0.223344 0.496302 1.128218 0.896034 0.125085 0.488980 0.100000 0.126695 0.866038 0.118755 1.549468 
0.100000 0.100000 0.222432 0.974932 0.460537 0.675947 0.132114 0.334862 0.100000 0.100000 0.100000 0.100000 0.965398 0.106103 0.370653 0.278418 0.657227 0.292817 0.990950 0.100000 0.100000 0.823789 0.691487 0.100000 0.568968 0.475956 0.100000 0.360069 1.128723 0.100000 0.846294 0.100000 0.698126 0.769998 1.684468 1.562116 0.396157 0.427307 0.100000 0.253411 0.100000 1.249046 0.121755 0.626922 0.100000 0.428607 0.508809 0.706010 0.143739 1.059825 0.100000 0.100000 0.184104 0.100000 0.254777 0.100000 1.369661 0.189597 0.242529 0.446741 0.100000 0.336918 0.831883 0.393329 0.100000 0.799652 0.888196 0.416321 0.100000 0.246533 0.530679 0.518618 0.927409 0.100000 0.100000 0.100000 1.019754 0.460867 0.859565 
0.872465 0.584669 0.395629 0.100000 0.234821 0.100000 0.100000 0.148244 0.630858 0.100000 0.608433 0.560127 0.459476 0.669502 0.100000 0.100000 0.425906 0.228125 1.853728 0.100000 0.100000 0.100000 0.412323 0.488853 0.100000 0.212795 0.100000 0.612287 0.100000 0.763976 0.477069 0.670159 0.812421 0.700891 0.381551 0.328450 0.590521 0.100000 0.277426 0.564396 0.406509 0.629678 0.100000 0.736265 0.100000 0.385801 0.100000 1.360287 0.211832 0.387562 0.435785 0.665673 0.574459 0.695674 0.102479 0.335019 0.100000 0.100000 0.194758 0.100000 0.831800 0.100000 0.100000 0.755396 1.192318 1.495238 0.546145 0.142493 0.100000 0.525281 0.100000 0.727582 0.100000 0.195450 0.223486 0.456545 1.156580 0.750057 0.238921 
0.100000 0.572594 0.844981 0.275494 0.202099 0.100000 0.100000 0.100000 0.270574 0.100000 0.944394 1.330914 0.730272 0.315791 0.100000 0.100000 0.589585 0.776862 1.590196 1.333766 0.100000 0.100000 0.100000 0.100000 0.100000 0.882000 0.100000 0.100000 0.100000 0.405442 0.650970 0.454566 0.100000 0.132063 0.100000 1.172413 0.878551 0.496405 0.100000 0.182897 0.298429 0.738144 0.100000 0.807776 0.100000 1.138030 0.623354 0.592011 0.784461 0.346712 0.939022 0.958044 0.100000 1.130634 0.377585 0.307909 0.100000 0.288218 0.100000 0.726717 0.498099 0.500928 0.100000 0.100000 0.215086 0.100000 0.218474 0.100000 0.208819 0.689732 0.792176 0.231063 0.100000 0.727809 1.315139 0.289760 0.140796 1.016739 0.160223 
0.100000 0.746910 0.750292 1.114026 0.837959 0.100000 0.668352 0.100000 0.100000 0.100000 1.117765 0.100000 1.202785 0.557366 0.977480 0.100000 0.366276 0.480165 0.837462 1.229664 0.101014 0.100000 0.193089 1.145512 0.613993 0.846914 0.737119 0.100000 0.716574 0.606481 0.867105 0.478190 0.885577 0.652518 0.664828 0.649859 0.100000 0.312854 0.476696 0.174219 0.100000 0.100000 0.121567 0.562231 0.140767 0.218014 0.210289 1.301603 0.738091 0.490759 0.718735 1.075933 0.100000 0.205846 0.358513 0.579196 0.100000 1.202116 0.100000 0.580510 0.823734 0.412195 0.815514 0.100000 0.134297 0.511162 0.530472 0.227242 0.245783 0.779467 0.803662 0.200475 0.197423 0.668386 0.100000 0.100000 0.334596 0.944577 0.987826 
1.037368 0.100000 0.733098 0.100000 0.268549 0.100000 0.985888 0.684095 0.755450 0.158869 0.993958 0.883186 0.100000 0.136389 0.408558 0.293859 0.627776 0.100000 0.557592 0.545063 0.171645 0.100000 0.442110 0.122576 0.112140 0.100000 0.880410 0.274190 0.466918 0.539654 0.100000 0.668313 0.164747 0.816670 0.445311 0.245278 0.100000 0.100000 0.374909 0.654012 0.100000 0.100000 0.951418 0.100000 0.100000 1.973608 0.100000 0.522245 0.100000 0.306543 1.309773 0.566994 0.154845 0.743605 0.100000 0.100000 0.100000 0.391772 1.642048 0.697049 0.120006 0.100000 0.270262 0.551277 0.100000 0.178321 0.100000 0.100000 0.100000 0.500791 0.476943 0.397693 0.674310 0.100000 0.527089 0.185885 0.261929 0.324777 0.100000 
0.100000 0.522787 0.668118 0.209976 0.695845 0.291395 0.100000 0.100000 0.100000 0.373653 0.477021 0.967777 0.277947 0.580075 0.100000 0.549448 0.100000 0.638878 0.464198 0.388445 0.100000 0.353751 0.531114 0.188240 0.600267 1.451561 0.172113 0.100000 1.162871 1.174587 0.779683 0.321498 0.778552 0.559653 0.945756 0.100000 1.319384 0.305909 0.226392 0.100000 0.100000 0.100000 1.012910 0.100000 0.951994 0.528173 0.100000 0.690454 0.315860 1.239329 0.334481 0.100000 0.100000 0.706822 1.111799 0.177740 0.100000 0.100000 0.143972 0.100000 0.100000 0.100000 0.295425 0.100000 0.191120 0.100000 0.100000 0.100000 0.533222 0.100000 0.162725 0.100000 0.323173 0.573826 1.400887 0.395354 0.100000 0.791860 0.722227 
0.383127 0.100000 1.073469 0.186145 0.100000 0.532269 0.329836 0.455474 0.100000 0.100000 0.997258 0.100000 0.424225 1.330111 0.100000 0.277611 1.611016 0.100000 0.995241 0.517939 0.609573 0.995604 0.426010 0.425936 0.100000 0.258129 0.423464 0.100000 0.428467 0.601584 1.293548 0.556289 1.152124 0.560972 1.008588 1.402046 0.301145 0.315162 1.357567 0.281901 0.100000 0.251182 0.453212 0.100000 0.100000 0.778980 0.100000 0.388175 0.277413 0.557604 0.826458 1.621454 0.100000 0.100000 1.313970 0.888727 0.457296 0.100000 0.689799 0.100000 0.100000 0.812963 0.273181 1.254148 0.722986 0.100000 0.646151 0.100000 0.100000 0.678080 0.441153 0.292457 0.672591 0.613542 0.840905 0.168654 0.583481 0.179247 0.100000 
0.964577 0.100000 0.100000 0.866714 0.825701 0.206438 0.100000 1.018173 0.100000 0.100000 1.759832 0.490812 1.325180 0.100000 0.100000 0.752720 0.393959 0.100000 0.561713 0.249847 0.817751 0.100000 0.248099 0.100000 0.669351 0.176138 0.159386 0.832124 0.205932 0.887912 0.559704 0.100000 0.407633 0.100000 1.601024 0.364479 1.262327 1.586386 0.465740 0.266244 0.539256 0.408889 0.352211 0.556546 0.272746 0.775000 0.777275 0.761580 1.036160 0.842025 0.866471 0.284389 0.907181 0.100000 1.716262 0.100000 0.563031 0.647862 1.455035 0.550712 0.284340 0.100000 1.169865 0.572972 0.100000 0.307053 0.732067 0.503074 0.525038 0.707734 0.100000 1.400963 0.100000 0.336029 0.379141 0.312857 0.921863 0.459281 0.230138 
1.707368 0.132108 0.292251 0.721039 0.175100 0.100000 0.337587 1.115780 0.435929 0.565594 0.100000 0.100000 1.121094 0.320042 0.522639 0.509458 0.100000 0.100000 0.100000 0.100000 0.684869 1.033368 0.858714 0.100000 0.100000 0.641558 0.359691 0.100000 0.484648 0.136949 1.135063 0.376723 0.100000 0.194036 1.232748 0.100000 0.396971 0.100000 0.100000 0.123462 0.124530 0.931785 1.155501 0.371773 0.100000 0.693240 0.538089 1.317179 0.602544 0.100000 1.282624 0.682450 0.660462 0.100000 0.283156 0.131421 0.204378 0.313013 0.896123 1.189752 0.214672 0.100000 1.119617 0.743532 0.100000 0.100000 0.100000 0.113957 0.100000 1.199828 1.435444 0.428807 0.229920 0.396011 0.622060 0.398022 0.100000 0.136014 0.100000 
0.798887 0.500550 0.100000 0.515673 0.278180 0.606349 0.392636 0.982152 1.043314 0.571100 0.227054 0.702153 1.060022 0.452982 1.350893 0.265003 0.458660 0.100000 0.674377 0.287842 0.100000 0.586375 0.706110 0.724758 0.448403 0.289909 0.802261 0.128347 0.182874 0.255891 0.925204 0.100000 0.100000 0.766331 0.886821 1.822533 0.100000 0.540236 0.964115 0.100000 0.607509 0.199768 0.240655 0.100000 0.100000 0.607646 0.421130 0.100000 0.719764 0.795277 0.393443 0.764379 0.530755 0.506808 0.567284 0.419920 0.592377 0.100000 0.100000 0.440119 0.100000 1.499224 0.975515 0.100000 0.419651 0.542940 0.458971 0.100000 0.546345 1.383051 0.150214 0.976007 0.543452 0.956331 0.100000 0.495980 0.335093 0.369079 0.651268 
