77 Number of operations
29 Number of workers
Standard production times
0.290051 0.119425 0.716550 0.190971 0.451519 0.100000 0.100000 0.336942 0.571636 0.414269 0.100000 0.116889 0.577166 0.526380 0.408052 0.219375 0.435065 0.438886 0.292950 0.555470 0.434268 0.311430 0.740981 0.584869 0.139028 0.323885 0.251275 0.312576 0.314710 0.676281 0.419674 0.326109 0.145356 0.602997 0.103788 0.342580 0.388635 0.242379 0.413542 0.192219 0.347265 0.507650 0.705652 0.791335 0.495640 0.423869 0.228507 0.247610 0.527861 0.409505 1.022967 0.293508 0.469117 0.314897 0.100000 0.751079 0.347161 0.569259 0.817347 0.505296 0.596762 0.100000 0.221035 0.466013 0.609718 0.669980 0.649135 0.261762 0.656215 0.254587 0.240166 0.399291 0.502519 0.366428 0.669267 0.276902 0.251393 
Production times: workers row and ops columns
0.100000 0.209959 1.120294 0.597238 0.556970 0.310890 0.390963 0.131838 1.720069 1.258517 0.412906 0.100000 0.607215 0.757591 0.750470 0.100000 0.934590 0.284801 0.475869 1.359224 0.315179 0.141016 0.984778 1.454406 0.173513 0.560506 0.100000 0.100000 0.100000 0.987563 0.633455 0.363113 0.100000 0.905074 1.296391 0.280638 0.226538 0.397756 1.644356 0.100000 0.100000 0.849775 0.721668 0.889470 0.949366 0.100000 0.636931 0.839696 0.425621 0.354083 1.730208 0.100000 0.805873 0.100000 0.100000 0.666192 0.100000 0.838233 1.012988 1.611253 0.515639 0.245589 0.275066 0.366246 0.726134 0.747676 0.945998 0.100000 1.071497 0.311196 0.100000 1.199032 1.739729 0.200265 1.057841 0.322077 0.158094 
0.661680 0.100000 0.719031 0.100000 0.261839 0.100000 0.641809 0.397845 0.898456 0.369691 0.550436 0.818133 0.686007 0.484581 0.100000 0.116344 0.456142 0.100000 1.282795 0.258461 0.928376 0.402982 1.202977 0.851455 0.100000 0.100000 0.321661 1.196376 0.100000 0.645420 0.538888 0.363495 0.314508 0.742036 0.715771 0.100000 0.815857 0.995804 0.675209 0.399874 0.638958 0.887381 0.911997 1.375254 0.100000 0.100000 0.100000 0.100000 0.100000 0.913201 0.268509 0.498893 0.438880 0.100000 0.403470 0.100000 0.100000 0.717041 0.933098 0.644313 0.941778 0.100000 0.100000 0.511392 1.190819 0.830871 1.319794 0.332599 1.524907 0.442472 0.979294 0.100000 0.275805 0.276931 0.352709 0.514215 0.100000 
0.477993 0.493450 0.122322 0.312776 0.100000 0.100000 0.335280 0.100000 0.846077 0.290511 0.100000 0.306735 0.519318 0.453070 1.292751 0.217766 0.101834 0.100000 0.160470 1.109111 0.100000 0.606881 0.759958 0.108507 0.100000 0.284363 0.646221 1.405664 0.100000 0.877204 0.100000 0.686225 0.891162 0.653586 0.652907 0.400158 1.049851 0.733958 1.042137 0.423505 0.100000 0.948844 1.073637 0.115654 1.057753 0.130667 0.958506 0.108571 0.746167 0.428616 1.768005 1.592403 0.287659 0.100000 0.577008 0.575391 0.897609 1.124710 0.693414 0.100000 0.679443 0.113772 0.100000 0.100000 1.050901 0.250569 0.309870 0.228817 0.100000 0.276526 0.100000 0.871750 0.540146 0.176185 0.484892 0.809710 0.288469 
1.121523 0.402303 0.741765 0.100000 1.364406 0.100000 0.100000 0.100000 0.485586 1.001382 0.359266 0.633233 0.958880 1.003012 0.190932 0.844932 0.297540 0.100000 0.469482 0.520034 0.100000 0.100000 1.454214 0.427976 0.953040 0.100000 0.100000 1.014749 0.254499 1.092396 0.319310 0.474471 0.100000 0.613503 0.100000 0.156672 0.184932 0.631396 0.530969 0.407266 0.469055 0.100000 0.415663 0.610512 0.655680 0.810811 0.100000 0.371365 0.100000 0.703042 0.890386 0.100000 0.100000 0.675277 0.110094 0.100000 0.475833 0.659695 1.372927 0.272485 1.536112 0.100000 0.660263 0.478744 0.528335 0.759846 0.100000 0.190577 1.059365 0.100000 0.100000 0.308929 0.442915 0.100000 0.136155 0.469344 0.100000 
0.916539 0.100000 1.007346 0.100000 0.667234 0.100000 0.100000 0.254056 0.921160 0.100000 1.886679 0.100000 0.712666 0.100000 0.577766 0.253024 0.536468 0.864789 0.252548 0.191663 0.561682 0.278041 1.062368 0.849993 0.862093 0.892180 0.100000 0.305002 0.255155 0.100000 0.301366 1.193822 0.100000 0.537452 0.100000 0.100000 1.203229 0.318747 0.100000 0.141245 0.371124 0.100000 1.264959 1.151265 1.184395 0.466267 0.100000 1.187658 0.646224 0.749595 1.019815 0.193358 0.574023 0.428986 0.770517 1.326850 0.100000 0.851187 1.765242 0.839403 1.068494 0.100000 0.530707 0.100000 1.092162 0.299253 1.308431 0.106927 0.100000 0.100000 0.100000 0.925858 0.955451 0.798558 0.329426 0.100000 0.100000 
0.122685 0.100000 0.679186 0.354261 0.100000 0.100000 0.100000 0.453524 0.801879 0.100000 0.352455 0.100000 1.184474 0.633471 0.628134 0.100000 0.403513 0.280520 0.100000 0.100000 0.288080 0.100000 1.041794 1.222763 0.499972 0.554491 0.100000 0.676843 0.970747 0.100000 0.801514 1.035608 0.100000 0.391339 0.100000 0.100000 0.272933 0.119159 0.797525 0.100000 1.982547 0.354130 0.513278 0.798930 0.100000 0.100000 0.100000 0.346915 0.392508 0.550129 0.395956 0.355070 0.100000 0.100000 0.328858 0.100000 0.478954 0.971307 1.284830 0.633535 0.482168 0.100000 0.854518 0.868565 1.089871 0.887455 0.989241 1.196204 0.731567 0.100000 0.877635 0.774658 0.907388 0.100000 1.498794 0.432438 0.359250 
0.100000 0.100000 0.361492 0.100000 0.508643 0.606878 0.100000 0.124613 0.981670 0.100000 0.100000 0.100000 1.205988 0.419289 0.100000 0.100000 0.100000 0.783143 0.100000 0.383308 0.886747 0.463538 1.468640 0.451054 1.162382 0.100000 0.154864 0.100000 0.416988 1.073171 0.433636 1.118481 0.759474 0.599515 0.164417 0.100000 0.402641 0.589604 0.621750 0.100000 0.768163 0.100000 1.026765 0.820139 1.033267 0.621654 0.113836 0.100000 0.660691 0.528185 0.218206 0.100000 0.417578 1.019579 0.100000 1.233713 0.222796 1.114092 0.364631 1.319509 0.100000 0.112764 0.915670 0.618104 1.343105 0.687773 1.157018 0.619601 1.522303 0.100000 0.100000 0.100000 0.335535 0.100000 0.407257 0.100000 0.749069 
0.116157 0.100000 1.052118 0.100000 1.147216 0.100000 0.100000 0.100000 1.029301 0.110794 0.557007 0.100000 2.068742 0.696518 0.100000 0.156686 0.898356 0.336523 0.488344 1.350016 0.908203 0.642517 0.678101 1.165882 0.100000 0.100000 0.100000 0.535462 0.100000 1.208658 0.982583 0.747400 0.100000 0.402020 0.100000 0.100000 0.100000 0.323101 0.142308 0.608099 1.106309 0.100000 0.938731 0.815384 0.100000 0.335483 0.333473 0.100000 0.100000 0.100000 1.017965 0.100000 0.100000 0.511817 0.325897 1.709071 0.100000 0.585144 0.231528 0.885996 0.381825 0.660320 0.941400 0.424373 0.100000 0.180124 0.853201 0.725137 1.638028 0.100000 0.100000 0.941861 0.656420 0.607699 1.432723 0.104926 0.100000 
0.422679 0.100000 0.792772 0.100000 0.100000 0.860459 0.396948 0.100000 1.126932 0.114112 1.632147 0.100000 0.611709 0.413456 0.100000 0.100000 0.100000 0.100000 0.492349 0.542907 1.062264 0.100000 1.228032 0.650915 0.100000 0.100000 0.289731 0.619886 0.327989 0.325243 0.454166 0.100000 0.376070 0.100000 1.001472 0.135175 0.374377 1.009532 0.100000 0.240780 0.100000 0.328766 0.616346 1.672837 0.991393 0.358212 0.100000 0.622203 0.381739 0.330601 0.830367 0.260261 0.484814 0.100000 0.100000 1.781166 0.100000 0.765449 0.725236 0.124359 0.312920 0.373382 0.100000 0.954727 0.100000 0.100000 0.370469 0.365248 0.814151 0.100000 0.100000 0.100000 0.581512 0.375698 0.925340 0.705975 0.228023 
0.100000 0.383245 0.625544 1.720362 0.100000 0.100000 0.571153 0.160146 0.842143 0.100000 0.100000 0.100000 0.703222 0.100000 0.616748 0.100000 0.100000 0.904455 1.583852 0.671866 0.100000 0.646490 0.100000 0.100000 0.731365 0.100000 0.805273 0.460795 0.544262 0.584140 1.212553 0.242401 0.113136 1.139826 0.714690 1.087171 0.195311 0.100000 0.435612 0.100000 0.180442 0.303466 0.630700 0.933391 1.733710 0.100000 1.218562 0.169607 1.118224 0.928129 1.273769 0.824713 0.354734 0.287978 0.100000 0.913598 0.124151 0.100000 0.775443 0.663085 0.634730 0.470049 0.100000 0.100000 0.422299 0.752204 0.845896 0.672289 1.444116 0.100000 0.668034 1.012714 0.698445 0.551801 1.205663 0.100000 0.353012 
0.642517 0.100000 0.372728 0.129137 0.394991 0.175654 1.359841 0.167419 1.712806 0.663560 0.100000 0.481095 0.663895 1.018072 0.268873 0.100000 0.100000 0.703989 0.455987 1.105723 0.386254 0.455658 1.557855 1.374014 0.100000 0.401162 0.100000 0.390231 0.609991 0.554845 0.961657 0.460948 0.738000 0.795302 0.100000 0.721289 0.574092 0.100000 0.100000 0.108756 0.113962 0.552821 1.003019 0.482089 0.100000 0.756066 0.235001 0.638876 1.659427 0.100000 0.576639 0.100000 0.100000 0.100000 0.947358 1.116886 0.716913 0.874891 0.692760 0.579952 0.100000 0.100000 0.100000 1.435075 1.125982 1.250670 1.103297 1.016710 0.878305 0.100000 0.342939 0.470767 0.177602 0.100000 0.100000 0.100000 0.465444 
0.884878 0.100000 1.473085 0.100000 0.206365 0.287127 0.702396 0.290567 1.556736 0.336131 0.100000 0.100000 0.487977 0.100000 1.012841 0.100000 1.017700 0.628793 0.733890 0.100000 0.614944 0.794187 0.777144 0.956783 0.100000 0.189865 0.573216 0.639886 0.464808 0.872625 0.246126 0.100000 0.793100 0.798056 0.100000 0.499968 0.558708 0.464937 0.476090 0.100000 0.540970 0.100000 0.301811 0.795844 0.613783 0.100000 0.100000 0.100000 1.427706 0.249288 0.488342 1.470954 0.100000 0.280223 0.859129 0.100000 0.100000 0.337122 1.056630 0.100000 1.281081 0.129662 0.197239 0.100000 0.984714 0.490269 0.434260 0.123198 1.596913 0.246279 0.891382 0.100000 0.100000 0.274103 1.016262 0.100000 0.226964 
0.154725 0.565693 1.244639 0.100000 0.348322 0.100000 0.351377 0.683934 0.100000 0.672934 0.843966 0.779615 0.329221 0.427531 0.353925 0.733753 0.100000 0.856552 0.100000 1.509359 0.100000 0.162441 0.634486 0.520127 0.671364 0.100000 1.031944 0.833362 0.100000 0.685584 0.200278 0.100000 0.100000 0.935461 0.226769 1.084427 0.353949 0.916874 1.093342 0.405086 0.390447 0.100000 1.343904 0.100000 0.440189 0.661244 0.877934 0.100000 0.100000 1.225895 0.603340 1.119465 0.394445 0.100000 0.100000 0.421207 0.454971 0.811311 1.555411 0.800994 1.521289 0.293501 0.100000 0.100000 0.971032 0.100000 0.163782 0.265232 1.045540 0.100000 0.581011 0.100000 0.100000 0.752215 1.204879 0.865893 0.552310 
1.206648 0.746874 0.100000 0.264077 0.780300 0.100000 0.283461 0.391778 1.365691 1.192186 0.201121 0.152457 0.253123 0.806844 0.972407 0.419504 0.328520 0.704506 0.998688 0.794556 0.875501 0.100000 0.653144 0.100000 0.100000 0.445873 0.473481 0.294493 0.100000 0.818163 0.621070 0.860643 0.100000 0.100000 0.100000 0.657925 0.405071 0.265709 0.915527 0.913124 0.100000 1.627450 0.233557 0.469141 0.365725 0.481340 0.100000 0.909915 0.345251 0.233940 0.948948 0.100000 0.100000 0.299182 0.409333 0.763297 0.100000 0.162545 0.967327 0.802702 0.814832 0.100000 0.100000 0.362648 0.459524 0.823329 1.090289 0.100000 0.100000 0.156061 0.100000 0.707653 0.100000 0.878997 0.770598 0.614769 0.100000 
0.299299 0.100000 0.713695 0.100000 0.100000 0.571043 0.406780 0.100000 1.319766 0.100000 1.249411 0.100000 0.100000 0.100000 0.334597 0.367249 0.630492 0.100000 0.172072 0.100000 0.707762 0.307789 0.621547 1.688586 0.861961 0.914821 0.100000 0.262174 0.100000 0.344188 0.112364 0.713495 0.100000 0.310864 0.319576 0.126038 0.221243 0.551000 0.100000 0.100000 0.100000 0.706110 0.100000 1.067331 0.245510 0.621735 0.100000 0.100000 0.156429 0.589263 1.037122 0.172565 0.445047 0.306674 0.378797 1.025207 0.538383 0.984610 1.897518 0.100000 1.574367 0.131220 0.331389 1.459654 0.621119 1.317964 0.373129 0.672767 0.220225 0.693719 0.515219 0.448370 0.100000 0.649953 0.862428 1.028496 0.100000 
0.446263 0.227741 0.356671 0.100000 0.363840 0.835139 0.100000 0.100000 1.346174 0.100000 0.598662 0.573863 0.100000 1.009006 0.528940 0.637127 0.100000 1.497501 0.131766 0.377846 0.627092 0.125985 1.227936 0.100000 1.048262 0.557286 0.100000 0.306771 0.300443 1.165011 0.100000 0.812090 0.357176 0.708744 0.385578 0.100000 1.101967 0.100000 0.741887 1.146856 0.601510 0.189709 0.453481 1.524441 0.516945 0.100000 0.407779 0.223924 0.996318 0.448116 1.345733 0.517745 0.854852 0.161071 0.455578 1.820943 0.546350 0.100000 1.066038 0.100000 0.372685 0.181454 0.100000 1.017470 0.100000 1.066866 0.100000 0.100000 0.203538 0.100000 0.498003 0.100000 0.842793 0.108471 0.996950 0.986173 0.694379 
0.100000 0.842993 0.888747 0.302008 0.100000 0.187860 0.100000 0.282912 0.813975 0.249045 0.137783 0.286596 0.513372 0.678026 0.685413 0.486328 0.370166 1.002545 0.239262 0.650967 0.519664 0.622881 0.984203 1.420292 0.100000 0.297011 0.100000 0.100000 0.638575 0.372874 0.100000 0.328560 0.237463 1.361179 0.158784 1.197820 0.471501 0.225328 0.329315 0.524903 0.614165 0.100000 0.945679 0.536410 0.100000 0.100000 0.787919 0.302159 0.100000 0.127498 1.876999 0.165677 1.145301 0.741678 0.146962 1.136600 0.100000 1.349682 0.100000 0.972249 0.435776 0.100000 0.422867 1.544189 0.100000 0.393845 1.118368 0.911940 1.519203 0.100000 0.455719 0.870456 0.100000 0.100000 1.040130 0.261697 0.217285 
0.851807 0.639489 0.792077 0.264163 0.687771 0.100000 0.734822 0.877092 0.648121 0.588680 0.297858 0.169878 0.100000 0.628275 0.558838 0.394936 0.405937 0.100000 0.100000 0.100000 0.129328 0.830100 0.296257 0.435668 1.014241 0.893333 0.100000 1.520559 1.119747 0.100000 1.221197 0.100000 0.552933 0.762446 0.157733 0.397062 0.100000 0.100000 0.743728 0.300980 0.715256 0.878024 0.337783 0.857433 0.100000 0.509557 0.100000 0.631242 0.100000 0.511199 1.930463 0.825661 0.736679 0.548707 0.700754 0.100000 0.100000 0.759600 1.168844 0.640849 0.100000 0.265928 0.400081 0.186474 0.609320 0.606927 0.423709 0.100000 0.895670 1.372203 0.615945 0.302068 0.100000 1.158006 0.642596 0.100000 1.353810 
0.100000 1.110767 1.768387 0.361524 0.712558 0.100000 0.230121 0.364808 0.479689 0.100000 0.211692 0.552543 0.273041 1.322394 0.581820 0.291176 0.714410 0.166404 0.118778 0.425832 0.367642 0.353975 1.329978 0.483869 0.100000 1.493800 1.609069 0.545040 0.100000 0.545092 0.461273 0.100000 0.100000 1.099700 0.100000 0.100000 0.100000 1.189024 0.611818 0.551751 1.331207 0.347691 0.978308 1.070324 0.100000 0.100000 0.798283 0.131494 0.888631 0.368392 1.642929 0.100000 0.444848 0.100000 0.299438 0.100000 0.100000 0.384139 1.432197 1.075833 0.854383 0.335429 0.100000 0.753298 0.342216 0.100000 0.100000 1.611874 1.271114 0.195710 0.345112 0.521911 0.597228 0.870324 0.718782 0.492555 0.100000 
0.756430 0.100000 0.785676 0.100000 0.698863 0.100000 0.100000 0.100000 0.587333 0.758110 0.117838 0.100000 1.076512 1.006264 0.100000 0.100000 0.100000 1.470898 0.100000 0.966059 0.762074 0.100000 0.631545 0.638036 0.447574 0.461816 0.728200 0.100000 0.100000 0.951884 0.439310 0.347375 0.100000 1.197879 0.100000 0.176663 1.054736 0.100000 0.100000 0.684112 0.477513 1.071038 1.132146 0.767146 0.634861 1.413967 0.402996 0.100000 0.588869 0.253219 0.736206 0.621293 1.095089 0.355199 0.809341 1.062252 0.100000 0.483566 1.251383 1.296075 0.354632 0.100000 0.100000 0.451176 0.100000 0.818245 0.785038 0.100000 0.922197 0.549283 0.100000 0.517442 0.100000 0.100000 1.042250 0.324724 0.203435 
0.181519 0.100000 0.728610 0.159019 0.219432 0.100000 0.100000 0.100000 0.115997 0.100000 0.100000 0.100000 0.328183 0.713450 0.100000 0.100000 0.959479 0.100000 0.100000 0.595030 0.100000 0.111665 0.246818 0.953811 0.185031 0.928947 0.100000 0.314692 0.253942 0.100000 0.863926 0.100000 0.100000 1.063635 0.100000 0.100000 1.159499 0.603622 0.626420 0.612190 0.100000 1.018348 1.056241 0.611948 0.657066 0.100000 0.628890 0.100000 1.207059 0.100000 0.981074 0.100000 0.254911 0.946202 0.321319 0.248335 0.100000 1.046540 1.277323 0.449427 0.791796 0.450165 0.840401 0.643404 1.222981 0.100000 0.449053 0.375218 0.100000 0.100000 0.203973 0.100000 0.477422 1.433401 1.295903 1.192596 0.100000 
0.100000 0.269407 0.179914 0.191995 1.676503 0.663638 0.100000 0.137568 1.400739 0.100000 0.389335 0.100000 0.278069 0.214127 0.562139 0.115057 0.100000 1.128583 0.627009 0.691250 0.100000 1.100839 0.218208 0.652377 0.100000 0.100000 0.223317 0.598465 1.396078 0.412796 1.096468 0.330594 0.289642 1.431755 0.100000 0.100000 0.893533 0.100000 0.389720 0.100000 0.304905 0.100000 0.560660 0.549403 0.509371 0.100000 0.465277 1.048216 0.794388 1.375145 0.669858 0.287006 0.100000 0.597341 0.518834 0.494757 1.231905 0.685314 0.887588 1.120132 0.100000 0.100000 0.100000 0.945976 0.569924 0.830574 0.378552 1.374007 1.130940 0.667040 0.428601 1.370247 1.559050 0.100000 1.115253 0.810432 0.100000 
0.100000 0.399482 1.303267 0.100000 0.258708 0.100000 0.100000 0.121971 1.714459 0.372931 0.634549 0.100000 0.151888 0.100000 0.100000 0.100000 0.100000 0.100000 0.701532 0.559317 0.293191 1.132512 1.077780 1.254721 0.244778 0.100000 0.100000 0.859890 0.100000 0.838960 0.503942 1.132823 0.438786 0.810723 0.179997 0.563280 0.609144 0.564395 0.755102 0.408414 0.100000 0.412402 0.780757 1.427133 1.139840 0.507225 1.120685 0.798243 0.100000 0.100000 1.531669 0.305913 1.418499 0.694825 0.321204 0.723615 0.100000 1.217441 1.103368 1.535725 0.424373 0.394324 0.192299 0.429532 1.128635 0.504433 1.037677 0.100000 0.100000 1.125110 0.100000 0.100000 1.258739 0.100000 0.720394 0.100000 0.100000 
0.996366 0.343671 0.314194 0.100000 0.763906 0.100000 0.583983 0.339031 0.576357 0.730865 0.191888 0.282684 0.486774 1.075937 0.768701 0.823095 0.564586 0.100000 0.517284 0.100000 0.814821 1.319848 0.100000 1.017788 0.217587 0.100000 0.100000 0.435288 0.875707 0.100000 0.867723 1.508845 0.100000 0.573575 0.100000 0.374254 0.269182 0.118969 0.214126 0.100000 0.254143 0.522830 0.771643 0.645877 0.458268 0.100000 0.100000 0.166729 0.685246 1.193132 1.567539 0.306019 0.100000 0.231567 0.159179 0.584592 0.384410 0.968765 0.799892 0.142013 0.516028 0.130323 0.788847 0.536114 0.582306 0.657530 0.671871 0.458022 0.100000 0.100000 0.714308 0.100000 0.651381 0.670173 0.314299 0.100000 0.100000 
0.100000 0.100000 1.389125 0.100000 0.100000 0.256364 0.434900 0.100000 0.368890 0.100000 0.100000 0.100000 0.478582 1.211320 0.100000 0.463478 0.474732 0.100000 0.161963 1.394244 0.619239 0.737633 0.333566 0.199259 0.810267 0.100000 0.100000 0.100000 0.775871 1.774614 0.100000 0.209581 0.100000 0.729410 0.100000 1.274837 0.100000 1.032506 0.716853 0.507262 0.113842 0.100000 0.100000 0.100000 0.221764 0.463695 0.100000 0.542678 0.100000 0.100000 0.423813 0.100000 1.558472 0.897337 0.100000 0.479271 0.757758 0.304066 0.906022 0.100000 0.100000 0.513592 0.398934 0.408129 1.612562 1.020240 1.753538 0.192027 0.130395 0.410559 0.100000 0.100000 0.336295 0.100000 0.947832 0.100000 0.100000 
0.100000 0.963916 0.292983 0.723148 0.861442 0.558523 0.242387 0.599617 0.144227 0.559021 0.100000 0.768389 0.100000 0.564861 0.100000 0.261974 0.947567 0.129236 0.572951 0.420717 0.590808 0.256326 0.428478 0.814586 0.165918 0.196634 0.100000 0.193340 0.100000 0.734653 0.100000 0.617864 0.100000 0.819081 0.277337 0.447593 0.100000 0.452890 0.250492 0.100000 0.100000 0.259107 0.568575 0.614508 0.125318 0.100000 0.662564 0.182627 0.100000 0.818260 1.480109 0.139573 0.100000 0.521837 0.292062 0.679184 0.100000 0.773621 0.636030 2.196726 0.807106 0.152327 0.100000 0.100000 0.151047 0.692712 0.217014 1.554867 0.618834 0.100000 0.100000 0.597940 0.187800 0.100000 0.952402 1.137211 0.100000 
0.438125 0.100000 1.443138 0.947641 0.993060 0.192721 1.007816 0.100000 0.681134 0.697942 0.557674 0.100000 0.100000 0.100000 0.100000 0.398412 0.773540 0.428814 0.100000 0.331716 1.047209 0.255403 0.900054 0.751156 0.876197 0.298695 0.425897 0.100000 0.100000 0.648976 0.353750 0.404475 0.808668 0.985992 1.109118 0.831606 0.209441 0.100000 0.100000 0.921983 0.803141 0.720005 0.991126 0.716074 1.130193 0.680630 1.706045 0.948573 0.120902 0.220203 0.377941 0.100000 0.559525 0.237997 0.337743 0.866785 0.383124 0.660143 0.675841 0.100000 0.100000 0.759209 0.409970 0.778844 0.543840 0.870949 0.631712 0.626222 1.316502 0.651692 0.100000 1.018747 1.158246 0.258846 0.785930 0.334474 0.626593 
0.100000 0.423380 1.445311 0.100000 0.718405 0.100000 0.100000 0.571302 0.100000 0.100000 0.447251 0.233862 0.573687 0.451410 0.379680 0.226400 1.109226 0.788624 0.215156 0.189951 0.349686 0.100000 0.115711 0.220987 0.428433 0.840068 0.155814 0.100000 0.355138 1.048452 0.981229 0.773954 0.100000 0.798586 0.514877 0.100000 0.100000 0.562832 0.626134 0.100000 0.521490 0.100000 0.581495 0.849348 0.587177 0.100000 0.558114 0.102154 0.205254 0.550442 0.833596 0.100000 0.594147 0.100000 0.100000 0.294207 0.100000 1.089173 0.231139 0.473008 0.509429 0.100000 0.582844 0.126465 0.316859 0.514793 0.875570 0.100000 1.091381 0.100000 0.361793 0.584398 0.430973 0.711753 0.745067 0.296696 0.100000 
0.100000 0.380235 0.100000 0.654872 0.465040 0.100000 0.100000 0.106224 0.846267 0.573987 0.100000 0.276559 0.123780 0.637183 0.553038 0.100000 0.100000 0.100000 0.100000 0.325230 0.852865 0.100000 0.814904 0.586591 0.322963 0.100000 0.445942 0.986270 0.797573 0.630549 1.304358 1.219359 0.100000 1.159232 0.187221 0.100000 0.360204 0.144631 0.605905 0.100000 0.344373 0.100000 0.957901 1.284943 1.358556 0.957236 0.100000 0.837287 1.234361 0.100000 0.465895 0.588196 0.260955 0.881434 0.269871 0.799062 0.100000 1.020548 0.835403 1.703334 1.442938 0.100000 0.201376 0.868623 0.680487 0.251615 0.304720 0.698495 0.623572 1.021637 0.100000 0.100000 0.524354 0.100000 0.705931 0.100000 0.890497 
