87 Number of operations
28 Number of workers
Standard production times
0.290051 0.119425 0.716550 0.190971 0.451519 0.100000 0.100000 0.336942 0.571636 0.414269 0.100000 0.116889 0.577166 0.526380 0.408052 0.219375 0.435065 0.438886 0.292950 0.555470 0.434268 0.311430 0.740981 0.584869 0.139028 0.323885 0.251275 0.312576 0.314710 0.676281 0.419674 0.326109 0.145356 0.602997 0.103788 0.342580 0.388635 0.242379 0.413542 0.192219 0.347265 0.507650 0.705652 0.791335 0.495640 0.423869 0.228507 0.247610 0.527861 0.409505 1.022967 0.293508 0.469117 0.314897 0.100000 0.751079 0.347161 0.569259 0.817347 0.505296 0.596762 0.100000 0.221035 0.466013 0.609718 0.669980 0.649135 0.261762 0.656215 0.254587 0.240166 0.399291 0.502519 0.366428 0.669267 0.276902 0.251393 0.603187 0.288969 0.487252 0.370662 0.404699 0.348340 0.767831 0.361202 0.714826 0.551380 
Production times: workers row and ops columns
0.100000 0.131201 0.231408 0.100000 0.318946 0.100000 0.100000 1.140920 1.144287 0.172476 0.609702 0.100000 0.100000 1.488311 0.186577 0.992137 0.100000 0.100000 0.100000 0.606621 0.100000 0.492048 0.272049 0.100000 0.100000 0.234257 0.130801 0.188726 0.230450 0.963136 0.100000 0.100000 0.504994 1.220197 0.100000 1.124905 0.100000 0.282443 0.428123 0.100000 0.100000 0.451389 0.339389 1.128242 0.278185 0.100000 0.292290 0.606581 0.722329 0.945226 1.612078 0.100000 1.327005 0.397264 0.351537 0.301152 1.163093 0.307979 0.531435 1.221090 0.175487 0.100000 0.199904 0.256497 0.361504 1.251443 0.441666 0.310471 0.336204 0.144174 0.516040 0.375098 0.329204 0.100000 0.673059 0.100000 0.296279 1.106778 0.100000 0.100000 0.242287 0.601489 0.100000 0.335922 0.100000 0.820015 0.489551 
0.439340 0.407920 0.517270 0.528798 0.167692 0.100000 0.196720 0.100000 0.626968 1.126086 0.100000 0.280452 0.787228 0.373053 0.318019 0.100000 0.184785 0.100000 0.100000 1.089020 0.974232 0.399430 0.804565 0.100000 0.100000 0.100000 0.297850 0.100000 0.428639 1.554478 0.100000 0.145070 0.151943 0.790157 0.100000 0.203527 0.547559 0.100000 0.392572 0.821189 0.661439 0.100000 1.099641 0.262776 0.766719 0.883574 0.253874 0.848287 0.484852 0.335437 1.092530 0.100000 1.634188 0.161764 0.100000 0.100000 0.224435 0.570748 0.683473 0.303405 0.675398 0.269468 0.100000 0.817546 0.446988 0.350106 0.977923 0.569857 0.144331 0.273013 0.100000 0.100000 1.061698 0.100000 0.575165 0.100000 0.503743 0.100000 0.811784 0.224979 1.096361 0.752559 1.181056 0.236801 0.100000 1.267465 0.892833 
1.491697 0.251425 0.681449 0.100000 0.407927 0.245267 0.100000 0.989500 0.479460 1.095031 0.143777 0.616537 0.974743 0.599972 0.973356 0.100000 0.389375 1.138391 0.909682 0.533024 0.100000 0.514261 0.100000 0.532044 0.463405 0.100000 0.204622 0.830854 0.100000 1.215377 0.100000 0.299313 0.888988 0.610746 0.100000 0.450180 0.100000 0.678344 0.100000 0.285311 0.100000 0.399440 1.676941 0.819945 0.100000 0.100000 0.100000 0.100000 0.733536 0.527864 1.435479 0.100000 0.797409 1.061457 0.506113 1.621831 0.100000 1.072204 1.373008 0.318745 0.621987 0.242490 0.100000 0.592979 1.066771 1.460132 0.492440 0.100000 0.829177 0.377034 1.155292 0.444258 0.598636 0.100000 0.918718 0.706815 0.805102 0.687594 0.100000 0.935249 0.287187 1.531644 0.555237 1.254936 0.100000 1.032188 1.330872 
0.294734 0.100000 1.141427 1.279661 0.337766 0.100000 0.100000 0.100000 0.628538 0.411496 0.622983 0.479085 0.424321 0.799724 0.155310 0.261124 1.055617 0.100000 0.879514 0.108686 0.603412 0.100000 0.176985 0.620432 0.104226 0.212194 0.100000 0.100000 0.100000 0.861077 0.180066 0.486302 0.100000 0.100000 0.100000 0.862731 0.100000 0.963499 0.847118 0.100000 0.723913 0.762145 0.764064 0.137495 0.314591 0.627443 0.100000 0.167124 0.319561 0.608806 0.343689 1.323226 0.100000 0.100000 0.100000 0.681631 0.100000 0.387272 0.870623 0.789652 0.407255 0.479949 0.415284 0.100000 0.100000 0.883236 0.627027 0.785243 1.064779 0.100000 0.352564 0.770998 0.100000 0.100000 1.768935 0.100000 0.616199 1.261703 0.122548 0.100000 0.523401 0.728838 0.100000 0.854914 0.100000 0.514823 0.499755 
0.203042 0.716962 0.526089 0.100000 0.100000 0.257057 0.970913 0.311881 1.211238 0.952880 0.355402 0.100000 1.409604 1.073265 0.100000 0.235215 0.100000 0.100000 0.100000 0.676665 1.085388 0.100000 1.075603 0.513422 0.100000 1.073857 0.100000 0.100000 0.280237 0.372728 0.646636 0.223589 0.100000 0.391365 0.660791 0.100000 0.275976 1.063751 0.208872 1.056753 0.100000 0.680231 1.078422 1.027995 1.480940 1.058455 0.899652 0.484806 0.793387 0.527466 1.050879 0.100000 0.100000 0.984932 0.100000 0.100000 0.940750 0.650924 0.525944 0.890757 1.222768 0.100000 0.100000 0.762862 0.192671 0.583806 0.221203 0.100000 0.707716 0.891175 0.100000 0.251556 0.893918 1.173460 0.558294 0.220063 0.100000 1.289402 0.396207 1.374735 0.240680 0.100000 0.100000 0.486531 0.514987 0.266718 0.169696 
0.258325 0.945619 1.503048 0.100000 0.100000 0.407401 0.100000 1.143702 0.200201 0.100000 1.094564 0.100000 0.532907 0.446130 0.706598 1.250121 0.327356 0.752276 0.339993 0.774946 0.819214 0.527317 0.162281 0.234647 0.185521 0.876836 0.157754 1.258600 0.100000 0.837359 0.925078 0.948957 0.205371 0.189257 0.690417 0.714579 0.100000 0.100000 0.496575 0.558147 0.100000 0.666477 0.100000 0.996558 0.136092 0.100000 0.100000 0.100000 0.725785 0.523001 0.975792 0.100000 0.497996 0.183228 0.100000 0.100000 0.450066 0.417439 0.100000 1.258679 0.256049 0.387311 0.100000 0.359425 0.343569 0.841023 0.100000 0.100000 1.995036 0.613738 0.198827 0.142452 0.440211 0.147044 0.100000 0.461277 0.100000 0.759199 0.388927 0.664473 1.112879 0.266027 0.100000 2.076847 0.100000 0.100000 0.620406 
0.100000 0.453297 0.540225 0.100000 0.100000 0.105040 0.767144 0.459299 0.754543 0.172704 0.737492 0.100000 1.078126 0.774070 0.501438 0.807213 0.426642 1.468347 0.100000 0.574428 0.572267 0.470259 0.628881 0.641274 1.364172 0.100000 0.645753 0.369887 0.100000 0.768382 0.378508 0.100000 0.100000 0.187646 0.100000 0.332787 0.183885 0.371768 0.832585 0.279555 1.033985 1.105689 0.839702 1.567522 0.100000 0.423668 0.381690 0.100000 1.300272 0.123183 1.355322 0.401312 0.100000 0.672210 0.343862 0.100000 0.886768 0.828128 0.470854 0.358029 1.128541 0.337240 0.100000 0.160559 0.100000 0.602243 1.328621 0.100000 0.270949 0.219307 0.774280 0.100000 0.864820 0.564742 0.962731 0.478143 0.141212 1.036779 0.100000 0.100000 0.106467 0.198545 0.634841 0.424839 0.100000 0.182524 1.340734 
0.741693 0.100000 0.359684 0.121601 0.609112 0.100000 1.009018 0.100000 0.100000 0.686989 0.296211 0.100000 0.647424 0.951932 0.854021 0.606590 0.219086 1.000191 0.100000 0.100000 0.344155 0.100000 0.100000 0.155737 0.705828 0.907911 0.243970 0.213772 0.170628 0.201009 0.231631 0.100000 0.771992 0.660410 0.100000 0.261184 0.100000 0.430404 1.322064 0.606979 0.100000 0.837775 0.651174 0.372053 0.474188 0.100000 0.102418 1.218425 0.864223 0.337222 1.222213 0.829225 0.481128 0.693007 0.100000 0.526570 0.100000 1.215085 1.144275 0.407590 1.259426 0.100000 0.472597 0.942607 0.760332 0.579054 1.143142 0.622953 0.421574 0.100000 0.145937 0.769647 0.100000 0.330244 0.306444 0.322411 0.100000 0.829689 0.243133 0.100000 0.423999 0.100000 0.100000 1.016346 0.308227 1.062370 0.477637 
0.537314 0.625661 0.734678 0.100000 0.942819 0.895327 0.100000 0.335901 0.100000 0.306946 0.305159 1.055233 0.760958 1.225097 0.833815 0.471366 0.750602 0.459472 0.841085 0.145280 0.100000 0.329481 1.201149 0.100000 0.100000 0.426322 0.100000 0.241990 0.100000 0.701181 0.153747 1.094094 0.684051 0.100000 0.759837 0.775470 0.262637 0.660982 1.012622 0.143385 0.171941 0.734087 0.100000 1.678998 1.082624 1.533389 0.708328 0.100000 0.100000 0.463466 1.701394 0.906088 0.100000 0.100000 0.349179 0.219727 0.100000 1.163321 0.837166 0.165263 0.881521 0.100000 0.847264 1.141804 0.293483 0.626211 0.100000 0.373689 0.882531 0.615835 0.226983 0.783622 0.395880 0.100000 0.597337 0.841291 0.100000 0.225610 1.247541 0.342347 0.100000 0.877089 0.100000 0.587145 1.584812 0.883108 0.770078 
0.100000 0.690784 0.998291 0.928018 0.822107 1.159664 0.360955 0.203227 0.100000 0.382587 0.100000 0.100000 0.791927 1.015825 1.205208 0.100000 0.211590 0.612454 0.100000 0.450958 0.100000 0.452798 0.914047 0.100000 0.235209 0.816462 0.600564 0.944094 0.198816 1.016301 0.333356 0.319034 0.100000 0.614549 0.826921 0.314143 1.053642 0.471754 0.731478 0.100000 0.248698 0.100000 0.680830 0.585263 1.019043 0.590926 0.428868 0.783074 0.700027 0.340782 1.078017 0.769130 0.358926 0.298047 0.397886 1.119425 0.100000 0.100000 0.739850 0.100000 0.970130 0.237349 0.100000 0.901385 1.466266 0.881407 0.605255 0.273756 0.100000 0.651140 0.100000 0.100000 0.100000 0.100000 0.866475 0.100000 0.672609 0.100000 0.286740 0.491249 0.235505 0.100000 0.131097 0.266331 0.295923 0.976423 0.100000 
0.100000 0.515762 1.253908 0.100000 0.564620 0.780194 0.959078 0.100000 0.472152 0.337536 1.507247 0.100000 0.372539 0.169715 0.100000 0.299894 1.101350 0.100000 0.229085 0.170124 0.100000 0.100000 1.504712 1.221795 0.551859 0.176078 0.167942 0.267478 0.100000 0.327882 0.100000 0.549280 0.100000 0.990284 0.100000 0.100000 0.100000 0.368034 0.724821 1.564062 0.100000 0.100000 2.203403 0.864449 1.278058 0.100000 0.421560 0.631763 1.235615 0.100000 1.789117 0.160467 0.559420 0.727927 0.100000 0.746067 0.919772 0.100000 1.362482 1.242686 0.100000 0.100000 0.221914 0.148638 1.240360 1.152564 0.997661 1.149191 0.100000 0.520808 0.100000 0.241316 0.654105 1.274618 0.471801 0.975106 0.100000 0.716760 0.307516 1.295443 0.657087 0.275425 1.096891 0.553656 1.049709 1.084264 0.272232 
0.707086 0.100000 0.922437 0.100000 0.267701 0.100000 0.100000 0.249373 0.751457 0.381618 0.100000 0.192158 0.240917 0.920913 0.626494 0.100000 0.281438 0.352587 1.236623 1.008657 0.310379 0.100000 0.434199 0.100000 0.350921 0.475877 1.085311 0.646171 1.069570 0.812358 0.512764 0.553670 0.100000 0.948582 0.100000 0.100000 0.388803 0.118947 0.791798 0.100000 0.207549 0.672654 1.090415 0.958500 0.100000 0.779783 0.189379 0.100000 0.100000 0.813257 0.923451 0.344415 0.100000 1.399082 0.100000 1.693462 0.557657 0.257231 1.469504 0.930614 0.100000 0.100000 0.425571 0.653325 0.100000 0.452503 1.375324 0.249428 1.228427 0.100000 0.195851 0.100000 0.669554 0.100000 1.202911 0.100000 0.100000 0.502421 0.117558 1.174398 0.100000 0.100000 0.100000 0.100000 0.337647 2.187987 0.100000 
0.100000 0.100000 1.015185 0.100000 0.537497 0.193173 0.139961 0.100000 1.106641 0.267472 0.100000 0.919157 0.790593 0.100000 0.100000 0.775062 0.382708 0.393427 0.318328 0.699387 0.298059 0.100000 0.915158 0.100000 0.210865 0.524653 0.100000 0.314115 1.467415 0.710030 0.776171 0.239282 0.199123 1.205072 0.100000 0.646794 0.100000 0.100000 0.177396 0.100000 0.493327 0.461602 0.100000 0.191858 0.912240 0.580060 0.100000 1.087536 0.153008 0.287217 1.750286 0.100000 0.720641 0.100000 0.551519 0.539574 0.100000 0.513513 0.857742 0.185129 0.435324 0.100000 0.505366 0.387879 0.100000 0.100000 0.100000 0.100000 0.180036 0.518433 0.733612 0.363970 0.784987 0.875800 0.957296 0.284977 1.360695 0.730309 0.100000 0.552578 0.140861 0.746398 0.100000 1.394211 0.100000 1.031572 1.371499 
0.710504 0.302316 0.997524 0.448529 0.100000 0.875966 0.100000 0.397724 1.116182 0.334974 0.810303 0.179657 0.726306 0.231185 1.201950 0.504751 0.100000 0.972356 0.261500 0.696652 1.016049 0.417026 0.443767 1.267389 0.578060 1.075961 0.100000 0.884582 0.100000 0.324719 0.100000 0.100000 0.474874 0.798451 0.842192 0.850782 0.619125 0.620325 0.558762 0.100000 0.210536 1.124054 0.780737 0.315421 0.677152 0.961845 0.100000 0.100000 0.100000 0.100000 1.013495 0.571696 0.257502 1.083848 0.716111 1.915528 0.952586 0.543376 0.100000 0.494894 0.459866 0.747286 0.285572 0.352514 0.209832 0.214134 0.248519 0.226372 0.874858 0.100000 0.100000 0.858127 1.525952 0.630732 0.214257 0.135122 0.396964 0.839383 0.352562 0.706302 0.100000 0.884130 0.157518 1.052974 0.100000 0.610397 0.883271 
0.100000 0.129745 1.032548 0.146405 1.647338 0.894182 0.100000 0.534681 1.151983 0.469184 0.825068 0.425904 0.226617 0.923763 0.792953 0.256428 0.100000 0.498371 0.100000 0.100000 0.981528 0.292872 1.246851 0.141861 0.141440 0.411490 0.100000 0.100000 0.100000 1.657552 0.243153 1.467180 0.100000 0.375868 0.440485 1.122566 0.100000 0.976799 0.123385 0.100000 0.338786 0.750999 1.421127 0.100000 0.279324 0.686830 0.100000 0.227123 0.942348 0.719541 0.100000 0.168807 0.100000 0.330672 0.777395 0.292482 0.382232 0.100000 0.736998 0.100000 0.100000 0.100000 0.100000 0.688511 0.264078 0.827641 0.746370 0.419624 0.100000 0.824760 1.552850 0.100000 1.023738 0.842541 0.945616 0.321136 0.100000 1.200778 0.825729 0.700322 0.100000 0.100000 0.216070 1.039027 0.674114 1.082147 0.100000 
0.703587 0.100000 0.963966 0.100000 0.442179 0.100000 0.100000 0.100000 0.904045 0.606051 0.100000 0.100000 1.440451 0.923977 0.100000 0.100000 0.525987 1.783372 0.100000 0.100000 0.100000 0.172290 0.100000 0.498053 0.100000 0.368939 0.100000 0.100000 0.484252 0.690032 0.205464 0.100000 0.100000 0.100000 0.100000 0.100000 0.426111 0.150282 0.323336 0.100000 0.100000 0.343713 0.360184 0.100000 0.100000 0.515868 0.835220 0.303512 0.582921 0.266926 0.589577 0.254644 0.100000 0.643058 0.100000 0.942880 0.357852 0.780528 1.003320 1.370432 0.961857 0.389890 0.337539 0.100000 0.379005 0.723994 0.560091 0.510638 0.690502 0.100000 1.235002 1.362244 1.073324 0.420243 0.668553 0.284670 0.625556 0.105840 0.752295 1.524682 0.761493 1.581187 0.990156 0.469836 1.671405 0.318705 0.905417 
0.100000 0.100000 0.534460 0.100000 0.165639 0.100000 0.126186 0.871394 0.100000 0.100000 1.173226 0.264424 0.707322 0.716588 0.100000 0.100000 0.288255 0.416890 0.324243 0.100000 0.141235 0.579654 1.443499 0.692836 0.100000 0.100000 1.134630 0.491057 0.738141 0.165306 0.100000 0.100000 0.100000 1.500876 0.100000 0.853767 0.421374 0.100000 1.022567 0.883467 0.100000 0.466300 0.836237 1.747286 1.150006 0.100000 0.494918 0.335743 0.352837 0.572081 1.063094 0.100000 0.836375 0.681430 0.247404 0.605677 0.848268 0.750342 1.780480 0.606078 0.562088 0.100000 0.594342 0.483793 0.792281 0.281330 0.489216 0.100000 0.305339 0.959515 0.734659 1.265611 0.913044 0.100000 0.274191 0.299518 0.100000 0.765564 0.100000 0.611510 0.431596 0.525121 0.202030 0.657955 0.100000 0.300803 0.549113 
0.740551 0.100000 0.698533 0.100000 0.100000 0.100000 0.100000 0.100000 1.241912 0.518662 0.516914 0.100000 0.466344 0.340362 0.554385 1.108648 0.100000 1.048481 0.574942 0.249876 0.288658 0.825121 0.869002 0.988861 0.304801 0.100000 0.346249 0.100000 0.897388 1.249716 0.890576 0.100000 0.100000 0.426315 0.100000 0.100000 0.429776 0.234388 0.100000 0.100000 0.431132 1.191268 0.100000 0.844964 0.319769 0.494797 0.211214 0.100000 0.593565 1.146676 1.628766 0.689078 0.100000 0.560108 0.100000 1.002190 0.207067 1.418313 1.177427 0.406098 0.415363 0.134007 0.595496 0.100000 0.899786 0.787646 0.654591 0.333446 1.331664 0.100000 0.161405 0.419149 0.912124 0.100000 0.254515 0.100000 0.100000 0.812995 0.137144 0.100000 0.156394 0.100000 0.236242 1.356908 0.766404 0.636521 0.458965 
0.100000 0.100000 0.276921 0.339166 0.422392 0.100000 0.201797 0.100000 1.451208 0.575092 0.126469 0.100000 0.602408 0.763117 0.100000 0.100000 0.748660 0.574302 0.100000 0.159638 0.100000 0.111693 0.584860 1.131482 0.346352 0.355921 0.539097 0.100000 0.100000 1.529991 0.199593 0.100000 0.220223 0.575125 0.459005 1.213744 0.716217 0.100000 0.467260 0.362861 0.945528 0.100000 1.434832 1.435269 0.186438 0.204485 0.442016 0.702415 0.418560 0.120449 0.822887 0.770025 0.189472 0.100000 0.141624 0.100000 0.960079 0.665438 0.555643 0.100000 0.599346 0.338119 0.282134 0.388781 0.474518 1.380337 0.211586 0.192139 0.509070 0.569099 0.100000 0.100000 1.063962 0.753919 0.100000 0.100000 0.100000 0.104523 0.189634 0.734628 0.721972 0.100000 0.100000 0.315515 0.943833 1.180349 0.482789 
0.100000 0.105008 0.430599 0.473892 1.233725 0.509669 0.350836 0.282041 0.269965 0.369864 0.100000 0.623723 0.310527 0.695936 1.063585 0.460706 0.583898 0.488122 0.918157 1.468636 0.513466 0.850847 0.100000 1.150526 0.100000 0.185866 0.828886 0.338310 0.654329 0.912836 0.372632 0.806911 0.100000 1.015023 0.242995 0.393739 0.100000 0.100000 0.483140 0.100000 0.100000 0.217559 0.390202 1.978552 1.191148 1.102898 1.371283 0.100000 1.298625 0.128848 1.538258 0.100000 0.459064 1.100708 0.100000 0.500545 0.100000 0.794889 1.285626 1.724576 0.798432 0.720706 0.755701 0.551387 0.336720 0.868705 0.100000 0.142603 0.786408 0.100000 0.730076 0.908877 0.655375 0.693948 0.387756 0.100000 0.970144 0.695629 0.453760 0.319470 0.305285 1.004969 0.389169 0.850344 0.828443 1.349439 1.195700 
0.476564 0.418880 0.234517 0.671173 0.100000 0.100000 0.100000 0.593551 0.808757 0.100000 0.100000 1.083528 0.817657 0.100000 0.770730 0.100000 0.100000 1.583878 0.950372 0.712154 0.898067 0.192626 1.184393 0.100000 0.100000 0.164463 0.361459 0.100000 0.941253 0.680374 0.236827 0.387315 0.698503 1.523452 0.100000 0.702424 1.155695 0.520528 0.133863 0.100000 0.100000 0.665084 0.555158 1.649868 0.673214 0.810340 0.806602 1.211323 0.524189 0.406459 0.815745 0.638407 0.421084 0.100000 0.100000 0.696579 0.429477 0.687279 1.593920 0.231373 0.633403 0.100000 0.178281 0.363877 0.630672 0.568498 1.071942 0.100000 0.434504 0.100000 0.844836 0.326896 0.627429 0.737150 0.744985 0.100000 0.188892 0.649592 0.100000 1.307229 0.102399 0.721645 0.100000 0.857317 0.462593 0.929928 1.145065 
0.133432 0.387859 0.723444 0.100000 0.620333 0.383755 0.100000 0.100000 0.431800 0.742726 1.134924 0.284224 0.904197 0.439213 1.160951 0.100000 0.100000 1.297444 0.450055 0.413499 0.433116 0.930758 0.919948 0.213595 0.440739 0.344389 0.100000 1.398637 0.823683 1.184921 0.329301 0.787511 0.100000 0.667109 0.100000 0.100000 0.549307 0.398747 0.100000 0.255335 0.317988 1.652253 0.211637 0.100000 1.164870 0.374759 0.861633 0.100000 0.450551 0.971630 2.128195 0.138958 0.100000 0.401682 0.550823 0.523472 1.001933 0.960397 1.674640 0.329334 1.597231 0.678443 0.651975 1.371286 0.171306 0.127622 0.169434 1.229701 0.748688 0.100000 0.100000 0.550612 0.499703 0.363944 1.197030 0.734080 0.284045 0.100000 0.100000 1.240355 0.100000 0.795392 0.100000 0.657615 0.662462 0.358208 0.918087 
0.100000 0.109599 0.188043 0.100000 0.730976 0.544548 0.642788 0.209898 0.243089 0.372644 0.873075 0.100000 1.019433 0.430319 0.611014 1.007354 0.163155 0.685757 0.499178 0.624093 0.100000 0.183184 0.554634 0.665944 0.100000 0.100000 1.134037 0.410690 1.113775 0.717233 0.771326 1.105276 0.100000 0.100000 0.180522 0.628165 0.100000 0.430098 0.361207 1.192750 1.310913 0.743164 0.641573 0.100000 0.621060 0.301085 0.100000 0.100000 0.100000 0.711824 1.546981 0.352596 1.882654 0.517463 0.401231 1.351205 0.100000 0.670853 0.674140 0.910758 0.370748 0.872180 0.336256 0.319871 0.673667 1.483127 1.102227 0.500971 0.100000 0.229765 0.100000 0.562149 0.127597 0.339217 0.100000 0.100000 0.302905 0.560335 0.100000 0.125858 0.100000 0.535783 0.163072 0.224050 0.362614 0.939389 0.677491 
1.585502 0.555666 0.100000 1.369628 0.607140 0.344984 0.100000 0.100000 0.392088 0.942067 0.100000 0.100000 0.255794 0.287141 1.030271 0.514173 1.102893 0.100000 0.284744 0.100000 0.829070 0.801124 0.309972 0.958136 0.100000 0.320351 0.100000 0.203915 0.500265 1.209581 0.997666 0.249912 0.460264 0.139028 0.100000 0.878113 0.100000 0.100000 1.242923 0.479182 0.100000 0.543662 0.367289 1.282576 0.100000 0.832848 0.361293 0.379712 0.925349 0.844944 1.188972 0.439482 1.133127 0.197816 0.864129 1.266699 0.100000 0.100000 0.670335 0.900976 1.120079 0.100000 0.180149 0.581532 0.892084 0.659229 0.100000 0.100000 0.761395 0.349353 0.458474 0.442902 0.544186 0.583894 1.427187 0.100000 0.736838 0.927032 0.181316 1.786785 1.471802 0.100000 0.100000 0.677403 0.583373 0.733605 0.390896 
0.100000 0.589425 0.518881 0.100000 0.468079 0.160577 0.455944 0.100000 0.465014 0.743745 0.768781 0.100000 0.244285 1.011665 0.792202 0.100000 0.265985 0.218183 0.100000 0.100000 0.302155 1.046907 0.703948 0.100000 0.100000 0.234926 0.100000 0.104640 0.100000 0.812619 0.100000 0.100000 0.100000 0.100000 0.100000 0.911698 0.716840 0.395208 1.435084 0.835628 0.559915 0.607574 0.723874 0.553709 0.414273 0.109212 1.038189 0.100000 0.100000 0.100000 0.774444 0.100000 0.100000 0.100000 0.100000 0.589555 0.100000 0.864674 0.100000 0.612739 0.272719 0.100000 0.634285 0.225467 0.100000 0.111920 0.472815 0.100000 1.080945 0.100000 0.887229 0.277415 1.100441 0.556591 0.100000 0.698301 0.580736 0.337643 0.676461 0.368932 0.762827 0.501941 0.587774 0.287897 0.100000 0.860074 0.536755 
0.100000 0.100000 0.770470 0.326113 0.405349 0.544956 0.100000 0.390516 0.100000 0.647645 0.100000 0.100000 1.033824 0.245311 0.571623 0.373135 0.712423 0.481209 0.100000 0.256951 0.714522 0.839085 0.449110 0.282498 0.885488 0.631391 0.492620 0.100000 0.171554 0.381789 0.100000 0.100000 0.100000 0.960762 0.719295 0.250470 0.225167 0.572033 0.681796 0.100000 0.607179 1.170682 0.100000 0.858073 0.190764 1.159787 0.517293 0.220470 0.359729 0.100000 0.399655 1.216643 0.100000 0.452429 0.375542 0.846661 0.427492 1.072466 1.459654 0.100000 0.100263 0.222142 0.107900 0.914350 0.590631 0.253560 0.939638 0.902372 0.363377 0.215516 0.194008 0.931924 0.100000 0.667037 0.837923 0.318326 0.100000 0.767713 0.100000 0.100000 0.793775 1.051458 0.394653 0.465743 1.106966 0.567628 0.800528 
0.100000 0.100000 0.622709 0.330557 1.179805 0.306792 0.598425 0.100000 1.098235 0.317662 0.100000 0.298665 0.100000 0.974511 0.100000 1.257006 0.215854 0.100000 0.416075 1.190424 0.100000 0.746113 0.157405 0.379883 0.100000 0.100000 0.161237 0.402554 0.100000 0.100000 0.866793 0.273365 0.100000 0.757991 1.103329 0.451820 0.100000 0.100000 0.100000 0.528749 0.713728 1.129584 0.405637 0.312565 1.184517 0.482785 0.151920 0.100000 0.171855 0.100000 1.909384 0.100000 0.100000 0.263916 0.100000 0.336298 1.625075 0.356517 0.511299 0.683293 0.479204 0.100000 0.193612 1.296476 0.641477 0.913167 1.244286 0.100000 1.542530 0.218515 1.085744 0.480033 0.100000 0.695058 0.360616 0.149103 0.636381 0.776400 0.710841 0.124683 0.449088 0.100000 0.429632 0.891264 0.100000 1.251656 0.460645 
0.100000 0.100000 0.994268 0.908886 0.452942 0.841227 0.100000 0.294956 0.636935 0.564355 0.100000 0.100000 1.164855 0.386554 0.100000 0.224855 0.470236 0.100000 1.185564 0.134519 0.172996 0.100000 0.613485 0.100000 0.100000 1.146935 0.429550 0.616170 0.100000 0.643241 0.304515 1.472997 0.100000 0.532199 0.100000 0.540126 0.583362 0.457952 1.269505 0.786672 0.100000 0.528280 1.116627 1.692627 0.115564 1.046594 0.161883 0.312628 0.100000 0.100000 0.203219 0.417115 1.218615 0.625931 0.100000 1.382294 0.152546 0.675491 0.100000 0.551683 0.100000 0.915913 0.678560 0.100000 0.321482 0.521270 0.100000 0.260244 0.963282 0.965460 0.142338 0.100000 0.100000 0.133625 0.314975 0.100000 0.450754 1.202028 0.275160 0.846879 0.650696 0.546058 0.328687 1.255616 0.196434 1.132855 0.463669 
