86 Number of operations
23 Number of workers
Standard production times
0.290051 0.119425 0.716550 0.190971 0.451519 0.100000 0.100000 0.336942 0.571636 0.414269 0.100000 0.116889 0.577166 0.526380 0.408052 0.219375 0.435065 0.438886 0.292950 0.555470 0.434268 0.311430 0.740981 0.584869 0.139028 0.323885 0.251275 0.312576 0.314710 0.676281 0.419674 0.326109 0.145356 0.602997 0.103788 0.342580 0.388635 0.242379 0.413542 0.192219 0.347265 0.507650 0.705652 0.791335 0.495640 0.423869 0.228507 0.247610 0.527861 0.409505 1.022967 0.293508 0.469117 0.314897 0.100000 0.751079 0.347161 0.569259 0.817347 0.505296 0.596762 0.100000 0.221035 0.466013 0.609718 0.669980 0.649135 0.261762 0.656215 0.254587 0.240166 0.399291 0.502519 0.366428 0.669267 0.276902 0.251393 0.603187 0.288969 0.487252 0.370662 0.404699 0.348340 0.767831 0.361202 0.714826 
Production times: workers row and ops columns
0.100000 0.308207 0.777461 0.755713 1.050978 0.192578 0.100000 0.100000 0.783383 0.452939 0.100000 0.138688 0.267165 0.875396 0.184488 0.831629 0.636810 0.735675 0.100000 0.640161 0.804546 0.100000 0.607871 0.601176 0.100000 0.481465 0.674355 0.100000 0.489983 0.100000 0.400326 0.100000 0.706065 0.807448 0.100000 0.100000 1.025513 1.225930 0.100000 0.810301 1.161090 0.676656 0.106018 1.223008 0.405180 0.121909 0.100000 0.522879 0.924264 0.100000 1.283255 0.100000 0.870047 0.338181 0.100000 0.700206 0.781604 0.944465 1.082079 0.574146 0.635672 0.409190 0.337282 0.807288 0.454660 0.100000 1.168547 1.355252 0.876897 0.204510 0.171944 0.339764 0.511224 0.100000 0.410720 0.100000 0.375792 0.454867 0.536575 0.399900 0.863830 0.511466 1.443689 0.100000 0.100000 1.165570 
1.554214 0.100000 0.738385 0.100000 1.117247 0.100000 0.440035 0.177041 0.100000 0.571042 0.351592 0.763502 0.521942 0.217699 0.689433 0.339744 0.575397 0.402330 0.873119 0.740217 1.386597 0.866958 1.070506 0.100000 0.440187 0.534026 0.656750 0.834797 0.114271 1.088284 0.138521 1.303548 0.100000 0.100000 0.100000 0.100000 0.100000 1.220418 0.250292 0.100000 0.904456 0.214388 0.100000 1.229255 0.807321 0.206391 0.932277 0.312161 1.336336 0.660876 1.802369 0.348209 0.100000 1.539581 0.100000 0.651660 0.100000 0.467562 0.938681 0.606211 0.927272 0.996079 0.160803 0.100000 0.100000 0.337103 0.100000 0.674277 0.407108 0.100000 0.239221 0.100000 0.100000 0.703784 0.978537 0.100000 1.156660 0.100000 0.116475 0.371832 0.100000 1.373463 0.531506 0.245537 1.386789 1.007657 
0.504814 0.100000 0.769662 0.100000 0.849032 0.100000 0.167024 0.937969 0.714010 0.545502 0.238250 0.100000 0.995168 1.298060 0.787455 0.661830 0.100000 0.100000 0.100000 1.171597 0.307178 1.011352 0.350025 0.366115 0.186740 0.784610 0.281650 0.418138 0.322974 0.764875 0.100000 0.366572 0.100000 0.574585 0.349956 0.100000 0.346381 0.100000 0.622193 0.584604 0.100000 0.800605 1.738544 0.100000 0.100000 0.100000 0.100000 1.059035 0.534537 0.100000 1.333868 0.100000 1.030823 0.467531 0.794390 0.420407 1.862590 0.981551 1.144637 0.479701 0.233963 0.100000 0.153046 0.100000 0.751056 0.256931 0.959676 0.739823 0.303294 0.850930 0.121195 0.976935 0.721602 0.927592 0.170757 0.223505 0.977107 0.294169 0.100000 0.100000 0.100000 0.100000 0.142520 1.407095 0.140087 0.876590 
0.235055 0.123700 0.632451 0.103880 0.682101 0.100000 0.605064 0.796951 0.474107 0.816965 0.100000 0.100000 0.655298 0.431270 0.183683 0.100000 0.156317 0.908471 0.100000 0.731717 0.316049 0.675336 0.998518 0.100000 0.431351 0.486022 0.262206 0.100000 0.741351 0.469767 1.337033 0.608300 1.214270 0.210230 0.100000 0.699975 0.814987 0.260059 0.100000 0.100000 0.656257 0.415562 0.647659 0.703606 0.100000 0.157359 0.100000 1.131590 0.290175 0.648310 0.512024 0.690772 0.100000 0.775205 0.100000 1.806382 0.100000 0.607449 1.000962 1.121745 0.385333 0.143232 0.100000 0.100000 0.835526 1.222067 0.508267 1.289939 1.536339 0.224261 0.100000 0.100000 0.113590 0.924348 0.824403 0.100000 0.137010 1.409868 0.101567 0.112267 1.397974 0.431403 0.108761 0.942915 0.369784 0.500255 
0.894279 0.677276 1.136981 0.139527 1.024969 0.100000 0.333322 0.853785 0.976058 1.309146 0.325642 0.100000 0.100000 1.201434 0.242410 0.412645 0.100000 0.939327 0.100534 1.284524 0.168151 0.870496 1.078179 0.223673 0.688526 0.100000 0.100000 0.673431 0.100000 0.379360 0.247724 0.100000 0.667853 0.907255 0.100000 0.288384 0.613713 1.125047 0.849027 0.100000 0.735974 0.448265 0.606153 1.724571 0.286171 0.184277 0.100000 0.100000 0.753422 0.100000 1.280674 0.100000 0.100000 0.652183 0.830446 1.047316 0.946077 1.421556 1.337391 0.100000 0.544089 0.415098 0.100000 0.691986 0.100000 0.255666 0.913575 0.100000 0.102358 0.245728 0.100000 0.427851 0.102745 0.220631 0.539776 0.371548 0.100000 0.648030 0.100000 0.765289 1.217567 0.503133 0.433274 0.185827 0.707885 0.335793 
0.100000 0.398145 0.807070 0.744558 1.172957 0.100000 0.164188 1.217149 1.054905 0.770793 0.753103 0.100000 0.895458 1.231007 1.218508 0.100000 0.309227 0.630244 0.148452 0.359562 0.776268 0.134725 0.100000 0.765793 0.100000 0.100000 0.100000 0.819487 0.100000 0.100000 0.281751 0.940586 0.800209 0.100000 0.100000 0.100000 0.894239 0.100000 0.341944 0.708711 0.236058 1.242730 0.270648 0.975931 0.922281 0.354013 0.921664 0.521675 0.100000 2.388807 1.347289 0.347179 0.100000 0.355781 0.100000 1.073256 0.532996 1.495764 0.888472 0.762048 0.782990 0.100000 0.129335 1.016513 0.999732 0.355259 0.100000 0.228057 1.236935 0.240822 1.113384 0.100000 0.573339 0.100000 0.371433 0.122341 0.506862 1.458518 0.306441 1.214211 0.701503 0.897875 0.115262 1.460327 0.100000 0.962406 
0.100000 0.100000 0.100000 0.100000 0.627077 0.100000 0.100000 1.072312 0.740246 0.918301 0.492613 0.100000 0.100000 0.100000 1.020630 0.100000 0.843086 0.132683 0.489505 0.100000 1.017805 0.291595 1.183894 0.679800 0.538060 0.272919 0.622953 0.100000 0.100000 1.039018 0.400085 0.211731 0.100000 0.853860 0.100000 0.597734 0.100000 0.100000 0.906018 0.727845 0.100000 0.926967 0.186061 1.157847 0.100000 0.100000 0.100000 0.164367 1.239668 0.861505 1.810701 0.896812 0.327685 0.181734 0.634486 0.771265 0.268664 0.100000 0.764116 0.100000 0.368703 0.100000 0.567322 0.226676 0.445192 1.343533 0.124601 0.420091 0.100000 0.299452 0.445299 0.829226 0.100000 0.526256 0.828344 0.267286 0.326401 0.834954 0.487909 0.100000 0.100000 1.657689 1.308236 0.100000 0.586311 1.028545 
0.665719 0.189623 0.253114 0.100000 0.205956 0.167187 0.100000 0.271104 1.080912 1.029548 0.100000 0.100000 0.181766 1.138241 0.378368 0.943870 0.196274 0.451886 0.100000 1.206738 0.252962 0.100000 0.444750 0.100000 0.123119 0.380129 0.395314 1.061630 0.164222 1.080009 0.575793 0.229448 0.100000 1.076748 0.100000 0.351558 0.100000 0.383877 0.467557 0.206928 0.279868 1.032259 1.188762 1.154294 2.156179 0.123756 0.100000 0.100000 0.745854 0.100000 0.100000 0.100000 0.505243 0.819791 0.100000 0.444858 0.277485 0.204990 1.082928 0.507296 0.757395 0.100000 0.989303 0.465825 1.256493 0.450481 0.944155 0.100000 0.180760 0.100000 0.217233 0.289924 1.272122 0.100000 0.124098 1.126996 0.555784 0.100000 0.537603 0.605918 0.100000 0.219917 0.339612 1.133532 0.838450 0.762700 
0.806776 0.100000 0.287802 0.100000 0.722841 0.100000 0.438904 0.100000 0.392024 0.666960 0.708970 0.100000 0.174077 0.550911 0.110009 0.650187 0.100000 0.619787 0.505910 0.580010 0.985386 0.100000 1.295289 0.233409 0.501803 0.161783 0.658446 0.702811 0.100000 0.599036 0.373458 0.207171 0.100000 1.528716 0.208336 1.120088 0.104061 0.100000 0.479666 0.100000 1.542337 0.630362 1.281952 0.679217 0.332609 0.408413 0.406366 0.672404 0.466784 0.100000 0.489028 0.255168 0.755598 0.543871 0.100000 0.451010 0.420544 0.855161 0.798938 0.561480 0.521510 0.557750 0.100000 0.558780 0.806932 1.032741 1.397077 0.599489 0.955821 0.100000 0.543368 1.546150 0.100000 0.100000 0.561940 0.787526 0.513768 0.364625 0.270974 1.005771 0.706972 1.619137 0.851183 0.944615 0.668565 0.540334 
0.100000 0.205404 0.961831 0.100000 0.190340 0.100000 0.232821 0.206709 0.794184 0.463325 0.630164 0.100000 1.405728 1.235217 0.433211 0.544537 0.738339 0.100000 0.375283 0.944557 0.589176 0.837090 0.788479 0.625245 0.100000 0.141616 0.100000 1.165317 0.434963 0.176568 0.618973 0.230107 0.100000 0.842924 0.100000 0.631812 0.100000 0.100000 0.660713 0.100000 0.123915 0.609839 1.011768 1.163778 0.477499 0.100000 1.190415 0.100000 1.429655 0.183243 1.603610 0.828490 0.100000 0.492539 0.477696 1.101570 0.247693 0.720239 0.620002 0.100000 1.088768 0.100000 0.910914 0.767238 0.163395 0.589381 0.505943 0.100000 0.906929 0.100000 1.056012 0.829737 0.100000 0.356928 0.555887 0.100000 0.717021 1.078092 0.751720 0.258758 0.905155 0.299822 0.815913 1.674095 0.431257 0.100000 
0.131600 0.439918 1.326488 0.100000 0.356245 0.216670 0.317499 0.792153 0.100000 0.202529 0.603983 0.313057 0.801356 1.089042 0.460079 0.483377 0.277783 0.100000 0.100000 0.592631 0.334487 0.100000 0.899988 0.139733 0.194696 0.314124 0.100000 0.100000 1.042974 0.834600 0.100000 0.112894 0.342250 0.488927 0.393953 0.100000 0.476219 0.215637 0.322011 0.100000 0.447144 0.974011 0.440592 0.587715 0.575923 0.363794 0.421308 0.606756 1.173455 0.351283 0.100000 0.258695 0.646052 0.221420 0.100000 0.100000 0.601154 0.407243 0.100000 0.100000 0.164347 0.404375 0.501854 1.223388 0.933681 0.100000 0.100000 0.827124 1.439558 0.135713 0.519568 0.100000 0.100000 0.100000 0.490674 0.100000 0.136336 0.357680 0.628619 1.201025 0.388761 1.419697 0.100000 0.505280 0.555069 0.537427 
0.878577 0.100000 1.377897 0.288058 1.734245 0.100000 0.100000 0.409768 0.100000 0.715401 0.340423 0.171549 0.100000 0.100000 0.701361 0.806965 1.232297 0.100000 0.100000 0.419501 0.100000 0.100000 1.166876 1.402170 0.278605 1.144162 0.456711 0.408258 0.228989 0.769750 0.292248 0.255653 0.100000 0.732513 0.111012 0.100000 0.268285 0.100000 0.100000 0.434161 1.126609 1.692515 1.486862 0.355935 1.083263 0.983819 0.100000 0.678255 0.841450 0.490909 1.167275 0.322661 1.285085 0.114003 0.100000 0.754774 0.484993 0.100000 1.511333 0.618396 0.881324 0.198658 0.127814 0.288392 0.657775 0.746006 1.226766 0.434791 0.589470 1.247870 0.100000 0.100000 0.679820 0.260241 0.100000 0.120787 0.100000 1.168752 0.100000 1.012559 0.600553 0.301533 0.358925 0.982161 0.100000 0.878361 
0.100491 1.018385 0.370916 0.762253 0.100000 0.507312 0.238051 0.213433 0.511191 0.283988 0.311502 0.100000 0.100000 0.433475 1.525413 0.242799 0.580459 0.219859 0.379977 0.644443 0.303667 0.743061 0.279442 0.519772 0.391555 0.190383 0.100000 0.591708 0.100000 0.452627 0.100000 0.270744 0.100000 0.365702 0.444278 1.223884 0.209878 0.503707 0.235835 0.241690 0.911140 0.532797 0.297878 0.426372 0.187267 0.417217 0.657513 0.100000 0.100000 0.100000 0.148264 0.956469 0.450927 1.265287 0.100000 1.398171 0.100000 0.365574 0.322864 0.100000 0.100000 0.208166 0.100000 0.345112 0.605117 1.003285 0.699331 0.422425 0.913420 0.245962 0.421840 0.100000 0.114784 1.315183 0.663400 0.100000 0.941333 0.524766 0.100000 0.100000 0.760408 0.100000 0.100000 1.089881 0.453019 0.671613 
0.183057 0.692389 1.831688 0.100000 0.735971 1.064400 0.639529 0.100000 0.356295 0.115284 0.100000 0.100000 0.708104 0.232866 0.846152 0.281003 0.236502 0.881931 0.452436 0.687904 0.954287 0.598062 0.686532 1.053647 0.293687 1.782539 0.800619 0.889182 0.960207 0.716201 1.076122 0.337787 0.100000 0.321004 0.367763 0.100000 0.492812 0.100000 0.772650 0.100000 1.283416 0.891559 0.100000 1.670715 0.382014 0.100000 0.100000 0.531493 1.280122 0.120292 0.524156 0.100000 1.217319 1.150262 0.100000 1.019932 0.345709 0.538944 1.299358 0.725774 0.761507 0.100000 0.628835 0.325010 0.634679 0.779719 0.100000 0.112214 0.499913 0.305189 0.100000 0.100000 1.314250 0.944650 1.113787 1.189311 0.461190 0.557648 0.530057 0.100000 0.100000 0.784017 0.364647 0.129013 0.690471 1.214277 
0.623991 0.104277 0.298526 0.244768 0.664981 0.100000 0.401518 0.494158 0.738193 0.100000 0.640547 0.979085 0.375932 0.100000 0.727517 0.100000 0.100000 1.047744 0.100000 0.914185 0.100000 1.042564 0.999257 0.456172 0.213713 0.614929 0.666222 0.726471 0.588075 0.437591 0.751714 0.100000 0.647403 1.039500 0.800829 0.100000 0.481741 0.671522 0.572471 0.100000 0.500930 0.541666 1.203504 0.477104 0.665384 0.570335 0.607171 0.211164 0.591518 0.374030 1.040000 0.297687 0.305744 1.728547 0.100000 0.164374 0.100000 0.214233 0.823065 1.220762 1.440954 0.218662 0.100000 0.658192 0.100000 0.419629 0.100000 0.474573 0.342911 0.640647 0.478817 0.279256 0.542799 0.825138 0.483201 0.734711 0.241735 0.737886 0.688589 1.153018 0.631068 0.433885 0.708683 0.100000 1.180683 0.100000 
0.741905 0.100000 0.970176 0.132687 0.603314 0.100000 0.100000 0.540269 0.271384 0.100000 0.100000 1.109095 0.286070 0.689787 0.100000 0.980924 0.156931 0.100000 1.648925 0.100000 1.088734 0.677966 1.067071 0.469127 0.233627 0.935853 0.100809 0.438230 0.778855 0.717976 0.207183 1.051948 0.316200 0.540411 0.100000 0.100000 0.835527 0.717013 0.100000 0.100000 0.829709 1.719803 1.780829 1.262268 1.182306 0.160159 0.615774 0.100000 0.246923 0.569991 2.106935 0.667489 0.606030 0.229855 0.100000 1.052511 0.172614 0.688781 0.372681 0.565923 0.100000 0.351953 0.880898 0.922988 1.666630 0.832257 0.901817 0.519194 0.216350 1.331204 0.734455 0.277878 0.100000 0.657182 1.098041 0.345844 0.344430 0.509129 0.287595 1.154823 1.070971 0.100000 0.417779 0.165781 0.100000 1.007803 
0.100000 0.100000 1.039127 0.832042 1.470907 0.100000 0.822723 0.100000 0.100000 0.673753 0.335767 0.777098 1.055511 0.485595 1.172676 0.562617 1.293609 0.100000 0.443077 0.340672 0.837224 0.201654 0.615055 0.100000 0.293130 0.881630 0.755373 0.100000 0.100000 1.678852 0.325861 0.251638 0.728024 0.701320 0.100000 0.237657 1.337215 0.100000 1.064154 0.100000 0.211650 1.439107 0.384215 1.208865 0.314113 0.100000 0.145497 0.832074 0.434915 0.684216 1.117243 0.316923 0.260368 0.380788 0.100000 0.526919 0.100000 0.704108 0.994677 0.107263 0.997416 0.297915 0.367821 0.285311 0.846115 1.197083 0.318913 0.100000 1.250720 0.100000 0.100000 0.100000 0.593389 0.442615 0.917520 0.314890 1.020083 1.391079 0.868474 0.100000 0.552451 0.100000 0.100000 0.256150 0.366558 0.986888 
0.329397 0.100000 0.100000 0.100000 0.100000 0.492137 0.100000 0.242608 0.493168 0.962693 0.918058 0.330419 0.453013 1.227631 0.627173 0.100000 0.940351 0.542501 0.100000 0.868923 0.584180 0.100000 0.100000 0.653020 0.480706 0.628175 0.100000 0.139071 0.648005 0.100000 0.462316 0.432773 0.607234 0.100000 0.176282 1.351641 0.100000 0.100000 0.890538 0.100000 0.925742 0.777917 0.100000 0.841632 0.100000 0.900143 0.100000 0.100000 0.100000 0.100000 1.680437 0.284379 0.614619 0.852347 0.100000 0.461917 0.100000 0.961711 1.633985 0.634667 0.285122 0.100000 0.100000 0.831585 0.100000 0.542663 0.100000 0.100000 0.100000 0.100000 0.349205 0.240383 0.390731 0.100000 0.203426 0.100000 0.357009 1.627015 0.220783 0.100000 1.006974 0.100000 0.627106 0.546504 0.401744 2.431158 
0.100000 0.100000 0.904168 0.179997 0.248483 0.100000 0.395247 0.875630 0.100000 0.100000 1.014953 0.100000 0.934833 0.745944 0.100000 0.599122 0.100000 0.100000 0.100000 0.972612 0.209595 0.854055 0.335911 0.892200 0.842733 0.280878 0.100000 0.141290 0.943079 1.045828 0.226680 0.100000 0.503124 1.418450 0.928085 0.558975 0.293121 0.100000 0.127241 0.100000 1.414540 0.494168 1.897855 0.754087 0.100000 1.354652 0.100000 0.100000 1.352137 1.138892 0.100000 0.294035 0.100000 0.584466 1.006089 0.492334 1.093773 0.104937 1.903482 0.100000 0.365093 0.248479 0.100000 1.240817 0.100000 0.976956 0.100000 0.316653 0.650952 0.100000 0.484776 0.100000 1.263452 0.467652 0.100000 1.279682 0.477749 1.379970 0.200501 0.100000 0.160803 0.100000 0.329098 0.526468 0.465708 0.100000 
0.316942 0.100000 1.033305 0.100000 0.238983 0.929200 0.100000 0.705968 1.236889 0.409224 0.594255 0.637609 1.362044 0.342464 0.351903 0.621437 0.100000 0.462912 0.100000 0.100000 0.601725 1.162645 0.554948 0.627018 0.100000 0.100000 0.319327 0.849041 1.422632 1.089520 0.100000 0.100000 0.798771 0.761355 0.100000 0.100000 0.100000 0.859091 0.402362 0.100000 0.783554 0.662701 0.560086 1.095193 0.100000 0.905821 0.100000 0.100000 0.100000 0.201226 0.644241 0.112185 0.471501 0.592023 0.173266 0.877009 1.149323 0.436014 0.100000 0.980987 1.514697 0.193644 0.640802 0.138204 0.702556 0.988493 0.838423 0.100000 1.471530 0.340995 0.705265 0.602180 0.939356 0.833054 0.561190 0.693741 1.331621 1.602683 0.670990 1.330879 0.100000 1.140897 0.385778 0.100000 0.443807 1.202974 
0.100000 1.087991 1.391164 0.100000 0.956064 0.155986 0.100000 0.178626 0.349138 0.100000 0.100000 0.463234 1.290137 1.255550 0.121372 0.160752 0.100000 0.953887 0.100000 0.100000 0.116344 0.437166 0.580407 0.601401 0.162795 0.440525 0.100000 0.142896 0.603516 0.816396 0.966327 0.100000 0.598487 1.336310 0.100000 0.475545 0.501230 0.510214 0.607503 0.926963 0.603947 0.939901 0.871415 0.270450 0.712320 0.308891 0.100000 0.100000 0.492662 0.105773 2.042803 1.091894 0.335652 0.669476 0.678481 0.664660 1.271278 1.030314 0.766492 0.100000 0.113784 0.259346 0.100000 0.455636 0.216061 0.793441 0.419984 0.100000 0.485393 0.100000 0.100000 1.110879 0.464493 0.202995 1.044455 0.235604 0.635039 0.100000 0.100000 0.759866 1.116611 0.419704 0.456557 0.356109 0.346234 0.360358 
0.209932 0.480566 0.100000 0.297484 0.100000 0.100000 0.669086 0.484661 1.038451 0.100000 0.100000 0.100000 0.282451 0.746498 0.856013 0.100000 0.100000 0.100000 0.866754 0.298103 0.383577 0.145324 0.259152 0.771500 0.330541 0.794548 0.138565 0.164032 0.100000 1.420352 0.923458 0.305916 0.469843 0.310075 1.131025 0.100000 0.198791 0.100000 1.264159 0.266020 0.889474 0.452602 0.100000 1.179075 0.182412 0.100000 0.100000 0.563439 1.410004 0.100000 0.100000 0.758586 0.619142 0.100000 0.309181 1.115801 1.303196 0.504088 1.457247 0.279418 0.341927 0.311887 0.100000 0.100000 1.091315 0.100000 0.705809 0.100000 0.469705 0.100000 0.100000 0.100000 0.100000 0.153718 0.713285 0.100000 0.100000 0.748208 0.100000 0.100000 0.221085 0.547444 1.402714 1.574612 0.100000 0.100000 
0.322409 0.397925 0.650698 1.277137 1.040054 0.920029 0.100000 0.100000 0.100000 0.357378 0.100000 0.100000 0.361781 0.998523 0.171614 0.100000 0.211328 0.533178 0.573409 0.100000 0.757955 1.004843 0.985739 0.704267 0.100000 0.100000 0.100000 0.616549 0.137656 0.752572 0.670312 0.100000 0.653854 0.659553 0.852286 0.427049 0.547948 0.105690 1.151749 0.100000 0.100000 0.355123 0.100000 0.393984 0.100000 0.519063 0.100000 0.432541 0.396970 0.100000 0.246075 0.100000 0.624429 0.252174 0.433122 0.356914 1.150158 0.450282 0.394749 1.160375 1.275545 0.100000 0.100000 0.921050 0.162650 1.137576 0.100000 0.220065 0.662092 0.858637 0.100000 0.516509 0.442164 0.367882 0.227214 0.100000 0.100000 0.482355 1.026561 0.542943 0.368524 0.753872 0.100000 1.129114 0.818890 1.168398 
