75 Number of operations
25 Number of workers
Standard production times
0.290051 0.119425 0.716550 0.190971 0.451519 0.100000 0.100000 0.336942 0.571636 0.414269 0.100000 0.116889 0.577166 0.526380 0.408052 0.219375 0.435065 0.438886 0.292950 0.555470 0.434268 0.311430 0.740981 0.584869 0.139028 0.323885 0.251275 0.312576 0.314710 0.676281 0.419674 0.326109 0.145356 0.602997 0.103788 0.342580 0.388635 0.242379 0.413542 0.192219 0.347265 0.507650 0.705652 0.791335 0.495640 0.423869 0.228507 0.247610 0.527861 0.409505 1.022967 0.293508 0.469117 0.314897 0.100000 0.751079 0.347161 0.569259 0.817347 0.505296 0.596762 0.100000 0.221035 0.466013 0.609718 0.669980 0.649135 0.261762 0.656215 0.254587 0.240166 0.399291 0.502519 0.366428 0.669267 
Production times: workers row and ops columns
0.100000 0.209959 1.120294 0.597238 0.556970 0.310890 0.390963 0.131838 1.720069 1.258517 0.412906 0.100000 0.607215 0.757591 0.750470 0.100000 0.934590 0.284801 0.475869 1.359224 0.315179 0.141016 0.984778 1.454406 0.173513 0.560506 0.100000 0.100000 0.100000 0.987563 0.633455 0.363113 0.100000 0.905074 1.296391 0.280638 0.226538 0.397756 1.644356 0.100000 0.100000 0.849775 0.721668 0.889470 0.949366 0.100000 0.636931 0.839696 0.425621 0.354083 1.730208 0.100000 0.805873 0.100000 0.100000 0.666192 0.100000 0.838233 1.012988 1.611253 0.515639 0.245589 0.275066 0.366246 0.726134 0.747676 0.945998 0.100000 1.071497 0.311196 0.100000 1.199032 1.739729 0.200265 1.057841 
0.335226 0.100000 1.088180 0.100000 0.453999 0.100000 0.100000 0.100000 1.113445 0.475172 0.426820 0.100000 1.027602 1.227624 0.516893 0.177576 0.100000 0.335855 0.314028 0.100000 1.424113 0.100000 1.235089 0.676421 0.601024 0.590471 0.100000 0.100000 0.385097 1.560082 0.100000 0.295247 0.264569 0.640384 0.272940 0.481618 1.000618 0.100000 0.840763 0.945644 0.608931 0.715306 0.997346 1.171067 0.701985 1.007787 0.100000 0.100000 0.100000 0.100000 0.250428 0.797204 0.100000 0.520283 0.100000 0.236599 0.650631 0.100000 0.380686 0.653077 0.712514 0.239017 0.566051 0.100000 0.183799 0.715359 1.230236 0.422653 1.326874 0.325425 1.108859 0.587175 1.241647 0.100000 0.442553 
0.200553 0.100000 0.953864 0.100000 0.639461 0.474024 0.100000 0.458747 0.100000 0.189953 0.335280 0.100000 0.851607 0.402623 0.295488 0.409221 0.377217 0.365576 1.177649 0.553861 0.101038 0.100000 0.608500 1.138510 0.100000 0.619336 0.270252 0.100000 0.100000 0.636759 0.814621 1.419197 0.100000 0.803920 0.100000 0.702696 1.134441 0.292967 0.962661 0.249797 1.008480 0.999229 1.334247 1.022621 0.100000 0.865063 0.596492 0.100000 1.089974 0.116304 1.752965 0.154469 0.687423 0.334008 0.845038 2.049975 0.165704 0.110792 1.294355 0.329607 1.147210 0.655451 0.100000 0.100000 0.692400 0.683752 0.324183 0.100000 1.097397 0.100000 0.100000 0.366346 0.100000 0.388366 0.348600 
0.762509 0.157053 0.526308 0.100000 0.984327 0.137076 0.931472 0.619819 0.596850 0.261682 1.012887 0.100000 0.476378 0.100000 0.322002 0.806489 0.694330 0.955230 0.674665 1.032102 0.217147 0.936987 0.603457 0.100000 0.315559 0.288449 0.100000 0.100000 1.027944 0.519388 1.233686 0.100000 0.100000 1.305171 0.100000 0.758694 0.288271 0.390741 0.100000 0.202724 0.214096 0.321743 0.501948 1.180352 0.613067 0.638917 0.350298 0.100000 0.237872 0.228682 1.183006 0.680450 0.183293 0.438651 0.100000 1.044616 0.214580 0.100000 0.100000 0.865675 0.606856 0.100000 0.349706 0.556448 1.165298 0.437169 1.588485 0.100000 1.095443 0.267318 0.158783 0.489157 0.100000 0.295243 1.072417 
0.100000 0.100000 0.626188 0.131367 0.100000 0.100000 0.292443 0.100000 1.198124 0.243139 0.390796 0.100000 0.792881 0.100000 0.164886 0.136490 0.784589 0.100000 2.079630 0.297098 0.569768 0.100000 0.910694 0.618518 0.240431 0.749788 0.210873 0.100000 0.442125 0.642893 0.741061 0.591232 0.868422 1.171292 0.100000 0.335006 0.329081 0.100000 0.295234 1.059932 0.100000 0.442105 0.375412 0.218524 1.310234 0.500237 0.100000 0.196636 0.551721 0.100000 1.582274 0.653438 1.157872 0.357296 0.100000 1.691127 0.465525 0.909349 0.814194 0.405146 0.701668 0.214089 0.891552 1.041783 0.100000 0.951908 1.597031 0.595869 1.127947 0.100000 0.549839 0.100000 0.984963 0.100000 1.328563 
0.135216 0.100000 0.414000 0.100000 0.978086 0.552932 0.532130 0.100000 0.240454 0.215531 0.100000 0.100000 0.539802 0.689670 0.100000 0.100000 0.110018 0.555468 0.523193 0.100000 0.686723 0.194097 1.348289 0.691960 0.359109 0.100000 0.219723 0.154209 0.100000 0.137225 0.273486 0.100000 0.446170 1.240891 0.464732 0.573186 0.100000 0.606647 1.069579 0.100000 0.729105 1.217149 0.518489 0.579677 0.100000 0.180856 0.112805 0.124390 0.911844 0.100000 2.658250 0.139987 0.276742 0.322492 0.100000 0.357178 0.100000 0.668564 0.681994 0.645919 0.100000 0.161563 0.100000 0.132303 0.838576 0.100000 0.780928 0.663809 1.123698 0.382827 0.125572 0.100000 1.136002 0.768980 1.149420 
0.507525 0.459532 1.650992 0.266323 0.167190 0.737469 0.475367 0.741811 0.100000 1.243795 0.255536 0.224747 0.339792 0.363210 0.100000 0.100000 0.492189 0.945764 0.100000 0.343142 0.844302 0.100000 0.503427 0.100000 0.767850 0.216794 0.100000 0.100000 0.100000 1.020538 0.100000 0.153946 0.597835 0.755105 0.831448 0.208765 1.411989 0.100000 0.317132 0.100000 0.449542 0.904540 0.719614 1.583708 1.109759 0.420387 0.289136 0.100000 0.541867 0.756730 1.231175 0.110675 0.890016 0.100000 0.421112 0.779883 0.884789 0.767043 0.702676 0.233054 0.729592 0.218679 0.100000 0.267770 0.558179 1.374662 0.638830 0.744396 0.531849 0.799420 0.100000 1.213504 0.100000 0.379192 1.363903 
0.442142 0.852813 0.734343 0.698853 0.809358 0.966089 0.100000 0.100000 0.100000 0.247285 0.100000 0.100000 0.100000 1.024057 0.234159 0.100000 0.770632 0.279577 0.988647 0.100000 0.100000 0.100000 1.198646 0.281395 0.596034 0.100000 1.742850 0.482714 0.100000 0.613592 0.882965 0.223746 0.340749 1.397543 0.577724 0.673667 0.325755 0.823392 0.100000 0.100000 0.100000 0.730537 0.340222 1.323712 1.058549 0.845161 0.100000 0.100000 0.100000 0.100000 0.376702 0.374230 0.197882 0.730777 0.859044 0.232378 0.580241 0.593307 0.222619 0.416910 0.701728 0.100000 0.100000 0.100000 0.604716 0.100000 0.236092 0.458681 0.882112 1.212578 0.100000 0.415175 0.100000 0.747128 0.454330 
0.850371 0.839791 0.674911 0.100000 0.100000 0.304066 0.563375 1.318754 0.100000 0.100000 0.642570 0.270791 0.818437 1.289836 0.236077 0.100000 0.567693 0.100000 0.369172 0.391070 0.100000 1.071889 1.037929 0.210017 0.694324 0.100000 1.783422 0.100000 0.349253 0.563357 0.100000 0.100000 0.100000 0.100000 0.303187 0.330016 1.016632 0.100000 0.900593 0.258265 0.100000 0.145547 0.744109 1.098645 0.508919 0.100000 0.262998 0.100000 0.758575 0.100000 1.920651 0.100000 0.454859 1.082050 0.100000 0.799641 0.100000 0.390375 0.728040 1.386797 1.092515 0.100000 0.100000 0.840605 0.463596 0.591076 0.456536 0.228515 0.671912 0.100000 0.239764 1.429378 0.250186 0.562618 0.577157 
0.100000 0.100000 0.989932 0.100000 0.940233 0.100000 0.100000 0.100000 0.675122 0.572205 0.100000 0.100000 0.124443 0.605373 0.417323 0.475448 0.864138 0.415516 0.100000 0.819290 0.343262 1.840821 0.338468 0.521258 0.610181 0.147090 0.521782 0.100000 0.100000 0.100000 0.545730 0.100000 0.354052 0.306593 0.100000 0.808149 1.679537 0.358775 0.100000 0.527279 0.100000 0.100000 1.297989 0.439755 1.049638 0.572088 0.458059 0.155469 1.320740 0.325798 0.990747 0.830336 1.080018 1.059488 0.100000 0.469056 0.369231 0.429215 0.650524 0.301111 0.521810 0.242055 1.459105 0.100000 1.599774 0.591976 1.239498 0.780385 0.907017 0.785792 0.125784 0.372372 0.100000 0.528946 0.446257 
0.100000 0.100000 0.874340 0.228939 0.821567 0.100000 0.100000 0.149523 0.653860 0.611029 0.510527 0.904791 0.123177 0.954248 1.021475 0.415302 0.620438 0.975282 0.100000 0.657089 0.786734 0.117626 0.397158 0.523035 0.100000 0.399539 1.511116 0.143053 1.455881 0.925572 0.196191 0.690314 0.232085 1.094689 0.100000 0.146353 0.100000 0.507482 0.576579 0.742472 0.299251 0.651878 1.522527 1.580480 0.201222 0.501146 0.100000 0.325266 0.823142 0.288069 1.564949 0.428347 1.061761 0.507202 0.100000 1.129789 0.532618 0.253288 0.295096 0.421833 0.363459 0.145171 0.518402 0.156766 0.100000 1.002177 0.655629 0.653028 1.787781 0.100000 0.100000 0.100000 0.100000 0.100000 1.516626 
0.655858 0.489177 1.022183 0.100000 0.526175 0.100000 0.100000 0.100000 1.540698 0.930533 0.680690 0.571052 1.332114 0.748471 0.110839 0.322148 0.506541 0.113969 0.100000 0.100000 0.100000 0.525481 1.335808 0.374394 0.895562 0.100000 0.100000 0.499703 0.917106 0.629907 1.404774 0.247971 0.100000 0.100000 0.100000 0.100000 0.993424 0.121003 0.996178 0.382126 0.788204 0.100000 0.886329 1.274093 0.531803 0.795783 0.100000 0.113590 0.849803 0.736815 1.173064 0.489851 0.295569 0.100000 0.747743 0.946138 0.100000 0.726647 0.987419 0.727854 0.659310 0.100000 0.414740 0.100000 0.205877 0.674489 0.767278 0.100000 0.500923 0.100000 1.140011 0.239073 0.100000 1.543874 0.100000 
0.255376 0.878554 0.100000 0.100000 0.219382 0.339283 0.100000 1.021261 0.601297 0.390473 0.100000 0.491885 0.397455 0.311505 0.269489 1.160073 0.426756 1.090102 0.100000 0.138468 0.341943 0.658424 0.100000 0.560440 0.100000 0.770153 0.779363 0.100000 0.211513 0.592728 0.671051 0.673101 0.100000 0.861662 0.847754 1.005306 0.140690 0.143530 0.359415 0.706597 0.100000 0.925316 0.100000 1.745224 0.100000 0.274880 0.122012 0.182868 1.060197 0.100000 1.803636 0.814294 0.100000 0.324200 0.100000 0.524658 0.224514 0.901723 0.940327 1.247143 0.562076 0.774495 0.900835 0.678879 0.652901 0.203505 1.287387 0.100000 0.600763 0.491962 0.889593 0.160139 0.100000 1.182818 0.249641 
1.116008 0.100000 0.166029 0.100000 0.121646 0.207810 0.342052 1.075006 0.867334 1.338795 0.293501 0.100000 0.210506 0.887694 0.100000 0.100000 0.438535 0.828212 0.100000 0.896315 0.100000 0.100000 1.126768 1.120481 0.728019 0.624802 1.167871 0.940024 0.100000 0.749388 0.748455 0.303541 0.328817 0.657834 0.897844 1.120498 0.489756 0.277947 0.100000 0.472682 0.911620 0.707779 0.599108 1.056955 1.201378 0.662955 0.669740 0.100000 0.440025 0.100000 0.641468 0.415496 0.691324 0.296814 0.100000 0.892961 0.548557 1.103794 0.510451 0.100000 0.100000 0.415345 0.237471 0.489343 1.111703 1.390885 0.213033 1.381561 0.184120 0.100000 0.110251 0.456762 0.100000 1.028733 0.486657 
0.114485 0.100000 0.241791 0.100000 0.435803 0.409333 0.112217 0.100000 0.164922 0.564249 0.397406 0.334960 0.100000 0.100000 0.304688 0.100000 0.588414 0.880040 0.100000 0.100000 0.335741 0.100000 1.049343 0.100000 0.651597 0.425216 0.589142 0.100000 0.323958 0.410466 0.416819 0.183468 0.100000 1.074041 0.410568 0.100000 1.136765 0.100000 1.562953 0.158774 0.100000 0.100000 0.632197 0.939209 0.691067 0.100000 0.107628 0.100000 0.801355 0.405865 0.903533 1.397225 1.192050 0.905833 0.100000 0.700678 0.100000 0.237165 0.510037 0.892682 0.100000 0.100000 0.436823 0.249471 0.442326 0.978601 0.100000 0.100000 0.133571 0.453047 0.100000 0.675286 0.252389 0.564294 0.260778 
0.100000 0.100000 0.896308 0.205126 0.330576 0.100000 0.100000 0.615739 0.845763 0.605490 0.515351 1.197061 0.100000 1.503986 0.439273 0.329729 1.428706 0.450287 0.940934 0.279465 0.845273 0.100000 1.180113 0.859922 0.188107 0.100000 0.534799 0.505736 1.066304 0.307638 0.575886 0.434424 0.100000 0.202094 0.100000 1.077719 0.100000 0.100000 1.188080 0.100000 0.845927 0.964623 0.100000 1.273961 0.616528 0.841621 0.100000 1.306226 0.366677 0.231881 1.215791 0.108063 0.956072 0.100000 1.009234 0.984481 0.100000 0.563454 0.803080 0.994025 0.100000 0.585982 0.432855 0.571759 0.891508 0.100000 1.362467 0.104700 0.984560 1.209225 0.494412 0.100000 0.250348 1.099534 0.690572 
0.100000 0.298698 0.692864 0.659428 0.490130 0.422766 0.324238 0.722677 0.417810 0.769846 1.169863 0.316079 0.100000 0.775072 0.100000 0.100000 0.516518 0.273856 0.844408 0.100000 0.831154 0.100000 0.100000 0.132193 0.100000 0.581721 0.100000 0.652850 0.100000 1.003964 1.128946 0.769095 0.100000 1.326565 0.275984 0.453618 0.100000 0.330239 0.351870 0.138190 0.589604 0.342427 0.743435 0.961042 0.431846 0.575515 0.505868 0.514563 0.462963 0.973164 0.969279 0.389005 0.554513 0.626348 0.343222 1.586502 0.100000 0.542385 0.238148 0.104959 0.920627 0.100000 0.100000 0.468464 0.701825 1.428161 0.704131 1.117002 0.739080 0.237536 0.155939 0.731975 0.769419 0.100000 0.909295 
0.100000 0.100000 0.212876 0.750382 0.506068 0.100000 0.100000 1.190974 0.443805 1.090453 0.526780 0.163851 0.962686 0.100000 1.188475 0.100000 0.902017 0.277900 0.100000 0.757302 1.512444 0.100000 0.464846 1.054102 0.789206 1.186874 0.100000 0.528129 0.785875 0.100000 0.100000 0.696971 0.130151 0.568889 0.665544 0.862643 0.464162 0.315571 0.649794 0.100000 0.982087 1.047801 0.782137 0.965746 0.693498 0.476858 0.100000 0.349505 0.678647 0.585066 0.993839 0.100000 0.100000 0.100000 0.100000 1.269749 0.100000 0.420058 1.692560 1.074743 0.100000 1.307983 1.026072 0.100000 1.411241 0.296785 1.056712 0.421211 0.710159 0.309069 0.100000 0.100000 0.832705 0.475189 1.037259 
0.660425 0.100000 0.782648 0.100000 0.537206 0.100000 0.483631 0.100000 0.673330 1.321765 0.632153 0.384451 0.810976 1.127134 0.100000 0.100000 0.625406 0.790384 0.428504 0.100000 0.600196 0.490476 0.461442 0.584471 0.100000 0.100000 0.100000 0.552031 1.432326 1.052060 0.322451 0.100000 0.936934 0.576326 0.100000 1.444997 0.111780 1.233721 1.465378 0.362773 0.608304 0.218740 0.835773 0.819201 0.403694 0.100000 0.340199 0.683264 0.223736 1.205519 1.196734 0.365308 0.748462 0.100000 0.100000 0.621441 0.280535 0.611804 1.406344 0.404295 0.132063 1.269915 1.578830 0.698477 0.100000 0.538790 0.690734 0.100000 0.454973 0.751290 0.173848 0.100000 0.100000 1.313073 0.867543 
0.649583 1.103368 0.556592 0.463627 0.730507 0.100000 0.100000 0.906717 0.455520 0.775038 0.100000 0.736852 0.100000 0.502111 0.105376 0.418814 0.100000 0.114028 0.107830 1.170321 1.004805 0.569051 0.976410 0.100000 0.426313 0.100000 0.100000 0.100000 1.664822 1.291181 0.360797 0.431054 0.267976 0.697706 0.607684 0.392095 0.604288 0.100000 0.879921 0.100000 0.416390 0.100000 0.952996 0.613533 0.433658 0.100000 0.244204 0.591452 0.545699 0.262121 1.522313 0.773392 0.100000 0.100000 0.100000 1.783092 0.100000 0.979848 1.145153 0.100000 0.487326 0.153167 0.529581 0.603943 1.086643 0.248033 0.135148 0.537364 0.675851 0.275854 0.100000 0.994172 0.157992 0.200511 1.335368 
0.100000 0.100000 1.208443 0.321219 1.014906 0.526494 0.100000 0.476163 1.561734 0.588758 0.100000 0.177897 0.420879 0.239619 0.735837 0.845347 0.475367 1.148227 0.604123 0.100000 0.348575 0.745466 1.531761 0.342739 0.100000 0.100000 0.236438 0.100000 0.462975 0.812185 0.100000 0.592091 0.440052 0.223405 0.221940 0.100000 0.100000 0.615361 0.461364 0.144261 0.238732 0.352380 0.717712 0.759384 0.263553 0.100000 0.100000 0.100000 0.100000 0.100000 0.571467 0.205811 0.220134 0.501967 0.100000 0.481362 0.871576 0.100000 0.128066 0.544855 0.100000 0.100000 0.100000 0.834954 0.655721 1.275042 0.100000 0.263878 0.595447 0.100000 0.684418 0.100000 0.100000 0.827065 0.291697 
0.100000 0.890289 1.077793 0.403849 0.871490 0.100000 0.610698 0.687531 0.392248 0.575694 0.100000 0.517272 0.305161 1.205578 0.100000 0.177483 0.100000 0.224680 0.924255 0.776789 0.100000 0.100000 1.218262 1.044846 0.100000 0.518919 0.601440 0.931942 0.492101 1.289544 0.100000 0.126026 0.258812 0.100000 0.100000 0.306386 0.100000 0.217282 1.480516 0.818854 1.262958 0.210157 0.200187 0.941316 0.100000 0.424894 1.453491 0.811248 0.100000 0.210132 1.852070 0.100000 0.758452 0.231543 0.100000 0.438826 0.501248 0.464941 0.128272 1.194992 0.930820 0.235780 0.100000 1.255422 0.100000 0.737488 0.100000 0.100000 0.628257 0.540476 1.321534 0.135806 1.179313 0.370913 0.813553 
1.118808 0.100000 0.100000 0.695868 0.100000 0.100000 0.100000 0.294582 0.100000 0.269277 0.100000 0.130620 0.100000 0.763151 1.208657 0.485902 1.400704 0.100000 0.286448 0.100000 0.716711 0.730263 0.484659 1.469613 0.255083 0.394127 0.866111 0.100000 0.233414 0.353289 0.899637 0.286314 0.305950 0.332414 1.216033 0.817305 0.801088 0.430814 1.384498 1.248750 0.100000 0.953636 1.239182 0.100000 0.225377 0.703926 0.815224 0.100000 0.335050 0.341705 0.831460 0.100000 1.611940 0.273560 0.634549 0.344252 0.100000 0.100000 0.473388 0.100000 0.261342 0.100000 0.629616 0.469859 0.468642 1.491062 0.985934 0.931614 0.761965 0.100000 0.100000 0.946606 0.100000 0.529106 0.753535 
1.096765 0.412855 0.924276 0.267179 0.672219 0.320509 0.422016 0.678502 0.787831 0.100000 0.100000 0.191994 1.212963 1.170580 0.491408 1.111553 0.985697 0.100000 0.100000 1.064172 0.446673 1.260812 1.120909 0.806073 0.111563 0.100000 0.899457 0.598597 1.345139 0.503892 0.713999 0.297373 0.108876 1.121914 0.100000 0.731122 0.100000 0.100000 1.284065 0.100000 0.100000 1.263871 0.138216 0.842463 0.100000 0.100000 0.934822 0.471856 0.125505 0.269487 1.335354 0.100000 0.953100 0.316986 0.104721 1.067676 0.439050 0.735053 0.726955 1.054853 0.957411 0.703720 0.350556 0.100000 0.834052 0.100000 1.029688 1.270180 0.100000 0.687506 0.318725 0.100000 0.100000 0.489140 1.230265 
0.100000 0.567474 1.899287 0.100000 0.422096 0.100000 0.131674 0.217488 0.448226 0.214852 0.100000 0.100000 0.592346 0.592371 0.262594 0.182004 0.100000 0.100000 0.212069 0.712856 1.217894 0.856002 0.753492 0.100000 0.100000 0.383064 0.100000 0.349824 0.714216 0.658827 0.100000 0.245374 0.175679 1.170810 0.173889 0.315168 0.376186 0.265115 0.609802 0.100000 0.121240 0.981792 0.123918 0.940197 0.799386 0.100000 0.100000 0.100000 0.100000 0.100000 1.695541 0.100000 0.100000 0.471262 0.434900 0.352877 0.144415 0.100000 0.724626 0.371101 0.498178 0.784939 0.100000 0.710115 0.649386 0.100000 0.518148 1.100535 0.841186 0.680791 0.100000 0.100000 1.173758 0.100000 0.385081 
