78 Number of operations
24 Number of workers
Standard production times
0.290051 0.119425 0.716550 0.190971 0.451519 0.100000 0.100000 0.336942 0.571636 0.414269 0.100000 0.116889 0.577166 0.526380 0.408052 0.219375 0.435065 0.438886 0.292950 0.555470 0.434268 0.311430 0.740981 0.584869 0.139028 0.323885 0.251275 0.312576 0.314710 0.676281 0.419674 0.326109 0.145356 0.602997 0.103788 0.342580 0.388635 0.242379 0.413542 0.192219 0.347265 0.507650 0.705652 0.791335 0.495640 0.423869 0.228507 0.247610 0.527861 0.409505 1.022967 0.293508 0.469117 0.314897 0.100000 0.751079 0.347161 0.569259 0.817347 0.505296 0.596762 0.100000 0.221035 0.466013 0.609718 0.669980 0.649135 0.261762 0.656215 0.254587 0.240166 0.399291 0.502519 0.366428 0.669267 0.276902 0.251393 0.603187 
Production times: workers row and ops columns
1.130907 0.100000 0.637008 0.100000 0.475535 0.100000 0.100000 0.374215 0.130659 0.297816 0.100000 0.128665 0.100000 0.144255 0.275479 0.132915 0.100000 1.242865 0.865601 0.313678 0.943969 0.100000 0.118503 1.546800 0.100000 1.096647 0.100000 0.100000 0.110684 0.727433 0.100000 0.506726 0.100000 0.100000 0.100000 0.252952 0.268161 0.118530 0.329282 0.479073 0.100000 0.181889 1.065290 1.408535 0.362406 1.206194 0.100000 0.287675 0.542442 0.100000 0.476324 0.237247 0.102854 0.651804 0.100000 0.239328 0.410945 0.928230 1.011815 1.041017 1.185873 0.100000 1.078923 0.548380 0.861255 0.220053 1.465067 0.100000 0.370303 0.970381 0.100000 0.139368 0.481388 0.156912 0.421053 0.858365 0.100000 0.651896 
0.100000 0.100000 0.992424 0.166778 0.278204 0.100000 0.103792 0.100000 0.616522 0.917859 0.100000 0.100000 0.448791 0.723171 0.100000 0.100000 0.100000 0.544075 0.231121 0.704760 0.722762 0.112149 1.078808 0.301043 0.100000 0.420605 0.100000 0.367907 1.026527 0.100000 0.583236 0.536171 0.100000 0.512964 0.100000 0.100000 0.100000 0.100000 0.947092 0.732183 0.435265 0.571234 0.100000 0.538403 0.100000 0.470444 0.100000 0.361539 1.406058 0.100000 0.841928 0.300095 0.656276 0.100000 0.100000 0.910003 0.167781 0.548289 1.446317 0.819471 0.100000 0.493989 0.100000 0.737091 1.069423 0.695347 1.249812 0.218752 0.582146 0.324150 0.100000 1.564362 0.349386 0.100000 0.100000 0.154175 0.252882 0.469314 
0.100000 0.198061 0.886018 0.100000 0.803052 0.100000 0.100000 0.665730 0.879731 0.100000 0.118426 0.100000 0.100000 1.085560 0.100000 0.125273 0.100000 0.691236 0.100000 1.078286 0.171994 1.037129 1.088841 1.417585 0.100000 0.100000 0.803914 0.654028 1.516356 0.808281 0.384572 0.100000 0.101765 0.748265 0.100000 0.995138 0.296460 0.923141 0.457319 0.691866 0.744842 0.581242 1.270956 0.326737 0.449951 1.123374 0.845239 0.225164 0.100000 0.612337 0.129805 0.240683 0.793494 0.100000 0.100000 1.269357 0.100000 1.108355 0.100000 0.478500 1.340394 0.107748 0.146260 0.573613 0.166309 1.105944 0.116220 0.354854 0.303322 0.146377 1.211456 0.427900 0.100000 0.100000 0.254469 0.100000 0.457068 0.721546 
0.702563 0.100000 1.044843 0.937530 0.857632 0.970751 0.100000 0.839887 1.127298 0.227718 0.125225 0.259379 0.269841 0.653347 0.865104 1.009528 0.278370 0.157534 0.465913 0.677917 1.349393 0.356397 0.837098 0.232908 0.388478 0.753799 0.804984 0.396983 0.100000 1.124279 0.336199 1.453054 0.352254 1.090102 0.100000 0.659942 1.168127 0.247063 0.172341 0.617095 1.435955 0.393898 0.486589 0.389696 0.100000 0.480771 0.225734 0.770594 0.890056 0.256660 1.296310 0.100000 0.510866 0.935450 0.100000 1.337644 0.100000 0.738403 0.100000 0.100000 0.632324 0.100000 0.109344 0.100000 0.100000 0.407419 0.833931 0.100000 0.816409 0.100000 0.100000 0.316951 1.022670 0.100000 1.390387 0.710478 0.100000 0.979836 
0.544545 0.177837 0.100000 0.100000 0.655093 0.100000 0.100000 0.128641 0.770937 0.100000 1.129719 0.100000 0.218985 0.360230 0.338604 0.100000 0.253078 0.492163 0.577306 0.365963 0.814217 0.505679 0.149605 0.100000 0.352284 0.301777 0.774755 0.721140 0.100000 0.788679 0.791381 0.100000 0.100000 1.702665 0.100000 0.707386 1.047151 0.100000 0.100000 0.344957 0.671404 0.100000 0.792735 0.100000 0.295636 0.372244 0.141498 0.845147 0.337399 0.207339 0.158426 0.450564 1.340029 0.289837 0.739603 1.289690 0.602563 0.112894 1.649784 1.052180 0.211366 0.115840 0.100000 0.100000 0.199277 0.791174 1.300255 0.100000 0.990836 0.183140 0.100000 1.149263 0.100000 0.100000 0.634794 0.100000 0.478355 0.500668 
0.225005 0.100000 1.273553 0.100000 0.338859 0.921372 0.100000 1.201476 0.100000 0.586850 0.472770 0.353549 1.562465 1.160966 1.079197 0.456571 0.700591 0.556847 0.320863 0.173399 0.100000 0.981465 0.565110 0.100000 0.732616 0.405550 0.100000 0.698037 0.940716 0.173402 0.100000 0.622958 0.100000 0.516823 0.100000 0.100000 0.440136 0.878967 0.100000 0.100000 0.738663 1.314683 0.594678 0.734497 0.100000 1.110084 0.335745 1.135093 0.397879 0.100000 0.749787 0.100000 0.622901 0.100000 0.100000 0.719353 1.173355 1.355757 0.174760 0.101544 0.904163 0.100000 1.027795 0.100000 0.100000 1.664544 0.174650 0.217502 0.575964 0.553133 1.270912 0.291582 0.815909 0.413471 0.888743 0.661848 0.467280 0.100000 
0.100000 0.165919 1.269502 0.100000 1.397543 0.100000 0.261077 0.842345 1.194484 0.474283 0.100000 0.703519 0.949165 0.100000 0.100000 0.302408 0.800993 0.100000 0.451777 0.100000 0.639490 0.100000 0.359501 0.361659 0.100000 0.521809 0.364770 0.265401 0.100000 0.705160 0.288005 0.100000 0.100000 0.705902 0.100000 0.100000 1.142018 0.100000 0.700853 0.100000 0.240677 0.241501 0.876695 0.100000 0.100000 1.762691 0.587658 0.206272 0.271022 0.347197 0.803583 0.100000 0.653492 0.100000 0.256012 0.851038 0.524382 1.311476 0.678675 0.100000 1.905778 0.100000 0.100000 0.535039 0.100000 1.003851 0.472810 0.100000 0.100000 0.259627 0.907311 0.521649 0.685427 0.124863 1.306760 0.100000 0.752353 0.850877 
0.383437 0.707263 0.708128 1.220432 0.100000 0.118958 0.237999 0.495771 0.459536 0.470673 1.325144 0.100000 0.971644 0.583692 0.141661 0.311476 0.393898 0.100000 0.100000 0.140119 0.100000 0.301636 0.536230 0.714259 0.558070 0.411221 0.937995 0.910615 0.448760 1.452469 0.100000 0.325907 0.298539 0.100000 0.876199 0.100000 0.720991 0.350183 0.100000 0.549532 0.591126 0.100000 1.245258 1.050205 0.149147 0.276602 0.760286 0.484851 0.100000 0.104052 0.258734 0.225770 1.148603 0.100000 0.100000 0.715799 0.881276 0.100000 1.179648 0.703610 0.890226 0.301242 0.110854 0.899605 0.100000 0.111309 0.384940 0.100000 0.942716 0.100000 0.100000 0.100000 1.291873 0.818070 0.100000 0.100000 0.182024 0.760781 
0.100000 1.028444 0.242781 0.100000 0.724239 0.296211 0.100000 0.407200 0.997188 0.860238 0.487214 0.100000 1.138471 0.224394 0.100000 0.129263 0.110158 0.100000 0.100000 1.122271 1.018294 0.304125 0.642177 0.440788 0.100000 0.135841 0.100000 0.939212 0.372122 0.563995 0.338278 0.100000 0.333381 1.511520 0.518549 0.100000 0.718760 0.187901 0.100000 0.170767 0.100000 0.381562 1.676467 1.127698 0.423356 0.623115 0.764224 0.259622 0.905971 0.100000 0.798457 0.100000 1.114943 0.641825 0.100000 1.413744 0.100000 0.820820 1.293941 0.655909 0.505836 0.594006 0.582226 0.231372 0.451302 0.575751 1.019492 0.100000 0.620031 0.100000 0.285675 0.100000 0.729021 0.320592 0.100000 0.330238 0.100000 0.100000 
0.538566 0.100000 1.064094 0.117228 0.698782 0.606235 0.118128 0.100000 1.062936 1.209596 0.100000 0.115849 0.100000 0.419057 0.613211 1.157719 0.618856 1.137603 0.718713 0.807460 0.749806 0.332016 1.289116 0.174679 0.100000 0.341936 0.711443 0.100000 0.100000 0.778719 0.117462 0.255523 0.100000 0.627897 0.100000 1.110565 0.927330 0.100000 1.069591 0.625109 0.221267 0.926253 1.304732 0.742501 0.320317 0.650306 0.100000 1.135273 1.114845 1.519025 1.502788 0.100000 0.100000 0.368858 0.778427 1.363660 0.100000 0.100000 1.066526 0.100000 0.160756 0.694062 0.240855 0.125980 0.894477 0.454416 1.275365 0.937553 0.339979 0.210818 0.100000 0.511219 0.728835 0.727676 0.656084 0.661233 0.144754 0.100000 
0.218120 0.683815 0.522006 0.100000 1.410091 0.100000 0.100000 0.809332 0.132045 0.233583 1.323610 0.285171 0.795864 0.168667 0.979410 0.501116 1.172112 0.809475 1.352614 0.816425 0.300553 0.100000 0.709299 0.383197 0.100000 0.538646 0.740719 1.109732 0.100000 0.452807 0.593242 0.100000 0.100000 0.100000 0.245156 0.515647 0.100000 0.338560 0.906119 0.541508 0.978783 0.391757 1.045671 0.705017 0.488565 0.100000 0.240058 0.970743 0.499424 1.074512 1.252342 0.611444 0.100000 0.216330 0.100000 0.726257 0.141089 1.092662 0.984404 0.705657 1.132225 0.272166 0.152312 0.521063 1.085340 0.559789 0.632285 0.559648 1.024561 0.100000 0.100000 0.321795 0.100000 0.739796 0.806616 0.100000 0.686765 1.459735 
0.501478 0.100000 0.728545 0.100000 0.848072 0.100000 0.100000 0.100000 0.215636 0.611477 0.100000 0.538106 0.100000 0.524151 0.412050 0.100000 0.100000 0.221643 0.100000 0.490192 0.695864 0.100000 0.202180 0.981205 0.676385 0.100000 0.364375 0.992769 1.173788 0.346040 0.320190 0.249376 1.552603 0.311022 0.100000 0.100000 0.100000 0.322897 1.079828 0.100000 0.283400 0.122304 0.100000 0.100000 1.259371 1.060795 0.641338 0.100000 0.444528 0.364408 0.804713 0.100000 0.100000 0.538068 0.100000 1.138366 0.236390 0.316392 0.492299 0.630951 0.908041 1.471843 0.100000 0.100000 2.107469 0.743093 1.431553 0.100000 0.849268 0.638740 0.947921 0.100000 1.268669 0.233387 0.759571 0.689931 0.100000 0.598175 
0.862661 0.100000 1.261686 0.928361 0.100000 0.100000 0.100879 0.100000 1.202278 0.896853 0.448526 1.004319 0.100000 0.792601 0.145551 0.100000 0.586650 1.347077 0.100000 1.253674 0.269883 0.425002 0.759528 1.393060 0.425453 0.194612 0.999826 0.100000 1.003217 1.045719 0.140526 0.743144 0.115808 0.808884 0.100000 0.158762 0.124590 0.100000 0.325973 0.372040 0.314614 0.100000 0.780921 0.455087 0.890172 0.642311 0.100000 0.100000 0.441561 1.353178 1.476154 0.169619 0.100000 0.100000 0.100000 0.962972 0.499153 1.403295 1.150942 1.260155 0.732839 0.193090 0.448597 0.100000 0.955303 0.554583 0.100000 0.261929 0.532783 0.632843 0.100000 0.259575 0.667522 0.751191 0.836432 0.100000 0.607307 0.564060 
0.100000 0.100000 1.120302 0.100000 0.502426 0.100000 1.184185 0.100000 1.514018 0.624764 0.100000 0.769047 1.002484 0.100000 0.394784 0.423911 0.622377 0.100000 0.100000 1.281659 0.421934 0.883642 0.100000 0.540554 0.100000 0.490920 0.100000 0.846220 0.100000 0.418860 0.318908 0.154698 0.832502 0.100000 0.100000 0.100000 0.100000 0.218823 1.886703 0.100000 0.100000 0.256886 1.004287 0.250971 0.581619 0.517042 0.268468 0.100000 1.062866 0.262708 0.295364 1.095775 0.682544 0.100000 0.100000 1.306766 0.294804 0.523800 0.842725 0.649213 0.460553 0.100000 0.395212 0.100000 0.681556 0.870747 0.100000 0.263301 1.808920 0.288335 0.596663 0.312465 0.556286 0.968503 0.281108 0.581115 0.100000 0.385178 
0.100000 0.100000 0.862613 0.144922 0.100000 0.100000 0.516599 0.493133 0.349507 1.254195 0.100000 0.100000 1.304485 0.290904 0.659576 0.100000 0.886584 0.227381 0.100000 0.499724 0.474664 0.100000 0.579543 0.423180 0.423359 0.245752 0.100000 0.100000 0.100000 0.457183 0.100000 0.589955 0.638802 0.567677 0.386256 0.851952 0.676664 0.250454 1.522844 0.319341 0.100000 0.572977 0.475851 1.133035 0.100000 1.050249 0.100000 0.564356 1.347980 0.829958 1.205857 0.574482 0.726675 0.100000 0.875966 0.432569 0.407943 1.113805 0.738052 1.215598 0.659530 0.249140 0.100000 1.259910 0.895094 0.146759 1.182605 0.230312 0.797396 0.836369 0.345763 0.102077 1.185039 0.805460 1.421344 0.100000 0.823399 0.380287 
0.100000 0.100000 0.100000 0.520488 0.646972 0.838404 0.608202 0.567431 0.949582 0.559488 0.100000 0.100000 1.193570 0.601465 0.100000 0.400887 0.973041 0.105748 0.100000 0.100000 0.100000 0.301958 1.019169 0.373255 0.907979 0.939996 1.415723 0.918000 0.288827 0.100000 0.409272 0.189212 0.792642 0.667534 0.100000 0.100000 0.100000 0.100000 0.378152 0.410862 0.100000 0.100000 1.164489 1.814769 0.759945 0.100000 0.100000 0.393182 0.764057 0.473098 1.242017 0.100000 0.948548 0.124076 0.385142 0.485164 0.242732 0.901150 0.510936 0.515615 0.912759 0.100000 1.416855 1.260195 0.100000 0.867719 1.229482 0.316677 1.381283 0.563602 0.100000 0.796673 0.887420 0.403481 0.100000 0.336387 0.100000 0.135827 
0.837311 0.100868 1.222421 0.100000 0.453931 0.187605 0.100000 0.100000 0.100000 1.395540 0.100000 1.257961 0.100000 0.299251 0.744749 0.999361 0.100000 1.173306 0.100000 0.100000 0.425789 0.554779 1.456456 0.100000 0.100000 0.586846 0.100000 0.292088 0.729197 0.986317 0.100000 0.201408 0.100000 0.618772 0.781183 0.100000 0.423706 0.100000 0.333193 0.100000 0.100000 0.455861 0.230240 1.013834 0.150000 0.581530 0.325742 0.405473 0.100000 0.979678 2.335650 0.100000 0.990336 0.791011 0.376349 0.795314 0.100000 1.166849 1.354107 0.718365 0.100000 0.100000 0.100000 0.737208 0.922630 1.037300 0.100000 0.675298 0.488049 0.502003 0.100000 0.389951 0.251925 0.100000 0.100000 0.609311 0.443175 0.455038 
0.100000 0.982711 1.114147 0.100000 0.261995 0.190923 1.444486 0.100000 0.100000 0.100000 0.100000 0.100000 0.490350 0.100000 0.453106 0.100000 0.100000 0.608428 0.306700 0.341260 0.100000 0.100000 0.100000 0.100000 0.100000 0.361360 0.159177 0.222370 0.100000 0.100000 0.255737 0.100000 0.100000 0.100000 0.195787 0.949293 0.444537 0.297439 0.270962 0.100000 0.308400 0.100000 1.033813 0.633034 0.687440 0.434559 0.439776 0.433583 1.392997 0.774600 1.312857 0.410012 0.100000 0.100000 0.154014 0.662036 0.596037 0.603546 0.383655 1.500131 1.559715 0.670805 0.274850 0.465298 0.617487 1.044144 0.151788 0.725088 1.693645 0.645418 1.416655 1.041108 0.204524 1.676630 0.273146 0.630938 0.100000 0.100000 
0.107960 0.100000 0.430670 0.100000 0.477705 0.634453 0.100000 0.100000 1.644862 0.561804 0.230156 0.307097 0.100000 0.100000 0.261243 0.197380 0.466357 0.100000 0.100000 0.823694 1.136786 0.419396 0.251503 0.321611 1.022383 0.502366 0.674706 0.100000 0.100000 0.112554 0.100000 1.223987 0.100000 1.114184 0.136527 0.151686 0.997660 0.933627 0.129590 0.150868 0.477850 1.463601 1.360018 0.100000 0.762051 0.512001 0.100000 0.410187 0.567988 0.100000 1.390225 0.660040 0.616520 0.169495 0.601106 0.932163 1.310295 0.670041 0.782673 0.314636 0.970069 0.117780 0.403597 0.100000 0.449799 0.100000 0.298260 0.966690 1.150708 1.120908 0.650691 0.100000 0.107443 0.389044 0.497891 0.439279 0.100000 0.727445 
0.350985 0.239848 0.570240 0.100000 0.100000 0.100000 0.100000 0.787442 0.525121 0.396251 0.100000 0.100000 0.470719 0.100000 0.100000 0.889651 0.539458 0.855800 0.100000 0.444648 0.248250 0.457762 1.630254 0.166580 0.748622 0.605876 0.100000 0.166966 0.828402 0.804302 0.823666 0.491882 0.100000 0.697972 0.100000 0.925258 0.962070 0.713281 0.100000 0.100000 0.170582 0.100000 0.281673 0.832476 0.487649 0.100000 0.100000 0.331478 1.211479 0.100000 1.076595 0.117637 0.540045 0.297605 0.100000 0.816783 1.084332 1.175058 1.212916 0.100000 0.841973 0.100000 0.472145 0.325918 1.458773 1.030060 0.549937 0.100000 0.690222 0.629048 0.100000 0.689359 0.620185 0.371883 0.740952 0.952351 0.100000 0.524426 
0.309909 0.529030 0.393984 0.100000 0.100000 0.100000 0.309808 0.185117 0.100000 0.200001 0.100000 0.100000 1.166242 0.931582 0.329747 0.126960 0.100000 0.275405 0.100000 0.703666 0.405141 0.112477 0.842778 0.185370 1.018600 0.484708 0.277744 0.151147 0.339952 0.913018 0.100000 0.100000 0.458952 0.738413 0.100000 0.100000 0.100000 0.100000 0.257421 0.738832 0.554589 0.539686 0.993475 0.382317 0.249068 1.277578 0.100000 0.100000 0.602728 0.381633 1.378183 1.164672 0.796698 0.100000 0.153718 0.921722 0.945425 0.100000 1.546526 1.149229 0.287559 0.100000 0.434544 0.920818 0.500417 0.380924 0.449055 0.738279 0.376569 0.100000 0.281790 0.100000 1.115436 0.462607 0.407564 0.100000 0.253977 0.841307 
0.351150 0.100000 0.581350 0.901327 0.100000 0.100000 0.100000 0.651453 0.239312 0.100000 0.661443 0.504381 0.100000 0.281484 0.100000 0.100000 0.335730 0.686262 0.644260 0.100000 0.100000 0.100000 1.323612 1.050392 0.100000 0.100000 0.236857 0.100000 0.597632 1.458487 0.829343 0.576945 0.100000 0.301326 0.100000 0.100000 0.895468 0.100000 0.583098 0.847752 0.588595 0.656484 0.754888 1.416542 1.408806 0.503067 0.767924 0.100000 1.093518 0.340729 0.884947 0.871119 0.494851 0.654516 0.336554 0.704037 0.827963 0.100000 1.229373 0.644502 0.647920 0.100000 0.100000 0.535611 0.100000 0.100000 0.359043 0.100000 1.843431 0.950095 0.919195 1.542066 0.100000 1.137191 0.388610 0.792193 0.100000 0.593134 
1.075861 0.100000 0.466016 0.100000 0.677149 0.568279 1.319281 0.538611 1.192342 0.948935 0.185375 0.100000 0.775891 0.100000 0.288893 0.349569 0.188546 0.928796 0.802537 0.708326 0.761788 0.100000 0.310975 1.303621 0.231469 0.488676 0.100000 0.247199 0.914981 0.717111 0.502186 0.793349 0.779968 1.247317 0.290301 0.642034 0.100000 0.722581 0.100000 0.100000 0.100000 0.764260 0.942773 0.213624 0.100000 1.390508 0.468998 0.100000 0.890539 0.199062 0.607699 1.438500 1.126538 0.471581 0.563799 0.632276 0.790574 0.100000 0.338440 0.345874 0.706946 0.100000 0.847578 0.470105 0.426871 0.731187 1.202282 1.182216 0.622415 0.614431 1.007226 0.677440 0.222840 0.100000 0.400363 0.434335 0.100898 1.461720 
0.467625 0.505897 1.294645 1.154683 0.447846 0.100000 0.100000 0.681841 0.523603 0.190356 0.100000 0.100000 0.659481 0.644401 1.184625 0.100000 0.471706 0.100000 0.250197 0.453335 0.455222 0.209948 1.163788 0.147675 0.100000 0.100000 0.855944 0.240181 0.439620 1.047004 0.495391 0.100000 0.100000 0.649402 0.100000 1.162557 0.120372 0.559325 0.100000 0.281705 0.448655 0.722751 1.299337 0.634717 0.764074 0.430762 0.100000 0.416425 0.811616 0.340450 0.752833 0.153672 0.797575 1.349822 0.267335 1.078110 0.259993 1.322158 0.147581 0.100000 1.455320 0.257105 0.100000 0.464861 1.229047 0.848948 0.277861 0.563473 0.676719 0.100000 1.326228 0.908264 1.011159 0.276055 1.130670 0.115210 0.315505 0.100000 
