91 Number of operations
24 Number of workers
Standard production times
0.100000 0.602455 0.699825 0.661861 0.100000 0.100000 0.410393 0.567666 0.431712 0.167224 0.550548 0.275355 0.322699 0.341353 0.233765 0.777684 0.313390 0.160825 0.100000 0.281952 0.100000 0.372588 0.216662 0.668626 0.380235 0.232537 0.946675 0.194880 0.461450 0.298222 0.100000 0.240862 0.548723 0.100000 0.374653 0.316266 0.484372 0.100000 0.525799 0.277070 0.420692 0.433360 0.166820 0.593064 0.452340 0.204464 0.403261 0.668273 0.334650 0.719625 0.646362 0.311591 0.478940 0.619504 0.100000 0.406545 0.160761 0.627359 0.332584 0.813704 0.484214 0.321417 0.274257 0.456260 0.301727 0.729612 0.100000 0.659738 0.441721 0.530056 0.332076 0.721951 0.146986 0.384195 0.677925 0.415197 0.729354 0.525274 0.231321 0.585079 0.407309 0.270360 0.448721 0.565054 0.348592 0.371772 0.154998 0.572328 0.467311 0.541627 0.612902 
Production times: workers row and ops columns
0.100000 1.049660 1.088426 0.514027 0.100000 0.338877 1.098064 1.591969 0.229010 1.434791 0.576135 1.281897 0.100000 0.361844 0.791415 0.507577 0.100000 0.789381 0.100000 1.312276 0.100000 0.100000 0.150951 0.186656 0.867105 0.469444 0.509022 0.423419 0.313827 0.635831 0.100000 0.100000 0.197093 0.467884 0.371941 0.562936 0.600741 0.100000 0.100000 0.100000 0.619471 0.100000 0.171914 0.279329 0.100000 0.100000 0.353402 0.818037 0.100000 0.678782 0.503060 0.560402 0.634498 0.100000 0.100000 1.036638 0.100000 0.863466 0.284723 1.092649 0.804399 1.300674 0.251433 0.758747 0.172438 1.111919 0.100000 1.040701 0.543098 0.838359 0.100000 1.674114 0.100000 0.814973 0.590991 0.100000 0.370596 0.544401 0.805570 0.367346 0.100000 0.313790 0.100000 0.448357 0.100000 0.304179 0.274687 1.465382 0.548416 0.143353 1.148861 
0.100000 1.021333 0.706872 0.241775 0.474808 0.491960 0.174525 0.461184 0.260121 0.100000 0.622492 0.100000 0.148255 0.590415 0.706475 0.997255 0.556797 0.100000 0.100000 0.844474 1.051067 0.357085 0.806968 0.549124 0.587199 0.812480 0.431016 0.100000 1.376779 0.413333 0.100000 0.550705 0.100000 0.200247 0.333571 0.100000 0.281911 0.100000 0.150308 0.558629 0.383932 0.100000 0.134605 0.677119 1.166975 0.351919 0.518924 0.507058 0.758666 1.370250 0.785392 0.321982 0.431646 0.471065 1.063897 0.100000 0.100000 0.793905 0.100000 1.305825 0.163886 0.100000 0.554811 0.876966 0.481995 0.789690 0.126394 0.850194 0.100000 0.364816 1.010455 0.426233 0.100000 0.135933 1.409713 0.664861 0.100000 1.392146 1.088887 1.030756 0.605638 0.838867 0.100000 0.628811 0.334455 0.100000 0.100000 0.488684 1.324841 0.121102 0.269074 
0.270574 0.967487 1.672003 0.565666 0.100000 0.361083 0.685963 0.100000 0.177266 0.100000 0.100770 0.605413 0.464194 0.112421 0.195641 1.168750 0.146659 0.346874 0.100000 0.100000 0.506926 0.100000 0.100000 0.558719 0.558847 0.100000 0.645102 0.100000 1.459474 0.100000 0.100000 0.254204 0.681682 0.100000 0.489691 0.213305 1.116013 0.100000 0.100000 1.120033 0.836691 0.100000 0.250090 1.075451 0.500527 0.271973 0.326956 1.721701 0.100000 0.656131 0.216144 0.469639 0.100000 0.100000 0.193545 0.929602 0.437699 0.100000 0.992182 1.199058 0.329238 0.100000 0.389024 0.428015 0.842477 1.137185 0.577933 0.594539 0.411625 0.882611 0.855860 0.195031 0.100000 0.399031 0.969049 0.196912 1.389918 0.410260 0.100000 0.247118 0.529590 0.100000 0.130153 0.100000 0.320549 0.100000 0.100000 0.971867 0.555536 0.624702 0.265815 
0.100000 0.100000 1.106412 0.846708 0.100000 1.062184 0.100000 0.499314 0.671689 0.151894 0.287205 0.153224 0.809325 0.100000 0.100000 0.730758 0.617529 0.100000 0.318665 0.502210 0.100000 0.519054 0.263077 0.100000 0.273427 0.100000 1.749575 0.111023 0.679755 0.668819 0.100000 1.727849 0.666223 0.500673 0.690714 0.100000 1.173321 0.366746 1.031145 0.618115 0.100000 0.614941 0.867427 1.063787 0.385778 0.842817 1.124931 0.808556 0.100000 0.854483 0.100000 0.683616 0.648386 0.438633 0.100000 0.100000 0.349709 0.100000 0.131960 1.188440 0.658798 0.100000 0.287343 0.100000 0.100000 0.191084 0.100000 0.907611 0.100000 0.816342 0.731272 1.126982 0.100000 0.100000 0.714038 0.590824 0.124688 0.463791 0.424743 1.032501 0.198845 0.100000 0.773657 0.588867 0.936077 0.631153 0.100000 0.795679 1.231695 1.387659 0.358131 
0.100000 0.355395 0.835425 1.151448 0.468218 0.100000 0.499446 0.487404 0.100000 0.100000 0.100000 0.100000 0.824076 0.100000 0.100000 0.513647 0.500565 0.371545 0.100000 0.758294 0.343796 0.100000 0.100000 0.984927 1.188193 0.522132 0.100000 0.953866 0.713728 0.654920 0.444878 0.100000 0.100000 0.101842 0.653028 0.100000 0.244508 0.100000 0.468295 0.345968 0.119706 0.100000 0.243262 0.201962 0.884201 1.520287 0.606624 0.227446 0.100000 0.100000 0.779153 0.100000 0.541715 0.822818 0.937192 0.838569 0.600559 1.513788 0.100000 1.921080 0.982361 0.100000 0.517221 0.123288 0.270379 0.100000 0.672186 0.252387 1.841551 0.601588 0.100000 1.463069 0.340075 0.100000 0.570715 0.100000 0.100000 0.100000 0.100000 0.100000 0.129082 0.211867 0.100000 0.100000 1.174422 0.100000 0.100000 1.171878 0.100000 1.133063 0.485216 
0.488268 0.934519 0.100000 0.259323 0.597531 0.100000 0.120354 1.050936 0.682560 0.100000 0.713956 0.722667 0.124566 0.117437 0.664339 0.719382 0.501066 0.133093 0.214847 1.097062 0.100000 0.602762 0.625149 1.245052 0.100000 0.100000 0.836798 0.291794 1.162346 0.100000 0.100000 0.138182 0.876234 0.100000 1.173384 0.899898 0.283384 0.612088 1.470820 0.100000 0.765452 0.962133 0.100000 0.702579 0.829854 0.232924 0.100000 0.578052 1.332634 0.996184 1.338012 1.438952 0.318949 0.100000 0.100000 1.619564 0.172796 0.330087 0.986310 0.100000 0.565876 0.984371 0.864056 1.070627 0.100000 0.915936 0.619105 0.100000 0.307403 1.005556 0.100000 0.112887 0.100000 0.100000 1.304662 0.100000 0.289309 1.054046 0.100000 0.100000 0.941834 0.269516 0.100000 0.100000 0.307155 0.100000 0.100000 0.555368 1.543839 0.100000 0.727242 
0.303707 0.100000 1.137817 0.855342 0.100000 0.153837 0.920376 1.862735 0.858947 0.168444 0.181761 0.100000 0.100000 0.100000 0.100000 0.293034 1.108817 0.216078 0.432695 0.355718 0.360288 0.201212 0.582671 0.783478 0.100000 0.740559 1.608239 0.496166 0.530043 0.865191 0.100000 0.947337 0.100000 0.100000 0.625947 0.100000 0.781248 0.371748 0.100000 0.213326 1.004214 0.910757 0.100000 0.100000 1.343406 0.702562 0.119517 1.352352 0.592116 0.622991 0.100000 0.100000 0.100000 0.117576 0.100000 0.213602 0.100000 0.711401 0.219865 1.287628 1.043602 0.100000 0.427753 0.100000 0.538520 0.887492 0.100000 0.492485 0.569383 0.564052 0.100000 0.768319 0.100000 0.409513 0.814916 0.779273 0.778603 0.117774 0.100000 1.171755 1.547689 0.100000 1.555016 0.356228 0.100000 1.280610 0.408916 0.751451 0.218089 0.519576 0.536738 
0.100000 1.183991 0.982228 0.100000 1.098584 0.444729 0.732657 0.441383 0.124468 0.100000 0.527012 0.100000 0.693227 0.423298 0.100000 0.167015 0.100000 0.100000 0.304649 0.100000 0.220644 0.926847 0.100000 0.337907 0.124873 0.175124 1.085015 0.647366 1.429064 0.100000 0.100000 0.100000 0.349042 0.546717 0.915869 0.518169 0.101036 0.100000 0.734622 0.292516 0.296195 0.100000 0.100000 0.203768 0.529054 0.735579 0.100000 0.592342 0.100000 1.387509 0.107374 0.100000 0.839844 0.695495 0.100000 0.552829 0.100000 0.100000 0.565062 0.667897 0.100000 0.100000 0.100000 1.005278 0.100000 0.871863 0.100000 1.438331 0.799136 1.023367 0.590119 0.486470 0.193143 0.681580 0.968231 0.100000 0.774670 0.806977 0.100000 0.100000 0.506876 0.937181 0.100000 1.050628 0.100000 0.570389 0.335311 0.100000 0.100000 0.100000 0.100000 
0.100000 0.661050 0.354859 0.844546 0.565918 0.244753 0.862935 1.116442 0.100000 0.685430 0.231247 0.535903 0.597537 0.100000 0.560501 1.614711 0.849457 0.100000 0.100000 0.214749 0.100000 0.468438 1.127853 1.043536 0.415047 0.100000 0.444817 0.567227 0.100000 0.541070 0.764565 0.330092 0.573110 0.100000 0.633724 0.307430 1.325877 0.273088 0.855477 0.382869 0.100000 0.351634 0.100000 0.690859 0.655982 0.100000 0.997521 1.490055 0.264674 1.253804 1.749598 0.100000 0.894598 0.387502 0.451286 1.166832 0.118678 0.674582 0.234171 1.033417 0.277115 0.100000 0.180423 0.171175 0.199325 0.552175 0.190681 1.219783 1.115157 1.009004 0.306539 0.510879 0.100000 0.100000 0.631435 0.100000 0.209751 0.273186 0.319143 0.516147 0.234279 0.100000 0.100000 0.410468 0.705346 1.114704 0.100000 0.410274 0.719055 0.392821 1.516433 
0.100000 1.681919 0.100000 1.336586 0.100000 0.100000 0.455645 0.283616 0.100000 0.100000 0.423529 0.749054 0.290404 0.682575 0.100000 1.459124 0.290593 0.100000 0.100000 1.010512 0.100000 0.100000 1.316907 1.123483 0.190149 1.032796 0.859574 0.100000 0.127005 0.100000 0.100000 1.115518 0.330161 0.100000 0.100000 0.105691 0.743324 0.386352 0.939071 0.536590 0.100000 0.434445 0.100000 0.335254 0.325571 0.100000 0.100000 0.215432 1.049188 0.657224 0.711916 0.265675 0.967404 0.838024 0.188381 0.895943 0.913955 0.852319 0.420741 0.947396 1.166593 0.100000 0.770655 0.492935 0.718405 0.340177 0.100000 0.242202 0.129797 0.494088 0.100000 0.402469 1.182446 0.100000 0.410356 0.639750 0.124128 0.313926 0.509801 0.100000 0.100000 1.077436 1.633148 0.727000 0.100000 0.100000 0.100000 0.201561 0.244154 0.258533 0.760372 
0.252405 0.100000 0.282356 0.100000 0.156942 0.100000 0.697869 0.464298 1.091341 0.100000 0.422095 0.318840 0.100000 0.185787 0.290300 1.063384 0.740736 0.100000 0.809585 0.385376 0.100000 0.256149 0.468801 0.383076 1.059627 0.981657 0.769261 0.100000 0.100000 0.869026 0.622948 0.100000 0.764354 0.382753 0.336124 0.100000 1.649938 0.276467 1.027305 0.100000 0.362992 0.868025 0.100000 1.543282 0.327207 1.033174 0.259259 0.706933 0.589201 0.127624 0.837321 0.195616 1.436979 1.196696 0.100000 0.764433 1.176019 0.100000 1.159728 0.466612 0.403481 0.145974 0.850287 1.168441 0.100000 0.100000 0.100000 0.100000 0.568060 0.595222 0.100000 0.880881 0.174050 0.100000 0.921838 0.660752 0.367187 0.838706 0.952764 1.296084 0.110947 0.100000 1.067861 1.204069 0.100000 0.330604 0.100000 0.587026 0.156919 0.840393 0.836038 
0.100000 0.284063 1.327066 0.984992 0.100000 0.100000 0.922949 0.100000 0.100000 0.100000 0.836205 0.100000 0.405187 0.759363 0.336227 0.969053 1.057963 0.327517 0.100000 0.995871 0.328383 0.766495 0.100000 0.243807 0.873159 0.141745 0.211123 0.957720 0.229222 0.513341 0.100000 0.100000 0.352032 1.350717 0.652423 0.100000 0.753367 0.485644 1.054572 0.100000 0.500252 0.100000 0.100000 0.704710 0.100000 0.100000 0.100000 0.355868 0.332452 0.791005 0.100000 0.525359 1.210529 0.100000 0.100000 0.604294 0.100000 0.826570 0.736858 0.172353 1.407488 0.220907 0.100000 0.344961 0.477404 0.837071 0.100000 1.057633 0.100000 0.927942 0.912993 0.154862 0.100000 0.100000 0.410413 0.100000 0.705514 0.373384 0.100000 0.136051 0.244810 0.648894 0.349772 0.515288 0.634956 0.100000 0.100000 0.428021 1.203857 1.900971 1.090882 
0.100000 1.013580 1.391123 1.137529 0.349299 0.100000 0.347517 0.647955 0.581527 0.122288 1.864066 0.100000 0.100000 0.275142 1.184439 1.508267 0.617618 0.312776 0.679596 1.431464 0.100000 0.204568 1.465248 0.100000 0.497269 0.100000 1.645696 0.100000 0.192845 0.135504 0.221181 0.241671 0.542511 0.144155 0.724193 0.677923 0.100000 0.495101 0.100000 0.100000 0.100000 1.143020 0.100000 0.522842 0.100000 0.542267 0.331942 0.100000 0.323361 0.225454 0.269379 0.392601 0.885689 1.305008 0.303586 0.100000 0.301694 0.532680 1.155768 0.800601 0.100000 0.100000 1.745443 0.720457 0.957030 0.878645 0.100000 0.426987 0.437663 0.100000 0.195452 0.573558 0.100000 0.876793 0.264485 0.100000 0.725301 0.864392 0.100000 0.474339 0.100000 0.100000 0.554587 1.125028 0.100000 0.209061 0.376582 1.123275 0.935902 0.100000 0.100000 
0.100000 0.333701 0.469903 1.186831 0.900575 0.566546 0.736746 1.198279 0.586852 0.349461 0.624837 0.971779 0.100000 0.884974 0.100000 0.278135 0.100000 0.100000 0.100000 0.328953 0.100000 0.602003 0.280818 0.916465 0.289468 0.542610 0.451608 0.660888 0.312946 0.606325 0.539842 0.926756 0.900187 0.373774 0.347371 0.100000 0.885679 0.664683 0.100000 0.330474 0.100000 0.937090 0.542712 1.620358 0.784509 0.115096 0.697275 1.314909 0.649601 1.612754 0.681377 0.357949 1.267656 0.944984 0.100000 1.010453 0.100000 0.500156 0.220617 1.251223 0.100000 0.100000 0.100000 0.100000 0.100000 0.442667 0.538428 1.676090 0.100000 0.299066 0.100000 0.440583 0.508449 0.100000 0.453529 0.867190 0.886326 0.278868 0.531928 0.100000 0.722543 0.100000 1.042028 0.858935 0.100000 1.195791 0.100000 1.014049 0.209019 1.147247 0.474771 
0.527436 0.100000 1.192031 0.854371 0.255403 0.100000 0.100000 0.438933 0.478008 0.100000 0.908511 0.386540 0.963854 0.166272 0.137951 0.206574 0.100000 0.100000 0.100000 0.252314 0.100000 0.323435 0.368056 0.100000 0.684745 0.100000 0.836419 0.365647 0.983755 0.100000 0.690471 0.500395 0.350744 0.100000 0.100000 0.520976 0.437299 0.858379 0.568039 1.366697 0.100000 0.511572 0.629367 1.194441 0.677721 0.772660 0.317961 0.468145 0.300880 0.212009 1.472537 1.514999 0.167831 0.348360 0.100000 0.958236 0.358903 0.100000 0.841688 0.100000 0.288231 0.100000 0.446250 0.100000 0.100000 1.347206 0.240680 0.382079 0.706805 1.024883 1.055425 0.721935 0.100000 0.662407 0.961481 0.132719 1.770891 0.100000 0.230409 0.597959 0.100000 1.064229 0.100000 1.191895 0.100000 1.114187 0.429454 0.657272 1.137187 0.100000 0.483841 
0.100000 0.763572 0.486853 1.017182 1.119142 0.100000 0.286577 0.678739 1.280453 0.472760 0.100000 0.137031 0.100000 0.868370 0.100000 0.494428 0.413584 0.100000 0.100000 0.490092 0.100000 0.339590 0.668000 1.825965 0.896973 0.100000 1.160770 0.100000 1.032694 0.100000 0.100000 0.100000 0.384371 0.100000 0.369780 0.100000 0.514348 0.100000 0.100000 0.100000 0.599564 1.158807 0.683142 0.204639 0.943459 0.796275 0.275346 0.975754 1.392488 1.162482 0.467741 0.966582 0.100000 0.475286 0.100000 0.236591 0.775946 0.372371 0.367281 0.746070 0.275836 0.100000 0.100000 1.141671 0.419216 0.348874 0.740333 0.410572 0.528304 0.590853 0.271978 0.197887 0.100000 1.454469 0.725787 0.408551 0.210622 1.130690 0.634908 0.997002 0.100000 0.423815 0.100000 0.100000 0.109717 0.100069 0.950539 1.026629 1.763094 0.315855 1.490235 
0.100000 0.928817 0.579936 0.182167 0.533356 0.100000 0.100000 1.639826 0.116576 0.434497 0.801996 0.404890 0.100000 0.100000 0.100000 0.692521 0.278864 0.383467 0.100000 0.100000 0.100000 0.100000 0.100000 0.243864 0.100000 0.100000 1.673783 0.147543 0.100000 0.100000 0.100000 0.526682 0.100000 0.127851 0.598151 0.304452 0.100000 0.268761 1.019821 0.100000 1.110349 0.851298 0.128308 0.801392 0.453434 0.100000 0.838381 0.701319 1.137859 1.000625 0.100000 0.100000 0.366556 0.490239 0.100000 0.100000 0.100000 0.884352 0.361569 1.367028 0.948629 0.505604 0.780464 1.019873 0.367954 0.527909 0.162216 0.688386 0.372719 0.100000 0.587038 0.100000 0.100000 0.100000 1.138947 0.501156 0.100000 0.893427 0.100000 1.685722 0.156426 0.325011 0.908471 0.768734 1.121782 0.100000 0.343321 1.048457 0.583473 1.263073 1.136882 
0.235857 1.016105 0.474509 0.478497 0.100000 0.424973 0.693939 0.597920 0.299899 1.043046 0.100000 1.305525 0.526582 0.100000 0.396948 0.410079 0.834334 0.100000 0.630167 0.100000 0.100000 0.659285 0.101498 0.100000 0.311413 0.100000 1.182919 0.694097 0.709936 0.449344 0.100000 0.573978 0.778373 0.100000 0.100000 0.851321 0.100000 0.619991 0.840952 0.100000 0.100000 0.371209 0.254083 0.822876 1.391937 0.747532 0.100000 0.921640 0.316886 0.643457 0.966760 0.584232 0.491355 1.663494 0.100000 0.100000 0.100000 0.320367 0.100000 0.276794 0.100000 0.219807 0.727371 1.104822 0.401840 0.817158 0.260602 0.366408 0.345461 0.154450 1.177076 0.991801 0.172616 0.898791 0.581019 1.141310 0.952055 0.100000 0.186144 0.100000 0.181157 0.408912 0.112721 0.652225 0.235038 0.525576 0.100000 1.223036 0.180690 0.686699 0.100000 
0.100000 0.717801 0.100000 0.230611 0.100000 0.483547 0.100000 0.416705 0.100000 0.100000 0.636775 0.100000 0.406836 0.100000 0.726612 1.022548 0.319332 0.100000 0.146747 1.089304 0.204330 1.138774 0.534204 0.455625 0.451996 0.185677 0.473593 0.655259 0.100000 0.100000 0.100000 0.504113 0.853592 0.278506 0.380309 0.392020 0.841302 0.100000 1.180628 0.100000 0.100000 0.592091 0.100000 0.600812 0.103063 0.718753 0.566777 0.186335 0.520304 0.618201 0.100000 0.100000 0.795743 1.032898 0.100000 0.873597 0.100000 0.734230 0.166815 1.168683 0.382234 0.100000 0.100000 0.539230 0.100000 1.093127 0.100000 0.100000 0.361582 0.668359 0.613789 0.634661 0.100000 0.100000 1.231796 0.780640 0.100000 0.420981 0.140963 0.939755 0.368239 0.100000 0.799448 0.197114 0.663369 0.958419 0.100000 0.100000 0.100000 0.100000 0.100000 
0.100000 0.653424 1.707157 0.476569 0.990224 0.100000 0.354959 0.931452 0.100000 0.823733 1.165444 0.827550 0.100000 0.621402 0.109369 1.292117 0.475830 0.827316 0.100000 0.100000 0.732284 0.468293 0.125989 0.100000 0.858120 0.100000 1.302380 0.100000 1.314502 0.100000 0.672538 0.430313 0.772321 0.241507 0.592688 0.290303 0.744213 0.170533 0.663234 0.968416 0.100000 0.100000 1.016742 0.977628 0.100000 0.100000 0.386890 0.342054 0.730213 0.869974 0.776439 0.236562 0.401906 0.923938 0.623854 0.571923 1.045503 0.236277 0.100000 1.220629 0.595347 0.422548 0.442696 0.100000 0.100000 0.144116 0.100000 0.653044 0.100000 1.524865 0.368051 0.585381 0.441288 0.100000 0.647259 0.100000 0.207245 0.706804 0.100000 0.100000 0.100000 0.173298 1.241270 0.100000 0.100000 0.105321 0.573009 0.608644 0.676969 1.000918 0.100000 
0.100000 0.206718 1.352980 0.100000 0.100000 0.100000 0.100000 0.367669 0.444529 0.517544 0.116997 0.100000 1.041107 0.707770 0.100000 0.527356 0.369212 0.100000 0.125412 0.860080 0.844007 0.955561 0.100000 1.440506 1.061838 0.272451 0.677467 0.801570 1.218833 0.662492 0.100000 0.298130 0.501922 0.100000 0.859773 1.291608 0.100000 1.109999 0.709438 0.100000 1.578448 0.914152 0.436372 0.799399 0.110050 0.107640 1.149659 1.221789 0.126443 1.179499 0.867297 0.579580 0.392417 1.419938 0.100000 0.151593 0.100000 0.611290 0.100000 0.548470 0.607678 0.156817 0.549689 0.172877 0.100000 0.586754 0.100000 0.189203 0.616815 0.604643 0.100000 0.346860 0.100000 0.491224 1.039400 0.758261 1.283999 1.285240 0.156375 0.100000 0.782540 0.761767 0.667250 0.773400 0.147112 0.621432 0.100000 1.247214 1.106421 0.712839 1.642486 
0.100000 0.607075 0.100000 0.415070 0.100000 0.100000 0.651307 0.559633 0.568668 0.100000 0.641824 1.170965 0.489581 0.271530 0.129761 0.569389 0.100000 0.100000 0.100000 0.100000 0.354923 0.100000 0.100000 0.893204 0.426369 0.180458 0.899287 0.315198 0.100000 1.217024 0.591834 0.241775 0.255143 0.610965 0.284054 0.772431 1.106874 0.100000 0.978288 1.139749 0.198540 0.218691 0.251935 0.100000 0.100000 0.494830 0.713302 0.100000 0.100000 0.329142 0.100000 0.411027 0.258476 0.992144 0.533219 0.100000 0.874367 0.781241 0.100000 0.828274 1.388519 0.636452 0.712409 1.262950 0.100000 0.908946 0.100000 1.020199 0.327554 0.243808 0.100000 0.650457 0.108302 0.398720 0.492399 0.983447 0.512974 0.686533 0.100000 0.664967 0.734206 0.100000 0.734386 0.211604 0.100000 0.241779 1.110069 0.565736 0.338512 0.100000 0.418710 
0.730164 0.700705 0.100000 1.968378 0.100000 0.100000 0.413414 0.801538 0.100000 0.321275 0.992174 0.827378 0.100000 0.193259 0.100000 1.087837 0.100000 0.100000 0.100000 0.815051 0.685320 0.100000 0.100000 0.472362 0.709677 0.100000 0.812906 0.116142 0.386416 0.100000 0.183725 0.449478 0.833236 0.211362 0.460033 0.509071 0.100000 0.827667 1.154773 0.615060 0.754586 0.708645 0.795364 0.897449 0.100000 0.362825 0.529866 0.349535 0.586727 0.724544 0.327314 0.100000 0.280259 0.556415 0.385620 0.195616 0.667686 0.651515 0.630505 1.576200 0.651822 0.322995 0.100000 0.992682 0.100000 1.445248 0.358518 0.240448 0.450995 0.705078 0.620884 0.606756 0.100000 0.758587 0.721551 0.446031 0.735031 0.337181 0.100000 1.289000 0.187566 0.100000 0.674128 0.854968 0.100000 0.135628 0.806152 0.947387 0.953132 0.436801 0.100000 
0.100000 0.605401 0.500239 0.100000 0.559156 0.405568 0.100000 0.371486 0.427959 0.246910 0.100000 0.100000 0.100000 1.594980 0.369369 1.175349 0.100000 0.100000 0.100000 0.498766 0.100000 0.100000 0.375068 0.680125 0.198662 0.100000 1.132078 0.100000 0.360305 0.934721 0.990706 0.226538 0.100000 0.100000 0.100000 0.748581 0.304115 0.100000 1.173964 0.148697 0.677519 1.205920 0.808352 1.289707 0.464905 0.100000 0.442492 0.892550 0.326135 1.334859 0.696819 0.282160 0.100000 0.630402 1.025744 0.973530 0.384679 0.249967 0.238580 1.114998 0.341686 0.100000 0.568340 0.100000 0.100000 1.130686 0.100000 0.330357 0.104556 0.367562 0.100000 0.850866 0.351193 0.294453 0.100000 0.100000 0.792143 0.219181 0.100000 0.696623 0.453954 0.206919 0.851461 0.416949 0.100000 0.553099 0.457342 0.480279 0.516863 1.100659 0.771501 
