82 Number of operations
25 Number of workers
Standard production times
0.290051 0.119425 0.716550 0.190971 0.451519 0.100000 0.100000 0.336942 0.571636 0.414269 0.100000 0.116889 0.577166 0.526380 0.408052 0.219375 0.435065 0.438886 0.292950 0.555470 0.434268 0.311430 0.740981 0.584869 0.139028 0.323885 0.251275 0.312576 0.314710 0.676281 0.419674 0.326109 0.145356 0.602997 0.103788 0.342580 0.388635 0.242379 0.413542 0.192219 0.347265 0.507650 0.705652 0.791335 0.495640 0.423869 0.228507 0.247610 0.527861 0.409505 1.022967 0.293508 0.469117 0.314897 0.100000 0.751079 0.347161 0.569259 0.817347 0.505296 0.596762 0.100000 0.221035 0.466013 0.609718 0.669980 0.649135 0.261762 0.656215 0.254587 0.240166 0.399291 0.502519 0.366428 0.669267 0.276902 0.251393 0.603187 0.288969 0.487252 0.370662 0.404699 
Production times: workers row and ops columns
0.693795 0.525693 0.822001 0.401860 0.742481 0.100000 1.248433 1.181190 0.884542 0.100000 0.130049 0.348100 0.919584 0.228650 0.907578 0.100000 0.617984 1.242640 0.173862 0.385056 0.678065 1.180966 0.775466 0.821490 0.100000 0.100000 0.100000 0.623857 0.528491 0.713286 0.193090 0.628185 1.337959 0.541056 0.100000 0.497957 1.619449 0.100000 0.100000 0.534344 0.363281 0.605785 1.159378 0.100000 0.904064 1.015955 0.126267 0.192188 1.235102 0.100000 1.359723 0.100000 0.422178 0.230010 0.100000 1.020053 0.542803 1.675216 0.736224 0.650885 0.650793 0.100000 0.337451 0.543709 0.906581 0.100000 1.064417 0.318371 0.100000 1.054329 1.477376 0.233129 0.891092 0.411603 0.575969 0.648531 0.100000 0.605667 0.100000 0.297572 0.100000 0.946507 
0.350954 0.446246 0.671973 0.641406 1.152762 0.208841 0.100000 0.100000 0.468605 0.435346 0.100000 1.106735 0.280156 1.020489 0.499604 0.681372 0.701651 0.146320 0.100000 0.625857 1.318068 0.100000 0.710120 0.704083 0.176414 0.493037 0.390313 0.924559 0.100000 1.103503 1.173099 0.587775 0.353012 0.894691 0.483519 0.548925 0.972554 0.100000 0.100000 0.100000 0.100000 0.100000 1.209348 0.100000 0.701026 0.393632 0.100000 0.551081 0.100000 0.100000 1.170748 0.409260 0.608134 0.659913 0.100000 0.325161 0.392541 1.150360 0.978238 1.175955 0.667599 0.968692 0.408919 1.205140 0.100000 0.443266 0.559638 0.100000 0.893528 0.100000 0.428108 0.773315 0.100000 0.488233 0.100000 0.100000 0.486672 0.100000 0.563410 0.363494 0.258098 0.594545 
0.232203 0.100000 1.601250 0.189361 0.118289 0.100000 0.100000 0.890583 0.100000 0.709720 0.118978 0.100000 0.100000 0.486858 0.802999 1.312464 0.100000 0.639809 0.100000 0.915586 1.180074 0.362018 1.290100 0.642447 0.800243 0.815464 0.879870 0.543862 0.100000 1.117476 0.787659 0.100000 0.707469 0.309796 0.833787 0.203541 0.606942 0.261490 1.158580 1.491114 0.165807 0.100000 1.182660 0.615647 1.046088 0.979320 0.104575 0.100000 0.610543 0.423277 0.698015 0.100000 0.910299 0.100000 0.100000 0.718135 0.100000 0.591198 0.496679 0.977754 0.634389 0.100000 0.100000 0.998821 0.646795 1.501452 0.932012 0.286976 0.503628 1.167474 0.100000 0.298503 0.100000 0.280378 1.256381 0.536168 0.767736 0.984902 0.765601 0.270131 0.996219 0.267174 
0.100000 0.295957 0.681114 0.100000 0.157256 0.813234 0.100000 1.150953 0.100000 0.100000 0.802174 0.100000 0.993280 0.426017 0.556414 0.100000 0.445570 0.305718 0.107043 0.351767 0.823285 0.428857 0.956028 0.706660 0.100000 0.100000 0.100000 0.472615 0.701652 0.390458 0.543428 0.100000 0.438892 0.470416 0.100000 0.100000 0.749015 0.252473 0.100000 0.320890 0.437700 1.063230 0.472841 1.730685 0.100000 0.863097 0.241238 0.166228 0.617727 0.100000 0.951782 0.696658 0.127153 0.100000 0.100000 0.691476 0.100000 0.100000 1.009789 0.100000 1.223250 0.100000 0.511831 0.100000 0.825433 0.100000 0.405969 0.178876 1.005739 0.100000 2.026846 0.140918 0.638019 0.100000 0.838981 0.310550 0.352796 1.029090 0.248567 0.123444 0.498077 0.371310 
0.611438 0.384549 1.439616 0.759265 0.292018 0.100000 0.100000 0.100000 0.453328 1.281982 0.100000 0.100000 0.246926 0.100000 1.222646 0.295744 0.100000 0.387912 0.316810 0.100000 0.993575 0.671360 1.429736 0.627268 0.100000 1.263932 0.369638 0.652666 0.311558 0.576132 0.524581 0.440197 0.815873 1.178768 0.100000 0.624508 1.336531 0.576486 0.885274 0.100000 0.656937 0.125804 1.188096 0.420608 1.154936 0.269034 0.100000 0.100000 0.150874 0.936072 1.475899 0.725638 0.129275 0.100000 0.100000 0.583713 0.203267 0.531895 0.980636 0.141344 0.242546 0.100000 0.337617 0.696255 0.100000 0.922435 0.531803 0.869070 0.763305 0.474669 0.100000 0.367739 0.344152 0.100000 0.130210 0.130714 0.100000 0.904001 0.926863 0.848196 0.601268 0.100000 
0.654319 0.775462 0.100000 0.572811 1.161018 0.100000 0.100000 0.100000 0.328623 0.298566 0.100000 0.500873 0.263733 2.161663 0.254532 0.100000 0.442659 0.100000 0.100000 0.100000 0.533572 0.176077 0.881604 0.100000 0.200590 0.100000 0.100000 0.541434 0.100000 0.808074 0.821722 0.793592 0.273596 0.488403 0.100000 0.976063 0.791187 0.722532 0.631017 0.532325 1.281707 0.583003 0.421323 1.428804 0.871007 0.828738 0.100000 1.077137 0.683397 0.517362 0.785593 0.130337 0.114058 0.100000 0.157124 1.257957 0.100000 0.356931 1.227381 0.100000 0.359208 0.100000 0.849858 0.358921 0.100000 0.223750 0.101151 0.606018 0.100000 0.100000 0.692646 0.551399 1.230179 0.232613 1.692622 0.100000 0.154982 0.100000 0.391247 0.884142 0.384624 1.197071 
0.904169 0.115943 0.777180 0.100000 0.465525 0.447225 0.308208 0.154109 0.992535 0.100000 0.421112 0.145694 1.114793 0.724165 0.293381 0.100000 0.567895 0.557566 0.100000 0.357227 0.382729 1.016112 0.730675 1.067503 0.100000 0.868718 0.100000 1.126789 0.100000 0.689046 1.114309 0.478200 0.878743 0.620790 0.611671 0.700420 1.254724 0.100000 0.142478 0.100000 0.180280 0.100000 0.443642 0.100000 0.993316 0.249976 0.100000 0.583178 0.368552 1.105202 0.332099 0.100000 0.100000 0.772563 0.100000 1.208086 0.100000 2.060835 0.987485 0.100000 0.534072 0.563291 0.118672 0.661406 1.404264 1.143915 0.980222 0.198882 1.237228 0.100000 0.100000 0.100000 0.725406 0.100000 1.201644 0.839810 0.672685 0.100000 0.100000 0.100000 0.100000 0.100000 
0.370773 0.100000 1.132430 0.950015 0.100000 0.333079 0.124049 0.100000 0.483250 0.519235 0.100000 0.100000 0.100000 0.521379 0.100000 0.100000 0.631984 0.664783 1.250941 0.100000 0.450152 0.100000 1.121681 0.369932 0.699348 1.044250 0.209635 0.100000 0.100000 0.880347 0.883049 1.307921 0.100000 0.100000 0.646358 0.496481 0.629906 1.005835 0.241567 0.100000 0.479893 0.100000 0.781874 0.626935 0.100000 1.184328 0.525455 0.100000 1.083157 0.109348 2.555114 0.100000 0.503660 0.201973 0.100000 0.416334 0.100000 0.100000 1.016746 0.492732 1.224758 0.100000 0.708086 0.532059 0.100000 0.307877 0.687592 0.569072 0.669494 0.100000 0.274658 0.172062 0.733233 0.100000 1.566952 0.100000 0.237135 1.370340 0.100000 0.535813 0.100000 0.225815 
0.200744 1.000927 1.212304 0.125314 0.100000 0.474593 0.100000 0.258038 0.379036 0.381022 0.115698 0.100000 0.576763 1.556467 0.155720 0.415566 0.342954 0.100000 0.100000 0.828852 0.100000 0.800144 0.100000 0.100000 0.100000 0.427371 0.409211 0.100000 0.100000 0.223559 0.498667 0.335379 0.401429 1.032070 0.100000 0.100000 0.652455 0.151373 1.942933 0.100000 0.283653 0.978803 0.528857 1.061843 0.100000 0.100000 0.100000 0.373666 0.100000 0.618201 0.726563 0.100000 0.934686 1.605799 0.216396 0.100000 0.682221 0.100000 0.206635 1.097633 0.245181 0.653998 0.369254 0.695564 0.517576 1.462858 0.565428 0.229542 1.193043 0.865489 0.984757 0.205967 0.220495 0.388498 0.529223 0.110079 0.100000 0.528236 0.431024 1.725322 0.100000 1.394754 
0.212047 0.709789 1.235174 0.441773 0.982724 0.100000 0.100000 0.100000 0.734154 0.191259 0.100000 0.100000 0.734956 0.564349 0.778101 0.100000 0.100000 0.251467 0.375175 0.752231 0.844795 1.099332 0.286992 1.012737 0.752451 0.519811 0.436648 0.848972 0.100000 0.777900 0.772140 0.132305 0.100000 0.541163 0.100000 0.418234 1.648477 0.100000 1.554713 0.441510 0.123781 0.871855 0.792381 1.283027 0.356461 0.227642 0.100000 0.512713 0.690898 0.959758 0.974953 0.437736 1.285991 1.104042 0.100000 0.828356 0.100000 0.646915 1.112627 0.383859 1.138744 0.234839 0.813679 0.658317 0.431070 1.048689 0.834592 0.100000 0.133964 0.171124 0.100000 0.444461 0.799886 0.100000 0.100000 0.609099 0.257887 0.994453 1.420535 0.100000 0.100000 0.100000 
0.100000 0.100000 1.563909 0.556777 0.821271 0.405632 0.100000 0.411598 0.100000 0.100000 0.100000 1.085952 1.093430 1.107070 0.862214 0.974324 0.657155 0.141673 0.395723 0.626947 0.109351 0.100000 0.100000 0.101493 0.353079 0.918712 0.100000 1.069110 0.100000 0.431128 0.606801 0.928504 0.100000 1.588098 0.100000 0.221114 0.100000 0.153190 0.100000 0.797008 0.225888 1.090286 0.895559 1.232275 0.100000 0.604546 0.711264 0.283773 0.899775 0.213990 0.888946 0.615449 0.796427 0.464995 0.296344 0.577531 0.100000 1.217002 1.012406 0.100000 0.754150 0.270072 0.443593 0.528561 0.100000 0.863685 0.100000 0.100000 0.660724 0.372730 0.100000 0.243999 0.100000 1.266273 0.509050 0.100000 1.428839 0.100000 0.254294 1.246381 0.100000 0.140246 
0.100000 0.358709 0.183149 0.875290 0.481180 0.100000 0.100000 0.711937 0.391925 0.199394 0.100000 1.057587 0.568858 1.177596 0.100000 0.100000 0.342740 0.785881 0.100000 0.531041 0.298942 0.757697 1.269070 0.100000 0.100000 0.240332 0.502651 0.659568 0.100000 0.934946 1.163640 0.988834 0.100000 0.504148 0.100000 0.856958 0.100000 0.660045 0.100000 1.146108 0.100000 0.358661 0.599157 0.726593 1.027976 0.100000 1.009177 0.768396 0.100000 0.418808 0.803571 0.100000 0.346469 0.647361 0.222981 1.492926 0.312475 1.243754 1.497146 0.718162 0.639944 0.100000 0.859287 0.100000 0.554267 0.907355 1.298562 0.100000 0.100000 1.070977 0.100000 1.225248 0.427847 0.100000 0.107400 0.100000 0.359202 0.845240 1.027033 0.782950 1.295189 0.598200 
0.100000 0.100000 1.077864 0.100000 0.100000 0.103470 0.489325 0.100000 0.912481 0.100000 0.100000 0.502676 1.112778 1.115371 0.708969 1.135972 1.062513 0.100000 0.366057 0.884251 0.411700 0.494891 0.795817 1.378925 0.916946 0.425006 0.286842 0.100000 0.595174 1.240637 0.619803 0.219564 0.410975 1.308735 0.342874 0.783813 0.100000 0.154543 0.100000 0.100000 0.469253 0.729857 0.687569 0.568548 0.637522 0.625265 0.763042 0.100000 0.100000 0.100000 1.338312 0.309944 0.492447 0.816882 0.820905 0.314977 1.466961 0.100000 0.495152 0.375381 0.654233 0.100000 0.883340 0.283403 0.434153 0.595961 0.174376 0.100000 0.640499 0.563920 0.252383 0.100000 0.100000 0.516408 0.966673 0.494972 0.100000 0.100000 0.185604 0.337057 0.524011 0.845852 
0.100000 0.100000 0.618024 0.100000 0.759880 0.100000 0.612569 0.438272 0.909504 0.100000 0.109248 0.100000 0.574311 0.383740 0.100000 0.690419 0.741844 0.100000 1.041080 0.114157 1.583678 0.277985 0.100000 0.124352 0.100000 0.471759 0.446702 0.100000 0.193831 0.100000 0.693168 0.322468 0.100000 1.706715 0.826722 0.933516 0.100000 0.191977 0.100000 0.100000 0.100000 0.895037 0.100000 0.499202 0.711428 0.207327 0.100000 0.556232 0.100000 0.100000 0.500323 0.491967 0.100000 0.590892 0.100000 0.948946 0.100000 0.100000 0.445915 0.685053 0.610917 0.100000 0.196966 0.457789 0.888516 0.944107 0.840357 0.677113 1.736386 0.100000 1.217772 0.430511 0.612873 1.360069 0.680669 0.924886 0.100000 1.014192 0.100000 0.926384 0.645715 0.453778 
0.100000 0.402950 0.909711 0.942565 0.100000 0.256212 0.208315 0.100000 0.170732 0.326590 0.835139 0.100000 0.261700 1.300918 0.100000 0.718038 0.892038 0.100000 0.775576 0.676358 0.852019 0.100000 1.799596 0.423685 0.100000 0.516709 0.100000 0.799531 0.100000 1.585516 0.653076 0.100000 0.139551 0.588730 0.592517 0.100000 0.874617 0.454199 0.519289 0.474009 0.100000 1.220982 0.548591 1.119680 1.450278 0.678114 0.100000 0.100000 1.260967 0.430810 0.667964 0.472780 0.445430 0.783354 0.138611 1.073845 0.571399 0.954994 0.663521 0.860873 1.666625 0.299189 0.100000 0.714704 0.100000 0.445903 0.730589 0.100000 1.207672 0.100000 0.637053 0.100000 0.100000 0.100000 0.100000 0.534738 0.100000 0.943462 0.100000 0.814934 1.079934 0.847685 
0.100000 0.842993 0.888747 0.302008 0.100000 0.187860 0.100000 0.282912 0.813975 0.249045 0.137783 0.286596 0.513372 0.678026 0.685413 0.486328 0.370166 1.002545 0.239262 0.650967 0.519664 0.622881 0.984203 1.420292 0.100000 0.297011 0.100000 0.100000 0.638575 0.372874 0.100000 0.328560 0.237463 1.361179 0.158784 1.197820 0.471501 0.225328 0.329315 0.524903 0.614165 0.100000 0.945679 0.536410 0.100000 0.100000 0.787919 0.302159 0.100000 0.127498 1.876999 0.165677 1.145301 0.741678 0.146962 1.136600 0.100000 1.349682 0.100000 0.972249 0.435776 0.100000 0.422867 1.544189 0.100000 0.393845 1.118368 0.911940 1.519203 0.100000 0.455719 0.870456 0.100000 0.100000 1.040130 0.261697 0.217285 1.164943 0.809032 0.562779 0.443854 0.640951 
0.100000 0.754248 1.256701 0.267456 0.625930 0.297858 0.152989 0.100000 0.673531 0.565055 0.275561 0.100000 0.179884 0.100000 0.100000 0.100000 0.953734 0.100000 0.143749 1.430684 1.003715 0.100000 1.948964 1.389906 0.100000 1.125408 0.100000 0.720153 0.474159 0.730226 0.474156 0.100000 0.100000 0.933183 0.212549 0.710572 0.759009 0.100000 0.479640 0.100000 0.432952 0.100000 1.089283 0.157318 0.597334 1.331365 0.760660 0.515172 0.761671 1.010259 0.100000 0.100000 0.659458 0.666395 0.235554 0.101348 0.513090 0.748305 0.537808 0.504897 0.533709 0.100000 0.100000 0.705468 1.727334 1.045758 0.551912 0.100000 1.447793 0.227916 0.100000 1.501708 0.225664 1.357770 1.721103 0.447455 0.512432 0.314277 0.419090 0.515118 0.278716 0.100000 
0.401742 0.555079 0.412426 0.986984 0.625286 0.171801 0.379345 0.100000 0.397463 0.284630 0.100000 0.159435 1.166163 0.425380 0.100000 1.389290 1.792859 0.671351 0.100000 0.424280 0.475867 0.100000 0.539739 1.081572 0.100000 0.100000 0.100000 1.259221 0.512986 1.035814 1.403617 0.166150 0.418012 0.881986 0.100000 0.100000 0.958411 0.126263 0.774312 0.151106 0.967227 0.100000 0.681383 0.488659 0.695078 0.100000 0.100000 0.100000 1.142712 0.980043 1.280588 0.528937 0.100000 0.602182 0.100000 0.100000 0.100000 1.919371 1.432246 0.446418 0.701707 0.222620 0.315744 0.969909 0.659233 0.885633 0.100000 0.728141 0.485300 0.323712 0.100000 0.646635 0.324716 0.304446 0.100000 0.292599 0.595234 0.621025 0.141584 0.986598 0.850546 0.100000 
0.100000 0.100000 1.748563 0.100000 0.862108 0.427806 0.100000 0.227505 0.624803 0.722815 0.237931 0.593815 0.155219 0.100000 0.683654 0.239012 0.456331 0.100000 0.887831 0.210944 0.268351 0.977530 0.421696 0.162121 0.630921 0.454133 0.814662 0.739069 0.290521 0.815502 1.409772 0.500598 0.100000 0.664005 0.100000 0.100000 0.716421 0.868351 0.453844 0.901559 0.658438 0.100000 0.619959 1.225372 1.286420 0.181739 0.100000 0.100000 0.513024 0.100000 1.171232 0.429411 0.100000 0.580879 0.394696 0.371487 0.465313 0.100000 0.410744 0.878278 0.644584 0.100000 0.112503 0.310742 0.621778 0.638028 0.417048 0.100000 0.488231 0.100000 0.100000 0.100000 0.100000 0.278731 0.420284 0.463972 0.100000 0.333470 0.813384 0.100000 0.100000 0.444258 
0.100000 0.100000 0.222387 0.559912 0.497522 0.705062 0.100000 0.339058 0.510868 0.100000 0.544252 0.100000 0.100000 0.987018 0.100000 0.100000 1.205928 0.800129 0.505829 0.975441 0.100000 0.822127 1.091570 0.405481 0.300454 0.100000 0.651657 0.100000 0.993908 0.281985 0.377782 0.100000 0.100000 1.234302 0.325107 0.100000 0.100000 0.719660 0.873518 0.136351 0.542299 0.857815 1.325018 0.968726 1.108903 0.100000 0.100000 0.361067 0.100000 0.100000 0.986773 0.100000 0.444020 1.381871 0.726636 1.666773 0.100000 0.100000 0.967328 0.100000 0.597786 1.324984 0.784673 0.100000 0.410345 1.499083 0.188524 0.551097 0.572861 0.100000 0.100000 0.553378 0.398201 0.100000 1.358964 0.610960 0.387172 0.177987 1.078379 0.100000 0.438170 0.100000 
0.100000 0.100000 1.002439 1.272339 0.188033 0.776794 0.104485 0.481227 1.400393 0.343911 0.100000 0.621787 0.100000 0.502558 0.220952 0.177016 0.100000 0.293894 0.100000 0.569201 0.100000 0.548200 1.541586 0.851396 1.104667 0.100000 0.244773 0.100000 0.597154 1.095115 0.163352 1.210852 0.261411 0.673239 0.718625 0.100000 0.307339 0.100000 0.893505 0.152424 0.507858 0.237067 1.817897 1.266061 0.908093 0.612304 1.199463 1.304141 0.100000 0.855491 1.556497 0.100000 0.198854 0.594954 0.686717 0.334506 0.154351 0.501458 0.625839 0.290325 1.739585 0.100000 0.755584 0.100000 0.184440 0.100000 0.305177 0.100000 0.320795 0.100000 0.648748 0.403137 0.361442 1.187510 1.006066 0.946753 0.357143 0.100000 0.100000 1.034567 0.100000 0.567377 
0.374319 0.926140 1.009980 0.398696 0.527727 0.320700 0.320509 0.658957 0.913196 0.630463 0.100000 0.100000 0.652271 1.162178 1.052252 0.302732 1.327243 0.989519 0.100000 0.156944 0.942970 0.323835 1.690363 0.964797 0.360232 0.296420 0.100000 0.960758 0.600732 1.706711 0.247285 0.620433 0.116620 0.566517 0.622705 0.177033 0.777177 0.100000 0.100000 1.062742 0.100000 0.100000 1.461873 0.223900 0.546767 0.100000 0.100000 0.953926 0.752107 0.100000 0.882949 0.605895 0.100000 0.798880 0.102089 0.755800 0.663758 0.661147 0.983141 0.414904 1.146319 0.460649 0.824755 0.595534 0.209895 0.894314 0.100000 0.642315 1.664633 0.100000 0.673085 0.477850 0.156684 0.100000 0.791979 0.837899 0.100000 1.051236 1.471705 0.364740 0.341239 0.100000 
0.321725 0.100000 0.593140 0.100000 0.100000 0.100000 0.115180 0.402933 0.426177 0.376897 0.100000 0.100000 0.496284 0.683766 1.191679 0.763948 0.447576 0.100000 0.209620 0.614649 0.267780 0.348678 1.140487 0.567414 0.100000 0.243151 0.281598 0.880388 0.384811 0.648869 0.407225 0.348844 0.341616 0.100000 0.100000 0.816722 0.100000 0.391241 0.717288 0.100000 0.116649 0.162946 0.111296 0.100000 1.168215 0.100000 0.100000 0.403975 0.862761 0.100000 0.820221 0.100000 0.376397 0.180702 0.100000 1.436019 0.100000 0.813361 0.857014 0.100000 0.465774 0.938774 0.406007 0.892216 0.202303 0.284370 1.320374 0.100000 0.372028 0.100000 0.701327 1.497623 0.100000 0.249900 0.423962 0.403314 0.190679 1.535444 0.100000 1.277379 0.673973 0.719742 
0.100000 0.100000 0.100000 0.100000 0.177643 0.139826 0.100000 0.632009 0.100000 0.100000 0.100000 0.100000 1.666521 1.108820 0.201755 0.100000 0.845662 0.173693 0.381625 0.100000 0.100000 0.725022 0.918880 0.526985 1.141872 0.674145 1.355678 0.242841 0.100000 0.832253 0.177911 0.100000 0.100000 0.151188 0.382353 0.124653 0.100000 0.100000 1.258033 0.100000 0.879442 0.917573 1.164175 0.933723 0.758316 0.100000 0.373260 0.100000 1.179361 0.100000 1.061447 0.100000 0.511715 0.827399 0.100000 1.031080 0.212408 0.725799 0.762243 0.192793 0.826479 0.126890 0.100000 0.236231 0.490483 0.240214 0.707506 0.100000 0.947970 0.151203 0.456250 0.572839 0.607532 0.100000 0.879778 0.113851 0.100000 0.100000 0.100000 0.350175 0.193834 0.100000 
0.100000 0.553482 0.651567 0.100000 0.860274 0.557142 0.100000 0.100000 0.778575 0.606330 0.100000 0.100000 0.781528 0.345064 2.099483 0.429720 0.487391 0.100000 0.100000 0.100000 0.457000 0.100000 2.034086 0.547489 0.100000 0.100000 0.449924 0.100000 0.100000 0.959416 1.279983 0.100000 0.293431 0.408560 0.830376 1.099251 0.930177 0.335100 1.321358 0.100000 0.456762 0.791323 1.163326 0.100000 0.100000 0.100000 0.100000 0.426647 0.866336 0.399433 0.423446 0.100000 1.082058 0.258871 0.259073 0.917366 1.084331 0.544069 0.991969 0.100000 0.100000 0.100000 0.155111 0.544379 1.273030 1.052975 1.654465 0.750788 0.477021 0.100000 0.100000 1.129055 0.958395 0.578782 0.954742 0.201640 0.885945 0.859948 1.766507 1.188214 0.100000 0.215396 
