83 Number of operations
23 Number of workers
Standard production times
0.436826 0.198809 0.331604 0.391055 0.455688 0.283821 0.369697 0.170513 0.277800 0.162097 0.574453 0.396892 0.633336 0.100000 0.551241 0.100000 0.330241 0.100000 0.539262 0.512992 0.495972 0.340811 0.315938 0.228077 0.318417 0.649516 0.100000 0.100000 0.538062 0.585624 0.717307 0.480261 0.146062 0.493841 0.660772 0.646257 0.445896 0.454722 0.266643 0.360484 0.497204 0.572092 0.100000 0.238532 0.100000 0.618461 0.282133 0.597837 0.392383 0.644536 0.657231 0.431644 0.169275 0.413947 0.588501 0.278597 0.308175 0.396599 0.569202 0.402256 0.238324 0.288863 0.302463 0.464080 0.450278 0.274325 0.171269 0.118233 0.100000 0.577667 0.456585 0.653838 0.442652 0.454075 0.641237 0.267259 0.435319 0.449011 0.525447 0.328855 0.654341 0.435189 0.258507 
Production times: workers row and ops columns
0.100000 0.387457 0.100000 0.336328 0.795224 0.100000 0.219594 1.249588 0.714943 0.100000 0.534583 0.679134 1.250072 0.174493 0.285950 0.100000 0.652772 0.256530 0.280938 0.418457 0.287873 0.703140 0.100000 0.471284 0.744177 0.892640 0.100000 0.772496 0.198956 0.798842 0.340640 0.100000 0.258937 0.637359 0.622051 0.784291 0.121691 0.100000 0.182598 1.315123 0.904612 0.312096 0.379357 0.100000 0.100000 1.048103 0.100000 0.100000 0.100000 0.688744 0.721235 1.052452 0.100000 0.779680 0.801484 0.204090 0.726097 0.642659 0.138048 0.938098 0.100000 0.318671 0.303685 0.676398 0.100000 0.256853 0.100959 0.616777 0.100000 0.614040 0.325965 0.100000 1.780709 0.418466 0.100000 0.971573 0.100000 0.634446 0.956863 0.100000 0.438896 0.165053 0.193827 
0.100000 0.100000 0.261211 0.910531 0.771560 1.148530 0.716723 0.100000 0.216378 0.100000 0.100000 0.100000 0.768633 0.423915 0.271054 0.100000 0.100000 0.100000 0.663346 0.735883 0.104618 1.335056 0.913467 0.180458 0.100000 0.488723 0.175565 0.100000 0.779827 0.970107 1.400429 1.053894 0.100000 0.687966 0.467208 0.352647 1.401310 0.224798 1.262012 0.185966 0.623617 1.116796 0.111961 0.435094 0.100000 0.380698 0.199245 0.272978 1.208074 0.560687 1.518566 0.100000 0.178486 0.694923 0.441590 0.825924 0.628022 0.259299 0.786707 1.808195 0.364322 0.438614 0.100000 0.530829 0.100000 0.175180 1.400063 0.651841 0.420710 1.129628 1.397463 0.950633 1.478092 0.988975 0.724496 1.126998 0.100000 0.163337 0.658340 0.100000 0.576312 0.115793 0.100000 
1.792789 0.512546 0.304630 1.048639 0.337019 0.726491 0.545105 0.983800 0.100000 0.544957 0.635578 0.100000 1.166046 0.100000 1.360860 0.356547 0.677983 0.140229 0.991527 0.100000 0.533336 0.100000 0.457268 0.204499 0.626706 0.230700 1.019576 1.257929 0.433921 0.578138 0.861086 1.112304 1.094513 0.100000 0.353217 0.115179 0.100000 0.100000 0.448045 0.100000 1.248835 1.026251 0.100000 0.100000 0.100000 1.318444 0.100000 0.100000 0.367671 0.831231 0.328603 1.241359 0.289504 0.640466 0.160734 0.258732 0.229916 0.100000 0.713031 0.100000 0.223931 0.100000 1.312289 0.627211 0.880956 0.733829 0.100000 0.100000 0.100000 1.026242 0.502102 1.046555 0.910969 0.100000 0.785079 1.250497 0.150053 0.100000 0.409495 0.100000 0.863531 0.100000 0.303866 
0.100000 0.625791 1.125037 1.039994 0.100000 0.443419 0.100000 0.312106 0.245620 0.100000 0.746350 0.465899 1.103088 0.163654 0.668754 0.100000 0.100000 0.100000 0.687685 0.509843 1.246417 0.100000 0.196122 0.355618 0.202668 0.897306 0.100000 0.810171 0.378267 1.143597 0.702156 1.226022 0.100000 0.752240 0.444484 0.761957 1.042299 0.100000 0.100000 0.100000 0.624398 0.100000 0.148297 0.100000 0.100000 0.433872 0.472432 0.284630 0.146361 0.623614 0.520864 0.100000 0.100000 0.456429 1.137390 1.301764 0.641669 0.436145 0.100000 0.446783 0.627772 0.921185 0.100000 0.582283 0.858080 1.204731 0.299064 0.100000 0.100000 0.398947 0.130625 1.067106 0.977305 0.816504 1.237330 0.100000 0.625487 0.256680 0.547276 0.941348 0.639473 0.100000 0.132099 
0.100000 0.100000 0.100000 0.871368 1.296144 0.100000 0.870965 0.759624 0.100000 0.142415 0.552223 0.483084 0.100000 0.100000 1.080152 0.731102 1.245922 0.100000 1.474016 0.845945 0.100000 0.721616 0.139798 0.487615 0.267155 1.253635 0.228280 0.100000 1.020545 0.713735 0.510829 1.118898 0.100000 0.175274 0.390984 0.100000 0.169293 1.385160 0.100000 0.364694 0.100000 0.266415 0.859346 0.686710 0.100000 0.621571 0.100000 0.205734 0.100000 0.195967 0.820206 0.730041 0.413397 0.329229 0.100000 0.245042 0.100000 0.837250 0.847424 0.775702 0.100000 0.100000 0.781411 1.077241 0.100000 0.343283 0.767895 0.100000 0.983841 0.403151 0.100000 1.339668 0.589918 0.127506 1.081131 0.100000 1.342972 0.100000 0.668439 0.129547 0.872457 0.879152 0.100000 
0.830007 0.100000 0.100000 0.279033 0.100000 0.100000 0.844264 0.100000 0.848567 0.377975 0.100000 0.100000 0.289715 0.232063 0.555647 0.100000 0.836647 0.100000 0.100000 0.576640 1.592854 0.547778 0.100000 0.524406 0.660115 1.118444 0.100000 0.100000 0.597171 0.793262 1.516425 1.525086 0.100000 0.232355 0.628985 0.521371 0.688791 0.697590 0.395592 1.032520 0.417949 0.100000 0.100000 0.100000 0.100000 0.100000 0.613727 0.690471 0.180986 0.199592 0.100000 0.100000 1.093230 0.100000 0.659406 0.650416 0.376241 0.238197 0.953239 0.100000 0.516096 1.004212 0.100000 0.100000 0.518248 0.769111 0.840843 0.458546 0.100000 0.100000 0.578074 0.852967 0.100000 0.483971 0.807355 0.789791 0.100000 0.727493 0.100000 0.115562 0.615202 1.194147 1.915659 
0.563598 0.446455 0.835375 0.100000 0.838520 0.100000 1.184253 0.892259 0.528570 0.100000 1.408466 0.526736 0.688458 0.389772 0.100000 0.314250 0.828295 0.269500 0.611892 0.100000 0.817750 0.441046 0.320470 0.100000 0.746503 1.273108 0.294073 0.548375 1.201074 1.379705 0.830132 0.373597 0.100000 0.500715 0.936755 1.115348 0.232525 0.529650 0.100000 0.992466 0.301474 0.751052 0.100000 0.100000 0.100000 1.470944 0.461815 0.514615 0.100000 0.339387 0.941584 1.264607 0.100000 0.100000 0.500607 0.100000 0.100000 0.406254 0.944724 0.100000 0.343804 0.771199 0.792627 0.254145 1.602652 0.551882 0.100000 0.610382 0.100000 1.025302 0.100000 1.049110 0.150871 1.020219 1.011575 0.490863 0.464635 0.992519 0.100000 0.545132 0.861057 0.716264 0.671621 
2.288055 0.257200 0.733854 0.467239 1.242022 0.100000 1.218671 0.100000 0.100000 0.100000 0.487193 0.494014 0.610391 0.508409 0.533652 0.100000 0.100000 0.343672 1.044383 0.302656 0.100000 0.100000 1.152719 0.100000 0.100000 0.239790 0.440442 0.100000 0.103546 0.100000 0.663408 0.980735 0.100000 0.934951 0.748485 0.720175 0.535383 0.471942 0.779746 0.604411 0.208149 0.636402 0.100000 0.480998 0.190158 0.825750 0.100000 0.787632 1.049189 0.100000 1.457698 0.580180 0.100000 0.100000 1.132299 0.100000 0.100000 0.669551 0.100000 0.100000 0.100000 0.233183 0.596731 0.665583 0.653979 0.102235 0.241504 0.100000 1.098838 0.675031 0.100000 0.119185 1.243304 0.100000 0.422389 0.469072 0.100000 0.982313 1.364989 0.100000 1.218989 0.100000 0.100000 
0.559668 0.317775 0.100000 0.812067 0.100000 0.100000 0.100000 0.549695 0.679751 0.495567 0.100000 0.463276 0.862163 0.100000 0.140394 0.422931 0.682068 0.227617 0.810300 0.675040 0.570932 0.286183 0.100000 0.105303 0.116960 1.808403 0.230120 0.100000 0.422074 0.528022 0.581174 0.752614 0.131340 0.899381 0.313184 0.821374 0.884474 0.100000 0.350528 0.484018 0.329831 0.328511 0.100000 0.812942 0.100000 0.100000 0.611090 0.100000 0.874018 0.861646 0.956276 0.349644 0.100000 0.100000 1.316907 0.100000 0.100000 1.187681 0.253501 0.283276 0.119825 0.220133 0.100000 0.183973 1.093022 0.654871 0.100000 0.100000 0.266818 0.521190 0.269322 1.175208 0.100000 1.053871 0.707032 0.541462 0.562004 0.872081 0.400281 0.100000 1.045126 0.522740 0.100000 
1.111633 0.804191 1.052323 0.430904 0.630955 0.100000 0.100000 0.203249 0.366054 0.100000 1.489300 0.100000 0.225664 0.100000 1.196844 0.100000 0.167772 0.100000 0.157015 0.100000 1.003741 0.645256 0.810955 0.100000 1.574376 0.158860 0.100000 0.100000 0.606622 0.963795 0.208592 0.775689 0.999988 0.100000 0.290689 0.100000 0.566367 0.883428 0.650114 0.777296 1.205278 0.635813 0.576386 0.100000 0.100000 0.738894 0.100000 0.883688 1.079909 0.846305 0.288515 0.100000 0.851959 0.100000 0.633159 0.149150 0.334686 0.944784 0.299806 0.100000 0.964192 0.400370 0.665328 0.454391 0.839089 0.906694 0.854432 0.100000 0.100000 0.775101 0.560171 0.936737 0.100000 0.100000 0.866247 0.657882 0.756827 1.278733 0.951561 0.134688 1.147054 0.392721 0.886150 
0.555820 0.425564 0.445466 0.418308 0.100000 0.312691 0.100000 0.419415 0.773759 1.187648 0.761491 0.100000 0.100000 1.073885 0.100000 0.547762 0.100000 0.100000 0.880874 0.675610 0.475202 0.100000 0.100000 0.732392 0.536282 0.569221 0.203413 0.100000 1.049208 1.216112 0.327382 0.531272 0.670186 0.172927 1.678060 1.401571 0.306458 0.944108 1.097741 0.100000 0.806816 0.499917 0.100000 0.593685 0.100000 0.100000 0.100000 0.587969 0.706834 0.632598 0.580933 0.416246 0.813932 0.679174 0.215545 0.134205 0.910520 0.106448 0.371835 0.389724 0.100000 0.740047 0.100000 1.189766 0.232698 0.100000 0.312401 0.100000 0.368675 0.964479 0.168630 0.459391 0.917025 0.118703 0.652488 0.441068 1.215299 0.197474 0.542788 0.894859 0.100000 0.300710 0.100000 
0.100000 1.177294 0.437244 1.132799 0.334983 0.554048 0.153864 0.100000 0.240481 0.226263 1.341088 0.298478 0.823256 0.100000 0.623675 0.100000 0.875952 0.100000 0.560029 0.405917 0.988296 0.601643 0.322435 0.315578 0.490137 1.027788 0.353480 0.742603 1.347275 0.892832 0.100000 1.354182 1.221017 0.311791 0.453772 0.100000 0.835518 0.100000 1.181379 0.100000 0.533403 0.909333 0.100000 0.100000 0.224617 0.354666 0.110501 0.578147 0.113725 0.530532 1.050658 0.236126 0.252243 0.100000 1.045135 0.100000 0.786396 0.100000 0.113615 0.100000 0.745201 0.423125 0.100000 0.176714 1.118650 0.240609 0.446706 0.100000 0.100000 0.855333 1.600857 0.374364 0.727844 0.100000 1.255294 0.100000 0.205124 0.100000 0.304225 0.407815 1.328894 0.100000 0.733710 
0.249472 0.100000 0.100000 0.100000 0.100000 1.077194 0.100000 0.100000 0.808520 0.100000 0.772446 0.115889 0.700656 0.506434 0.448484 0.100000 0.666544 0.392227 0.152799 0.392422 0.100000 0.959978 0.100000 0.294698 1.164961 1.026432 0.100000 0.100000 0.200658 1.022065 0.865584 0.457143 1.429497 0.100000 0.397991 0.441250 0.537552 0.592867 0.114061 0.712790 0.750847 0.404188 0.100000 0.614955 0.100000 0.268648 0.184711 0.100000 0.100000 0.644790 0.448299 0.551033 0.100000 0.254975 0.100000 0.100000 0.406911 0.228719 0.100000 0.262277 0.267419 0.810508 0.237914 0.215055 0.100000 1.226790 0.100000 0.100000 0.100000 0.100000 0.951578 0.703799 0.646337 0.100000 0.347210 0.656719 0.848876 1.829114 1.038081 0.100000 0.663306 0.219712 0.772400 
0.359545 0.411698 0.140958 0.665283 1.156847 0.100000 0.100000 0.100000 1.030552 0.245077 0.399058 0.100000 1.130861 0.216939 0.468001 0.100000 0.225852 0.100000 0.798953 1.123438 0.100000 0.100000 0.240970 0.241712 0.100000 0.312361 0.100000 0.100000 0.279046 0.515483 1.132325 0.823379 0.415428 0.604477 0.275579 0.377425 0.765317 0.485001 0.639472 0.466359 0.500973 0.766040 0.100000 0.132210 0.100000 1.014423 0.100000 0.687100 0.149577 0.853468 0.987290 0.297331 0.191262 0.471122 0.944463 0.100000 0.295632 0.150190 0.100000 0.455565 0.416236 0.100000 1.054163 0.100000 0.786769 0.424840 0.100000 0.100000 0.100000 0.485933 0.756059 1.539266 0.796569 0.100000 0.426526 0.979549 0.486689 1.293920 0.123192 0.100000 0.100000 0.203144 0.847505 
0.100000 0.576427 0.520968 0.745420 0.285650 0.255013 1.399103 0.100000 0.617661 0.882956 0.764516 1.185026 0.100000 0.100000 0.100000 0.100000 0.232136 0.296678 0.100000 0.904953 0.100000 0.775593 0.142585 0.100000 0.100000 0.100000 0.100000 0.104678 1.144187 0.923908 0.100000 0.100000 0.100000 0.100000 0.511916 0.240988 1.670059 0.100000 0.359924 1.224816 0.225899 0.113737 0.873828 0.100000 0.100000 0.100000 0.411905 0.915493 0.258786 1.669709 0.485825 0.362924 0.100000 0.965907 0.531062 0.100000 1.095418 0.987902 1.019601 0.100000 0.100000 0.116780 0.122863 0.200202 0.291807 0.555836 0.100000 0.199970 0.100000 0.295115 0.275640 0.988751 0.547958 0.100000 0.775584 0.305449 0.615781 0.290817 1.003959 0.499877 0.100000 0.100000 0.100000 
0.622271 0.100000 0.142888 0.344102 1.062510 1.372688 0.305381 1.165276 0.547930 0.762888 0.429858 0.100000 0.873087 0.745818 0.100000 0.100000 0.437651 0.397411 0.100000 0.230066 0.960450 1.245789 0.365424 0.717816 0.402219 0.864706 0.100000 0.100000 0.247727 0.633733 1.269636 0.573938 0.473454 0.170433 1.018777 0.100000 0.100000 0.283044 0.100000 0.641469 0.597900 0.108406 0.143890 0.100000 0.100000 0.420906 0.100000 1.119391 0.100000 1.154601 0.580040 0.584562 0.100000 0.256612 0.373740 0.393656 0.995736 0.111709 0.484798 0.580629 0.667973 0.231177 0.108442 0.169535 0.452661 0.394452 0.100000 0.100000 0.479719 0.564188 0.168453 1.008107 0.799167 0.760334 0.975065 0.100000 0.537422 0.606503 0.586437 0.100000 0.644949 0.611147 0.506225 
0.287680 0.215113 0.100000 0.100000 0.100000 0.169273 1.182848 1.046826 0.100000 0.488094 1.204913 0.244952 0.100000 0.812580 0.372543 0.100000 1.187489 0.336325 0.963329 1.317206 0.424586 0.100000 0.715618 0.235524 0.699358 0.861087 0.100000 0.127688 0.385450 0.484101 0.713785 0.673537 0.268679 0.100000 0.996908 0.100000 1.576311 0.100000 0.258187 1.052680 0.419431 0.100000 0.100000 0.402183 0.328706 1.056018 0.440879 0.379420 0.651504 1.388287 0.278912 2.244288 0.100000 1.063687 1.555922 0.758171 0.482430 0.781204 1.260291 0.100000 0.490384 0.107371 0.100000 0.543429 0.559833 0.540964 0.100000 0.700239 0.100000 0.106570 0.100000 0.716296 0.200403 0.726195 0.253413 0.916157 0.810623 0.194231 0.100000 0.100000 0.100000 1.056421 0.637271 
0.100000 1.142825 0.183443 0.100000 1.000464 0.937015 0.373233 0.100000 0.896620 0.100000 0.565918 0.632669 0.786810 0.100000 0.100000 0.477653 0.100000 0.266312 0.675122 0.777457 0.312537 0.452158 0.714603 0.100000 0.346740 0.841463 0.100000 0.100000 1.331436 1.107047 0.346401 0.843598 0.352559 1.199330 1.234702 0.100000 0.298166 1.146670 1.088118 0.100000 0.100000 0.702849 0.100000 0.232695 0.100000 1.004262 0.570322 0.830196 0.100000 0.100000 0.100000 0.682148 0.100000 0.745196 1.478095 0.100000 0.216837 0.891347 1.029221 0.100000 0.153110 0.352538 0.172440 0.756753 0.618989 0.932042 0.100000 0.715005 0.513177 0.515647 0.669852 1.147313 0.598184 0.335082 0.787461 0.100000 0.100000 0.100000 0.144915 0.429327 1.057063 0.563422 0.992957 
0.398785 0.100000 0.100000 0.100000 0.310615 0.979124 0.100000 0.455302 0.280854 0.592032 0.351998 0.773563 0.399421 0.431767 0.100000 0.364447 0.721444 0.100000 0.984758 0.100000 1.013327 0.362944 0.684663 0.440824 0.100000 1.451941 0.737691 0.100000 0.852031 0.848593 0.410922 0.100000 0.821578 0.330026 1.149933 1.634463 0.725883 0.100000 0.796831 0.100000 0.100000 2.075491 0.100000 0.452789 0.100000 0.596829 0.421871 0.100000 0.103062 1.014240 1.129325 0.638255 0.100000 0.648530 0.378935 0.100000 0.343470 1.570898 0.152975 0.957252 0.399779 0.100000 0.100000 0.412477 0.247019 0.438122 0.100000 0.100000 0.634788 0.593628 0.100000 0.685301 1.391950 0.194190 0.100000 0.765747 1.447767 1.108464 0.100000 0.100000 1.312065 0.370776 0.535404 
0.366968 1.061356 0.389488 0.253405 0.545908 0.100000 0.469315 0.142287 0.100000 0.100000 0.100000 0.100000 0.822086 0.673231 0.720593 0.100000 0.100000 0.495641 0.388452 0.465419 0.100000 0.100000 1.423328 0.100000 0.219551 0.100000 0.860636 0.100000 0.451484 0.600808 0.702803 1.180197 0.100000 0.797652 0.339146 0.430179 0.124554 0.654520 0.100000 0.100000 0.762716 0.270486 0.100000 0.410409 0.127662 0.434050 0.291811 0.137487 0.802492 0.100000 0.100000 0.624558 0.100000 0.100000 0.458249 0.609060 0.100000 0.150574 0.330117 0.564021 0.100000 0.380531 0.952447 0.322154 0.234122 0.100000 0.100000 0.100000 0.100000 0.254152 0.590523 0.861760 0.192668 0.579242 0.100000 1.264624 1.634859 0.354364 0.742162 0.342804 1.007695 0.100000 0.100000 
0.804898 0.100000 0.471957 0.100000 0.100000 0.739868 1.139746 0.100000 0.100000 0.276698 0.267102 0.100000 0.588342 0.100000 0.730660 0.100000 0.390103 0.100000 0.129684 0.760985 1.141262 0.723852 0.472564 0.100000 0.567670 0.679866 0.100000 0.714197 0.118289 1.427884 0.358392 0.106688 0.100000 0.100000 0.390356 0.649418 0.100000 0.100000 0.100000 0.104276 1.029345 0.318027 0.100000 0.313602 0.100000 0.694435 0.100000 0.237379 0.100000 0.291184 1.136250 0.997368 0.100000 0.411506 0.340480 0.100000 0.100000 1.211947 0.100000 0.472826 0.979304 0.100000 0.188995 0.567154 0.243955 0.372812 0.100000 0.659796 0.321424 0.100000 0.100000 0.314331 0.120433 0.100000 1.089060 0.100000 0.194206 0.507513 0.100000 0.533189 0.933705 1.124182 0.100000 
0.197112 0.296949 0.137619 0.100000 0.902783 0.137793 0.539906 0.100000 0.752870 0.100000 0.213601 0.788731 1.183849 0.100000 1.046909 0.907795 0.460596 0.100000 0.823354 1.045527 0.100000 1.176635 0.219725 0.170445 0.867912 0.756450 0.726446 0.100000 0.735480 0.600475 0.839943 0.775052 0.391034 0.346415 1.132405 0.606411 1.050166 0.766843 0.226036 0.100000 0.521957 1.268966 0.199519 0.728489 0.100000 0.465773 0.100000 0.100000 0.552171 0.666002 0.634643 0.823819 0.100000 1.263433 0.100000 0.405126 0.100000 0.260931 1.147507 0.100000 0.327429 0.342423 0.390752 0.589903 0.849569 0.519540 0.357681 0.562262 0.429199 0.511315 0.100000 1.048250 0.267706 1.272968 0.358123 0.100000 0.997707 0.100000 0.100000 0.913001 0.100000 1.088240 0.100000 
0.635294 0.304775 0.100000 0.377501 0.239631 0.340608 0.629049 0.952835 0.152558 0.105732 1.644350 0.752561 1.007295 0.100000 0.100000 0.100000 0.229556 0.337654 1.899711 0.100000 0.283667 0.647580 0.443885 0.781352 0.166550 0.192864 1.136800 0.311771 0.100000 0.404051 0.676846 0.100000 0.521776 0.557264 0.464875 0.306044 1.254307 0.399611 0.100000 0.100000 0.100000 0.899641 0.826126 0.100000 0.100000 0.614051 0.237107 1.007153 0.100000 0.676295 0.100000 0.100000 0.100000 0.168737 0.831458 0.867170 0.100000 1.216118 0.172512 0.169527 0.780304 0.100000 0.100000 0.100000 0.470670 0.795862 0.701027 0.100000 0.456846 0.350091 1.183721 0.498348 0.956338 0.100000 1.013847 0.100000 0.474609 0.100000 0.439319 0.100000 0.152718 0.542604 0.639720 
