85 Number of operations
28 Number of workers
Standard production times
0.436826 0.198809 0.331604 0.391055 0.455688 0.283821 0.369697 0.170513 0.277800 0.162097 0.574453 0.396892 0.633336 0.100000 0.551241 0.100000 0.330241 0.100000 0.539262 0.512992 0.495972 0.340811 0.315938 0.228077 0.318417 0.649516 0.100000 0.100000 0.538062 0.585624 0.717307 0.480261 0.146062 0.493841 0.660772 0.646257 0.445896 0.454722 0.266643 0.360484 0.497204 0.572092 0.100000 0.238532 0.100000 0.618461 0.282133 0.597837 0.392383 0.644536 0.657231 0.431644 0.169275 0.413947 0.588501 0.278597 0.308175 0.396599 0.569202 0.402256 0.238324 0.288863 0.302463 0.464080 0.450278 0.274325 0.171269 0.118233 0.100000 0.577667 0.456585 0.653838 0.442652 0.454075 0.641237 0.267259 0.435319 0.449011 0.525447 0.328855 0.654341 0.435189 0.258507 0.273181 0.373264 
Production times: workers row and ops columns
0.100000 0.100000 0.670669 0.100000 0.100000 0.271721 0.185174 0.406442 1.201299 0.100000 1.213713 0.100000 0.999392 0.386817 0.839210 0.100000 0.807785 0.100000 0.100000 1.040092 0.489937 0.958553 0.832098 0.815960 0.497695 0.458562 0.100000 0.100000 1.039799 0.100000 1.108987 0.100000 0.732876 0.226063 1.020795 1.417500 0.286649 0.100000 0.869735 0.666051 0.243600 1.197763 0.100000 0.134117 0.666167 0.520969 0.100000 0.466270 0.994619 0.339423 0.100000 0.100000 0.100000 0.555554 0.990938 0.100000 0.175348 0.779803 0.394497 0.748350 0.100000 0.100000 0.100000 0.356255 0.440600 0.346096 0.285907 0.146159 0.100000 0.100000 1.117276 0.420635 1.119146 1.322211 0.720462 0.226857 0.253632 0.353402 1.331024 0.100000 0.100000 0.646432 0.100000 0.943041 0.710498 
0.755020 0.848228 0.666237 1.091310 1.078842 0.553239 0.100000 0.594979 0.100000 0.164378 0.100563 0.642597 1.070965 0.147233 0.100000 0.281782 0.863834 0.100000 1.099743 0.688534 0.707231 0.497649 0.100000 0.448198 0.857184 0.113871 0.100000 0.100000 0.567816 0.866461 0.213003 0.611808 0.394856 0.905807 0.592689 0.285892 0.769281 0.627849 0.149503 0.100000 1.271584 0.602646 0.100000 0.370954 0.620173 0.675537 0.751069 0.799074 0.910369 1.041419 0.100000 0.552713 0.193576 1.005607 1.560929 0.100000 0.896127 1.188520 0.100000 0.681427 0.100000 0.100000 0.100000 0.871435 1.158051 0.100000 0.100000 0.100000 0.100000 0.826027 0.515047 0.799063 0.885164 0.804866 0.791800 0.217880 1.439430 0.100000 0.921246 0.100000 1.833851 0.946024 1.203896 0.186765 0.100000 
0.100000 0.100000 1.546809 1.385426 1.344389 0.441180 1.220445 0.100000 0.234144 0.100000 0.363103 0.834383 0.509294 0.100000 0.587952 0.102932 0.587804 0.100000 0.514163 1.024777 0.858978 0.100000 0.100000 0.100000 1.168309 0.732682 0.100000 0.731120 0.100000 0.538819 0.100000 0.126412 0.581806 0.626187 0.621946 0.663530 0.100000 1.180075 0.634797 0.415048 0.410214 1.364112 0.108263 0.100000 0.100000 0.748172 0.100000 0.362287 0.680782 0.673160 1.540000 0.643326 0.100000 0.963040 0.615344 0.100000 0.487631 0.100000 1.524331 0.696409 0.753818 0.680583 0.132978 0.100000 0.100000 0.100000 0.285538 0.100000 0.100000 0.984530 0.624722 0.143558 0.488427 1.998508 0.886010 0.100000 0.100000 0.751681 0.435754 0.927578 0.628441 0.992194 0.100000 0.100000 0.100000 
0.740428 0.100000 0.470621 1.116434 0.980835 0.100000 0.503679 0.100000 0.194863 0.364542 1.015693 0.466294 0.331723 0.876399 0.409283 0.100000 0.682878 0.268647 0.435520 1.828259 1.590278 0.621362 0.488189 0.100000 0.458317 0.468972 0.986054 0.100000 0.100000 1.138326 0.679593 0.426008 0.256231 0.480585 1.270027 0.189032 0.100000 0.100000 1.129113 0.242460 1.107207 0.648622 0.717215 0.363838 0.277279 0.250987 0.100000 0.846922 0.745106 0.560590 0.201626 0.107309 1.104667 0.821664 0.380420 0.100000 0.542603 0.684146 0.133269 0.100000 1.185507 0.648082 0.300066 1.228312 0.136767 1.101293 0.136661 0.100000 0.100000 0.100000 0.777250 0.939390 0.100000 0.353101 1.073909 0.100000 0.100000 0.263164 0.222096 0.287769 1.724233 0.101305 0.413314 0.184980 0.753125 
0.780841 0.190063 0.100000 0.341439 0.100000 0.100000 0.812133 0.383871 0.100000 0.100000 0.772610 0.180343 0.100000 0.100000 0.445396 0.314070 0.588985 0.397622 0.195690 1.613635 0.716052 0.293583 0.667956 0.346372 0.100000 1.241650 0.100000 0.100000 0.555112 0.923166 1.528827 0.977339 0.480070 0.828670 1.210704 0.100000 1.064076 0.363052 0.317970 0.709285 0.691184 1.045312 0.862996 0.627472 0.100000 0.100000 0.236688 1.042538 0.100000 0.589925 0.911576 0.863990 0.758428 1.008771 0.646999 0.172222 0.317012 0.100000 0.364742 0.133507 0.279167 0.100000 1.489205 0.486126 0.519846 0.530931 0.100000 0.283714 0.100000 0.100000 0.714930 0.100000 1.149138 0.100000 0.318548 0.609873 0.450976 0.218200 0.100000 0.536534 1.271246 1.278370 0.181555 0.326648 0.100000 
0.822824 0.474362 0.274666 0.549490 0.100000 0.100000 0.727334 0.620182 0.100000 0.100000 1.105018 0.471224 1.817349 0.512177 0.198410 0.114412 0.146900 0.149170 0.781837 0.100000 0.184296 0.378790 0.561437 0.100000 0.100000 0.974100 0.100000 0.570625 0.260816 0.485680 1.203702 1.452491 0.509849 0.313141 1.136014 1.188577 0.100000 0.100000 0.345809 0.100000 0.393845 2.085882 0.100000 0.157946 0.100000 0.215246 0.506835 0.457814 0.100000 1.292058 1.060269 0.274405 0.100000 0.127150 0.406166 0.503320 0.879731 0.834119 0.219980 0.258028 0.478442 0.519443 0.323981 0.508339 0.800997 0.100000 0.195465 0.111740 0.100000 0.403181 0.256096 1.896547 0.551173 0.250757 0.168076 0.227256 0.313455 0.456779 0.590486 0.754907 0.732300 0.636318 1.103739 0.188369 1.184682 
0.432414 0.100000 0.569341 0.772833 1.278408 0.100000 0.135110 0.100000 0.537386 0.476552 0.790311 0.100000 0.906471 0.871625 0.682800 0.100000 0.100000 0.599347 1.520520 1.111193 0.235073 0.100000 0.612511 0.586196 0.448754 0.113315 0.100000 0.100000 0.804878 0.749106 0.100000 0.313087 0.323451 0.353882 0.100000 0.119879 0.672824 0.100000 0.100000 1.669648 0.977786 0.576411 0.322973 0.187082 0.100000 0.925090 0.184574 1.377862 0.100000 0.100000 1.029798 0.398045 0.100000 0.276593 0.709156 0.442053 0.100000 1.565356 0.877594 0.553032 0.564071 0.100000 0.831501 1.520810 0.300680 0.309037 0.788371 0.915828 0.290260 0.359750 0.185529 0.587459 0.100000 0.159180 0.806553 0.830639 0.100000 0.100000 0.188798 0.192212 0.365200 1.200677 0.100000 0.100000 0.807896 
0.100000 1.313320 0.318308 0.437927 0.890103 0.618107 0.100000 0.929673 0.100000 0.100000 0.100000 0.513434 0.100000 0.100000 0.123316 0.850992 0.100000 0.906432 0.995857 1.112927 0.100000 0.126865 0.286643 0.779782 0.862287 1.133042 0.100000 0.334672 0.100000 1.391687 0.100000 0.100000 0.287035 0.338335 0.841528 0.495810 0.635154 0.720225 0.634920 0.503630 0.807269 0.444751 0.100000 0.100000 0.304314 0.700989 0.763037 1.104215 0.100000 0.839607 0.797505 0.588732 0.100000 1.232334 0.275958 0.788045 0.251657 0.584202 0.100000 0.767183 0.100000 0.100000 0.100000 0.504166 0.100000 0.589354 0.128363 0.100000 0.272242 0.855106 0.813719 1.455742 0.842615 0.607691 1.155894 0.100000 0.420299 0.344292 0.774852 0.565132 0.597613 0.105770 0.100000 0.100000 0.413070 
0.100000 0.452614 0.146295 1.657425 1.266178 1.316817 0.100000 0.866647 0.100000 0.100000 0.370568 0.147843 0.100000 0.171953 0.100000 0.100000 0.870402 0.100000 0.923625 0.100000 0.780613 0.100000 0.355560 0.100000 0.210298 0.586683 0.100000 0.251886 0.854776 0.704043 0.819243 1.248067 0.167576 0.100000 0.466864 0.231629 0.100000 0.601885 0.208411 0.459848 1.163127 0.595503 0.100000 0.927623 0.849026 0.997691 0.100000 0.431460 1.518359 0.100000 0.849141 0.359701 0.388858 0.609985 0.595538 1.330433 0.100000 0.100000 0.466437 0.373593 0.384727 0.210712 0.100000 0.487348 0.487186 0.349132 0.267894 0.253001 0.100000 0.376148 0.100000 0.404054 0.974729 0.729122 0.285343 0.473918 0.417654 0.104237 0.579473 0.100000 0.715531 0.330137 0.100000 0.635163 0.100000 
0.550537 0.100000 0.165995 1.246939 0.669045 1.127398 0.528086 0.473305 0.885854 0.788002 0.826688 0.120059 1.194713 0.105812 0.330121 0.100000 0.824299 0.865130 0.100000 1.203493 0.862873 0.857054 0.100000 0.100000 0.796646 0.100000 0.100000 0.409427 0.193037 1.603413 0.920538 0.620847 0.100000 0.100000 1.195339 0.760315 0.100000 0.485041 0.295240 1.184844 1.099497 0.332048 0.100000 0.599866 0.100000 0.227229 0.100000 0.689606 0.190597 0.100000 0.100000 0.100000 0.110431 0.364771 0.320400 0.568940 0.673680 0.799586 0.374310 1.018907 0.455919 1.576155 0.100000 0.672898 0.116010 1.329865 0.100000 0.226257 0.922462 1.161858 0.100000 0.377252 0.918266 0.502855 0.213994 0.100000 0.100000 0.316242 0.990180 0.254656 2.282972 0.598727 0.100000 0.340494 0.837640 
0.100000 0.364214 0.401412 0.560116 0.744722 0.100000 0.868479 0.267032 0.609500 0.497549 1.256430 0.798548 0.485430 0.100000 0.594391 0.100000 0.647380 0.100000 0.487211 0.100000 0.805962 0.100000 0.100000 0.750780 0.617092 0.585597 0.544594 0.100000 0.545700 0.451783 0.227197 0.100000 0.741653 0.313945 1.115585 0.880828 0.339680 0.702913 0.100000 0.100000 0.911428 0.100000 0.254131 0.341725 0.843875 0.565615 0.100000 0.403080 0.100000 0.970122 0.483282 0.675612 0.100000 0.139502 0.810011 0.763859 0.100000 0.698681 0.600562 0.168084 0.470388 0.100000 0.100000 0.354556 0.519733 0.988252 0.100000 0.100000 0.100000 0.179544 0.100000 1.801771 0.209646 0.926755 0.644737 0.100000 1.197391 0.633904 0.706507 0.506401 0.443802 0.100000 0.100000 0.559550 0.359614 
0.216443 0.111152 0.100000 0.719850 0.485795 0.450847 0.700763 0.100000 0.434467 0.100000 0.909078 0.104001 0.738846 1.115493 0.116289 0.100000 0.100000 0.100000 1.286288 0.697549 0.297551 0.100000 0.100000 0.100000 0.698984 0.209174 0.409690 0.100000 0.218828 0.428960 1.507308 0.100000 0.843369 0.878948 1.181086 0.233799 0.504180 0.798402 0.670004 0.707700 1.000711 1.581937 0.100000 0.175642 0.100000 0.100000 0.548945 0.962883 0.265675 1.421124 0.706239 0.100000 0.310335 0.102544 0.344732 0.154046 0.140419 0.986651 0.979810 1.082422 0.638465 0.471044 0.961151 0.100000 0.215277 0.814418 0.646047 1.201926 0.100000 1.306521 0.854369 0.739669 0.100000 0.100000 0.824266 1.564984 1.109274 1.019096 0.678804 0.202882 1.135100 1.011615 0.100000 0.400742 0.861009 
1.605312 0.277770 0.100000 0.100000 0.183479 1.043725 0.254155 1.150546 0.100000 0.748741 0.100000 0.760708 1.102530 0.100000 0.196124 0.251377 0.716027 0.100000 0.257654 1.111772 0.100000 0.678082 0.144938 0.100000 0.500092 0.792677 0.100000 0.100000 0.162113 0.858443 0.696437 0.166551 0.100000 1.161557 0.578098 0.580032 0.234311 0.100000 0.297258 1.370921 1.085894 0.761533 0.100000 0.100000 0.359732 0.488244 0.468182 0.100000 0.100000 0.346473 0.711927 0.106468 0.100000 0.100000 1.400639 0.100000 0.100000 1.059478 0.399699 1.257356 0.418749 0.627762 0.533359 0.100000 0.402638 0.207748 0.100000 0.398174 0.100000 0.100000 0.147879 0.100000 0.117007 1.186902 0.300048 0.178204 1.209578 1.133095 0.100000 0.586465 0.162877 1.305868 0.349823 0.100000 0.958556 
0.264228 0.365279 0.100000 0.100000 0.100000 0.100000 0.615850 0.100000 0.100000 0.100000 0.568159 0.988365 2.066207 0.845628 1.084653 0.100000 0.100000 0.100000 0.772909 0.434807 0.540969 0.385750 0.100000 0.426259 0.360629 0.517169 0.622021 0.535385 0.752193 0.451094 0.288525 0.100000 1.124490 0.711648 1.127093 0.372753 0.172501 0.100000 0.100000 0.304797 0.100000 0.789260 0.666042 0.100000 0.394626 0.100000 0.385697 0.100000 0.932746 1.513838 0.894177 0.865186 0.397842 0.100000 0.606711 0.100000 0.100000 1.641024 0.707673 0.372517 0.100000 0.100000 0.437464 1.489651 0.558741 0.100000 0.100000 0.100000 0.100000 0.360954 0.606213 0.100000 0.100000 0.100000 0.768375 0.100000 0.951538 1.358196 0.522396 0.100000 0.186227 0.822146 0.232058 0.100000 0.756558 
0.388752 0.478954 0.967602 0.121988 0.631554 0.116227 0.419918 0.100000 0.628535 0.100000 0.454335 0.407519 0.365660 0.100000 0.506352 0.573465 0.100000 0.485375 0.100000 0.100000 0.938963 0.100000 0.100000 0.515632 0.340247 0.966386 0.100000 0.365382 0.239787 1.521093 0.100000 0.202201 0.100000 0.100000 1.214248 0.100000 0.387438 0.592707 0.100000 0.100000 0.350904 0.114470 0.316355 0.100000 0.515429 1.290091 0.534744 0.513908 0.437188 0.389994 1.190414 0.100000 0.183619 0.123475 0.515066 0.100000 0.115931 0.404799 0.204284 0.100000 0.588281 0.315669 0.378612 0.159515 0.103295 0.711385 1.071118 1.012033 0.100000 0.503838 0.824839 0.100000 0.243789 0.885176 0.916681 0.175258 0.482124 0.207984 0.275580 0.100000 1.237624 0.759721 1.180781 0.100000 0.563633 
1.068796 0.100000 1.306976 0.399558 1.068893 0.100000 0.570143 0.531899 0.790939 0.544022 0.854765 0.100000 0.186684 0.100000 0.100000 0.100000 0.148086 0.100000 0.165698 1.235279 0.815226 0.330890 0.100000 0.198133 0.769753 0.800460 0.679620 1.365159 1.114208 0.722216 0.457027 0.561514 0.100000 1.367863 0.880012 0.100000 1.004806 0.277828 0.925956 0.787968 1.098920 0.705352 0.905585 0.254590 0.100000 0.645938 0.100000 0.806112 0.226792 0.100000 0.253514 0.525368 0.978748 0.232850 1.172940 0.231738 0.807858 0.289526 1.455011 0.100000 0.702181 0.508299 0.123511 0.679286 0.168085 0.100000 0.591500 0.209621 0.163164 0.517335 0.473190 0.114611 1.416206 1.142881 1.013590 0.704305 0.100000 0.220065 0.100000 1.414653 1.255297 0.409330 0.134872 0.308408 0.292330 
0.593587 0.126941 0.843941 1.140670 1.451525 1.104924 0.100000 0.100000 1.039391 0.100000 0.991556 0.365833 0.803116 0.335940 0.516288 0.100000 1.307287 0.100000 0.740067 0.855204 0.100000 0.100000 0.763119 0.649744 0.100000 0.511842 0.100000 0.100000 0.100000 1.536418 0.579966 1.320794 0.100000 1.263056 0.490725 0.626298 0.324247 0.289560 0.100000 0.954894 0.512974 0.100000 1.182993 0.567249 0.868186 0.352529 0.629195 0.100000 0.100000 0.897968 1.407885 0.100000 0.622784 0.797293 0.595838 0.382479 0.100000 0.238674 0.100000 0.365108 0.100000 0.877378 0.100000 0.100000 0.100000 0.100000 0.289087 0.100000 0.701291 0.100000 0.603866 1.231643 0.420667 1.129963 0.624893 0.873956 0.626327 1.845035 0.577650 0.691402 0.802958 0.738583 0.203900 0.620611 0.694439 
1.158566 0.100000 0.100000 0.536915 0.641611 0.100000 0.117653 0.100000 0.100000 0.131361 0.314588 0.100000 0.322638 0.403032 0.214479 0.100000 0.482698 0.924388 0.394557 1.192809 1.595036 0.926979 1.251108 0.100000 0.100000 1.482385 0.100000 0.100000 0.348088 0.495504 0.781425 0.841921 0.335734 0.715857 1.104791 0.104998 1.076652 0.462511 0.100000 0.326812 0.100000 0.640714 0.287555 0.614858 0.478508 0.100000 0.120482 0.482995 0.100000 0.100000 0.653978 0.309772 0.424620 0.100000 0.147786 0.350284 0.160568 0.863604 0.100000 1.429078 0.100000 1.060849 0.451466 0.132950 0.368083 0.260390 0.100000 0.577607 0.100000 1.069726 0.626642 0.765019 0.566822 0.437510 1.148946 0.426222 0.853893 0.100000 0.264327 1.034231 1.231503 0.100000 0.970495 0.288719 0.100000 
0.607437 0.100000 0.100000 0.238590 0.100000 0.354457 0.677083 0.580783 0.152204 0.158714 0.549153 0.723822 0.984593 0.271293 0.731710 0.100000 0.454714 1.478525 0.767395 0.992047 0.461416 0.720812 0.285979 0.317428 0.537807 0.156831 0.288064 0.100000 0.568691 1.305306 0.100000 0.100000 0.100000 0.611565 0.628120 0.479941 0.100000 0.618276 0.155692 0.255178 0.100000 0.511827 0.100000 0.376269 0.668521 0.100000 0.628240 0.591513 0.803647 0.584435 0.859367 0.479346 0.100000 0.868374 0.204733 0.956847 0.885409 0.771729 0.959018 0.190181 0.100000 0.291638 0.825623 0.100000 0.983202 0.532138 0.151504 0.100000 0.468074 0.889876 0.429260 0.741956 0.738630 0.141489 0.100000 0.615716 0.100000 0.654649 0.100000 1.198800 0.958173 0.674911 0.712313 0.430673 0.454951 
0.461068 0.100000 0.591252 0.126755 0.174455 0.487574 0.342725 0.602182 0.678439 0.100000 0.100000 0.522411 0.212572 0.100000 0.100000 0.347436 0.100000 0.173375 0.100000 0.230245 0.834234 0.525288 0.489109 0.100000 0.551938 0.660698 0.458430 0.474052 0.626085 1.000679 0.130521 0.694483 1.315289 0.971539 0.486308 1.774645 1.009361 0.100000 1.053032 0.635127 0.366002 0.322828 0.100000 0.100000 1.197691 1.125137 0.100000 0.690565 0.419210 0.883145 0.160016 0.874641 0.100000 0.694525 0.344129 0.100000 0.100000 0.100000 0.363711 1.283604 0.506557 0.100000 0.199990 0.100000 0.431931 0.100000 0.231384 0.388450 0.487914 1.240343 0.241860 0.503837 1.480816 0.293063 1.263355 0.530496 1.504853 0.657529 0.706707 0.100000 0.236905 1.297308 0.100000 1.073558 0.748829 
0.100000 0.734098 0.100000 0.100000 0.100000 0.766887 0.120322 1.451060 0.185606 0.100000 0.218435 0.100000 1.277644 0.100000 0.982013 0.358232 0.100000 0.100000 1.079158 0.122243 0.844957 0.100000 0.243920 0.547217 0.100000 0.598352 0.100000 0.526262 0.562389 1.345009 1.368019 0.100000 0.192476 0.758621 1.288871 1.218800 0.197157 0.183673 0.100000 0.100000 0.957120 0.761228 0.100000 0.715586 0.100000 1.170385 0.106317 0.238364 1.361878 1.235393 0.100000 0.600261 0.502584 0.464370 0.100000 0.100000 0.100000 0.100000 1.095865 0.216674 0.100000 0.100000 0.100000 0.100000 0.100000 0.628105 0.100000 0.100000 0.100000 1.681742 0.111329 0.576665 0.125188 0.369943 0.128327 0.100000 0.746891 0.850839 0.186406 0.455493 0.647760 0.143788 1.257870 0.100000 0.100000 
0.280522 0.100000 0.306994 0.100000 0.100000 0.100000 0.222173 0.264970 0.114508 1.029349 0.100000 1.132912 1.122424 0.100000 0.278712 0.388162 1.014379 1.103592 0.242378 0.263990 0.733747 0.551171 0.293456 0.100000 0.412942 0.761815 0.117857 0.100000 0.100000 0.915587 0.319266 0.909481 0.100000 0.529566 0.566538 1.444046 1.628983 1.110575 0.114818 0.797739 0.790140 0.568688 0.398583 0.749398 0.273400 1.443852 0.148963 1.307073 0.364041 0.909950 0.331513 0.100000 0.361881 0.100000 0.408650 0.100000 0.511527 0.100000 0.420415 0.624466 0.822084 1.189323 0.569362 0.511734 0.100000 0.874756 0.100000 1.282179 0.100000 0.100000 0.100000 1.726815 0.100000 1.223416 0.426329 0.100000 0.100000 0.100000 0.463104 0.100000 1.119990 0.559247 0.967640 0.100000 0.100000 
0.750484 0.167262 0.100000 0.879792 0.906689 0.544572 0.439306 0.100000 0.583701 0.100000 0.571721 0.213779 0.765658 0.814124 1.215391 0.100000 0.100000 0.168970 0.540609 0.821809 0.971709 1.186330 0.506426 0.100000 0.100000 0.407487 1.112795 0.524569 1.275551 1.006357 0.100000 0.916883 0.100000 0.585569 0.374718 0.310026 0.100000 0.927112 0.100000 0.100000 0.223890 1.075148 0.286631 0.100000 0.100000 0.998205 0.100000 1.144380 0.642950 0.384430 0.100000 0.100000 0.610040 1.275653 0.233200 0.100000 0.100000 0.100000 0.530733 1.275330 0.878431 0.100000 0.100000 1.584648 0.100000 0.302798 0.474928 0.223754 0.100000 0.437900 0.843258 1.083411 0.415561 0.861680 0.835376 0.100000 0.350387 0.717538 0.289672 0.158290 1.766075 0.435248 0.100000 0.100000 0.730012 
0.774249 1.035361 0.100000 0.208689 0.657263 0.375946 1.174623 1.046892 0.628236 0.100000 0.100000 0.963734 0.199154 1.601864 0.389420 0.100000 0.850385 1.020900 0.871103 0.909804 0.776053 0.816721 0.100000 0.608552 0.279083 0.100000 0.100000 0.657904 0.336200 0.905957 0.100000 0.100000 0.500898 0.258189 0.246648 0.287179 0.446190 1.173189 0.260305 0.330752 0.945100 0.381191 0.377740 0.100000 0.100000 0.547124 0.108573 0.883098 0.485245 0.655305 0.646311 0.371319 0.348279 0.100000 0.838024 0.492142 0.100000 0.100000 1.425298 0.546836 0.758330 1.084582 0.505750 0.371551 0.182437 0.610739 0.502772 0.100000 0.100000 0.100000 0.100000 0.632823 1.058781 0.203598 0.208181 0.315375 0.388705 0.306345 0.193455 0.100000 0.442962 0.524663 1.343763 1.006900 0.405212 
0.529027 0.927439 0.432929 0.327499 0.194388 0.100000 0.621051 0.100000 0.253068 0.292586 0.713445 1.146479 0.946504 0.656471 0.203101 0.988752 0.704987 0.184491 0.709012 0.211508 0.448690 0.516097 0.100000 0.628942 0.100000 0.126107 0.406420 0.100000 0.100000 0.754581 0.996127 0.624470 0.100000 0.100000 1.171389 0.894343 0.285348 1.340010 0.179219 0.844440 1.155803 0.736324 0.100000 0.793381 0.184360 0.723540 0.119032 1.352521 0.230948 0.557244 1.641687 0.880739 0.569206 0.705731 0.670235 0.246697 0.100000 0.363675 0.100000 0.508348 0.100000 0.584435 0.100000 0.463371 0.805760 0.100000 0.100000 0.230602 0.201899 1.105349 0.244603 0.250578 1.008668 0.944890 1.154804 0.325959 0.990036 0.100000 1.125091 0.100000 0.992605 0.637889 0.100000 0.172633 0.100000 
0.100000 0.100000 0.100000 0.464539 0.433500 0.605783 0.100000 0.100000 0.100000 0.100000 0.620785 0.382968 1.178430 0.261788 0.748955 1.056702 0.807982 0.614070 1.789787 0.861292 0.679772 1.088905 0.419071 0.100000 1.260724 1.507747 0.580022 0.100000 0.491938 0.746247 1.230915 1.291172 0.533441 0.510514 1.077071 1.444599 0.446697 0.468269 0.771963 0.405176 1.579337 0.147552 1.545499 0.100000 0.513811 0.893387 0.138973 0.707316 1.227272 1.266368 0.772391 0.435028 0.333311 0.100000 0.813670 0.572383 0.100000 0.223614 1.034618 0.345936 0.281139 0.748379 0.168008 0.100000 1.030546 0.100000 0.483442 0.100000 0.100000 1.140175 0.920697 0.546165 1.334462 0.282204 0.100000 0.150344 0.296950 0.205188 0.963730 0.506939 0.512363 0.100000 0.754262 0.345650 1.215067 
1.303479 0.100000 1.123214 0.538028 0.347355 0.507659 0.475911 0.303628 0.100000 0.100000 1.042190 0.291571 0.213251 0.757683 0.699643 0.100000 0.100000 0.513667 0.100000 1.095685 0.100000 0.362476 0.722554 0.100000 0.480046 1.162384 0.100000 0.100000 0.538560 1.467135 0.100000 0.199772 0.100000 1.593036 0.438087 0.452331 1.422610 0.418638 0.507905 0.100000 0.893116 1.006115 0.100000 0.100000 1.119225 0.297061 0.115678 1.227138 0.487389 0.598544 1.073619 0.526244 0.466530 0.858223 0.305055 0.313886 0.100000 0.100000 0.569379 0.100000 0.196712 0.100000 0.715132 0.238765 0.100000 0.709052 0.100000 0.100000 0.454918 0.172789 0.516780 1.350806 0.961833 1.275858 1.379494 0.857902 0.100000 0.515172 0.138008 0.398117 0.984454 0.100000 0.558022 0.338337 1.220140 
1.378983 0.100000 0.691079 1.088048 1.556211 0.100000 0.100000 0.887417 0.390525 0.100000 1.037426 0.133960 1.238228 0.100000 0.132588 0.543069 0.633538 0.160077 0.379483 0.659419 0.784684 0.754484 0.100000 0.100000 0.203780 1.391286 0.508911 0.784137 0.418362 0.747316 0.901318 0.419553 0.100000 0.100000 0.158674 0.155940 0.254167 0.100000 0.670301 0.583136 0.198229 0.100000 0.698910 0.100000 0.330008 0.994869 0.467799 0.100000 0.114869 0.790435 0.100000 0.100000 0.416033 0.634664 0.573527 0.100000 0.524624 1.449380 0.715704 0.100000 0.100000 0.837849 0.513102 0.755423 0.767773 0.390005 0.100000 0.569683 0.100000 0.621810 0.100000 0.590737 0.533594 0.100000 1.170471 0.113808 0.153707 0.100000 0.896262 0.100000 0.100000 0.736703 0.685627 0.804642 0.350560 
