85 Number of operations
24 Number of workers
Standard production times
0.395487 0.532490 0.222502 0.307822 0.261232 0.472611 0.856732 0.348992 0.510849 0.592732 0.929213 0.391227 0.206876 0.575733 0.100000 0.623915 0.189126 0.198222 0.386496 0.383715 0.967043 0.350765 0.541102 0.253267 0.159032 0.456081 0.295062 0.100000 0.627160 0.519564 0.619080 0.716055 0.419631 0.380416 0.100000 0.410165 0.555420 0.278717 0.305743 0.100000 0.571778 0.269913 0.412373 0.663896 0.543813 0.237312 0.591981 0.366152 0.400966 0.541476 0.611755 0.607141 0.514341 0.395286 0.100000 0.249166 0.430479 0.769328 0.427803 0.599307 0.100000 0.665435 0.232499 0.665336 0.283636 0.157893 0.336602 0.575480 0.716322 0.403792 0.756102 0.159809 0.168989 0.100000 0.420959 0.465930 0.486587 0.338208 0.671367 0.487711 0.500298 0.406885 0.239311 0.920120 0.766699 
Production times: workers row and ops columns
0.100000 0.733246 0.100000 0.100000 0.231031 0.835988 0.661641 0.588269 0.540812 0.100000 1.065409 0.572950 0.100000 0.691537 0.100000 0.400424 0.100000 0.232757 0.157376 0.107586 1.222555 0.740985 0.612343 0.100000 0.593982 0.158870 0.115015 0.117145 1.016758 0.415760 0.381612 0.690786 1.400789 0.100000 0.100000 0.496865 1.004372 0.113187 1.150404 0.100000 0.176836 0.839267 0.100000 0.958364 0.318562 0.542924 1.171594 0.955213 0.347771 0.656681 0.523117 1.464499 0.692468 0.212982 0.100000 0.536475 0.521911 0.460993 1.063643 0.917404 0.657903 0.574215 0.430241 0.614989 0.100000 0.871683 0.600826 0.100000 1.431441 0.229749 1.375313 0.697715 0.618047 0.100000 0.100000 0.399268 0.394265 0.202460 0.458170 0.838946 1.071792 0.100000 0.974628 0.659820 1.089701 
0.192764 1.297172 0.100000 0.162060 0.104744 0.716906 0.817614 0.636232 0.138887 1.213601 0.270357 0.100000 0.519990 0.427384 0.908436 0.349650 0.100000 0.100000 1.134846 1.110407 0.615854 0.174163 0.100000 0.623199 0.388282 0.100000 0.100000 0.100000 0.100000 1.032821 0.643872 0.971036 0.100000 0.658904 0.100000 0.278117 0.163437 0.100000 1.534625 0.241534 0.531439 0.100000 0.810328 0.615969 0.228488 0.100000 0.200144 0.100000 0.730774 0.854689 0.119265 0.304372 0.301955 0.728764 0.100000 1.531477 0.100000 0.249465 0.309206 0.158252 0.100000 0.514754 0.815839 0.799423 0.194628 0.100000 0.100000 0.930034 0.229433 0.100000 0.701379 0.100000 0.243124 0.299192 0.717304 1.129255 0.127611 0.100000 0.750135 0.864215 0.201354 0.755198 0.557140 1.110280 0.175619 
0.695860 0.417467 0.850717 0.100000 0.335486 0.416858 1.078059 0.561166 1.107480 0.924135 1.284397 0.612466 0.204077 0.794724 0.654655 0.100000 0.264445 0.100000 0.768661 1.515810 0.823899 0.619653 0.360791 1.390122 0.100000 1.472610 0.440581 0.100000 0.132989 0.926822 0.100000 0.986131 0.100000 1.089821 0.985818 0.369101 1.114871 0.216416 0.100000 0.100000 1.309437 0.359604 1.042077 0.991785 0.785357 0.718824 0.431926 0.159615 0.944129 0.358186 0.605111 0.335263 0.100000 0.780098 1.214920 0.100000 0.636076 0.894135 0.226487 0.437724 0.100000 0.100000 0.100000 0.742498 0.163451 0.100000 0.100000 0.499392 0.460715 0.474318 0.271193 0.100000 0.784459 0.100000 0.934545 0.739193 1.623381 0.100000 0.511900 0.328723 0.809043 0.489230 0.100000 0.398013 0.260164 
0.425365 0.399394 0.371308 0.100000 0.100000 0.348917 0.756000 0.439963 0.622160 0.670404 0.121081 1.593726 0.528870 0.295839 1.126207 0.246767 1.045869 0.100000 0.333658 0.100000 1.708482 0.200236 0.231972 0.699895 0.100000 0.780932 0.203295 0.100000 0.282584 0.275770 1.478253 0.100000 0.451515 0.122665 0.565038 0.785447 0.100000 0.100000 0.100000 0.803595 0.581065 0.100000 0.100000 0.174387 1.183897 0.797471 0.913340 1.183455 0.100000 0.299097 0.100000 0.100000 0.932530 1.283539 0.286880 0.100000 0.100000 0.441008 0.232817 0.100000 0.250818 1.495015 1.187038 1.144184 0.100000 0.100000 0.779815 0.485109 0.534981 0.100000 0.727021 0.486003 0.100000 0.976816 1.552859 0.100000 0.100000 0.166330 1.366886 0.100000 1.448883 0.287169 0.464636 0.513745 0.100000 
0.892160 0.100000 0.254941 0.102974 0.292751 0.443091 0.589233 0.600352 1.054851 0.577722 1.361502 0.100000 0.100000 0.361140 1.064892 0.100000 0.100000 0.139779 0.911341 0.100000 0.782693 1.111816 1.076305 0.225533 0.402227 0.100000 0.100000 0.505643 0.779651 0.100000 0.100000 1.428270 0.574079 0.100000 0.208732 1.451542 0.605241 0.670975 0.100000 0.100000 0.611424 0.508219 0.100000 0.100000 0.100000 0.100000 0.360997 0.772974 0.634185 0.760274 0.100000 1.114532 0.687796 0.663898 0.100000 0.100000 0.568707 1.201331 1.100491 2.694447 0.100000 0.499957 0.183384 0.427668 0.100000 0.100000 0.100000 0.493956 1.030734 0.100000 0.108656 0.127477 0.413354 0.100000 0.489599 0.679328 1.022278 0.100000 1.182077 1.009791 0.891386 0.103713 0.100000 1.289128 1.950493 
0.479455 0.493536 0.444063 0.421407 0.296117 0.917403 1.437176 0.819996 0.409008 1.150800 0.740916 0.346675 0.100000 1.051196 0.101536 0.611127 0.100000 0.697449 0.612561 0.100000 0.217669 0.244218 0.100000 0.470894 0.515891 0.460209 1.133935 0.100000 0.838871 1.470991 0.791235 0.716238 0.100000 0.890487 0.100000 0.871187 0.448857 1.040531 0.568533 0.100000 1.510081 0.566268 0.433936 0.837321 0.951024 0.100000 0.595724 0.459268 0.100000 0.784667 0.100000 0.671138 0.100000 0.525008 0.403121 0.100000 1.329741 1.524183 0.641313 0.732361 0.389054 0.100000 0.100000 0.232777 0.597922 0.100000 0.835978 0.910519 1.196693 0.100000 0.466766 0.753365 0.100000 0.355254 1.599783 0.319252 0.263179 0.100000 1.347974 0.249615 0.100000 0.279647 0.110507 1.217646 0.170394 
0.100000 0.486044 0.242334 0.120258 0.100000 0.100000 0.100000 0.100000 0.530657 0.879681 0.523485 0.764175 0.100000 0.937564 0.841037 0.187695 0.200704 0.302815 0.627762 1.051048 0.729935 0.458492 0.657334 0.100000 0.912391 0.280070 0.479438 0.100000 0.394654 0.811827 0.551079 0.100000 0.367052 0.100000 0.100000 0.100000 1.204545 0.100000 0.100000 0.952221 0.823997 0.674189 0.272924 0.467789 0.100000 0.690486 0.218373 0.100000 1.008390 1.695507 0.126110 0.493722 0.362698 0.909668 0.624034 0.100000 0.137532 0.564764 0.916835 0.100000 0.669188 0.236217 0.100000 1.370490 0.699260 0.503393 0.536066 0.556727 0.899128 0.178571 1.663963 0.100000 0.100000 0.100000 0.100000 0.520315 0.283221 0.483235 0.100000 1.054021 0.257833 0.100000 0.244341 0.212925 0.244635 
0.100000 0.280829 0.559691 0.267795 0.100000 0.537608 0.730896 0.100000 1.048913 0.832256 1.822691 0.100000 0.100000 0.706741 0.307170 0.100000 0.121785 0.100000 0.835694 0.666055 0.100000 0.763649 0.173635 0.100000 0.100000 0.431673 0.912200 0.371605 0.769943 0.420734 0.942419 0.629867 0.100000 0.496732 0.100000 1.038763 0.984245 0.903675 0.980611 0.100000 0.329247 0.100000 0.100000 0.907088 0.345642 0.100000 1.264583 0.100000 0.726183 0.465482 0.997251 0.738245 0.173787 0.100000 0.100000 0.809880 1.433495 1.905282 0.173807 0.114785 0.100000 0.874211 0.393463 1.245032 0.207819 1.267192 0.100000 1.199659 1.538247 0.686063 0.616488 0.686401 0.100000 1.268456 0.840237 0.535903 0.557775 1.461074 0.204390 0.744268 0.100000 1.306188 0.100000 0.452595 0.361019 
0.161839 0.303342 0.561589 0.368704 0.100000 1.063644 0.303152 0.510243 0.150958 0.689987 0.531001 0.100000 0.312921 0.100000 0.389304 0.100000 0.761997 0.100000 0.352897 1.183107 1.052896 0.330829 0.261706 0.602174 0.662284 0.110232 0.472704 0.100000 1.224464 0.912021 0.100000 0.768118 0.298123 0.100000 0.741000 0.100000 1.569801 0.100000 0.223156 0.264058 1.477055 0.100000 0.756621 0.131082 0.100000 0.857977 0.523936 0.562013 0.100000 0.980897 0.100000 0.222742 0.541248 0.563750 0.100000 0.384171 0.100000 0.697292 1.278766 0.100000 0.100000 0.189750 0.100000 0.839654 0.100000 0.619847 0.472178 1.094525 1.631953 0.500575 1.640177 0.516997 1.000114 0.100000 0.200578 0.430986 0.174924 0.100000 0.100000 0.487127 1.503388 0.100783 0.897809 0.400166 0.639961 
0.100000 0.683434 0.100000 0.144939 0.100000 0.661464 1.190660 0.589083 0.558443 0.678611 0.855041 0.520897 0.442281 0.100000 0.100000 1.146853 0.337941 0.100000 0.117330 0.681536 1.753191 0.100000 1.222499 0.100000 0.731981 0.100000 0.100000 0.186884 0.304618 0.501056 0.697399 1.031941 0.365127 0.100000 0.278789 1.007293 0.577966 0.326150 0.100000 0.819396 0.723623 0.122943 0.598504 0.627509 0.788134 0.100000 1.842663 0.100000 0.100000 0.565259 0.514642 0.856272 0.731374 0.100000 0.100000 0.544898 0.100000 1.034902 1.202263 0.425255 0.100000 0.547362 0.620704 0.786670 0.627148 0.100000 0.492136 0.169182 1.366793 0.649468 1.023313 0.561675 0.447015 0.100000 0.265965 1.221751 0.292253 0.837244 0.458564 1.362653 0.805001 0.525606 0.413941 0.698720 0.595325 
0.483349 0.355083 0.368721 0.622262 0.635011 0.619218 0.515323 0.775250 1.025664 0.336097 1.628934 0.582469 0.171286 1.143226 0.100000 0.100000 1.013318 0.555069 0.129820 0.847965 0.445286 1.147485 0.100000 0.100000 0.909043 0.100000 0.779674 0.366593 0.100000 0.893701 0.913647 1.059693 0.796604 0.100000 0.220219 0.956730 0.917862 0.427131 0.567496 0.421533 1.093974 0.100000 0.387105 1.189042 0.807908 0.987491 0.377990 0.306702 0.253756 0.404475 0.627437 0.590247 0.100000 0.708214 0.271080 0.100000 0.108401 0.100000 0.582019 0.100000 0.100000 0.833357 0.513578 1.250151 0.100000 0.100000 0.100000 0.882964 0.526884 0.375828 1.655985 0.100000 0.885469 0.100000 1.019519 0.279060 0.100000 0.770773 0.403499 0.725090 0.849118 0.170140 0.913972 1.078570 0.247822 
0.518224 0.728578 0.100000 0.100000 0.100000 0.370883 0.836035 0.285622 0.477762 0.698214 0.618588 1.135284 1.075334 0.575736 0.100000 0.869027 0.100000 0.972879 1.109296 1.333230 1.015489 1.001436 0.130721 0.341717 0.249362 0.100000 0.100000 0.100000 0.967075 0.388347 1.008162 0.588625 0.185551 1.078673 0.100000 0.111793 0.100000 0.100000 0.100000 0.489365 0.746983 0.280962 0.100000 0.944299 0.100000 0.100000 0.176923 0.100000 0.465075 0.100000 0.799841 1.340171 0.817642 0.426550 0.100000 1.283126 0.503834 0.593660 1.056256 1.125403 0.100000 0.100000 0.100000 0.862709 0.880391 0.586580 0.738994 0.350376 0.291908 0.889107 0.398020 0.571715 0.328576 0.100000 0.462820 0.874157 0.553129 0.100000 1.180510 0.876444 0.266483 0.100000 0.100000 1.014854 0.771138 
0.745633 1.105623 0.100000 0.100000 0.100000 0.653245 0.957926 0.599528 0.507426 0.217792 1.240843 0.277312 0.100000 0.674784 0.347307 0.923456 0.100000 0.276575 0.347123 0.100000 1.167694 0.100000 0.713409 0.440764 0.247818 0.100000 0.100000 0.100000 0.452095 0.597725 0.177519 0.996258 0.137263 0.251499 0.100000 0.393798 0.100000 0.254163 0.442860 0.675825 1.097890 0.298196 0.648709 0.100000 0.625231 0.100000 0.287773 0.778974 0.312910 0.100000 0.783987 0.235004 1.083711 0.800654 0.100000 1.214164 0.589313 0.723526 0.766836 0.434452 0.100000 0.132095 0.831028 0.791326 0.110105 0.100000 0.505619 0.577945 1.271998 0.100000 0.834756 0.963961 1.337516 0.169188 0.546646 0.100000 0.930541 0.993191 0.495208 1.916205 0.347376 0.779047 0.100000 0.200482 0.100000 
0.433133 0.459693 0.321853 0.100000 0.600054 0.336675 1.977220 0.553494 0.730190 0.301683 0.742943 0.445587 0.648612 0.399237 0.277655 0.100000 0.100000 0.100000 0.768560 1.051840 0.695306 0.100000 0.555750 0.426266 0.100000 1.092764 0.100000 0.100000 0.460508 0.203787 1.010039 0.641942 0.446513 0.100000 0.100000 0.788003 0.100000 0.237914 0.140485 0.389381 0.435525 0.169416 0.611286 1.069229 0.100000 0.884559 0.855169 0.426729 0.661711 0.952480 0.757537 0.255006 0.465347 0.100000 0.112964 0.422072 0.363279 0.563724 0.948756 1.398250 0.100000 0.593546 0.225882 0.543744 0.100000 0.394844 0.100000 0.303893 2.154010 1.526156 1.077734 0.100000 0.282631 0.282963 0.987976 0.718859 0.914138 0.919146 0.952202 0.674610 1.557305 1.002420 0.319105 0.596326 0.630672 
0.497843 0.811411 0.740837 0.820309 0.266733 0.100000 0.912644 1.155158 0.878476 0.100000 1.305821 0.199657 0.629483 0.706281 0.100000 0.363482 0.212307 0.100000 0.452881 0.100000 0.704485 0.100000 0.100000 0.122608 0.388753 0.595285 0.150982 0.100000 0.179165 0.100000 1.072460 0.100000 0.784311 0.327703 0.100000 1.163902 0.573060 0.100000 0.100000 0.824010 0.100000 0.212761 0.624493 0.100000 0.296232 0.941341 0.100000 0.100000 0.100000 0.127201 0.314069 0.337578 0.648826 0.246732 0.159784 0.100000 0.100000 1.063406 0.114351 0.194470 0.112592 0.100000 0.173676 1.568164 0.100000 0.902447 0.274486 0.100000 0.561042 0.456741 0.515706 0.153652 0.100000 0.526572 0.332496 0.258281 0.574399 0.797886 0.100000 0.100000 0.184418 0.951707 0.100000 1.162144 0.353981 
0.787845 0.537623 0.436437 0.432178 0.100000 0.261218 0.867733 0.170177 0.106357 1.289533 0.100000 0.502567 0.395028 0.907368 0.753805 0.155946 0.209447 0.307357 0.543262 0.868945 1.669871 0.541691 0.100000 0.100000 0.100000 0.100000 0.189032 0.100000 0.100000 0.274327 0.822906 1.305536 1.133899 0.405846 0.100000 0.100000 0.645753 0.255433 0.780559 0.100000 0.316379 0.949847 0.695889 0.740833 0.176996 1.013133 0.100000 0.795877 1.401198 0.278894 0.624206 0.469320 0.543399 0.640075 0.283703 0.456637 0.100000 1.139889 0.476244 0.492745 0.312610 0.169512 0.100000 0.976004 0.639469 0.100000 0.852967 0.452429 0.458929 0.100000 0.233282 0.977447 0.667377 0.956972 0.559119 0.100000 0.625984 0.302789 0.854273 1.220173 0.172190 1.075425 0.100000 0.759288 0.100000 
0.491420 1.160232 0.100000 1.057083 1.014199 0.100000 0.970684 0.100000 0.496992 0.782692 0.926241 0.100000 0.249732 0.347216 0.100000 0.100000 0.100000 0.402329 0.136984 0.100000 0.868619 0.100000 0.100000 0.656578 0.100000 0.100000 0.100000 0.815369 0.680842 0.364980 0.582491 0.673188 1.147412 0.100000 0.272732 0.436324 0.100000 0.496653 0.665645 0.100000 0.331405 0.485949 0.792517 0.100000 0.128724 0.305440 0.775822 0.344512 0.465167 0.400403 0.307307 1.269334 0.100000 0.711113 0.100000 0.100000 0.100000 1.245371 0.546043 0.100000 0.100000 0.821064 0.295838 0.468316 0.100000 0.428540 0.505816 1.627009 0.862958 1.166465 0.100000 0.100000 0.740212 0.100000 0.517500 0.372022 0.683797 0.100000 0.100000 0.576323 0.943501 0.768765 0.100000 1.372373 0.151397 
0.100000 1.773706 0.100000 0.100000 0.898601 0.211265 0.547132 0.650970 0.522993 0.777526 1.248196 0.447893 0.662981 1.095037 0.733315 1.777563 0.472057 0.100000 0.545117 0.298566 0.273408 0.100000 0.100000 0.100000 0.349745 0.100000 0.206757 0.122229 0.608308 1.083650 0.925489 0.572860 0.801492 1.145290 0.100000 0.737232 0.295049 0.151981 0.100000 0.100000 0.182838 0.100000 0.462024 0.687423 0.356842 0.600599 0.100000 0.100000 0.100000 0.324551 0.720058 1.365406 0.781672 1.515697 0.298023 0.458283 0.755328 1.200722 0.407048 0.723748 0.544076 0.351149 0.675869 1.388556 0.338491 0.100000 1.024217 0.110486 0.601026 0.681237 1.148185 0.100000 0.100000 0.100000 0.100000 0.100000 0.100000 0.108062 1.023180 0.100000 0.100000 0.669413 0.877466 1.690637 0.100000 
0.680213 0.100000 0.704802 0.100000 1.015624 0.465296 1.238370 0.100000 0.870286 0.561532 1.085450 0.100000 0.115180 0.353855 0.381104 0.958826 0.100000 0.100000 1.135757 0.100000 0.849163 0.855425 0.595452 0.217397 0.285000 0.123812 0.100000 0.798568 1.381677 0.449166 0.398611 1.170155 0.100000 0.100000 0.307208 0.100000 0.467978 0.100000 0.100000 0.100000 0.753960 0.100000 0.441341 0.346929 1.691570 0.100000 0.483765 0.100000 0.282731 0.418131 1.057959 0.969710 0.695234 0.321137 0.182769 0.604318 0.575923 0.850273 1.532542 0.634377 0.297399 0.252413 0.271988 0.644987 0.100000 0.387304 0.100000 0.893812 0.788023 0.334285 1.741877 0.100000 0.100000 0.450695 0.378572 0.154508 1.413836 1.152887 1.149789 0.923045 0.455686 0.711653 0.100000 0.482212 0.100000 
0.100000 1.509503 0.100000 0.641403 0.541712 0.188787 0.960098 0.441633 0.303482 0.818087 0.876421 0.833514 0.121403 0.657197 0.100000 0.120466 0.912789 0.332678 0.100000 0.190996 1.417833 0.100000 0.506449 1.355524 0.448252 0.546618 0.493950 0.410002 0.100000 1.087166 1.038953 0.756831 0.255855 0.166777 0.100000 0.100000 0.512479 1.063982 0.100000 0.271416 1.452045 0.100000 0.113068 0.699987 1.199136 0.100000 1.155439 0.943081 0.100000 1.030910 0.100000 0.826278 0.336322 0.100000 0.616790 0.391911 0.500616 0.572884 0.100000 0.571732 0.137578 0.404117 0.100000 1.198807 0.100000 0.448458 0.571298 1.098759 2.232772 0.133466 1.397461 0.100000 0.100000 0.100000 0.345867 0.266566 0.571651 0.517366 1.141299 0.160788 0.787607 0.727093 0.472075 0.567081 0.100000 
0.100000 0.659962 0.100000 0.638047 0.100000 1.073831 0.838275 0.923433 0.881553 0.323974 0.278305 0.100000 0.100000 0.100000 0.460170 0.278136 0.100000 0.489648 0.100000 0.100000 1.485863 0.100000 1.204956 0.100000 0.604169 0.160621 0.100000 1.086598 0.100000 0.863963 0.247225 0.705311 0.100000 0.428131 0.100000 0.100000 0.481527 0.762681 0.100000 0.100000 0.762122 0.621789 0.420039 0.349167 0.690600 0.364821 1.086084 0.100000 0.100000 0.259371 1.323120 0.100000 0.100000 0.100000 0.100000 0.262238 0.337916 0.373826 0.471186 0.186221 0.132179 0.569069 0.100000 0.705173 0.100000 0.113881 0.100000 1.062353 0.618854 0.380181 2.090433 0.100000 0.462265 0.271529 0.790330 0.950538 0.442057 0.686768 0.100000 0.106635 0.789261 0.290411 0.100000 1.433987 0.526079 
0.100000 0.805682 0.169412 0.345958 0.100000 0.657819 0.427772 0.296581 0.100000 1.247153 1.278559 0.100000 0.100000 0.101706 0.262963 0.231601 0.597662 0.100000 0.199949 0.111058 1.844419 0.348210 0.100000 0.100000 0.100000 0.100000 1.460123 0.100000 0.798660 0.233331 1.560262 0.913216 0.412722 0.932261 0.310468 0.122866 1.320746 0.100000 1.052055 0.710607 0.984254 0.100000 1.084542 0.811908 0.579581 0.590559 0.570615 0.444501 0.238007 0.272609 0.116240 1.043853 1.113569 0.349317 0.100000 0.100000 0.100000 0.100000 1.088692 0.808400 0.100000 1.247887 0.154346 0.633670 0.100000 0.528102 0.608404 0.455698 0.101791 0.483447 0.527250 0.876946 0.386009 0.397706 0.100000 0.383659 0.512589 0.100000 1.138771 1.177313 1.630175 0.571957 0.100000 0.596975 0.924122 
0.542099 0.663637 0.241700 0.739405 0.953899 0.187863 1.176879 1.257030 0.100000 1.177334 0.909113 0.100000 0.100000 0.100000 0.649697 0.100000 0.100000 0.100000 0.356948 0.947302 0.113838 0.573930 0.284818 0.100000 0.945556 0.175572 0.100000 0.755519 1.014373 0.565944 0.100000 0.560807 0.580381 1.072357 0.632898 0.100000 0.895869 0.100000 0.100000 0.524638 1.158682 0.100000 0.614727 1.103568 1.293592 0.100000 0.599744 0.410831 0.240359 0.685697 0.660456 0.862883 0.100000 0.100000 0.494941 0.100000 0.629474 1.140581 1.264930 0.100000 0.185165 0.540857 0.100000 0.492606 0.509993 0.478980 0.894510 0.680865 0.912389 1.402752 1.567329 0.206099 0.135166 0.100000 0.100000 0.100000 1.423303 0.680929 1.146438 0.789326 0.667319 0.100000 0.977559 1.063077 0.234367 
0.100000 0.100000 0.100000 0.297550 0.100000 0.444533 0.733416 0.636446 0.947915 0.809498 0.100000 0.100000 0.100000 0.155335 0.367005 0.531004 0.100000 0.100000 0.100000 0.880756 0.586458 0.466438 1.301431 0.836755 0.411404 0.100000 0.100000 0.100000 1.019133 0.981216 0.844007 0.463747 1.190186 0.214747 0.413684 0.134082 0.431508 0.100000 0.100000 0.100000 0.100000 0.100000 0.100000 0.791154 0.460937 0.100000 0.328831 0.500369 0.107334 0.426154 0.612398 0.295738 0.100000 0.100000 0.100000 0.573394 0.417297 0.437238 1.235364 1.041116 0.355194 0.100000 0.584092 0.572912 0.228013 0.353994 0.100000 0.198592 1.368918 0.365647 0.570373 0.100000 0.861092 0.100000 0.100000 0.100000 0.541279 0.730933 0.847671 0.462683 0.537090 0.396128 0.100787 0.982071 0.652926 
