75 Number of operations
28 Number of workers
Standard production times
0.436826 0.198809 0.331604 0.391055 0.455688 0.283821 0.369697 0.170513 0.277800 0.162097 0.574453 0.396892 0.633336 0.100000 0.551241 0.100000 0.330241 0.100000 0.539262 0.512992 0.495972 0.340811 0.315938 0.228077 0.318417 0.649516 0.100000 0.100000 0.538062 0.585624 0.717307 0.480261 0.146062 0.493841 0.660772 0.646257 0.445896 0.454722 0.266643 0.360484 0.497204 0.572092 0.100000 0.238532 0.100000 0.618461 0.282133 0.597837 0.392383 0.644536 0.657231 0.431644 0.169275 0.413947 0.588501 0.278597 0.308175 0.396599 0.569202 0.402256 0.238324 0.288863 0.302463 0.464080 0.450278 0.274325 0.171269 0.118233 0.100000 0.577667 0.456585 0.653838 0.442652 0.454075 0.641237 
Production times: workers row and ops columns
0.100000 0.100000 0.335864 0.897408 0.100000 0.712717 0.100000 0.305380 0.100000 0.100000 0.102158 0.100000 0.972402 0.100000 0.100000 0.100000 0.145718 0.335929 1.462762 0.382395 1.135232 0.100000 0.681994 0.514894 0.606386 0.100000 0.577544 0.100000 0.100000 1.112724 0.711272 1.098003 0.662222 1.081724 0.840050 0.455303 0.128534 0.295668 0.768380 0.100000 0.888884 0.100000 0.686814 0.100000 0.460023 1.389705 0.122886 0.100000 0.995474 0.950104 0.403627 1.057315 0.100000 0.309532 1.154667 0.181105 0.100000 0.265033 1.171439 0.100000 0.100000 0.100000 0.100000 0.605688 0.852715 0.100000 0.100000 0.501437 0.100000 0.923761 0.100000 0.308176 0.100000 0.346250 0.631559 
0.508597 0.313447 0.359530 0.190885 0.100000 0.944512 0.136494 0.847007 1.145936 0.241322 0.534050 0.215204 0.537727 0.905577 0.280420 0.100000 0.541485 0.100000 1.209122 0.850227 0.814167 0.990230 0.650571 0.928332 0.941571 0.918934 0.100000 0.524466 0.100000 0.587906 0.243417 0.725966 0.583691 0.541074 0.132351 0.828039 0.979489 0.302141 0.827124 0.536026 0.708462 0.728929 0.100000 0.458653 0.638767 0.100000 0.100000 0.385843 0.422136 0.925373 0.152927 0.563191 0.418069 0.825912 0.520418 0.100000 0.631560 0.569726 0.452062 0.141764 1.012704 0.319417 0.100000 0.596502 0.970451 0.331401 0.640205 0.319470 0.617986 0.974550 0.100000 0.774908 0.466952 1.045735 1.613665 
0.100000 0.786761 1.123524 0.100000 0.734859 0.100000 0.100000 0.100000 0.685155 0.869870 0.100000 0.238366 0.100000 0.100000 0.799601 0.158462 0.475466 0.542512 0.890053 0.663556 0.446593 1.344922 0.100000 0.623877 0.100000 1.829025 0.610835 1.045389 0.451646 0.231359 0.100000 0.100000 1.361267 1.488212 1.549473 0.803616 1.296644 0.100000 0.222988 0.125813 0.285854 1.009583 0.100000 0.100000 0.136711 0.621393 0.539696 0.392934 0.367284 1.156321 1.020237 0.100000 0.100000 0.100000 1.438393 0.361763 0.199215 1.027720 0.100000 0.355451 0.100000 0.100000 0.738207 0.596426 0.411452 0.291598 0.100000 0.843586 0.468154 0.632231 0.369595 1.445859 0.450915 0.150878 0.320270 
0.566536 0.100000 0.100000 0.679454 0.484311 1.166590 0.581379 0.100000 0.826893 0.188940 0.178969 0.576347 0.100000 1.055129 0.845394 0.615494 0.721961 0.100000 0.100000 0.100000 0.100000 0.455080 0.271870 0.100000 0.725280 0.817652 0.100000 0.145775 2.082495 0.830398 0.217248 0.100000 0.448732 0.404148 1.259495 0.620357 1.002902 0.200990 0.100000 0.100000 0.800806 0.394049 0.239017 0.963910 0.625147 0.249982 0.416115 0.404353 0.309446 0.846982 1.098472 0.501047 0.100000 1.190346 0.446542 0.100000 0.660812 0.565246 0.465460 1.717523 1.332630 0.569414 0.474714 0.100000 0.590177 0.100000 1.057323 0.100000 0.100000 1.130369 0.418871 0.599586 0.552821 0.440819 1.250492 
0.100000 0.100000 0.100000 1.253525 0.337664 0.893824 0.446227 0.787728 0.403106 0.339376 0.206979 0.160449 0.882421 0.452723 0.467294 0.100000 0.100000 1.035392 0.946979 0.304911 0.142074 0.575239 0.603485 0.100000 0.100000 1.596698 0.459219 0.100000 1.302294 0.272114 1.544276 0.445653 0.100000 0.111359 0.100000 0.966922 0.731448 0.100000 0.165669 0.793157 0.273102 0.100000 0.100000 0.100000 0.100000 1.688353 0.100000 0.752644 0.304181 1.024398 1.001247 0.422898 0.100000 0.364331 0.178672 0.100000 0.750611 0.609957 0.226773 0.100000 0.436480 0.100000 0.100000 0.245231 0.344433 0.488395 0.430012 0.415855 0.100000 1.678310 0.676665 0.606610 0.794670 0.572370 0.100000 
1.028960 0.100000 0.100000 0.408105 0.793229 1.095340 0.866775 0.504521 0.612629 0.712028 0.100000 1.015071 0.541667 0.151327 0.900042 0.293980 0.803461 0.862996 0.928202 0.480060 0.100000 0.295366 0.760639 0.100000 0.263806 0.903860 0.532346 0.689153 1.132887 0.644123 0.610932 0.489098 0.100000 0.289381 0.392022 0.687100 0.100000 1.641463 0.288689 0.430052 0.753811 0.100000 0.265482 0.100000 0.100000 0.876805 0.100000 1.304322 0.100000 0.321848 0.999845 0.447301 0.100000 0.100000 0.796179 0.895502 1.151357 0.319647 0.622669 0.100000 0.624322 0.564415 0.245525 0.622515 0.100000 0.100000 0.528906 0.567902 0.100000 0.333774 0.987150 0.728171 1.626665 0.866252 0.288405 
0.451237 0.100000 0.380774 0.633630 0.100000 0.100000 0.407675 0.416012 0.100000 0.100000 0.899037 0.289603 1.103962 0.100000 0.451296 0.586395 1.302471 0.463786 0.358562 0.988234 1.038292 0.100000 0.100000 0.307243 0.100000 0.546156 1.613791 0.100000 0.457476 0.100000 0.314092 0.704963 0.100000 0.100000 1.308293 1.049294 0.288657 0.100000 0.100000 0.178149 0.721927 1.143647 0.537520 0.100000 0.100000 0.858579 0.512714 0.619354 0.436641 0.995255 0.100000 0.455841 0.162783 0.201690 0.414015 0.100000 1.550884 0.505120 0.365884 0.100000 0.198321 0.166999 0.310231 0.529120 0.876330 0.352284 0.372399 0.963465 0.100000 1.389085 0.452174 0.100000 0.680389 0.835853 1.463957 
0.216603 0.100000 0.177197 0.650641 0.770143 0.499679 0.100000 0.443647 1.049425 0.293656 0.100000 0.100000 1.132683 1.081258 1.149442 0.100000 0.100000 0.396573 0.897381 0.643329 0.100000 0.100000 0.100000 0.494893 0.481899 0.100000 0.100000 0.277389 0.398104 0.100000 0.190929 0.707189 0.100000 0.100000 1.969936 1.126839 0.450215 0.677695 0.215193 0.100000 0.803833 0.474533 0.880025 0.100000 0.100000 0.991027 0.248534 0.100000 0.255028 0.765192 0.820687 0.100000 1.338033 0.722338 0.739276 0.604344 0.100000 0.925637 1.625932 0.252659 0.273036 0.905965 1.100058 0.654340 0.232361 0.100000 0.104889 0.100000 0.100000 0.742984 1.019964 0.100000 0.100000 0.117426 0.504594 
0.147684 0.964297 0.161645 0.100000 0.890320 0.100000 1.484208 0.157217 0.324672 0.596511 0.908739 0.100000 1.392496 0.100000 0.459218 0.100000 0.446783 0.100000 0.100000 0.100000 1.246964 0.100000 1.122370 0.684672 0.918352 0.100000 0.100000 0.100000 1.089767 1.129494 1.200834 0.195836 0.380734 0.100000 1.466835 0.100000 0.100000 0.595695 0.111137 0.541240 0.346757 0.761349 0.365504 0.606808 0.243145 0.928525 0.154792 0.516952 0.143806 0.848850 0.739760 0.912548 0.675653 0.100000 0.783571 0.418871 0.465263 0.100000 1.387590 0.100000 0.747771 0.232345 0.490066 0.100000 0.815204 0.100000 0.100000 0.100000 0.140086 0.100000 0.771614 0.610933 0.100000 0.626317 0.918675 
0.793960 1.000712 0.731567 0.544671 0.970345 0.100000 0.354677 0.100000 0.527205 0.398374 0.517725 0.100000 0.422922 0.100000 0.591047 0.100000 0.584047 0.100000 1.805632 1.323482 1.528968 0.100000 1.012072 0.100000 0.100000 0.445630 0.100000 0.100000 0.610015 0.100000 0.468820 1.020422 0.100000 0.878204 0.170019 0.930897 0.157022 0.494344 0.100000 0.252365 0.434372 0.286111 0.251886 0.555245 0.218419 0.720396 1.049939 0.619351 0.100000 0.450629 0.242604 0.100000 0.316439 0.355715 0.687865 0.944520 0.331586 0.100000 1.258294 1.151282 0.617554 0.100000 0.136087 1.590056 0.100000 0.466234 0.100000 0.337815 0.296038 0.584705 1.508421 0.424056 0.100000 0.351310 0.612574 
0.583229 0.120658 0.100000 0.414323 0.492596 0.358629 0.466322 0.305282 0.100000 0.100000 0.151627 0.147107 1.165413 0.375047 0.195347 0.306659 0.312576 0.100000 0.593289 0.183503 0.557162 0.235759 0.100000 0.590058 0.100000 0.763227 0.100000 0.100000 1.393946 0.798982 1.560884 0.638650 0.448855 1.101895 1.286677 0.898492 0.169064 1.016098 0.272456 0.139364 0.445526 1.066150 0.865130 0.100000 0.790500 0.985362 0.798376 0.100000 0.100000 1.122766 0.100000 0.402574 0.478703 0.100000 1.606290 0.481828 0.448761 0.100000 0.100000 0.936823 0.352382 0.100000 0.332783 0.492677 1.274638 0.876618 0.100000 0.100000 0.461334 0.100000 0.100000 0.435966 0.534422 0.252290 0.100000 
0.100000 0.100000 0.272759 0.341879 0.187587 0.574164 0.735201 0.573500 0.100000 0.778748 0.792048 1.684184 0.377722 0.308818 0.216973 1.155541 0.100000 0.208025 1.361724 1.097184 0.127290 0.100000 0.791552 0.276856 0.100000 0.100000 0.100000 0.100000 1.002795 0.511426 2.345939 0.643799 0.100000 0.561153 1.125148 0.241075 0.611301 0.524529 0.435704 0.649518 0.100000 1.070874 0.196519 0.570232 0.435453 1.300437 0.683789 0.449931 0.133360 0.687686 0.593672 0.748782 0.100000 0.361896 0.100000 0.588587 0.100000 0.100000 1.091905 0.700931 0.174405 0.733456 0.244291 0.471718 0.316436 0.100000 0.100000 0.713824 0.100000 1.032480 0.691157 0.547622 0.690844 0.100000 0.100000 
0.851050 0.100000 0.485735 0.494249 1.199563 0.230975 0.186122 0.100000 0.100000 0.487682 0.400504 0.640860 0.100000 0.100000 0.772751 0.585262 0.100428 0.402081 0.570622 0.278820 0.728036 0.103067 0.100000 0.118553 0.387873 1.363443 0.100000 0.100000 0.357672 0.187501 0.188634 1.628193 0.100000 0.966521 0.664273 0.330129 1.207968 0.639615 0.447703 0.538030 0.286666 0.100000 0.100000 0.524901 0.100000 0.398078 0.194477 0.157967 0.721177 0.674643 0.824257 0.762710 0.100000 0.570614 0.368619 0.613223 0.100000 0.502109 1.584695 0.100000 0.100000 0.100000 0.100000 1.211106 0.634834 0.100000 0.100000 0.100000 0.100000 0.958234 0.100000 0.963528 0.230659 0.134841 0.484573 
1.226826 0.100000 1.028910 0.776162 0.976002 0.100000 0.427981 0.514193 0.681161 0.509312 1.077960 1.406738 0.535004 0.100000 0.153630 0.100000 0.597054 0.465046 0.412555 1.289580 0.544980 0.100000 0.456998 0.100000 0.100000 0.524964 0.100000 0.690051 0.948670 1.265790 1.117448 0.662442 0.804750 0.117802 0.425771 1.186349 0.920675 1.538415 0.100000 1.089338 0.894988 0.657923 0.100000 0.100000 0.283029 1.916186 0.956088 1.167922 0.545740 0.518564 1.137990 1.008070 0.100000 0.541507 1.076245 1.447083 0.387136 0.100000 0.100000 0.130047 0.998228 0.173320 1.282496 0.212387 1.036922 0.100000 0.535085 0.587427 0.100000 0.222550 0.607962 1.039625 0.184171 0.172467 1.240016 
0.100000 0.536080 0.160604 0.100000 0.637364 0.426982 0.100000 0.100000 0.100000 0.434915 0.553583 0.100000 0.301641 0.767716 0.468567 0.100000 0.118656 0.100000 0.569877 1.523429 1.084662 0.530253 0.100000 0.100000 0.578149 0.519299 0.286049 0.100000 0.100000 0.287561 0.772003 0.155085 0.100000 0.100000 1.472910 0.100000 0.202835 1.117601 0.100000 1.215584 0.677629 0.910991 0.330895 0.100000 0.100000 0.551885 0.100000 0.877778 0.100000 0.100000 0.348525 0.100000 0.100000 1.146774 0.247312 0.189541 1.082435 1.080683 0.100000 0.659867 0.100000 1.159542 0.393779 0.177585 1.035570 0.101728 0.337739 0.100000 0.100000 0.100000 0.241238 0.899991 0.100000 0.100000 0.265430 
0.430531 0.790282 1.764475 1.136683 0.989100 0.134408 0.100000 0.100000 0.511447 0.100000 0.619450 0.441830 0.100000 0.298182 0.593453 0.100000 0.852262 0.535385 0.753393 0.378462 0.100000 0.100000 1.294366 0.445884 0.784738 0.376012 0.100000 0.100000 0.100000 0.529937 0.139489 0.697430 0.712104 0.123568 0.955398 0.100000 0.549460 0.100000 0.807007 1.229786 0.734150 1.005634 0.328566 0.100000 0.118211 0.312286 0.100000 1.842262 0.530853 0.614797 0.100000 0.100000 0.304276 1.439518 0.696964 0.100000 0.100000 0.100000 0.100000 0.185543 0.387951 0.100000 0.100000 0.100000 0.577416 0.100000 0.687488 1.027418 0.100000 0.100000 0.100000 1.040796 0.416203 0.206007 1.024530 
0.388752 0.478954 0.967602 0.121988 0.631554 0.116227 0.419918 0.100000 0.628535 0.100000 0.454335 0.407519 0.365660 0.100000 0.506352 0.573465 0.100000 0.485375 0.100000 0.100000 0.938963 0.100000 0.100000 0.515632 0.340247 0.966386 0.100000 0.365382 0.239787 1.521093 0.100000 0.202201 0.100000 0.100000 1.214248 0.100000 0.387438 0.592707 0.100000 0.100000 0.350904 0.114470 0.316355 0.100000 0.515429 1.290091 0.534744 0.513908 0.437188 0.389994 1.190414 0.100000 0.183619 0.123475 0.515066 0.100000 0.115931 0.404799 0.204284 0.100000 0.588281 0.315669 0.378612 0.159515 0.103295 0.711385 1.071118 1.012033 0.100000 0.503838 0.824839 0.100000 0.243789 0.885176 0.916681 
0.344824 0.245614 0.100000 0.141188 0.143582 0.867105 0.694230 1.092787 0.100000 0.352466 1.206423 0.100000 1.608708 0.108503 1.164446 0.100000 0.530687 0.461386 1.052401 0.894917 0.776284 0.100000 0.100000 0.100000 0.100000 0.536354 0.100000 0.100000 0.164498 1.307911 1.036561 0.470340 0.100000 0.463897 1.112108 0.797201 1.025516 1.719881 0.842789 0.497076 0.236924 0.653344 0.100000 1.112554 0.319240 0.100000 0.841043 0.420943 1.051695 1.072021 1.258947 0.564904 0.974860 0.430005 0.397138 0.306074 0.100000 0.604874 0.403611 0.100000 0.100000 0.382587 1.111936 0.282984 1.034717 0.227466 0.670952 0.100000 0.985809 0.142507 0.920442 0.873274 0.263700 0.669281 0.359044 
0.100000 0.619040 0.422992 0.454219 0.395356 0.300426 0.100000 1.144067 0.966606 0.534450 1.011499 0.100000 0.404390 0.100000 1.637039 0.700956 0.304383 0.100000 0.574489 0.432058 0.652734 0.268943 0.828276 0.977692 1.314254 1.470618 0.100000 0.100000 1.299653 0.344217 1.134410 0.449202 0.315842 0.729782 0.625819 0.644846 1.422942 0.401961 0.467448 0.702696 0.100000 0.100000 0.547181 0.660198 0.100000 0.480787 0.100000 0.344338 0.100000 1.595330 0.519890 1.272177 0.100000 1.183162 0.418454 0.258639 0.186526 0.231438 0.318002 0.996666 0.254094 0.100000 1.385456 0.792798 1.218464 0.100000 0.518331 0.100000 0.100000 0.831099 1.207239 0.229462 0.896160 0.837421 0.648574 
0.540708 0.100000 0.173679 0.100000 0.418540 0.100000 0.958212 0.100000 0.100000 0.100000 0.282480 0.514710 0.460728 0.701291 0.100000 0.247281 0.908046 0.100000 1.215150 0.496649 1.102669 0.531818 1.711962 0.280281 0.680964 0.798133 0.403395 0.100000 0.885492 0.906799 1.439047 0.100000 0.100000 0.639701 0.846695 0.100000 0.193853 0.100000 0.100000 0.329748 0.237339 0.112641 0.100000 0.541564 0.100000 0.284708 0.434590 1.422224 0.247678 1.324353 1.756295 1.017812 1.104445 0.215393 0.328571 1.111467 0.100000 0.309163 0.379228 0.312136 0.302442 0.650523 0.492135 0.686096 0.894297 0.100000 0.802025 0.126022 0.100000 0.543995 0.100000 0.722461 0.630207 0.830401 1.019745 
0.100000 0.100000 0.216762 0.100000 0.100000 0.280568 0.247825 0.425858 0.100000 0.100000 0.646140 0.249284 1.100342 0.100000 1.578063 0.100000 1.102227 0.249003 0.208132 0.430797 0.482037 0.100000 0.775312 0.100000 0.810476 0.819572 0.211181 0.224170 0.521497 1.093334 0.876270 0.898835 0.100000 0.232721 1.366148 1.223419 0.100000 1.166709 0.282181 0.100000 0.667816 0.123702 0.100000 0.100000 0.100000 0.689097 0.589519 1.008107 0.266787 0.641154 0.631931 0.758574 0.520532 0.585240 0.768970 0.100000 0.432648 1.775124 0.797335 0.881311 0.203767 0.668863 0.272505 0.553431 0.669667 0.100000 0.359333 0.100000 0.130629 1.297349 0.100000 0.100000 0.100000 0.571799 0.608585 
0.270510 0.100000 0.495158 0.280104 0.350382 0.100000 0.309433 0.100000 0.415537 0.730617 0.100000 0.742999 0.627013 0.511265 0.491139 0.302135 0.377943 0.100000 0.993689 0.129225 1.174222 0.918045 0.691068 0.617893 0.106342 0.202131 0.102775 0.623160 0.100000 1.118549 0.975120 0.460496 0.100000 0.861915 0.972981 0.618932 0.534014 0.750699 0.100000 0.100000 0.845661 0.161845 0.305638 0.100000 0.969945 0.922293 0.521855 1.051642 0.549874 0.726223 0.681474 0.100000 0.428924 0.149646 0.307268 0.482350 0.281204 0.828268 0.969841 0.214418 0.100000 0.414383 0.100000 0.100000 0.100000 0.521760 0.100000 0.191607 0.100000 0.294920 0.794847 0.838315 0.615823 0.100000 0.874757 
0.448008 0.557239 0.705656 0.479077 0.870743 0.100000 0.583919 1.339740 0.755498 0.100000 1.702841 0.960356 0.130844 0.886389 0.825884 0.100000 0.100000 0.100000 0.100000 1.610683 1.002648 0.100000 0.408666 0.254905 0.557026 0.152301 0.542997 0.100000 0.818641 0.341253 0.100000 0.100000 0.100000 0.288349 1.542120 0.914490 0.100000 0.352249 0.100000 0.342138 0.316302 0.632206 0.370218 0.626445 0.762676 0.403736 0.132131 1.636000 0.231370 1.266654 0.920468 1.501177 0.377793 0.595207 0.100000 0.100000 1.170295 0.104360 1.369579 0.777822 0.100000 0.824152 0.100000 0.100000 0.100000 0.757390 0.100000 1.398779 0.100000 0.135388 0.100567 0.100000 1.086960 0.100000 1.072009 
0.695057 0.100000 0.100000 0.930951 0.100000 0.632806 0.100000 0.100000 0.596940 0.100000 0.523290 0.190743 1.059598 0.124327 1.310626 0.750711 0.100000 0.146414 0.804042 1.141091 1.068516 0.100000 0.100000 0.100000 0.100000 1.109431 0.289137 0.100000 1.015116 0.525141 1.269231 0.304445 0.100000 1.463336 1.251628 0.100000 0.614514 0.788030 0.317066 0.100000 0.100000 0.315449 0.100000 0.765194 0.100000 0.100000 0.100000 0.394089 0.100000 0.100000 1.011012 0.100000 0.100000 0.100000 1.692576 0.100000 0.231002 0.100000 0.485070 0.100000 0.100000 0.600435 0.704291 0.125039 0.576915 0.267744 0.100000 1.117595 0.100000 0.100000 0.300281 0.376987 0.418042 0.100000 0.161978 
0.100000 0.100000 0.426060 0.227763 1.322941 0.100000 1.105717 0.659600 0.100000 0.100000 0.862615 1.081029 1.636929 0.100000 0.302238 0.337775 0.540601 0.100000 0.100000 0.607517 0.608272 0.358668 0.152585 0.100000 0.648379 0.251475 0.529220 0.100000 0.573787 0.491391 1.515096 1.663348 0.801916 0.342016 1.098027 0.939192 0.442492 0.753304 0.777509 0.533885 1.322596 0.438922 0.809236 0.210190 0.365414 0.292743 0.100000 0.790443 0.100000 0.464686 0.420670 0.634995 0.100000 0.265159 0.810710 0.862357 1.208635 0.663498 0.616856 0.100000 0.838755 0.100000 1.466409 0.110965 0.100000 0.100000 1.244246 0.100000 0.869341 0.362759 0.100000 0.255122 0.100000 0.391733 0.100000 
0.902475 0.322867 1.040737 0.100000 0.100000 0.597480 0.338151 0.100000 0.766536 0.613097 0.835203 0.466501 0.100000 0.405901 0.100000 0.100000 0.147128 0.232322 1.253386 1.177142 0.123714 0.100000 0.384909 0.229424 0.627234 1.125252 0.945519 0.290488 0.100000 0.144889 0.475279 1.493056 0.570631 1.231329 1.081505 0.100000 0.882518 0.329391 0.358371 0.100000 0.160973 0.100000 0.572390 0.100000 0.100000 0.345146 0.785190 0.784467 0.100000 0.100000 1.036975 0.100000 0.715818 0.664514 0.328394 0.100000 0.100000 0.837363 1.430909 0.100000 0.100000 0.100000 0.100000 0.425611 1.323351 0.914431 0.100000 0.100000 1.220568 0.100000 0.485059 0.957497 0.548173 0.100000 0.501469 
0.823499 0.628382 0.304512 0.798660 0.649828 0.100000 0.284765 0.439040 0.100000 0.100000 1.686187 0.396951 0.319352 0.100000 0.907989 0.437424 1.166794 0.100000 0.356896 0.714567 0.588097 1.145737 1.192317 0.578513 0.100000 0.100000 0.666842 0.100000 2.039926 0.423803 0.382177 1.000405 1.066963 0.825681 1.057584 0.926338 0.921806 0.108334 0.647118 0.321150 0.100000 0.209053 0.657904 0.100000 0.420332 0.100000 0.100000 0.952672 0.156731 0.230413 0.298154 0.431938 0.887743 0.407609 0.558768 0.726493 0.117275 0.674339 0.294694 0.100000 0.166987 0.115302 0.587724 0.556942 0.461046 0.263405 0.110944 0.297236 0.100000 0.827191 0.670130 0.100000 0.100000 1.310171 0.785817 
0.956832 0.994528 0.534891 0.298526 0.187848 0.620235 0.701200 0.100000 0.139566 0.100000 0.163145 0.375876 1.249465 0.100000 0.118186 0.148116 0.283627 0.100000 0.207270 0.247130 0.284594 0.430285 1.401194 0.961796 0.350365 0.741717 0.828630 0.201325 0.474506 0.324324 0.245659 0.731615 0.100000 0.469110 0.791261 0.785248 1.195484 0.767889 0.823115 0.100000 1.385956 0.946838 0.184491 0.408281 0.100000 0.571178 0.457420 0.100000 0.793248 0.235880 0.133822 0.738064 0.100000 0.100000 0.757457 0.557417 0.452384 0.100000 0.100000 0.912873 0.486410 0.128315 1.187752 0.376656 0.934233 0.932924 0.335502 0.100000 0.654849 0.662027 0.561664 0.490738 1.197336 0.292641 0.553944 
