81 Number of operations
26 Number of workers
Standard production times
0.436826 0.198809 0.331604 0.391055 0.455688 0.283821 0.369697 0.170513 0.277800 0.162097 0.574453 0.396892 0.633336 0.100000 0.551241 0.100000 0.330241 0.100000 0.539262 0.512992 0.495972 0.340811 0.315938 0.228077 0.318417 0.649516 0.100000 0.100000 0.538062 0.585624 0.717307 0.480261 0.146062 0.493841 0.660772 0.646257 0.445896 0.454722 0.266643 0.360484 0.497204 0.572092 0.100000 0.238532 0.100000 0.618461 0.282133 0.597837 0.392383 0.644536 0.657231 0.431644 0.169275 0.413947 0.588501 0.278597 0.308175 0.396599 0.569202 0.402256 0.238324 0.288863 0.302463 0.464080 0.450278 0.274325 0.171269 0.118233 0.100000 0.577667 0.456585 0.653838 0.442652 0.454075 0.641237 0.267259 0.435319 0.449011 0.525447 0.328855 0.654341 
Production times: workers row and ops columns
0.995635 0.100000 0.100000 0.100000 0.670815 0.149544 0.253384 0.280763 0.100000 1.671444 0.868777 0.141344 0.581042 0.100000 0.100000 0.736619 0.859630 0.519300 0.721316 0.678980 0.376184 0.100000 0.717002 0.286333 0.221323 0.231513 1.149731 0.369945 0.972031 0.344025 1.664614 0.464755 0.664403 1.245216 0.379628 1.101124 0.288394 0.164271 0.100000 0.756732 0.398242 0.881792 0.421403 0.677779 0.100000 0.883771 1.292264 0.199558 0.718500 0.958022 0.100000 0.100000 0.100000 0.100000 0.262568 1.076679 0.100000 0.100000 0.438062 1.135100 1.216051 0.100000 0.100000 0.100000 0.873262 0.121331 0.100000 0.100000 0.100000 0.100000 1.452857 0.100000 0.100000 0.100000 0.900488 0.904249 0.100000 0.569286 0.480687 0.417463 0.560655 
0.260699 0.179027 0.455860 0.755770 1.184424 0.567767 0.100000 0.797134 0.100000 0.437668 1.176310 0.736946 1.275352 0.100000 0.615632 0.100000 0.100000 0.100000 0.631910 1.225361 0.500524 0.100000 0.502909 0.831788 0.377299 1.116667 0.100000 0.633734 0.397792 0.492100 0.787600 0.889065 0.412979 0.100000 1.263286 0.788770 0.100000 0.681237 0.488278 0.677420 0.632506 1.029749 0.441869 0.168615 0.100000 0.689202 0.393106 0.276535 0.100000 0.785337 0.886823 0.620706 0.136722 0.970536 0.649594 0.718598 0.410649 0.998265 0.654164 1.009716 0.515696 0.928348 1.152709 0.483059 0.528651 1.128501 0.460673 0.100000 0.100000 0.100000 0.596602 0.423617 1.357152 0.677246 0.599365 0.292624 0.384462 0.100000 1.400619 0.115062 0.127764 
0.758249 0.100000 1.078172 0.940728 0.608695 0.618141 1.201766 0.140741 0.283099 0.100000 1.704971 0.338595 0.256264 0.166418 0.100000 0.100000 0.504087 0.100000 1.690963 1.493856 0.164055 1.141095 0.100000 0.275968 0.717669 0.566308 0.100000 0.100000 0.642848 1.328740 0.100000 0.426747 0.100000 0.100000 0.138818 1.594830 0.862383 0.100000 0.635472 0.631237 0.222345 0.100000 0.100000 0.100000 0.819894 0.100000 0.449636 0.918854 0.576663 0.315696 1.170064 0.100000 0.100000 0.394908 1.633786 0.356741 0.200618 0.215549 0.647403 0.100000 0.270270 0.574632 0.789052 0.862386 0.199368 0.166433 0.100000 0.161799 0.700617 1.648300 1.052253 1.180857 0.100000 0.862482 0.189417 0.207389 0.100000 0.100000 0.100000 0.100000 0.688110 
0.711984 0.100000 0.141489 0.819288 1.549144 0.593949 0.370626 0.100000 0.545462 0.606428 1.484027 0.785552 0.388801 0.644450 0.474857 0.100000 0.298489 0.569476 0.100000 0.848203 0.177004 0.500004 0.100000 0.776172 0.997863 0.504664 0.100000 0.100000 0.569826 0.506996 0.887546 0.100000 1.249199 0.785875 0.881704 0.345015 0.815074 0.473345 0.712118 1.224521 0.572942 0.731010 0.519561 0.389441 0.100000 0.100000 0.100000 0.454779 0.100000 1.026518 0.416189 0.100000 0.140765 0.793930 0.100000 0.860396 0.143158 0.999174 0.453772 0.893410 0.291019 0.100000 0.757502 0.584489 0.326870 0.100000 0.313784 1.023279 0.100000 0.100000 0.149028 0.865234 0.773753 0.290225 0.461735 0.761955 1.045151 0.380722 0.100000 0.100000 1.506176 
0.397597 1.069186 0.100000 0.628271 0.100000 0.100000 0.382981 0.212702 0.100000 0.100000 1.062723 0.534591 0.100000 0.100000 0.117476 0.100000 0.763170 0.100000 1.539147 0.479800 1.315511 0.100000 0.313123 0.105270 0.292927 0.989054 0.100000 0.100000 0.738362 0.159966 0.226703 0.252366 0.100000 1.143694 0.707942 0.616941 0.559245 0.327430 0.552277 0.995518 0.100000 0.115922 0.149948 0.405818 0.144672 1.047436 0.100000 0.394049 0.724084 0.613060 1.868143 0.689699 0.717013 0.747522 0.427481 1.000593 0.100000 1.095828 0.100000 0.557558 0.684351 0.465112 0.356467 0.692139 0.100000 0.692224 0.623591 0.107141 0.100000 0.100000 0.913677 0.405298 0.974630 1.049083 0.393981 0.367239 0.819895 0.735690 0.100000 0.343863 0.529294 
0.353932 0.682380 0.377517 0.395006 0.100000 0.540090 0.439339 0.867818 1.080216 0.100000 0.100000 0.100000 0.100000 0.100000 0.644630 0.575825 0.664699 0.100000 0.178870 0.146608 0.522946 0.453105 0.100000 0.487889 0.100000 0.873767 0.147909 0.492967 0.888526 0.635725 0.273589 0.100000 0.100000 0.950265 0.848585 0.814432 0.131467 0.108581 0.100000 0.626665 0.741834 1.193110 0.100000 0.100000 0.126927 0.896856 0.305012 0.100000 0.830075 0.555454 0.670277 0.219728 0.100000 0.100000 0.213911 0.164828 0.563344 0.436052 0.602154 0.395150 0.237192 0.560185 0.199743 0.566205 1.039887 0.719546 0.367935 0.100000 0.100000 1.143016 1.369157 0.579793 0.100000 0.438769 0.107089 0.100000 0.765371 1.413125 0.477878 0.105998 0.240316 
1.514945 0.100000 0.100000 0.916907 0.100000 0.164211 0.208589 0.100000 0.100000 0.551689 0.729376 0.100000 0.731216 1.580216 0.100000 0.100000 0.351254 0.100000 0.100000 0.671421 0.179529 0.654857 1.326014 1.027468 0.445339 0.875828 0.620925 0.175567 0.100000 0.542864 1.322343 0.475485 0.100000 1.352593 0.213083 1.058332 0.804272 0.724717 0.100000 0.638087 1.208928 0.915421 0.100000 0.711583 0.799109 0.664231 0.625111 0.100000 0.100000 0.844267 0.997423 0.139483 0.100000 0.620619 0.100000 0.825297 0.602043 0.100000 0.549787 0.908402 0.100000 0.100000 0.191501 0.971392 0.100000 0.100000 0.501088 1.013488 0.356674 0.100000 0.341616 1.081524 0.490960 0.593824 0.967871 0.100000 0.100000 0.103753 0.100000 0.100000 0.620431 
0.809259 0.460541 0.168705 0.615319 1.134067 1.225825 0.184585 0.103917 0.369398 0.433615 1.246926 0.950882 0.718337 0.123269 0.473850 0.100000 0.501955 0.100000 1.163029 0.728440 0.300089 0.100000 1.162772 0.100000 0.100000 1.039008 0.530547 0.100000 0.524653 0.785394 0.817316 0.100000 0.100000 0.484084 1.674470 0.997319 0.569278 0.100000 0.375747 0.100000 1.261987 0.137343 0.386660 0.100000 0.100000 0.916083 0.315168 0.350829 0.100000 0.385217 0.100000 1.470858 0.758587 0.100000 1.218667 0.100000 1.290797 0.100000 1.140625 0.109373 0.618548 0.100000 1.055973 1.370861 1.089355 0.100000 0.515622 0.270050 0.100000 0.796214 0.585305 0.112697 0.827789 0.100000 0.923356 0.661450 0.799164 0.100000 1.439431 0.155439 1.541292 
0.100000 0.551139 0.100000 1.402094 0.269722 0.252861 0.100000 0.100000 0.270616 0.162373 0.420226 0.100000 0.705813 0.286762 0.843350 0.830496 0.716315 0.315524 0.238566 1.704160 0.417073 0.100000 0.355895 0.100000 0.439231 0.117902 0.387245 0.100000 1.905154 0.311452 1.067782 0.524319 0.508706 0.100000 0.120832 0.411791 0.100000 0.233165 0.364463 0.100000 0.345789 1.003127 0.100000 0.100000 0.100000 1.002283 0.100000 0.913669 0.100000 0.884079 0.861475 0.100000 0.314303 0.100000 0.900160 0.100000 0.425823 0.405240 0.120592 0.100000 0.100000 0.290228 0.423441 0.100000 0.752507 0.168083 0.208865 0.100000 0.382944 0.959954 1.134229 0.100000 0.100000 1.099563 0.613297 0.100000 0.100000 0.559545 0.753582 0.800700 0.100000 
0.438698 0.100000 0.100000 0.418874 0.842403 0.100000 0.645392 0.100000 0.720194 0.100000 0.202918 0.627399 0.147221 0.401490 0.992566 0.100000 0.312187 0.100000 0.603431 0.879169 1.153312 0.161339 0.205941 0.357881 0.100000 0.431452 0.100000 0.168864 0.100000 0.758319 1.588577 0.906737 0.501624 1.138858 1.425369 0.941118 0.732040 0.940283 0.100000 0.861908 0.513350 0.100000 0.100000 0.100000 0.242522 0.735679 0.658457 0.157553 0.917336 1.197723 0.984951 0.370690 0.100000 0.157809 0.319407 0.374653 1.084020 0.100000 0.807588 1.222923 0.537484 0.445893 0.231617 1.000526 0.635527 0.420169 0.680393 0.100000 0.457652 0.406549 0.176778 0.724705 0.459960 0.100000 1.177802 0.100000 1.219288 0.100000 0.100000 0.961321 0.486113 
0.100000 0.767499 0.476723 0.883824 0.416362 0.978902 0.100000 0.230190 0.100000 1.009750 1.284611 0.714756 0.100000 0.302017 0.888417 0.377034 0.100000 0.100000 0.100000 1.328336 0.930252 0.185562 0.688323 0.100000 0.100000 0.647382 0.469487 0.246159 1.522411 0.948693 0.237370 0.759029 0.410577 1.312253 0.799102 0.830581 0.743649 1.072538 0.715564 0.750739 0.278086 0.451232 0.100000 0.680008 0.246271 0.802036 0.101562 0.763165 0.100000 0.575325 0.677221 0.538687 0.100000 0.100000 0.549513 0.605886 0.100000 0.555039 0.100000 0.100000 0.500308 0.771601 0.100000 0.100000 0.606431 0.230688 0.100000 0.658363 0.882106 0.648454 0.432968 1.120474 0.177543 0.677930 0.918217 0.100000 0.620231 0.303861 0.213556 0.100000 0.912490 
0.220596 0.679808 0.549681 0.100000 0.581182 0.100000 0.987736 0.227004 0.202533 0.259460 0.580152 0.100000 0.805815 0.100000 0.372492 0.562296 0.100000 0.710719 0.463139 0.335535 0.430285 1.770528 0.428314 0.606722 0.681023 0.397985 0.430024 0.899391 0.305679 0.120023 0.683126 0.680367 0.112264 0.499181 0.595967 1.140016 1.145179 0.622386 0.100000 0.778923 0.100000 0.502988 0.100000 0.225252 0.100000 0.100000 0.565130 0.822581 0.100000 0.100000 0.523656 0.346328 0.834174 0.932305 0.309745 0.711860 0.100000 0.214650 0.414346 0.838585 0.100000 1.277304 0.100000 1.027417 0.196978 0.546715 1.077307 0.294341 0.321302 0.984558 0.808469 0.609051 1.185205 0.773154 0.781072 1.256873 0.100000 0.165387 0.100000 0.347980 1.107037 
0.100000 0.519048 0.438476 0.686635 0.245761 0.566186 0.697347 0.100000 0.647595 0.827633 0.989664 0.714672 0.100000 0.412976 0.783521 0.100000 0.158053 0.968598 1.592541 0.986302 0.172178 0.531422 1.032797 0.383638 0.399016 1.063799 0.318685 0.100000 0.554082 0.312452 1.800636 1.098304 0.100000 0.100000 0.959157 0.831979 0.556581 1.724531 0.100000 0.948415 1.229844 0.265071 0.950105 0.100000 0.797730 0.568003 0.879201 0.336329 0.100000 0.193949 1.140668 1.043049 0.100000 0.147826 0.853389 0.100000 1.014974 0.100000 0.319589 0.207712 0.861481 0.100000 0.178083 0.963533 0.923535 0.100000 0.977759 0.100000 0.100000 0.335679 1.059517 0.100000 0.957410 0.461389 0.730346 0.100000 0.191153 0.971982 0.100000 0.100000 0.565773 
1.592251 0.100000 0.293531 0.100000 0.646437 0.100000 0.100000 0.810384 0.545332 0.915089 0.231219 0.908138 0.572299 0.100000 1.117506 0.100000 0.381271 0.343194 0.337354 0.230239 0.100000 0.100000 0.100000 1.059257 0.161144 0.100000 0.100000 0.190304 0.199184 1.278672 1.472305 0.789717 0.100000 0.158015 0.590975 0.569893 0.468099 0.308103 0.100000 0.227182 0.621981 0.100000 0.491136 0.100000 0.100000 0.289623 0.100000 0.567390 0.100000 0.679992 0.289077 1.592354 0.328833 0.100000 0.743157 0.475660 0.100000 1.049762 0.198480 0.188243 0.100000 1.494040 0.646220 1.317469 0.100000 0.722298 0.100000 0.100000 0.100000 0.765082 0.286800 0.116312 0.729361 0.100000 1.148278 0.100000 0.216626 0.100000 0.467183 1.014470 0.995991 
0.552926 0.100000 0.594748 0.100000 0.723120 0.100000 0.861880 0.745405 0.278618 0.272577 1.085885 0.100000 0.657157 0.100000 0.100000 0.643288 0.100000 0.100000 0.639540 0.835431 0.518089 0.100000 0.100000 0.618726 0.100000 0.100000 0.709663 0.100000 0.488645 0.100000 0.830620 0.100000 0.654051 0.100000 0.657442 0.100000 0.100000 0.960553 0.100000 0.100000 0.491481 0.668567 0.100000 0.100000 0.100000 0.869009 0.100000 1.062073 0.464351 1.227138 1.023688 0.284518 0.905752 0.316845 0.481333 0.100000 0.100000 0.325478 0.907116 0.706657 0.677513 0.322088 0.822367 0.100000 0.100000 0.100000 0.100000 0.100000 0.100000 0.358497 0.100000 1.065992 0.744553 0.311770 0.391393 0.100000 0.100000 0.100000 0.903403 0.379680 1.021941 
0.882413 0.100000 0.988034 0.100000 0.833632 0.100000 0.439356 1.253767 0.100000 0.259962 0.100000 0.736570 0.720500 0.367740 0.196048 0.354664 0.100000 0.100000 0.585690 0.930411 0.237979 0.220891 0.100000 0.779812 0.399939 0.100000 0.100000 0.505757 0.626633 0.352622 0.502705 0.830980 0.100000 0.419858 0.220631 1.153782 0.733159 1.320651 0.903759 0.945112 0.378309 2.164991 0.301261 0.774331 0.100000 1.160125 0.727085 0.326410 0.865801 0.285748 0.412144 0.982994 0.100000 0.311848 0.527782 0.207119 0.166001 0.128519 0.361333 0.459347 0.479435 0.742960 0.289305 1.085304 0.400698 0.692724 1.398870 0.100000 0.170721 0.422353 0.532504 1.159644 1.503881 0.700790 1.502755 0.885956 0.204984 0.100000 0.411073 0.100000 0.940144 
0.716511 0.100000 0.141029 0.407681 0.100000 0.346223 0.100000 0.214971 0.100000 0.604694 1.216954 0.454800 1.089843 0.100000 1.428840 0.100000 1.170071 0.100000 0.107864 0.175337 0.816478 0.982818 0.771363 0.100000 0.474408 1.095210 0.120961 0.100000 1.510379 0.100000 0.271098 0.972348 0.100000 0.751787 0.389975 0.577144 0.487032 0.802776 0.132201 0.386658 0.100000 0.425090 0.100000 0.766194 0.596583 1.640238 0.100000 1.320375 0.114101 0.100000 0.633034 0.100000 0.110396 1.198759 0.587615 0.235921 0.690379 0.595433 0.100000 1.001777 0.586729 0.137245 0.368206 0.584515 0.395784 0.100000 0.542562 0.100000 0.909040 0.357777 0.230651 0.635206 0.690716 0.919450 0.100000 0.100000 0.381934 0.100000 0.173631 0.100000 0.119407 
0.232882 1.745094 0.655370 0.100000 1.362838 0.697326 0.734241 0.130402 0.211784 0.627624 1.553532 0.100000 0.100000 0.615893 1.021798 0.100000 1.185591 0.100000 0.100000 0.530164 0.100000 0.100000 0.235808 0.100000 0.161345 0.489026 0.100000 0.100000 0.461382 0.252888 1.331710 1.033461 0.324121 1.120235 0.832154 1.252840 0.427848 1.850720 0.100000 0.740127 0.505370 0.930672 0.151478 0.429516 0.185863 1.410480 0.100000 0.268045 0.100000 1.008509 0.462895 0.210089 0.829505 0.213121 1.073836 0.476528 0.273153 0.100000 0.331531 0.763225 0.779827 0.238122 0.100000 0.717826 1.225136 1.339335 0.592044 0.100000 0.174724 0.332805 0.100000 0.439646 0.549712 0.944931 0.298209 0.412851 0.137211 0.650409 0.913659 0.100000 0.476213 
0.100000 0.220098 0.651730 0.384913 1.036349 0.643276 0.246209 0.949423 0.100000 0.100000 0.568138 0.100000 0.931318 0.100000 0.100000 0.100000 0.261014 0.100000 0.100000 1.073996 0.100000 1.441334 0.656166 1.239371 0.602641 0.862915 0.100000 0.279628 0.100000 0.523963 1.282247 1.230349 0.100000 0.487622 0.746999 0.575847 0.100000 0.604061 0.133074 0.100000 0.719851 0.100000 0.710275 0.709620 0.100000 0.349517 0.100000 0.602486 0.100000 1.014883 0.511819 0.211941 0.177124 0.795117 1.155976 0.100000 0.257733 1.274152 1.533223 0.224713 0.408450 0.584385 1.588136 0.919863 0.100000 0.281110 0.609568 0.100000 0.370101 0.679455 0.698013 0.633724 0.100000 0.230499 0.211173 0.442479 0.844631 0.775202 0.100000 0.472229 0.603363 
0.423459 0.221761 0.494450 1.226211 0.100000 0.147216 0.229823 0.124020 0.100000 0.402589 0.100000 0.264800 0.219485 0.264237 0.576983 0.100000 1.300777 0.100000 0.868857 0.658798 0.985374 0.384548 0.100000 0.914786 0.100000 1.367584 0.100000 0.100000 1.059777 0.589647 1.288730 0.347139 0.100000 0.100000 0.923560 0.696428 0.597257 1.269107 0.211374 0.100000 0.220739 0.820032 0.757207 0.400335 0.448766 0.763363 0.111998 1.318733 0.153595 0.848677 1.187267 0.597427 0.609520 0.447670 0.759572 0.100000 0.100000 0.248377 0.100000 0.100000 0.485016 0.100000 0.179810 0.179343 1.605469 0.100000 0.100000 0.100000 0.424772 0.100000 0.478759 0.823499 0.629033 0.786108 0.368124 0.429401 0.995145 1.706561 0.699940 0.242478 0.803281 
0.968734 0.964120 0.860939 0.421866 0.388067 0.515037 0.439423 0.725994 1.131595 0.603397 0.100000 0.100000 0.547006 0.235898 0.657923 0.100000 0.100000 0.100000 0.817913 1.108124 0.100000 0.787426 0.100000 0.541948 0.119916 1.218624 0.100000 0.100000 0.968043 0.100000 1.005388 0.627281 0.100000 0.769599 0.637692 0.209787 0.538368 0.189372 0.100000 1.135066 0.806373 1.121772 0.725347 0.194336 1.009466 0.100000 0.978152 0.679182 0.201545 0.215705 0.421933 0.100000 0.545794 1.214842 1.059232 0.960187 0.100000 0.100000 1.010368 0.100000 0.559910 0.100000 0.100000 0.443416 0.100000 0.100000 0.100000 0.336845 0.100000 0.683478 1.199560 1.108308 0.126234 0.100000 0.235087 0.100000 0.134238 0.673855 0.256853 0.652952 0.412596 
0.100000 0.433031 0.147507 0.938634 0.116166 0.681835 0.378082 0.100000 0.100000 0.100000 0.722909 1.298724 1.076112 0.100000 0.804178 0.100000 0.100000 0.400907 0.100000 0.547217 0.531895 0.777378 0.125260 0.100000 0.265190 1.192094 0.100000 0.185632 1.006370 0.923515 1.853264 0.620222 0.800830 0.432875 0.982659 0.278243 0.389839 0.100000 0.100000 0.314138 1.101568 0.100000 0.100000 0.960442 0.100000 0.382685 0.100000 1.128547 0.100000 0.100000 0.139581 0.344110 0.100000 0.317930 0.354637 0.883580 0.100000 0.610976 0.694030 0.590246 0.100000 0.100000 0.100000 0.100000 1.234957 0.211793 0.100000 0.100000 0.100000 0.533214 0.100000 0.236094 0.405241 0.886978 1.057332 0.220940 0.690128 1.331493 1.150363 0.100000 1.042972 
0.707283 0.100000 0.100000 1.486081 0.993214 0.564836 0.267211 0.100000 0.295586 0.378308 0.752849 0.100000 0.100000 0.100000 0.118786 0.551118 0.625220 1.056451 0.100000 0.580823 0.468642 0.158553 0.512468 0.100000 1.511085 0.597752 0.100000 0.678931 0.965655 1.014474 0.713289 0.318087 0.100000 0.729598 1.041675 1.180230 0.354088 0.100000 0.613288 0.100000 0.254779 0.195797 0.386818 0.100000 0.603614 1.649513 0.100000 0.916268 0.100000 0.694466 0.643166 0.493624 0.113000 0.100000 0.100000 1.099505 0.100000 0.100000 0.100000 1.067399 0.100000 1.075771 0.100000 0.100000 0.606472 0.100000 0.689888 0.100000 0.100000 0.712851 0.327809 0.100000 0.512193 0.641661 1.145168 0.100000 0.171352 0.804633 0.100000 0.358604 0.533346 
0.990387 0.100000 0.338333 1.128426 0.437356 0.100000 0.773918 0.376205 1.079083 1.200621 0.586562 0.100000 0.769587 0.100000 1.093392 0.202015 0.100000 0.758805 1.294104 0.709798 1.390062 0.980141 0.100000 0.614413 0.100000 0.290769 0.556556 0.629039 0.276930 0.100000 0.290431 1.530026 0.927971 0.873740 0.100000 0.100000 0.214292 0.228403 0.884620 0.800949 0.100000 0.100000 0.338434 0.100000 0.100000 1.252834 0.100000 0.100000 0.315682 1.003999 1.333117 0.911908 0.100000 0.784012 0.100000 0.235623 0.698660 0.781414 0.190184 0.551856 0.323188 0.604599 0.282839 0.375310 0.540780 0.100000 0.100000 0.118237 0.327097 0.100000 0.804886 0.252447 0.320382 0.514484 0.548682 0.555841 0.690275 0.419207 0.310633 0.699385 0.895995 
0.730578 0.100000 0.452264 0.398290 1.031582 0.100000 0.229315 1.137401 0.100000 0.100000 0.570352 0.731984 1.357615 0.228264 0.872826 0.100000 0.907713 0.557539 0.260711 0.944923 0.382410 1.071704 0.214051 0.512378 0.100000 0.100000 0.100000 0.497992 0.341517 0.944202 1.593281 0.829901 0.100000 0.278407 0.662533 0.100000 0.443746 0.100000 0.816823 0.319985 0.224377 0.500113 0.635437 0.100000 0.755699 0.100000 0.100000 0.148737 1.361027 0.873581 1.188162 0.300726 0.809175 1.429817 0.233060 0.146694 0.591465 0.709560 0.665160 0.430977 0.100000 0.689270 0.216450 0.100000 0.914609 0.100000 0.100000 0.100000 0.100000 0.342668 0.100000 0.308455 0.651728 0.100000 1.938894 1.551411 0.748253 0.764154 0.100000 0.439309 0.197296 
0.190477 0.100000 0.269025 1.108107 0.581809 0.914623 0.919340 1.115986 0.100000 0.891680 0.100000 0.100000 0.981870 0.100000 0.100000 0.247574 0.745533 0.297411 0.187817 0.454802 1.045132 1.395569 0.154656 0.502410 0.726632 1.149531 0.100000 1.026385 0.100000 0.895636 1.154259 0.834180 0.100000 0.789826 0.998682 0.100000 0.234047 0.512789 0.100000 1.029405 0.906339 0.292811 0.589410 0.224592 0.377737 0.676043 0.100000 0.639706 0.100000 0.642556 0.100000 0.163344 0.100000 0.981410 1.267989 0.100000 0.416119 0.955393 0.100000 0.100000 0.504092 0.326688 0.677924 0.408000 0.964704 0.100000 0.263685 0.657084 0.584330 0.480310 0.988529 0.458915 0.100000 0.100000 0.368959 0.100000 0.100000 0.100000 0.734181 0.568814 0.522296 
