69 Number of operations
23 Number of workers
Standard production times
0.525217 0.568156 0.159438 0.548542 0.391775 0.509844 0.305573 0.384442 0.391772 0.100000 0.699643 0.321497 0.455024 0.567962 0.725010 0.933940 0.790134 0.561831 0.456128 0.152974 0.319096 0.333127 0.406523 0.555370 0.591305 0.350155 0.124853 0.469183 0.335493 0.100000 0.267315 0.365903 0.100000 0.194459 0.152980 0.555320 0.100000 0.356465 0.366632 0.261775 0.100000 0.578703 0.172392 0.272256 0.300172 0.546089 0.208214 0.100000 0.446112 0.875449 0.369900 0.507397 0.278846 0.555863 0.468908 0.718928 0.306374 0.678659 0.473362 0.711585 0.166224 0.393136 0.806785 0.104164 0.602821 0.404244 0.397546 0.626512 0.212348 
Production times: workers row and ops columns
0.100000 1.102556 0.100000 0.100000 0.378583 1.535591 0.622802 0.319882 0.100000 0.100000 0.274854 0.100000 0.871948 0.866895 0.799514 1.066147 1.290763 0.980736 0.100000 0.100000 1.389324 0.414393 0.549512 0.100000 0.100000 0.100000 0.100000 0.100000 0.613243 0.563708 0.975351 0.100000 0.100000 0.100000 0.159710 0.100000 0.340465 0.501729 0.721543 1.047069 0.100000 0.701675 0.100000 0.372562 0.215650 1.063251 0.458942 1.242851 0.506782 0.401306 0.191129 0.375622 0.100000 0.811506 1.003890 0.274906 0.100000 0.923337 1.066857 0.731422 0.705727 0.277057 1.186042 0.370296 1.476658 0.180527 0.210368 0.450745 0.762341 
0.731198 0.786706 0.212736 0.100000 1.037803 0.325432 0.880830 0.248786 0.625679 0.100000 0.177720 0.100000 0.509567 0.848532 0.905276 0.586037 1.434867 0.426258 0.100000 0.100000 0.469744 1.499513 0.606331 0.100000 1.244930 1.050028 0.100000 0.621216 0.100000 0.100000 0.537155 0.686823 0.429614 0.616501 0.100000 1.111104 0.681741 0.702491 0.269154 0.100000 0.100000 1.009039 0.299364 0.179034 0.366704 0.100000 0.609732 0.374835 0.100000 1.525426 0.723542 0.969172 0.100000 0.867465 0.351205 2.446271 0.667389 0.680431 1.744464 0.915103 0.100000 0.315504 1.288947 0.100000 0.194877 0.354926 0.453301 1.153219 0.375799 
0.100000 0.574720 0.100000 0.896522 0.310148 0.239748 0.100000 0.261129 0.369548 0.134946 0.100000 0.490268 0.100000 1.143099 0.100000 1.317615 1.390247 0.367783 1.396260 0.150749 0.442488 0.594815 0.665106 0.272024 0.100000 0.685377 0.152403 0.984077 0.396364 0.100000 0.525256 0.100000 0.100000 0.100000 0.258155 0.195038 0.100000 0.445459 0.298742 0.100000 0.472891 0.637786 0.100000 0.155244 0.100000 0.185535 0.917330 0.264112 0.100000 1.472610 0.925660 1.198369 0.705647 0.572375 0.234698 0.100000 0.100000 0.816572 0.172090 0.440946 0.100000 0.100000 1.555843 0.100000 0.100000 0.562241 0.195414 0.985262 0.678713 
0.108655 0.474193 0.100000 0.694281 0.527079 0.997758 0.799282 0.248865 0.778860 0.100000 0.100000 0.100000 0.479365 0.100000 1.181028 0.899493 0.509200 1.232534 0.100000 0.637476 0.566372 0.100000 0.200602 0.100000 1.443727 0.741759 0.170740 0.179039 0.100000 0.100000 0.100000 0.463803 0.100000 1.112825 0.913775 0.141128 1.383938 0.100000 0.100000 0.561428 0.100000 0.227371 0.100000 0.100000 0.100000 0.641112 0.758876 0.100000 1.157336 1.287986 1.360833 1.090857 0.100000 0.454885 0.100000 0.100000 0.100000 0.862894 0.100000 1.017075 0.100000 0.484202 0.637103 0.378186 0.103979 0.666583 1.216518 0.911351 0.100000 
0.100000 0.454039 0.170372 1.349935 0.957319 0.100000 0.100000 0.362560 0.922922 0.100000 0.180156 0.100000 0.788424 0.441175 0.807874 0.100000 0.825908 0.602514 0.100000 0.100000 0.926249 0.327115 0.100000 0.682365 0.635341 0.202219 0.136351 0.469780 1.407025 0.100000 0.100000 0.100000 0.100000 0.100000 0.100000 0.359142 1.403342 0.845454 0.100000 0.100000 0.100000 0.100000 0.100000 0.100000 0.100000 1.839264 0.958403 0.100000 0.887384 0.688166 0.244578 0.370775 0.644794 0.363098 0.112617 0.365102 0.497733 1.016431 1.312070 0.734734 0.100000 0.239176 0.268835 0.825354 0.352635 0.592909 0.340451 0.563826 0.988750 
0.175586 0.638980 0.100000 0.935511 0.100000 1.547990 0.100000 0.100000 0.100000 0.100000 0.580816 0.467596 0.100000 0.850942 1.210248 1.165051 1.216192 0.418533 0.336522 0.210753 0.100000 0.652479 0.510492 0.646130 0.993393 0.730966 0.539600 0.867030 0.644902 0.416281 0.826909 0.397105 0.100000 0.658511 0.360175 0.432268 0.345926 0.100000 0.100000 0.534617 0.100000 1.346048 0.310976 0.383596 0.961324 1.067301 0.564334 0.100000 0.100000 0.457413 0.876638 0.100000 0.100000 0.935603 0.457158 1.487920 0.185459 0.374882 0.227435 1.066043 0.100000 0.370624 1.630730 0.204069 1.439949 1.118369 0.585057 0.788865 0.100000 
0.400696 0.100000 0.100000 0.100000 0.100000 0.244760 0.100000 0.337407 0.100000 0.123774 0.576141 0.808179 0.596623 0.100000 1.573054 0.858851 0.100000 0.998007 0.706306 0.100000 0.189856 0.100000 0.612502 1.151789 0.190749 0.619275 0.100000 0.221921 1.024894 0.324238 0.100000 0.523103 0.100000 0.476283 0.263691 0.594456 0.600401 0.410108 0.710093 0.344006 0.459514 0.100000 0.100000 0.388777 0.706952 1.383843 0.100000 0.100000 0.531877 1.596062 0.875042 0.676420 0.166742 0.100000 0.100000 0.960616 0.100000 1.108993 1.105903 0.545601 0.203238 0.393570 0.612070 0.104391 0.100000 0.941135 1.114860 0.100000 0.156584 
0.723688 1.619404 0.160022 1.024384 0.169133 0.936314 0.100000 0.755103 0.100000 0.100000 0.100000 0.100000 1.300518 0.201953 0.275582 0.466935 1.752834 0.236233 0.425355 0.367855 0.100000 0.443100 1.374754 0.100000 0.723309 0.310033 0.100000 0.640545 0.544928 0.100000 0.153731 0.727797 0.100000 0.416348 0.352163 0.749736 0.437687 0.456343 0.210044 0.100000 0.100000 0.842611 0.100000 0.474774 0.814527 0.546498 0.419668 0.417224 0.788355 1.372663 0.342021 0.390218 0.933415 0.100000 0.716087 0.438506 0.309772 0.853215 0.579475 0.574745 0.338955 0.338105 0.297767 0.473880 0.565468 0.906554 0.648655 1.310593 0.100000 
0.322287 0.181721 0.100000 0.100000 0.643681 0.147968 0.100000 0.270352 0.354577 0.429155 0.100000 0.653114 0.876734 0.100000 0.523575 0.979161 0.707303 0.308518 0.100000 0.833874 0.429031 0.230967 1.277790 0.144035 0.100000 0.100000 0.253026 0.544885 0.100000 0.100000 0.325815 1.117641 0.249367 0.100000 0.101388 0.888236 0.100000 0.375090 0.503031 0.100000 0.578242 1.154073 0.100000 0.100000 0.102902 0.518258 0.837946 0.100000 0.100000 1.086085 0.100000 1.382370 0.511707 0.329052 0.604875 0.909934 1.112942 0.124801 0.429819 0.889143 0.100000 0.419940 0.100000 0.100000 0.728083 0.100000 0.466576 0.510226 0.565017 
0.426464 1.303035 0.173987 0.100000 0.593809 1.061085 0.797980 1.284907 0.299308 0.100000 1.170263 0.100000 0.174062 0.394112 0.333521 1.822682 1.627063 0.206362 0.590990 0.100000 0.786146 0.628332 0.599357 1.053850 0.100000 0.454764 0.186888 0.276967 0.398900 0.100000 0.591103 0.266553 0.100000 0.690145 0.100000 0.100000 0.100000 0.302574 0.839278 0.100000 0.130678 0.100000 0.422319 0.100000 0.252423 2.124465 0.100000 0.100000 0.100000 1.248564 0.100000 0.177461 0.862794 1.048819 0.100000 0.706351 0.100000 1.240149 0.255360 0.540364 0.100000 0.971433 1.003259 0.100000 0.100000 0.100000 0.100000 0.180473 0.162976 
1.025706 1.619200 0.100000 1.094746 1.118715 0.170165 0.295607 1.235080 0.100000 0.100000 0.310623 0.100000 0.854333 0.200727 1.355468 0.737848 0.959332 0.583091 0.176024 0.225882 0.195047 0.411444 0.197197 0.499443 0.339098 1.000243 0.192699 0.398125 0.300054 0.756526 0.100000 0.639285 0.168691 0.365528 0.274194 0.772374 0.100000 0.433503 0.840050 0.100000 1.101559 0.516705 0.100000 0.100000 0.100000 0.309743 0.100000 0.100000 0.295080 1.941698 0.570371 0.861808 0.100000 1.315353 0.100000 1.050416 0.611730 1.088294 0.222889 0.465689 0.100000 0.290656 0.125406 0.417764 0.385864 1.199737 1.110030 1.541430 0.100000 
0.488926 0.337780 0.100000 1.054561 0.792924 0.187923 0.545385 0.100000 0.636835 0.390542 0.868577 0.100000 0.100000 0.371072 1.173996 0.945013 0.100000 0.738660 0.100000 0.100000 0.249758 0.844622 0.878537 0.229809 0.100000 0.152004 0.930630 0.234466 0.266621 0.323569 0.100000 0.783119 0.705884 0.297257 0.187589 0.100000 0.448097 0.484668 0.505771 0.445698 0.100000 0.874024 0.571266 0.409027 1.031659 0.717083 0.375263 1.199186 0.100000 1.307968 0.100000 0.716466 0.634081 0.695873 0.100000 1.593743 0.406107 1.040285 0.563876 0.491918 0.815097 0.100000 0.717146 0.100000 1.268488 1.009096 0.100000 0.403621 0.220598 
0.541596 1.861028 0.849868 0.100000 0.421808 0.331313 0.100000 0.699294 1.029921 0.100000 0.564173 0.820251 0.665158 0.100000 2.568003 0.565257 0.574396 0.488326 0.941385 0.100000 0.409099 0.957897 0.103437 0.575039 0.530532 0.742442 0.100000 0.573780 0.387940 0.100000 0.684828 1.290200 0.100000 0.269813 0.116084 0.738271 0.100000 0.182655 0.182131 0.465314 0.144088 0.671929 0.127990 0.488120 0.100000 0.859627 0.777831 0.311864 0.475947 1.110216 0.495485 0.884103 0.820131 0.205572 0.604217 0.752037 0.391639 0.723223 1.640586 0.628359 0.527549 0.100000 0.637588 0.706784 0.431966 0.327873 0.100000 0.829190 1.084555 
0.100000 1.665019 0.100000 0.469344 0.300062 0.580314 0.100000 0.110725 0.100000 0.100000 0.753949 0.600986 0.663527 0.100000 1.952713 0.603614 1.200857 0.616233 1.277293 0.402463 0.100000 0.100000 0.998524 1.125392 0.371712 0.100000 0.100000 0.241325 0.175989 0.499149 0.826669 0.247182 0.100000 0.100000 0.100000 1.601691 0.100000 0.737793 0.100000 0.719416 0.299582 0.565076 0.100000 0.100000 0.100000 0.100000 0.549713 0.635765 0.100000 1.092564 0.681217 0.387395 0.704863 1.063278 0.100000 0.830168 0.666840 0.174675 0.831100 0.730059 0.100000 0.100000 0.647187 0.100000 0.906994 0.719068 1.405633 0.943232 0.100000 
0.787582 0.467196 0.143308 0.887739 1.142099 0.363694 0.272435 0.765666 1.079598 0.100000 0.411039 0.327430 0.100000 0.420669 0.325799 1.082081 1.140794 1.340993 0.100000 0.240747 0.100000 0.532139 0.125128 0.657105 0.770686 0.100000 0.632665 0.803203 0.198159 0.100000 0.582488 0.100000 0.100000 0.100000 0.100000 0.238541 0.474333 0.665575 0.280643 0.100000 0.100000 0.651853 0.100000 0.915231 0.545547 0.349370 0.100000 0.305876 0.560215 0.273333 0.407504 0.450748 0.401000 0.601081 0.816665 1.176390 0.100000 1.118360 0.833937 0.706822 1.348423 0.333539 0.100000 0.100000 0.100000 0.472938 0.100000 0.100000 1.011085 
0.184410 0.874313 0.596311 0.240604 0.100000 0.100000 1.116672 1.477771 0.100000 0.739331 0.800555 0.218601 0.347508 1.117818 1.650341 0.532554 0.887973 0.650146 0.285954 0.457585 0.347017 0.100000 0.100000 0.100000 0.492012 0.100000 0.220454 1.058353 0.100000 0.100000 0.357151 0.100000 0.292015 0.100000 0.100000 0.100000 0.221690 0.706744 0.323688 0.100000 0.894084 0.782755 0.735078 0.583760 0.600937 1.047067 0.309746 0.145233 0.430349 0.951573 0.454285 1.340301 0.100000 0.775973 0.256950 0.253143 0.100000 0.891686 0.100000 0.100000 0.100000 0.832681 1.409477 0.698462 0.100000 0.422358 1.003813 0.922649 0.151284 
0.731202 1.511923 0.471080 0.587538 0.293323 0.548269 1.368188 0.952474 0.399915 0.506196 0.763723 0.216973 0.373919 0.492804 0.590589 0.100000 0.601012 0.100000 0.835758 0.432105 0.946348 0.503195 0.857607 1.072759 1.056978 0.426410 0.100000 0.100000 0.266625 0.100000 0.640494 0.152868 0.414415 0.481677 0.100000 0.733975 0.381076 0.782894 1.094643 0.100000 0.100000 0.100000 0.100000 0.100000 0.167340 1.808802 0.346080 0.838918 0.100000 1.539816 0.283560 1.342032 0.100000 0.964117 0.707447 0.287081 0.517747 0.110926 0.613593 0.100000 0.637998 0.100000 0.663055 0.100000 0.199164 0.100000 0.189084 0.766878 0.104073 
0.100000 0.993462 0.100000 0.698855 0.920361 0.100000 0.903829 0.100000 0.522387 0.100000 0.927235 0.511429 0.100000 0.701735 1.063281 1.608060 0.100000 1.209047 0.415859 0.100000 0.682936 0.604383 0.626624 0.323642 1.310416 0.100000 0.100000 0.994309 0.801719 0.100000 0.100000 0.100000 0.515767 0.438378 0.654108 0.324522 0.100000 0.100000 0.100000 0.344044 0.201208 0.910215 0.100000 0.100000 0.100000 0.491317 0.100000 0.100000 0.100000 1.437514 0.441307 0.128209 1.453345 0.468956 0.722737 0.893462 1.311472 0.221670 0.406390 0.301958 0.100000 0.545540 0.100000 0.929303 0.540810 0.489629 0.577842 0.288771 0.100000 
0.154857 0.378665 0.840235 0.400780 0.100000 1.726814 1.280629 0.100000 1.225876 0.100000 0.365545 0.654419 1.159899 0.526106 0.644589 1.539888 0.100000 1.131313 0.936961 0.723770 0.100000 0.863853 0.334279 0.173007 1.342200 1.120104 0.100000 0.889638 0.100000 0.867814 0.548952 0.311258 0.321199 0.162111 0.511386 0.887154 0.100000 0.100000 0.100000 0.100000 0.100000 1.393108 1.117594 0.100000 0.100000 1.432531 0.100000 0.100000 0.320751 0.670171 0.667636 0.484448 1.578440 0.198574 0.308297 0.948258 0.100000 0.427748 0.100000 0.873477 0.428419 0.100000 1.292124 0.308075 0.681113 0.419300 0.100000 0.813601 0.366859 
0.492973 1.255885 0.636304 0.669989 0.219944 0.553266 0.790572 0.325112 0.286493 0.100000 0.100000 0.182737 0.100000 1.148051 0.534625 1.074587 0.996598 0.850085 0.100000 0.888499 0.100000 0.606269 0.100000 0.100000 0.552103 0.100000 0.494035 0.342936 0.539018 0.100000 1.380174 0.386715 0.100000 0.504551 0.118772 0.548687 0.772085 0.100000 0.551254 0.211576 0.601795 0.321828 0.861225 0.100000 0.191822 1.169593 0.100000 0.100000 0.848809 0.100000 1.460874 0.213710 1.448525 0.100000 0.543842 0.834604 0.578565 2.456679 0.550039 1.011124 0.100000 0.665962 1.290064 0.158483 0.529413 0.693934 0.484082 0.940749 0.499789 
0.782581 0.100000 0.337202 0.864936 1.212363 0.751767 0.176594 0.516331 0.100000 0.707420 0.900328 0.618125 0.529924 0.100000 0.736401 1.744716 0.100000 1.101416 0.100000 1.034760 0.308225 0.848776 0.100000 1.485127 0.100000 0.763259 0.100000 0.440752 0.333785 0.100000 0.100000 0.468283 0.100000 0.100000 0.100000 0.925350 0.909373 0.100000 0.329473 0.360994 0.480355 0.100000 0.100000 0.260109 1.190560 0.272091 0.195843 0.100000 0.499460 0.819242 1.024475 0.609167 0.486022 0.297719 0.942678 1.023392 1.047943 0.279262 0.849451 0.649705 0.100000 0.252377 0.779551 0.140452 0.680910 0.100000 0.739363 0.165180 0.170583 
1.803113 0.152369 0.100000 1.456891 0.502794 0.592336 0.100000 0.709659 0.466456 0.932435 0.853675 0.100000 0.945552 1.178407 0.385267 0.100000 1.544349 0.478674 0.347477 0.100000 0.100000 0.419542 1.112669 0.494159 0.100000 1.220793 0.100000 0.100000 0.849189 0.139718 0.338785 0.337783 0.250419 0.945916 0.100000 1.902862 0.100000 0.100000 0.993157 0.100000 0.100000 0.370823 1.357298 0.560912 0.167362 0.100000 0.127352 0.100000 0.480253 0.636547 1.060824 1.290073 0.932573 0.371988 0.100000 0.849830 0.625983 0.959079 0.683625 0.753720 0.100000 0.905579 0.882699 0.100000 1.078207 0.100000 0.443417 1.315354 0.100000 
0.280260 0.682921 0.408704 0.411186 0.104259 0.100000 0.100000 0.317631 0.100000 0.100000 2.003111 0.100000 0.788782 0.191119 1.236837 1.029494 0.479344 1.338187 0.100000 0.100000 0.294699 0.147857 0.569861 0.136719 0.785708 0.986612 0.100000 0.617082 0.600141 0.100000 0.100000 0.100000 0.209340 0.183022 0.100000 1.244970 0.100000 0.567438 0.606173 0.100000 0.100000 0.459709 0.489234 0.100000 0.975273 0.100000 0.100000 0.261755 1.299216 0.355501 0.100000 0.939147 0.100000 0.173096 1.097027 1.372956 0.100000 0.708280 1.282436 0.911614 1.085893 0.803616 0.163779 0.223798 0.382828 0.972471 0.100000 0.141605 0.381790 
