82 Number of operations
23 Number of workers
Standard production times
0.395487 0.532490 0.222502 0.307822 0.261232 0.472611 0.856732 0.348992 0.510849 0.592732 0.929213 0.391227 0.206876 0.575733 0.100000 0.623915 0.189126 0.198222 0.386496 0.383715 0.967043 0.350765 0.541102 0.253267 0.159032 0.456081 0.295062 0.100000 0.627160 0.519564 0.619080 0.716055 0.419631 0.380416 0.100000 0.410165 0.555420 0.278717 0.305743 0.100000 0.571778 0.269913 0.412373 0.663896 0.543813 0.237312 0.591981 0.366152 0.400966 0.541476 0.611755 0.607141 0.514341 0.395286 0.100000 0.249166 0.430479 0.769328 0.427803 0.599307 0.100000 0.665435 0.232499 0.665336 0.283636 0.157893 0.336602 0.575480 0.716322 0.403792 0.756102 0.159809 0.168989 0.100000 0.420959 0.465930 0.486587 0.338208 0.671367 0.487711 0.500298 0.406885 
Production times: workers row and ops columns
0.982253 0.100000 0.803263 0.500861 0.100000 0.689157 0.704689 1.641640 1.428515 0.813077 0.569587 0.100000 0.100000 0.295616 0.100000 0.328429 0.100000 0.100000 0.100000 0.100000 2.242262 0.100000 0.100000 0.469465 0.100000 0.667993 0.694652 0.731307 1.003142 0.100000 1.173652 0.100000 0.362421 0.131329 0.100000 0.705998 0.463792 0.788644 0.100000 0.523156 0.820748 0.333165 0.100000 0.538009 0.100000 0.100000 2.231853 0.851582 1.297262 0.326969 0.959854 0.955850 0.815099 0.397116 0.100000 0.100000 0.735551 0.981077 0.986747 0.462186 0.970906 0.441684 0.100000 1.134418 0.100000 0.100000 0.399014 0.953731 0.837041 0.652505 2.810448 0.570371 0.934869 0.100000 0.603486 0.852971 0.304347 0.100000 0.869627 0.330402 0.203420 0.981635 
1.063270 0.683804 0.100000 0.565007 0.675961 0.787922 0.130050 0.179984 0.690415 0.903843 1.409604 0.770412 0.100000 0.222022 0.100000 1.526153 0.279331 0.474804 0.903010 0.219214 0.391542 0.137504 0.467029 1.003986 0.593831 0.100000 0.627173 0.467442 0.100000 0.465306 0.100000 0.881299 0.261785 0.100000 0.100000 0.530141 0.278946 0.428480 0.582075 0.100000 0.415643 1.342252 0.472926 0.240482 0.574044 0.100000 1.158354 0.551304 0.943869 0.992565 0.806903 1.094896 0.610128 0.100000 0.100000 0.100000 0.100000 1.682326 0.100000 0.560987 0.100000 0.100000 0.191376 0.513003 0.203774 0.432366 0.100000 0.764877 0.972947 0.236370 0.614342 0.429021 0.197614 0.179544 0.100000 0.495190 0.674860 0.270468 0.839321 1.439899 0.542980 0.739552 
0.100000 0.106319 0.100000 0.100000 0.257431 0.100000 0.769233 0.100000 0.100000 0.254902 0.395680 0.100000 0.100000 0.400102 0.622739 1.308423 0.551803 0.100000 1.134971 0.100000 0.100000 0.484751 0.539999 0.183622 0.175315 0.100000 0.100000 0.717017 1.141252 0.158624 1.585659 0.180657 0.133940 0.526632 0.100000 0.166200 0.468885 0.100000 0.741164 0.396403 0.100000 0.100000 0.502407 0.630431 0.149938 0.449688 1.001923 0.100000 0.795496 0.100000 0.100000 0.857111 0.100000 0.100000 0.100000 0.100000 0.594012 0.100000 0.242044 2.179790 0.154976 0.100000 0.532409 0.940028 0.975527 0.232067 0.100000 1.279897 1.072352 0.100000 1.129901 0.100000 0.724311 0.100000 0.814032 0.563015 0.779689 0.328015 0.464162 0.521368 0.816197 0.615681 
1.203075 0.745293 0.540184 1.358936 0.294295 0.740390 0.555161 0.369971 1.331806 0.748581 1.654798 0.100000 0.100000 0.729496 0.100000 1.959084 0.813352 0.100000 0.302911 0.100000 1.175054 0.321841 1.007046 0.987434 0.100000 0.100000 0.576397 0.100000 1.199587 0.443505 1.033975 0.884088 0.325109 0.155752 0.456762 1.675033 0.974228 0.212876 0.659540 0.157027 0.100000 0.424836 1.186519 0.505982 0.100000 0.481560 1.507454 0.836240 0.910324 1.692665 1.422301 0.963483 0.409989 0.464095 0.100000 0.673341 0.100000 1.542022 0.500723 0.399254 0.507603 0.100000 0.100000 0.336477 0.693918 0.100000 1.049085 0.352051 0.976876 0.100000 1.333867 0.100000 0.428451 0.100000 0.100000 0.350472 1.035592 0.100000 0.100000 0.333717 0.890675 0.100000 
0.123545 0.624640 0.100000 0.451426 0.855996 0.483212 0.824027 0.732050 0.480031 0.116284 0.421982 0.100000 1.163176 0.553101 0.388455 0.982818 0.100000 0.512610 0.104249 0.100000 0.859518 0.100000 0.372116 0.424874 1.300302 0.208192 0.213081 0.285811 0.720421 0.440350 0.100000 0.237742 0.327943 0.100000 0.100000 0.100000 1.117662 0.100000 1.256752 0.100000 0.100000 0.100000 0.802113 1.177195 0.119480 0.403081 0.517185 0.244931 0.476565 0.924010 0.100000 0.100000 0.617686 0.359848 0.442380 0.100000 0.100000 1.541096 0.100000 0.781024 0.100000 0.462792 0.100000 1.258360 0.100000 0.100000 0.100000 1.163707 0.865927 0.743426 0.747271 0.277829 0.416007 0.873139 0.544388 0.100000 1.060137 0.385987 0.117647 0.399568 0.100000 1.450226 
0.223175 0.100000 0.374119 0.100000 0.905616 0.540074 0.100000 0.100000 0.100000 0.213805 0.607341 0.100000 0.305008 0.137785 0.100000 0.999866 1.137593 0.100000 1.292538 0.100000 1.248396 0.100000 0.504101 0.100000 0.100000 0.298675 0.121592 0.305722 1.790355 0.202538 0.541875 0.100000 0.100000 1.075997 0.100000 0.100000 0.566051 0.734176 0.463381 1.033104 0.480529 0.100000 0.481851 0.723621 0.134363 0.100000 0.298787 1.233410 0.100000 0.100000 0.751472 0.100000 0.727850 0.598780 0.100000 0.100000 0.130219 1.576765 0.625280 0.100000 0.100000 0.626662 0.225829 0.281174 0.429253 0.100000 0.875017 0.794185 0.669723 0.471608 0.314747 0.602181 0.360591 0.100000 0.479857 0.197588 1.730179 0.112528 0.930785 0.669935 0.101123 0.409714 
0.235020 0.657246 0.350656 0.691634 0.652742 0.269080 0.594286 0.100000 0.100000 0.100000 1.231049 0.351421 0.101240 0.100000 0.100000 0.100000 0.137646 0.532836 0.683650 0.344661 0.427673 0.346274 0.542282 0.606144 0.541966 0.322963 0.277720 0.448097 0.855754 0.434214 0.100000 0.383465 0.838988 0.455330 0.576589 0.237544 0.595556 0.675479 0.649656 0.295841 1.116208 0.937568 1.107546 0.100000 0.300654 0.100000 0.409673 0.100000 1.051526 0.100000 0.661505 0.100000 0.260804 0.266261 0.100000 0.616871 1.620721 0.331538 0.100000 1.475216 0.381021 0.507388 0.100000 1.031661 0.390216 0.934149 0.100000 0.488699 0.562354 0.295377 1.284919 0.580994 0.100000 0.100000 0.305553 0.910492 0.398464 0.100000 0.498712 0.463822 0.958908 1.044798 
1.040871 0.714544 0.100000 0.598465 0.165770 0.159984 1.001358 0.549141 0.942615 0.140291 0.100000 0.640819 0.100000 1.070809 0.100000 0.328870 0.100000 1.216547 0.151092 0.335730 0.696970 0.223509 0.947940 0.297333 0.144564 1.042422 0.100000 0.656765 1.415605 0.100000 0.745553 0.100000 0.100000 0.100000 0.352682 0.779491 0.362107 0.100000 0.100000 0.100000 0.247176 0.100000 0.283811 0.595407 1.625044 0.566087 0.511849 0.392665 0.555144 0.180332 0.100000 0.231454 0.390269 0.442072 0.100000 0.100000 0.286627 0.784358 0.701434 0.466148 0.307052 0.153941 0.627260 0.624962 0.100000 0.100000 0.378013 0.100000 1.067328 0.225724 0.972096 0.100000 0.312862 0.452225 0.189526 0.358704 0.190103 0.494010 0.676384 0.727113 0.460145 0.100000 
0.100000 0.297569 0.442605 1.429153 0.685643 0.155981 0.100000 0.596239 0.509872 0.100000 1.367058 0.385839 0.100000 0.100000 0.574561 0.649369 0.100000 0.100000 0.194591 0.994640 1.220657 1.345683 1.065297 0.419649 0.601211 0.530524 0.100000 0.100000 0.787828 0.100000 0.354011 0.100000 1.258403 0.100000 0.100000 0.100000 1.035973 0.836975 0.100000 0.382561 0.120098 0.266091 1.714223 1.131855 0.518380 0.100000 0.437979 0.100000 0.100000 0.841208 0.899893 0.704106 1.011094 0.100000 0.796065 0.100000 0.617624 0.995045 0.964984 1.597362 0.272725 0.474033 0.100000 0.794337 0.100000 0.100000 0.235181 0.911053 0.561330 0.100000 0.826922 0.100000 0.100000 0.829486 0.542396 1.456040 0.100000 0.856667 0.582939 1.827533 0.392586 0.184657 
0.607398 0.626970 0.100000 0.763695 0.606322 0.915457 1.056941 0.100000 0.160710 0.889229 0.459685 1.240249 0.223123 0.178644 0.618782 0.613818 0.787716 0.304115 1.270644 0.191972 0.100000 0.100000 0.100000 0.548215 1.063604 0.358562 0.100000 0.441461 0.854011 0.328982 0.823054 0.719260 0.100000 0.723225 0.100000 0.100000 0.437259 1.062719 1.286928 0.800068 0.324277 0.100000 0.584345 0.582895 0.613329 0.100000 0.148871 0.100000 0.787318 1.072635 0.270443 0.898448 0.835111 0.100000 0.104938 0.655883 0.100000 1.392469 0.324718 0.628991 0.100000 0.100000 0.402018 0.661922 0.100000 0.100000 0.545256 0.501771 0.451200 0.444008 1.133182 0.177772 0.100000 0.515439 0.272755 0.758610 0.413604 0.100000 0.100000 0.100000 0.383227 0.100000 
0.586991 1.082294 0.101421 0.100000 0.100000 0.585270 1.062720 0.377785 0.859029 0.256522 0.802941 0.529103 0.100000 0.819333 0.347794 0.488004 0.100000 0.100000 0.934267 0.100000 0.996909 0.100000 1.694660 0.100000 0.475887 0.100000 1.891013 0.100000 0.805378 0.100000 1.028684 0.100000 0.197875 0.100000 0.100000 0.410479 1.426033 0.100000 0.578199 0.120965 0.267321 0.163815 0.607723 0.645136 0.521787 0.100000 0.391467 0.608143 0.100000 0.281988 0.648469 0.770126 0.707340 0.294291 0.100000 0.629908 0.931215 1.366583 0.597533 1.021003 0.100000 0.108279 0.144834 0.540490 0.779466 0.554388 0.100000 0.360974 0.689889 0.435289 1.458367 0.100000 0.805111 0.100000 0.100000 1.289868 0.673200 0.379174 0.955729 0.370470 0.517853 0.505277 
0.494362 0.700908 0.100000 0.476790 0.100000 0.752622 0.762659 0.461973 0.638620 0.213477 0.652315 0.309163 0.419277 1.032486 0.100000 0.274504 0.298224 0.177256 0.751025 0.973013 1.924883 0.100000 0.294610 0.205226 0.535861 0.780899 0.313029 0.470807 0.342812 0.327298 0.757941 0.175717 1.188999 0.100000 0.100000 0.558513 0.100000 0.100000 0.213090 0.726784 2.076494 0.345736 0.100000 0.784415 0.865290 0.100000 0.755146 1.142319 0.636616 0.144401 0.327449 0.100000 0.290889 0.100174 0.781913 0.100000 0.100000 0.856470 0.713320 0.318808 0.187570 0.988610 0.590940 0.839476 0.544114 0.100000 0.725785 0.636821 0.297855 0.200064 0.603067 0.100000 0.100000 0.100000 0.100000 1.526322 0.667340 1.429074 0.525012 1.280179 0.426826 1.176591 
0.845432 0.902615 0.125900 0.408820 0.916885 0.100000 0.507649 0.100000 0.100000 0.892888 1.338139 0.286541 0.763584 0.204084 0.100000 0.681824 0.385488 0.129452 0.100000 0.663071 1.811984 0.161271 0.551355 0.100000 0.154672 0.100000 0.378587 0.870644 0.886078 0.156907 1.018485 0.100000 1.019751 0.528661 0.100000 0.246043 0.100000 1.269798 0.586326 0.100000 0.233228 0.344026 0.123329 0.775742 0.727109 0.100000 0.891905 1.194586 0.554134 0.845452 0.350384 0.348185 0.660148 0.100000 0.100000 0.655243 0.102330 0.871188 0.478102 0.796387 0.391527 0.921199 0.100000 1.065321 0.100000 0.328654 0.100000 0.610283 0.286273 1.089453 0.911960 0.100000 0.100000 0.100000 1.063242 0.138642 0.966748 0.222084 0.497955 0.100000 0.632587 0.909357 
0.771622 0.780888 0.100000 0.343038 0.100000 0.100000 1.024030 0.100000 0.733412 0.416599 1.622709 0.288275 0.425112 1.047502 0.359553 0.909877 0.100000 0.608407 0.100000 0.100000 0.100000 0.143194 0.165036 0.100000 0.100000 0.328167 0.100000 0.100000 0.991278 0.100000 0.548766 0.593011 0.100000 0.116239 0.760483 0.544171 0.227517 0.596541 0.437985 0.100000 0.342905 0.202602 0.374009 0.789811 0.503056 0.217365 0.282634 0.138883 0.100000 0.751557 0.510499 0.273387 0.846770 1.563005 0.100000 0.842684 0.130430 0.845407 0.853395 1.133968 1.139688 0.409188 0.259421 1.330545 0.923296 0.100000 0.329511 1.074659 1.325422 0.100000 0.933437 0.100000 0.675635 0.978865 0.100000 0.356802 0.100000 0.108994 0.942851 0.780249 0.702942 0.100000 
0.100000 1.465287 0.338161 0.100000 0.387694 0.183268 0.939456 0.100000 0.174617 0.100000 1.804962 0.750895 0.519153 1.010443 0.100000 0.100000 0.445659 0.543593 0.655692 0.189156 0.213505 0.747770 0.747175 0.224894 0.100000 0.392969 0.100000 0.100000 0.575335 0.305267 0.779833 0.562700 0.563290 0.100000 0.326957 1.444521 0.507441 0.594203 0.744499 0.278873 0.694349 0.100000 0.100000 1.437066 0.647814 0.344691 1.563458 0.100000 0.928812 0.868992 0.100000 0.293320 0.728930 0.100000 0.100000 0.554385 0.338800 0.866496 0.349269 0.668516 0.253610 1.772010 0.437130 0.317279 0.476626 0.289852 1.991942 0.100000 1.064630 0.536098 1.523279 0.100000 0.100000 0.278151 0.841766 0.688073 0.804943 0.317569 1.174984 0.554041 0.250368 1.142501 
0.100000 0.100000 0.100000 0.240585 0.230317 0.324275 1.045611 0.180607 0.100000 1.292994 0.843350 0.938941 0.294985 0.819522 0.871938 0.100000 0.753290 0.231720 0.823660 0.160382 0.972131 0.275070 0.100000 0.222424 1.064298 1.092859 0.997556 0.100000 0.540566 0.299772 0.100000 0.597048 0.100000 0.817921 0.566421 0.630053 0.111017 0.100000 0.978174 0.263816 1.076881 0.100000 0.896876 0.503551 0.303470 0.374662 0.232306 0.100000 1.083130 0.890363 0.377377 0.598506 1.081779 0.140824 0.100000 1.382803 0.100000 0.541356 0.100000 0.100000 0.263772 0.100000 0.549040 0.585773 0.200601 0.465545 0.662560 1.255127 0.100000 0.100000 1.092484 0.543181 0.100000 0.100000 0.422403 0.100000 0.100000 0.899152 0.100000 1.508170 0.557351 0.540509 
1.743201 0.981409 0.100000 0.100000 0.100000 0.100000 1.040216 0.359349 0.164400 1.027432 0.623989 0.100000 0.100000 0.540494 0.246829 1.545893 0.100000 0.442492 0.879080 0.667795 1.098146 0.100000 0.327427 1.318891 0.229109 0.420384 0.100000 0.207264 1.471874 0.203583 0.140301 0.664317 0.150884 0.100000 1.157733 0.773559 0.100000 0.217791 0.734843 0.100000 0.944731 0.100000 0.640088 0.606449 0.792505 0.174279 0.228964 0.529560 0.597052 0.830856 0.100000 0.323084 0.367179 0.219372 0.100000 0.258002 1.073489 1.593301 0.973658 0.836387 0.100000 0.304402 0.465895 0.171856 0.808599 0.100000 0.380376 0.323059 0.814213 0.100000 0.568405 0.100000 0.100000 0.100000 0.875601 0.100000 0.807321 0.228689 0.859690 0.436252 0.430283 0.100000 
1.671056 1.004534 0.666296 0.100000 0.100000 0.100000 0.895056 0.100000 0.767863 0.586601 1.270015 0.894474 0.100000 0.209020 0.100000 0.978179 0.100000 0.100000 0.100000 0.501724 0.896282 0.344837 0.301295 0.100000 0.723956 0.397202 0.360979 0.100000 1.231770 0.100000 0.325241 0.214747 0.100000 0.703388 0.100000 0.100000 0.413290 0.100000 0.262125 0.100000 0.629311 0.100000 0.100000 0.957861 0.901542 0.100000 0.718135 0.287497 0.913464 0.100000 0.744016 0.970073 0.100000 0.100000 0.510280 0.100000 0.819412 0.797180 0.100000 0.598251 0.240524 0.335927 0.691061 0.100000 0.205360 0.100000 0.100000 0.100000 0.100000 0.100000 0.616659 0.100000 0.100000 0.100000 0.139804 0.524887 0.855905 0.100000 0.747967 0.100000 1.541827 0.100000 
0.153422 0.915188 0.381662 0.724043 0.918469 0.277112 1.791631 0.100000 0.324138 0.985562 0.100000 0.100000 0.100000 0.944741 0.100000 1.008429 0.100000 0.646952 0.730164 0.100000 0.791443 0.221631 0.316266 0.100000 0.800214 0.630660 0.485337 0.100000 0.578533 1.029570 0.648020 0.422671 0.338621 0.747675 0.100000 0.100000 0.142370 0.318429 0.100000 0.100000 0.771411 1.343358 1.105662 0.824284 0.100000 0.350448 0.100000 0.100000 0.922368 0.120423 0.915175 0.673679 0.946870 0.273296 0.100000 0.985838 0.752107 0.926550 0.412030 0.860210 0.100000 0.952106 0.170124 0.100000 0.100000 0.100000 1.322280 1.254891 0.510112 0.100000 0.498291 0.100000 0.766174 0.100000 0.100000 0.202697 0.100000 1.082299 0.587880 0.527257 0.467461 0.100000 
0.507671 0.768619 0.100000 0.477496 0.100000 0.412192 1.247677 0.139572 0.757092 0.628372 0.924578 0.132913 0.100000 0.572647 0.691693 0.811293 0.789081 0.208197 0.100000 0.973959 0.940271 0.902903 0.919381 0.677777 0.387185 0.100000 0.713814 0.245204 1.007884 0.970692 0.785002 1.047531 0.100000 0.434683 0.459339 0.740165 0.117894 0.100000 0.100000 0.123255 0.709212 1.087638 1.032155 0.294123 0.859472 0.100000 0.988582 0.100000 1.048765 0.265072 0.432569 0.147101 0.922675 0.428197 0.313821 0.621736 0.100000 1.598405 0.813477 0.716385 0.101014 0.538318 0.100000 1.126592 0.381422 0.148780 0.100000 0.661700 1.736970 0.635669 0.100000 0.100000 0.525906 0.100000 0.565963 0.778068 0.834583 1.331246 0.473900 0.602228 0.204071 0.100000 
0.100000 1.261989 0.957242 0.100000 0.668480 0.390769 1.309441 0.100000 0.673409 0.669861 0.498262 0.118274 0.100000 0.591312 0.941872 1.431245 1.001439 0.511083 0.882675 0.100000 1.010128 0.921126 0.735594 0.100000 0.417480 0.581393 0.403777 0.100000 0.980840 0.457427 0.253959 0.730735 0.725349 1.075994 0.693486 0.100000 1.105408 0.585055 0.564431 0.816939 1.438808 0.627341 0.384302 0.423248 0.686534 0.467316 0.283687 1.269978 1.210869 1.018107 1.608738 1.098802 0.377830 0.890532 1.157351 0.178612 0.100000 1.301484 0.100000 0.135467 0.322770 0.503473 1.134655 0.713534 0.643708 0.755750 0.403267 0.874588 0.100000 1.459444 0.839608 0.100000 0.100000 0.236045 0.152087 0.597544 0.184831 0.100000 0.303797 0.100000 0.701337 0.481056 
0.147974 0.701247 0.100000 0.290632 0.121659 0.681462 0.420679 0.275765 0.495409 0.100000 0.954977 0.369764 0.667228 0.100000 0.100000 0.100000 0.295987 0.100000 0.100000 0.501911 1.395534 1.290001 1.158593 0.100000 0.882257 0.100000 0.504196 0.485509 0.100000 0.586026 0.667723 1.805429 0.117781 0.758084 0.100000 0.452213 0.100000 0.768732 0.928362 0.693707 0.100000 0.100000 0.375630 1.227593 0.945195 0.108715 0.247755 1.203956 1.110280 0.176375 0.579529 0.560314 1.551955 0.748409 0.661636 0.100000 0.569319 0.716803 0.502804 0.803707 0.100000 0.138315 0.813829 0.196306 0.100000 0.100000 0.512908 0.638291 0.387613 0.100000 0.840313 0.100000 0.100000 0.326527 0.873881 0.648901 0.910043 0.460424 1.444498 0.942603 0.334900 0.957805 
0.578467 0.281239 0.100000 0.166378 0.100000 0.100000 0.615170 0.100000 0.100000 0.102693 0.164522 0.323847 0.311456 0.748058 0.669381 0.537647 0.100000 0.200779 1.010293 1.177116 0.689938 0.552137 0.465513 0.540930 0.100000 0.246185 0.100000 0.100000 0.816974 0.100000 1.262094 1.110201 1.050703 0.792413 0.100000 0.598805 0.100000 0.100000 0.555755 0.993949 0.681086 0.100000 0.376719 0.967126 1.058600 0.315593 1.459362 0.910537 0.605504 0.370069 1.819383 0.393170 0.364424 0.100000 0.230752 0.100000 0.705548 0.100000 0.753500 0.100000 0.100000 0.269299 0.308854 0.530182 0.100000 0.100000 0.603943 0.100000 1.334961 0.374209 0.100000 0.220698 0.100000 0.100000 0.233199 0.237980 0.854447 0.424821 0.970730 0.369894 1.143221 0.323329 
