74 Number of operations
23 Number of workers
Standard production times
0.394258 0.191361 0.342702 0.555361 0.533194 0.294572 0.307851 0.510803 0.537213 0.546245 0.301062 0.821167 0.242065 0.313182 0.431896 0.410641 0.142110 0.526280 0.378828 0.184646 0.151828 0.285805 0.370933 0.608400 0.100000 0.438215 0.100000 0.594403 0.475642 0.100000 0.868999 0.314123 0.100000 0.567157 0.673480 0.580745 0.122889 0.647349 0.493120 0.114717 0.100000 0.287629 0.283871 0.495577 0.596534 0.287636 0.141800 0.415450 0.702214 0.398572 0.390097 0.501949 0.247641 0.305764 0.100000 0.227890 0.476929 0.162215 0.672718 0.486237 0.421927 0.432116 0.313676 0.211695 0.485224 0.362972 0.494872 0.504024 0.409737 0.293025 0.134749 0.374591 0.347594 0.174767 
Production times: workers row and ops columns
0.487662 0.100000 0.353482 0.775242 0.693172 0.100000 0.195404 0.692422 1.077118 0.892862 0.602413 0.433049 0.153770 0.100000 0.100000 1.317229 0.100000 0.100000 0.251357 0.100000 0.100000 0.100000 0.756947 0.100000 0.100000 0.100000 0.100000 0.706476 0.735932 0.100000 0.450077 0.100000 0.452732 1.419964 1.972059 0.771053 1.059637 0.442089 0.684563 0.100000 0.872197 0.888376 0.446212 0.881863 0.120828 0.470734 0.100000 1.036128 0.181892 0.634081 0.267693 0.100000 0.187831 0.100000 0.257846 0.100000 0.936266 0.100000 0.100000 0.821114 0.275283 0.578859 0.775052 1.229419 0.172643 1.375577 0.423879 0.167737 0.364796 0.100000 0.100000 0.768165 0.100000 0.210300 
0.100000 0.283282 0.100000 0.405487 0.328072 0.468942 0.100000 0.765984 0.100000 0.100000 0.100000 1.225154 0.886113 1.188354 0.599018 0.832917 0.169836 0.229758 0.100000 0.143418 0.251830 0.100000 1.290080 1.273241 0.100000 0.232297 0.100000 0.879192 0.917217 0.136971 0.225688 0.420912 0.100000 0.100000 0.736903 0.863819 0.100000 0.100000 0.100000 0.100000 0.100000 0.100000 0.100000 0.504953 0.579721 0.526978 0.100000 0.100000 0.100000 1.178385 0.454410 0.550671 0.100000 0.599701 0.514009 0.892484 0.689189 0.100000 0.258676 0.100000 0.233380 1.669227 0.771153 0.468644 0.236463 0.100000 0.537395 0.557907 0.856078 0.268378 0.100000 0.334468 0.194934 0.410930 
0.481027 0.347413 0.870377 0.389627 0.281645 0.721196 0.558263 0.289620 0.272658 0.163421 0.100000 0.177798 0.100000 0.100000 0.100000 0.100000 0.100000 0.743106 0.421222 0.100000 0.100000 0.100000 0.635939 0.100000 0.100000 0.845539 0.100000 0.768695 0.603251 0.253406 0.988325 0.100000 0.100000 1.297187 0.321416 0.100000 0.294468 1.314818 1.008286 0.351090 0.100000 0.100000 0.714125 0.255669 0.891001 0.219590 0.539553 0.100000 0.372627 0.100000 0.307743 0.286953 0.482545 0.100000 0.100000 0.100000 0.315354 0.100000 0.108574 0.100000 1.012982 0.964145 0.100000 0.152918 0.218041 0.154697 1.258299 0.253256 0.100000 0.100000 0.425048 1.160679 0.218815 1.021134 
0.317000 0.925556 0.100000 0.571406 0.368675 0.100000 0.941216 0.912843 0.506716 0.615481 0.260723 0.904432 0.127909 0.100000 0.464445 0.100000 0.100000 0.641524 0.823434 0.739526 0.100000 0.234343 0.254714 0.906293 0.761090 1.440833 0.237164 0.100000 0.899693 0.528507 0.100000 0.466869 0.100000 0.765876 1.129958 0.770458 0.536580 0.954690 0.100000 0.482931 0.100000 0.100000 0.100000 0.228896 0.100000 0.100000 0.100000 1.009902 1.202379 0.420811 0.100000 0.100000 0.594178 0.293885 0.100000 0.635790 1.104445 0.216607 0.821357 0.157458 0.191361 1.196476 0.100000 0.100000 0.700429 0.676666 0.683531 1.278468 1.150558 0.100000 0.309431 1.120345 0.737694 0.100000 
0.845312 0.680704 0.374539 0.375119 0.263099 0.949767 0.100000 0.589645 0.424902 1.447403 0.675799 0.604964 0.126493 0.100000 0.564374 0.634534 0.686699 0.172812 0.716617 0.422535 1.237836 0.636073 0.100000 0.911396 0.205977 0.100000 0.100000 0.801438 0.363253 0.100000 0.354766 0.395541 0.602259 0.100000 0.633170 1.005574 0.874999 0.583781 0.881159 0.895741 0.164507 0.100000 0.281988 0.100000 0.100000 0.100000 0.100000 0.564369 0.948906 0.330459 1.197365 1.030168 0.422684 0.100000 0.100000 1.143041 0.758002 0.934510 0.730408 0.531508 1.140685 0.100000 0.100000 0.100000 1.437393 0.841356 0.100000 0.121390 1.136207 1.104882 0.100000 0.100000 0.592877 1.230618 
0.677935 0.312922 0.100000 0.607238 1.240370 0.742427 0.100000 0.210962 0.363599 1.428898 0.100000 0.650509 0.756879 0.100000 0.307755 0.100000 0.100000 1.581715 0.100000 0.100000 0.100000 0.307692 0.296921 0.674940 0.788176 0.408435 0.820750 0.264063 0.469286 0.101843 0.975100 0.339551 0.876220 0.725237 0.878074 0.600238 0.100000 0.100000 1.243735 0.100000 0.100000 0.841631 0.404668 0.146708 0.364607 0.595065 0.100000 0.937887 0.605024 1.543029 0.953661 0.164610 0.637037 0.100000 0.100000 0.647278 0.100000 0.100000 0.996822 0.763458 0.100000 0.919017 0.123189 0.169015 1.612706 0.100000 0.332365 0.718286 0.100000 0.100000 0.100000 0.440429 0.100000 0.223509 
0.224799 0.414006 0.178006 0.546259 0.198154 0.100000 0.535676 0.786779 0.615870 0.319610 0.100000 1.395573 0.225782 0.482740 0.100000 0.100000 0.241453 0.100000 0.322671 0.100000 0.100000 0.432805 0.100000 0.872137 0.328849 0.130786 0.100000 0.924310 0.100000 0.100000 0.395950 0.564631 0.266681 0.430037 0.368357 0.588619 0.227028 0.142686 0.653502 0.685675 0.100000 0.658167 0.100000 0.100000 0.297776 0.100000 0.100000 0.100000 1.161944 0.100000 0.112650 0.586833 1.122356 0.100000 0.132344 0.421101 0.695783 0.130161 0.641319 0.100000 0.100000 0.100000 0.100000 0.100000 1.305995 0.100000 0.634084 0.552955 0.100000 0.193669 0.100000 0.192404 0.100000 0.640624 
0.370513 0.288872 0.100000 0.812704 0.100000 0.760369 0.100000 0.541303 0.488771 0.843661 0.131712 0.100000 0.569451 0.100000 0.738045 0.224256 0.100000 0.100000 0.557832 0.809756 0.153189 0.347901 0.815124 0.100000 0.361020 1.467527 0.100000 0.113607 0.100000 0.100000 0.982906 0.582749 0.346105 0.100000 0.959343 0.763137 0.450308 0.100000 0.100000 0.560749 0.100000 0.442450 0.100000 0.100000 0.417126 0.100000 1.004319 0.100000 0.789856 1.177593 0.100000 1.414560 0.402449 0.725805 0.100000 1.094413 0.772173 0.100000 0.556377 0.432425 0.479919 0.600231 1.050565 0.100000 0.755520 0.495446 0.446618 0.770555 0.100000 0.248853 0.100000 0.286047 0.788239 1.059244 
0.100000 0.816653 0.563688 0.100000 0.441089 0.100000 0.100000 0.337561 0.598866 0.851723 1.007118 1.104287 0.288577 0.100000 0.696121 0.100000 0.201779 0.135032 0.731990 0.100000 0.100000 0.128372 0.100000 1.040936 0.765618 0.208470 0.564020 0.846163 0.100000 0.100000 0.974395 0.890936 0.100000 0.540210 0.443209 1.132192 0.100000 0.398212 1.311938 0.213863 0.100000 0.100000 0.100000 0.100000 0.698693 1.201621 0.100000 0.788551 0.551078 0.100000 0.100000 0.100000 0.241806 0.100000 0.119082 0.106664 0.793888 0.100000 0.670059 0.100000 0.100000 0.100000 0.100000 0.429225 0.316773 0.563315 0.244208 1.603185 0.100000 0.702084 0.401362 0.401847 0.100000 0.100000 
0.100000 0.100000 0.100000 0.612769 0.175058 0.646043 0.983337 0.210365 0.615586 0.726492 0.411185 0.100000 0.690062 0.163173 0.523217 0.283737 0.100000 0.934568 0.335649 0.100000 0.356209 0.536341 0.440519 1.099790 0.100000 0.495705 0.100000 0.512235 1.101278 0.339550 1.074367 0.307423 0.193653 1.247472 0.697886 1.014636 0.100000 0.216245 0.100000 0.269527 1.116041 0.100000 0.279086 0.132291 0.260069 0.781553 0.100000 0.866782 0.855417 0.701292 0.637651 0.647856 0.980521 0.100000 0.100000 0.396275 0.230461 0.100000 0.100000 0.180691 0.100000 0.891480 0.100000 0.155225 1.292376 0.376706 0.697115 0.100000 0.249223 0.541961 0.100000 0.699763 0.287321 0.100000 
0.100000 0.916366 1.024668 0.100000 0.680335 0.303820 0.905994 0.704464 0.227048 0.124364 0.382445 0.885889 0.454671 0.100000 0.100000 0.891460 0.100000 0.785857 0.656945 0.100000 0.353435 0.611970 0.774871 0.516491 0.107581 0.100000 0.100000 0.100000 0.527141 0.484016 0.896927 0.100000 0.100000 0.465382 0.646362 0.985205 0.507633 0.625655 0.708180 0.100000 0.100000 0.830480 0.243565 0.100000 0.715931 0.428263 0.580960 0.100000 0.916023 0.874957 0.871758 1.055526 0.779721 0.273848 0.100000 0.258147 0.925607 0.885722 0.876121 0.179742 0.101505 0.506088 1.173733 0.100000 0.100000 0.587005 0.465194 1.546085 0.379834 0.622990 0.240277 0.104633 0.630932 0.380424 
0.100000 0.100000 0.782299 0.181804 1.151613 0.100000 0.635518 0.100000 0.100000 0.359686 0.294889 0.445739 0.471272 0.238826 0.100000 0.420940 0.100000 0.100000 0.821300 0.560896 0.635215 0.100000 1.677687 0.776452 0.306144 0.493363 0.100000 0.221068 0.905079 0.768989 1.950837 0.756695 0.510976 0.639740 1.379326 0.909133 0.548438 0.896897 1.196583 0.100000 0.179781 0.232026 0.426280 0.743218 0.100000 0.295113 0.100000 0.689546 0.602300 1.306366 0.528231 0.353016 0.886582 0.632555 0.100000 0.403732 0.812772 0.100000 0.587928 0.831059 0.603022 0.499959 0.100000 0.531938 0.373604 0.100000 0.100000 0.368222 1.278039 0.340247 1.015689 0.414248 0.172074 0.100000 
0.100000 0.100000 0.445067 0.846368 0.196535 0.100000 0.291141 0.800118 1.073122 0.836851 1.413041 0.613285 0.100000 0.100000 0.100000 0.100000 0.100000 0.100000 0.100000 0.197887 1.008485 0.100000 0.833819 1.209382 0.146851 0.577069 0.375502 1.074711 0.666160 0.100000 0.100000 0.556112 1.124490 0.547095 0.296781 1.261810 0.138353 0.100000 0.674612 0.822249 0.223466 0.100000 0.655537 0.703600 0.945440 0.100000 0.288691 0.379259 1.216577 0.391314 0.100000 0.514312 0.100000 0.117651 0.586547 0.338387 0.930418 0.913044 0.725208 0.379550 0.100000 0.288814 0.251168 0.565825 0.596835 0.565047 0.691761 0.193972 0.969348 0.100000 0.100000 0.100000 0.100000 0.100000 
0.100000 0.457229 1.292722 0.100000 0.984938 0.198252 1.184698 0.100000 0.100000 0.380558 0.183685 0.100000 0.659569 1.768190 0.795066 0.969623 0.587212 0.100000 1.027935 0.202991 0.100000 0.100000 0.600226 1.392428 0.100000 0.917634 0.100000 1.605199 0.100000 0.721049 0.615227 0.649119 0.100000 0.862069 1.201840 0.867046 0.809765 0.461443 0.631211 0.493259 0.709137 0.870227 0.418271 0.100000 0.100000 0.100000 0.100000 0.647201 0.525240 0.601584 0.100000 0.419975 0.619932 0.658988 0.383933 0.206408 0.217267 0.252676 0.387156 0.100000 0.968493 1.668743 0.768627 0.160583 0.100000 0.100000 0.554565 1.025811 0.100000 1.484434 0.100000 0.659278 0.100000 0.100000 
0.656957 0.100000 0.167037 1.223140 0.951457 0.741866 0.100000 0.160838 0.555559 0.978634 0.632355 1.141396 0.508254 0.100000 0.621586 0.473949 0.594578 0.100000 0.645434 0.581492 0.100000 0.978795 0.675869 0.288341 0.173872 0.414420 0.100000 1.256223 0.770188 0.100000 1.545400 0.100000 0.100000 0.224894 1.189867 0.492723 0.100000 0.169967 0.821956 0.100000 0.851973 0.100000 0.444033 0.145211 0.107740 0.351077 0.100000 0.100000 1.400677 0.100000 0.936417 0.371835 0.681689 0.608715 0.543258 0.235463 0.100000 0.100000 0.100000 1.015097 0.350511 0.851259 0.638346 0.245048 0.427654 0.793699 1.258218 1.498663 0.783759 0.100000 0.189323 0.100000 0.100000 0.100000 
0.254847 0.100000 0.671198 1.033646 0.100000 0.100000 0.982783 0.211359 0.644394 0.187893 0.100000 0.738589 0.100000 0.592991 0.100000 0.100000 0.822955 1.385140 0.969966 0.109845 0.100000 0.965402 0.799444 0.355750 0.486253 0.100000 0.100000 0.808771 1.410963 0.760893 0.176002 0.686261 0.571615 0.725486 1.604316 0.703120 0.525005 0.825897 0.100000 0.100000 0.100000 1.073117 0.100000 0.176556 0.314135 0.456033 0.100000 0.745464 0.456874 0.607659 0.124773 0.171118 0.435328 0.718048 0.100000 0.427308 0.567146 0.127076 0.100000 1.078584 0.100000 0.930630 0.618015 1.340455 0.100000 0.652470 0.228198 0.825332 0.100000 0.100000 0.100000 0.210404 0.100000 0.100000 
0.100000 0.719490 0.686781 1.175498 0.801556 0.606977 1.006368 0.606392 0.683076 0.100000 0.791939 0.526889 1.060096 0.717958 0.207148 0.388266 0.100000 0.100000 0.555966 0.100000 0.100000 0.380374 0.100000 0.911551 0.100000 0.412832 0.100000 1.543486 0.790518 0.100000 1.562040 0.100000 0.100000 0.930846 0.532741 0.252047 0.100000 0.929059 1.148033 0.221519 0.465756 1.040587 0.719403 0.845204 0.759709 1.184850 0.100000 0.100000 1.565640 0.871931 1.124857 1.201037 0.860982 0.100000 0.100000 0.100000 0.382650 0.100000 0.800446 0.100000 0.960728 0.100000 0.808682 0.723137 0.100000 0.288330 0.100000 0.716516 0.914851 0.100000 0.261136 0.100000 0.100000 0.224408 
0.210930 0.244146 0.818677 0.806141 1.896219 0.788144 0.100000 0.100000 0.100000 0.295608 1.107729 1.233166 0.100000 0.100000 0.303715 0.100000 0.589889 0.748985 0.100000 0.252855 0.111880 0.100000 0.363253 0.100000 0.641189 1.083337 0.147062 0.100000 0.275736 0.134769 0.444131 0.509485 0.100000 0.635894 1.198478 0.448419 0.100000 0.859919 0.100000 0.100000 0.100000 0.375982 0.100000 0.100000 1.099822 0.843310 0.417737 0.283492 1.067219 0.996114 0.612430 0.100000 0.100000 0.672933 0.649068 0.100000 0.394182 0.284267 1.670840 1.103330 1.102360 0.100000 0.223639 0.100000 0.193787 0.765307 0.100000 0.100000 1.425338 0.401325 0.100000 0.100000 0.100000 0.100000 
0.109419 0.100000 0.676754 0.744025 0.829537 0.684968 0.183961 0.206418 0.988271 0.178581 0.347076 0.452351 0.285222 0.100000 1.380200 0.619388 0.100000 0.443477 0.100000 0.511490 0.304352 0.360451 0.699758 0.402401 0.100000 0.364269 0.100000 0.532840 0.618646 0.917311 0.275529 0.415812 0.347254 0.545022 1.523071 0.540076 0.321180 1.102412 1.151538 0.100000 0.100000 1.254000 0.100000 1.188647 0.100000 0.801676 0.171035 0.140589 1.583463 0.818346 0.911098 0.100000 0.422409 0.186092 0.100000 0.100000 0.238170 0.159867 0.539450 0.578098 0.171703 0.770016 0.100000 0.100000 0.100000 0.100000 0.629399 0.679985 0.681745 0.212776 0.100000 0.338429 0.144000 0.432907 
0.498600 0.665634 0.542125 0.776572 1.517954 0.393077 0.100000 1.514850 0.100000 0.100000 0.918591 1.134133 0.734000 0.100000 0.558511 0.950220 0.694519 0.320106 0.111686 0.909308 0.100000 0.118239 0.100000 1.062629 0.379759 1.067428 0.100000 0.874392 0.425928 0.100000 0.686679 0.266364 0.126241 0.612762 0.695153 1.245421 0.300027 1.026901 0.912367 0.100000 0.196609 0.531622 0.517968 0.678500 0.488705 0.100000 0.340504 0.450859 2.003007 0.100000 0.100000 0.516768 0.100000 0.100000 0.468504 0.100000 0.228057 0.108633 0.145735 0.100000 0.496110 1.070260 0.614781 0.100000 0.561000 0.262470 0.398620 0.104655 0.638561 0.328274 0.100000 0.100000 0.100000 0.100000 
0.795935 0.100000 0.715809 0.569565 0.100000 0.264800 0.217664 0.543015 1.032506 0.881270 0.475526 0.514711 0.373531 0.311495 0.914504 0.100000 0.359447 0.105253 0.100000 0.591051 0.100000 0.100000 0.903535 0.726297 0.100000 1.081413 0.100000 0.526726 0.113068 0.100000 0.699392 0.100000 1.282540 0.100000 1.136449 0.728089 0.100000 1.229711 0.285332 0.100000 0.967745 0.100000 0.168684 0.417497 0.819550 0.100000 0.429258 1.182746 0.469974 1.142536 0.555120 0.100000 0.100000 0.729083 0.100000 0.100000 0.318244 0.170916 0.158817 0.100000 0.638486 1.145522 0.100000 0.518588 0.100000 0.100000 0.100000 1.193888 0.521740 0.245291 0.100000 0.100000 0.617221 0.384608 
0.651889 0.100000 0.740391 0.490010 0.648826 0.652609 0.100000 0.715539 1.039554 1.237421 0.243889 0.100000 0.691754 0.662540 0.100000 0.215507 0.100000 0.100000 0.100000 0.198985 0.100000 0.173428 0.100000 0.359596 0.305365 0.100000 1.081585 0.100000 0.524330 0.100000 0.534217 0.505410 0.538609 0.485518 1.464291 0.820690 0.171070 0.713760 1.150280 0.100000 0.117784 0.311624 0.423642 0.632516 0.366961 0.613208 0.399326 0.175572 0.872174 0.711555 1.347570 0.594893 0.285759 0.608165 0.100000 0.719189 0.740212 0.819805 1.673967 0.100000 0.698845 0.751155 0.981553 0.100000 0.502792 0.903938 0.707832 0.371723 1.149633 0.488815 0.100000 0.100000 0.106329 0.566243 
0.100000 0.100000 1.119186 1.012447 1.170444 0.357070 0.100000 1.350744 0.404726 0.512086 0.100000 0.989548 0.100000 0.100000 0.347020 0.456811 0.100000 0.906270 0.100000 0.595965 0.729156 0.423205 0.228948 0.100000 0.100000 0.894767 0.100000 0.746970 1.083830 0.565231 1.408560 0.100000 0.100000 0.355530 0.100000 0.256672 0.100000 1.436026 0.630235 0.146593 0.100000 0.941203 0.748362 0.105135 1.484389 0.100000 0.558553 1.700438 0.673790 0.813349 1.502143 0.760541 0.232606 0.362578 0.100000 0.100000 0.900988 0.109025 0.784951 0.895137 0.952366 0.278799 0.633012 0.100000 0.100000 0.100000 0.698459 0.117741 0.931898 0.831010 0.100000 0.419221 0.100000 0.100000 
