87 Number of operations
27 Number of workers
Standard production times
0.436826 0.198809 0.331604 0.391055 0.455688 0.283821 0.369697 0.170513 0.277800 0.162097 0.574453 0.396892 0.633336 0.100000 0.551241 0.100000 0.330241 0.100000 0.539262 0.512992 0.495972 0.340811 0.315938 0.228077 0.318417 0.649516 0.100000 0.100000 0.538062 0.585624 0.717307 0.480261 0.146062 0.493841 0.660772 0.646257 0.445896 0.454722 0.266643 0.360484 0.497204 0.572092 0.100000 0.238532 0.100000 0.618461 0.282133 0.597837 0.392383 0.644536 0.657231 0.431644 0.169275 0.413947 0.588501 0.278597 0.308175 0.396599 0.569202 0.402256 0.238324 0.288863 0.302463 0.464080 0.450278 0.274325 0.171269 0.118233 0.100000 0.577667 0.456585 0.653838 0.442652 0.454075 0.641237 0.267259 0.435319 0.449011 0.525447 0.328855 0.654341 0.435189 0.258507 0.273181 0.373264 0.127782 0.139955 
Production times: workers row and ops columns
0.286723 1.277884 0.768747 0.100000 0.415818 0.566064 0.986433 0.245006 0.100000 0.100000 0.896984 0.553422 0.375012 0.100000 0.343142 0.462329 0.100000 0.343207 0.965022 0.756117 0.100000 1.013307 0.100000 0.441295 0.100000 0.100000 0.212875 0.243518 0.499342 0.723659 0.393102 0.111529 0.100000 1.448480 1.068179 0.386261 0.725253 0.215539 0.100000 0.790126 0.234572 0.100000 0.100000 0.282739 0.164004 1.239269 0.100000 0.963570 0.605366 0.570030 1.075153 0.677703 0.100000 0.949789 0.100000 0.308405 0.309397 0.608917 0.206486 0.384784 0.168014 0.787407 0.100000 0.500453 0.319657 0.100000 1.509325 0.100000 0.100000 1.281981 0.100000 0.839273 0.874068 0.129859 0.425792 0.100000 0.370639 0.100000 0.100000 0.258462 1.173817 0.751061 1.123216 0.620208 0.117699 0.100000 0.100000 
0.100000 0.100000 0.466901 0.714970 0.175501 0.100000 0.100000 0.106632 0.401884 0.384987 0.183099 1.391136 1.230866 0.100000 0.287647 0.100000 0.405806 0.100000 0.781027 0.897475 1.179094 0.914443 0.260824 0.422202 0.124854 0.355906 1.055413 0.100000 1.533431 0.411107 0.843720 1.024966 0.158023 0.690404 0.540079 0.408494 0.363008 0.129863 1.082335 0.276635 1.358539 0.100000 0.109210 0.519508 0.100000 1.165787 0.601979 0.460537 0.609887 2.050476 0.783229 0.581395 0.100000 0.480695 0.100000 0.179452 1.536969 0.930207 0.889913 0.954217 1.179201 0.585657 1.337903 0.998979 0.533537 1.134063 0.100000 0.100000 0.232894 0.121622 0.378556 0.334443 0.115445 1.810039 0.954974 0.240285 1.092903 0.330342 0.968117 0.504263 1.467628 0.100000 0.641368 0.334306 0.100000 0.660492 0.100000 
1.246445 0.455355 0.679346 0.431284 0.907952 0.100000 0.407061 0.100000 0.419130 0.138518 0.882742 0.100000 1.552912 1.257929 0.447099 0.100000 0.474020 0.732043 1.487713 0.100000 0.188418 0.100000 0.100000 0.100000 0.499819 0.100000 0.851631 0.554159 0.100000 0.100000 0.411115 1.180244 0.100000 0.100000 0.636060 0.832952 0.117268 1.264437 0.386872 0.587003 0.100000 0.552227 0.100000 0.100000 0.243829 0.100000 0.267740 0.100000 1.402208 0.807668 1.087910 0.891148 0.100000 0.100000 0.423712 0.727172 0.353693 0.789315 1.037519 0.100000 0.382166 1.272100 0.100000 0.100000 0.334325 0.100000 0.380460 0.100000 0.145358 0.100000 0.883567 1.447272 1.091591 0.100000 0.800835 0.100000 0.576912 0.416831 0.100000 0.500752 0.723348 0.904940 0.322162 0.390695 0.100000 0.100000 0.100000 
0.585248 0.195660 1.082049 0.100000 0.335872 0.411362 0.253948 0.418303 0.100000 0.872268 0.414658 0.954864 0.618185 0.845761 0.100000 0.358399 0.113953 0.215700 1.135665 0.100000 0.100000 0.100000 0.443132 0.100000 0.366714 0.100000 0.100000 0.100000 0.728361 0.272417 0.471285 0.459339 0.100000 0.100000 0.445721 0.688739 0.994786 1.477888 0.600137 0.400030 0.100000 0.616618 0.489448 0.870854 0.100000 0.736664 0.689935 1.528243 0.520178 0.373785 0.312431 0.252924 0.100000 0.827215 1.123153 0.641026 0.904268 0.169715 0.759370 0.209925 0.260153 0.901356 0.287596 0.100000 0.323870 0.100000 0.100000 0.100000 0.580312 1.418122 0.212082 1.155106 1.031763 0.100000 0.621555 0.245029 0.521512 0.100000 0.350876 0.857766 1.285442 1.350870 0.100000 1.207935 0.706216 0.100000 0.520760 
0.260686 0.458347 0.280342 0.995175 0.583968 0.142569 0.852180 0.298624 0.100000 0.800734 0.370280 0.100000 0.363549 0.100000 0.274637 1.030439 0.100000 0.104209 0.100000 0.207316 1.255318 0.788989 0.100000 0.231187 0.100000 0.257413 0.100000 0.100000 0.701037 0.884021 0.961428 0.395543 0.100000 0.460286 0.198625 1.086907 0.724118 0.828167 0.100000 0.100000 0.976152 1.185252 0.100000 0.307490 0.696626 0.100000 1.165975 0.423321 0.100000 1.330365 0.804497 0.105075 0.609169 0.100000 1.496154 0.100000 0.451167 0.197291 0.787318 0.846219 0.100000 0.682044 0.155447 0.120150 0.338256 0.100000 0.100000 0.592800 0.100000 1.148434 0.672464 0.140854 0.100000 0.110454 0.773300 0.271666 0.100000 0.955417 0.100000 0.100000 0.717988 1.532070 0.465474 0.100000 0.669592 0.469480 0.608883 
0.231893 0.100000 0.390713 0.598693 1.254806 1.328646 0.100000 0.100000 0.246013 0.100000 0.817348 0.639760 0.762285 0.772036 0.471985 0.100000 0.100000 0.100000 0.100000 0.100000 0.827566 0.433445 0.104542 0.100000 0.100000 0.189656 1.023955 0.100000 0.608968 0.957443 0.785373 0.321859 0.530099 0.100000 0.938544 1.361605 0.100000 0.100000 0.334613 0.855271 1.166778 0.912405 0.100000 0.100000 0.221489 0.817590 0.100000 0.627732 0.558502 1.167068 0.161950 0.710126 0.100000 0.200654 0.549362 1.037556 1.965327 0.523372 0.816848 0.906027 0.100000 0.671695 0.100000 1.278636 1.172024 0.525095 0.100000 0.952245 0.229844 0.632789 0.746357 0.100000 0.656902 0.952129 0.810737 0.339889 0.100000 0.770789 0.625681 0.333387 0.372738 0.863274 0.882099 0.467254 0.821638 0.790794 0.934035 
0.549651 0.100000 0.124131 0.397929 0.731671 0.752912 0.156326 0.245442 0.100000 0.794079 0.378723 0.575852 0.273651 0.100000 0.208243 0.952483 0.509923 0.100000 0.100000 0.207842 0.780325 1.173774 0.100000 0.100000 0.230523 0.335382 0.100000 0.109655 0.913584 0.100000 0.822787 0.962598 0.636226 0.283906 1.813146 0.923813 0.100000 0.946871 0.100000 0.808119 0.100000 0.967363 0.100000 0.804676 0.470339 0.842065 0.311449 1.141345 0.100000 0.860814 0.863948 0.712719 0.582390 2.265176 0.646892 0.680847 0.384360 1.182933 0.100000 1.251230 0.100000 0.100000 0.100000 0.376821 0.547400 0.251379 0.579678 0.100644 0.100000 0.100000 0.700257 1.158959 0.232316 0.100000 0.100000 1.104040 0.132216 0.116719 0.115721 0.669297 0.360419 0.100000 0.100000 0.219282 0.873738 0.100000 0.581065 
0.524539 0.272727 0.421090 0.408276 0.968791 0.527748 0.100000 0.234823 0.239818 0.404562 0.664611 0.604181 0.100000 0.289796 1.208047 0.100000 1.130707 0.248536 0.435388 0.100000 1.039771 0.100000 0.100000 0.501029 0.100000 0.156099 0.100000 0.100000 0.832331 0.787128 0.921009 0.308171 0.216297 0.148821 1.659609 0.743620 0.100000 0.100000 1.067295 0.100000 0.278357 0.773904 0.100000 0.771834 0.939542 0.206091 0.846781 0.152225 0.100000 0.767379 0.776197 0.133626 0.590288 0.100000 0.160668 0.100000 0.687357 0.798550 0.902673 0.100000 0.304708 0.517690 0.100000 0.100000 0.773209 0.626152 0.298886 0.389271 0.262048 0.652626 0.401957 0.218122 0.319878 0.252618 1.800124 0.397380 0.429972 0.333022 0.467844 0.192722 0.926693 0.420466 0.664047 0.100000 0.548381 0.566360 0.100000 
0.520711 0.322343 0.164230 0.147475 0.100000 0.858232 0.100000 0.100000 0.606757 0.100000 1.056089 0.614001 0.932381 0.100000 0.100000 0.100000 1.058647 0.100000 0.280922 1.304074 0.180271 0.221831 0.197439 0.159347 0.100000 0.369409 0.742745 0.480547 0.100000 0.100000 0.884126 0.423784 0.100000 1.015211 0.100000 1.246053 0.511692 0.728925 0.393328 0.783554 0.372038 0.300963 0.490786 0.326083 0.100000 1.293268 0.887515 1.318556 0.432231 0.819803 0.466460 0.100000 0.202012 0.502201 0.257120 1.193445 0.100000 0.100000 0.233517 1.047859 0.110029 0.126394 0.100000 0.100000 0.100000 0.782093 0.475714 0.613250 0.100000 1.833626 0.100000 0.100000 0.296597 0.522635 1.019407 0.100000 0.730747 1.302937 0.100000 0.100000 0.100000 0.555659 0.687214 0.656652 0.790075 0.835855 0.203676 
0.913212 0.100000 0.100000 0.511488 0.100000 0.569673 1.057223 0.372281 0.100000 0.100000 1.257136 0.100000 0.677995 0.100000 0.577752 0.648185 0.100000 0.100000 1.265130 0.624499 0.858837 0.331122 0.704750 0.860446 1.001580 0.512789 0.100000 0.297434 0.641648 0.868523 0.361838 0.100000 0.371072 0.884464 0.982279 1.475978 0.872011 0.260555 0.759356 0.318017 1.124847 0.691085 0.326755 0.352394 0.127253 0.100000 0.311003 0.100000 0.641284 1.140496 1.682783 0.618682 0.100000 0.100000 1.562386 0.100000 0.755937 0.100000 0.543458 0.743868 0.400942 0.268093 0.100000 0.100000 0.954592 0.492190 0.100000 0.221646 0.100000 1.088813 1.087072 0.263913 0.493663 0.978199 0.320322 1.284548 1.190634 0.309573 1.014833 1.159953 0.100000 0.744801 0.186332 0.164913 0.728417 0.100000 0.100000 
0.100000 0.188941 0.646055 0.379117 0.379390 0.268423 1.014354 0.435740 0.100000 0.100000 1.176798 0.106741 0.435968 0.100000 0.100000 0.551184 0.100000 0.825686 0.321683 0.100000 0.637104 0.100000 0.584613 0.614889 0.100000 0.455068 0.574372 0.100000 0.549314 0.759433 1.497287 0.228724 0.163403 1.059845 0.100000 0.511778 0.100000 0.100000 1.245128 0.466124 1.238948 0.451387 0.370226 0.100000 0.100000 0.581142 0.346299 1.364472 0.293969 0.834456 0.528770 0.504078 0.100000 0.959658 0.328063 0.299364 0.201100 0.888923 0.830035 0.408753 0.325824 0.460583 0.680736 0.717560 1.092881 1.083537 0.478477 0.100000 0.973921 1.652622 0.274535 0.446839 0.100000 0.843697 0.137307 1.181995 0.100000 0.485210 0.862688 0.127711 0.256610 0.559805 0.100000 0.101549 0.353574 0.100000 0.100000 
0.830252 0.100000 0.414571 0.100000 0.912322 0.100000 0.847917 0.100000 0.100000 0.100000 1.081330 0.531154 0.100000 0.100000 1.219613 0.100000 0.605678 0.100000 0.100000 0.790658 1.640244 0.100000 0.601130 0.100000 0.932475 0.410092 0.100000 0.100000 0.316841 0.664584 1.391860 0.100000 0.621265 0.306488 0.500405 0.155224 0.100000 0.100000 1.060016 0.100000 0.258188 1.102812 0.100000 0.436525 0.100000 0.685781 0.688567 0.495080 0.267215 0.980839 0.949459 0.100000 0.100000 0.100000 1.207667 0.100000 0.374796 1.243144 0.946118 0.231595 0.100000 0.100000 0.738904 0.612357 0.427160 1.557759 0.100000 0.100000 0.100000 0.669323 0.594731 0.501257 0.794958 0.707718 0.473334 0.100000 0.811743 0.100000 0.175634 0.231433 0.100000 0.100000 0.258761 0.100000 0.492653 0.100000 0.100000 
0.100000 0.100000 0.430339 0.223175 0.100000 0.143842 0.398792 0.692158 0.213251 0.100000 0.100000 1.349356 0.115950 0.100000 0.433554 0.100000 0.825235 0.149960 0.742947 0.100000 0.201946 0.730271 0.729495 1.608180 0.831051 0.100000 0.108965 0.100000 1.051955 0.508344 0.930196 0.289615 0.420290 1.195000 0.325047 0.100000 0.100000 1.207474 0.349623 0.185089 0.100000 1.069616 0.216939 0.155292 0.100000 0.514072 0.100000 0.857527 1.002829 0.100000 0.100000 0.356676 0.182911 0.100000 0.251346 0.100000 0.100000 0.137583 0.499061 0.817273 0.581442 0.558228 0.413099 0.100000 0.181446 0.593746 0.201548 0.491061 0.205875 0.581435 0.650534 0.100000 0.336331 0.133344 1.037198 0.100000 0.524583 0.206206 0.734378 0.658914 0.520028 0.457176 0.315682 0.629144 0.177641 0.115239 0.100000 
0.100000 0.252118 0.509516 0.100000 1.207387 0.100000 0.706188 0.321029 0.100000 0.111422 0.100000 0.305157 0.932811 0.985427 0.905157 0.100000 0.115531 0.812289 0.590632 1.357901 0.100000 0.100000 0.100000 0.100000 0.907414 0.144509 0.477618 0.289364 0.892427 0.415587 0.688500 1.509667 0.100000 0.833703 1.381631 0.836320 1.234030 0.100000 0.100000 0.100000 0.245035 0.473986 0.296678 0.100000 0.491961 0.100000 0.716915 0.424483 0.100000 0.100000 0.100000 0.100000 0.173954 1.020071 0.926784 0.100000 0.100000 0.187289 0.100000 0.253400 0.100000 1.513025 0.100000 0.557361 1.314609 0.100000 0.100000 0.892061 0.100000 0.100000 0.100000 0.783610 0.760309 0.320479 1.666409 0.100000 0.366599 0.228593 1.077407 0.271416 0.394904 1.222431 0.849810 0.723580 0.100000 0.100000 0.100000 
0.257225 0.100000 0.173133 0.672567 0.100000 0.365559 0.129191 0.100000 0.100000 0.497009 0.679759 0.100000 0.767684 0.138190 0.731703 0.100000 0.808753 0.271022 0.100000 0.100000 0.100000 0.526256 0.100000 0.100000 0.271464 1.256337 1.188867 0.100000 1.532825 0.855754 1.318099 0.335666 0.100000 0.733592 1.306590 0.100000 0.412727 0.562131 0.564054 0.100000 0.214278 1.036570 1.004978 0.288017 0.589739 0.702263 0.497323 0.401845 0.275767 0.354201 0.705340 0.983973 0.262952 0.741339 0.265092 0.636603 0.100000 0.100000 0.397525 0.100000 0.519309 0.389559 0.100000 0.507970 0.100000 0.100000 0.100000 0.100000 0.621554 0.242867 0.966650 0.576647 0.595570 0.100000 0.483901 0.100000 0.550378 1.136572 0.240557 0.244451 0.832713 0.864837 0.200821 0.100000 0.100000 0.130165 0.260082 
0.100000 0.100000 0.711322 0.377576 0.167556 0.638090 0.726212 0.476772 0.611629 0.100000 0.676556 0.554384 0.694326 0.100000 0.541849 0.275958 0.577959 0.100000 0.555566 0.100000 0.100000 0.100000 0.201390 1.041228 1.194730 0.100000 0.425998 0.730460 0.386122 0.100000 1.429887 0.301563 0.100000 1.351089 0.897097 1.070323 1.250110 0.383335 0.100000 0.760164 0.504651 0.953033 0.311571 0.100000 0.127688 0.465849 0.180610 0.594315 0.585659 0.767153 0.100000 0.767780 0.100000 1.544362 0.227494 0.270141 1.000371 0.318826 0.100000 0.100000 0.401975 0.517569 0.740021 0.622826 0.231861 0.533446 0.915019 0.100000 1.912644 0.391157 1.106325 1.621260 0.922226 0.628330 1.025841 0.958348 0.100000 0.701071 0.343955 0.100000 0.733689 0.544744 0.525147 0.100000 0.955270 0.100000 0.100000 
0.100000 0.261266 0.100000 0.663175 0.100000 0.932719 0.745001 0.100000 0.100000 0.100000 0.100000 1.018124 1.012100 0.100000 1.495257 0.100000 0.100000 0.644776 1.192456 0.516528 0.100000 0.959631 0.100000 0.219542 0.554194 0.802990 0.100000 0.100000 0.915715 0.100000 0.883620 0.616121 0.410527 0.310406 0.772119 1.044922 0.100000 0.483044 0.458590 0.100000 0.100000 1.365465 0.621423 0.100000 0.463336 0.824957 0.987622 1.171767 0.100000 0.496806 1.349180 1.253118 0.100000 0.100000 0.719258 0.100000 0.302339 0.100000 0.955003 0.690445 0.470683 0.100000 0.100000 0.100000 0.700781 0.100000 0.502518 1.007827 0.100000 0.486329 0.951333 1.113857 0.135618 0.368862 0.704911 0.137236 0.727992 0.617722 1.183164 0.100000 1.251113 0.848365 0.196487 0.486448 0.866738 0.283314 0.100000 
0.583050 0.100000 0.100000 0.100000 0.100000 0.384293 0.772419 0.298747 1.012250 0.124056 0.259179 0.100000 0.189781 0.100000 1.246544 0.100000 0.615030 0.103054 0.969198 0.290537 0.872644 0.106896 0.647706 0.100000 0.582864 1.040718 0.100000 0.545496 0.100000 1.102979 0.739441 0.848986 0.358809 0.100000 1.463197 1.283948 0.100000 0.768690 0.529611 0.100000 0.100000 1.247607 0.100000 0.727693 1.088206 0.898448 0.100000 1.128025 0.100000 0.229143 2.160631 0.100000 0.383533 0.100000 0.566869 0.418335 0.100000 0.107278 0.938906 0.874350 0.444935 0.100000 0.537047 0.254514 0.100218 0.309619 1.345568 0.100000 0.654996 0.739122 0.100000 0.231486 0.391049 0.250817 0.805034 0.100000 0.100000 0.983799 0.541408 0.100000 0.685803 1.384487 0.100000 0.100000 0.871751 1.140230 0.799408 
0.100000 0.100000 0.989328 0.326643 0.732585 0.213964 1.232244 0.228397 0.140150 0.252316 0.100000 0.496509 0.605110 0.100000 0.100000 0.100000 0.100000 0.288750 1.112493 0.682344 0.100000 0.100000 0.711579 0.100000 0.270844 0.100000 0.100000 1.207390 0.233071 0.486758 0.141499 1.240897 0.100000 0.407263 0.675956 0.631752 1.145833 0.100000 0.570454 0.100000 0.281126 0.250750 0.299798 0.100000 0.100000 0.883973 0.100000 0.343360 0.564260 0.672198 0.472821 0.441322 0.100000 0.824056 0.100000 0.100000 0.501089 0.100000 0.100000 0.272004 0.568787 0.100000 0.100000 0.224995 0.612043 0.100000 0.262937 0.768217 0.100000 0.361512 0.100000 0.243203 0.100000 0.100000 0.317721 0.401197 0.643241 0.199027 0.650613 0.100000 1.651706 1.634728 0.163860 0.489896 0.387212 0.481136 0.100000 
0.100000 0.566881 0.100000 0.531408 0.100000 0.100000 0.825744 0.940562 0.165904 0.100000 0.689055 0.100000 0.100000 0.100000 0.100000 0.279419 0.100000 0.159862 0.100000 0.103414 0.743965 0.986101 0.698979 0.384703 0.100000 0.898769 0.130350 0.100000 1.152260 0.165851 1.559566 0.121346 0.100000 0.408782 0.100000 0.375841 0.449058 0.100000 0.100000 0.100000 0.240996 1.104233 0.100000 0.107411 0.175070 0.100000 0.358107 0.300867 0.100000 0.100000 0.303879 0.910663 0.734999 0.228787 0.586059 0.100000 0.100000 0.100000 1.384551 0.100000 0.308894 1.029843 0.100000 0.350611 0.553352 0.100000 0.269756 0.100000 0.641563 0.799091 0.100000 0.100000 0.103144 0.131856 0.255865 0.715083 0.100000 0.207898 0.583949 0.100000 0.858675 0.714553 0.947500 0.100000 0.133551 0.225922 0.100000 
0.100000 0.645904 0.185575 0.561264 0.100000 0.758892 0.193049 0.100000 0.669639 0.712610 0.106987 0.892560 1.441131 0.230355 0.100000 0.384091 0.862776 0.100000 1.375086 0.416779 0.438340 0.890306 0.422873 0.854523 0.315642 0.846933 0.114851 0.222636 0.832853 0.830596 0.569881 0.951894 0.106216 1.098111 0.972894 0.605650 0.100000 0.479474 0.963517 0.460003 0.987161 0.533565 0.100000 0.100000 0.100000 0.778249 0.303599 0.575249 0.784557 0.154571 1.506718 0.100000 0.295804 0.100000 0.452833 0.856902 0.100000 0.485704 0.622762 0.490545 0.364147 0.688154 0.547678 0.650492 0.894307 0.603524 0.104917 0.100000 0.494411 0.402721 1.275478 0.370725 0.100000 1.016463 0.265145 0.100000 1.019465 0.100000 1.178498 0.100000 0.852809 0.541154 0.100000 0.259627 0.157207 0.184569 0.399307 
1.219147 0.100000 0.275239 1.460952 0.811358 0.657780 0.100000 0.100000 0.100000 0.100000 0.812107 1.757340 0.100000 0.100000 0.858010 0.227947 0.883516 0.100000 0.100000 1.549792 0.707744 0.100000 0.134364 0.187616 0.100000 1.025229 0.163422 0.100000 0.197850 1.394036 0.662196 0.100000 0.100000 0.100000 0.988321 1.372383 0.100000 0.100000 0.262233 0.315458 0.906520 0.194787 0.131758 0.100000 0.100000 0.322444 0.100000 0.840794 0.980955 0.100000 1.476750 0.100000 0.100000 0.955927 0.100000 0.100000 0.100000 0.416991 1.090739 0.932015 0.100000 0.645709 0.100000 1.191216 0.294787 0.788010 0.100000 0.490843 0.100000 0.616957 0.100000 0.567711 0.100000 0.100000 0.748652 0.648472 0.481664 0.592480 0.875985 0.928466 1.154240 0.627647 1.248207 0.100000 0.764285 0.100000 1.327282 
0.303355 0.267928 1.012891 0.285077 0.100000 0.100000 0.222693 1.182107 0.350127 1.016984 0.976473 0.159308 0.100000 0.100000 0.846396 0.100000 0.400650 0.373044 0.340025 0.100000 0.311459 0.605329 0.100000 0.100000 0.100000 0.506265 0.100000 0.100000 0.100000 0.571137 0.372078 0.100000 0.100000 0.100000 0.319898 0.683498 0.615802 0.435684 0.347045 0.100000 0.862058 0.945815 0.407828 0.100000 0.100000 0.351556 0.100000 0.395279 0.100000 0.100000 0.905243 0.675958 0.557463 0.164443 0.572750 0.516380 0.100000 0.100000 1.663721 0.997257 0.841662 0.311298 0.100000 0.485690 0.576715 0.100000 0.100000 0.384615 0.841546 0.871091 0.245244 0.100000 1.450712 0.509632 1.019567 0.279153 0.100000 1.531277 0.856945 0.937446 0.257975 0.417609 0.938796 0.100000 0.100000 0.100000 0.100000 
0.848304 0.166034 0.100000 1.150330 1.092035 0.858969 0.100000 0.220231 0.924395 0.100000 0.170869 0.274239 0.100000 0.205639 1.044734 0.430186 1.076138 0.145006 0.522068 0.416543 0.143257 0.100000 0.100000 0.183188 0.100000 0.699980 0.136578 0.417179 0.277050 0.100000 0.232553 1.434775 0.519895 0.287016 0.555783 0.600773 0.208450 0.550939 0.608629 0.969413 0.314367 0.425222 0.100000 0.252055 0.630884 0.239463 1.385619 0.875235 0.947935 0.192918 0.469517 0.169333 0.192825 0.100000 0.838414 0.100000 0.499190 0.910449 0.545046 0.322762 0.161134 0.186704 0.444012 0.930756 0.788234 1.042156 0.237056 0.100000 0.100000 0.100000 0.290656 0.388014 1.367154 0.749575 1.574727 0.100000 0.623217 1.001729 0.727177 0.139179 0.780934 0.528309 0.367612 0.449629 0.890945 0.286368 0.330922 
0.494067 0.476416 0.100000 0.732221 0.349956 0.765385 0.133797 0.201369 0.249436 0.100000 1.156436 0.643245 0.712711 0.774112 0.448848 0.151019 0.941944 1.377937 0.643540 1.381341 0.645378 0.100000 0.629724 0.906403 0.478836 0.944279 0.100000 0.100000 0.713736 0.100000 0.722612 0.187876 0.247297 0.943361 0.100000 0.579078 0.375733 1.125011 0.298633 0.100000 0.205728 1.464679 0.100000 0.259215 0.228929 0.100000 0.100000 0.100000 0.100000 0.968026 0.760805 0.100000 0.880859 0.100000 0.112890 1.075553 0.538720 0.358633 1.312528 0.365180 0.411285 0.100000 0.242357 0.428910 0.998408 0.100000 0.100000 0.100000 0.100000 0.921570 0.259393 0.477109 0.739967 0.284010 0.683741 0.121169 0.100000 0.745480 1.254954 0.905350 0.673877 0.553994 0.437476 1.009271 0.952463 0.100000 0.100000 
0.318079 0.100000 0.100000 0.301678 0.100000 0.438946 0.110770 0.100000 0.148101 0.100000 1.133538 0.100000 0.626980 0.230179 0.100000 0.100000 0.476280 0.100000 0.100000 0.100000 0.757823 1.043921 0.100000 0.450261 0.820811 1.107317 0.100000 0.328987 0.844562 1.809153 0.797888 0.974197 0.530899 0.798612 0.162742 0.779850 1.175991 0.269465 0.381612 0.100000 0.631593 0.745682 0.444102 0.100000 0.100000 0.348358 0.419935 0.690132 1.493827 0.343587 0.998331 0.172548 0.100000 0.944158 0.799651 0.543072 0.100000 1.661891 1.585736 0.100000 0.100000 0.100000 0.425613 0.100000 0.591831 0.100000 1.515234 0.100000 0.100000 1.557053 0.623968 0.664654 0.430159 0.734353 0.439338 0.329060 0.176598 0.100000 0.375526 0.416227 1.432045 0.549898 0.100000 0.339642 0.666466 0.100000 0.100000 
0.100000 0.100000 0.100000 0.332601 0.482915 0.350795 1.011563 0.394612 0.472256 0.100000 1.522370 1.033886 0.361319 0.100000 0.938079 0.595229 0.188238 0.657269 0.100000 0.450648 1.002573 0.100000 0.403162 0.237555 0.209340 0.100000 0.100000 0.203833 0.654366 0.974275 1.191453 0.330860 0.100000 1.333294 1.114668 0.683255 0.369076 0.997901 0.812819 0.347929 0.748890 0.621283 0.113192 1.175717 0.100000 1.019030 0.100000 0.290756 0.834705 0.100000 0.229058 0.100000 0.100000 0.589411 1.183179 0.100000 0.779300 0.100000 1.630026 0.202943 0.100000 0.431435 0.357642 0.389894 0.100000 0.691495 0.520018 0.100000 0.100000 0.702363 0.997239 0.100000 0.100000 0.490174 0.236626 0.100000 0.376060 0.819363 0.896908 0.800098 1.087359 0.119277 0.100000 0.417148 0.583074 0.336361 0.100000 
