71 Number of operations
23 Number of workers
Standard production times
0.436826 0.198809 0.331604 0.391055 0.455688 0.283821 0.369697 0.170513 0.277800 0.162097 0.574453 0.396892 0.633336 0.100000 0.551241 0.100000 0.330241 0.100000 0.539262 0.512992 0.495972 0.340811 0.315938 0.228077 0.318417 0.649516 0.100000 0.100000 0.538062 0.585624 0.717307 0.480261 0.146062 0.493841 0.660772 0.646257 0.445896 0.454722 0.266643 0.360484 0.497204 0.572092 0.100000 0.238532 0.100000 0.618461 0.282133 0.597837 0.392383 0.644536 0.657231 0.431644 0.169275 0.413947 0.588501 0.278597 0.308175 0.396599 0.569202 0.402256 0.238324 0.288863 0.302463 0.464080 0.450278 0.274325 0.171269 0.118233 0.100000 0.577667 0.456585 
Production times: workers row and ops columns
0.509357 0.782750 0.319552 0.100000 0.100000 0.100000 0.100000 0.100000 0.100000 0.350744 0.287099 0.342164 0.972872 0.100000 0.401138 1.179075 0.767384 0.100000 0.499392 0.795235 1.112708 0.415304 0.100000 0.100000 0.640948 0.806046 0.100000 0.100000 0.329963 0.947953 0.372327 0.723468 0.571822 0.736966 0.243652 1.318753 0.106790 0.667939 0.100000 0.100000 0.610079 0.715609 0.100000 0.376566 0.100000 0.249728 0.198088 1.552475 0.799790 0.384541 0.936588 0.192462 0.100000 0.843589 0.325868 0.100000 0.100000 0.440807 0.633206 1.023064 0.100000 0.654596 0.515447 0.389573 0.868200 0.520384 0.100000 0.654075 0.100000 0.607475 0.457807 
0.649143 0.100000 0.314132 0.320745 0.954232 0.100000 0.406070 0.100000 0.100000 1.500153 0.538844 0.100000 1.337650 0.100000 0.736676 0.531416 0.100000 0.100000 0.269127 0.448312 0.100000 0.100000 0.245545 0.747553 0.634289 1.514224 0.447026 0.100000 0.476641 0.100000 0.236920 0.100000 0.281359 0.817756 0.380585 0.352006 0.100000 0.390841 0.390727 0.583375 0.105850 1.566336 0.697529 0.190913 0.100000 0.457669 0.357698 0.588523 0.634147 1.029019 1.340353 1.005276 0.114161 0.608072 0.394937 0.100000 1.263589 0.166676 1.564571 0.227738 0.364737 0.833568 0.314424 0.660643 0.329585 0.100000 0.100000 0.100000 0.915691 0.493818 1.317920 
0.100000 0.208019 0.612580 0.244145 1.003015 0.603667 0.232397 0.388018 1.683739 0.288094 0.724204 0.176896 0.700085 0.100000 0.452096 1.328794 0.863849 0.420710 1.091223 1.453870 0.792766 1.376250 0.850837 0.311337 1.178155 0.100000 0.100000 0.232894 0.100000 0.507595 0.397912 0.153054 1.502025 0.807578 0.633798 1.303840 0.327228 0.897391 0.442051 1.173771 0.100000 0.954952 0.161125 0.100000 0.632710 0.182273 1.091752 0.854383 0.740125 0.684765 1.109495 0.100000 0.206639 0.100000 0.729831 0.255019 0.616464 0.100000 1.488778 1.560185 0.134182 0.281376 0.446242 1.096123 1.398728 0.100000 0.100000 0.100000 0.100000 0.100000 0.637987 
0.100000 0.950440 0.785763 0.100000 0.100000 0.100000 1.069680 0.100000 0.100000 0.137385 0.761148 0.100000 1.443052 0.220228 0.777760 0.100000 0.310376 0.100000 0.100000 0.656821 0.100000 0.326418 0.100000 1.237903 0.481548 1.080194 0.559504 0.100000 0.100000 0.420835 1.165882 0.525778 0.538778 0.962158 0.100000 0.790099 1.429134 0.169455 0.100000 0.244532 0.264870 0.781282 0.100000 0.283890 0.100000 1.045443 1.075566 1.246776 0.100000 0.804135 0.100000 0.573237 0.137095 0.100000 0.760398 0.347604 0.777927 0.460253 0.686716 0.100000 0.100000 0.100000 0.450886 0.460931 1.200723 0.100000 0.100000 0.245773 0.100000 0.825457 0.171304 
1.146997 0.100000 0.889577 0.375903 1.201449 0.100000 0.628096 0.100000 0.393500 0.758499 0.100000 0.100000 0.134153 0.227194 0.100000 0.148297 0.100000 0.100000 0.354673 0.703291 0.182765 0.100000 0.295016 0.100000 0.100000 0.434465 0.142482 0.648890 1.561229 0.919118 0.756853 0.100000 0.190589 0.883290 1.293094 0.206001 0.564099 0.862524 1.197049 0.488279 0.226452 0.227292 0.100000 0.100000 0.513268 1.153114 0.644562 1.193930 0.165499 0.834704 0.464900 0.453473 0.781768 0.399079 0.100000 0.152189 0.100000 0.100000 0.174020 0.882569 1.078779 0.100000 0.803731 1.053191 0.100000 0.254643 0.149039 0.204426 0.100000 0.403096 0.985496 
1.067927 1.114490 0.162849 1.325809 0.788641 0.100000 0.750502 0.100000 0.537338 0.110835 1.178572 0.525172 0.492084 0.582483 0.679352 0.100000 0.968878 0.100000 0.220695 0.243205 0.100000 0.100000 1.246377 0.100000 0.322627 0.100000 0.100000 0.859346 0.986240 0.280499 0.720417 0.100000 0.100000 0.100000 0.212202 0.809231 0.744293 0.698843 0.181925 0.100000 0.463649 0.109945 0.540651 0.516753 0.473446 0.444277 0.100000 1.076785 1.005544 0.100000 0.726189 1.028270 0.100000 1.297788 0.413984 0.100000 0.994004 0.543865 0.242633 0.842150 0.100000 1.196516 0.100000 0.607072 0.250970 0.492441 0.615232 0.100000 0.493181 0.430651 0.112655 
0.324804 0.100000 0.100000 0.865622 0.380277 0.854588 0.585576 0.100000 0.100000 0.100000 0.706516 0.401298 0.218289 0.606406 0.100000 0.100000 0.393889 1.196882 0.746229 0.100000 0.792301 0.682509 0.784867 0.100000 0.100000 0.708624 0.307637 0.899118 1.582887 0.219090 0.455821 0.448475 0.100000 0.736736 0.903640 0.775205 1.117932 0.375466 0.100000 0.100000 0.100000 0.100000 0.100000 0.570126 0.192634 0.407065 0.100000 0.100000 0.100000 1.568491 0.100000 0.502549 0.541094 0.482013 0.430098 0.662634 0.100000 0.674372 1.284551 0.100000 0.100000 0.356833 0.797250 1.133654 0.790591 0.100000 0.100000 0.239722 0.299129 0.100000 0.486480 
0.602944 0.721341 0.100000 0.669537 0.100000 0.100000 0.330559 0.929472 1.934952 0.288869 0.822099 0.900662 0.100000 0.482832 0.100000 0.914556 1.051987 0.350770 0.135913 1.347005 0.625816 0.395933 0.605710 0.100000 0.532667 1.147570 0.269500 0.172629 0.100000 0.907402 0.817542 0.484793 0.100000 0.921927 1.284364 0.840330 0.894271 1.117733 1.060724 0.473309 0.390540 0.364619 0.106874 0.514515 0.569091 0.405090 0.357062 0.100000 1.024365 0.448806 0.836192 0.100000 0.100000 0.100000 1.440984 0.458279 0.224953 0.100000 0.264053 0.686609 1.071286 0.100000 0.100000 0.376186 0.136144 0.100000 0.180924 0.493754 0.100000 0.683147 0.938922 
0.926989 0.100000 1.483978 0.668612 0.100000 0.775971 0.100000 0.618148 0.100000 0.557368 0.282672 0.963036 1.003675 0.323604 0.580557 0.643508 0.100000 0.316277 0.745979 0.794067 0.909086 2.192040 0.374329 0.630327 0.394601 1.435850 0.100000 0.948974 0.196159 0.100000 0.178214 0.393002 0.243185 0.470896 1.069181 0.628668 0.414298 0.100000 0.510315 0.865605 0.286868 0.100000 0.100000 1.075313 0.100000 0.286169 0.100000 0.938279 0.100000 0.210020 0.100000 0.377745 0.669749 0.339981 1.029610 0.366310 0.382094 0.486086 0.586423 0.915359 0.482250 0.100000 0.366773 0.426098 0.692744 0.364483 0.378558 0.100000 0.289796 1.234473 0.100000 
1.237292 0.347345 0.227730 0.100000 0.999487 0.100000 0.114102 0.443465 0.100000 0.100000 0.100000 0.341212 0.927605 0.301503 0.754942 0.100000 0.400476 0.100000 1.538100 0.610356 0.100000 0.100000 1.116590 0.100000 0.100000 0.851329 0.100000 0.633302 1.377604 0.173255 1.281955 0.100000 0.100000 0.616684 0.779737 0.348239 0.866908 0.100000 0.100000 0.100000 0.876386 0.974043 0.433470 0.100000 0.166384 0.847288 0.100000 0.186990 0.715314 0.996364 0.784849 0.702682 0.331324 0.488906 0.533872 0.100000 0.185401 0.195142 1.728090 0.532377 0.232976 0.172874 0.244861 0.327947 0.722630 0.259602 0.576809 0.100000 0.275117 1.016245 0.100000 
0.520711 0.322343 0.164230 0.147475 0.100000 0.858232 0.100000 0.100000 0.606757 0.100000 1.056089 0.614001 0.932381 0.100000 0.100000 0.100000 1.058647 0.100000 0.280922 1.304074 0.180271 0.221831 0.197439 0.159347 0.100000 0.369409 0.742745 0.480547 0.100000 0.100000 0.884126 0.423784 0.100000 1.015211 0.100000 1.246053 0.511692 0.728925 0.393328 0.783554 0.372038 0.300963 0.490786 0.326083 0.100000 1.293268 0.887515 1.318556 0.432231 0.819803 0.466460 0.100000 0.202012 0.502201 0.257120 1.193445 0.100000 0.100000 0.233517 1.047859 0.110029 0.126394 0.100000 0.100000 0.100000 0.782093 0.475714 0.613250 0.100000 1.833626 0.100000 
0.100000 0.100000 0.400164 0.769225 0.100000 0.579249 1.223623 0.100000 0.100000 0.100000 0.694924 0.825599 1.016807 0.516812 1.259314 0.163721 0.806627 0.100000 0.143809 0.633425 0.100000 0.626663 1.003464 0.429845 0.100000 0.275278 0.782683 0.100000 0.582721 0.456177 0.743818 1.028446 0.100000 0.100000 1.386640 0.757764 0.808761 0.445032 0.655455 0.992853 1.180367 0.435365 0.100000 0.435966 0.203586 0.901359 0.100000 0.100000 0.617393 1.035159 0.978739 1.261366 0.595390 0.219780 1.081214 0.236130 0.935818 0.515593 0.795958 0.516118 0.265577 0.100000 0.331333 0.100000 0.699179 0.770284 1.196821 0.305271 0.100000 0.100000 1.430470 
0.100000 0.646571 0.100000 0.365310 0.797300 0.446439 0.348927 0.100000 0.100000 0.666411 0.792318 0.316597 0.736750 0.100000 1.062386 0.730487 0.100000 0.151010 1.063386 0.192078 1.513261 1.096126 0.176500 0.717463 1.149515 0.100000 0.409612 0.100000 0.429794 0.940778 0.478769 0.100000 0.100000 0.483974 0.975222 0.634318 0.369599 0.439323 0.911300 0.625711 0.124249 0.427699 0.702345 0.100000 0.100000 0.605929 0.100000 1.049021 0.100000 1.370222 0.439652 0.100000 0.310407 0.100000 0.857176 0.665409 0.100000 0.202151 1.043575 0.100000 0.249575 0.462671 1.082443 0.212543 0.467618 0.840329 0.100000 0.100000 0.100000 0.100000 1.435070 
0.542466 0.940552 0.210899 0.661282 0.239855 0.100000 0.332378 0.234679 1.044435 0.100000 0.764373 0.268430 0.705770 0.100000 1.096952 0.100000 0.351008 0.100000 1.031586 0.773825 0.502469 0.428311 0.487658 0.606350 0.571897 1.292119 0.909212 0.407208 0.100000 1.459545 1.792262 0.298211 0.100000 0.100000 1.050393 0.142327 1.360632 0.100000 0.302842 0.697725 0.296061 0.174361 0.224617 0.100000 0.100000 0.598771 0.100000 0.483832 0.785810 0.449018 0.740199 0.100000 0.625909 0.100000 1.066721 0.100000 0.100000 0.100000 1.076079 0.536518 0.100000 0.100000 0.970836 0.430364 0.725715 0.100000 0.100000 0.395898 1.244271 0.298192 0.741777 
0.100000 0.812867 0.100000 0.160860 0.100000 0.100000 0.448657 0.845066 0.100000 0.637299 0.387100 0.236525 0.142304 0.100000 0.100000 0.893373 0.100000 0.100000 1.069982 0.100000 0.693965 0.100000 0.383258 0.634511 0.215660 0.524348 0.436303 0.392227 0.151599 0.465054 0.100000 1.099428 0.100000 0.560462 1.507316 1.023173 0.275235 0.100000 0.100000 0.796924 0.645481 0.548973 1.383434 0.100000 0.100000 0.413454 0.373789 0.735982 0.239801 0.996842 0.910874 0.263741 0.100000 0.790371 0.100000 0.100000 0.210753 0.100000 0.135722 0.402510 0.100000 0.408252 0.100000 0.305108 0.100000 0.100000 0.270005 0.100000 0.100000 0.437688 0.485680 
0.958470 0.134260 0.100000 0.100000 1.408153 0.100000 0.100000 0.100000 0.100000 0.657090 0.624413 0.600576 0.103463 0.100000 0.940701 0.513557 1.710344 0.612634 0.100000 0.521957 0.280496 0.854704 0.238658 0.440966 0.127771 0.923744 0.801159 0.100000 0.100000 0.100000 1.470060 0.563241 0.100000 0.100000 1.158296 0.763196 0.362656 0.157246 0.162254 0.173983 0.756895 1.182537 0.100000 0.100000 0.100000 0.632096 0.100000 0.260682 0.164576 0.395855 0.398215 0.361503 0.584293 0.757064 0.857866 0.389233 0.100000 0.127767 0.888623 0.432535 0.611153 0.394738 0.306232 0.658029 0.100000 0.168003 0.100000 0.514195 0.100000 0.666931 0.213780 
0.645757 0.528868 0.197291 0.413042 0.512863 0.639784 0.174074 0.157970 0.100000 0.100000 0.627762 0.574804 0.192906 0.851699 0.140757 0.436491 0.480757 0.100000 0.488588 0.100000 0.404238 0.640285 1.201365 0.581993 0.100000 0.434805 0.812289 0.151370 1.382971 0.183370 0.398746 0.100000 0.100000 1.082839 0.155765 1.023875 0.635260 0.809086 0.100000 0.331676 1.526611 0.100000 0.439861 0.959391 0.290063 1.406595 0.100000 0.403410 0.100000 0.392368 0.559126 0.628322 0.100000 0.805908 0.100000 0.713379 0.134822 0.100000 0.100000 0.100000 0.100000 0.293541 0.908588 0.802363 0.100000 0.100000 0.100000 0.100000 0.100000 0.172399 1.680747 
0.100000 0.292090 1.195936 0.119750 0.100000 1.057649 0.100000 0.100000 0.100000 0.291868 0.892110 0.263295 1.658509 0.100000 0.482521 0.100000 0.882201 0.100000 0.279825 1.300235 1.087275 0.791209 0.100000 0.100000 0.146334 0.469915 0.100000 0.100000 0.819574 0.100000 0.799045 0.239755 0.100000 0.312897 0.995684 0.751562 0.100000 0.589069 0.304833 0.540946 0.339010 1.050604 0.271022 0.100000 0.100000 0.100000 0.467578 0.236133 0.203667 0.597584 1.264053 1.520511 0.104959 1.408710 0.858630 0.879389 0.163580 0.100000 0.808953 1.048074 0.100000 0.255694 0.409873 0.761491 0.100000 0.100000 0.635747 1.023211 0.149486 1.067406 0.540387 
0.652016 0.100000 0.214988 0.100719 0.503797 0.836150 0.463373 0.497905 0.100000 0.520102 0.100000 0.100000 0.461659 0.100000 0.832226 0.200696 0.100000 0.143890 0.100000 0.100000 0.298417 0.100000 0.837492 0.100000 0.828482 0.572324 0.252918 0.100000 0.380727 0.370864 0.832366 1.167822 0.100000 0.409437 0.839144 1.075906 0.388210 0.260700 0.100000 0.362867 0.617332 0.227692 0.100000 0.618250 0.100000 0.330329 0.636402 0.954352 0.698642 0.978365 0.458653 0.533747 0.326767 0.474937 0.100000 0.269205 0.484133 0.644317 0.420057 0.418560 0.100000 0.100000 0.100000 0.349532 1.263429 1.150637 0.100000 0.444231 0.730460 0.425727 0.100000 
1.149405 0.100000 0.135723 1.248303 0.692013 0.707888 1.173911 0.100000 0.100000 0.561776 0.581899 0.777833 0.844908 0.100000 0.578929 0.100000 0.228718 0.100000 0.732539 0.635609 0.100000 0.676947 0.100000 1.358492 0.100000 0.641060 0.792196 0.100000 0.100000 0.100000 0.880958 0.708967 0.583620 0.652588 0.442355 0.905378 1.189646 0.100000 2.079287 0.173974 1.146944 1.539513 0.579573 0.412787 0.484605 1.309549 0.100000 0.849897 0.210891 0.318152 0.736580 0.541199 0.435915 0.139067 1.170506 0.100000 0.100000 0.100000 0.631660 0.160007 0.510443 0.100000 0.951361 0.839384 0.195498 0.100000 0.100000 0.100000 0.721232 0.956430 0.100000 
1.380842 0.100000 0.100000 0.935831 1.108882 0.287357 0.100000 0.789333 0.100000 0.153562 0.810230 0.550366 0.403558 0.100000 0.928894 0.100000 0.496553 0.235860 0.803727 0.329557 0.607319 0.739476 0.100000 0.256400 0.510364 0.100000 0.100000 0.893374 1.059485 0.214718 1.080644 0.686757 0.851551 1.067772 0.100000 0.498526 1.137845 1.276196 0.100000 0.100000 0.627962 0.252736 0.100000 0.100000 0.485801 0.906650 0.514492 0.100000 0.100000 0.100000 0.907735 0.100000 0.500524 1.303541 0.275777 0.187259 0.802923 0.856618 0.262168 0.317043 0.301999 0.158839 0.595136 0.632791 1.107994 0.100000 0.768041 0.531410 0.100000 0.790934 0.950059 
0.592357 0.100000 0.477828 0.100000 0.100000 0.100000 0.100000 0.270985 0.680522 0.290330 1.308903 0.358851 0.318063 0.100000 0.107685 0.100000 1.025544 0.100000 0.824051 0.516047 0.925908 0.118356 0.692610 0.100000 0.650185 0.100000 0.364447 0.491203 0.100000 1.031121 0.171484 0.997616 0.168196 0.862566 0.873518 0.100000 1.248321 1.092413 0.100000 0.674452 0.760172 0.265707 0.100000 0.914047 0.100000 1.107622 1.270339 0.877824 0.100000 1.174724 0.100000 0.100000 1.672675 0.100000 0.802758 0.100000 0.286543 0.536337 0.100000 0.112935 0.608028 0.760957 0.509074 0.100000 0.684861 0.100000 0.100000 0.153527 1.274299 0.161439 1.011581 
0.598280 0.100000 0.100000 0.339452 0.252429 0.447618 0.100000 0.100000 0.812588 0.178057 0.180709 0.428354 1.582634 0.100000 0.100000 0.598487 1.342689 0.759453 0.100000 0.100000 1.153696 0.276399 0.592835 0.158220 1.180964 0.707399 0.100000 0.190220 0.100000 0.685242 0.689081 0.100000 0.100000 0.100000 0.100000 0.835006 1.019127 0.624074 0.100000 0.100000 0.892845 0.421282 0.100000 0.100000 0.100000 1.725851 0.100000 0.498971 0.100000 1.405172 0.474791 0.345066 0.184459 0.399443 1.288437 0.100000 0.611986 0.100000 0.353125 0.100000 0.438122 0.100000 0.100000 0.729592 0.148672 0.100000 0.343146 0.145894 0.100000 0.587345 0.100000 
