77 Number of operations
29 Number of workers
Standard production times
0.436826 0.198809 0.331604 0.391055 0.455688 0.283821 0.369697 0.170513 0.277800 0.162097 0.574453 0.396892 0.633336 0.100000 0.551241 0.100000 0.330241 0.100000 0.539262 0.512992 0.495972 0.340811 0.315938 0.228077 0.318417 0.649516 0.100000 0.100000 0.538062 0.585624 0.717307 0.480261 0.146062 0.493841 0.660772 0.646257 0.445896 0.454722 0.266643 0.360484 0.497204 0.572092 0.100000 0.238532 0.100000 0.618461 0.282133 0.597837 0.392383 0.644536 0.657231 0.431644 0.169275 0.413947 0.588501 0.278597 0.308175 0.396599 0.569202 0.402256 0.238324 0.288863 0.302463 0.464080 0.450278 0.274325 0.171269 0.118233 0.100000 0.577667 0.456585 0.653838 0.442652 0.454075 0.641237 0.267259 0.435319 
Production times: workers row and ops columns
0.100000 0.100000 0.475237 0.793125 0.325438 0.100000 0.792343 0.815735 0.100000 0.100000 0.760351 0.458888 0.263302 0.100000 0.576238 0.381918 0.162327 0.271729 0.975803 0.100000 0.346951 0.710832 0.822084 0.100000 0.560638 0.224660 0.346639 0.470710 1.210966 0.167401 0.507630 0.100000 0.644352 0.387612 0.100000 0.376158 0.777598 0.192254 0.100000 0.284953 0.509431 0.583054 0.100000 0.175219 0.242441 0.754137 0.100000 0.120502 1.063719 0.100000 1.419314 0.527913 0.100000 1.027864 0.642551 0.399504 0.391024 0.100000 1.216105 0.407665 0.218609 0.100000 0.100000 0.417513 0.486977 0.100000 0.121289 0.100000 1.011366 1.207706 1.157690 0.100000 0.198167 0.100000 0.416215 0.461021 0.100000 
0.100000 0.173326 0.330558 0.371203 0.213193 0.527170 0.100000 0.350242 0.956592 0.100000 1.358049 0.357558 0.338750 0.743568 0.100000 0.100000 0.100000 0.100000 0.931600 0.847039 0.427259 0.100000 0.100000 0.519235 1.195454 0.413589 0.157489 0.511576 0.100000 0.509504 0.554742 1.343222 0.100000 0.208972 1.762284 0.526313 0.576676 0.650928 0.675735 1.324766 0.193224 1.319552 0.100000 0.249230 0.100000 0.260615 0.100000 0.461869 0.747975 0.698244 0.546478 1.213155 0.100000 0.457280 0.100000 0.100000 0.100000 0.541691 0.913659 0.517456 0.322403 0.419817 0.224540 0.473589 1.016901 0.100000 0.257380 0.100000 0.363206 0.100000 0.504948 0.741661 0.100000 1.477302 0.589745 0.378487 0.100000 
1.363830 0.672488 1.444641 1.228819 0.385368 0.823885 1.326422 0.345740 0.207690 0.100000 0.617521 0.100000 1.259912 0.235790 1.045085 0.100000 1.059947 0.100000 1.593163 0.962020 0.591827 0.290516 0.100000 0.434130 0.393176 0.655160 0.100000 0.100000 0.770545 1.366688 0.902346 1.323705 0.100000 0.746343 0.359046 0.696275 0.100000 1.162910 0.169169 0.240146 0.665213 1.436121 0.100000 1.304336 0.100000 0.778664 0.211738 0.988052 0.100000 0.893691 0.100000 0.100000 0.100000 0.382191 0.100000 0.521732 1.120354 1.098205 0.100000 0.915495 0.739254 0.100000 0.100000 0.292370 0.279170 0.592653 0.288315 0.100000 0.957518 0.326133 0.857452 0.568905 0.363327 1.355825 0.527424 0.100000 0.100000 
0.397084 0.100000 0.418373 2.049190 0.119953 0.866727 0.781541 0.100000 1.086369 0.692058 0.511955 1.067277 0.246898 0.100000 0.785063 0.852456 0.829612 0.100000 0.717855 0.100000 0.451894 0.100000 0.100000 0.371617 0.370453 0.258142 0.747723 0.100000 0.542965 0.861379 0.262806 1.009153 0.303514 0.441077 0.834764 0.184680 1.506698 0.100000 0.330295 0.389942 0.610949 0.788637 0.100000 0.100000 0.117912 0.372651 1.091486 1.299111 0.100000 0.748465 0.514077 0.100000 0.168195 0.217099 1.175713 0.165539 0.432349 0.709348 0.861521 0.337130 0.100000 0.263117 1.046312 0.304692 0.935307 0.100000 0.450170 0.253135 0.236055 0.100000 0.800806 1.187970 0.100000 0.469414 0.100000 0.100000 0.100000 
0.901379 0.100000 0.100000 0.100000 1.034962 0.158525 0.355131 0.634830 0.798757 0.100000 1.849251 1.143290 0.315130 0.213020 0.946685 0.130003 0.100000 0.410439 0.788602 0.653905 0.213263 0.414803 0.648419 0.376213 0.368585 0.100000 0.100000 0.374667 1.038995 0.167088 1.243058 0.868033 0.702771 0.795935 0.750172 0.100000 0.442255 0.245669 0.217556 0.968767 0.100000 0.100000 0.483894 0.139773 0.100000 0.100000 0.761604 1.108936 0.323539 1.656997 1.245763 0.197160 0.159048 0.322321 1.001104 0.100000 0.100000 1.415185 0.636396 0.100000 0.784182 1.009857 0.593600 0.279478 0.766012 0.100000 0.100000 0.100000 0.320888 1.229184 0.571332 0.796384 0.100000 0.316664 0.311821 0.389177 0.157627 
0.100000 1.033110 0.100000 0.491427 0.100000 0.149096 0.100000 0.503975 0.100000 0.182416 0.490537 0.419471 1.595691 0.100000 0.104613 0.227980 0.425564 0.100000 1.190555 0.500661 0.846485 0.635528 0.100000 0.601127 0.100000 0.209006 0.604926 0.993377 0.370444 0.747866 1.742915 0.149615 0.100000 0.287136 1.596793 1.129839 1.018108 0.100000 0.131161 0.100000 1.183037 0.100000 0.189168 0.119034 0.100000 0.232389 0.453078 0.864667 0.600801 1.225692 1.059143 0.252820 0.100000 0.100000 0.405392 1.016949 0.100000 0.757604 0.347125 0.100000 0.153229 0.100000 1.295926 0.563710 0.100000 0.479591 0.100000 0.100000 0.100000 0.100000 0.471964 1.220360 0.703369 0.432667 0.654769 0.100000 1.000648 
0.537063 0.767987 0.415923 0.246337 0.100000 1.359561 0.100000 1.188484 0.100000 0.100000 0.534590 0.837480 0.356457 0.608073 0.100000 0.100000 0.594026 0.100000 0.299751 0.416980 0.100000 0.894521 0.100000 0.100000 0.389773 0.441097 0.454664 0.100000 0.541285 0.418694 0.100000 0.100000 0.178213 0.689259 1.283679 0.100000 0.188887 0.100000 0.603306 1.264431 0.870834 1.075691 0.100000 0.556495 0.290629 1.321651 0.165349 0.474385 0.505050 0.672994 0.100000 0.780536 0.100000 0.741101 0.100000 1.176598 0.316941 0.145807 1.009134 0.410277 0.100000 0.832654 0.100000 0.835747 0.999109 1.108328 0.100000 0.303470 0.262347 1.484371 0.100000 0.780951 0.494262 0.846735 1.037264 0.100000 1.448624 
0.892289 1.072819 0.359527 0.834842 0.651774 0.892675 1.093296 0.100000 0.461674 0.188232 1.159012 0.937231 1.280557 0.149198 0.443902 0.622949 0.100000 0.100000 0.100000 1.107510 0.100000 0.100000 0.100000 0.287955 0.433643 0.679849 0.162217 0.100000 1.078963 0.397257 0.628335 0.508988 0.100000 0.961755 0.783319 0.100000 0.956679 0.504737 0.868811 1.044196 0.814584 1.071936 0.100000 0.656357 0.100000 1.016604 0.100000 0.763047 0.337599 0.917071 0.241909 1.818296 0.731823 0.795646 0.368245 0.319431 1.109564 0.815654 0.572182 0.100000 0.304090 0.419037 0.111156 1.777521 1.052248 0.100000 0.144615 0.100000 0.710140 0.100000 0.100000 0.582112 0.161959 0.446872 0.831897 0.155023 0.734987 
1.084087 0.189621 0.100000 0.918697 1.546831 0.100000 0.100000 0.100000 0.646075 0.100000 0.283284 0.128828 0.628077 0.228072 0.404912 0.100000 0.431164 0.585163 0.607820 0.569091 0.100000 0.365740 0.100000 0.613557 0.429443 0.938411 0.142699 0.106490 1.433722 1.195789 0.100000 0.219388 0.242071 0.941274 0.100000 0.100000 0.231563 0.231818 0.100000 0.842761 0.935972 0.339240 0.705003 0.100000 0.367198 1.092656 0.358848 0.376078 0.100000 0.382634 1.701444 0.551446 0.100000 0.100000 0.312770 0.100000 0.443406 0.431568 0.708875 0.100000 0.973169 0.584687 0.100000 0.100000 0.851494 0.100000 0.341537 0.308131 0.100000 0.100000 0.961449 0.100000 0.830974 0.100000 0.723455 0.989356 0.161463 
0.100000 1.011901 0.564012 0.673175 0.100000 0.406770 0.586024 0.100000 0.100000 0.100000 0.989036 0.529828 0.211240 0.100000 0.502955 0.100000 0.756725 0.323253 0.431926 1.483059 0.418778 0.171462 0.100000 0.382687 0.379568 0.410930 0.100000 0.330407 0.100000 0.403689 0.666699 0.291427 0.100000 0.100000 0.100000 1.606842 0.850753 0.270303 0.796113 0.278941 0.797504 0.100000 0.100000 0.628380 0.533902 0.100000 0.100000 0.508351 0.240618 0.533575 0.375874 0.692382 0.100000 0.374765 1.428481 0.100000 0.187833 0.894255 0.773762 1.031393 0.100000 0.537175 0.230218 0.897542 0.568782 0.100000 0.276063 0.521725 0.100000 0.699078 0.778497 1.329335 0.100000 0.588627 0.679033 0.434561 0.385291 
1.040304 0.769045 0.100000 0.100000 0.976023 0.100000 0.100000 0.100000 0.100000 0.100000 0.429721 0.644893 0.978457 0.100000 1.023797 0.100000 0.735588 0.946600 0.100000 0.292617 1.378822 0.100000 0.851390 0.739801 0.100000 0.891453 0.193055 0.100000 0.986048 0.143463 1.101752 0.949401 0.558787 0.629329 0.100000 0.856421 0.269423 0.339002 0.940839 0.659840 0.100000 0.719869 0.624652 0.679814 0.483749 0.100000 0.367384 0.232122 0.636031 1.229181 1.022335 0.321257 0.486724 0.507894 1.669243 0.203577 0.100000 0.471592 1.170576 0.869603 0.313929 1.107460 0.998397 0.122193 0.658393 0.924305 0.593828 0.342295 0.622556 0.362180 0.886870 0.630259 0.835631 1.198907 0.645897 0.470423 0.507335 
0.100000 0.361480 0.287853 0.608799 0.100000 0.100000 0.450996 0.518800 1.135818 0.457107 0.532038 0.536253 0.216883 0.100000 0.100000 0.821952 0.100000 0.963605 0.461241 0.100000 0.100000 1.174773 0.676661 0.100000 0.414931 0.678231 0.100000 0.100000 0.275111 0.729785 1.421266 0.876176 0.222556 1.187278 1.183732 0.100000 0.100000 0.100000 1.095091 0.100000 0.198473 0.551296 0.100000 0.198134 0.100000 0.559671 0.552735 0.283773 0.973053 0.507702 0.265426 0.353943 0.903947 0.590267 0.100000 0.100000 0.145394 0.100000 0.231369 0.100000 0.302738 0.100000 0.725435 0.298528 0.194988 0.100000 0.100000 0.100000 0.594960 0.883512 0.661603 0.100000 1.833571 0.100000 0.100000 0.100000 0.355530 
0.454303 0.571564 0.102897 1.336380 0.113139 0.630943 0.279979 0.100000 0.100000 0.174707 1.057708 0.100000 0.740059 0.100000 0.730324 0.100000 0.517285 0.100000 1.028484 0.986021 0.705168 0.865456 0.808592 0.370720 0.100000 0.265701 0.576387 1.135971 1.072261 0.652196 0.834412 0.100000 0.836506 0.100000 0.468275 0.613366 0.453891 1.192274 0.100000 0.100000 0.659149 1.046449 0.100000 0.100000 0.551621 0.582193 1.047219 0.115646 0.837093 0.100000 0.605205 0.100000 1.303486 0.100000 0.100000 0.100000 1.053669 0.572990 0.793179 0.345556 0.100000 0.100000 0.521009 0.411395 0.889653 0.100000 0.355945 0.129518 0.659219 0.303184 0.780300 0.201030 0.100000 0.173130 0.433491 0.100000 0.390138 
0.871949 0.684751 0.100000 1.390942 0.668813 0.100000 0.100000 0.100000 0.100000 1.040110 0.100000 0.100000 0.100000 0.100000 0.100000 0.100000 0.408891 0.229144 0.618650 0.100000 0.818826 0.633837 0.100000 0.100000 0.905818 0.777005 0.100000 0.565770 0.331186 0.615026 0.351363 0.515654 0.340373 0.849527 0.841979 1.191606 0.132299 0.181731 0.100000 0.350849 0.678955 0.100000 0.297891 0.100000 0.280957 1.006820 0.106935 0.402698 0.108581 0.681065 1.177257 0.100000 0.100000 0.119468 0.330489 0.286209 0.100000 0.505909 0.375737 0.265804 0.663608 0.146547 0.100000 0.297625 1.268373 0.490043 0.100000 0.100000 0.114600 1.312774 0.100000 0.100000 0.122536 0.100000 0.112434 0.329702 0.432263 
0.474996 0.608172 0.904895 0.627999 0.662975 0.100000 0.100000 0.192974 0.239841 0.300065 0.383103 0.424115 0.100000 0.580256 0.465097 0.207161 0.561293 0.400225 0.100000 1.115031 1.481872 0.100000 0.100000 0.141740 0.838528 1.158300 0.100000 0.100000 0.397594 0.959561 0.434238 0.100000 0.100000 1.778117 0.310850 0.272000 0.100000 0.461289 0.130067 0.590994 0.339435 0.397387 0.869445 0.100000 0.678369 0.830023 0.994941 2.024122 0.350577 0.717027 0.265929 0.487458 0.100000 0.100000 0.865889 1.081751 0.100000 1.651320 0.714626 0.353180 0.934693 0.766955 1.012754 0.112658 0.113279 0.100000 0.100000 0.190436 0.100000 0.830945 0.833580 0.640380 0.977534 0.100000 0.325994 1.176791 0.510698 
0.100000 0.100000 0.988288 0.100000 0.873132 0.580849 0.295646 0.910836 0.100000 0.100000 0.307379 0.180093 0.573605 0.426043 0.362150 0.100000 1.178917 0.100000 0.624109 1.272508 0.792284 1.043983 0.631304 0.100000 1.761752 1.142033 0.100000 0.100000 0.582995 1.089610 0.227109 0.738478 0.100000 0.380979 0.615618 0.100000 0.100000 0.532088 0.100000 0.540195 0.100000 0.407405 0.852937 0.100000 0.100000 0.141753 0.197976 0.380267 0.100000 1.498619 0.795609 0.100000 0.220169 0.115810 0.100000 0.100000 0.941584 0.787003 0.468310 0.674664 0.345547 0.542890 0.100000 0.100000 0.326899 0.774010 0.100000 0.935606 0.100000 0.100000 0.925660 0.100000 1.301295 0.398952 0.592718 0.484603 0.294636 
0.645769 0.100000 0.517557 0.253065 0.164995 0.134217 0.100000 0.321207 0.377674 0.100000 0.756320 0.893526 0.435683 0.526688 0.996157 0.100000 0.100000 0.100000 0.100000 0.469851 0.463687 0.387752 0.309952 0.100000 0.624667 1.676717 0.100000 0.999577 0.731059 1.148884 0.828769 0.395167 0.100000 0.162211 0.830792 0.686783 0.100000 0.173192 0.785137 0.624316 0.557481 0.100000 0.353794 1.084351 0.100000 0.704882 0.702868 0.403745 0.781862 0.673565 1.277185 0.689944 0.139604 0.100000 0.100000 0.178716 1.346869 0.138169 0.602690 0.782412 0.119591 0.100000 0.100000 0.100000 0.100000 0.100000 0.100000 0.836804 0.100000 0.929018 0.100000 0.805623 0.773320 0.153993 0.100000 0.678023 0.271256 
0.491893 0.229671 0.100000 0.790929 0.603023 0.127756 0.315467 0.938242 0.217889 0.498847 0.881670 0.765871 1.100337 0.213506 0.277612 0.100000 0.643886 0.410623 0.346478 0.668167 1.267134 0.320856 0.195250 0.985343 0.100000 0.646721 0.404873 1.169288 0.100000 1.483719 1.164582 0.288823 0.100000 0.628307 1.300372 0.100000 0.294836 0.519581 0.704314 0.846671 1.046428 0.121002 0.218292 0.100000 0.100000 0.619809 0.197807 0.739485 0.203938 0.422122 0.292305 0.536778 0.100000 0.464826 1.152111 0.100000 0.290988 0.100000 0.778454 0.100000 1.363157 0.890397 0.528804 0.100000 0.443303 1.418702 0.100000 0.355193 0.100000 0.195337 0.641140 1.022217 0.839137 0.685403 1.930673 0.100000 0.431521 
1.197640 0.100000 0.760524 0.548197 0.171749 1.254203 0.100000 0.250365 0.419768 0.657831 1.120386 1.124306 1.089768 0.100000 0.506605 0.442289 0.650896 0.100000 0.689827 0.353437 0.833044 0.100000 0.100000 0.100000 0.612493 0.544620 0.100000 0.100000 1.179246 0.100000 0.100000 0.104996 0.100000 1.563976 0.871306 1.571302 0.470352 0.100000 0.540177 0.756353 0.395660 0.100000 0.100000 0.100000 0.100000 0.351858 0.979100 0.692783 0.207691 0.910349 1.307421 0.690482 0.182883 0.714875 0.500824 0.171180 1.144712 0.828786 0.100000 0.100000 0.614883 0.779914 0.478487 0.929743 0.367767 1.309260 0.947679 0.100000 0.100000 0.824602 0.100000 0.532796 0.100000 0.663388 0.824762 0.265909 0.565103 
0.657608 0.482813 0.791182 0.100000 1.301216 0.479768 0.314349 0.100000 0.722095 1.084078 0.846770 0.100000 1.179084 0.184338 0.382487 0.100000 1.044190 0.597381 1.020049 0.373088 0.930295 1.185870 0.799995 0.897158 0.100000 0.342511 0.100000 0.100000 0.151403 0.708969 0.635942 1.151894 0.388258 0.176274 0.695676 0.100000 0.305332 0.885440 0.100000 1.384505 0.100000 0.413178 0.100000 0.822409 0.104849 1.010587 0.100000 0.762186 0.100000 0.100000 0.156455 0.100000 0.501337 0.420050 0.407913 0.457015 0.635161 0.589416 1.020890 0.100000 0.100000 0.771841 0.678012 0.229110 0.700829 0.100765 0.100000 0.378302 0.690661 0.100000 0.585572 0.178483 0.994716 0.730232 1.664933 1.183118 0.385580 
0.409411 0.100000 0.224530 0.100000 1.132643 0.305576 0.758088 0.100000 0.100000 0.388772 0.682626 0.148248 1.048625 0.100000 0.100000 0.114829 0.100000 0.100000 0.100000 1.574478 0.288970 0.100000 0.360423 0.100000 0.366472 1.178936 0.100000 0.100000 1.063389 1.302551 1.015396 0.100000 0.100000 0.567936 0.525551 1.131014 0.100000 0.100000 0.100000 0.944919 0.509061 0.906209 0.535639 0.624392 0.164025 0.181348 0.100000 0.141042 0.100000 0.622267 1.010289 0.100000 0.203256 0.577183 0.414641 0.848099 0.100000 0.100000 0.664868 0.530381 1.552790 0.100000 0.100000 0.188448 0.546662 0.535100 0.100000 0.100000 0.100000 1.089954 0.100000 0.832190 0.202414 0.643973 1.307596 0.474309 0.156099 
0.119019 0.343434 0.100000 0.401838 0.659600 0.193126 0.427283 0.100000 0.775533 0.100000 0.341793 0.100000 1.395787 0.100000 0.294267 0.100000 0.564270 0.505183 0.820989 0.100000 0.552394 0.100000 0.100000 0.100000 0.100000 1.242992 0.100000 0.100000 0.829379 1.327665 1.938220 0.855138 0.170323 0.368459 0.608385 0.100000 0.519640 0.100000 0.100000 0.100000 0.686490 1.293352 0.401046 0.100000 0.100000 0.992246 0.795510 0.482276 0.138794 0.100000 0.166567 0.100000 0.162049 0.100000 0.958441 1.212620 0.405111 0.612390 0.100000 0.100000 0.497668 0.965725 1.353397 1.284854 0.100000 0.100000 0.100000 0.100000 0.100000 0.810151 0.100000 0.227549 0.100000 0.273893 0.574900 0.241564 0.298805 
0.100000 0.100000 0.857760 0.823710 0.497372 0.100000 0.192109 0.100000 0.443853 0.100000 1.143698 0.100000 1.152905 0.441221 0.545415 0.492078 0.100000 0.381791 1.065662 0.100000 1.212660 0.129896 0.345250 0.100000 0.210036 0.140405 0.424461 0.359775 0.750127 0.210606 0.118681 0.245070 0.100000 0.541047 0.632550 0.755076 0.557962 0.790312 0.100000 0.100000 0.770938 1.245994 0.122501 0.100000 0.667728 0.253237 0.100000 1.145938 0.811071 1.367507 1.039502 0.213270 0.467930 0.100000 0.287925 0.102538 0.851487 0.100000 1.138651 0.859623 0.664563 0.100000 0.338498 0.844246 0.748477 0.990996 0.100000 0.100000 0.100000 1.495102 0.752161 0.851236 1.079772 0.379669 0.819748 0.288116 0.585117 
0.434754 0.938324 0.490280 0.395112 0.459291 0.100000 0.227830 0.380566 0.100000 0.100000 0.100000 0.418458 0.957036 0.140767 0.150794 0.100000 1.034007 0.445708 0.385485 0.574496 1.140261 0.100000 0.107838 0.100000 0.619016 0.294163 0.905517 0.100000 0.716317 1.171034 0.840640 0.993312 0.100000 0.177860 0.897609 1.005460 0.554906 0.600505 0.468443 0.707561 0.100000 0.326862 0.314311 0.100000 0.100000 0.517738 0.777699 1.060216 0.992925 0.375185 1.058725 0.100000 0.100000 0.100000 1.204691 0.792179 0.785825 0.393372 0.988707 0.888550 0.100000 0.325252 0.159781 0.657939 0.747813 0.162388 0.189599 0.150303 0.100000 0.194962 0.582757 0.548338 0.236375 0.100000 1.421647 0.441449 0.364175 
0.390856 0.100000 0.519656 0.409740 0.778517 0.100000 0.100000 0.100000 0.100000 0.270362 0.867981 0.100000 0.122087 0.951418 0.288675 0.100000 1.685389 0.100000 0.463670 0.100000 0.157979 0.993353 0.451288 0.213647 0.648075 0.100000 0.100000 0.100000 0.533235 1.658470 1.012100 0.361944 0.100000 0.461640 0.747968 0.100000 0.349892 0.241280 0.100000 0.100000 0.420328 0.592450 0.100000 0.470189 0.100000 0.504313 0.200759 0.424447 0.268148 0.100000 0.100000 0.755622 0.505790 0.232867 0.828657 0.286171 0.100000 0.100000 0.227859 0.613813 0.140892 0.859748 0.100000 0.944155 0.100000 0.723773 0.100000 0.657111 0.100000 0.453119 0.100000 0.666778 0.657828 0.414238 0.923087 1.069305 0.507432 
0.100000 0.823618 0.920567 0.453431 0.296925 0.916311 0.435509 0.455498 0.100000 1.035584 0.425640 0.356641 0.267628 0.100000 0.100000 1.012910 0.100000 0.951994 0.448974 0.100000 0.588590 0.264289 0.910730 0.100000 0.100000 0.100000 0.392875 0.623299 0.437205 0.182230 0.283362 0.100000 0.100000 0.290544 0.383663 0.639218 0.100000 0.195564 0.100000 0.100000 0.100000 1.005314 0.100000 0.100000 0.100000 0.498982 0.401884 1.357487 0.520477 0.278673 1.000080 0.628424 0.115577 0.175466 1.330365 0.100000 0.100000 0.645047 0.529342 0.687217 0.100000 0.100000 0.725268 0.100000 0.241166 1.504436 0.100000 0.295844 1.380774 0.354407 0.912564 0.658785 0.556253 1.108868 0.751308 0.465118 0.100000 
0.100000 0.522273 0.100000 0.281459 0.471647 0.860062 0.445725 1.176575 0.344930 0.509912 1.330243 0.252140 0.493777 1.190924 0.472657 0.100000 0.100000 0.453212 0.100000 0.287273 0.656491 0.100000 0.106276 0.113108 0.231484 0.818742 1.289810 0.100000 0.100000 1.311094 1.327437 0.629382 0.100000 0.614438 0.270749 0.100000 0.969997 0.425439 1.056711 0.633193 0.100000 1.046974 0.100000 0.100000 0.200413 0.603029 0.100000 0.827775 0.551849 0.844205 0.558626 0.579806 0.100000 0.100000 1.116252 0.100000 0.100000 0.872258 0.939215 0.324873 0.100000 1.136523 0.100000 0.252292 1.635657 0.368245 0.863112 0.100000 0.100000 1.230387 0.520303 0.100000 0.465103 0.190930 0.963015 0.100000 0.367480 
0.100000 0.549743 0.100000 0.450441 1.187812 0.100000 0.671984 0.100000 0.100000 0.423667 0.122079 1.337144 0.351559 0.916430 1.682905 0.299097 0.236001 0.142052 0.376060 0.765203 0.813987 0.513558 0.472477 0.723219 0.482160 1.293293 0.297488 0.309240 0.390807 1.323530 0.100000 1.608023 0.100000 0.748696 0.912035 1.532090 0.594352 0.500738 0.100000 1.227886 0.606096 0.101204 0.132728 0.799330 0.484841 1.043499 0.412200 0.193066 1.139508 0.100000 0.539185 0.169549 0.214873 0.900491 0.598770 0.100000 1.578718 0.329898 0.529849 0.732240 0.100000 0.100000 0.270353 1.409347 0.608406 0.677823 0.100000 0.100000 0.587758 0.797709 0.427983 1.063297 0.100000 0.133323 0.166476 0.100000 0.624216 
1.129383 0.741585 0.100000 0.100000 0.447730 0.543512 0.305323 0.117099 0.100000 0.579852 0.470915 0.129392 0.333531 0.671976 0.100000 0.100000 0.100000 0.100000 0.302240 0.140318 0.855666 1.396312 0.449180 0.182566 0.393196 0.905472 0.819342 0.310161 0.100000 1.211018 0.968113 0.971448 0.100000 0.188497 0.513596 0.542460 0.362310 0.781642 1.054139 0.336832 0.269769 1.389245 0.379452 0.100000 0.100000 0.454851 0.277858 0.143402 1.014544 1.623395 0.432200 0.218912 0.111211 0.394770 0.719263 0.100000 0.100000 0.100000 0.931264 0.703997 0.100000 0.413481 0.124955 0.786608 0.473216 1.085964 0.936783 0.527236 0.100000 0.882928 0.883271 1.006821 1.242305 0.619079 0.769655 0.100000 0.570434 
