71 Number of operations
27 Number of workers
Standard production times
0.276523 0.766200 0.205398 0.484460 0.654616 0.164401 0.442802 0.100000 0.428354 0.368479 0.457340 0.543206 0.320728 0.466911 0.523651 0.414547 0.786475 0.535934 0.342087 0.691370 0.574035 0.522517 0.438777 0.362926 0.135927 0.433696 0.417881 0.334334 0.649984 0.661232 0.327638 0.361546 0.118788 0.516712 0.199846 0.556579 0.379372 0.857641 0.469284 0.634427 0.702806 0.537800 0.474079 0.442704 0.220959 0.620823 0.309981 0.408651 0.601079 0.279261 0.206327 0.126330 0.466698 0.206419 0.535361 0.407015 0.273133 0.100000 0.347239 0.228165 0.391554 0.317699 0.134108 0.273852 0.136768 0.235779 0.586587 0.100000 0.622812 0.100000 0.488462 
Production times: workers row and ops columns
0.283110 0.444494 0.100000 0.564403 1.068324 0.225137 0.100000 0.100000 0.100000 0.571944 0.345062 0.774613 0.100000 0.286768 0.889430 1.195435 0.673772 0.370401 0.577280 0.100000 1.028126 0.538035 0.552462 1.176578 0.100000 1.333248 1.611913 0.214020 0.525612 1.818054 0.434141 1.240368 0.260755 0.148136 0.837674 0.412198 0.102617 1.389553 0.100000 0.100000 0.518332 0.981304 0.775297 0.355184 0.251997 0.138573 0.100000 0.363341 0.533910 0.444188 0.299464 0.848844 0.509134 0.751614 0.638559 0.148353 0.100000 0.100000 0.100000 0.100000 0.100000 0.100000 0.100000 0.953062 0.100000 0.100000 0.100000 0.178660 0.100000 0.100000 0.123622 
0.100000 0.104070 0.732344 0.893693 0.152394 0.908126 0.527346 0.100000 0.480213 0.100000 1.690690 0.476763 0.257109 0.390207 1.259282 0.100000 0.867728 0.100000 0.100000 0.833105 0.371177 1.213906 0.100000 0.761515 0.100000 0.563357 0.906570 0.609219 0.852451 0.726809 0.539449 0.100000 0.100000 0.100000 0.100000 0.236051 0.221606 1.375146 0.100000 0.373379 1.041626 0.668517 0.100000 0.885117 0.948260 0.415862 0.100000 0.100000 0.598015 0.463464 0.555396 0.100000 0.654696 0.394121 0.100000 0.711278 0.100000 0.100000 0.446320 0.100000 0.119280 0.491364 0.144919 0.100000 0.100000 0.100000 0.895617 0.100000 0.900808 0.100000 0.447649 
0.928776 0.764019 0.315432 0.100000 0.332563 0.473199 0.196733 0.100000 0.227793 1.055835 0.517472 0.261381 0.100000 0.100000 1.494123 0.573608 1.455881 0.306894 0.100000 0.851952 0.100000 0.713464 0.199297 0.100000 0.100000 0.433894 0.100000 0.780532 0.322852 0.335708 0.391394 0.100000 0.686494 1.158488 0.821895 0.427060 1.119409 0.997202 0.100000 1.085092 0.539076 1.534682 0.723599 0.100000 0.539604 0.153429 0.100000 0.100000 1.162038 0.154449 0.100000 0.957544 0.100000 0.100000 1.568560 0.262193 0.100000 0.100000 0.339259 0.538736 0.323357 0.315631 0.392847 0.439162 1.349617 0.100000 0.872205 0.909798 0.100000 0.998089 0.275388 
0.263219 1.661157 0.222438 0.724553 0.409354 0.710233 0.331924 0.222496 0.100000 0.967855 0.638859 0.332694 0.418900 0.100000 0.690207 0.777719 0.798403 1.238178 0.434584 0.100000 0.568679 0.100000 0.519882 1.021530 0.374750 0.201894 0.698268 0.100000 0.489995 0.100000 0.112182 0.155133 0.100000 0.930786 0.131967 0.712876 1.070255 0.412375 0.100000 0.197233 1.591767 0.669627 0.827207 0.100000 0.696771 0.100000 0.590694 0.576141 0.963812 0.100000 0.100000 0.100000 0.753498 0.100000 1.757807 1.594213 0.100000 0.100000 0.134282 0.100000 0.802104 0.421844 0.100000 0.100000 0.493963 0.240293 0.837302 0.100000 1.450738 0.229723 0.759870 
0.100000 1.080569 0.589052 0.799295 1.044208 0.424983 0.652001 0.591811 0.100000 0.100000 0.269428 0.199595 0.100000 1.065694 0.100000 0.100000 0.634272 0.572787 0.194927 0.700562 0.515268 0.100000 0.100000 0.194253 0.556565 1.165160 0.718472 0.492989 0.100000 0.555543 0.100000 0.100000 0.136158 0.335470 0.409574 0.100000 1.480596 0.968530 0.100000 0.100000 0.100000 0.771928 0.295400 0.100000 0.100000 0.304883 0.100000 0.365991 0.844803 0.100000 0.100000 0.100000 0.903453 0.244729 0.685458 0.100000 0.883335 0.341350 0.261760 0.479880 0.534050 0.297465 0.496961 0.390857 0.300473 0.250523 0.943093 0.100000 0.553574 0.100000 0.625974 
0.471656 0.100000 1.606247 0.243237 0.180613 0.100000 0.100000 0.100000 0.429455 1.070376 0.562285 0.397301 1.174805 0.100000 0.460538 1.132907 0.350868 1.051216 0.100000 0.670734 0.100000 0.598622 0.816685 1.113993 0.100000 1.007283 0.443521 0.302889 1.206747 0.100000 0.100000 0.577059 0.402225 0.918134 0.341371 0.100000 0.234198 1.179374 0.100000 0.265998 0.130829 0.100000 0.701623 0.569801 0.361759 0.480291 0.364887 0.232859 0.113923 0.523546 0.420996 0.100000 0.789162 0.847243 0.331757 0.274023 0.266328 0.100000 0.573308 0.100000 1.305208 0.100000 0.211663 0.100000 0.401768 0.564571 0.797770 0.806995 1.002785 0.255958 1.134483 
0.100000 0.360569 1.207396 0.100000 0.855512 0.100000 0.629136 0.267371 0.199744 0.232942 0.100000 0.825503 0.745504 0.384074 0.770065 0.100000 0.895110 0.879325 0.709152 0.919522 0.537152 1.334266 1.437663 0.100000 0.117193 0.583178 0.100000 1.024752 0.521124 0.242003 0.689343 0.156793 0.100000 0.100000 0.616732 0.100000 1.235170 1.208320 0.100000 0.712432 0.180696 0.683867 1.148844 0.100000 0.403869 1.167487 0.100000 1.137656 0.522911 0.518763 0.821489 0.100000 0.355427 0.663104 0.100000 0.100000 0.698179 0.100000 0.329873 0.379978 0.100000 0.100000 0.447414 0.100000 0.100000 0.989083 0.649985 0.694220 0.394697 0.100000 0.987785 
0.100000 1.112370 0.459379 0.365709 0.100000 0.100000 0.577336 0.618577 0.100000 0.428424 0.108853 0.651488 0.565900 0.562228 1.071843 0.147984 0.852194 0.374629 0.100000 0.597567 0.506807 0.340103 0.657001 0.100000 0.100000 0.159497 0.516490 1.432706 1.042221 0.872404 0.422123 0.300059 0.285148 1.065699 0.281989 0.618947 0.800081 1.074841 0.210687 0.345109 0.973737 0.781247 0.938376 0.779858 0.363662 1.045686 1.156053 0.656018 0.620336 0.237851 0.319600 0.100000 0.100000 0.100000 0.425690 1.194449 0.286715 0.725936 0.361377 0.140879 0.408643 0.676108 0.100000 0.779816 0.105424 0.661477 0.955846 0.100000 0.100000 0.136344 0.309588 
0.405680 0.781963 0.266978 0.592512 0.883305 0.100000 0.495195 0.100000 0.100000 1.304457 0.967780 0.710613 0.628803 1.731400 0.132290 0.100000 0.100000 0.753601 0.345671 0.532120 0.292438 1.808459 0.133017 0.514851 0.273062 0.158690 0.485386 0.105133 0.409891 0.761975 0.813084 0.348691 0.100000 0.100000 0.100000 0.791063 0.378543 2.079782 0.236055 0.816943 0.729938 0.339810 0.692376 0.377908 0.675940 0.144076 0.230841 0.488512 0.968410 0.995297 0.599832 0.100000 0.153815 0.921130 0.117766 0.861241 0.100000 0.100000 1.395356 0.203718 0.163026 0.100000 0.100000 0.100000 0.100000 0.100000 0.100000 0.475786 1.282339 0.100000 0.347510 
0.182499 0.305927 0.767338 0.672554 0.981833 0.932811 0.100000 0.637056 0.280588 0.368631 0.739094 0.469945 0.100000 0.536216 0.453761 0.817176 0.100000 0.452641 0.318297 0.421768 0.585209 0.569082 0.102449 0.360851 0.100000 0.405644 0.779749 1.183835 0.528432 0.799867 0.547592 0.132085 0.100000 0.100000 0.663735 0.100000 0.594155 0.687183 0.952910 0.549416 0.449449 0.953432 0.175474 0.883273 0.366280 0.100000 1.011034 0.100000 0.100000 0.311048 0.437893 0.100000 0.488794 0.610243 0.654778 0.100000 0.100000 0.100000 0.100000 0.100000 0.505357 0.246827 0.685131 0.591919 0.327975 0.432753 0.363683 0.100000 0.133681 0.100000 0.100000 
0.100000 0.942947 1.134951 0.100000 0.939349 0.100000 0.918903 0.273793 1.352415 0.841646 0.319166 0.241152 0.914057 0.100000 1.185433 0.783623 0.235626 1.445011 0.100000 0.695455 1.008102 0.595261 1.742755 0.786942 0.180403 0.408496 0.100000 0.723891 0.927879 0.364750 0.244894 0.242527 0.920839 0.204073 0.583232 0.508719 0.265732 1.446236 0.902704 1.228292 0.642574 0.100000 0.344936 0.567702 0.262843 0.100000 0.748288 0.100000 0.450805 0.100000 0.100000 0.330172 1.256641 0.100000 0.545847 0.100000 0.100000 0.142845 0.205969 0.100000 0.100000 0.946916 0.763709 0.726298 0.661265 0.100000 0.584303 0.100000 0.788001 0.392966 0.100000 
0.100000 1.073574 1.332594 0.100000 1.056583 0.100000 0.100000 0.100000 0.374663 0.537719 0.139142 0.100000 0.100000 0.774863 0.359133 0.100000 0.586510 0.164759 0.333409 0.746466 1.124238 0.100000 0.284855 0.100000 0.100000 0.434777 0.100000 0.100000 0.888572 1.019467 0.713599 0.740082 0.100000 0.851937 0.529660 0.318388 0.100000 1.340411 0.117211 1.205694 0.482283 0.940130 0.100000 0.468116 0.100000 0.881633 0.196146 0.429064 1.226677 0.100000 0.475295 0.498868 0.100000 0.100000 0.572344 0.100000 0.816078 0.902976 0.100000 0.100000 0.863261 0.469719 0.100000 0.100000 0.100000 0.100000 1.644389 0.100000 0.560391 0.326145 1.018133 
0.100000 0.636265 0.589642 0.732128 0.453209 0.100000 0.970623 0.100000 0.833113 0.673042 0.100000 0.822730 0.594944 0.100000 0.652012 0.649190 0.504924 0.772954 0.679805 0.897422 0.100000 0.337090 0.100000 0.100000 0.225940 0.406122 0.100000 0.900640 0.848792 0.744807 1.721508 0.536876 0.837254 0.543572 0.100000 0.100000 1.509800 0.919158 1.286790 0.100000 0.939171 1.182967 0.262046 0.437679 0.100000 1.450487 0.154396 0.100000 0.680984 0.123384 0.100000 0.100000 0.521563 0.100000 0.765238 0.100000 0.447582 0.100000 0.167955 0.100000 0.217765 1.048224 0.465107 0.100000 0.449758 0.504697 0.597699 0.787359 1.141528 1.006358 0.100000 
0.526867 0.229603 0.898223 0.341907 1.199728 0.334826 0.309208 0.100000 0.839067 0.327723 0.194662 0.857247 0.877065 0.792011 0.704284 0.665679 0.797924 0.700409 0.100000 0.895198 0.737452 0.100000 1.445739 1.227584 0.173163 0.716007 0.365563 0.806656 0.951851 1.097934 0.181187 0.100000 0.404808 1.013554 0.479955 0.100000 0.874750 1.086365 0.100000 1.294353 0.100000 0.331188 0.784869 0.689881 0.100000 0.145303 0.100000 0.578068 0.661142 0.100000 0.850553 0.778999 0.270481 0.100000 0.392424 0.728324 0.607404 0.100000 0.100000 0.100000 0.138508 0.373659 0.100000 0.721108 1.000342 0.123280 0.100000 0.311328 0.907331 0.213968 0.170682 
0.100000 0.601308 0.554196 0.100000 0.100000 0.100000 0.377005 0.100000 0.395458 0.958470 0.773504 0.627799 0.100000 0.100000 0.724110 0.161092 0.100000 0.599641 0.112141 1.012557 0.598586 0.645911 0.100000 0.386163 0.100000 0.100000 0.643244 0.100000 1.004611 0.649920 0.100000 0.430953 1.185935 0.845458 0.100000 0.100000 0.719144 0.869550 0.100000 0.640972 0.100000 0.100000 0.283125 0.100000 0.100000 0.588372 0.272969 0.645822 0.100000 0.100000 0.100000 0.182810 1.445522 0.153458 0.100000 1.017696 0.699673 0.100000 0.100000 0.190338 1.316963 0.564223 0.100000 0.100000 0.160730 0.100000 0.895666 0.100000 0.517844 0.138911 0.410902 
0.100000 0.380503 0.465404 1.094928 0.817374 0.100000 0.883061 0.100000 0.393182 1.123450 0.679889 0.100000 1.129832 0.520804 0.945536 0.103154 0.100000 0.508845 0.756449 0.100000 0.726269 0.993941 0.979878 0.100000 0.100000 0.813590 0.555066 0.308151 0.100000 0.435974 0.100000 0.185929 0.100000 0.100000 0.267026 0.757300 0.100000 0.141153 0.100000 1.057555 0.899764 1.006638 0.100000 0.100000 0.725003 0.802492 1.099416 0.161109 0.100000 0.100000 0.100000 0.100000 1.089455 0.499326 0.100000 0.278672 0.479512 0.208706 0.423510 1.186622 1.196812 1.325172 0.111995 0.100000 0.875654 0.100000 0.100000 0.243732 0.210433 0.100000 1.558684 
0.505262 0.779771 0.415198 1.420987 1.659074 0.100000 0.575719 0.100000 0.648788 0.100000 0.471239 1.246034 0.113593 0.493214 0.696388 1.121116 0.833728 0.100000 0.336117 1.377692 0.841361 0.880762 0.115088 0.336018 0.173552 0.692238 0.744502 0.674934 0.322828 0.293766 0.100000 0.609689 0.515698 0.100000 0.912525 0.746753 0.850092 0.925658 0.215287 0.536556 0.552143 0.559986 0.100000 0.329375 0.100000 0.100000 0.138350 0.107183 1.167671 0.218059 0.100000 0.299299 0.881478 0.117754 0.845407 0.372890 0.145759 0.100000 0.110657 0.844796 0.830987 0.417781 0.404895 0.100000 0.100000 0.448497 0.616311 0.100000 0.100000 0.324897 0.100000 
0.747077 0.726714 0.100000 0.849026 0.955977 0.626836 0.333747 0.100000 0.100000 0.620628 0.102523 0.743862 0.532050 0.370275 0.534249 0.548086 0.270314 1.833756 0.152180 0.517581 0.951193 0.366973 0.504788 0.423457 0.148692 0.566274 0.367508 0.395835 0.989077 0.942336 0.100000 0.537661 0.100000 1.353084 0.100000 0.298040 1.725773 0.921566 0.521871 1.116697 0.100000 0.333613 0.100000 0.290471 1.738725 0.253058 0.602525 0.178353 0.100000 0.460287 0.497056 0.428219 1.185785 0.937683 0.685024 0.916273 0.224685 0.100000 0.100000 0.524761 0.100000 0.442626 0.875431 0.100000 0.430614 0.100000 1.166151 0.100000 1.465601 0.100000 0.610996 
1.125073 0.870174 0.457313 0.249105 0.815570 0.901145 0.271587 0.624066 1.438742 1.090386 0.491698 0.100000 2.240249 0.100000 0.534045 0.100000 0.304708 1.812698 0.618133 0.701547 1.031193 0.143657 0.100000 0.645741 0.788904 0.369277 0.399547 0.100000 0.100000 0.724980 0.267048 0.352038 0.909395 0.100000 0.100000 0.288195 0.100000 2.263445 1.172043 1.020543 1.395661 0.100000 0.100000 0.100000 1.127319 0.100000 0.698890 1.002638 0.584372 0.100000 0.295575 0.149077 0.337873 0.652238 0.120290 0.413383 0.100000 0.232310 0.484562 1.139877 0.922187 0.256132 0.100000 0.500597 0.100000 0.205543 0.392299 0.283248 0.234436 0.100000 0.424041 
1.109962 0.468060 0.100000 0.862760 0.538718 0.496121 0.100000 0.559113 1.179211 1.313985 1.241924 0.655198 0.100000 1.077734 0.100000 0.100000 0.600753 0.990539 0.100000 0.536954 0.962096 0.703003 0.534270 0.410710 0.141793 0.502624 0.237146 0.752934 0.237895 1.571294 0.100000 0.598402 0.201211 1.149812 0.100000 1.023019 0.977218 1.093472 0.218855 0.614192 0.953180 0.407068 0.724023 0.367472 0.100000 0.412176 0.469927 0.629998 0.634459 0.279145 0.850884 0.687000 0.433016 0.100000 1.329358 0.100000 0.990431 0.246448 0.100000 0.100000 0.100000 0.100000 1.046853 0.915413 0.100000 0.100000 0.850440 0.691926 0.424222 0.100000 0.565249 
0.187165 1.121903 0.100000 0.100000 0.506132 0.500512 0.100000 0.100000 0.672597 0.705644 0.724846 0.115126 0.100000 0.995361 0.100000 0.163359 0.438988 1.017743 0.122385 0.895279 0.100000 0.762417 0.799072 0.570529 0.421309 0.976734 0.225136 0.100000 0.152065 1.409374 0.191682 0.681251 0.456149 0.225023 0.426795 0.308272 0.100000 0.787428 0.491648 0.659170 0.680580 1.221603 1.205273 0.100000 0.357380 0.100000 0.886697 0.833878 0.787268 0.400133 0.726590 0.627670 0.249501 0.100000 0.100000 0.354538 0.421566 0.276418 0.469522 0.100000 0.100000 0.493375 0.100000 0.907627 0.692299 0.100000 0.100000 0.100000 0.806302 0.100000 1.024254 
1.321521 0.100000 1.403627 0.273842 0.778059 0.600678 1.186936 0.100000 0.100000 0.549107 0.954304 0.100000 0.191933 1.127390 0.100000 0.813135 1.181114 1.203758 1.258567 0.100000 0.510171 0.707112 0.503694 0.844344 0.725396 0.127001 0.377394 0.328897 0.144963 0.594082 0.100000 1.002894 0.382053 0.211382 0.168665 0.100000 0.100000 0.621184 0.548163 0.100000 0.220177 1.069111 0.100000 0.693257 0.437944 0.449776 1.061125 0.773803 0.100000 0.826459 0.100000 1.132159 0.100000 0.563891 0.646433 1.378357 0.213479 0.100000 0.334066 0.279545 1.113408 0.366032 0.100000 0.100000 0.525574 0.963872 0.436084 0.100000 0.641478 0.124550 1.522238 
0.100000 1.157441 0.100000 0.100000 1.423045 0.143486 0.420028 0.100000 1.056284 0.100000 0.100000 1.049709 0.100000 0.646220 0.100000 0.304624 1.979992 0.484947 0.301206 1.115534 0.884268 0.302324 0.322528 0.646284 0.100000 1.052098 0.100000 0.100000 0.293987 0.100000 0.910091 0.100000 1.341175 0.100000 0.100000 0.100000 0.189084 1.045216 0.706047 0.100000 0.100000 0.459740 0.637884 0.100000 0.541816 0.549035 0.722382 0.100000 1.279422 0.315985 0.275334 0.100000 0.100000 0.444187 1.212639 0.100000 0.100000 0.100000 1.145049 0.419577 0.100000 0.181492 0.258084 0.100000 0.100000 0.468295 0.100000 0.100000 0.443673 0.853524 1.091921 
0.451645 1.349398 0.100000 0.100000 0.575841 0.100000 0.716933 0.100000 0.496459 0.867575 0.100000 0.915662 0.100000 0.283590 1.014415 0.360626 0.423188 0.100000 0.258771 0.100000 1.176644 0.100000 0.100000 0.100000 0.100000 0.748636 1.195899 0.534122 0.121243 0.398552 0.100000 1.529285 0.777606 0.277469 0.100000 0.100000 0.640626 1.182782 0.100000 0.344206 1.267536 1.263392 0.100000 0.100000 0.212443 1.136651 0.100000 0.100000 0.520276 0.634058 0.100000 0.219381 0.790240 0.209498 0.936411 0.892548 0.219573 0.531280 0.371521 0.439745 0.100000 0.371313 0.100000 0.569634 0.486878 0.622999 0.526233 0.414124 0.616686 0.100000 1.513834 
0.391271 0.201272 0.700248 0.100000 0.760591 0.100000 0.444850 0.100000 0.899952 0.414457 0.710990 0.100000 0.821433 1.458275 0.100000 0.100000 1.685457 1.478842 0.830253 1.603697 0.186984 0.837504 0.740553 0.199653 0.861784 0.308853 0.268226 0.245098 0.464995 0.855571 0.483225 0.200375 0.100000 0.605959 0.100000 1.229696 1.314176 1.318668 0.100000 0.100000 0.939585 0.203073 0.233067 0.100000 0.367348 0.100000 0.325034 0.771792 0.471577 0.100000 0.323212 0.493798 0.626374 0.100000 0.462089 0.326862 0.616992 0.212098 0.100000 0.100000 0.877959 0.875639 0.100000 0.100000 0.100000 0.690334 0.754609 0.331609 0.814923 0.431681 0.741965 
0.100000 1.093638 0.100000 0.231707 0.664944 0.601743 0.732758 0.100000 0.387498 0.684962 0.100000 1.094890 0.308981 0.789837 0.721397 0.307821 2.053773 0.632519 0.100000 0.100000 0.551094 1.041049 0.106413 0.358146 1.576998 0.373316 0.100000 0.107660 0.488741 0.799880 0.615121 0.512493 1.500805 0.354513 0.100000 0.100000 1.007086 0.981234 0.655949 0.100000 0.847542 0.100000 0.100000 0.102038 0.277433 0.100000 0.647610 1.222942 0.954812 0.740941 0.100000 0.100000 0.361606 0.478607 0.709598 1.022017 0.529876 0.501093 0.259009 0.375404 0.117833 0.815898 0.107911 0.156799 0.100000 0.100000 0.694124 0.319961 0.909368 0.100000 0.922985 
0.888784 0.784306 0.452837 0.313370 0.913596 0.708509 0.416223 0.208341 0.216105 0.100000 0.100000 0.573472 0.342565 0.321976 0.100000 0.728788 0.888047 1.677191 0.582490 1.834367 1.065702 0.100000 1.724302 0.100000 0.210878 0.929142 0.100000 0.149915 0.702470 0.811377 0.100000 1.654867 0.548741 1.050075 0.221727 0.100000 1.787170 1.330264 0.446739 0.215385 1.222296 0.100000 0.100000 0.446282 0.201967 0.100000 0.659631 1.319463 0.355843 0.697343 0.410589 0.100000 0.808487 0.317417 1.207147 0.100000 0.100000 1.473647 0.495610 1.226892 1.110148 0.795280 0.755752 0.702503 0.119841 0.327732 0.900985 0.524951 1.212692 0.424314 1.016557 
