78 Number of operations
27 Number of workers
Standard production times
0.436826 0.198809 0.331604 0.391055 0.455688 0.283821 0.369697 0.170513 0.277800 0.162097 0.574453 0.396892 0.633336 0.100000 0.551241 0.100000 0.330241 0.100000 0.539262 0.512992 0.495972 0.340811 0.315938 0.228077 0.318417 0.649516 0.100000 0.100000 0.538062 0.585624 0.717307 0.480261 0.146062 0.493841 0.660772 0.646257 0.445896 0.454722 0.266643 0.360484 0.497204 0.572092 0.100000 0.238532 0.100000 0.618461 0.282133 0.597837 0.392383 0.644536 0.657231 0.431644 0.169275 0.413947 0.588501 0.278597 0.308175 0.396599 0.569202 0.402256 0.238324 0.288863 0.302463 0.464080 0.450278 0.274325 0.171269 0.118233 0.100000 0.577667 0.456585 0.653838 0.442652 0.454075 0.641237 0.267259 0.435319 0.449011 
Production times: workers row and ops columns
0.100000 0.100000 0.100000 0.132846 0.100000 0.472469 0.100000 0.115786 0.617336 0.100000 0.424350 1.475966 1.070479 0.100000 0.511370 0.382243 0.946977 0.174493 0.273971 0.147729 0.818503 0.497341 0.100000 0.133541 0.110318 1.011845 0.100000 0.343207 0.963822 0.828749 0.300187 1.152757 0.100000 0.707059 0.284104 0.100000 0.558772 0.598239 0.227923 0.498518 0.172999 0.203359 0.100000 1.193170 0.507407 0.358465 0.561490 0.358655 0.163752 1.074178 0.394599 0.100000 0.100000 0.458155 0.652505 0.899405 0.100000 0.762332 0.782186 0.327749 0.656246 0.534922 0.100000 0.999922 0.100000 0.304133 0.172491 0.330551 0.100000 0.560195 0.386275 1.152383 0.100000 0.490448 0.510616 0.100000 1.773376 0.413402 
0.100000 0.903122 0.100000 0.576490 0.887104 0.100000 0.154252 0.100000 0.213120 0.100000 0.100000 0.326498 1.152812 0.415872 1.415950 0.447026 0.100000 0.100000 0.100000 0.100000 0.100000 0.476108 0.639853 0.100000 0.100000 0.100000 0.100000 0.224084 0.760953 0.194270 1.711552 1.077790 0.100000 0.230247 0.499979 0.721822 0.436583 0.696486 0.651126 1.043606 1.070837 0.516977 0.294125 0.100000 0.100000 1.573874 0.100000 1.593206 0.217865 0.770949 1.201936 0.443605 0.365838 0.293255 0.350738 0.195709 0.100000 1.212291 0.485353 1.263591 0.100000 0.298073 0.583439 0.317170 0.997604 0.594171 0.100000 0.335737 1.505939 0.703665 0.606336 0.433843 0.509401 0.100000 0.542092 1.496053 0.968927 0.769721 
0.988786 1.139686 0.628398 1.426494 0.990587 0.367081 1.229435 0.100000 0.100000 0.294990 0.118408 0.318862 0.313941 0.100000 1.907204 0.413737 0.303267 0.757584 0.420594 0.955662 0.671380 1.154098 0.100000 0.610938 0.379542 0.100000 0.632710 0.100000 1.347682 0.842171 1.065049 0.520490 0.598326 0.100000 0.698136 0.332131 0.587227 0.431143 0.574932 0.100000 1.416780 1.730021 0.100000 0.231045 0.243779 1.250504 1.230584 0.100000 0.100000 0.113458 0.100841 0.100000 0.350677 0.100000 1.340132 0.732756 0.100000 0.100000 0.263010 1.102239 0.100000 0.100000 0.277751 0.650775 0.121649 1.084040 0.291497 0.344752 0.100000 0.557802 0.378326 0.100000 0.586481 0.100000 0.626844 0.100000 1.445145 0.612142 
0.867504 0.658313 0.100000 0.100000 0.290899 0.732396 0.415214 0.563229 0.746116 0.100000 0.718295 1.380129 0.348070 0.100000 0.435289 0.100000 0.539432 0.100000 0.584621 0.100000 0.922954 1.134244 0.964877 0.100000 0.478015 0.100000 0.241593 0.100000 0.100000 0.757522 0.786315 0.950013 0.209717 0.611355 0.100000 0.100000 0.207947 0.603144 0.263494 1.110929 0.100000 0.452276 0.227540 0.122783 0.347790 0.333179 0.992304 0.438042 0.950355 0.629385 1.402992 0.100000 0.427674 0.197659 0.704201 0.875000 0.100000 0.100000 0.100000 0.529450 0.100000 0.337160 0.100000 0.100000 0.265689 0.464624 0.100000 0.100000 0.100000 0.441299 0.100000 0.438788 0.485134 1.002965 1.664403 0.600753 0.474865 0.100000 
0.481352 0.588257 0.963926 0.100000 0.573891 0.691623 1.300103 0.298308 0.100000 0.100000 0.395733 0.100000 1.046604 0.634653 0.913669 0.696093 0.103357 0.290168 0.346931 0.534822 1.108465 0.325943 0.100000 0.101669 0.100000 0.100000 0.100000 0.580312 1.378518 0.341121 1.218575 1.069372 0.100000 0.474160 0.638542 0.732450 0.100000 0.280150 0.795554 0.991586 1.412885 0.403337 1.034754 0.571484 0.100000 0.999266 0.105993 0.857375 0.341121 1.248656 0.785511 0.290392 0.651758 0.542058 0.382022 0.917234 0.104003 0.100000 0.299415 0.100000 0.100000 1.219302 0.100000 0.468290 0.100000 0.100000 0.930615 0.566411 0.100000 0.580777 0.100000 0.261736 0.100000 0.100000 0.804211 0.565656 0.679440 0.364293 
0.100000 0.165254 0.100000 0.831706 0.733910 0.657267 0.195513 0.100000 0.756748 0.775257 0.100000 0.465850 1.229963 0.100000 1.435082 0.100000 0.100000 0.785829 0.686528 0.186423 0.935866 0.100000 1.223591 0.100000 0.461409 0.450208 0.318116 0.543963 0.126119 0.978806 0.570291 0.136331 0.100000 0.100000 0.262938 1.120824 0.370485 1.025488 0.482522 0.100000 0.100000 0.228471 0.232063 0.242938 0.100000 1.124867 0.100000 0.100000 0.456030 1.741418 0.864198 0.100000 0.465604 0.755645 1.057429 0.100000 0.100000 0.455708 0.776840 1.201374 1.283148 0.100000 0.100000 0.432294 0.325392 0.517220 0.414138 0.247181 0.772036 0.498412 0.100000 0.100000 0.100000 0.100000 0.100000 0.598853 0.527953 0.237615 
0.100000 0.100000 0.100000 1.315010 0.100000 0.354726 0.741516 0.238579 0.119398 0.546133 0.100000 0.674664 1.348685 0.100000 0.141324 0.167970 0.825028 0.769574 0.879576 0.178241 0.100000 0.462300 0.515067 0.100000 0.348312 0.815634 0.622532 0.100000 0.816545 0.100000 0.504014 0.441123 0.905021 2.150993 0.787545 0.893902 0.949667 0.100000 0.649475 0.100000 1.311760 1.293837 0.350770 0.100000 0.934013 0.748305 0.337255 0.887609 0.100000 0.858786 1.155285 0.601145 0.241905 0.100000 0.910278 0.378832 0.312707 0.114997 0.997288 1.025848 0.432397 0.737237 0.965475 1.258161 0.563103 0.167661 0.100000 0.125106 0.375983 1.046758 0.243214 0.728767 0.100000 1.086057 0.445506 0.446220 0.100000 0.299873 
0.100000 1.051292 0.511286 0.307833 0.100000 0.100000 0.654050 1.003476 0.100000 0.100000 0.486559 0.100000 0.100000 0.109655 0.926762 0.100000 0.435721 0.582336 1.029426 0.303057 1.648347 0.618368 0.100000 0.720227 0.100000 1.097150 0.100000 0.495271 0.246282 1.151769 1.087646 0.703865 0.175378 1.037349 0.100000 0.862534 0.652613 0.735796 0.679757 2.211713 0.555596 0.974341 0.176184 1.024866 0.100000 1.467435 0.100000 0.100000 0.100000 0.557277 0.754354 0.408698 0.577684 0.396358 0.556902 0.100000 0.551847 0.901720 0.358866 0.100000 0.100000 1.125644 0.100000 0.131788 0.100000 0.614767 0.100000 0.100000 0.100000 0.523768 0.957059 0.579872 0.883762 0.541789 0.715155 0.356746 0.452540 0.962114 
0.680752 0.100000 0.395914 0.353073 0.698154 0.373980 0.576986 0.100000 0.467596 0.818903 0.100000 1.197358 0.781873 0.100000 0.100000 0.643799 0.100000 0.100000 0.812214 0.100000 0.100000 0.100000 0.260258 0.522345 0.519920 0.853217 0.100000 0.170235 0.193042 1.584462 0.814671 0.100000 0.100000 1.294493 0.100000 0.427409 0.647709 0.100000 0.799946 1.200026 0.100000 1.136739 0.100000 0.100000 0.222843 0.737427 0.100000 1.018849 0.100000 0.216703 0.118297 0.810826 0.571227 0.747417 0.100000 0.344981 0.537002 0.100000 0.158356 0.725187 0.590151 0.416480 0.573501 0.626128 0.525237 0.219696 0.100000 0.100000 0.100000 1.736555 0.586705 0.648491 0.326664 0.396473 0.505103 0.539612 0.420597 0.854551 
0.100000 0.373926 0.770182 0.100000 0.539573 0.407355 0.202323 0.100000 0.100000 0.736507 0.107991 0.100000 0.962293 0.100000 1.032876 0.317110 0.629286 0.100000 0.100000 0.100000 1.224378 0.104841 0.100000 1.019159 0.100000 0.530536 0.100000 0.100000 0.100000 0.305518 1.360052 0.860808 0.100000 0.100000 0.827590 0.589780 0.258633 0.976091 0.100000 0.960280 0.563000 0.846295 0.226685 0.661602 0.100000 0.347332 0.672919 0.685388 0.100000 1.319344 1.262614 1.152363 0.209124 0.589213 0.397729 0.100000 0.340911 0.484853 0.237822 1.317104 0.100000 0.100000 0.100000 1.109683 0.321982 0.111856 0.100000 0.100000 0.100000 1.085436 0.761030 1.148855 0.111472 1.710034 0.150581 0.100000 0.289264 0.517571 
0.814996 0.100000 0.627032 1.244981 0.100000 0.100000 0.100000 0.290984 0.706507 0.545567 0.991265 1.104965 0.697058 0.576386 0.100000 0.100000 0.450674 0.100000 0.825114 1.200518 0.697740 0.100000 0.100000 0.910760 0.100000 0.694174 0.100000 0.126511 1.086247 0.316228 0.100000 1.206129 0.257569 0.856706 0.651083 1.035068 1.078265 1.137885 0.129916 0.184408 0.694638 0.675677 0.382898 0.100000 0.100000 0.843471 0.672756 0.919344 1.222104 1.070651 0.463065 0.924357 0.126808 1.041589 0.707494 0.505352 0.422037 0.423852 0.100000 0.431126 0.100000 0.537764 0.798423 1.489632 0.637316 0.100000 0.100000 1.092118 0.100000 1.025429 0.100000 0.628094 0.784264 0.616693 0.620466 0.100000 0.100000 0.953325 
0.654691 0.118515 0.435017 0.100000 0.966834 0.914308 0.100000 0.221524 0.801924 0.100000 1.591741 1.152206 0.493898 0.589386 1.382339 0.100000 0.639853 0.100000 0.430994 0.868146 0.257434 0.100000 0.100000 0.218210 0.632868 0.637577 0.100000 0.100000 1.182719 0.850851 0.344352 0.335869 0.748407 0.203690 0.463404 0.633725 0.100000 0.905906 0.100000 1.086170 0.279625 0.100000 0.241132 0.100000 0.368675 1.005273 0.100000 0.403389 0.866755 0.309164 0.668482 0.605452 0.949255 0.162409 0.605841 0.844601 0.100000 0.262120 0.100000 0.100000 1.216809 0.394503 1.044207 0.343375 0.720504 0.100000 0.100000 0.100000 0.164166 1.344302 0.358171 0.843758 0.314191 0.526509 0.100000 0.812970 0.174881 0.469778 
0.329750 0.691133 0.592436 0.397552 0.543188 0.455541 0.747969 0.423993 0.920403 0.971309 0.881661 0.100000 1.507257 1.174955 0.369191 0.100000 0.100000 0.489622 0.100000 1.427728 0.100000 0.377010 0.653179 0.100000 0.100000 0.774132 0.100000 0.100000 0.518372 0.306967 0.603303 0.873688 0.100000 0.576809 0.282883 1.102891 0.100000 0.932942 0.100000 0.100000 0.100000 1.078968 0.234262 0.100000 0.100000 1.286833 0.248417 0.873274 0.100000 0.100000 0.934897 1.575916 0.100000 0.699139 0.105113 0.892655 0.100000 0.166404 0.100000 0.181034 0.317284 0.963416 0.100000 0.939283 0.262924 0.113958 0.100000 0.100000 0.100000 1.371040 0.100000 0.414822 0.973372 0.100000 0.839229 0.100000 0.502639 0.855445 
0.334069 0.100000 0.667907 0.683282 0.100000 0.163251 0.100000 0.789680 0.100000 0.228717 1.420997 0.773807 0.462675 0.100000 0.213837 0.536440 0.478518 0.100000 1.822697 0.100000 0.233192 0.135804 0.407594 0.366223 0.165835 1.001821 0.353643 0.100000 0.100000 0.962048 0.221092 0.130448 0.100000 0.100000 0.227292 0.646511 0.236964 0.574110 0.100000 0.201512 0.100000 0.384811 0.198736 0.100000 0.100000 0.478482 0.311228 1.119482 0.327834 0.395511 0.100000 1.384109 0.100000 0.100000 0.470814 0.100000 0.803169 0.446559 0.772887 0.100000 0.100000 0.678323 0.716020 1.844183 0.962911 0.100000 0.180234 0.100000 0.613893 0.500387 0.669474 0.463193 0.716880 1.155234 0.305512 0.100000 0.100000 1.201763 
0.519806 0.100000 0.100000 0.888580 0.572627 0.200581 0.100000 0.100000 0.100000 0.421787 1.184899 0.100000 0.100000 0.100000 0.564876 0.100000 0.100000 0.100000 0.290581 0.253976 0.425831 0.755828 0.659056 0.497443 0.429053 0.264323 0.100000 0.419421 0.568342 0.958453 0.823182 0.484030 0.340011 0.100000 0.554450 0.325525 0.841858 0.100000 0.355907 0.117679 0.706136 0.902151 0.100000 0.260519 0.157175 0.974424 0.100000 0.585293 0.145973 0.130463 0.710540 0.609556 0.100000 1.165646 0.178017 0.615088 0.458691 0.100000 0.518528 0.100000 0.146590 0.588337 1.187890 0.817996 0.100000 0.100000 0.883558 0.169603 0.944909 0.175413 0.138024 0.100000 0.210608 1.043073 0.136230 0.644878 0.624683 0.803376 
0.266788 0.170001 1.361010 0.100000 0.795550 1.004681 0.559760 0.958647 0.100000 0.100000 0.100000 0.144723 0.535231 0.296678 0.100000 0.491961 0.100000 0.534782 0.365909 0.100000 0.100000 0.100000 0.100000 0.232756 0.924541 0.987799 0.100000 0.100000 0.328752 0.100000 0.568451 0.100000 1.370224 0.100000 0.754052 1.510589 0.174591 0.100000 1.040471 0.100000 0.100000 0.100000 0.229772 0.556188 0.100000 1.643634 0.110727 0.529117 0.171965 1.196497 0.599792 0.172207 0.956518 1.005250 1.038899 0.100000 0.100000 0.224516 0.389602 0.138378 0.100000 0.570374 0.100000 0.545818 0.209772 0.100000 0.100000 0.453145 0.205306 0.148695 0.590932 0.692028 0.623114 0.295881 1.119749 0.438281 0.100000 0.100000 
0.100000 0.384254 0.100000 0.202339 0.408735 0.890643 1.458564 0.106197 1.272563 0.432226 1.175244 0.252296 0.100000 0.339751 1.197059 0.100000 0.297072 0.207410 0.836673 0.100000 0.213046 0.805289 1.220916 0.277563 0.808156 0.733318 0.315190 0.100000 0.421447 0.295289 0.765416 1.032590 0.239739 0.821233 0.337363 1.004262 0.100000 0.100000 0.100000 0.100000 0.778190 0.672787 0.100000 0.282422 0.100000 0.159357 0.100000 0.100000 0.913937 0.309736 1.167296 0.354452 0.322194 0.100000 0.431165 0.100000 0.423234 1.084160 0.284312 0.317852 0.416697 0.718512 0.244777 0.270059 0.155732 0.276708 0.291396 0.100000 0.100000 0.957386 0.443106 0.365707 0.796921 0.810591 0.947496 0.601088 0.236740 0.551114 
0.594317 0.259799 0.100000 0.381664 0.631646 0.531539 0.220552 0.186817 0.100000 0.100000 0.100000 0.282344 1.446487 0.976313 0.100000 0.425998 0.960702 0.100000 0.100000 1.225572 0.317274 0.144931 1.173186 0.464402 0.742484 1.453730 0.100000 0.100000 0.937742 0.593071 1.098248 0.691832 0.100000 0.521529 0.508160 0.544733 0.442374 0.647998 0.389260 0.100000 0.833341 0.100000 1.230415 0.100000 0.100000 1.310657 0.204360 0.100000 0.100000 0.808187 0.885937 0.869202 0.328022 0.195530 0.847622 1.022347 0.100000 2.209243 0.382692 1.051996 1.205746 0.768436 0.476718 0.848685 1.141366 0.100000 0.423329 0.100000 0.100000 0.657016 0.566140 0.920478 0.167773 1.036081 0.100000 0.100000 0.100000 0.511468 
0.194576 0.470928 0.100000 1.039953 0.830992 0.100000 0.100000 0.100000 0.100000 0.783329 0.953216 0.100000 1.577353 0.100000 0.100000 0.644776 0.983435 0.103536 0.100000 1.131812 0.243302 0.332276 0.551715 0.381551 0.100000 0.127867 0.477653 0.100000 0.704375 0.721484 0.981772 0.296826 0.257409 0.892507 0.139013 0.674580 0.637843 0.100000 0.100000 1.153858 1.018627 0.201185 0.463336 0.445028 0.805489 1.192391 0.100000 0.450106 1.084332 1.466011 0.350575 0.100000 0.300033 0.100000 0.582664 0.100000 0.693976 0.684788 0.801562 0.100000 0.100000 0.100000 0.552967 0.100000 0.781527 1.163919 0.100000 0.100000 0.594748 1.037686 0.149551 0.568625 0.506327 0.324052 0.933909 0.435970 1.093036 0.100000 
1.033598 0.611986 0.269584 0.604322 0.949162 0.439353 0.250703 0.316738 0.100000 0.100000 0.141840 0.100000 0.733808 0.502722 0.679474 0.834450 0.292200 0.100000 0.182653 0.100000 0.350899 1.036114 0.100000 0.512866 0.321472 1.079451 0.100000 0.476671 0.304147 0.917392 0.100000 0.744708 0.537265 0.100000 1.106268 0.100434 0.963251 0.476855 0.635368 0.573231 0.100000 1.374517 0.737691 0.100000 0.413968 0.881429 0.100000 0.111045 1.067898 0.480721 1.146392 1.419850 0.449262 0.100000 1.118688 0.100000 0.100000 1.899999 0.210392 0.616514 0.100000 0.267231 0.442201 0.100000 0.160957 0.644029 0.643363 0.324844 0.100000 0.812251 0.247019 0.303779 0.477947 1.628375 0.225009 0.822255 0.596774 0.100000 
0.100000 0.147205 0.128345 0.554852 0.100000 0.100000 0.904485 0.186474 0.100000 0.193559 1.523751 0.137007 0.100000 0.598487 1.563688 0.759453 0.100000 0.100000 1.196986 0.448580 0.772869 0.270954 1.178486 0.285961 0.180767 0.739735 0.100000 0.199618 0.509836 0.100000 0.159877 0.100000 0.100000 0.682591 1.234003 0.815609 0.100000 0.100000 0.662284 0.209674 0.449631 0.100000 0.100000 1.345922 0.100000 0.519595 0.100000 1.358472 0.209943 0.557958 0.672415 0.417140 0.869212 0.100000 0.892311 0.100000 0.100000 0.100000 0.769001 0.100000 0.100000 0.554375 0.100000 0.209604 0.622154 0.301986 0.100000 0.127910 0.100000 0.987776 0.100000 0.100000 0.635566 0.100000 0.141867 0.137008 0.765782 0.186105 
0.190800 0.100000 0.493369 0.108918 0.547357 0.933805 0.227771 0.100000 0.100000 0.100000 0.100000 0.100000 0.309821 0.233938 0.759162 0.100000 0.455407 0.100000 1.536627 1.712532 0.401325 0.557526 0.329887 0.581431 0.100000 0.100000 0.468072 0.100000 0.678416 0.100000 0.297479 0.936308 0.916111 0.381945 0.415411 0.760858 0.138546 0.100000 0.221649 0.100000 0.676623 0.285545 0.159862 0.100000 0.100000 0.866453 0.927423 0.980878 0.549009 0.100000 0.906484 0.461994 0.100000 1.028144 0.168727 1.120856 0.100000 0.100000 0.484143 0.100000 0.100000 0.292024 0.100000 0.100000 0.100000 0.100000 0.703410 0.100000 0.100000 0.652737 0.100000 0.729812 0.145683 0.100000 0.100000 0.100000 0.914338 1.014735 
0.251666 0.196368 0.100000 0.100000 0.100000 1.099169 0.100000 0.241083 1.018780 0.100000 0.460984 0.499966 0.427014 0.198487 0.357667 0.641563 0.551665 0.100000 0.100000 0.173484 0.173753 0.100000 0.763762 0.100000 0.100000 0.708018 0.100000 0.304334 0.817426 1.274618 0.218474 0.240548 0.244202 0.299856 0.100000 1.093352 0.299868 0.624930 0.100000 0.835555 0.320556 0.211240 0.491839 0.789045 0.100000 1.114129 1.089928 0.728192 0.100000 0.928628 1.189766 0.100000 1.005100 0.317733 0.530868 0.828092 0.415110 1.023045 0.566427 0.599674 0.253175 0.411499 0.597254 0.709052 0.302851 0.745958 0.131423 0.722502 0.412122 0.537060 0.100000 0.678591 1.139526 0.553594 1.131194 0.228732 0.282631 0.105104 
0.100000 0.358597 0.353070 0.368467 0.847863 0.100000 1.219183 0.100000 0.404328 0.100000 0.438785 0.975197 0.100000 0.189105 0.604801 0.188289 0.456064 0.499291 0.784477 0.699404 0.940002 0.670010 0.249586 0.100000 0.712828 0.474570 0.918893 0.100000 0.100000 1.148012 0.341215 0.100000 0.730208 0.100000 1.313823 0.164353 0.644365 0.560687 0.100000 0.346930 0.281147 0.628879 0.359352 1.020854 0.100000 0.562096 1.352030 0.953506 0.766342 0.100000 0.100000 0.148468 0.100000 0.651601 1.948949 0.100000 0.100000 0.703368 0.697149 0.955531 0.100000 0.100000 1.339263 0.675852 0.100000 0.100000 0.130808 0.100000 0.475714 0.641090 0.260689 0.313626 1.251063 0.398965 0.237114 0.100000 0.100000 0.776561 
1.162952 0.100000 0.100000 0.386645 0.410662 0.693137 0.100000 0.202271 0.100000 0.100000 0.278436 0.151682 0.876294 0.688573 0.100000 0.919519 0.100000 0.100000 1.081242 0.100000 0.100000 0.100000 0.336330 0.749614 0.848175 0.174018 0.456846 0.100000 1.265198 0.430134 1.230993 0.100000 0.518673 0.100000 0.700061 0.100000 0.359768 0.100000 0.100000 0.467899 0.878417 0.618437 0.243468 0.589070 0.699611 1.118360 0.474591 1.587537 0.128747 1.035558 0.100000 1.618971 0.100000 0.483066 1.269788 0.172619 0.100000 0.100000 0.422198 1.413850 0.310651 1.143750 0.704483 0.226496 0.100000 0.163617 0.466424 0.100000 0.170409 0.850711 0.257347 0.100000 0.258139 0.718593 0.206434 0.100000 0.100000 0.305760 
0.347755 0.142925 0.100000 0.376568 0.110459 0.100000 0.100000 0.100000 0.100000 0.199338 0.744359 0.377854 0.713738 0.100000 0.916095 0.473724 0.638069 0.100000 0.463599 0.246087 0.100000 0.138254 0.100000 0.100000 0.566428 0.893829 0.488188 0.100000 0.522312 0.823407 0.502758 0.100000 1.240581 1.088842 1.264110 0.668692 0.100000 0.476331 0.393081 0.100000 0.244890 0.838473 0.841546 0.531956 0.100000 0.100000 1.290193 0.653393 0.770713 0.656431 0.100000 1.513910 0.500773 1.022538 0.192134 0.261018 0.988464 0.217111 0.206234 0.100000 0.100000 0.700341 0.269688 0.100000 1.209552 0.910671 0.746417 0.100000 0.149717 1.224262 0.100000 0.250254 0.320000 0.100000 0.746876 0.760752 0.765505 1.194908 
0.481831 0.181615 0.235155 0.100000 0.100000 0.100000 0.324808 0.100000 0.328264 0.198675 0.891632 0.135879 0.100000 0.100000 1.505754 0.473832 0.123415 0.100000 0.493779 0.275546 0.592190 0.682797 0.924867 0.100000 0.171548 0.482307 0.113524 0.630884 0.159065 1.689110 0.994706 1.035813 0.100000 0.306127 0.398461 0.669807 0.100000 0.704635 0.100000 0.551499 1.011054 0.547935 0.100000 0.161342 0.100000 0.760010 0.748808 0.935793 1.160214 0.710323 0.422901 0.221646 0.100000 0.248018 0.322676 1.203099 0.603675 1.330090 0.100000 0.590154 0.791042 0.490593 0.112787 0.590674 0.543398 0.383430 0.347717 0.635914 0.258586 0.768634 0.513826 0.931446 0.139919 0.795241 0.535505 0.748823 0.199419 0.479867 
