70 Number of operations
26 Number of workers
Standard production times
0.436826 0.198809 0.331604 0.391055 0.455688 0.283821 0.369697 0.170513 0.277800 0.162097 0.574453 0.396892 0.633336 0.100000 0.551241 0.100000 0.330241 0.100000 0.539262 0.512992 0.495972 0.340811 0.315938 0.228077 0.318417 0.649516 0.100000 0.100000 0.538062 0.585624 0.717307 0.480261 0.146062 0.493841 0.660772 0.646257 0.445896 0.454722 0.266643 0.360484 0.497204 0.572092 0.100000 0.238532 0.100000 0.618461 0.282133 0.597837 0.392383 0.644536 0.657231 0.431644 0.169275 0.413947 0.588501 0.278597 0.308175 0.396599 0.569202 0.402256 0.238324 0.288863 0.302463 0.464080 0.450278 0.274325 0.171269 0.118233 0.100000 0.577667 
Production times: workers row and ops columns
0.100000 0.488220 0.469155 0.100000 0.187365 0.100000 0.646238 0.100000 1.666941 0.224696 1.133263 0.100000 0.196765 0.100000 0.766368 0.100000 0.213928 0.210250 0.277158 2.022339 0.790296 0.100000 0.263644 0.100000 0.100000 1.286135 0.629389 0.519300 0.720116 0.751612 0.597519 0.219633 0.547126 0.552097 0.563678 0.228254 1.495627 0.724666 0.700612 0.118885 1.444511 0.556585 0.618341 0.989907 0.100000 1.073329 0.124631 0.307386 0.100000 1.040784 0.558269 0.741344 0.490678 0.853194 0.100000 0.543907 1.318306 0.100000 0.895319 0.715741 0.100000 0.100000 0.229862 0.100000 0.124345 1.072407 0.100000 0.100000 0.100000 1.310511 
1.414553 0.100000 0.100000 0.100000 0.878672 0.130828 0.100000 0.100000 0.100000 0.100000 1.570725 0.100000 0.100000 0.100000 0.810492 0.736990 0.100000 0.220275 0.494502 0.601600 0.402287 0.164685 0.296157 0.352333 0.683132 1.378251 0.383946 0.100000 1.164683 0.281060 0.992879 1.082118 0.486116 1.135856 0.100000 0.710648 0.349733 0.214430 0.100000 0.453132 1.209573 0.576644 0.100000 0.425503 0.703711 0.677343 0.749285 0.372838 0.926117 0.504266 0.563707 0.501937 0.578080 0.680864 0.100000 0.881111 0.450689 0.100000 0.795718 0.623891 0.555260 0.424165 0.760120 0.805949 0.380361 0.100000 0.242011 0.229206 0.100000 0.225047 
0.577626 0.428401 0.520666 0.358502 1.012278 0.344915 0.809698 0.272987 0.879466 0.247058 1.181913 0.674264 1.272822 0.950245 0.570220 0.178374 1.184418 0.389404 0.127331 0.100000 0.100000 0.480828 0.100000 1.142576 0.541588 0.607644 0.125365 0.100000 0.100000 1.460796 0.503514 0.100000 0.467485 0.100000 1.407339 1.195929 0.598903 0.789041 1.098713 0.330712 0.502503 0.145958 1.230518 0.180235 0.100000 0.684879 0.100000 0.100000 0.566228 0.100000 1.808932 1.412508 0.100000 1.214231 0.367887 0.326488 0.707427 0.313392 0.263120 0.275191 0.343110 1.031979 0.100000 0.410566 0.188839 0.100000 0.100000 1.066807 0.516487 0.100000 
0.805655 0.469562 0.100000 0.100000 0.409107 0.100000 1.089591 0.100000 0.445302 0.483114 0.758733 0.100000 1.146169 0.100000 0.251248 0.100000 1.375526 0.178144 0.431705 0.331942 0.574173 0.100000 0.347884 0.513846 0.805006 1.047822 0.100000 0.100000 0.100000 0.629190 1.317924 1.550894 0.741730 1.020860 0.268709 1.054664 0.100000 0.394851 0.100000 0.100000 0.100000 0.100000 0.133769 0.513690 0.100000 0.428346 0.710366 1.691292 0.702511 0.645466 0.245963 0.699306 0.613607 1.323521 0.977161 0.100000 0.852625 0.320215 0.100000 0.370504 0.707800 0.100000 0.637674 0.145112 0.609471 0.100000 0.719363 0.797679 0.100000 0.267946 
0.346723 0.230573 0.252976 0.561294 0.100000 1.386958 0.661731 0.391445 0.100000 0.531275 0.593077 0.842366 1.497373 0.175738 0.710160 0.519561 0.481151 0.100000 0.100000 0.100000 0.352915 0.100000 0.697920 0.100000 0.100000 0.621005 0.479983 0.100000 1.119862 0.420607 1.319882 0.364830 0.637216 0.546536 0.291334 1.101296 0.566305 0.331314 0.100000 0.502999 1.402251 0.198882 0.100000 0.100000 0.311395 0.949562 0.118283 0.418335 0.887078 1.254368 0.588942 0.100000 0.100000 1.265782 0.549272 1.148974 0.100000 0.633815 0.103046 0.100000 0.251608 0.331052 0.100000 0.100000 0.938547 0.412024 0.100000 0.100000 0.100000 0.409981 
0.869754 0.100000 1.331488 0.357863 1.275227 0.100000 0.366882 0.100000 0.252310 0.501635 0.377890 0.100000 0.833636 0.100000 0.100000 0.100000 0.167686 0.749853 0.586432 0.483677 0.609321 0.213519 0.601572 0.863111 0.100000 0.193346 0.149948 0.267286 0.582734 1.014599 0.100000 0.276473 0.477763 0.462364 1.871684 0.904312 0.993634 0.788297 0.105624 1.082480 0.100000 1.271320 0.100000 0.393833 0.546027 0.794710 0.336137 0.825896 0.100000 1.062436 1.109553 0.420552 0.100000 0.100000 1.045593 0.100000 0.840153 0.991607 0.321947 0.502236 0.622900 0.575542 0.100000 0.479088 0.325231 0.191431 0.654840 0.164145 0.103951 0.100000 
0.693095 0.268451 1.028908 1.193471 0.280606 0.100000 0.100000 0.100000 0.100000 0.255485 1.050278 0.731350 0.276459 0.100000 0.184857 0.126973 0.442535 0.100000 0.799074 0.100000 0.720224 0.388721 0.708905 0.578541 0.368518 0.205797 0.100000 0.100000 0.994486 0.773437 0.885482 0.165832 0.100000 0.100000 0.926953 0.890886 1.066914 0.100000 0.100000 0.387411 0.775599 0.594971 0.100000 0.676224 0.100000 0.631507 0.100000 0.100000 0.100000 0.269947 0.543462 0.686813 0.208728 0.446898 0.581395 0.277465 0.579497 0.293878 0.671327 0.991866 0.683545 0.485529 0.100000 0.100000 1.015627 1.186897 0.100000 0.100000 0.100000 0.100000 
0.100000 0.528861 1.295718 0.343486 0.232831 0.100000 1.447817 0.100000 0.100000 0.687948 0.100000 0.277282 0.472229 0.100000 0.100000 0.489592 0.485164 0.100000 0.637142 1.993208 0.100000 0.291558 0.336951 0.100000 0.100000 0.807945 0.100000 0.414046 1.548138 1.385015 0.844229 0.706574 0.666988 0.569408 0.100000 0.603496 1.050932 0.449945 0.100000 1.219236 0.100000 0.984167 0.458375 0.508527 0.100000 0.896063 0.993857 0.941167 0.100000 1.117587 1.356340 0.477414 0.512253 0.100000 0.100000 0.478328 0.648367 0.104438 0.280951 0.608928 0.100000 0.835562 0.596331 0.100000 0.430862 0.780471 0.100000 0.100000 0.100000 1.084979 
0.100000 0.100000 0.661423 1.286310 0.712362 0.100000 0.254728 0.598199 0.326108 0.301845 0.901087 0.100000 0.100000 0.100000 0.100000 0.100000 0.296332 0.472434 0.800994 0.350093 0.720236 1.019190 1.257942 0.100000 0.251821 0.741113 0.371518 0.772472 1.092053 0.670625 0.740577 0.402870 0.100000 0.665555 0.433861 1.270023 0.661344 0.258838 0.100000 1.207318 0.100000 0.100000 0.489492 0.669078 0.100000 0.605052 0.481903 0.697846 0.100000 0.214827 0.647474 1.445343 0.520338 0.537328 0.100000 0.387701 0.100000 1.161382 0.134454 0.688916 0.100000 0.185431 0.600086 0.497115 0.203269 0.100000 0.100000 0.100000 1.139214 1.166979 
0.100000 0.828976 0.100000 1.373676 0.100000 0.855243 0.100000 0.550737 0.100000 0.915607 1.481234 1.035969 0.190424 0.444353 0.703058 0.100000 0.548788 0.228720 0.100000 0.898129 0.100000 0.622930 0.710129 0.591922 0.100000 1.563500 0.100000 0.986951 0.100000 0.937954 0.219073 1.491300 0.100000 0.462881 0.256678 0.360559 0.438712 0.454998 0.112417 0.100000 0.569681 0.758854 0.392109 0.969027 0.486074 0.833985 0.100000 1.789005 0.313484 0.331323 0.697188 0.100000 0.290090 0.100000 0.875746 0.100000 1.675267 0.122427 0.919677 0.446314 0.600967 0.100000 0.100000 0.229614 0.100000 0.100000 0.269089 0.100000 0.100000 1.008703 
0.141396 0.100000 0.100000 0.774878 0.100000 0.599654 0.100000 0.410056 0.482044 0.100000 0.719481 0.100000 0.944996 0.100000 0.668888 0.108640 0.100000 0.100000 0.100000 0.514358 0.616950 0.100000 0.618167 0.121836 0.356014 0.100000 0.382944 0.482287 1.215706 0.100000 0.266230 1.125748 0.118122 0.100000 0.100000 0.756791 0.674032 0.926566 0.100000 0.362357 0.100000 0.100000 0.127819 0.625246 0.100000 0.894156 0.100000 1.040231 0.190238 0.273001 0.887739 0.100000 0.470766 0.855272 0.237645 0.260543 0.100000 0.460768 0.935379 1.059596 0.100000 0.178866 0.432267 0.100000 0.232214 0.100000 0.240133 0.100000 0.272694 1.448937 
0.863302 0.554371 0.976621 1.155653 0.750549 0.569965 0.855259 0.100000 0.779224 0.178243 0.100000 0.100000 0.312002 0.242522 0.668459 0.476324 0.100000 0.624953 1.092449 0.840712 0.435018 0.100000 0.100000 0.100000 0.414473 1.425361 0.100000 0.338386 1.358729 0.884785 0.874338 0.409415 0.682508 0.679090 0.806616 1.155381 0.100000 0.812374 0.100000 0.100000 0.568071 0.589400 0.100000 0.775097 0.100000 1.402430 0.100000 0.100000 1.024849 0.476309 0.252136 1.000334 0.314395 0.906716 0.549175 0.973678 0.100000 0.456276 0.361858 1.249909 0.948482 0.606727 0.100000 0.666097 0.787454 0.551359 0.100000 0.100000 0.100000 1.393011 
0.871106 0.100000 0.703989 0.100000 0.100000 0.281687 0.739184 0.316672 1.262149 0.525165 0.100000 0.675660 0.897851 0.918412 0.689571 0.284324 0.627994 0.717817 0.988183 0.903247 0.276854 0.219952 0.100000 0.669553 0.464688 0.833091 0.100000 0.265328 0.100000 0.516413 0.737297 0.587305 0.100000 0.100000 0.621784 0.973546 0.100000 0.613161 0.100000 0.100000 0.759188 1.054830 0.100000 0.100000 0.256154 0.574824 0.168672 1.137967 1.174489 0.715323 0.633614 0.898279 0.100000 0.637801 0.865481 0.100000 0.493087 0.251449 0.257311 0.100000 0.496473 0.100000 0.783462 0.682158 0.100000 0.399818 0.100000 0.736272 0.156490 0.502400 
0.534190 0.204508 0.100000 0.563534 0.181853 0.105072 0.831993 0.100000 0.888519 0.100000 0.396995 0.331204 2.063054 0.212376 0.929886 0.462606 0.100000 0.430024 1.338653 0.280609 0.100000 0.306630 0.516044 0.194279 0.323756 0.584711 0.593760 0.799283 0.705727 0.178713 1.135746 0.100000 0.100000 0.305098 0.647492 0.534192 0.100000 0.737719 0.491388 0.100000 0.100000 0.438516 0.100000 0.903431 0.618358 0.339705 0.715396 0.106413 0.210433 0.489680 1.093560 0.100000 1.157716 0.106637 1.151837 0.100000 0.580565 1.302638 0.745310 0.623558 0.645214 0.640747 0.257676 1.206633 0.769356 0.414160 1.160883 0.100000 0.100000 0.100000 
0.455951 0.651505 0.100000 0.711294 0.562560 0.579401 0.159770 0.452878 0.605450 0.100000 0.944248 1.062429 1.048548 0.417781 0.100000 0.412976 0.562521 0.100000 0.367074 1.381590 1.549251 0.814121 0.100000 0.418688 1.035276 0.805077 0.180599 0.514284 0.756747 0.403193 0.733327 0.207089 1.229391 1.111884 0.100000 0.190673 0.744282 0.640444 0.377328 1.630293 0.100000 1.160023 0.832640 0.100000 0.950105 0.220028 0.979863 0.547378 0.989451 0.383029 0.276639 0.100000 0.652712 1.025351 0.437853 0.100000 0.573063 0.110842 1.276001 0.100000 0.100000 0.100000 0.925621 0.206761 0.325898 0.773777 0.644526 0.100000 0.906490 0.483259 
0.100000 0.100000 0.934536 0.100000 0.970446 0.291135 0.458807 0.100000 0.100000 0.685067 0.100000 0.100000 0.544769 1.255425 0.212174 0.100000 0.100000 0.290749 0.100000 0.100000 1.135843 0.608343 1.068930 0.100000 0.829663 0.588478 0.100000 0.666265 0.100000 0.636655 0.960501 0.278353 0.100000 0.100000 0.100000 0.170406 1.277076 0.297449 0.100000 0.100000 0.587508 0.233213 0.793048 0.993529 0.409455 0.100000 0.100000 0.528040 0.316019 0.666739 0.510613 0.100000 0.100000 0.538724 0.100000 0.669733 0.100000 0.203582 0.240364 0.100000 0.207877 0.100000 0.337919 0.100000 1.610987 0.433882 0.100000 0.272889 0.297063 0.100000 
1.089988 0.100000 0.117591 0.217887 1.660866 0.627578 1.223086 0.100000 0.725774 0.100000 0.222333 0.355203 0.820752 0.100000 0.100000 0.386709 0.100000 0.607042 0.127570 0.294300 0.100000 0.282547 1.001554 0.569728 0.434518 0.100000 0.363144 0.100000 0.805494 0.100000 1.209490 1.055153 0.146881 0.604322 1.172204 0.284809 0.469717 0.100000 0.100000 0.903772 0.105686 0.568116 0.200278 0.560970 0.122117 0.136386 0.100000 0.988485 0.100000 0.100000 1.266894 0.100000 0.119858 0.100000 0.701813 0.100000 0.816164 0.100000 0.565872 0.100000 0.100000 0.794695 0.100000 0.100000 0.444554 0.370801 0.100000 0.100000 0.100000 0.828215 
0.100000 0.663045 0.403572 0.973657 0.822145 0.136695 1.106173 0.100000 0.170633 0.100000 0.164400 0.325770 0.971250 0.404401 0.990429 0.133225 0.850145 0.100000 0.100000 0.100000 0.100000 0.100000 0.100000 0.100000 0.100000 1.061669 0.401900 0.100000 0.288219 0.416571 0.100000 0.100000 0.524019 0.544666 1.028372 1.091844 0.100000 1.111152 0.100000 0.738428 0.100000 0.641751 1.183253 0.100000 0.197865 0.100000 0.621812 0.685000 0.660123 0.289343 0.911896 0.100000 0.100000 0.460375 1.005919 0.100000 0.188255 0.100000 1.120937 0.483778 0.100000 0.100000 0.708220 0.552651 0.217275 0.100000 0.521988 0.100000 0.100000 0.137526 
0.944351 0.486072 1.197534 1.028171 1.040316 0.164926 1.962597 0.371774 0.813600 0.100000 1.116117 0.841843 0.361910 0.573418 0.192452 0.100000 0.881591 0.100000 0.437164 0.452274 0.424494 0.198637 0.100000 0.100000 0.375508 0.890626 0.554097 0.100000 1.159287 0.536045 1.135707 1.707863 0.100000 0.564562 0.505457 0.722176 0.951702 1.515950 0.513358 1.222002 1.115901 0.341756 0.100000 0.124158 0.100000 0.904264 0.561819 0.244433 0.201808 0.661162 0.100000 0.494046 0.100000 0.458405 0.399189 0.721195 0.950676 0.454507 1.025709 0.282191 1.115923 0.146629 1.142293 0.370667 0.100000 0.100000 0.491775 0.760239 0.555425 0.219203 
0.592817 0.644504 0.352565 0.311647 1.428005 0.100000 0.100000 0.662600 0.100000 0.420042 0.303656 0.327779 0.674472 0.448055 0.416799 0.126174 0.100000 0.100000 0.100000 1.040654 0.992555 1.362588 0.100000 0.950616 0.100000 0.100000 0.100000 0.100000 0.479183 1.370436 0.716422 0.437585 0.528266 0.692675 0.180217 1.245778 0.794301 0.303104 0.332386 0.480919 0.442711 0.101419 0.471293 0.100000 0.909040 0.398571 0.100000 0.579204 0.640447 1.109912 0.100000 0.226639 0.115890 0.100000 0.236685 0.100000 0.100000 0.192656 2.115488 0.726023 0.100000 1.196013 0.715968 0.828624 0.410166 0.208309 0.636797 1.097312 0.100000 0.100000 
0.952718 0.669366 0.100000 1.246405 0.373080 0.100000 0.386869 0.100000 0.100000 0.100000 0.331631 0.239820 0.472846 0.100000 0.447600 0.100000 0.100000 0.714403 1.092462 0.691052 1.122366 0.512193 0.922521 0.210029 1.714415 0.458361 0.479642 0.108166 0.896643 0.637102 0.908291 0.566124 0.938081 0.271835 0.330980 0.170398 0.809869 0.260386 0.100000 1.020713 0.296378 1.057427 0.297931 0.203510 0.100000 0.380789 0.643102 1.139340 0.341642 0.174403 0.910977 1.206502 1.234286 0.834722 0.191437 0.353321 0.100000 0.100000 0.355010 0.509316 0.729179 0.100000 0.448055 0.165972 0.651675 0.662537 0.100000 0.100000 0.100000 0.598956 
0.756952 0.192667 0.912265 0.750510 0.332200 1.062731 0.107646 0.100000 0.271485 0.100000 0.872435 0.273837 0.118120 0.100000 0.482014 0.100000 0.100000 0.661003 0.100517 1.613515 0.836200 1.352105 0.600162 0.441477 0.277550 0.829144 0.100000 0.100000 1.103002 1.335712 0.483668 0.474042 0.232289 0.423431 0.259693 0.795596 0.312327 0.172122 0.489290 0.100000 1.107480 1.043179 0.100000 0.100000 0.100000 0.623110 0.100000 0.968183 0.246971 0.424833 0.665080 0.812814 0.736751 0.153378 0.538058 1.156150 1.272196 0.219056 0.739328 0.697779 1.523997 0.744645 0.100000 0.470865 0.888576 0.100000 0.441370 0.220020 0.341428 0.557553 
0.100000 0.100000 0.100000 0.566275 0.865000 0.610012 0.100000 0.313887 0.226822 0.148729 0.597406 0.559738 1.468492 0.100000 0.414635 0.100000 0.283748 0.100000 0.779755 0.100000 0.363881 0.100000 0.480175 0.253819 0.277975 1.620051 0.100000 0.429594 0.683868 1.075026 0.761044 0.145823 0.832771 0.116288 1.378840 0.100000 0.100000 0.976436 0.270665 0.931907 0.364082 0.305851 0.100000 0.501320 0.150172 0.769821 1.096519 0.542568 0.100000 0.368071 0.905171 1.088851 0.331079 0.762713 0.733402 0.108462 1.029072 0.157812 0.773343 0.932292 0.404106 0.729107 0.336187 0.635152 0.104077 0.100000 0.100000 0.100000 0.100000 0.824359 
0.100000 0.100000 0.100000 1.546246 0.100000 0.136786 0.100000 0.495285 0.100000 0.184271 0.744114 0.583273 0.965369 0.100000 0.713382 0.659826 1.587791 0.274493 0.452885 0.661932 1.027881 1.106122 0.845273 0.258889 0.250796 0.880732 0.169725 0.655481 1.391858 1.026925 0.100000 0.100000 0.100000 0.629739 0.767454 0.137596 0.100000 0.205815 0.545294 0.955616 0.100000 1.018707 0.100000 0.552403 0.100000 1.187569 0.160179 0.100000 0.822364 0.100000 0.945312 0.578664 0.101540 0.689705 0.565421 0.100000 0.400647 0.131249 0.247680 1.176838 0.547493 0.838543 0.927811 0.419884 1.359744 0.100000 0.867288 0.199578 0.100000 0.148836 
0.201528 0.100000 0.708122 1.191950 0.926420 0.965411 0.100000 0.100000 0.718965 0.100000 0.896039 0.100000 0.160052 0.100000 0.100000 0.100000 0.164428 0.318612 0.507381 0.618803 1.238948 0.795280 0.100000 0.100000 0.100000 0.103992 0.100000 0.324844 0.269468 0.909722 0.475562 0.100000 0.380284 0.309744 1.208351 0.306735 0.843910 0.463107 0.111645 0.100000 0.100000 0.720548 1.001833 0.681308 0.100000 0.871398 0.100000 0.336420 0.693289 0.100000 0.691456 0.467566 0.605843 0.223269 0.100000 0.225370 0.850754 0.100000 0.654834 0.870563 0.576214 1.424820 0.442424 1.118848 0.389311 0.596213 0.100000 0.100000 0.100000 0.100000 
0.390479 0.803173 0.100000 0.237228 1.177598 0.100000 0.133921 0.100000 0.808510 0.100000 0.100000 0.100000 0.545802 0.100000 0.455224 0.100000 0.935224 0.100000 0.753639 0.637820 0.683962 0.100000 0.100000 0.100000 0.100000 1.434195 0.100000 0.100000 0.513297 0.308882 0.672854 0.100000 0.100000 0.456430 1.093675 1.062352 0.399577 0.709531 1.149126 0.985401 0.100000 0.960723 0.370457 0.100000 0.100000 1.713487 0.819659 0.878852 0.289897 0.100000 0.675017 0.647855 0.347671 0.100000 0.100000 0.211453 0.100000 0.847717 0.864181 1.358707 0.100000 0.356693 0.275133 0.281822 0.646808 0.100000 1.363937 0.100000 0.100000 1.156599 
