89 Number of operations
28 Number of workers
Standard production times
0.290051 0.119425 0.716550 0.190971 0.451519 0.100000 0.100000 0.336942 0.571636 0.414269 0.100000 0.116889 0.577166 0.526380 0.408052 0.219375 0.435065 0.438886 0.292950 0.555470 0.434268 0.311430 0.740981 0.584869 0.139028 0.323885 0.251275 0.312576 0.314710 0.676281 0.419674 0.326109 0.145356 0.602997 0.103788 0.342580 0.388635 0.242379 0.413542 0.192219 0.347265 0.507650 0.705652 0.791335 0.495640 0.423869 0.228507 0.247610 0.527861 0.409505 1.022967 0.293508 0.469117 0.314897 0.100000 0.751079 0.347161 0.569259 0.817347 0.505296 0.596762 0.100000 0.221035 0.466013 0.609718 0.669980 0.649135 0.261762 0.656215 0.254587 0.240166 0.399291 0.502519 0.366428 0.669267 0.276902 0.251393 0.603187 0.288969 0.487252 0.370662 0.404699 0.348340 0.767831 0.361202 0.714826 0.551380 0.294575 0.249314 
Production times: workers row and ops columns
0.100000 0.100000 0.583978 0.104510 0.100000 0.903979 0.672651 0.100000 1.081338 0.100000 0.100000 1.078820 0.355691 1.299142 0.100000 0.100000 0.231038 0.490037 0.100000 0.736088 0.100000 0.100000 0.571540 0.495241 0.100000 0.200036 0.167015 0.599430 0.100000 0.350520 0.779312 0.943308 0.100000 1.385322 0.100000 0.382644 0.403217 0.100000 0.100000 0.135958 0.100000 0.844557 0.488197 0.279583 0.559423 0.782840 0.422975 0.783331 1.116972 0.100000 1.880855 0.375875 0.720653 0.100000 0.915932 0.489800 0.100000 1.285053 0.396072 0.245372 0.575630 0.100000 0.100000 1.047476 0.402249 0.718689 0.329124 0.151349 0.932089 0.230395 0.100000 0.100000 0.506311 0.100000 0.714153 0.780492 0.100000 0.100000 0.160594 0.684043 0.100000 0.100000 0.100000 0.873020 0.299373 0.864116 0.839875 0.100000 0.587142 
0.100000 0.100000 0.813271 0.100000 0.506850 0.811817 0.100000 0.500504 0.781698 0.260941 0.100000 0.100000 0.326886 0.100000 0.100000 0.752925 0.975029 0.526887 0.356535 0.100000 0.181336 0.100000 0.787556 0.100000 0.252957 1.202082 0.100000 0.131537 0.321297 0.863441 0.100000 0.187056 0.304279 0.423617 0.100000 0.971551 0.702810 0.100000 0.807531 0.100000 0.618343 0.967355 0.731019 1.392012 0.452631 0.349801 0.298070 0.100000 1.692932 0.256372 0.294935 0.100000 0.346390 0.316387 0.100000 0.549189 0.425797 0.738726 0.265231 0.856829 0.434032 0.100000 0.549823 0.774108 0.100000 0.688406 0.100000 0.100000 1.215394 0.100000 0.146064 0.100000 0.754869 0.100000 1.192083 0.100000 0.977092 0.951047 1.121685 0.100000 0.100000 0.957338 0.689792 1.969478 0.493201 0.679725 0.255501 0.250984 0.394581 
0.100000 0.771984 0.624375 0.871733 0.495296 0.599648 0.497577 0.410534 1.136939 0.100000 0.100000 0.816394 1.193898 0.503934 0.100000 0.422207 0.100000 0.386061 0.617327 0.100000 0.387615 0.829708 0.268622 1.123965 0.100000 0.297089 0.994907 0.320324 0.239935 0.783881 0.100000 0.762073 0.100000 0.696089 0.100000 0.234370 1.359924 0.270988 0.100000 0.100000 0.100000 0.100000 0.911327 0.909694 0.908153 0.134907 0.556800 0.994170 0.933974 1.280257 0.100000 0.796453 1.024778 0.128347 0.125225 0.893569 0.100000 0.696226 1.274399 1.295448 0.440067 0.100000 0.393997 0.588460 1.524844 0.714947 0.745252 0.100000 0.905665 0.684501 0.793876 0.483698 0.100000 0.814425 0.585792 1.403847 0.458290 1.090292 0.100000 0.804614 1.150154 0.409382 0.107139 1.192707 1.449893 0.601074 0.332317 0.100000 0.100000 
0.346953 0.116652 1.239534 0.553166 0.298673 0.373344 0.100000 0.378691 1.192188 0.100000 0.686564 0.100000 0.746310 0.100000 0.100000 0.254938 0.400263 0.327195 0.100000 0.100000 0.171706 0.496225 0.501373 0.745063 0.100000 0.100000 0.168935 0.832726 0.100000 1.397401 0.853250 0.147384 0.522005 0.857492 0.162200 0.100000 0.207586 0.445953 0.100000 0.111732 0.138964 0.706951 0.100000 1.821054 0.100000 0.100000 0.100000 0.178162 0.100000 0.227518 1.076243 0.577864 0.279610 0.694846 0.294249 0.159703 0.100000 0.782515 0.795239 1.028777 1.005327 0.100000 0.333432 0.837720 0.100000 0.294129 1.748803 0.100000 1.021021 0.913103 0.100000 0.100000 0.655258 0.690568 0.100000 0.363984 0.100000 0.403184 0.237344 0.400243 0.968198 0.214237 0.146174 0.100000 0.518259 1.585739 0.526319 0.934178 0.787925 
0.545453 0.100000 1.548988 0.737855 0.100000 0.115840 0.100000 0.100000 0.161194 0.535463 0.751120 0.100000 0.911788 0.454934 0.100000 0.969347 0.100000 0.100000 0.258477 0.251916 0.661230 0.208910 0.675935 0.373237 0.696031 0.100000 0.138615 1.133948 0.110040 1.540816 0.100000 0.498689 0.518126 0.839657 1.089088 0.977166 1.059780 0.479574 0.679068 0.310180 0.375177 0.125579 0.100000 1.461371 0.319769 0.100000 0.822095 0.329275 0.236459 0.794966 1.648973 0.100000 0.100000 0.611747 0.100000 0.664905 0.100000 0.192531 0.868848 1.141884 0.100000 0.100000 0.612434 1.273045 0.498744 0.613142 0.174187 0.947977 0.763453 1.142070 0.110184 0.100000 0.229340 0.100000 0.823052 0.100000 0.100000 0.571461 1.115163 1.273750 0.100000 0.100000 0.655740 0.626110 1.167962 0.343392 0.100000 1.289139 0.100000 
0.245792 0.100000 1.015096 1.221717 0.343810 0.413390 0.147043 0.556417 0.956582 0.630156 0.100000 0.100000 0.623659 1.079331 0.314532 1.165400 0.100000 0.599963 0.798354 1.178318 0.494282 0.100000 1.327610 0.956868 0.100000 0.100000 0.334308 0.678504 0.100000 0.835108 0.100000 0.531331 0.100000 0.221518 0.100000 0.100000 0.586560 0.355875 0.366367 0.100000 0.376143 0.375981 0.157125 0.100000 0.598545 0.272049 0.100000 1.000994 0.187148 0.696816 0.265088 0.186920 0.202967 0.485941 0.100000 0.247416 1.685983 0.928410 0.776008 0.248457 0.534453 0.100000 0.100000 0.650388 0.100000 0.825992 0.749093 0.438983 1.398431 0.115916 0.100000 1.708307 0.100000 0.100000 0.738293 0.100000 0.585264 0.426862 0.100000 0.100000 0.375702 1.071843 0.470697 0.950739 0.119638 1.352319 0.100000 0.795535 0.497004 
0.383437 0.707263 0.708128 1.220432 0.100000 0.118958 0.237999 0.495771 0.459536 0.470673 1.325144 0.100000 0.971644 0.583692 0.141661 0.311476 0.393898 0.100000 0.100000 0.140119 0.100000 0.301636 0.536230 0.714259 0.558070 0.411221 0.937995 0.910615 0.448760 1.452469 0.100000 0.325907 0.298539 0.100000 0.876199 0.100000 0.720991 0.350183 0.100000 0.549532 0.591126 0.100000 1.245258 1.050205 0.149147 0.276602 0.760286 0.484851 0.100000 0.104052 0.258734 0.225770 1.148603 0.100000 0.100000 0.715799 0.881276 0.100000 1.179648 0.703610 0.890226 0.301242 0.110854 0.899605 0.100000 0.111309 0.384940 0.100000 0.942716 0.100000 0.100000 0.100000 1.291873 0.818070 0.100000 0.100000 0.182024 0.760781 0.100000 1.396270 0.100000 0.100000 0.621060 0.964042 0.100000 0.785084 0.976932 0.740544 0.636528 
0.100000 0.680731 0.414564 0.100000 0.361406 0.100000 0.100000 0.100000 1.138436 0.998295 0.100000 0.100000 0.433084 0.100000 0.220008 0.100000 1.061701 0.496298 0.180664 0.474074 0.100000 0.499454 1.649503 0.999630 0.100000 0.654010 0.196797 0.100000 0.293258 0.112485 0.293586 1.296923 0.481718 0.530714 0.303034 0.878297 0.400646 0.620489 0.100000 0.100000 0.100000 1.153477 1.032580 0.693630 1.158304 0.100000 0.480069 0.724205 0.678475 0.318580 1.516973 0.654699 0.234476 0.156481 0.100000 1.121436 0.100000 0.533075 0.454523 0.550805 0.100000 0.326502 0.175199 0.100000 0.663055 0.100000 0.100000 0.510277 0.603240 0.602131 0.166423 0.646554 1.008754 0.384556 0.100000 0.768202 1.046720 0.446883 0.287929 0.100000 0.263339 0.609858 1.286684 0.951623 1.059919 1.140590 0.803370 0.610113 0.269900 
0.838186 0.100000 0.302733 0.209022 0.911687 0.100000 0.100000 0.439379 0.269424 0.343683 0.100000 0.141789 0.311239 1.294366 0.946747 0.100000 1.091113 0.871776 0.166952 0.974073 1.033348 0.262595 0.565657 0.811306 0.100000 1.211548 0.838258 1.422096 0.794532 0.345209 0.100000 0.380069 0.823783 1.215578 0.100000 0.100000 0.637814 0.100000 0.100000 0.786281 0.367084 0.167617 0.990411 0.575771 1.121870 1.099661 0.100000 0.203842 0.100000 0.521433 1.249283 0.654755 0.455933 0.699229 0.100000 0.221275 0.275231 1.133649 0.622802 0.127718 1.555334 0.100000 0.100000 0.938403 0.170127 0.489294 1.872745 0.430043 0.874913 0.100000 0.811525 0.681032 1.239566 0.737016 1.728932 0.537856 0.117678 0.100000 0.257287 0.285580 0.275991 0.619460 0.837784 1.564987 0.108461 0.491352 0.724948 0.100000 0.144802 
0.100000 0.260794 0.889617 0.100000 0.547700 0.592577 0.449290 0.968460 0.455742 0.754288 0.100000 0.109815 0.249957 0.537932 1.131185 0.190938 1.100071 0.668261 0.610886 0.100000 0.335701 0.100000 0.716159 0.378797 0.662431 0.490942 0.451636 0.848039 0.486876 0.607559 0.474724 0.801730 0.100000 0.586147 0.401674 0.710926 0.135146 0.100000 0.336046 0.100000 0.720632 0.644999 0.307805 1.226708 1.352188 0.635296 0.184627 0.259605 0.100000 0.806058 0.752900 0.100000 0.100000 0.100000 0.297208 0.393562 0.768377 0.100000 0.815118 0.509293 0.461604 0.100000 0.100000 0.100000 0.544440 0.931576 0.151801 0.100000 1.052551 0.791945 0.100000 0.512392 1.182713 1.225506 0.339026 0.177418 0.174660 2.010435 0.100000 0.282625 0.100000 0.100000 0.428858 1.434117 0.100000 0.650961 0.166034 0.100000 0.100000 
1.053782 0.756351 1.129381 0.100000 0.368186 0.100000 0.100000 0.100000 0.100000 0.637440 0.100000 0.504176 0.466394 0.273513 0.100000 0.345030 0.746344 1.810729 0.100000 0.100000 1.932018 0.384543 1.523399 0.192723 0.332081 0.708038 0.959029 0.100000 1.080860 0.543241 0.509978 0.739138 0.100000 0.597985 0.676398 0.100000 0.933771 0.979769 0.100000 0.128002 0.348143 0.190275 1.336294 1.273920 0.844166 1.311299 0.100000 0.513831 0.265360 0.251531 1.174553 1.201698 0.271650 1.013101 0.100000 0.864652 0.365709 1.377450 1.103772 0.376023 1.345313 0.100000 0.909542 0.835450 0.330570 1.087015 0.619587 0.467649 0.521884 0.100000 0.100000 0.100000 0.414950 0.546249 0.636617 0.100000 0.326661 0.266938 0.683501 0.705694 0.100000 0.251072 0.262040 1.711505 0.814389 0.590938 0.100000 0.100000 0.100000 
0.501944 0.271417 1.550587 0.524566 1.206379 0.236077 0.193090 0.564503 0.100000 0.759853 0.100000 0.100000 0.577333 0.402949 0.786308 0.100000 0.295349 0.603890 0.677713 0.722635 0.100000 0.667344 0.701853 0.100000 0.100000 0.727637 0.151759 0.363483 0.100000 1.760467 0.100000 1.268491 0.355852 0.290969 0.755946 0.767898 0.100000 0.229111 0.618078 0.379531 0.100000 0.290174 1.431841 0.779001 1.067852 0.100000 0.184192 0.100000 0.694896 0.100000 1.556611 0.100000 0.211695 0.214131 0.100000 1.438225 0.100000 0.109444 0.202053 0.100000 0.573206 1.573161 0.100000 0.100000 0.358954 0.968614 0.108771 0.347740 0.749387 0.294548 0.100000 0.934296 0.355722 0.100000 1.471534 0.490329 0.100000 0.100000 0.844655 0.434895 0.325203 0.430077 0.492257 0.631622 0.100000 0.889004 0.100000 0.366413 0.450082 
0.100000 0.120965 1.869255 0.224719 0.808016 0.100000 0.153767 0.939017 0.183476 0.718482 0.100000 0.100000 0.341020 0.426896 0.554115 0.173327 0.100000 0.100000 0.709550 0.711661 0.212139 1.151356 0.366128 0.462581 0.866347 0.100000 0.502798 0.100000 0.766229 0.464776 0.100000 0.270363 0.185752 0.282831 0.100000 0.180891 0.672966 0.164246 0.100000 0.100000 0.100000 0.288552 0.229473 1.055182 0.989086 0.388548 0.510975 0.756982 0.815890 0.417580 2.132269 0.420629 0.100000 0.380224 0.100000 1.092779 0.100000 1.195639 0.168006 0.822041 1.416881 0.520453 0.403925 0.746986 0.867277 0.314489 1.425101 0.100000 0.716997 0.799134 0.160871 1.109594 0.565287 0.515567 0.374072 1.070799 0.536768 0.100000 0.822439 0.455802 0.511844 0.986480 0.453936 0.470617 1.043722 1.153858 1.303456 0.100000 0.821321 
0.100000 0.100000 0.100000 0.100000 0.781036 0.295453 0.838404 0.845144 0.802125 0.792214 0.245220 0.100000 0.440438 1.142785 0.483137 0.100000 0.616576 0.976862 0.100000 0.100000 0.100000 0.100000 0.731509 0.863058 0.100000 1.092836 0.867386 1.477024 0.920135 0.650398 0.100000 0.315707 0.100000 1.250283 0.168325 0.229082 0.100000 0.100000 0.100000 0.156829 0.565908 0.100000 0.100000 1.250172 1.519073 0.688174 0.100000 0.105831 0.673433 0.645701 1.086560 0.512558 0.100000 0.794329 0.100000 1.036222 0.100000 0.464830 1.149237 0.198885 0.607081 0.415997 0.176470 1.661832 1.403900 0.100000 0.846874 0.842109 0.711130 0.979656 0.549181 0.100000 0.899901 0.751329 0.706320 0.100000 0.310878 0.100000 0.100000 1.034512 0.352104 0.910569 0.100000 0.770244 0.448807 0.100000 0.100000 0.100000 1.230585 
0.113530 1.260496 0.100000 0.100000 0.788216 0.879986 0.100000 1.071362 0.281479 0.100000 0.100000 0.360238 1.292641 0.100000 0.191736 0.482337 0.100000 0.418398 0.707437 0.865506 0.100000 0.186729 0.342996 0.600644 0.816422 0.100000 0.286345 0.100000 0.234361 0.100000 0.100000 0.274320 0.100000 0.825496 0.100000 0.500241 0.485870 0.400241 0.100000 0.762391 1.659948 0.100000 1.226871 1.267449 0.771989 0.468104 0.100000 0.845201 1.064622 0.622575 0.371101 0.100000 0.336848 0.586093 0.412912 1.118400 0.100000 0.982795 0.649181 0.752711 0.100000 0.100000 0.100000 0.100000 0.100000 1.002389 0.840917 0.113612 0.100000 1.117873 0.637763 0.100000 0.312996 0.457351 2.013753 0.100000 0.100000 0.254534 0.149829 0.100000 0.283846 0.100000 0.393394 0.440188 0.100000 0.884369 0.565130 0.100000 0.100000 
0.100000 0.100000 0.100000 0.100000 0.488994 0.100000 0.100000 0.100000 0.100000 0.250331 0.100000 0.100000 0.100000 0.618379 1.014765 0.275277 0.490125 0.296307 0.100000 0.516606 0.100000 0.639591 0.582680 0.776669 0.149718 0.535154 0.437248 1.177712 0.679805 0.966172 0.536179 0.100000 0.100000 0.657012 0.100000 0.591456 0.422922 0.100000 1.408378 1.155172 0.918069 0.561465 0.704938 0.799104 0.869804 0.100000 0.691834 1.285040 0.918691 1.585994 1.664783 0.100000 1.779319 0.100000 0.454037 0.138720 0.100000 0.387169 0.639149 0.219416 0.370824 0.126186 0.755488 0.100000 0.209254 1.743206 0.796670 0.391918 0.846422 0.100000 0.100000 0.252482 0.480523 0.397720 0.100000 0.100000 0.519616 1.305705 0.396935 0.100000 0.107404 1.288054 0.526821 1.191263 0.100000 0.196524 0.100000 0.100000 1.147193 
0.100000 0.630612 0.749289 0.100000 1.060544 0.791248 0.100000 0.295591 0.702221 1.370220 0.754366 0.100000 0.843577 0.614512 0.233028 0.381952 0.475192 0.100000 0.660209 0.922003 0.581671 0.166028 1.242087 0.765953 1.102161 0.424667 0.216601 0.121916 0.688017 0.694062 0.602237 0.100000 0.100000 0.100000 0.100000 1.047508 0.883128 1.108699 0.824067 0.100000 0.100000 0.530267 0.534276 0.953713 0.100000 0.548127 0.289441 0.368033 0.381551 0.299629 0.353502 0.100000 0.466850 0.765397 0.100000 0.733062 0.100000 0.100000 0.710900 0.100000 0.196057 0.770276 0.325429 0.882926 0.100000 0.559158 0.463117 0.408094 1.545488 0.100000 0.849761 0.681282 0.196925 0.220818 1.182959 0.404922 0.655385 0.768961 0.100000 0.582226 0.100000 0.987376 0.921774 1.238733 0.100000 0.100000 0.374697 0.100000 0.100000 
0.331192 0.111434 0.371153 0.100000 0.535386 0.783618 0.100000 0.390570 0.395765 0.485197 0.100000 0.100000 0.642870 1.263551 1.013851 0.614945 0.100000 0.684097 0.213368 0.806580 0.294174 1.160484 1.101061 0.485671 0.100000 0.357892 0.625735 0.100000 0.604778 0.793947 0.425130 0.397793 0.820806 0.121981 0.100000 0.362438 0.798240 0.100000 0.100000 0.100000 0.100000 0.717458 0.553827 0.139998 0.281372 0.100000 0.116410 0.836687 0.933063 0.331200 0.930552 0.100000 0.305636 0.100000 0.248196 0.721952 0.148209 0.671056 0.417847 1.384868 0.757585 0.126469 0.100000 0.491255 0.846455 0.100000 0.393514 0.575357 0.791630 0.100000 0.100000 0.100000 0.302782 0.210307 1.215880 0.484226 0.283429 0.891010 0.100000 0.240680 1.224371 0.184617 0.100000 0.842698 0.333330 1.070043 1.422544 0.622157 0.100000 
0.343769 0.290068 1.314814 0.100000 1.180699 0.743934 0.100000 0.117557 0.785145 0.869074 0.100000 0.100000 0.377086 1.002897 0.128407 0.100000 0.476688 0.100000 0.905868 0.651649 0.172565 0.100000 0.743565 0.822989 0.200127 0.246654 0.116074 1.022932 0.100000 0.606659 0.272529 0.640620 0.100000 0.130812 0.665231 0.730071 0.100000 0.100000 0.100000 0.100000 0.247930 0.755026 1.056962 0.151658 0.100000 0.100000 0.811138 0.713133 0.459270 0.100000 1.008549 0.100000 0.752038 1.097103 0.509669 1.001916 0.292261 0.267588 0.772942 0.100000 1.103595 0.100000 0.390591 1.121546 0.851049 0.818814 0.698371 0.886968 1.569380 0.333785 0.779584 0.100000 1.068176 0.297651 0.531248 0.854513 0.277127 0.942806 0.525523 0.440210 0.851464 0.100000 0.760366 0.907038 0.412361 0.341259 0.385718 0.364173 0.100000 
0.100000 0.100000 0.401100 1.378187 1.147027 0.779029 1.242776 0.100000 1.342399 0.133611 0.615291 0.100000 0.567113 1.312191 0.158481 0.100000 0.100000 0.664516 0.761229 1.774751 0.635938 0.932136 1.275647 0.670244 0.100000 0.522610 0.100000 0.193417 0.444904 0.429763 0.909584 0.835695 0.298212 0.930517 0.100000 0.100000 1.107387 0.334821 0.578333 0.100000 0.281888 1.107921 0.746481 0.873848 0.962881 1.058481 0.872827 0.434124 0.827315 0.100000 1.503169 0.100000 0.267314 0.100000 0.356610 0.988201 0.100000 0.100000 1.783985 0.745787 0.100000 0.462678 0.100000 0.100000 1.754710 1.327401 0.805819 0.725561 0.537411 0.698000 0.100000 0.100000 0.343097 0.476612 0.440970 0.903445 0.255485 0.420340 0.350176 1.040399 1.291117 0.370899 0.708184 1.534891 0.639351 0.435147 0.100000 0.100000 0.406748 
0.139557 0.977958 0.894125 0.577442 1.029613 1.063713 0.100000 0.333896 0.364415 0.759168 0.100000 0.100000 0.100000 0.471880 0.490367 0.337396 1.211638 0.164963 0.329591 0.100000 0.391514 0.209294 0.761935 0.483388 0.561835 0.100000 0.100000 0.100000 0.919380 0.603887 0.544584 0.696831 0.221073 0.100000 0.100000 0.388985 0.100000 1.062356 0.145279 0.509165 0.100000 0.597136 0.807043 1.006437 1.089325 0.267251 0.496941 0.254504 0.100000 0.578320 1.306721 0.224452 0.198983 0.175061 0.428458 1.786004 0.514496 0.896290 0.730179 1.258195 0.100000 0.100000 1.079593 0.623118 0.467747 0.668828 1.268463 0.440729 0.284940 0.556298 0.260670 0.100000 1.588580 0.875401 1.177907 0.186528 0.712795 0.441496 0.353081 0.100000 0.100000 0.565370 0.504708 0.100000 0.424318 0.685550 1.695983 0.100000 0.100000 
0.959280 0.100000 1.349676 0.100000 0.374209 0.662125 1.205228 0.182392 0.170112 0.501054 0.550823 0.100000 1.231937 0.917519 1.265346 0.100000 1.435534 1.017329 0.723890 1.460744 0.100000 0.100000 0.261280 1.552809 0.231501 0.100000 0.100000 0.463897 0.311894 0.673797 0.947437 0.783287 0.178008 0.100000 0.100000 1.095683 0.100000 0.633072 0.100000 0.100000 0.648524 0.151031 1.072359 0.582876 0.485813 0.100000 0.100000 0.527068 0.972409 0.952294 0.895923 0.100000 0.427492 1.087972 0.100000 1.193347 0.251100 0.772221 1.605326 0.233386 0.843632 0.306228 0.289658 0.100000 0.481472 0.483633 0.730210 0.100000 0.100000 1.137350 0.338281 1.198356 0.543470 0.718080 1.448435 0.100000 0.100000 0.679921 0.574554 0.100000 0.558381 0.352363 1.348871 1.731480 0.596716 0.650747 0.100000 0.419995 0.126530 
0.100000 0.100000 0.100000 0.493289 0.975533 0.159089 1.513537 0.539508 0.872867 1.014394 0.100000 0.218483 0.433960 0.931843 0.182038 0.991556 0.550286 0.292745 0.356899 1.368617 0.887360 0.550639 0.100000 0.560047 0.100000 0.486743 0.100000 0.285365 0.100000 0.330930 0.471187 0.283256 0.100000 0.241603 0.100000 0.473665 0.203368 0.100000 0.414954 0.416781 0.473375 1.803102 1.141893 0.153457 1.674298 0.579490 0.473491 0.100000 0.100000 0.229958 1.550765 0.100000 0.100000 0.100000 0.100000 1.373298 0.641959 1.237088 0.396197 0.497090 0.100000 0.494802 0.710730 0.100000 0.982985 0.100000 0.645601 0.100000 0.547554 0.440142 0.773466 0.977283 0.426323 0.681336 0.205297 0.100000 0.786926 0.310869 0.100000 1.316633 0.657625 0.100000 0.384352 0.429468 0.852443 0.100000 0.960359 0.427361 0.381416 
0.687539 0.554864 0.882556 0.336945 1.115529 0.100000 0.864129 0.852561 0.100000 0.100000 0.100000 0.512570 1.100483 0.191801 0.367166 0.334895 0.717430 0.428135 0.100000 0.327985 0.539448 0.406196 0.959289 0.628481 0.180695 0.541351 1.009194 0.100000 0.800155 1.000127 0.312021 1.625642 1.246496 0.100000 0.100000 0.252151 0.610806 0.261158 0.253058 0.100000 0.817264 0.309981 0.248715 0.807895 0.556217 0.779813 0.100000 0.140988 0.857338 1.078286 0.413786 0.100000 0.954401 0.699048 0.100000 0.582000 0.126459 0.183316 0.100000 0.373183 1.332240 0.100000 0.100000 0.377213 0.520759 0.100000 0.441200 0.100000 0.792552 0.100000 0.100000 0.284828 0.100000 0.100000 1.238385 0.605107 0.404222 1.624729 0.932378 0.699902 0.470585 0.422920 0.110713 0.686465 0.100000 1.524509 0.351005 0.100000 0.100000 
0.100000 0.100000 0.175018 0.100000 0.100000 0.100000 0.100000 0.632356 0.100000 0.521712 0.100000 0.100000 0.990416 0.285835 0.100000 0.100000 0.258745 0.179596 0.717680 0.396359 1.081330 0.189553 1.338903 0.775033 0.100000 0.745284 0.580618 0.100000 0.702202 0.557961 0.811839 0.423351 0.384791 0.123063 0.100000 0.487828 0.374010 0.100000 0.121012 0.246139 0.482407 0.461480 1.150608 0.561716 0.549215 0.100000 0.461883 0.173733 0.100000 0.866163 0.741898 0.457079 0.622876 0.592256 0.142323 0.279817 0.100000 0.849513 1.345002 0.213424 0.294391 0.846460 0.528541 0.707358 0.262898 0.526824 0.354643 0.100000 0.222955 0.100000 0.597931 1.014798 0.410409 0.202960 0.998921 0.545155 0.100000 0.863102 0.952001 0.100000 0.437400 0.100000 1.084257 1.056618 0.334062 0.546695 0.154372 0.100000 1.172450 
0.100000 0.256958 0.992092 0.286552 0.531849 0.603207 0.742307 0.100000 0.100000 0.536411 0.100000 0.565227 0.558079 0.109961 0.698555 0.859985 0.142227 0.399815 0.246792 1.088103 0.100000 0.612039 0.909636 0.626294 0.100000 0.488411 0.100000 0.100000 0.737823 1.323041 0.465987 0.100000 0.891120 0.455799 0.352936 0.100000 0.100000 0.148538 0.553128 0.920505 0.554056 1.006075 0.373431 1.317934 0.399033 0.263387 0.410282 0.100000 0.975992 0.100000 2.060597 0.100000 0.100000 0.438022 0.734953 0.363435 0.781845 0.100000 0.612361 0.396154 0.100000 0.100000 0.311013 0.100000 0.100000 1.117099 0.596392 0.111956 0.811208 1.254128 0.349406 0.100000 0.135646 0.100000 1.005797 0.643365 0.873327 0.303173 0.100000 1.176129 0.429578 0.328112 0.127853 0.411825 0.100000 1.601244 0.282427 0.100000 0.198332 
0.170808 0.100000 1.994465 0.100000 0.145471 0.277998 0.100000 0.100000 0.544213 1.244732 0.131758 0.360077 1.172317 0.211286 1.294367 0.183303 1.280643 0.519628 0.100000 0.884100 0.125616 0.183631 1.125969 0.758082 0.560900 0.100000 0.329700 0.100000 0.396002 0.799714 0.100000 0.862939 0.100000 0.301922 0.100000 0.620297 1.106551 0.243802 1.154769 0.100000 0.305279 0.572950 0.855739 0.100000 0.149436 1.011558 0.100000 0.100000 0.533340 0.444677 0.258370 1.186122 0.100000 0.100000 0.100000 0.623584 0.100000 0.360096 1.640397 0.683571 0.900356 0.100000 0.187994 0.350853 1.756606 0.275810 0.578336 0.102764 0.853760 0.449314 0.455739 1.255254 1.096972 0.100000 0.689898 0.687877 1.152684 0.223112 0.911694 0.420628 0.435680 0.100000 0.100000 0.100000 0.484809 1.464325 0.862414 0.151799 0.880529 
0.100000 0.225658 0.100000 0.237358 0.100000 0.915913 0.557525 0.100000 0.283400 0.265559 0.100000 0.115372 0.884233 1.237253 0.310224 0.100000 0.100000 0.206083 0.100000 0.220514 0.633629 0.910270 0.727171 0.944496 0.419061 0.465244 0.231622 0.800360 0.149942 1.094310 0.331963 0.150922 0.431962 0.434819 0.436432 0.100000 0.779454 0.100000 0.399430 0.100000 1.139746 0.396832 1.362543 0.546610 0.504469 0.834071 0.557515 0.100000 0.894302 0.403012 1.538631 0.895860 0.917461 0.100000 0.471324 0.996301 0.463940 0.324066 1.492602 0.453209 0.100000 0.438352 0.100000 0.100000 0.689819 0.758834 0.423187 0.468500 1.200447 0.100000 0.100000 1.057425 0.636078 0.100000 0.100000 0.100000 0.100000 0.781772 0.100000 0.100000 0.100000 0.394198 0.769134 0.100000 0.100000 0.529190 0.100000 0.304754 0.100000 
