88 Number of operations
27 Number of workers
Standard production times
0.290051 0.119425 0.716550 0.190971 0.451519 0.100000 0.100000 0.336942 0.571636 0.414269 0.100000 0.116889 0.577166 0.526380 0.408052 0.219375 0.435065 0.438886 0.292950 0.555470 0.434268 0.311430 0.740981 0.584869 0.139028 0.323885 0.251275 0.312576 0.314710 0.676281 0.419674 0.326109 0.145356 0.602997 0.103788 0.342580 0.388635 0.242379 0.413542 0.192219 0.347265 0.507650 0.705652 0.791335 0.495640 0.423869 0.228507 0.247610 0.527861 0.409505 1.022967 0.293508 0.469117 0.314897 0.100000 0.751079 0.347161 0.569259 0.817347 0.505296 0.596762 0.100000 0.221035 0.466013 0.609718 0.669980 0.649135 0.261762 0.656215 0.254587 0.240166 0.399291 0.502519 0.366428 0.669267 0.276902 0.251393 0.603187 0.288969 0.487252 0.370662 0.404699 0.348340 0.767831 0.361202 0.714826 0.551380 0.294575 
Production times: workers row and ops columns
0.350961 0.684167 1.316009 0.283549 0.263876 0.100000 0.311747 0.375612 0.399709 0.436067 0.100000 0.465906 0.353602 1.138634 0.609798 0.516165 0.100000 0.523577 0.663228 0.100000 0.301158 0.327737 0.100000 0.742449 0.562108 0.100000 0.426548 0.100000 0.295362 0.100000 0.980383 0.530559 0.133048 0.215417 0.740666 1.326131 0.100000 0.860461 1.227367 0.361225 0.100000 0.939323 0.615192 0.489375 0.100000 0.699138 0.624910 0.100000 0.788149 0.100000 1.423897 0.316791 0.375832 0.264024 0.534443 1.126285 0.611894 0.638110 0.856257 0.814486 0.713009 0.441276 0.100000 0.100000 1.129130 1.763470 0.869817 0.211684 0.587992 0.195060 0.248871 0.100000 0.243972 0.100000 0.793667 0.128581 0.498998 0.515836 0.782136 0.594019 1.466012 0.100000 0.100000 1.218575 1.625365 0.590509 0.573215 0.181418 
0.955779 0.100000 1.056585 0.100000 0.100000 0.256774 0.351592 0.983555 0.516412 0.105588 0.381381 0.237258 0.717498 0.489824 0.988221 0.404122 1.387394 0.994415 0.622475 0.100000 0.735427 0.521571 1.146457 1.107090 0.100000 0.735888 0.100000 1.290015 0.100000 0.100000 0.100000 0.100000 0.100000 1.581037 0.100000 0.100000 0.945827 0.100000 0.100000 0.630138 0.658946 0.290172 1.409422 0.855886 1.304115 0.675239 1.007910 0.302312 0.100000 1.634190 0.750080 0.194089 0.118917 0.213200 0.221335 0.851994 0.677671 1.465338 0.757114 0.100000 0.100000 0.100000 0.100000 0.878527 0.360611 0.514487 0.648189 0.100000 0.225556 0.591943 0.549436 0.177705 1.407786 0.100000 0.496774 0.161482 0.100000 1.571951 0.472135 0.100000 1.396249 0.697530 0.563103 0.464332 0.414313 0.100000 0.948893 0.107356 
0.357075 0.720453 0.858925 0.322204 0.589768 0.100000 0.518002 1.108621 0.951039 0.856723 0.100000 0.100000 0.100000 1.142507 0.280962 0.919297 0.100000 0.220132 0.340663 1.016195 0.464643 0.416992 0.749245 0.673463 0.100000 0.364349 0.157985 0.284163 0.560878 0.335942 0.377420 0.177428 0.354007 0.995383 0.100000 0.635535 1.421527 0.100000 0.100000 0.100000 0.207716 1.319075 0.712328 0.443989 0.806542 0.123967 0.790213 0.400244 1.222251 0.100000 2.538395 0.705800 0.796407 0.289303 0.100000 0.317195 0.279173 0.170624 0.958684 0.100000 0.907303 0.578061 0.100000 1.062356 0.490747 1.247624 0.868218 0.822926 0.157705 0.201190 0.965881 0.100000 0.100000 0.100000 0.100000 0.100000 0.100000 1.242451 0.100000 0.649016 0.315666 0.408973 0.264240 0.680741 0.591784 0.126835 1.056444 0.754584 
0.192522 0.522122 0.365878 0.100000 0.529651 0.100000 0.100000 0.100000 0.292888 0.883853 0.100000 0.293137 0.458947 0.890287 0.665589 0.100000 0.727388 0.601023 0.303882 0.321133 0.860908 0.104915 1.658340 0.867061 1.207942 0.100000 0.100000 0.669970 0.741062 0.693962 0.100000 0.102161 0.454349 0.510909 0.100000 0.254851 0.100000 0.100000 0.100000 1.076199 0.109578 0.746455 0.194709 1.188599 0.100000 0.884177 0.210823 1.302913 0.100000 0.447695 1.206583 0.909957 0.257688 0.358129 0.100000 0.335995 0.572969 1.121346 0.676478 1.533473 1.476886 0.100000 0.100000 0.100000 0.220789 1.227900 0.804271 0.100000 0.541832 1.061268 0.100000 0.100000 1.529831 0.393133 0.429689 0.451985 0.259975 0.388616 0.893197 1.045103 0.791093 0.353255 0.921790 0.742980 0.594524 1.231670 0.955802 1.189452 
0.515693 0.100000 0.136465 0.866024 0.285877 0.293270 0.100000 0.837382 0.379220 1.143323 0.100000 0.675956 0.914364 0.165184 0.957550 0.100000 0.100000 0.799742 0.100000 0.258549 0.262317 0.100000 1.263478 0.889127 0.104363 0.269689 0.476352 1.195243 0.750195 0.422053 0.808384 0.266723 0.100000 1.536233 0.100000 0.102988 0.100000 0.100000 0.639103 0.100000 0.604971 0.100000 0.321997 1.128621 1.226086 0.720105 0.827422 1.099908 1.047906 0.100000 0.970294 0.608605 0.261693 0.540870 0.100000 0.336765 0.611601 0.100000 0.263490 0.496437 0.100000 0.128560 0.100000 0.320215 0.480227 0.764626 0.367241 0.306605 0.355636 0.532624 1.087071 0.497726 0.587454 0.100000 1.015950 0.100000 0.100000 0.881907 0.379488 1.040840 1.092101 0.134858 0.412528 1.648039 0.844472 1.071351 1.204483 0.100000 
0.608342 0.824052 1.527007 0.100000 0.325682 0.291358 0.100000 0.141033 0.913636 0.237564 0.100000 0.297813 0.364919 0.160615 0.100000 0.726287 0.100000 0.100000 0.155027 1.169948 1.089121 0.100000 0.652165 0.100000 0.644631 0.100000 0.179677 0.829068 0.203503 1.411362 0.100000 0.510704 0.571997 0.533142 0.796945 0.616645 0.100000 2.221680 0.737864 0.245890 0.100000 0.548534 0.475681 1.113512 0.681475 1.350374 0.299633 0.504363 0.714089 0.335260 0.931267 0.844008 0.859130 0.100000 0.100000 0.717374 0.927881 0.555494 1.690564 0.117761 0.667582 0.100000 0.100000 0.311452 0.865187 1.525311 0.666607 0.988720 0.987055 0.747763 0.100000 1.091787 0.100000 0.614007 0.193236 0.100000 0.100000 0.345013 0.464527 0.452867 0.100000 1.140069 0.516950 1.271864 0.753816 0.382392 0.100000 0.100000 
0.902629 0.100000 1.124572 0.100000 0.648073 0.100000 0.683538 0.317107 1.014549 0.509199 0.499032 0.100000 0.948844 0.100000 0.100000 0.582112 0.415475 0.324509 0.203144 0.806333 0.137596 0.566584 0.283085 0.381243 0.631504 0.859511 0.100000 0.731893 0.100000 1.042793 0.100000 0.100000 0.100000 0.519754 0.815595 0.794580 1.176369 0.845683 0.272110 0.100000 0.881750 0.527836 0.627155 0.123734 0.442410 0.100000 0.100000 0.100000 0.874148 0.170169 0.858441 0.967060 0.100000 0.473227 0.100000 0.795944 0.552294 0.999194 0.368005 0.665124 0.755839 0.100000 0.296043 0.697780 0.808658 0.171974 0.100000 1.514752 1.616111 0.100000 0.465275 0.713009 0.878188 0.436626 0.205831 0.185691 0.100000 0.670374 0.154783 0.421414 0.879938 1.019978 0.100000 0.537866 0.100000 1.326687 0.521696 1.019070 
0.100000 0.132425 0.100000 0.842238 0.270213 0.100000 0.100000 0.100000 0.555727 0.470512 0.244039 0.865944 0.426678 0.930108 0.564171 0.122715 0.100000 0.912637 0.100000 0.564448 0.100000 0.452927 0.794996 0.599578 0.100000 0.848494 0.734385 0.675534 1.975249 0.376169 0.229915 0.100000 0.363349 0.259254 0.100000 0.100000 0.424761 0.747273 0.100000 0.100000 0.277589 0.143381 0.971234 0.793336 0.656273 0.100000 0.996775 0.247423 1.174636 0.190006 1.317986 0.100000 0.100000 0.100000 0.100000 0.641713 1.116765 0.100000 0.272177 1.355390 0.901154 0.100000 0.469670 0.584679 0.100000 0.485199 0.640408 0.627463 1.133463 0.302461 0.756892 0.326154 0.100000 0.100000 0.940590 0.100000 0.590296 0.100000 0.109357 0.739943 0.979633 0.100000 0.100000 0.792362 0.100000 1.145638 0.100000 0.475476 
0.503011 0.143966 1.267669 0.100000 1.005827 0.100000 0.462775 0.174839 0.978807 0.804504 0.100000 0.100000 0.530950 0.407443 0.100000 1.145094 0.539613 1.216394 0.100000 0.100000 0.500392 0.100000 1.936054 0.707581 0.715327 0.211767 0.100000 0.297120 0.492569 1.101075 0.358597 0.100000 0.100000 0.564658 0.390269 0.571554 0.379726 0.100000 0.486925 0.478121 0.328856 0.563834 0.630400 1.249085 0.276540 0.516637 0.425721 0.610372 1.275803 0.747232 1.322573 0.100000 0.772319 1.461756 0.100000 0.241319 0.239834 1.079883 1.079722 0.266734 0.578767 0.618519 0.557345 1.680451 1.112562 0.846763 0.956498 0.100000 0.167328 0.340566 0.485447 0.100000 0.241341 0.181800 0.802088 0.146669 0.473941 0.652243 0.819133 0.100000 1.199224 1.113536 0.373498 1.092993 0.664476 0.346181 0.633713 0.683662 
0.444959 0.645086 0.764048 0.231346 0.100000 0.100000 0.100000 1.189683 0.691889 0.100000 0.299299 0.100000 0.100000 0.766307 0.100000 0.508608 0.100000 0.100000 0.540121 0.100000 0.210918 0.413618 1.047097 0.957311 0.120887 0.100000 1.213182 0.100000 1.216504 0.450019 1.000317 0.861091 0.100000 0.780640 0.481484 0.693071 0.289166 0.393359 0.216197 0.100000 0.839271 0.227809 1.395531 1.092561 0.100000 0.343270 0.100000 0.100000 0.778576 0.170198 1.838812 0.723953 0.100000 0.305397 0.100000 0.100000 0.812789 1.044163 1.280097 0.276802 1.131255 0.100000 0.688609 1.372276 0.679773 0.100000 0.490684 0.582255 1.266152 0.100000 0.144892 0.515960 0.720018 0.821640 0.195047 0.100000 0.755376 0.799355 0.513159 1.049914 0.422689 0.668700 0.191058 0.100000 0.100000 0.751987 0.451600 0.100000 
0.449058 0.100000 0.772219 0.181209 0.100000 0.100000 0.828264 0.495260 0.100000 0.201054 0.296894 0.100000 0.867331 0.100000 0.495636 0.192634 0.343534 0.328372 0.392830 1.021831 0.169208 0.107810 0.821263 0.524794 0.331829 0.683030 0.896869 0.254354 0.100000 0.641469 0.596609 0.232631 0.100000 0.100000 0.357780 0.180564 0.100000 0.100000 0.100000 0.496593 0.628084 1.265025 1.029614 0.115511 0.100000 0.989232 1.011850 0.128736 0.807262 0.100000 0.100000 0.100000 0.290523 0.100000 0.100000 0.505572 0.686812 1.283032 0.835445 1.520294 0.279559 0.100000 0.414902 0.288613 1.198244 0.349426 1.310482 0.358849 1.938941 0.100000 0.138819 0.472117 0.100000 0.667560 0.909690 0.331561 0.100000 0.100000 0.582278 1.074841 1.167894 0.100000 0.100000 0.631862 0.100000 0.420361 0.977275 1.111876 
0.429628 0.939702 0.921987 0.286653 0.365798 0.193469 0.100000 0.266486 0.240690 0.543785 0.107224 0.100000 0.456816 0.100000 0.100000 0.461317 1.214409 1.623751 1.074160 0.120069 1.021890 0.871379 0.100000 1.015513 0.452616 0.405289 0.395583 0.341729 1.130678 0.475387 0.319704 0.329803 0.283188 0.100000 0.797775 0.455680 0.673197 0.341037 0.320321 0.100000 0.395322 0.583676 1.283283 0.964364 0.428896 1.417152 0.100000 0.100000 0.705162 0.303319 0.135669 0.137393 0.113789 0.880461 0.100000 1.276387 0.577052 0.466093 0.827932 0.719625 0.100000 0.263534 0.100000 1.364972 0.264084 1.241262 0.100000 0.669074 0.794266 0.131079 0.179722 0.269011 0.714021 0.299304 0.100000 0.183996 1.368754 0.626610 0.434363 0.268225 0.457689 0.493671 0.217739 1.199463 0.100000 0.649729 0.803907 0.161073 
0.100000 0.398558 0.225470 0.100000 0.100000 0.100000 0.100000 0.100000 0.912125 1.295573 0.100000 0.378217 0.399459 0.575851 0.971928 0.244522 0.100000 0.100000 0.100000 0.548818 0.863273 0.100000 0.222336 0.122599 0.100000 0.986846 0.233085 1.262965 0.100000 1.323373 0.100000 0.122424 0.100000 0.128065 0.100000 0.450746 0.100000 0.121478 0.408941 0.525524 0.397460 0.668313 0.962858 0.782710 0.677314 0.100000 0.100000 1.196366 0.521994 0.100000 1.712907 0.215086 0.145871 0.100000 0.489746 0.207929 0.100000 0.891309 0.909163 0.462082 0.489768 0.672964 1.336172 0.191632 0.894170 1.634380 1.188664 0.100000 0.440874 0.100000 0.100000 0.100000 0.633457 0.100000 1.107367 0.338529 0.100000 1.046232 0.448455 0.619686 0.890681 0.691331 0.293890 1.236609 0.515861 2.173481 1.100724 0.871181 
0.935547 0.159345 1.372998 0.202649 0.100000 0.100000 0.363975 0.100000 0.675812 0.100000 0.459108 0.100000 1.513318 0.910289 0.100000 1.098755 0.321438 0.100000 0.100000 0.839353 1.186529 0.100000 0.242170 0.100000 0.887230 1.159250 0.100000 0.581428 0.313257 0.645966 0.901685 0.546587 0.310101 0.456708 0.511588 0.201577 0.413596 0.352118 0.100000 0.100000 0.190963 0.558252 0.149743 0.198060 1.307371 1.002091 0.673027 1.160020 0.737659 0.363966 1.264055 0.100000 0.100000 0.694216 0.116308 0.112261 0.676430 1.068710 1.151286 0.490147 0.178737 0.153797 0.434497 0.286718 0.911236 0.827196 0.815692 0.100000 1.196761 1.116783 0.100000 0.100000 0.821984 0.133598 0.185761 0.885760 0.100000 0.961902 0.100000 1.218386 0.628938 0.276001 0.423025 1.058875 0.776149 1.128722 0.824745 0.100000 
0.622091 0.100000 1.218597 0.627474 1.148559 0.100000 0.193106 0.766085 0.730565 0.200935 0.253666 0.150906 1.075018 0.212149 0.577796 0.365841 0.813729 0.402440 0.356608 0.519995 0.451300 0.315609 0.577608 1.998519 0.100000 0.100000 0.100000 0.100000 0.320428 1.391748 1.263866 0.444771 0.100000 0.795177 0.100000 0.100000 0.100000 0.455190 0.100238 0.578279 0.585916 0.387615 0.745932 1.250045 0.309574 0.881678 0.218849 0.382309 0.927481 1.075271 1.283373 0.322694 0.829460 0.100000 0.919481 0.100000 0.799016 0.287177 1.070972 0.447012 0.748557 0.100000 0.100000 0.669340 0.309466 0.345662 0.286473 1.253967 0.365118 0.417994 0.100000 1.160839 0.224385 0.100000 2.025242 0.100000 0.905859 0.969724 0.615059 0.371509 0.465261 1.016667 0.197874 0.893486 0.825347 0.756521 0.338888 1.020415 
0.460895 0.100000 0.328603 0.100000 0.898411 0.574634 0.100000 0.100000 1.054080 1.626422 1.175177 0.587823 1.263832 0.262671 0.795319 0.100000 0.154126 0.599372 1.376919 0.929452 0.571181 0.226388 0.100000 0.886301 0.100000 0.443407 0.100000 0.373203 0.100000 0.928235 1.079537 0.783084 1.202268 0.765274 0.356470 0.600012 0.100000 1.318996 0.907831 0.100000 0.100000 0.798405 1.134426 0.860278 0.588677 0.329811 0.227133 0.915181 1.228170 0.100000 1.092406 0.100000 0.100000 0.607874 0.100000 0.100000 0.669738 1.210330 1.836735 0.307149 1.319484 0.100000 0.100000 0.725497 0.845485 1.330189 1.127480 0.220977 1.420839 0.597828 1.098711 0.100000 0.652646 0.151630 1.072224 0.167126 0.125467 0.100000 0.443071 1.044997 0.874760 0.100000 0.100000 1.770401 0.267389 0.640356 1.134048 0.392898 
0.100000 0.100000 1.665131 0.100000 1.102131 0.100000 0.100000 1.268398 0.250199 0.831798 0.100000 0.100000 0.494156 1.110844 0.315106 0.494086 0.529341 0.462302 0.100000 0.621361 0.100000 0.100000 0.100000 0.719719 0.316358 0.100000 0.651928 0.510491 0.461496 0.495580 0.656071 0.853212 0.100000 0.194575 0.698294 0.100000 0.100000 0.100000 0.504412 0.268406 0.595517 0.545639 1.474342 1.579227 1.075145 0.100000 0.410296 0.100000 0.277506 0.100000 1.028323 0.565570 0.508463 0.100000 0.100000 0.370037 0.100000 0.961395 0.657706 0.410962 0.518294 0.648424 1.039093 0.679542 0.485565 1.371231 0.868256 0.100000 1.161502 0.358202 0.100000 0.712744 0.652432 0.100000 0.100000 0.345052 0.593071 0.907477 0.100000 0.313747 0.703957 0.100000 0.390981 0.874496 0.823080 0.100000 0.623874 1.303636 
0.100000 0.100000 1.193547 0.100000 1.029996 0.370267 0.100000 0.387238 0.100000 0.890543 0.100000 0.100000 0.100000 0.124844 1.065522 0.210247 0.580567 0.976336 0.100000 0.266307 0.100000 0.703882 1.557619 0.714240 0.100000 0.100000 0.100000 0.678148 0.100000 0.548965 0.100000 0.100000 0.100000 0.158017 0.212827 0.183672 0.276848 0.100000 0.100000 0.100000 0.452881 1.531478 0.637466 0.106695 1.131952 0.100000 0.507273 0.100000 0.568402 2.125837 0.649204 0.100000 0.656734 0.303924 0.100000 0.406876 0.642408 1.107947 0.341304 0.100000 1.511715 0.100000 0.578702 0.685576 0.100000 1.049727 0.100000 0.100000 0.100000 0.671729 0.100000 0.941917 0.100000 0.673759 1.372973 0.233895 0.100000 0.431902 0.917338 0.856799 0.177668 0.100000 0.706108 1.583284 1.185499 0.931221 0.455866 0.100000 
0.100000 0.100000 1.783826 0.177488 1.643721 0.100000 0.100000 1.267724 0.141722 0.195314 0.924276 0.846276 0.100000 0.526908 0.100000 0.488945 1.341153 0.180141 1.039562 0.100000 1.520403 0.100000 0.509312 0.733348 0.100000 1.098689 0.100000 0.619551 0.100000 0.731173 0.414411 0.131988 0.389966 0.100000 0.864721 0.443804 0.100000 1.245160 0.639899 0.969001 0.258796 0.100000 0.495793 0.178300 0.476399 0.182506 0.333013 0.100000 0.554752 0.179714 1.339721 0.100000 0.256581 1.144097 0.100000 1.120106 1.012414 0.564214 1.311602 1.026015 1.381640 0.100000 0.164885 0.868074 0.236896 0.694005 0.299850 0.100000 0.823672 1.105802 0.100000 0.441440 0.275966 0.100000 0.737319 0.813367 1.359314 1.016425 0.100000 0.100000 1.024077 0.563056 0.100000 0.239745 0.100000 1.331539 0.540200 0.100000 
0.726340 0.274477 0.570984 0.494828 0.100000 0.581952 0.100000 0.100000 0.100000 0.205989 0.100000 0.100000 0.579550 0.803507 0.481318 0.345305 1.237227 0.305641 0.100000 1.031161 1.352202 0.405074 1.160748 0.257061 0.231865 0.642398 0.440562 0.100000 1.130025 0.762690 0.884773 0.528998 0.582193 1.069624 0.100000 0.759419 1.468863 1.241875 0.795563 1.035846 0.100000 1.243848 0.743090 0.100000 0.578245 0.912017 0.100000 1.216176 1.202475 0.100000 1.527512 0.349494 0.193277 0.156581 0.100000 0.142944 0.123000 0.915603 1.530318 1.234465 0.310081 0.100000 0.100000 0.981014 0.100000 0.100000 0.331212 0.387498 0.495641 0.271119 0.263934 0.515931 0.100000 0.196748 0.958073 0.417016 0.798046 0.230075 0.742100 1.220564 0.299367 0.537664 0.460934 1.035667 0.555163 1.449570 0.808063 0.726826 
0.455814 0.100000 0.933231 0.100000 0.133975 0.100000 0.100000 0.100000 1.591472 1.212654 0.100000 0.471468 1.155647 0.439961 1.332169 0.680431 0.384210 0.100000 0.100000 0.714817 0.215136 0.301053 0.347324 0.708331 0.100000 0.100000 0.100000 0.100000 0.100000 1.387870 0.381649 0.162675 0.520543 0.561700 0.487435 0.100000 0.100000 0.514993 1.159491 0.207225 0.455482 0.100000 0.690684 0.436867 0.415521 0.785009 0.100000 0.354123 0.125590 0.100000 1.592053 0.441228 0.935932 0.100000 0.100000 0.524246 0.100000 0.789376 1.265307 0.100000 0.115431 0.100000 0.794838 0.208645 0.559028 0.503875 0.167307 0.448392 0.847728 0.725250 0.127456 0.250747 0.209758 1.110499 1.173051 0.256709 0.575879 0.310265 1.316206 0.191469 0.180818 0.219183 1.198957 0.841632 0.903411 0.659778 0.100000 0.682315 
0.100000 0.100000 0.508513 0.506799 1.333661 0.100000 0.100000 0.802020 0.721661 0.132532 0.309181 0.481611 1.533200 0.461209 1.047952 0.100000 0.180230 0.650773 0.100000 0.100000 0.915864 0.100000 0.797655 0.422498 0.100000 0.100000 0.100000 0.100000 0.100000 0.463572 0.463692 0.100000 0.100000 0.748018 0.100000 0.100000 0.239058 0.385125 1.467916 0.999000 0.100000 0.100000 0.738011 1.069835 0.429787 1.510035 0.817042 1.067639 0.318926 0.100000 0.487823 0.236617 0.100000 0.100000 0.100000 1.223222 0.110724 0.100000 0.593610 0.599587 0.877221 0.100000 0.544723 1.159425 0.854477 0.789378 0.425079 0.100000 0.100000 0.558560 0.100000 0.475582 0.753156 0.100000 1.177765 0.333457 0.999890 0.687656 0.448281 0.350563 1.108869 0.100000 0.100000 0.615304 0.100000 0.317475 0.100000 0.389769 
0.100000 0.304356 0.585660 0.100000 0.100000 0.100000 0.255312 0.274218 0.904758 0.100000 0.902997 0.100000 0.154568 1.181460 1.086835 0.174291 0.192913 0.893923 0.100000 1.023066 0.100000 0.269733 0.746859 1.188919 0.100000 0.441103 0.190919 0.314030 0.100000 0.100000 0.188106 0.205277 0.882948 0.658688 0.101650 0.691753 0.100000 0.603662 0.871230 0.645791 0.180767 0.100000 0.213188 0.915062 0.764022 1.062144 0.989224 0.683235 0.544825 0.541965 0.905311 0.820942 0.766253 0.422827 0.100000 1.274410 0.100000 1.185150 1.309661 0.100000 0.572530 0.100000 0.148725 0.743598 0.541399 0.100000 0.779549 0.391506 0.642597 0.100000 0.100000 0.533554 0.424994 1.422739 0.797307 0.173521 0.492692 0.100000 0.499347 1.295649 0.100000 0.554116 0.731896 0.100000 1.180647 0.192327 0.383853 0.484911 
0.173749 0.520894 0.792013 0.475846 0.489005 0.836001 0.100000 0.518989 0.421328 0.100000 0.100000 0.100000 0.866371 0.100000 0.326460 0.357000 0.100000 0.995061 1.503745 0.218462 0.893991 0.156590 1.007664 0.494017 1.243359 0.161719 0.648240 0.616259 0.100000 0.100000 0.709218 0.748368 0.100000 0.286310 0.592190 0.768997 0.866573 0.373080 0.100000 0.100000 0.100000 0.478809 1.665236 1.030283 0.455770 0.100000 0.100000 0.250080 0.416751 0.863675 0.943663 0.641161 0.412008 0.220014 0.729567 0.375091 0.205635 0.100000 0.865716 1.040046 0.937463 0.467006 0.747556 0.778622 0.988848 0.871842 0.161441 0.524809 1.129158 0.100000 0.358161 0.940697 0.315781 0.100000 0.700034 1.073744 0.100000 0.550492 0.100000 0.307768 0.488048 1.143105 0.100000 0.413504 0.100000 0.167931 0.100000 0.100000 
0.237144 0.139858 1.302775 0.100000 0.100000 0.100000 0.197873 0.257705 0.960240 0.100000 0.556629 0.588146 0.445932 0.215112 0.498637 0.100000 1.431167 0.509330 0.689171 0.100000 0.100000 0.655063 0.998924 0.204567 0.100000 0.100000 0.365188 0.774502 0.100000 0.915654 0.100000 0.100000 0.100000 0.100000 1.525757 1.555069 0.764770 0.570387 0.100000 1.380893 0.356423 0.445952 1.307649 0.921735 0.107338 0.314408 0.100000 0.279938 0.805090 0.675885 1.673568 0.291456 0.948151 1.168228 0.100000 1.107365 0.100000 0.100000 1.609678 1.073038 0.858448 0.100000 0.972816 0.100000 0.643415 0.912569 1.292699 0.100000 0.100000 0.312272 0.398880 0.486131 0.100000 0.344347 0.100000 0.487198 0.697687 0.237171 0.100000 0.422361 0.271412 0.364395 1.000127 0.837129 1.403264 0.905198 0.100000 0.861382 
0.244879 0.100000 0.856251 0.248363 0.100000 0.100000 0.676003 0.424906 0.891129 0.924345 0.996307 0.100000 0.225468 0.100000 0.107827 0.100000 0.427564 0.384770 0.583569 0.100000 0.107355 0.491160 1.090305 0.100000 0.100000 0.197075 0.100000 0.536926 0.916774 0.100000 0.100000 0.802200 0.713026 0.100000 0.100000 0.672289 0.267123 0.100000 1.210611 0.341118 0.100000 0.634307 0.100000 1.162364 0.986637 0.643150 0.692417 1.229750 0.891201 0.223525 0.476315 0.405733 0.100000 0.100000 0.100000 0.100000 0.100000 0.819837 0.579719 0.351978 0.583804 0.100000 0.314147 0.464098 0.587115 0.841403 0.100000 1.217676 0.504539 0.100000 0.295931 0.100000 0.535715 0.636729 0.100000 0.699615 0.316939 0.777729 0.491003 0.743469 0.930843 0.834926 0.591795 0.385661 0.504368 0.435909 0.100000 0.273887 
0.100000 0.686996 0.697696 0.213602 0.839122 0.100000 0.100000 0.919277 0.100000 0.100000 0.100000 0.509284 0.702062 0.100000 0.100000 1.066605 0.593199 0.129666 0.100000 2.425595 1.104404 0.100000 0.511593 0.946281 0.100000 0.893412 1.133399 0.316356 0.462080 0.591950 0.861074 1.076071 0.612554 0.100000 0.480970 0.100000 1.262816 0.480521 0.942606 0.181689 0.331096 0.723039 0.690251 1.580792 0.100000 0.766577 0.100000 0.678134 0.100000 1.052568 0.868282 0.100000 0.827459 0.219009 0.238569 1.365034 0.100000 0.201070 0.857550 0.789053 0.244954 0.100000 0.606703 0.957832 1.308355 0.522412 0.100000 0.523457 1.036181 0.100000 0.285356 0.536945 0.672696 0.134081 0.710984 0.577099 0.100000 1.058728 0.106051 0.869503 0.100000 0.100000 0.938909 1.588399 0.100000 0.100000 0.598467 0.100000 
