76 Number of operations
23 Number of workers
Standard production times
0.436826 0.198809 0.331604 0.391055 0.455688 0.283821 0.369697 0.170513 0.277800 0.162097 0.574453 0.396892 0.633336 0.100000 0.551241 0.100000 0.330241 0.100000 0.539262 0.512992 0.495972 0.340811 0.315938 0.228077 0.318417 0.649516 0.100000 0.100000 0.538062 0.585624 0.717307 0.480261 0.146062 0.493841 0.660772 0.646257 0.445896 0.454722 0.266643 0.360484 0.497204 0.572092 0.100000 0.238532 0.100000 0.618461 0.282133 0.597837 0.392383 0.644536 0.657231 0.431644 0.169275 0.413947 0.588501 0.278597 0.308175 0.396599 0.569202 0.402256 0.238324 0.288863 0.302463 0.464080 0.450278 0.274325 0.171269 0.118233 0.100000 0.577667 0.456585 0.653838 0.442652 0.454075 0.641237 0.267259 
Production times: workers row and ops columns
0.424773 0.100000 0.100000 0.100000 0.160149 0.100000 0.100000 0.359161 0.100000 0.107369 0.913989 0.100000 0.483233 1.179075 0.988384 0.100000 0.290371 0.382243 1.155998 0.587486 0.230681 0.100000 0.638469 0.384607 0.100000 0.554980 0.100000 0.462329 0.193082 0.828832 1.143067 0.723386 0.100000 1.166338 0.321665 0.859474 0.100000 0.100000 0.379518 0.504002 0.458484 0.710126 0.100000 0.100000 0.100000 1.573099 0.689540 0.337841 0.671739 0.405354 0.428601 0.861286 0.100000 0.100000 0.135253 0.322805 0.372179 1.017407 0.211190 0.767989 0.451307 0.214356 0.720385 0.710140 0.100000 0.810167 0.100000 0.148041 0.101222 0.789985 0.100000 0.636367 0.372342 0.952620 0.243279 0.303632 
0.306205 0.100000 1.669660 0.355446 0.100000 0.988135 0.100000 0.355948 0.709216 0.100000 0.359008 0.126757 0.568656 0.100000 0.100000 0.100000 0.849717 0.415872 1.403971 0.860019 0.240408 0.279389 0.100000 0.100000 0.100000 0.784812 0.423915 0.100000 0.243812 0.100000 0.653426 0.604345 0.368953 0.102487 1.655017 1.243786 0.398278 0.191128 0.105851 0.436049 0.487890 0.813856 0.484483 0.921653 0.673632 0.563346 0.476258 0.404273 0.100000 1.599950 0.427308 1.427013 0.100000 0.540360 1.133205 0.290558 0.504738 0.275907 0.331440 0.319368 0.100000 1.104554 0.218614 1.325415 0.100000 0.283535 0.452245 0.100000 0.647327 0.897513 0.319285 0.871343 1.848591 0.580073 0.790988 0.100000 
0.503574 0.100000 0.232459 1.619849 0.989296 0.604532 0.921658 1.111391 0.574594 1.197536 1.109352 0.480151 1.493075 0.100000 0.265566 0.232894 0.100000 0.100000 0.219867 0.185785 1.851935 0.654548 0.288964 0.885661 0.199748 1.092186 0.275408 0.913287 0.100000 0.968485 0.778432 0.100000 0.678772 0.100000 1.470391 0.902803 0.793638 0.494950 0.718907 0.100000 0.534568 0.257966 0.241330 0.214953 0.408289 0.199645 1.201709 1.755766 0.288241 0.637050 0.801010 1.063687 1.117726 0.100000 0.280946 0.100000 0.100000 0.100000 0.750604 0.100000 0.989955 0.743022 0.100000 0.100000 0.144085 0.974308 0.100000 0.100000 0.100000 0.764362 0.127956 1.463554 0.562881 0.680594 0.213470 0.247394 
0.358566 0.100000 0.475433 0.100000 0.441295 0.100000 1.379522 0.333644 0.708479 0.621601 0.100000 0.100000 0.468547 0.548575 0.596758 0.492716 0.798557 0.100000 0.683104 1.496230 0.210706 0.100000 0.199986 0.100000 0.527608 0.203313 0.145358 0.100000 0.965044 1.379058 1.366246 0.100000 0.305660 0.100000 0.802365 0.614077 0.100000 0.626619 0.335651 0.830236 0.560859 0.689605 0.100000 0.100000 0.100000 0.766883 0.278984 1.348282 0.100000 0.524720 0.784772 0.315895 0.417066 0.128666 1.298672 0.118802 0.866148 0.381447 1.314964 0.100000 0.496723 0.100000 0.418164 1.060483 0.100000 0.100000 0.100000 0.245427 0.100000 0.625964 0.100000 0.100000 0.258063 0.644374 0.328029 0.100000 
0.415904 0.100000 0.100000 0.176005 0.498170 0.832711 1.392863 0.504007 0.317346 0.100000 0.618980 0.786340 1.265659 0.100000 0.669444 0.507802 1.260647 0.227795 0.268510 0.168193 0.317252 0.100000 0.729206 0.762730 0.680846 1.245609 0.100000 0.290168 0.345731 0.607454 1.329800 0.465394 0.100000 0.367433 0.304347 0.100000 0.100000 0.935034 1.107099 0.115981 0.998472 1.161203 0.100000 0.218850 0.100000 0.704654 0.100000 0.423266 0.921293 1.275638 1.572912 0.262890 1.104029 0.746900 0.100000 0.659402 0.132035 0.656137 0.517940 1.006375 0.366604 0.147610 0.784946 0.592191 0.243799 0.912962 0.100000 0.100000 0.100000 0.100000 0.179981 1.584277 0.100000 0.458285 0.100000 0.100000 
1.196172 0.646987 0.100000 0.394165 0.100000 0.100000 0.100000 0.100000 0.440775 0.460493 0.818574 0.312173 0.100000 0.100000 0.100000 0.540651 0.608463 0.473446 0.365078 0.100000 0.974920 0.953972 0.100000 0.297035 0.915043 0.111654 0.983841 0.100000 0.100000 1.271454 0.864573 0.153692 0.585956 0.100000 1.568425 0.238132 0.588888 0.255413 0.484759 0.804447 0.100000 0.965273 0.100000 0.100000 0.100000 0.116157 0.100000 1.072404 0.316971 1.215303 0.873110 0.100000 0.100000 0.100000 0.720564 0.283004 0.100000 0.903005 0.100000 0.100000 0.301972 1.385744 0.509430 0.100000 0.746606 0.616023 0.640197 0.100000 0.100000 0.636776 0.664223 1.452956 1.487477 0.100000 0.379751 0.235473 
0.311940 0.441704 0.574473 0.520004 1.127724 0.204566 0.100000 0.100000 0.100000 0.100000 0.100000 0.728486 0.725970 0.100000 0.106296 0.100000 0.100000 1.023955 0.100000 0.583898 0.867791 0.408877 0.157536 0.612114 0.100000 0.927288 0.815349 0.100000 0.128146 0.653595 1.212094 1.149835 0.486376 0.159090 0.103565 0.767746 0.645025 0.100000 0.296538 0.526603 1.019736 0.100000 0.378482 0.100000 0.100000 0.579323 1.041092 2.254989 0.519156 0.892182 1.161002 0.100000 0.552107 0.100000 1.403057 1.000343 0.558945 0.100000 1.403215 0.532100 0.293446 0.578635 0.100000 0.678330 0.948332 0.443825 0.243898 0.100000 0.421777 0.677902 0.461117 0.372236 0.870738 1.077668 0.835310 0.715634 
1.099837 0.992890 0.444429 0.284391 0.248215 0.290695 0.645680 0.639604 0.100000 0.237025 0.100000 1.028874 0.437606 0.278961 0.191556 0.100000 0.100000 0.952483 0.718944 0.429770 0.100000 0.100000 0.600291 1.061040 0.100000 0.190992 0.100000 0.100000 0.100000 0.595279 1.092829 0.100000 0.251542 0.976178 1.150935 0.436321 1.598271 0.732278 0.100000 0.852634 0.100000 1.019726 0.100000 0.633803 0.100000 1.184605 0.652472 0.821441 0.421699 1.188045 0.100000 0.647921 0.375992 0.695022 1.001615 2.129826 0.366567 0.798849 0.645387 1.188590 0.100000 1.137837 0.100000 0.100000 0.100000 0.187065 0.268392 0.100000 0.508409 0.560079 0.424986 0.100000 0.686324 0.959196 0.430900 0.100000 
0.100000 1.035590 0.100000 0.100000 0.100000 0.624263 0.100000 0.100000 0.100000 0.108197 1.074927 0.322925 1.074446 0.187713 0.625159 0.189486 0.347462 0.613103 0.783189 0.223937 0.560282 0.302829 0.558404 0.318236 0.525706 0.100000 0.289796 0.756806 0.100000 1.386091 0.865844 0.376387 0.100000 1.037640 0.175997 0.390661 0.718848 0.100000 0.100000 0.100000 0.441524 0.866360 0.301503 0.442233 0.100000 0.688696 0.100000 1.596674 0.489746 0.100000 0.122577 1.232295 0.100000 0.195100 0.790313 0.100000 0.841478 1.236141 0.156833 0.966904 0.100000 0.100000 0.425306 0.583046 0.152260 0.695337 0.100000 0.100000 0.100000 0.956849 0.858536 0.987309 0.100000 0.520459 0.870063 0.100000 
0.100000 0.521740 0.683431 0.518673 0.726726 0.445869 0.444656 0.115885 0.100000 0.100000 0.372996 1.555779 0.763457 0.100000 0.435252 0.100000 0.194108 0.372353 0.524540 0.918532 0.148384 0.515928 0.754516 0.100000 0.402302 0.773049 0.100000 0.100000 0.100000 1.160035 0.250845 0.100000 0.475019 0.100000 1.142407 0.863366 0.744941 0.372721 0.100000 0.100000 1.225610 0.336121 0.100000 1.029613 0.100000 0.499481 0.163634 0.529107 0.100000 0.364430 1.299976 0.812191 0.100000 0.100000 0.755319 0.222120 0.120912 0.917969 0.100000 1.002052 0.304119 0.563066 0.429148 0.887151 0.325112 0.100000 0.562055 0.205784 0.100000 1.252474 1.061967 1.374557 0.482501 0.629342 0.450465 0.100000 
0.469562 0.287063 0.100000 1.305903 0.100000 0.100000 0.100000 0.816116 0.149505 0.100000 0.131707 0.100000 0.100000 0.607769 0.855686 0.595017 0.100000 1.355958 0.100000 0.100000 0.349917 0.409371 0.694108 0.100000 0.613845 1.503442 0.100000 0.100000 0.100000 0.706095 1.146014 0.863732 0.562874 1.201915 0.724493 1.122643 0.100000 0.100000 0.387076 0.100000 0.783056 1.259617 0.301768 0.100000 0.100000 1.301144 0.100000 0.642496 0.262935 0.671047 1.205416 0.162247 0.100000 1.139815 0.700008 0.641462 0.298486 0.785411 1.201571 1.085419 0.101597 0.112787 0.499897 0.567666 0.733176 0.100000 0.100000 0.343243 0.490623 0.899175 1.286307 1.079953 0.248486 0.946788 0.598769 0.894902 
0.555820 0.425564 0.445466 0.418308 0.100000 0.312691 0.100000 0.419415 0.773759 1.187648 0.761491 0.100000 0.100000 1.073885 0.100000 0.547762 0.100000 0.100000 0.880874 0.675610 0.475202 0.100000 0.100000 0.732392 0.536282 0.569221 0.203413 0.100000 1.049208 1.216112 0.327382 0.531272 0.670186 0.172927 1.678060 1.401571 0.306458 0.944108 1.097741 0.100000 0.806816 0.499917 0.100000 0.593685 0.100000 0.100000 0.100000 0.587969 0.706834 0.632598 0.580933 0.416246 0.813932 0.679174 0.215545 0.134205 0.910520 0.106448 0.371835 0.389724 0.100000 0.740047 0.100000 1.189766 0.232698 0.100000 0.312401 0.100000 0.368675 0.964479 0.168630 0.459391 0.917025 0.118703 0.652488 0.441068 
1.216806 0.100000 0.348945 0.957059 0.100000 0.149342 0.100000 0.100000 1.256285 0.267736 1.316197 0.276187 0.903563 0.100000 0.277765 0.100000 0.394407 0.866635 0.440848 0.702912 0.367511 0.413245 0.100000 0.773788 0.100000 0.670282 0.100000 0.592324 0.798895 0.592121 0.804808 0.651981 0.524335 0.747321 1.303375 1.455469 0.753104 0.100000 1.140564 1.435439 0.315154 0.365092 0.100000 0.628153 0.100000 1.533197 0.100000 0.634035 0.729624 0.443393 0.259501 0.556261 0.100000 0.242315 0.568811 0.100000 0.194171 0.790026 0.373684 0.485224 0.100000 0.745497 0.100000 0.942300 0.100000 0.100000 0.100000 0.625109 0.234262 0.100000 0.169219 1.322211 0.408937 0.729512 0.100000 0.100000 
0.714491 1.343080 0.100000 0.676247 0.100000 0.897879 0.130274 0.100000 0.100000 0.100000 0.653413 1.071445 0.100000 0.575203 0.363888 0.100000 0.100000 0.100000 0.100000 1.306365 0.100000 0.101795 0.846658 0.100000 0.516410 0.368513 0.167320 0.506434 0.435306 0.460457 1.053610 0.772488 0.100000 0.373271 0.100000 1.265423 0.100000 0.521342 1.113188 0.737400 0.326543 0.183247 0.100000 0.674972 0.248277 0.595343 1.565567 0.161980 0.129602 0.439529 0.748887 0.569790 0.100000 0.766252 0.842143 0.110694 0.100000 0.773023 0.100000 0.100000 0.140902 0.100000 0.100000 0.464334 0.241345 0.393714 0.100000 0.100000 0.100000 0.390386 0.555321 0.485958 0.100000 0.314097 0.670332 0.788904 
0.372276 0.100000 0.100000 1.343520 0.100000 0.100000 0.252010 0.100000 0.772793 0.212057 0.778138 0.100000 0.339310 0.489460 0.964797 1.480103 0.842875 0.100000 0.548227 0.297516 1.009865 0.263530 0.528827 0.100000 0.592645 1.350675 0.100000 0.100000 0.100000 1.338377 0.800288 0.304866 0.100000 0.991366 0.777711 0.563017 0.148420 0.350333 0.100000 0.620175 1.107650 0.100000 0.100000 0.163564 0.113635 0.100000 0.100000 0.370030 0.143701 0.385520 0.587090 0.846661 0.512393 0.683313 0.699136 0.100000 0.100000 0.716020 0.599482 0.775085 0.344199 0.292631 0.496412 0.100000 0.343956 0.100000 0.567231 0.100000 0.189264 0.334862 0.665517 0.983898 0.308340 0.476062 0.698411 0.623222 
0.241202 0.186266 0.100000 0.100000 0.508997 0.461733 0.100000 0.922212 0.100000 0.498587 0.724969 0.100000 0.582662 0.100000 0.459507 0.399474 1.215668 0.453916 0.100000 0.298282 1.208262 0.392181 1.160847 0.100000 0.100000 0.100000 0.100000 0.688997 0.100000 0.963243 0.906671 0.834626 0.100000 0.465034 1.690178 0.100000 0.785758 1.175581 0.456706 1.148618 0.100000 0.377665 0.100000 0.100000 0.100000 0.815139 0.100000 0.989798 0.100000 1.079318 0.483878 0.100000 0.100000 0.100000 0.100000 0.283276 0.914300 0.734882 0.100000 0.100000 0.100000 0.100000 0.153607 0.100000 1.674440 0.100000 0.264550 0.982565 0.100000 0.119313 1.230413 0.100000 0.100000 0.100000 0.771008 0.584916 
0.303229 1.223982 0.160198 0.322335 0.235271 0.835781 0.312258 0.100000 1.065043 0.753399 1.024851 0.100000 0.100000 0.100000 0.371641 0.100000 0.171770 0.381511 0.100000 0.594730 0.255466 0.100000 0.134993 0.562989 0.423723 0.220543 0.234347 0.138190 0.718524 0.427430 1.195819 0.651283 0.100000 0.100000 0.100000 0.831702 0.100000 0.266006 0.219690 0.967306 1.586071 0.507775 1.094763 0.508662 0.700791 0.473865 0.100000 0.837588 1.038201 0.100000 0.624062 0.539054 0.466686 0.100000 0.305574 0.743075 1.213153 0.446085 1.058941 0.486059 0.453514 0.100000 0.185848 0.173744 0.498386 0.826653 0.264945 0.445625 0.100000 0.935673 0.100000 0.100000 0.270975 0.100000 0.922222 0.367955 
0.100000 0.242699 0.100000 0.100000 0.258133 0.100000 0.891251 0.100000 0.787865 0.100000 0.727371 0.100000 0.476001 0.100000 0.666300 0.787561 0.100000 0.100000 0.717635 0.942641 0.438286 0.146790 0.100000 0.230461 0.438544 0.305116 0.100000 0.479719 0.524584 0.297493 1.071576 0.836776 0.452321 0.827670 0.462193 0.748359 0.603388 0.515711 0.100000 0.351093 0.673162 0.819809 0.100000 0.254836 0.100000 0.100000 0.100000 0.483289 1.205534 1.520849 0.100000 0.757642 0.799736 0.262007 0.100000 0.991177 0.129477 0.200719 1.426450 0.638581 0.662390 1.093077 0.231077 0.100000 0.849957 0.281771 0.552210 0.329804 0.100000 0.605355 0.303973 0.552315 0.439130 0.647352 0.763854 0.100000 
0.772962 0.100000 1.462019 0.100000 0.447232 0.976017 0.291924 0.100000 0.100000 0.325747 0.803159 0.834449 0.792083 0.100000 0.810362 0.843750 0.100000 1.912644 0.352752 1.162732 1.463394 0.820385 0.490193 0.612682 1.009506 0.100000 0.352060 0.100000 0.211678 0.664973 0.826863 0.746901 0.100000 1.075847 0.100000 0.175160 0.100000 0.517179 0.100000 0.632604 0.109381 1.220989 0.475304 0.100000 0.100000 0.100000 0.100000 1.219069 0.771146 0.100000 1.601247 0.283483 0.100000 0.958723 1.241694 0.282133 0.100000 1.015419 0.316532 0.393721 0.474101 0.442337 0.100000 0.100000 0.827931 0.100000 0.337581 0.254092 0.364465 0.394232 0.567932 1.052504 0.100000 0.482398 0.833183 0.100000 
0.100000 0.992183 0.853027 0.100000 0.819025 0.490317 1.075186 0.744444 0.100000 0.100000 1.266402 1.218366 0.326680 0.100000 0.681998 0.100000 0.324404 0.100000 0.925063 0.801181 0.728331 0.100000 0.100000 0.100000 0.568921 0.100000 0.431249 0.989594 0.225338 0.494286 1.212055 0.940280 0.100000 0.408628 0.724447 0.516233 0.738569 0.623432 0.924360 0.100000 1.093976 0.985268 0.100000 0.451799 0.593474 0.773992 0.163139 0.744061 0.100000 0.100000 0.224618 0.100000 0.269747 0.816669 0.716734 1.013047 0.270134 0.100000 0.212593 0.100000 0.100000 0.984166 0.100000 0.748869 0.453332 0.704260 0.100000 0.494904 0.100000 0.909435 0.100000 0.918286 0.833855 0.100000 1.086733 0.100000 
0.954180 0.220942 0.700329 0.603802 0.100000 1.086246 1.007388 0.100000 0.591768 0.425065 0.268068 0.100000 1.308852 0.100000 1.040402 1.088206 0.610228 0.100000 1.069450 0.100000 0.100000 1.844211 0.100000 0.442335 0.100000 0.627884 0.239738 0.100000 0.248741 0.955329 1.189401 0.686872 0.100000 0.728425 0.451206 0.296197 0.481191 1.629021 0.100000 0.915480 0.658659 0.100000 0.100000 0.186928 0.100000 0.782258 0.100000 0.122746 0.927171 0.660497 0.263487 0.463106 1.118573 0.154062 0.100000 0.777084 1.320623 1.056052 0.100000 0.100000 0.896048 0.224451 0.579360 0.394223 1.312825 0.332208 0.100000 0.208453 0.100000 0.677285 0.428359 0.100000 0.100000 0.100000 0.100000 0.456009 
1.010057 0.368161 0.100000 0.100000 0.851329 0.133011 0.322124 0.100000 0.100000 1.269487 0.269461 0.298025 0.100000 0.860636 0.368801 0.100000 0.345425 0.100000 1.239199 0.100000 0.799783 0.100000 0.100000 0.100000 0.518216 0.100000 0.100000 0.365512 0.236457 0.331148 0.889184 0.507923 0.100000 0.503519 0.200422 1.056366 0.100000 0.100000 0.459557 0.100000 0.100000 0.441840 0.430463 0.100000 0.100000 0.379376 0.443898 0.315700 0.484051 1.294520 0.515305 0.215489 0.100000 0.100000 0.100000 0.100000 0.100000 0.530537 0.777124 0.152272 0.363490 0.100000 1.299828 1.663620 0.355630 0.491039 0.185218 0.471587 0.100000 0.100000 0.824657 0.100000 0.583006 0.100000 0.221408 0.723306 
1.206875 0.100000 0.100000 0.505657 0.148338 0.100000 0.324703 0.100000 0.457219 0.100000 0.634315 0.100000 0.223758 0.347992 1.196530 0.483041 0.486867 0.100000 0.788515 0.543343 0.302041 0.955008 0.100000 1.070336 0.100000 0.275943 0.100000 0.100000 0.267646 0.588786 0.100000 0.100000 0.100000 0.237633 1.192913 0.392192 0.314775 0.529792 0.100000 0.436458 0.200235 0.211633 0.100000 0.100000 0.579019 1.184185 0.100000 0.595395 0.144363 0.100000 0.100000 1.246992 0.100000 0.484517 1.329481 0.100000 0.194707 0.499673 0.362880 0.500743 0.100000 0.830426 0.523887 0.100000 0.100000 0.100000 0.100000 0.100000 0.547824 0.203430 0.215472 0.712341 0.100000 0.658409 0.920601 0.956252 
