68 Number of operations
29 Number of workers
Standard production times
0.290051 0.119425 0.716550 0.190971 0.451519 0.100000 0.100000 0.336942 0.571636 0.414269 0.100000 0.116889 0.577166 0.526380 0.408052 0.219375 0.435065 0.438886 0.292950 0.555470 0.434268 0.311430 0.740981 0.584869 0.139028 0.323885 0.251275 0.312576 0.314710 0.676281 0.419674 0.326109 0.145356 0.602997 0.103788 0.342580 0.388635 0.242379 0.413542 0.192219 0.347265 0.507650 0.705652 0.791335 0.495640 0.423869 0.228507 0.247610 0.527861 0.409505 1.022967 0.293508 0.469117 0.314897 0.100000 0.751079 0.347161 0.569259 0.817347 0.505296 0.596762 0.100000 0.221035 0.466013 0.609718 0.669980 0.649135 0.261762 
Production times: workers row and ops columns
0.100000 0.642026 1.221738 0.226389 0.810314 0.100000 0.100000 0.343506 0.672755 0.641745 0.100000 0.207423 0.980910 0.932648 0.513503 0.430265 0.726027 0.233782 1.441383 1.399719 0.747173 0.100000 0.771030 0.816080 0.481446 0.100000 0.750800 0.158490 0.497629 1.480035 0.300585 0.155694 0.389153 1.472534 0.138273 0.579201 0.100000 0.100000 0.100000 0.503500 0.561046 0.544655 0.479068 1.093412 1.688243 0.361927 0.100000 0.402988 1.758675 0.251443 0.115435 0.635632 0.485133 0.413032 0.553726 0.100000 0.755585 1.161345 0.715106 0.449873 1.304003 0.100000 0.557792 0.100000 0.562780 0.585093 0.378563 0.530736 
0.485692 1.225383 0.635428 0.336560 0.505550 0.100000 0.216416 0.414638 0.868498 0.100000 0.515282 0.173499 0.100000 1.326122 1.645262 0.100000 0.823638 0.484062 0.199651 0.927100 0.224679 0.313910 0.324202 0.395190 0.100000 0.865694 0.312178 0.639396 0.270133 1.126717 1.120917 0.434950 0.103556 0.100000 0.100000 0.363658 0.100000 1.232224 0.116532 0.686327 0.438817 0.969647 0.972238 0.498769 0.215372 0.494256 1.112307 0.100000 0.497000 0.528719 1.060353 0.462660 0.608155 0.926880 0.100000 1.178301 1.100587 0.830926 1.025002 0.796989 0.976493 0.306345 0.804953 0.100000 0.100000 0.220646 0.100000 0.100000 
0.793747 0.100000 0.921936 0.160734 0.100000 0.403470 0.100000 0.100000 0.719417 0.530021 0.239017 0.461905 0.118178 0.100462 0.453431 0.800477 0.595956 1.109545 0.363788 1.424163 0.622152 1.050558 0.100000 0.358155 0.100000 0.100000 0.488588 0.100000 0.502652 1.050306 0.100000 0.447914 0.100000 0.378682 0.339068 0.100000 0.663077 0.118621 0.300978 0.382065 0.289417 0.434340 1.590351 0.789726 0.162410 0.100000 0.100000 0.801252 0.100000 0.704957 1.041944 0.100000 0.100000 0.275375 0.494947 1.844168 0.100000 0.770182 0.419400 0.865412 1.342568 0.150589 0.770154 0.523590 1.270934 1.161559 1.277730 0.493048 
0.100000 0.560620 1.084535 0.100000 1.013631 0.100000 0.829999 0.197903 0.789942 0.433379 0.845038 1.415785 0.395708 0.100000 0.885060 0.100000 0.985513 0.994338 0.169018 0.100000 0.516949 0.325202 0.416029 0.203463 0.580210 0.100000 0.100000 0.279631 0.100000 0.698220 0.100000 0.798567 0.182983 0.412754 0.100000 0.875389 0.425711 1.073851 0.696419 0.217433 0.194678 1.420537 0.524555 0.690547 0.100000 0.337819 0.815621 0.506876 1.044205 0.791220 1.499599 0.100000 1.094674 0.177373 0.100000 0.927611 0.311725 0.198541 0.523084 1.218529 0.439868 0.914012 0.100000 0.100000 1.311892 0.609769 1.065249 0.161398 
0.438413 0.100000 0.727056 0.100000 0.265611 0.100000 0.489017 0.454369 0.786683 0.536059 0.100000 0.100000 0.396343 0.686420 0.794994 0.100000 0.558819 0.100000 0.586487 0.422889 0.100000 0.100000 1.101360 0.594963 0.100000 0.452556 0.341710 0.868156 0.100000 1.615631 0.100000 0.765336 0.158087 0.521615 0.193654 0.100000 0.317451 0.645529 0.100000 0.100000 0.256902 0.448047 0.342757 0.258224 0.688083 0.100000 0.854995 0.100000 0.818657 0.100000 1.238682 0.100000 0.225950 0.232012 0.449524 0.173476 2.133841 0.310886 0.952847 0.100000 0.766475 0.133648 0.322438 0.891915 0.569316 0.306172 0.776550 0.228373 
0.611438 0.384549 1.439616 0.759265 0.292018 0.100000 0.100000 0.100000 0.453328 1.281982 0.100000 0.100000 0.246926 0.100000 1.222646 0.295744 0.100000 0.387912 0.316810 0.100000 0.993575 0.671360 1.429736 0.627268 0.100000 1.263932 0.369638 0.652666 0.311558 0.576132 0.524581 0.440197 0.815873 1.178768 0.100000 0.624508 1.336531 0.576486 0.885274 0.100000 0.656937 0.125804 1.188096 0.420608 1.154936 0.269034 0.100000 0.100000 0.150874 0.936072 1.475899 0.725638 0.129275 0.100000 0.100000 0.583713 0.203267 0.531895 0.980636 0.141344 0.242546 0.100000 0.337617 0.696255 0.100000 0.922435 0.531803 0.869070 
0.397141 0.339507 0.179713 0.159419 0.293152 0.100000 0.100000 0.190754 0.163341 0.715082 0.737894 0.477833 0.807772 0.100000 0.772320 0.875412 0.100000 0.820726 1.002449 0.368307 0.222609 0.100000 0.497968 0.469167 0.100000 0.707868 0.100000 1.947858 0.161190 0.483907 0.427269 0.100000 0.100000 0.100000 0.203093 0.207227 0.529259 0.100000 0.475104 0.100000 0.100000 0.736508 0.100000 0.923128 0.897688 0.891353 0.356747 0.133016 0.100000 1.042989 1.425519 0.773661 0.686591 0.655003 1.034442 0.826432 0.100000 1.206728 1.192713 0.910165 0.100000 0.929526 0.376571 0.573870 0.372344 0.506809 0.294077 0.100000 
0.347175 0.626303 0.356533 0.100000 0.861553 0.100000 0.100000 0.100000 1.200458 0.307177 0.100000 0.100000 0.100000 0.870637 0.100000 0.100000 0.887544 0.590994 1.020610 0.421655 1.457622 0.100000 0.644570 0.100000 0.241306 0.720775 0.265236 1.104948 0.928828 0.672799 0.480303 0.100000 0.159362 0.950223 0.311996 0.159747 0.809534 0.100000 0.734654 0.221023 0.884892 0.705435 0.590981 0.519093 0.628471 0.542548 0.100000 0.100000 0.476322 1.114187 1.012661 0.776142 0.344751 0.859730 0.100000 1.565293 0.100000 0.582023 1.511982 0.657387 1.330149 0.117793 0.728917 0.823852 1.475807 0.121873 0.378071 0.100000 
0.123067 0.100000 0.454540 0.100000 0.949195 0.100000 0.100000 0.672509 0.412327 1.109966 0.100000 0.100000 0.100000 0.984046 0.104578 0.676382 0.100000 1.930462 0.463088 0.100000 0.371578 0.774721 0.638618 0.780262 0.933573 0.797821 0.582362 0.249696 0.895723 0.350260 0.170909 0.100000 0.368243 0.237568 0.636165 0.905488 0.809927 0.100000 0.212565 0.100000 0.100000 0.100000 0.786374 0.520101 0.911520 1.182913 0.100000 0.480690 0.551910 0.100000 0.934581 0.398474 0.100000 0.100000 0.100000 0.746078 0.100000 0.156216 1.014266 0.731193 1.554753 0.100000 0.236920 0.100000 0.990418 0.455043 1.209455 0.982127 
0.248411 0.100000 0.226694 0.395037 0.914894 1.081813 0.100000 0.100000 1.114206 0.568170 0.341271 0.880345 0.405191 0.100000 0.540681 0.100000 0.511286 0.274486 0.100000 1.315929 0.731216 0.100000 1.296277 0.284712 1.671175 0.100000 0.285818 0.199651 0.100000 0.341536 0.100000 0.100000 0.344755 0.590434 0.731784 0.100000 0.875687 0.308425 0.100000 0.100000 0.385721 0.814960 0.718931 0.440297 0.530132 0.196640 0.459221 0.100000 1.425545 0.202100 1.008709 1.060661 0.100000 0.363459 0.100000 0.572196 0.257855 1.450760 1.313100 0.439639 0.100000 0.474593 0.100000 0.387108 0.417119 0.636734 0.664833 0.100000 
0.289648 1.149512 0.464218 0.387161 0.359408 0.100000 0.100000 0.610323 0.188913 0.902983 0.100000 0.100000 0.298500 0.629867 0.565988 0.100000 0.100000 0.100000 0.371943 0.564741 0.690341 0.740503 0.717611 0.198572 0.402848 0.232879 1.780666 0.100000 0.251099 1.147434 0.242879 0.596616 0.100000 0.100000 0.100000 0.468636 0.100000 0.451075 0.117138 0.100000 0.812834 1.798552 0.822048 0.100000 0.830700 0.100000 0.100000 0.839948 0.176280 0.963503 1.171186 0.523059 0.376975 1.107776 0.100000 0.718859 0.883990 1.180160 1.561938 0.311971 0.314738 0.122070 0.100000 0.299190 0.405534 0.595028 0.791190 1.499832 
0.100000 1.109481 0.638547 0.781334 0.970142 0.350802 0.631205 0.222559 0.544717 0.100000 0.262519 0.100000 0.100000 0.484477 0.565842 0.257344 0.805113 0.294589 0.100000 0.368052 0.516492 0.508190 1.151508 1.372771 0.100000 0.751753 0.864697 0.508502 0.500083 1.212677 0.100000 0.427727 0.497822 0.409194 0.100000 0.280746 0.332108 0.318033 1.673383 0.100000 1.488435 0.756941 0.482169 1.155541 0.582369 0.915561 0.100000 0.100000 0.100000 0.674608 1.186003 0.843761 0.421103 0.459126 0.916874 1.540224 0.100000 0.646536 0.128897 0.582951 0.892043 0.100000 0.763017 0.600852 1.202362 0.862285 0.470487 0.640471 
0.475507 0.100000 0.194300 0.107508 0.218216 0.145171 0.397367 0.100000 0.100000 0.746466 0.106494 0.508156 1.708732 0.100000 0.100000 0.100000 0.100000 0.103415 1.140309 0.921277 0.804020 0.617062 0.616394 0.659526 0.100000 0.100000 0.100000 1.281638 0.830974 1.256972 0.873836 1.081057 0.367447 0.305784 0.206561 0.414056 0.100000 0.100000 0.100000 0.100000 0.561316 1.102477 0.495177 1.547870 0.100000 0.178716 0.415634 0.850006 0.481487 1.394606 0.944829 0.172041 0.100000 0.225708 0.100000 1.355869 0.225785 1.151895 1.007253 0.946235 0.100000 0.280677 0.703792 0.502176 0.981632 0.474465 0.515115 0.583703 
0.617361 0.269523 0.912894 0.100000 0.100000 0.747743 0.295059 0.100000 0.729024 0.584341 0.322558 0.179437 0.100000 0.720086 0.100000 0.100000 0.439574 0.557029 0.100000 0.400179 0.100000 1.211275 0.580763 0.100000 1.316474 0.100000 0.216600 1.071704 0.100000 0.411829 0.187537 0.565392 0.100000 1.287317 0.133450 0.318784 0.100000 0.617375 0.233832 0.100000 0.208701 1.448348 0.697344 1.442551 0.100000 0.100000 0.136182 0.594605 0.100000 0.385076 0.887641 0.739775 0.997206 0.100000 0.100000 0.667526 0.598538 0.916251 0.100000 0.763961 1.340728 0.762726 0.100000 0.367163 0.555591 1.184358 0.259582 0.679428 
0.100000 1.073315 0.244830 0.100000 0.345024 0.100000 0.632336 0.100000 1.352305 0.935055 0.100000 0.126192 0.357770 0.299959 0.285405 0.551839 0.558045 1.180733 0.258264 1.229965 1.114067 0.524297 0.784163 0.118394 0.777280 0.100000 0.195823 0.549951 0.964137 0.437130 0.100000 1.142498 0.100000 1.428955 0.100000 0.100000 0.100000 0.100000 0.521352 0.434271 1.085329 0.803348 1.630179 0.984836 0.234491 0.100000 0.589820 0.100000 0.100000 0.412975 1.412292 0.100000 0.809962 0.100000 0.100000 1.136866 0.882773 1.158250 1.118263 1.421893 1.224210 0.100000 0.294141 0.794794 0.587151 0.853441 0.703971 1.055817 
1.067969 0.220546 0.752118 0.100000 0.731982 0.664355 0.300129 0.230397 0.837255 1.120006 0.339086 0.558122 0.100000 0.438544 0.100000 0.100000 0.557053 0.661093 0.274867 0.332683 0.576149 0.512825 1.275515 0.277974 0.100000 0.100000 0.566620 0.329012 0.338040 1.178266 1.140579 0.100000 1.265156 0.130902 0.100000 0.212665 0.446106 0.100000 1.075847 0.100000 0.171699 0.433631 0.230893 0.111635 0.479924 0.733202 0.240724 0.100000 0.121147 0.559486 1.320373 0.511578 0.100000 0.100000 0.100000 0.600885 0.500510 1.010413 0.511180 0.100000 0.498235 0.100000 0.529397 0.100000 1.122287 0.771310 0.987003 0.100000 
0.299299 0.100000 0.713695 0.100000 0.100000 0.571043 0.406780 0.100000 1.319766 0.100000 1.249411 0.100000 0.100000 0.100000 0.334597 0.367249 0.630492 0.100000 0.172072 0.100000 0.707762 0.307789 0.621547 1.688586 0.861961 0.914821 0.100000 0.262174 0.100000 0.344188 0.112364 0.713495 0.100000 0.310864 0.319576 0.126038 0.221243 0.551000 0.100000 0.100000 0.100000 0.706110 0.100000 1.067331 0.245510 0.621735 0.100000 0.100000 0.156429 0.589263 1.037122 0.172565 0.445047 0.306674 0.378797 1.025207 0.538383 0.984610 1.897518 0.100000 1.574367 0.131220 0.331389 1.459654 0.621119 1.317964 0.373129 0.672767 
0.100000 0.558558 0.991603 0.240050 0.100000 0.383525 0.293160 1.088536 0.202993 0.570480 0.208315 0.100000 0.176262 0.438702 1.143191 0.100000 0.119599 1.213424 0.100000 1.054133 0.891241 0.100000 1.223606 0.705757 0.556779 0.100000 1.309890 0.151391 0.137085 0.869106 0.234229 0.813064 0.100000 1.512231 0.337189 0.100000 0.382831 0.228112 0.902271 0.100000 0.833246 0.719470 0.811399 1.073125 0.100000 1.137201 0.100000 0.575955 1.482499 0.663751 0.705026 0.100000 1.202223 0.336202 0.100000 0.930352 0.323475 1.037716 0.855957 0.828062 0.820999 0.485735 0.100000 0.821590 1.679582 0.869169 0.100000 0.510454 
0.100000 0.100000 0.798004 0.100000 1.002976 0.100000 0.496886 0.100000 0.100000 0.100000 0.100000 0.374726 0.186494 0.866655 0.150095 0.547058 1.144336 0.881873 0.100000 1.279037 0.606464 0.422467 0.329328 0.672729 0.100000 0.269856 0.493614 0.147352 0.352493 0.845988 0.355880 0.477754 0.422717 0.869950 0.100000 0.906239 0.334947 0.337876 0.498938 0.503670 0.590486 1.343073 0.100000 0.764462 0.100000 0.100000 0.552372 0.100000 0.101299 0.411956 1.115073 1.051689 0.524112 1.170137 0.182866 0.734028 0.262934 0.901944 1.084247 0.100000 0.836789 0.100000 0.100000 0.100000 1.169130 0.724529 0.100000 0.100000 
1.144083 0.100000 1.392735 0.617751 0.498480 0.485520 0.100000 1.117365 0.100000 0.881222 0.100000 0.100000 0.778997 1.604556 0.100000 0.100000 0.904298 1.089065 1.155939 0.333829 0.649821 0.782594 0.113699 0.100000 0.509890 0.308680 0.217167 0.874332 0.834773 0.751808 0.492866 0.562361 0.100000 1.237820 0.643939 0.419065 0.563046 0.440237 0.466531 0.100000 0.449159 0.658436 0.881213 0.762207 0.100000 0.100000 0.100000 0.100000 1.046531 0.100000 0.873766 1.168721 1.038564 0.100000 1.307983 1.556116 0.100000 1.370782 0.444152 0.912873 0.756211 0.153944 0.275517 0.100000 0.100000 1.000166 0.757896 0.629754 
0.660425 0.100000 0.782648 0.100000 0.537206 0.100000 0.483631 0.100000 0.673330 1.321765 0.632153 0.384451 0.810976 1.127134 0.100000 0.100000 0.625406 0.790384 0.428504 0.100000 0.600196 0.490476 0.461442 0.584471 0.100000 0.100000 0.100000 0.552031 1.432326 1.052060 0.322451 0.100000 0.936934 0.576326 0.100000 1.444997 0.111780 1.233721 1.465378 0.362773 0.608304 0.218740 0.835773 0.819201 0.403694 0.100000 0.340199 0.683264 0.223736 1.205519 1.196734 0.365308 0.748462 0.100000 0.100000 0.621441 0.280535 0.611804 1.406344 0.404295 0.132063 1.269915 1.578830 0.698477 0.100000 0.538790 0.690734 0.100000 
0.100000 0.616129 0.650232 0.100000 0.100000 1.046645 0.298276 0.696474 1.555579 0.254310 0.372656 0.395878 0.141471 0.167916 0.977828 0.103259 0.795834 0.397773 0.912913 0.100000 0.409998 0.100000 0.940419 0.100000 0.100000 0.138765 0.866125 0.883113 0.572331 0.911711 0.100000 0.613394 0.100000 0.100000 0.100000 1.692692 1.003535 0.183502 0.518487 0.314839 0.441973 1.011546 0.755167 1.006989 0.100000 0.890248 0.100000 0.316736 0.100000 0.656849 0.845164 0.231526 0.100000 0.330595 0.443842 0.768917 0.199777 1.068605 1.297231 0.109015 0.198366 0.100000 1.253047 0.100000 1.020307 0.997786 0.100000 0.152325 
0.343218 0.427972 0.854481 0.667896 0.100000 0.100000 0.375602 0.356578 0.592902 0.100000 0.694881 0.100000 0.411249 1.192481 0.100000 0.100000 0.926957 0.569135 0.856338 0.981964 0.410078 0.450651 1.731079 0.759358 0.100000 0.384893 0.100000 0.100000 0.642495 1.302253 0.459976 1.035449 0.456529 0.100000 0.100000 0.776616 1.179415 0.100000 0.154611 0.100000 0.332428 0.100000 0.853917 0.927238 0.100000 0.689851 0.523202 0.100000 0.646012 0.100000 0.616364 0.666490 0.516939 0.266940 0.100000 0.595809 0.359221 0.537307 0.585259 0.100000 0.428778 0.100000 0.100000 0.100000 0.158219 0.582283 0.400152 0.448832 
0.100000 0.100000 1.240965 0.100000 0.100000 0.139560 0.100000 0.137177 0.100000 0.783210 0.146003 0.721951 0.100000 0.528497 0.347284 0.100000 0.879316 0.118913 0.100000 1.016108 0.100000 0.100000 1.511844 0.946112 0.351906 0.743856 0.100000 0.823273 0.665299 0.496894 0.581100 0.100000 0.545739 0.330993 0.782986 0.100000 0.346743 0.100000 0.199336 0.823523 0.568583 0.100000 0.291521 1.268617 0.955617 0.368001 0.423541 0.597775 1.147227 0.586896 1.636230 0.100000 0.269034 0.428354 0.100000 0.398471 0.310968 0.100000 0.792249 1.572269 1.223397 1.015694 0.100000 0.100000 0.759699 0.133344 0.650160 1.486746 
0.853689 0.100000 0.517177 1.020074 0.100000 0.389335 0.100000 0.100000 0.259382 0.568356 0.100000 0.100000 1.266862 0.860439 0.543832 0.100000 1.224474 0.100000 0.360458 0.100000 0.100000 0.283472 1.026870 1.666237 0.100000 1.000679 0.255760 0.456862 1.143467 0.605924 0.100000 0.831006 0.100000 0.579175 0.100000 0.300221 0.100000 0.100000 0.171609 0.205950 0.100000 0.744420 1.506257 1.057862 1.461279 0.100000 0.222005 0.100000 0.810305 0.828339 0.766644 1.178251 0.585172 0.385139 0.714837 0.100000 0.265866 0.246266 1.297310 0.465501 0.757356 0.100000 1.333280 0.940738 1.022171 0.858415 1.620091 1.318293 
0.100000 0.565411 1.250081 0.100000 0.181256 0.380057 0.686717 0.100000 0.378825 0.346468 0.100000 0.100000 1.719989 0.485043 0.942601 0.100000 0.100000 0.100000 0.100000 0.100000 0.100000 0.100000 1.149562 0.588716 0.100000 1.144967 0.588074 0.982427 0.420460 0.100000 0.100000 0.873423 0.100000 0.765675 0.188056 1.149294 0.682065 0.450104 0.489750 0.412919 0.567774 0.829666 1.047212 1.007530 0.115581 0.328621 0.303612 0.883408 1.172061 0.492862 1.915145 0.844140 0.100000 0.100000 0.608702 0.763484 1.296543 0.949187 1.038550 0.477831 0.208964 0.748183 0.507057 1.496442 0.437329 0.964304 0.620399 0.225281 
0.808967 0.100000 1.105092 0.100000 0.100000 0.970523 0.100000 0.100000 1.327856 0.100000 0.151127 0.100000 0.100000 1.232696 0.632298 0.100000 0.295046 0.751274 0.100000 1.039453 0.436357 0.316151 1.057577 0.676758 0.304822 0.233493 0.800832 0.673225 0.918430 0.805802 0.100000 0.550443 0.100000 0.983551 1.112206 0.100000 0.821554 0.320938 0.100000 0.100000 0.469976 1.068648 0.100000 1.239384 1.678377 0.301357 0.199084 0.100000 0.559535 0.290052 0.899557 0.100000 0.100000 0.221775 0.115180 0.817070 0.201703 0.531887 0.344754 0.100000 0.515880 0.257385 1.004661 1.010585 0.622230 0.100000 0.565805 0.320941 
0.123563 0.156674 1.116057 0.173516 0.100000 0.100000 0.130323 0.904754 0.641737 0.386856 0.100000 0.139625 0.773426 0.100000 0.182028 0.693518 0.100000 0.587748 0.596696 0.200502 0.203652 0.100000 0.146625 0.100000 0.811602 0.100000 0.100000 0.468940 0.649610 0.278079 0.216928 0.100000 0.100000 0.468802 0.100000 1.027519 0.100000 0.486481 0.453209 0.100000 0.216277 1.346424 0.890624 1.217539 0.100000 0.100000 0.899746 0.100000 0.243675 0.100000 1.484128 1.391840 0.100000 0.198369 0.100000 0.877492 0.286448 1.501516 0.400701 1.295423 0.900073 0.415043 0.100000 0.100000 0.100000 0.100000 0.375259 0.301587 
0.100000 0.414493 0.100000 0.100000 0.100000 0.100000 1.189355 0.919381 0.365339 0.142460 0.510597 0.100000 0.665841 0.100000 0.100000 0.632968 0.612964 0.381002 1.295794 0.905730 1.538671 0.241695 0.215161 0.740841 0.100000 0.100000 0.100000 0.100000 0.593275 0.458355 0.100000 0.100000 0.989847 0.179430 0.635966 0.752503 0.847158 0.384766 0.676218 0.100000 0.492017 0.100000 1.357152 0.258621 0.534120 0.100000 0.271106 0.760113 0.218211 0.689506 0.888213 0.450048 0.414013 0.100000 0.329717 0.777970 0.219911 0.339477 0.698111 0.100000 0.655133 0.100000 0.512791 0.362628 0.825802 0.843528 0.754148 0.100000 
