88 Number of operations
27 Number of workers
Standard production times
0.395487 0.532490 0.222502 0.307822 0.261232 0.472611 0.856732 0.348992 0.510849 0.592732 0.929213 0.391227 0.206876 0.575733 0.100000 0.623915 0.189126 0.198222 0.386496 0.383715 0.967043 0.350765 0.541102 0.253267 0.159032 0.456081 0.295062 0.100000 0.627160 0.519564 0.619080 0.716055 0.419631 0.380416 0.100000 0.410165 0.555420 0.278717 0.305743 0.100000 0.571778 0.269913 0.412373 0.663896 0.543813 0.237312 0.591981 0.366152 0.400966 0.541476 0.611755 0.607141 0.514341 0.395286 0.100000 0.249166 0.430479 0.769328 0.427803 0.599307 0.100000 0.665435 0.232499 0.665336 0.283636 0.157893 0.336602 0.575480 0.716322 0.403792 0.756102 0.159809 0.168989 0.100000 0.420959 0.465930 0.486587 0.338208 0.671367 0.487711 0.500298 0.406885 0.239311 0.920120 0.766699 0.107835 0.345230 0.236004 
Production times: workers row and ops columns
1.313153 0.752834 0.100000 0.100000 0.100000 0.192494 0.405609 0.100000 0.372759 0.334290 0.579918 0.100000 1.482095 0.100000 0.100000 0.840113 0.100000 0.410134 0.786086 1.015022 1.343026 0.100000 1.095674 0.100000 0.101821 0.206994 0.100000 0.395833 0.535531 1.029492 0.100000 1.139211 0.668601 0.443668 0.100000 0.284278 0.100000 0.100000 1.945616 0.585430 1.468075 0.100000 0.760472 1.012605 0.844571 0.239141 0.477857 0.100000 0.706038 0.753224 1.170698 0.470020 1.385247 0.171535 0.100000 0.718248 0.196306 0.141968 0.490215 0.977558 0.220720 0.914148 2.286845 1.075898 1.049516 0.100000 0.519129 0.962521 0.534082 0.100000 0.954362 0.100000 0.100000 0.674750 1.088742 0.617245 0.259473 0.595394 1.086096 0.803022 0.100000 0.237876 0.418878 1.231230 1.247090 0.487020 0.100000 0.100000 
0.100000 1.434728 0.312707 0.584404 0.777746 0.308110 0.281230 0.135731 0.436775 1.343451 1.364013 0.100000 0.538987 0.943175 0.100000 0.569657 0.100000 0.363466 0.228649 0.100000 0.617958 0.470741 0.264627 0.403031 0.435364 0.100000 0.138927 1.172339 0.687713 0.100000 0.649311 0.100000 0.986004 0.565568 0.642903 0.861255 0.750569 0.766471 0.401530 0.100000 0.100000 0.100000 0.100000 1.576894 0.100000 0.198992 0.100000 0.100000 0.359843 0.389142 0.531893 0.881615 0.205153 0.584683 0.356626 0.100000 0.288719 1.038540 0.456429 0.678851 0.100000 0.694695 0.420772 0.597596 0.451590 1.110081 0.379284 0.908147 0.291324 0.100000 0.516109 0.100000 0.165188 0.100000 0.333461 0.100000 0.100000 0.100000 0.137833 0.161245 0.194250 0.231253 0.762050 1.604628 1.129376 0.100000 1.093706 0.100000 
0.100000 0.666476 0.221399 0.238176 0.277515 0.100000 0.278382 0.966010 1.024941 0.231793 1.895792 0.100000 0.100000 0.721949 0.100000 0.379950 0.102591 0.100000 0.821916 0.680118 0.417395 0.100000 0.631136 0.219802 0.100000 0.668458 0.705005 0.100000 1.021690 0.100000 0.100000 0.966025 0.100000 0.100000 0.100000 0.100000 0.718954 0.100000 0.119984 1.680483 0.626754 0.100000 0.712284 0.938589 1.235703 0.311486 0.265210 1.070569 0.756997 0.100000 0.985554 0.490693 1.069664 0.208616 0.493073 0.346250 0.723581 0.759135 0.220599 0.632964 0.415899 0.874231 1.040087 0.878139 0.601318 1.209007 0.369665 0.843259 0.414751 0.424771 1.577059 0.315658 0.894574 0.100000 0.100000 0.619693 0.100000 1.673377 1.295592 0.100000 0.416713 0.118579 0.447322 0.891196 1.232643 0.842001 0.234570 0.100000 
0.676822 0.450232 0.794930 0.231763 0.676126 0.640644 0.762210 0.124328 0.867611 1.857600 1.348021 0.325386 0.560672 0.632760 0.100000 0.778838 0.963272 0.100000 0.100000 0.627963 1.882517 0.820853 1.050461 1.404457 0.969578 0.812423 0.190711 0.168809 0.575484 0.943740 0.177517 1.488749 0.492551 0.180363 0.507603 0.100000 0.138202 0.100000 0.716026 0.100000 1.284262 0.100000 0.672928 0.309799 1.121578 0.110046 0.851443 0.119654 0.100000 0.426017 1.160760 0.100000 0.100000 0.241292 0.490377 0.100000 0.158537 0.861479 0.262465 0.742911 0.694764 0.676036 0.199794 1.048394 0.252819 0.100000 0.100000 0.100000 1.672622 0.381161 1.044557 0.518712 0.100000 0.414388 0.138712 0.100000 0.379061 0.100000 0.502380 0.659317 1.641567 0.158995 0.157330 1.105931 0.859960 0.100000 0.100000 0.100000 
0.303799 0.100000 0.100000 0.100000 0.823473 0.100000 1.807740 0.100000 0.100000 0.100000 1.318953 0.904526 0.100000 0.741503 0.100000 0.502695 0.264725 0.580756 0.100000 0.100000 1.070388 0.315327 0.883482 0.100000 0.100000 1.227849 0.100000 0.281717 0.229724 0.316921 0.100000 1.309079 0.100000 0.100000 0.100000 0.998392 0.705026 0.618350 0.296913 0.218020 0.818796 1.043051 0.535802 0.100000 1.117363 0.285090 0.100000 0.278009 0.100000 1.584817 0.439443 0.100000 0.665958 0.100000 0.744385 0.316629 0.100000 0.518933 0.100000 0.220379 0.100000 0.100000 0.330630 0.227388 0.100000 0.533844 1.285068 0.260940 1.622364 0.100000 1.037454 0.100000 0.131987 0.100000 0.123598 0.308524 0.313116 0.543930 1.834562 0.170684 0.423093 0.100000 0.100000 1.615701 0.102026 0.100000 0.355861 0.691463 
0.553125 1.465594 0.131253 0.100000 0.330710 0.532336 0.447282 0.182673 0.217655 1.459991 0.622838 0.100000 0.346593 0.100000 0.313509 0.827409 0.100000 0.100000 0.100000 1.191152 1.164520 0.100000 0.100000 0.214494 0.152362 0.100000 0.440679 0.100000 1.165575 0.738269 0.572481 0.783871 0.100000 0.822788 0.291602 0.201668 0.614319 0.100000 1.549336 0.100000 0.831196 0.452137 0.100000 0.666725 0.383346 0.362068 0.720135 0.749964 0.792476 0.337944 0.349309 0.312237 0.100000 0.100000 0.401836 0.209359 0.324843 0.100000 0.100000 0.100000 0.100000 1.000049 0.529654 0.626282 0.100000 0.153402 0.337782 0.928356 1.099255 0.270674 0.738759 0.507906 0.397583 0.100000 0.100000 0.133340 0.905943 0.413122 1.147955 0.315090 0.540433 0.803647 0.583223 1.115961 1.311129 0.775491 1.040403 0.100000 
0.152328 0.368205 0.100000 0.100000 0.911792 0.100000 0.906481 0.100000 0.257312 0.463708 0.461279 0.758932 1.397118 0.137942 0.100000 1.499824 0.470147 0.100000 0.100000 0.750040 1.073623 1.127022 0.105626 0.166487 0.100000 0.347665 0.823880 0.521185 0.306950 0.473403 0.503674 1.160616 0.331508 0.100000 0.100000 0.386277 1.014031 0.916630 0.951127 0.282054 0.312811 0.560556 0.316911 0.351270 0.688439 0.437460 1.023747 0.100000 0.100000 0.791068 0.126089 1.102218 0.100000 0.100241 0.100000 1.267491 0.195076 0.721344 0.157730 0.472051 0.506838 0.709500 0.218031 1.251677 0.100000 0.714658 1.125047 0.100000 0.842794 0.100000 0.100000 0.100000 0.421671 0.469326 0.227646 0.100000 0.257932 0.100000 0.346764 0.100000 0.371735 0.338395 1.320542 1.248895 0.686568 0.134348 0.499409 0.100000 
0.100000 0.156802 0.100000 0.354607 0.100000 0.100000 0.712880 0.364022 0.784480 0.459573 1.136265 0.100000 0.601637 0.535359 0.100000 0.485582 0.230538 0.100000 0.737502 0.205647 1.183038 0.100000 0.684976 0.605493 0.100000 0.348855 0.100000 0.255802 0.632177 0.758967 0.578927 0.100000 0.100000 0.145496 0.320103 1.531497 0.979831 0.100000 0.100000 0.347247 0.570802 0.100000 0.850218 0.658509 0.328645 0.100000 1.066541 0.391605 0.267955 0.100000 0.419850 1.218067 0.767954 1.390203 0.624194 0.415547 0.872658 0.843771 0.100000 0.290885 0.260668 0.192211 0.100000 0.100000 1.122408 0.100000 0.100000 0.125987 1.196874 0.962050 0.473542 0.442370 0.100000 0.100000 1.722809 0.933889 0.461153 0.100000 0.517365 0.100000 0.100000 0.706617 0.527449 1.017084 1.263452 0.100000 1.041295 0.100000 
0.582632 0.758207 0.759683 1.305877 0.433956 0.281210 0.300081 0.477994 0.100000 0.100000 0.827793 0.726801 0.100000 0.100000 0.170821 0.100000 0.100000 0.927707 0.507933 1.373825 0.229729 0.869224 0.452674 1.593090 0.100000 0.233854 0.506973 0.194481 0.397592 0.975438 0.964171 1.158901 0.619841 0.100000 0.100000 0.706662 0.100000 1.127739 0.321991 0.100000 1.090561 0.259816 1.010963 0.769790 1.427962 0.100000 0.100000 0.100000 0.100000 0.836423 1.516327 0.509622 0.100000 0.736747 0.326851 0.100000 0.634453 0.772533 0.100000 0.942116 0.100000 0.190590 0.114337 1.449338 1.264821 0.857961 0.100000 0.100000 0.888293 0.322791 0.825618 0.100000 0.100000 0.100000 0.807311 0.997090 0.145275 0.629515 0.992137 0.117745 0.505236 0.813601 0.100000 1.543260 0.663614 0.137519 0.223056 0.100000 
0.565006 0.529076 0.100000 0.197850 0.469886 0.398903 0.591610 0.389208 0.887929 0.610695 0.531123 0.806667 0.100000 0.868413 0.100000 0.151766 0.100000 0.100000 0.269425 0.100000 1.158547 0.900569 0.420021 0.100000 0.100000 0.568740 0.501050 0.128793 0.975340 0.183354 0.492807 0.853931 0.306615 0.624016 0.347794 0.274255 0.100000 0.100000 0.853515 0.100000 0.601644 0.100000 1.565931 0.346626 0.860668 0.100000 2.187931 0.100000 0.579184 0.100000 1.021358 0.100000 0.292585 0.100000 0.100000 0.249480 1.301091 0.100000 0.700259 0.620272 0.100000 0.559338 0.427848 0.646576 0.261610 0.100000 0.136088 0.817471 0.255100 0.144305 0.792816 0.322793 0.361988 0.100000 0.100000 0.846673 0.987322 0.935463 0.841096 0.909407 0.351710 0.100000 0.151646 0.795273 1.262529 0.504330 0.100000 0.100000 
0.369055 0.563986 0.924767 0.100000 0.897354 0.100000 0.510119 1.172930 0.697462 0.633698 1.213576 0.273986 0.224431 0.674125 0.198875 0.792333 0.100000 0.367190 0.100000 0.663726 0.872971 0.463745 0.668873 0.100000 0.100000 0.374016 0.507463 0.556753 0.590039 0.170153 0.728178 0.695090 0.784161 0.969714 1.057839 0.100000 0.308928 0.230676 0.682572 0.424818 0.589745 0.640720 0.128026 0.471630 0.682674 0.100000 1.361349 0.100000 0.100000 0.689823 0.100000 0.383500 0.421688 1.022069 1.604716 0.324990 0.100000 0.889847 0.749280 0.133450 0.263165 1.441602 0.468149 0.268261 0.100000 0.100000 0.113150 0.280367 1.398234 0.100000 0.100000 0.246951 0.454506 0.100000 0.508529 0.789106 0.845027 0.512349 0.931845 0.100000 0.889481 0.468226 0.100000 0.716391 0.613665 0.100000 0.255362 0.100000 
0.100000 1.592881 0.403255 1.398687 0.114877 1.265079 0.783260 1.118699 0.960793 0.962858 0.832611 0.492226 0.862529 0.100000 0.100000 0.100000 0.100000 0.498377 0.795421 0.279029 1.523751 0.100000 0.238873 0.311176 0.355393 0.387312 0.100000 0.379356 1.472100 0.330070 0.629333 0.160809 0.415271 0.100000 0.183524 1.180809 0.814338 0.100000 0.705149 0.100000 1.171898 0.418158 0.100000 0.499774 0.100000 1.228393 0.872563 0.100000 0.100000 0.615589 0.322710 0.718987 0.697638 0.100000 0.399924 1.077601 0.583647 1.073305 0.166432 0.340351 0.245807 0.221836 0.100000 1.071413 0.100000 0.259752 0.386901 0.772560 1.007848 0.659556 0.604678 0.559794 0.100000 0.270761 0.105477 0.500734 0.100000 1.023869 0.827224 0.117185 0.100000 0.100000 0.881594 0.592832 1.246860 0.100000 0.171819 0.100000 
0.527776 1.034962 0.598637 0.556220 0.100000 0.507828 0.274468 0.100000 0.678147 0.100000 1.151777 0.215094 0.900371 0.472781 0.318236 1.095684 0.448679 0.484184 0.100000 0.793900 0.128532 0.100000 0.100000 0.100000 0.100000 0.293822 0.100000 0.100000 0.220247 0.378416 0.983199 0.100000 0.349317 0.257372 0.100000 0.145989 1.215904 0.412723 0.100000 0.417824 0.704020 0.100000 0.183500 0.596586 0.505449 0.363226 0.551224 0.346205 0.100000 0.314207 0.309689 0.817223 0.413085 0.100000 0.432429 1.416885 0.319889 1.362847 0.127754 0.675385 0.525592 1.200096 1.272187 0.409089 0.310558 0.823101 0.976262 0.145371 0.709231 0.902972 1.365202 0.100000 0.346324 0.100000 0.927605 1.344796 0.100000 0.229080 0.100000 0.258497 0.771782 0.699423 0.441956 0.226035 0.346054 1.040633 0.460889 0.100000 
0.521949 0.243146 0.305226 0.100000 0.100000 0.100000 1.732480 0.708660 0.823126 1.027443 0.867477 0.100000 0.463409 0.921104 0.369197 0.429356 0.100000 0.595226 0.592569 0.355342 0.851334 0.287653 0.261944 0.100000 0.107207 0.241784 0.455815 0.100000 0.770818 0.100000 0.846037 1.750411 0.371652 0.695902 0.538756 0.589039 0.677991 0.100000 0.100000 0.873169 0.675780 0.377292 1.383851 0.100000 1.071659 0.564828 0.100000 0.100000 0.615555 0.192901 0.232142 0.912360 0.422662 0.492454 0.100000 0.318375 0.584089 1.875903 0.632434 0.251250 0.292990 0.797395 1.887839 0.100000 0.631945 0.290198 1.103780 0.100000 0.103020 0.581943 1.176909 0.381952 0.487345 0.100000 0.924577 0.532261 0.236657 1.073824 0.242098 0.100000 0.304506 0.339648 0.208396 0.771784 0.955579 0.100000 0.100000 0.936265 
0.309624 1.080203 0.310611 0.551610 1.033170 0.100000 1.420895 0.382491 0.948013 0.369399 0.934302 0.315532 0.100000 0.544890 1.005266 1.260693 0.891620 0.100000 0.299901 0.163922 0.100000 0.231757 0.169005 0.690773 0.625453 0.675969 0.100000 0.100000 1.299590 0.683380 1.124183 0.494688 0.904134 0.220070 0.100000 0.547515 0.195746 0.100000 0.987907 0.448887 0.337400 0.261277 0.979811 0.409434 0.100000 1.370948 0.100000 0.138179 0.100000 0.100000 0.775527 0.100000 0.830882 0.315723 0.100000 0.556818 0.756437 1.448975 0.100000 0.226147 0.436383 1.048807 0.100000 0.100000 0.285080 0.100000 0.100000 1.136423 0.100000 1.424251 0.813155 0.293433 1.516703 0.548920 0.261086 0.187373 0.163670 0.100000 0.854851 0.498068 0.153848 0.841585 0.100000 0.100000 0.207619 0.100000 0.492059 1.157982 
0.182202 0.776760 0.715086 0.591902 0.392334 0.100000 0.643056 1.414616 0.580926 0.557036 0.329175 0.498491 1.051590 0.259752 0.100000 0.572177 0.100000 0.100000 1.444228 0.747109 0.228671 0.289839 0.970202 0.100000 0.531984 0.100000 0.522777 0.100000 0.875852 0.456531 0.256064 0.879464 0.615718 0.669796 0.100000 0.126107 0.408259 0.102803 0.100000 0.108836 1.214789 1.093885 0.958228 0.900977 0.100000 0.100000 0.825377 0.100000 0.925929 0.174716 0.655529 0.354720 0.612233 0.100000 0.100000 0.100000 0.100000 0.100000 0.882445 0.100000 0.420734 0.555916 0.420822 0.613877 0.213621 0.100000 1.612171 1.047525 1.160116 0.100000 0.363579 0.100000 0.207313 0.100000 0.677974 0.459799 0.827389 0.841455 0.200349 0.120998 0.100000 0.761148 0.130002 0.642230 0.100000 0.225844 0.274469 0.230076 
0.155680 0.100000 0.787426 0.248942 0.327148 0.100000 1.461342 0.100000 0.217009 0.100000 0.317824 0.714199 0.100000 0.100000 0.100000 0.417737 0.145508 0.100000 0.444029 0.100000 0.452507 0.644730 0.898831 0.100000 0.285186 0.377426 0.807560 0.100000 0.759421 0.882495 0.100000 0.330503 0.829911 0.211489 0.488933 0.438017 0.100000 0.277661 0.446268 0.100000 1.030340 0.100000 0.334097 0.452807 0.100000 0.100000 0.100000 0.100000 0.261523 0.203551 0.485421 0.442929 0.233186 0.454243 0.469319 0.100000 0.507079 0.100000 1.469333 0.100000 0.100000 1.048133 0.391659 1.081557 0.940874 0.100000 1.271501 0.210788 0.529611 0.796622 0.100000 0.100000 0.100000 0.469009 0.100000 0.850444 0.100000 0.786938 1.015035 0.200555 0.324697 0.277751 0.100000 0.600707 1.407882 0.282414 0.535505 0.100000 
0.346861 1.042495 0.251442 0.100000 0.180222 0.839871 0.739267 0.100000 0.100000 0.632445 0.121126 0.358816 0.406509 1.649178 0.793288 0.784303 0.100000 0.311358 0.100000 0.100000 1.488446 0.100000 0.844522 0.319805 0.591561 0.334091 0.190375 0.836672 0.948788 0.676786 0.603307 0.976959 0.346434 0.667087 0.100000 0.100000 0.100000 0.100000 1.291422 0.779411 0.365569 0.100000 0.154562 0.545114 1.140998 0.100000 0.100000 0.102919 0.100000 1.285566 0.528268 0.646688 0.481505 0.100000 0.212184 0.485296 0.217379 0.939002 0.246191 0.538888 0.490945 0.456014 0.478742 0.700976 0.279000 0.100000 0.100000 0.572394 1.308015 0.591171 1.356056 0.169784 0.100000 0.690244 0.394186 1.018068 0.864866 0.762718 0.899520 0.100000 0.919049 0.552088 0.620035 1.371248 0.932621 0.439310 0.100000 0.290271 
0.754826 0.862490 0.100000 0.100000 0.100000 0.495866 0.994165 1.166718 1.130631 0.222959 1.244873 0.185773 0.603477 0.239845 0.747799 0.347512 0.100000 0.100000 0.794829 0.416626 1.180864 0.723335 0.121846 1.082344 0.544706 0.573159 0.296076 0.100000 0.362922 0.980820 0.716866 0.706943 0.143136 0.466636 1.120649 0.642042 0.100000 0.100000 0.662661 0.100000 0.716782 0.582050 0.760370 1.656934 0.346346 0.351829 0.295754 0.100000 0.100000 1.270975 1.346495 0.205148 0.921590 0.313444 0.552709 0.100000 0.593039 0.846457 0.100000 0.326354 0.100000 0.681014 1.074371 1.472665 1.095949 0.470754 0.832781 0.100000 0.759406 0.974153 0.950594 0.100000 0.427437 0.225312 0.529674 0.214118 0.840267 0.276071 0.306245 0.502391 0.806016 1.102463 0.832797 0.100000 1.316687 0.414174 0.603918 0.952943 
1.262516 0.889918 0.194430 0.100000 0.403953 0.702616 0.548438 1.252819 1.320752 1.069364 1.926197 0.882887 0.100000 1.070979 1.157351 0.553361 0.100000 0.730377 0.100000 0.100000 1.189813 0.188803 1.443258 0.301466 0.519104 1.053939 0.361727 0.399108 0.100000 1.575216 0.702587 0.622010 0.140438 0.516461 0.100000 0.541778 0.253664 0.100000 0.100000 0.100000 0.772818 0.344084 0.164861 0.832654 0.235088 0.220122 0.452408 0.575003 0.100000 0.468248 0.596315 0.100000 0.540105 0.373822 0.560352 0.100000 0.100000 0.100000 0.534664 0.332636 0.100000 0.783631 0.660990 1.604572 0.901127 0.100000 1.059827 0.202813 0.925455 0.789301 0.100000 0.226271 0.217632 1.189374 0.119109 0.843599 0.399980 0.380256 0.206892 0.977726 1.122916 1.000592 0.100000 0.100000 0.729956 0.671532 0.746612 0.107408 
0.100000 1.370294 0.931816 0.100000 0.229005 0.425784 1.894345 0.702115 1.072485 0.155550 1.068054 0.338702 0.281876 0.780133 0.100000 0.100000 0.770457 0.100000 0.100000 0.100000 1.143350 0.413577 0.212394 0.100000 0.243243 0.308462 0.100000 0.326527 1.080082 0.702535 1.042536 0.838271 1.192763 0.835308 0.100000 0.961086 0.738400 0.100000 0.100000 0.100000 0.100000 0.100000 0.170812 0.100000 0.113091 0.100000 0.100000 0.298771 0.505546 0.713801 1.181136 0.520873 0.276460 0.397843 0.723797 1.042567 0.153374 0.970700 0.352215 0.886970 0.100000 0.455539 0.100000 0.100000 0.473450 0.100000 0.979616 0.969626 1.347393 0.815789 0.526424 0.348449 0.100000 0.100000 0.670971 1.359880 0.595894 0.100000 0.635712 0.790940 1.015085 0.485166 1.106693 1.464505 0.971238 0.100000 1.552859 0.100000 
0.245570 0.100000 0.353254 0.100000 0.536301 0.100000 1.182429 0.100000 0.100000 0.196597 1.005569 0.256073 0.100000 0.462471 0.367341 0.100000 0.807766 0.168638 0.100000 0.444604 0.849649 0.105574 0.353342 0.100000 0.526892 0.542694 0.594426 0.100000 1.270083 0.436009 0.912405 0.631625 0.345928 0.826931 0.522646 0.441943 0.621671 0.105721 0.633037 0.283068 1.002759 0.381927 0.417676 1.098153 0.482886 0.615422 1.111941 1.106576 0.503929 0.697194 1.081981 0.694962 0.817692 0.497896 0.110468 0.100000 0.544107 1.095851 0.597540 0.521794 0.268569 1.455707 0.279473 0.405445 1.163563 0.100000 1.136607 0.911861 0.117110 0.385785 0.720061 0.118342 0.116641 0.505047 0.679222 1.228422 0.465623 0.389482 1.094633 0.544029 0.393322 0.670096 0.100000 0.466319 0.636951 0.473190 0.855298 0.100000 
0.227028 0.794606 0.442200 0.100000 0.784003 0.419645 0.892092 0.116513 1.135477 1.196138 0.894671 1.076181 0.783820 0.991858 0.164699 1.123347 0.100000 0.100000 0.333622 0.737706 1.664388 0.100000 0.551822 0.100000 0.450504 0.100000 1.209872 0.100000 1.368044 0.100000 0.913107 1.562077 1.091915 0.100000 0.100000 0.100000 0.817159 0.100000 1.245121 0.532752 1.330212 0.100000 0.354405 0.714305 0.100000 0.100000 0.695112 0.201664 0.396592 0.100000 0.932384 1.295295 0.726482 0.172627 0.523623 0.673827 0.574438 0.330204 0.100000 1.520148 0.349592 0.498060 0.100000 0.100000 0.812767 0.125087 0.488587 0.524762 0.684082 0.668221 0.109553 0.100000 0.437494 0.671967 0.621486 0.719227 0.100000 0.100000 0.812126 0.558081 0.413826 0.410696 0.100000 0.142721 1.088479 0.123003 0.100000 0.386091 
2.141425 0.227969 0.419585 0.286357 0.100000 0.100000 1.407556 0.100000 0.100000 1.476382 0.611192 0.771859 0.347593 0.414307 0.962495 0.157748 0.337368 0.423691 0.100000 0.100000 1.379651 1.367433 0.877364 0.100000 0.714646 0.100000 0.100000 0.100000 0.717121 0.440890 0.482792 1.909134 0.100000 0.520103 0.627628 0.759776 0.100000 0.970322 0.969450 0.100000 0.232192 0.952477 0.502580 0.156908 0.790104 0.100000 0.100000 0.100000 0.585107 0.127328 0.116011 0.359536 0.899937 0.337897 0.547737 0.183631 0.994213 1.608170 0.422367 0.563386 0.100000 0.390714 1.089591 1.022496 0.100000 0.100000 0.100000 0.591305 0.748405 0.377151 0.950241 0.151111 0.100000 0.206794 0.100000 0.100000 0.402224 0.642082 0.957092 1.126707 1.083011 0.507898 0.309149 1.190577 0.505976 0.100000 0.445418 0.100000 
0.483778 0.657047 0.939291 0.100000 0.100000 1.073765 0.550305 0.493113 0.140293 1.236971 0.250675 0.115716 0.100000 1.176013 0.140141 0.100000 1.007470 0.100000 0.481709 0.817986 0.671587 0.100000 0.100000 0.100000 1.418817 0.965600 0.905534 0.100000 0.323665 0.100000 0.976624 1.603641 0.100000 0.100000 0.775629 0.100000 0.859708 0.100000 0.667977 0.100000 0.100000 0.349262 0.100000 0.878114 1.493787 0.878044 0.100000 0.100000 0.100000 0.100000 0.100000 0.100000 1.488635 0.574122 0.149523 0.100000 0.488339 1.021308 0.496994 1.035001 0.574818 0.322277 0.100000 1.324494 0.100000 0.336990 0.477910 1.405969 0.346515 0.100000 1.518538 0.100000 0.100000 0.100000 0.395299 1.082376 0.736506 0.285290 0.260905 0.511447 0.821688 0.100000 0.353732 1.789895 0.675894 0.100000 0.221956 0.341602 
0.100000 0.977481 0.447487 0.669703 0.100000 0.902593 1.684886 0.245155 0.361196 0.564581 0.597062 0.247675 0.792160 0.726000 0.100000 0.407801 0.100000 0.630803 0.100000 0.391994 1.002278 0.100000 0.404067 0.457470 0.100000 0.100000 0.288017 0.100000 0.790544 1.061597 0.590028 0.850632 0.520612 0.100000 0.100000 0.276704 0.985878 0.100000 0.551712 0.370553 0.100000 0.100000 0.953622 0.242469 1.045836 0.264603 0.924528 0.100000 1.457323 0.100000 0.100000 0.739201 1.060600 0.727587 0.528277 0.100000 0.616269 1.441334 0.100000 0.100000 0.200658 1.364718 0.593936 0.129474 0.100000 0.100000 0.100000 1.595827 0.468311 0.100000 0.100000 0.251846 0.129216 0.720315 0.852246 0.403977 0.779325 1.305049 0.305240 0.291686 0.875905 0.109512 0.476970 0.378323 1.178119 0.460221 0.100000 0.100000 
0.558251 0.555358 0.100000 0.817956 0.100000 1.220967 1.528390 0.477311 0.878156 0.100000 0.938129 0.675548 0.100000 0.100000 0.895330 0.825229 0.901583 0.699212 0.100000 0.100000 0.890883 0.378592 0.610040 0.100000 0.114751 0.100000 0.938131 0.100000 0.338276 0.965429 0.337786 0.804327 0.100000 0.361969 0.304728 0.100000 0.100000 0.100000 0.718751 0.373537 0.988288 1.015607 0.211529 0.300161 0.485058 0.358235 1.141424 0.432677 0.685791 0.244998 0.100000 1.548221 0.594741 0.215919 0.170510 1.382452 0.201145 0.551014 0.100000 0.403133 0.100000 1.309049 0.245446 0.226401 0.843349 0.100000 1.075928 0.485270 0.695037 0.558939 1.050799 0.100000 0.100000 0.206608 0.100000 0.100000 0.450400 0.413356 1.250489 0.434477 1.070936 1.104268 0.300388 0.613033 0.293363 0.100000 0.100000 0.354116 
