78 Number of operations
26 Number of workers
Standard production times
0.332225 0.769768 0.566597 0.103154 0.671604 0.100000 0.367463 0.347824 0.358743 0.364655 0.571161 0.427058 0.451286 0.257047 0.125612 0.381676 0.301415 0.348792 0.603457 0.389888 0.561927 0.100000 0.100000 0.798328 0.139552 0.414927 0.506609 0.351425 0.467297 0.504930 0.290314 0.687829 0.255308 0.367709 0.219686 0.227593 0.340594 0.265541 0.135037 0.350993 0.281144 0.206931 0.100000 0.605045 0.183709 0.424039 0.415066 0.531883 0.335920 0.719816 0.722128 0.455641 0.603570 0.608634 0.860002 0.240510 0.100000 0.293070 0.541902 0.297476 0.271952 0.721917 0.541738 0.415239 0.452444 0.622655 0.100000 0.197312 0.400304 0.764196 0.272077 0.413263 0.395127 0.387710 0.689100 0.626944 0.294091 0.325139 
Production times: workers row and ops columns
0.518243 0.910400 0.916820 0.438710 0.847288 0.585684 0.100000 0.713262 1.314208 0.232575 0.553076 0.100000 1.335760 0.331961 0.620748 0.700588 0.377009 0.100000 0.800216 1.788539 1.125233 0.578038 0.404111 0.715447 0.375512 0.100000 1.215899 0.766896 0.511575 1.157180 0.991111 0.599322 0.437067 0.292064 0.100000 0.100000 0.100000 0.100000 0.100000 0.103778 0.621252 0.100000 0.100000 1.030148 0.484455 0.266967 0.100000 0.441083 0.100000 0.388424 0.100000 0.100000 0.920796 0.100000 2.077287 0.454837 0.938796 0.168157 0.100000 0.421588 0.370822 1.510807 0.983749 0.792545 1.594889 1.574383 0.517512 0.222173 0.406622 0.831670 0.100000 0.100000 1.308044 0.380315 1.117166 0.388503 0.100000 0.880749 
1.452194 1.665686 0.495925 0.355826 0.496457 0.166843 0.405115 1.434046 0.124557 0.159721 0.867796 0.100000 0.100000 0.233208 0.398275 0.402937 0.639584 0.296474 0.100000 0.369687 0.944683 0.341026 0.491604 1.123243 0.100000 0.237146 0.407107 0.784054 0.850329 0.430697 0.100000 0.479918 0.283743 1.029002 0.100000 0.279877 0.503838 0.100000 0.100000 0.100000 0.696107 0.100000 0.100000 0.392524 0.592950 0.100000 0.279898 1.088623 0.235399 1.535668 0.769711 1.038461 0.287492 1.366117 0.707851 0.517074 0.100000 0.118628 0.100000 0.789667 0.100000 1.223616 1.099997 0.100000 0.781961 0.142145 0.100000 0.536760 0.212167 0.397177 0.100000 0.100000 0.100000 0.100000 0.808584 0.479205 0.531726 0.461589 
0.182056 1.318910 0.477849 0.287038 1.174081 1.082010 0.515454 0.984343 0.211435 0.250507 0.568982 0.100000 0.614917 0.668969 0.275792 1.137681 0.787431 0.169318 1.290129 1.012910 0.100000 0.100000 0.643774 1.009799 0.100000 1.050717 0.426015 0.807054 0.100000 0.222763 0.100000 0.100000 0.396450 0.584727 0.907998 0.306972 0.814077 0.100000 0.100000 0.891465 0.100000 0.230276 0.438297 0.292120 0.229576 1.175138 2.045851 0.851943 1.392719 1.370565 2.138791 0.587116 0.896220 0.100000 0.518789 0.888416 0.464357 0.137346 1.313311 0.686118 0.100000 0.793552 0.882249 0.674580 1.176404 0.831080 0.100000 0.434316 1.126441 0.100000 0.100000 0.410775 0.159260 0.588587 0.742590 0.751375 0.152431 0.560138 
0.982738 0.972899 1.424701 0.100000 0.570875 0.100000 0.255844 0.100000 1.304444 0.459495 1.275124 1.283730 1.189934 0.315094 0.706752 0.100000 0.100000 0.164924 0.275872 0.933398 1.034330 0.100000 1.087081 0.403774 0.910134 0.276584 1.227096 0.612317 1.107732 0.435961 0.481272 0.368087 1.437218 0.470750 0.498601 0.349290 0.287855 0.100000 0.100000 0.275758 0.100000 0.152338 0.470745 1.640113 0.100000 0.502115 0.748600 1.035565 1.068619 0.100000 0.633562 0.100000 0.698771 1.529177 1.590858 0.175240 0.212230 0.167317 0.356660 0.226732 0.181867 0.301693 0.752086 0.614255 0.978646 0.219875 0.100000 0.293396 0.472158 0.784705 0.629265 0.261970 0.621982 0.100000 0.967755 1.017844 1.364697 0.284317 
0.589521 0.754655 0.565304 0.100000 1.748021 0.100000 0.100000 0.100000 0.100000 0.390271 0.481855 0.416976 0.808241 0.310740 0.114096 0.193989 0.279855 0.469359 0.100000 0.566295 0.315268 0.159124 0.100000 0.745288 0.100000 1.104225 0.295130 1.176983 0.215628 0.338795 0.100000 0.480725 0.268320 0.331460 0.131478 0.593927 0.619645 0.100000 0.657790 0.100000 0.100000 0.100000 0.100000 0.944261 0.100000 1.047993 1.138606 0.997087 0.848949 0.345001 0.100000 0.965839 1.317367 0.530862 0.651751 0.671533 0.100000 1.079088 0.100000 0.208345 0.100000 1.123253 0.327406 0.333851 0.408312 0.987742 0.100000 0.100000 0.100000 0.801965 0.171076 0.102298 1.270914 0.100000 0.800718 0.100000 0.365079 0.100000 
0.150002 1.219735 0.572855 0.400257 0.723610 1.124481 0.100000 0.132914 0.696328 1.003307 1.225084 0.631039 0.100000 0.564873 0.880211 0.136642 0.460130 0.172693 1.467139 0.528471 0.664888 0.100000 0.211323 0.908697 0.183401 0.100000 0.715704 0.100000 0.100000 0.286641 0.681586 0.372432 0.897716 0.100000 0.260577 0.100000 0.100000 0.100000 1.010942 0.180748 0.100000 0.722717 0.232300 0.310639 1.285126 0.186950 0.533977 0.222393 0.220832 1.487173 0.652961 0.861542 0.978764 0.244840 0.826778 0.240493 0.100000 0.100000 1.239254 0.600325 0.100000 0.507240 0.260909 0.725515 0.100000 0.924972 0.100000 0.123085 0.100000 0.525482 0.100000 1.155897 1.265816 0.532535 0.100000 0.284129 0.302982 1.413055 
0.262207 0.526029 1.562518 0.100000 1.366014 0.884048 0.100000 0.147856 0.326183 0.557360 0.100000 0.233041 0.244370 0.791892 1.155850 0.671388 0.259500 0.566852 1.378109 0.420904 0.100000 0.163939 0.100000 0.977874 0.100000 0.320844 0.544845 0.100000 0.946687 0.794497 0.100000 0.526849 0.132143 0.763222 0.724680 0.555974 0.402248 1.055692 0.306274 0.523605 0.100000 0.886300 0.374925 0.106840 0.784990 0.214345 1.183728 1.118566 0.100000 0.662244 0.786134 1.554014 0.730858 0.219743 1.927073 0.100000 0.100000 0.107892 0.767943 0.626884 0.100000 0.891778 0.336224 0.100000 0.863413 0.100000 1.037225 0.100000 0.323452 0.926560 0.100000 0.613290 0.100000 0.100000 0.147623 0.330709 0.100000 0.162088 
0.766565 1.569972 0.321627 0.100000 1.010906 0.100000 0.691382 0.367707 0.486910 1.113572 0.693209 1.792271 0.625949 0.100000 1.078200 0.100000 0.452318 0.100000 1.423340 0.689117 0.317459 0.100000 0.570022 1.439622 0.100000 0.156509 0.521592 1.414347 0.100000 0.100000 0.100000 0.186021 0.659551 0.984239 0.100000 0.103523 1.059737 0.721045 0.100000 0.433785 0.949374 0.663302 0.272839 0.266831 0.100000 1.064000 0.100000 0.334156 0.119744 0.810719 1.288182 1.287684 0.227615 0.623231 0.388161 0.576978 0.388905 0.560840 1.088120 0.100000 0.179080 0.768172 1.153617 0.100000 0.825752 1.246497 0.157313 0.100000 1.321838 0.474211 0.100000 0.502518 0.608439 0.100000 0.215461 0.813689 0.240656 1.749097 
0.435530 0.100000 1.076558 0.949900 0.274579 0.100000 0.100000 0.506461 0.780949 0.100000 0.508575 0.399170 0.286450 0.528638 0.624001 0.100000 1.023965 0.321425 0.966665 0.100000 1.584508 0.100000 0.100000 1.014965 0.100000 0.268673 0.986796 0.315467 0.752407 0.644259 0.314875 0.655989 0.573439 0.124010 0.100000 0.560829 0.399907 0.399278 0.100000 0.168760 0.321694 0.100000 0.711346 0.224070 0.100000 1.269549 0.100000 0.100000 0.100000 0.673315 1.208847 0.508675 0.815793 0.100000 0.736821 0.270460 0.270358 0.100000 0.393460 0.837545 0.100000 1.297380 1.095969 0.100000 0.221269 0.832937 1.048018 0.331990 0.338006 1.226045 1.007293 0.216807 1.034202 0.674119 0.100000 0.103025 1.017659 0.705185 
0.100000 0.567739 0.977731 0.513203 0.713843 0.244578 0.798342 0.267982 0.504790 0.507241 0.219936 0.100000 0.719683 0.100000 0.886178 0.389335 0.731083 0.137960 0.968419 0.100000 0.195970 0.200988 0.100000 1.325438 0.163836 0.100000 0.100000 0.402237 0.100000 0.409189 0.233770 1.472287 0.100000 0.100000 0.244762 0.924448 0.287462 0.100000 0.100000 0.782002 0.576357 0.100000 0.110131 0.100000 0.100000 0.147151 0.252260 0.113468 0.818784 1.086737 0.100000 0.754424 1.368365 0.100000 1.548622 0.222247 0.100000 0.206939 0.422786 1.055577 0.634152 0.866011 0.100000 0.305814 0.140439 0.497813 0.100000 0.540418 1.032929 0.616249 0.196013 0.100000 1.136193 0.100000 1.601809 1.020756 0.100000 0.924819 
0.244015 0.738072 0.291109 0.575379 0.889180 0.100000 0.100000 0.586065 0.647378 0.100000 0.100000 0.100000 0.352585 0.489576 0.100000 0.642032 0.100000 1.301454 0.497483 0.741956 0.335238 0.100000 0.100000 0.564351 0.887824 0.100000 0.100000 0.183786 0.100000 0.100000 0.100000 0.213046 0.100000 0.413791 0.449533 1.364120 0.383995 0.100000 0.100000 0.311659 0.406925 0.266660 0.132876 0.664142 0.642695 0.682232 0.338049 1.040707 0.606004 0.750493 0.368267 1.332721 0.100000 0.713469 0.215558 0.569091 0.100000 0.100000 0.660577 0.100000 0.565055 0.827247 0.660974 0.238268 0.287741 1.705831 0.450018 0.280269 0.100000 0.494300 0.309821 0.100000 0.378646 0.818357 0.100000 0.574569 0.178763 0.100000 
0.275642 0.885206 0.100000 0.100000 0.852908 0.100000 0.100000 0.370480 0.718892 0.100000 0.304132 0.517595 0.628621 0.100000 0.100000 0.578957 0.233644 0.100000 0.346759 0.100000 0.353956 0.324280 0.560975 0.465982 0.359814 1.323633 0.306075 0.907722 0.100000 0.100000 0.894357 0.344952 0.100000 0.100000 0.840831 0.256690 0.100000 0.424760 0.211876 0.807516 0.465321 0.276656 0.100000 0.752738 0.100000 0.155253 0.375901 0.153543 0.100000 1.105541 1.159409 0.123119 0.797146 0.519969 1.717306 0.329731 0.100000 0.100000 0.470643 0.100000 0.597001 0.929418 1.440453 0.885551 1.257154 0.337042 0.287939 0.100000 0.273209 0.976763 0.186698 0.836023 0.100000 0.644094 0.100000 0.519502 0.289480 0.887454 
0.593972 0.100000 0.842747 0.100000 0.787023 0.536963 0.822165 1.017059 0.328512 0.370482 1.185571 0.201270 0.112916 0.313495 0.960822 0.235989 0.100000 0.498563 0.100000 0.586256 1.033250 0.100000 0.700555 0.489627 0.100000 0.388346 0.481279 0.100000 0.258065 0.141451 0.201300 1.125416 0.120737 0.100000 0.857460 0.100000 1.167940 0.324304 0.149430 0.100000 0.343377 0.474773 0.100000 0.182147 0.100000 0.100000 0.134238 0.763241 0.824713 0.100000 0.882837 0.825197 0.766935 0.955205 0.855936 0.323933 0.329641 0.223628 1.075293 0.283113 0.100000 0.887741 0.792508 0.531744 0.763487 0.396228 0.524253 0.270494 0.218704 1.032998 0.320947 0.922254 0.763792 0.789353 0.741806 0.407499 0.100000 0.914154 
0.100000 0.311060 0.577937 0.100000 0.100000 0.100000 0.458650 0.266155 0.545209 0.326347 1.633035 0.376661 0.915972 0.490409 0.548687 0.100000 0.100000 0.100000 0.666650 0.388157 0.100000 0.571408 0.100000 1.003916 0.100000 0.284099 0.283454 0.100000 0.143808 0.100000 0.911240 0.100000 0.993802 0.173694 0.100000 0.100000 0.100000 0.260638 0.453783 0.100000 0.220110 0.261136 0.100000 0.616930 0.100000 1.379691 0.100000 1.191295 0.586768 0.100000 0.369607 0.155168 1.363382 1.319999 1.256445 0.949371 0.100000 1.204288 0.447030 0.762850 1.094900 0.755245 0.100000 0.100000 0.765379 1.194447 0.100000 1.364475 1.649230 1.272433 0.546796 0.527912 0.100000 1.295301 0.912254 0.100000 1.173367 0.766556 
0.105245 0.100000 0.857836 0.428123 0.419256 0.372498 0.100000 0.100000 0.100000 0.100000 0.984902 0.528822 0.100000 1.303445 0.100000 0.664873 0.966777 0.512964 0.100000 0.667581 0.774673 0.100000 0.100000 0.397319 0.100000 0.927149 0.100000 0.150384 0.537364 0.100000 0.411085 0.100000 0.100000 0.244408 0.724234 0.100000 0.463555 0.100000 0.100000 0.100000 0.340590 0.100000 0.321210 1.012946 0.172700 0.265980 0.298476 0.456053 0.947384 1.910988 1.944326 0.802961 0.100000 1.043772 0.100000 0.720338 0.269376 0.100000 0.999518 0.453017 0.100000 1.269292 0.559601 1.164624 0.396457 0.384473 0.539421 0.410372 0.100000 1.257714 0.100000 0.100000 0.655580 0.578601 0.731673 0.622457 0.761305 0.602230 
0.409355 0.280440 0.707259 0.100000 1.034703 0.145327 0.114657 0.100000 0.796198 0.612071 0.727160 0.290472 1.149308 0.416088 0.350566 0.100000 0.254412 0.494361 0.646613 0.431170 0.100000 0.546111 0.100000 0.544097 0.389179 0.356520 0.100000 0.149106 0.630090 0.855369 0.100000 0.871638 0.100000 0.294066 0.128822 0.661745 0.100000 0.201679 0.920846 0.100000 0.578940 0.873389 0.100000 0.331816 0.755397 0.185690 1.237639 0.173987 0.243278 1.129493 1.199510 0.100000 0.100000 0.100000 0.749155 0.100000 0.100000 0.815034 1.544962 0.865977 0.100000 0.193620 0.100000 1.365454 0.100000 0.100000 0.100000 0.100000 0.439953 0.272428 0.100000 1.211248 0.834427 0.719795 2.149916 0.382513 0.727736 0.508063 
0.914244 0.853413 0.294957 0.100000 1.540108 0.100000 0.120371 1.059217 0.100000 0.899793 1.049678 1.527970 0.100000 0.514589 0.100000 0.750941 0.422968 0.100000 0.431400 0.100000 0.125020 0.491888 0.720972 0.100000 0.752052 0.100000 0.590627 0.341327 0.148448 0.960021 0.568497 0.998908 0.100000 0.100000 0.100000 0.459827 0.421646 0.649630 0.326638 0.898289 0.100000 0.100000 0.571289 0.825996 0.100000 0.390995 0.859874 0.153182 0.374669 0.509435 0.100000 1.441440 0.106225 1.084585 0.729195 0.796815 0.100000 0.100000 1.175864 0.100000 0.386070 0.904109 0.680863 0.350260 1.141559 0.100000 0.100000 0.221537 0.437192 0.704148 0.663715 0.100000 0.822421 0.555816 0.804602 0.818545 0.100000 0.772897 
0.709706 0.100000 0.892727 0.100000 1.320334 0.783578 0.956193 0.358684 0.898902 0.204033 0.298876 0.657263 1.048027 0.100000 0.100000 0.353146 0.478103 0.497149 1.061209 0.735506 0.320540 0.414964 0.111399 0.971176 0.100000 0.100000 0.356301 0.100000 0.100000 0.632449 0.100000 1.278212 0.100000 0.515083 0.654732 0.776397 0.978501 0.894890 0.100000 0.100000 0.100000 0.100000 0.100000 1.376765 0.100000 1.776615 0.100000 1.164021 0.100000 0.962911 0.743128 0.601552 1.122174 0.100000 0.412814 1.553100 0.100000 0.180200 0.749779 0.465813 0.100000 1.228669 0.492109 0.351132 0.826956 0.100000 0.100000 0.222290 0.100000 0.526889 0.370062 0.196665 0.153256 0.675369 0.515470 0.897206 1.440262 0.690179 
0.541184 1.570153 0.613662 0.100000 0.120333 0.248665 0.100000 0.100000 0.204218 0.576828 0.451261 0.175549 1.584229 0.852508 0.251390 0.100000 0.100000 0.100000 0.209790 0.234331 0.945275 0.100000 0.653125 1.928941 0.459567 0.762974 0.100000 0.326005 0.383338 1.327527 0.100000 0.625254 0.100000 0.274367 0.100000 0.100000 0.534369 0.100000 0.167433 0.956038 0.100000 0.149048 0.100000 1.048743 0.100000 0.100000 0.191142 0.491675 1.115042 0.376773 1.537204 0.590882 0.599426 1.026833 1.666779 0.583857 0.433065 0.100000 1.359012 0.100000 0.432358 0.130981 0.779953 0.258518 0.723256 0.100000 0.271653 0.492314 0.469341 0.751852 0.564582 0.100000 0.298108 0.212102 0.178623 0.782688 0.171598 1.038944 
0.700893 0.411306 0.100000 0.432600 0.288804 0.305369 0.100000 0.263774 0.225883 0.100000 0.893861 0.963028 1.149169 0.895949 0.100000 0.100000 0.100000 0.423514 0.752705 1.186429 0.691796 0.100000 0.100000 0.100000 0.100000 0.855494 1.366964 0.264798 1.030694 0.607679 0.100000 0.824426 0.215422 0.687291 0.501172 0.163465 0.100000 0.293795 0.485797 0.881969 0.519662 0.468308 0.100000 0.252562 0.100000 0.430423 0.497725 0.932021 0.429143 0.983386 0.326528 0.399936 0.516631 0.552825 0.219664 0.225174 0.100000 0.929406 0.906933 0.647233 0.549461 1.661717 0.543594 0.542290 0.673718 2.071733 0.100000 0.100000 0.521047 1.198429 0.320673 0.100000 1.039359 0.100000 1.262351 0.100000 0.261242 0.657888 
0.100000 0.317278 0.195284 0.218927 1.449076 0.100000 0.100000 0.100000 0.751223 0.156326 0.350637 0.720910 0.934186 0.144069 0.100000 0.100000 0.308256 0.874915 0.623410 0.486813 0.187714 0.255287 0.100000 1.129132 0.231970 0.929399 0.595285 0.100000 0.100000 0.894222 0.125378 1.812632 0.113982 0.960651 1.107690 0.294965 0.523899 0.100000 0.100000 0.258411 1.170197 0.457211 1.380920 1.150650 1.015826 0.100000 0.100000 1.403506 0.100000 0.289398 1.361637 0.100000 0.796089 0.619906 0.854391 0.251123 1.271708 0.100000 0.283062 0.640045 1.774802 0.444995 0.932448 0.101927 0.242126 0.933657 0.338957 0.254380 0.781066 1.107749 0.343409 0.871314 0.778753 0.217738 0.339013 0.734621 0.266182 0.100000 
0.167711 0.698078 0.241216 0.568704 0.246977 0.907861 0.347880 0.629084 1.281931 1.000821 0.138447 0.388048 0.670614 0.425815 0.328028 0.100000 0.298490 0.100000 0.680052 0.100000 0.396144 0.100000 0.100000 0.644358 0.873126 0.100000 0.585503 1.004963 0.592161 1.233024 0.100000 0.676995 1.188054 0.100000 0.100000 0.259038 0.598349 0.663972 0.100000 0.522580 0.536962 0.248815 0.100000 0.521191 0.100000 0.378247 0.100000 1.018336 0.100000 1.251324 0.761767 0.103507 0.381390 0.229954 1.113471 0.100000 1.052225 0.100000 0.457855 0.261490 0.370298 0.117405 0.100000 0.142738 0.557576 0.100000 0.100000 0.236628 1.014745 1.641119 0.100000 0.807551 0.100000 1.405201 1.706003 0.299749 0.100000 0.276646 
1.409116 0.632887 1.203927 0.100000 0.671939 1.450658 0.100000 0.354025 0.100000 1.034087 0.100000 0.250589 0.192908 0.100000 0.762918 0.100000 0.100000 0.100000 1.111127 0.100000 0.100000 0.452576 0.100000 1.184151 0.147238 0.100957 0.100000 0.549929 1.013446 0.898868 0.100000 0.347310 0.907403 1.162282 0.100000 1.281377 0.775477 0.358589 0.427677 0.411747 0.222372 0.100000 0.754187 0.100000 0.100000 0.978338 0.231777 1.923595 0.100000 0.100000 0.871660 0.100000 1.952170 1.624487 1.058528 0.553557 0.100000 0.667450 0.494434 0.100000 0.100000 0.578539 0.174929 0.714605 0.429314 0.278423 0.742533 0.333120 0.433335 0.451383 0.100000 0.271651 0.894098 0.355180 0.180434 0.350372 0.765316 0.256363 
0.100000 1.329620 0.475927 0.606890 0.676115 0.100000 0.741250 0.503752 0.100000 0.661007 0.342519 0.215800 0.450722 0.654767 0.100000 0.319273 0.702865 0.757247 0.932000 0.268410 1.171352 0.100000 0.360464 0.671364 0.822489 0.683033 0.463623 0.100000 0.952111 0.100000 0.270035 1.185172 0.736281 0.665844 0.100000 0.100000 0.976474 0.503528 0.617900 0.100000 0.100000 0.450385 0.586850 0.492181 0.672918 0.430121 0.100000 0.100000 0.913464 1.133752 0.704893 1.344978 0.100000 1.046952 0.524163 0.277461 0.855964 0.292855 0.334096 1.106640 1.174045 1.642304 0.612065 0.482427 0.100000 0.381136 0.137459 1.015808 1.054251 0.421638 0.100000 0.598497 0.693582 0.174898 0.925874 0.222578 0.610968 1.515424 
0.535048 0.889729 0.100000 0.118727 0.347702 0.100000 0.100000 0.344931 1.653031 0.202572 0.803368 0.862906 0.667922 0.100000 0.100000 0.859328 0.591338 0.100000 0.252710 0.100000 0.861938 0.100000 0.100000 0.240215 0.407155 0.279004 0.273167 0.200861 0.390278 0.100000 0.663248 0.126948 0.934067 0.100000 0.132530 0.370857 0.100000 0.100000 0.407890 0.100000 1.272344 0.100000 0.100000 1.710866 0.233826 1.383386 0.856848 0.242033 0.100000 0.360590 0.641388 0.100000 1.031003 1.080766 0.359183 0.100000 0.100000 0.410481 0.174718 0.368654 0.271266 1.419981 0.100000 0.619143 1.342564 0.950107 0.553599 0.100000 0.205226 0.422510 0.601911 1.123054 1.013856 0.415857 0.100000 1.551296 0.502824 0.260712 
0.344381 0.512153 0.729597 0.547396 0.535749 0.100000 0.100000 0.688911 0.834081 0.289370 0.100000 0.425171 0.241814 0.100000 0.100000 0.782239 0.100000 1.374252 1.340724 0.100000 0.100000 0.100000 0.294316 0.100000 0.100000 0.100000 0.100000 0.100000 0.755102 1.164836 0.100000 0.100000 0.100000 0.100000 0.155630 0.100000 0.301860 0.526013 0.100000 0.100000 0.645518 0.709495 0.100000 0.836174 0.100000 0.256711 1.135226 0.424633 0.451634 0.759371 1.069572 1.351842 1.092740 0.754150 0.106071 0.467671 0.100000 0.972465 0.208008 0.375435 0.447889 0.551957 0.100000 0.891136 0.114165 1.448290 0.881828 0.781492 0.100000 0.432347 0.342482 0.100000 0.100000 0.262418 0.652791 0.422985 0.100000 0.269423 
