86 Number of operations
23 Number of workers
Standard production times
0.290051 0.119425 0.716550 0.190971 0.451519 0.100000 0.100000 0.336942 0.571636 0.414269 0.100000 0.116889 0.577166 0.526380 0.408052 0.219375 0.435065 0.438886 0.292950 0.555470 0.434268 0.311430 0.740981 0.584869 0.139028 0.323885 0.251275 0.312576 0.314710 0.676281 0.419674 0.326109 0.145356 0.602997 0.103788 0.342580 0.388635 0.242379 0.413542 0.192219 0.347265 0.507650 0.705652 0.791335 0.495640 0.423869 0.228507 0.247610 0.527861 0.409505 1.022967 0.293508 0.469117 0.314897 0.100000 0.751079 0.347161 0.569259 0.817347 0.505296 0.596762 0.100000 0.221035 0.466013 0.609718 0.669980 0.649135 0.261762 0.656215 0.254587 0.240166 0.399291 0.502519 0.366428 0.669267 0.276902 0.251393 0.603187 0.288969 0.487252 0.370662 0.404699 0.348340 0.767831 0.361202 0.714826 
Production times: workers row and ops columns
0.100000 0.132695 0.653097 0.429816 0.711194 0.100000 0.100000 0.100000 0.598684 0.337471 0.100000 0.100000 0.291166 0.635790 0.173913 0.486728 0.456112 0.516960 0.100000 0.506285 0.556435 0.100000 0.561115 0.494654 0.100000 0.318433 0.405123 0.100000 0.319874 0.182596 0.308065 0.100000 0.381781 0.625668 0.100000 0.100000 0.670762 0.732509 0.100000 0.463068 0.735560 0.509054 0.245872 0.950339 0.341364 0.142693 0.100000 0.312772 0.665703 0.122446 1.079140 0.100000 0.609675 0.228867 0.100000 0.620556 0.507827 0.694382 0.876186 0.446606 0.520108 0.185514 0.190783 0.570778 0.416683 0.100000 0.860782 0.817856 0.688624 0.124541 0.100000 0.263575 0.407742 0.100000 0.414139 0.100000 0.226032 0.414195 0.337532 0.334841 0.566563 0.368759 0.905549 0.100000 0.100000 0.885272 
0.948548 0.100000 0.629651 0.100000 0.750956 0.100000 0.204021 0.141001 0.100000 0.408333 0.150955 0.404857 0.444032 0.241172 0.476880 0.191597 0.419264 0.316952 0.541052 0.566318 0.905665 0.544747 0.838696 0.100000 0.219724 0.349970 0.394560 0.525908 0.100000 0.823483 0.150982 0.812572 0.100000 0.100000 0.100000 0.100000 0.100000 0.729203 0.215592 0.100000 0.581579 0.231693 0.234596 0.954087 0.582649 0.193382 0.550769 0.186341 0.912946 0.460327 1.390608 0.226328 0.100000 0.949708 0.100000 0.591428 0.100000 0.408241 0.790147 0.465845 0.695068 0.537647 0.100000 0.100000 0.155023 0.370254 0.100000 0.409271 0.406751 0.100000 0.139599 0.100000 0.144124 0.468841 0.754829 0.100000 0.694553 0.111469 0.100000 0.318000 0.100000 0.885957 0.358239 0.354454 0.876554 0.790525 
0.518909 0.100000 0.848417 0.100000 0.790027 0.100000 0.240214 0.797558 0.757060 0.593009 0.282950 0.100000 0.927967 1.089388 0.735694 0.584848 0.271880 0.278550 0.100000 1.025146 0.458014 0.831383 0.606407 0.553616 0.267655 0.700320 0.369500 0.475913 0.419668 0.829438 0.184733 0.450387 0.189382 0.685950 0.351489 0.238377 0.463283 0.253170 0.638733 0.527650 0.160637 0.783423 1.425387 0.449988 0.346588 0.259696 0.244778 0.834465 0.631867 0.301097 1.309508 0.213566 0.906140 0.506477 0.616634 0.652676 1.356418 0.916634 1.113721 0.589939 0.479083 0.100000 0.280242 0.326832 0.794521 0.522151 0.935460 0.648598 0.544463 0.712393 0.268784 0.845877 0.733969 0.803126 0.470161 0.344863 0.786821 0.517776 0.100000 0.100000 0.100000 0.100000 0.324848 1.251390 0.328533 0.911884 
0.357053 0.221990 0.766091 0.238717 0.689868 0.100000 0.503038 0.712947 0.613119 0.755887 0.100000 0.100000 0.724045 0.569314 0.373431 0.117641 0.367816 0.820637 0.100000 0.761219 0.463337 0.629774 0.995503 0.100000 0.414422 0.521167 0.357833 0.271973 0.670694 0.652373 1.070089 0.595423 0.886704 0.467337 0.100000 0.657017 0.744446 0.352987 0.100000 0.157850 0.632660 0.552397 0.770856 0.838698 0.315466 0.363963 0.100000 0.877998 0.485249 0.652788 0.816401 0.631866 0.100000 0.691082 0.189390 1.484261 0.100000 0.692173 1.027516 0.975165 0.569905 0.225939 0.100000 0.316962 0.845203 1.101232 0.664614 0.978668 1.284289 0.336391 0.100000 0.100000 0.369161 0.801180 0.862349 0.100000 0.282763 1.187196 0.276528 0.362261 1.087049 0.520721 0.304592 0.972881 0.466352 0.686084 
0.752588 0.554136 1.068809 0.260104 0.895589 0.185089 0.339993 0.747048 0.914289 1.051195 0.335385 0.100000 0.329115 1.031412 0.408667 0.435337 0.279628 0.839151 0.277501 1.092903 0.374597 0.746870 1.043300 0.468152 0.568727 0.153395 0.104534 0.629089 0.227107 0.598129 0.416504 0.126058 0.558854 0.885552 0.182989 0.410062 0.623682 0.871979 0.774833 0.139682 0.680490 0.572019 0.745953 1.451277 0.469959 0.380114 0.100000 0.100000 0.763198 0.301029 1.277591 0.100000 0.338924 0.617268 0.638268 1.028821 0.806511 1.180637 1.229373 0.329764 0.665158 0.389059 0.196581 0.701596 0.235971 0.521391 0.907799 0.100000 0.423901 0.349272 0.100000 0.516427 0.362655 0.378949 0.691572 0.433690 0.182256 0.730093 0.208622 0.754074 0.978805 0.563759 0.499300 0.518629 0.669212 0.587406 
0.100000 0.398145 0.807070 0.744558 1.172957 0.100000 0.164188 1.217149 1.054905 0.770793 0.753103 0.100000 0.895458 1.231007 1.218508 0.100000 0.309227 0.630244 0.148452 0.359562 0.776268 0.134725 0.100000 0.765793 0.100000 0.100000 0.100000 0.819487 0.100000 0.100000 0.281751 0.940586 0.800209 0.100000 0.100000 0.100000 0.894239 0.100000 0.341944 0.708711 0.236058 1.242730 0.270648 0.975931 0.922281 0.354013 0.921664 0.521675 0.100000 2.388807 1.347289 0.347179 0.100000 0.355781 0.100000 1.073256 0.532996 1.495764 0.888472 0.762048 0.782990 0.100000 0.129335 1.016513 0.999732 0.355259 0.100000 0.228057 1.236935 0.240822 1.113384 0.100000 0.573339 0.100000 0.371433 0.122341 0.506862 1.458518 0.306441 1.214211 0.701503 0.897875 0.115262 1.460327 0.100000 0.962406 
0.104432 0.100000 0.378129 0.136066 0.656854 0.179369 0.100000 0.878164 0.772802 0.816688 0.435568 0.100000 0.100000 0.351753 0.875599 0.100000 0.779878 0.355164 0.510883 0.108294 0.884390 0.399529 1.106728 0.741828 0.478447 0.393305 0.574282 0.100000 0.100000 0.993924 0.507921 0.357482 0.191472 0.853515 0.100000 0.595672 0.213898 0.220203 0.809027 0.613595 0.118118 0.859241 0.493897 1.111242 0.100000 0.188736 0.175815 0.297665 1.054945 0.780705 1.595607 0.755490 0.484258 0.334999 0.520691 0.863191 0.400063 0.268698 0.885408 0.100000 0.559927 0.100000 0.528807 0.422411 0.611003 1.174112 0.434415 0.456759 0.187635 0.381506 0.463246 0.757252 0.332914 0.562325 0.864714 0.371132 0.396398 0.842248 0.508333 0.288449 0.111904 1.256493 1.024277 0.450323 0.596267 1.003057 
0.415452 0.100000 0.338489 0.100000 0.204181 0.100000 0.100000 0.197439 0.777202 0.683436 0.100000 0.100000 0.239926 0.793497 0.290242 0.554072 0.191790 0.346686 0.100000 0.846231 0.225484 0.100000 0.463242 0.100000 0.100000 0.257631 0.237698 0.662008 0.124417 0.818518 0.413346 0.168112 0.100000 0.787248 0.100000 0.247967 0.100000 0.227278 0.345951 0.101044 0.206827 0.722416 0.895518 0.909110 1.391964 0.143801 0.100000 0.100000 0.558657 0.103259 0.113458 0.100000 0.390792 0.517833 0.100000 0.467347 0.205356 0.250698 0.876696 0.406496 0.593142 0.100000 0.581996 0.365900 0.897783 0.438281 0.726147 0.100000 0.270942 0.100000 0.126406 0.233671 0.864281 0.100000 0.242166 0.686958 0.334028 0.100000 0.338150 0.458452 0.100000 0.193830 0.243103 0.887252 0.547551 0.643550 
0.500086 0.100000 0.359301 0.100000 0.514312 0.100000 0.203342 0.100000 0.363869 0.465883 0.365382 0.100000 0.235312 0.441099 0.129226 0.377862 0.100000 0.447427 0.320726 0.470194 0.664939 0.100000 0.973566 0.273993 0.256693 0.126624 0.395578 0.446717 0.100000 0.529934 0.291944 0.154746 0.100000 1.058429 0.100000 0.709085 0.117891 0.100000 0.353216 0.100000 0.964308 0.481277 0.951432 0.624065 0.297822 0.314596 0.235222 0.402486 0.391215 0.105250 0.602604 0.170504 0.541006 0.352281 0.100000 0.471038 0.291191 0.640800 0.706301 0.439006 0.451611 0.274650 0.100000 0.421673 0.628047 0.787637 0.997900 0.364398 0.735979 0.100000 0.322087 0.987406 0.153516 0.100000 0.504871 0.483276 0.308818 0.360050 0.178172 0.698364 0.472448 1.033362 0.550046 0.773901 0.445620 0.510131 
0.100000 0.205404 0.961831 0.100000 0.190340 0.100000 0.232821 0.206709 0.794184 0.463325 0.630164 0.100000 1.405728 1.235217 0.433211 0.544537 0.738339 0.100000 0.375283 0.944557 0.589176 0.837090 0.788479 0.625245 0.100000 0.141616 0.100000 1.165317 0.434963 0.176568 0.618973 0.230107 0.100000 0.842924 0.100000 0.631812 0.100000 0.100000 0.660713 0.100000 0.123915 0.609839 1.011768 1.163778 0.477499 0.100000 1.190415 0.100000 1.429655 0.183243 1.603610 0.828490 0.100000 0.492539 0.477696 1.101570 0.247693 0.720239 0.620002 0.100000 1.088768 0.100000 0.910914 0.767238 0.163395 0.589381 0.505943 0.100000 0.906929 0.100000 1.056012 0.829737 0.100000 0.356928 0.555887 0.100000 0.717021 1.078092 0.751720 0.258758 0.905155 0.299822 0.815913 1.674095 0.431257 0.100000 
0.100000 0.211721 0.982513 0.100000 0.294354 0.100000 0.130499 0.510069 0.187104 0.187225 0.302390 0.134590 0.611680 0.763977 0.339268 0.277776 0.240695 0.100000 0.100000 0.477766 0.274399 0.100000 0.736385 0.217788 0.100000 0.218028 0.100000 0.100000 0.651668 0.671273 0.100000 0.100000 0.163492 0.434555 0.177887 0.100000 0.341185 0.126334 0.258623 0.100000 0.307192 0.687467 0.446616 0.569163 0.443810 0.287824 0.244188 0.363098 0.815218 0.274572 0.239777 0.172620 0.475278 0.158811 0.100000 0.100000 0.399557 0.372049 0.264024 0.143869 0.237313 0.182625 0.289526 0.820438 0.704096 0.164485 0.126372 0.500979 1.026221 0.100000 0.307807 0.100000 0.100000 0.100000 0.462111 0.100000 0.100000 0.355883 0.392759 0.815516 0.281521 0.913698 0.100000 0.510300 0.377522 0.508387 
0.743166 0.100000 1.213359 0.349223 1.321155 0.100000 0.139192 0.480637 0.100000 0.694948 0.344254 0.249685 0.213847 0.162412 0.684038 0.671929 1.013404 0.270254 0.100000 0.573889 0.100000 0.234750 1.096518 1.175250 0.322774 0.916051 0.474536 0.469985 0.363278 0.832363 0.443218 0.383835 0.100000 0.780707 0.208123 0.100000 0.416425 0.100000 0.100000 0.437384 0.914871 1.318569 1.274378 0.630095 0.948214 0.859839 0.100000 0.605997 0.816014 0.558348 1.209552 0.411000 1.058697 0.294361 0.140018 0.853296 0.529861 0.140284 1.333739 0.673156 0.867499 0.259195 0.265103 0.459440 0.738552 0.815596 1.095714 0.465579 0.716168 0.950557 0.100000 0.100000 0.708900 0.402716 0.236888 0.283233 0.138196 1.042526 0.202593 0.902436 0.608597 0.442799 0.454691 0.996429 0.100000 0.912947 
0.276315 0.758801 0.609170 0.633740 0.100000 0.444387 0.282831 0.362837 0.635369 0.436100 0.326901 0.176615 0.140845 0.570637 1.178469 0.333429 0.622301 0.407470 0.445167 0.708854 0.455907 0.670409 0.564057 0.645811 0.390544 0.343784 0.100000 0.580055 0.120062 0.642089 0.271230 0.392890 0.116540 0.560620 0.408082 0.971363 0.381381 0.499176 0.406918 0.321901 0.785590 0.622738 0.560988 0.672357 0.410616 0.519878 0.585910 0.100000 0.316674 0.232143 0.598145 0.791285 0.558203 0.985131 0.100000 1.239334 0.236667 0.547048 0.620657 0.320337 0.299638 0.264900 0.100000 0.493472 0.706958 0.969963 0.779253 0.458159 0.910538 0.349412 0.449171 0.205375 0.369878 1.035681 0.765747 0.163751 0.765357 0.656134 0.195022 0.152554 0.704510 0.178808 0.286630 1.061061 0.516292 0.788898 
0.125854 0.363204 1.285633 0.100000 0.522190 0.578640 0.323717 0.100000 0.342432 0.134878 0.100000 0.100000 0.555729 0.250272 0.570912 0.156352 0.215927 0.604713 0.288642 0.534931 0.646279 0.383409 0.608311 0.766136 0.131823 1.099078 0.480881 0.558539 0.602008 0.600233 0.713543 0.233116 0.100000 0.333801 0.162173 0.100000 0.351141 0.100000 0.529007 0.100000 0.808955 0.637996 0.224994 1.218963 0.327464 0.105626 0.100000 0.317940 0.879218 0.135977 0.623680 0.100000 0.818038 0.716116 0.100000 0.812391 0.246290 0.451070 1.006553 0.537582 0.595609 0.100000 0.365715 0.281411 0.524695 0.635823 0.188788 0.100000 0.462434 0.184948 0.100000 0.100000 0.889558 0.613361 0.835979 0.724347 0.277271 0.475864 0.333622 0.100000 0.100000 0.532290 0.258124 0.284540 0.458763 0.914497 
0.590415 0.210336 0.565736 0.323249 0.679596 0.100000 0.380911 0.531271 0.771570 0.100000 0.524328 0.734207 0.556426 0.183311 0.699731 0.179678 0.244961 0.904201 0.100000 0.870699 0.159947 0.850110 0.995946 0.607651 0.283839 0.598511 0.600243 0.660913 0.578729 0.633067 0.718898 0.100000 0.546584 0.964899 0.622012 0.265946 0.544499 0.599865 0.608899 0.164219 0.539464 0.628060 1.104363 0.702797 0.697486 0.611748 0.555705 0.325743 0.666055 0.488220 1.133186 0.396015 0.471093 1.263087 0.100000 0.499056 0.208473 0.456243 0.920777 1.034576 1.203277 0.271197 0.100000 0.681320 0.316522 0.619769 0.404218 0.489448 0.568232 0.586223 0.483357 0.427270 0.626687 0.741654 0.657628 0.651587 0.345598 0.784006 0.628741 0.986712 0.626906 0.522210 0.664545 0.404197 0.952891 0.417179 
0.741905 0.100000 0.970176 0.132687 0.603314 0.100000 0.100000 0.540269 0.271384 0.100000 0.100000 1.109095 0.286070 0.689787 0.100000 0.980924 0.156931 0.100000 1.648925 0.100000 1.088734 0.677966 1.067071 0.469127 0.233627 0.935853 0.100809 0.438230 0.778855 0.717976 0.207183 1.051948 0.316200 0.540411 0.100000 0.100000 0.835527 0.717013 0.100000 0.100000 0.829709 1.719803 1.780829 1.262268 1.182306 0.160159 0.615774 0.100000 0.246923 0.569991 2.106935 0.667489 0.606030 0.229855 0.100000 1.052511 0.172614 0.688781 0.372681 0.565923 0.100000 0.351953 0.880898 0.922988 1.666630 0.832257 0.901817 0.519194 0.216350 1.331204 0.734455 0.277878 0.100000 0.657182 1.098041 0.345844 0.344430 0.509129 0.287595 1.154823 1.070971 0.100000 0.417779 0.165781 0.100000 1.007803 
0.100000 0.100000 0.810096 0.475613 0.963152 0.100000 0.433634 0.100000 0.158616 0.469959 0.141460 0.413015 0.764173 0.401909 0.766826 0.325320 0.850191 0.100000 0.283026 0.326592 0.576042 0.145564 0.565425 0.100000 0.131489 0.558532 0.453733 0.100000 0.100000 1.177824 0.263386 0.181426 0.394957 0.561991 0.100000 0.179626 0.857783 0.100000 0.703909 0.100000 0.165896 0.966524 0.412790 0.941853 0.286724 0.100000 0.100000 0.498288 0.372093 0.474332 0.979533 0.207557 0.243867 0.254432 0.100000 0.516583 0.100000 0.550169 0.823745 0.166476 0.737154 0.118749 0.209107 0.257591 0.651556 0.886242 0.351002 0.100000 0.912918 0.100000 0.100000 0.100000 0.457041 0.312140 0.718219 0.199695 0.612607 0.975922 0.536672 0.100000 0.379735 0.100000 0.100000 0.360823 0.264416 0.778064 
0.213658 0.100000 0.158740 0.100000 0.118227 0.235282 0.100000 0.180342 0.424555 0.643323 0.490835 0.145007 0.402674 0.847131 0.439524 0.100000 0.638237 0.401055 0.100000 0.643542 0.424215 0.100000 0.100000 0.525759 0.244035 0.406459 0.100000 0.108473 0.414687 0.115556 0.345259 0.290107 0.322483 0.100000 0.100000 0.848017 0.102273 0.100000 0.599740 0.100000 0.594351 0.569810 0.133430 0.721513 0.100000 0.609633 0.100000 0.100000 0.100000 0.100000 1.317449 0.188030 0.456418 0.537367 0.100000 0.477582 0.100000 0.704730 1.207329 0.482918 0.309778 0.100000 0.100000 0.585356 0.190840 0.493590 0.198447 0.100000 0.100000 0.100000 0.205590 0.203946 0.335446 0.100000 0.289763 0.100000 0.214763 1.117484 0.148057 0.100000 0.652449 0.100000 0.415599 0.535035 0.285527 1.644625 
0.165793 0.100000 0.929121 0.284387 0.429697 0.100000 0.377148 0.760155 0.386011 0.173339 0.748972 0.100000 0.891766 0.758119 0.177161 0.547224 0.204100 0.212021 0.100000 0.905755 0.399464 0.737005 0.597939 0.869268 0.661251 0.398081 0.100000 0.309804 0.791731 0.998010 0.403878 0.100000 0.460017 1.192269 0.698366 0.572417 0.431326 0.106543 0.341761 0.100000 1.087630 0.599561 1.520974 0.868986 0.110145 1.082339 0.100000 0.216238 1.122426 0.947137 0.515105 0.393824 0.242256 0.576639 0.743653 0.695832 0.895128 0.390666 1.569028 0.357600 0.557760 0.289087 0.100000 1.030895 0.388713 0.954165 0.362396 0.394697 0.753057 0.238115 0.486932 0.164241 1.059079 0.527162 0.100000 0.978570 0.487207 1.169257 0.335888 0.100000 0.344747 0.136878 0.436795 0.723013 0.523906 0.285504 
0.316942 0.100000 1.033305 0.100000 0.238983 0.929200 0.100000 0.705968 1.236889 0.409224 0.594255 0.637609 1.362044 0.342464 0.351903 0.621437 0.100000 0.462912 0.100000 0.100000 0.601725 1.162645 0.554948 0.627018 0.100000 0.100000 0.319327 0.849041 1.422632 1.089520 0.100000 0.100000 0.798771 0.761355 0.100000 0.100000 0.100000 0.859091 0.402362 0.100000 0.783554 0.662701 0.560086 1.095193 0.100000 0.905821 0.100000 0.100000 0.100000 0.201226 0.644241 0.112185 0.471501 0.592023 0.173266 0.877009 1.149323 0.436014 0.100000 0.980987 1.514697 0.193644 0.640802 0.138204 0.702556 0.988493 0.838423 0.100000 1.471530 0.340995 0.705265 0.602180 0.939356 0.833054 0.561190 0.693741 1.331621 1.602683 0.670990 1.330879 0.100000 1.140897 0.385778 0.100000 0.443807 1.202974 
0.181242 0.800565 1.221319 0.100000 0.854246 0.233592 0.100000 0.341952 0.538137 0.149387 0.100000 0.424696 1.104948 1.063882 0.336044 0.284201 0.277253 0.847887 0.100000 0.246487 0.343514 0.486872 0.744636 0.694788 0.253288 0.493869 0.100000 0.310768 0.587994 0.860350 0.847666 0.202241 0.517234 1.142985 0.161011 0.522359 0.556192 0.503080 0.629918 0.733065 0.601274 0.867001 0.905110 0.578804 0.725648 0.454882 0.137981 0.100000 0.606742 0.327266 1.734868 0.872539 0.489038 0.627644 0.547089 0.799228 1.001631 0.945892 0.886834 0.100000 0.406975 0.295608 0.189556 0.559787 0.473524 0.844057 0.611644 0.100000 0.653722 0.182979 0.100000 0.926244 0.579704 0.368368 0.994380 0.352123 0.581581 0.258991 0.100000 0.750820 0.918231 0.513702 0.513270 0.620798 0.452221 0.602145 
0.141979 0.236109 0.100000 0.154878 0.110156 0.100000 0.341452 0.325573 0.751725 0.100000 0.100000 0.100000 0.300337 0.558451 0.576829 0.100000 0.100000 0.100000 0.537232 0.301050 0.303853 0.111767 0.351884 0.596847 0.153936 0.506283 0.100000 0.123449 0.100000 1.022724 0.621944 0.213993 0.240048 0.327244 0.620130 0.100000 0.174728 0.100000 0.823912 0.136500 0.572590 0.374621 0.241760 0.923979 0.207703 0.100000 0.100000 0.337108 0.957147 0.100000 0.263249 0.472555 0.459132 0.100000 0.125509 0.869912 0.820782 0.430156 1.101287 0.269769 0.343861 0.127132 0.100000 0.100000 0.798676 0.100000 0.583139 0.100000 0.444309 0.100000 0.100000 0.101018 0.100000 0.138802 0.595678 0.100000 0.100000 0.590200 0.100000 0.100000 0.180916 0.390346 0.880964 1.151900 0.100000 0.217552 
0.409466 0.386525 0.777039 0.942670 0.904640 0.692017 0.100000 0.167878 0.350549 0.480134 0.100000 0.100000 0.547935 0.909666 0.366189 0.100000 0.400823 0.595461 0.561226 0.378973 0.728480 0.827477 0.987836 0.756508 0.104594 0.240646 0.100000 0.594960 0.308477 0.822056 0.670057 0.190188 0.550455 0.736931 0.652887 0.493261 0.584223 0.260366 0.956466 0.100000 0.287415 0.516134 0.346526 0.652925 0.100000 0.580985 0.100000 0.458569 0.549326 0.259691 0.656832 0.188653 0.662304 0.377263 0.399873 0.614580 0.928959 0.597873 0.663788 0.998343 1.104032 0.172949 0.175744 0.839035 0.441477 1.050537 0.332981 0.336744 0.759741 0.717017 0.100000 0.569622 0.566306 0.467300 0.504036 0.100000 0.212452 0.630688 0.831524 0.620666 0.469379 0.714202 0.100000 1.084601 0.735815 1.086969 
