90 Number of operations
25 Number of workers
Standard production times
0.590042 0.374927 0.400848 0.472784 0.356831 0.422167 0.411158 0.426790 0.228495 0.447198 0.595034 0.497993 0.419732 0.897546 0.701953 0.250421 0.793067 0.428886 0.439862 0.304270 0.100000 0.469288 0.155868 0.238647 0.306708 0.914123 0.178935 0.230195 0.138284 0.312697 0.703367 0.269947 0.861575 0.563816 0.361975 0.284951 0.586362 0.385452 0.733772 0.391040 0.478093 0.174070 0.100000 0.186728 0.622933 0.358644 0.469468 0.274467 0.350692 0.524640 0.625829 0.238616 0.478903 0.562460 0.416837 0.478049 0.417343 0.365020 0.460101 0.501011 0.638991 0.314857 0.307654 0.538508 0.384359 0.100000 0.100000 0.294047 0.530106 0.142456 0.481627 0.100000 0.397456 0.632335 0.655889 0.440116 0.794921 0.527488 0.342682 0.189538 0.174854 0.233699 0.441065 0.337856 0.569540 0.455985 0.385508 0.399566 0.354517 0.429071 
Production times: workers row and ops columns
0.413870 0.418759 0.671148 0.545370 0.958144 0.513929 1.090588 0.105746 0.100000 0.781364 0.296944 0.166886 1.131234 0.659713 0.536730 0.100000 0.315493 0.100000 0.100000 0.361932 0.640021 0.271187 0.204410 0.100000 0.100000 0.357038 0.100000 0.460864 0.100000 0.190200 0.100000 0.923127 0.100000 1.117628 0.421725 0.276537 0.891659 0.178056 0.761536 0.548201 0.272712 0.100000 0.100000 0.100000 1.155738 0.243089 0.960742 0.504258 0.100000 1.037268 1.128751 0.596994 0.100000 0.642292 0.100000 1.038231 0.902110 0.957068 0.937152 0.370820 0.951742 0.337997 0.730274 0.477546 0.100000 0.871153 0.600105 0.218267 0.100000 0.100000 0.174173 0.731187 0.441689 0.247800 1.128299 0.170524 0.936044 1.273711 0.100000 0.100000 0.146913 0.630650 0.578777 0.315535 0.938600 0.247377 1.126963 1.118239 0.753026 0.360686 
0.528704 0.359328 0.427850 0.699217 0.147787 0.605618 0.100000 0.291405 0.100000 0.676905 0.926685 0.500791 0.267661 0.641682 0.501877 0.202914 0.602343 0.738735 0.356591 0.100000 0.100000 0.100000 0.100000 0.100000 0.172954 1.336000 0.286278 0.235599 0.163998 0.325940 0.957515 0.538647 0.340258 0.433939 0.132448 0.737610 1.085578 0.437234 1.183433 0.480989 0.535470 0.100000 0.104583 0.100000 0.836789 0.270097 1.118176 0.890673 0.100000 0.502339 0.100000 0.437107 0.252945 0.100000 0.100000 0.654975 0.494570 0.263338 0.654354 0.717725 0.683687 0.488678 0.727931 0.645218 0.128805 0.100000 0.150723 0.549328 0.767731 0.614957 0.346045 0.100000 0.326016 0.900530 0.556338 0.638294 0.989311 0.438406 0.394925 0.100000 0.100000 0.128371 0.151196 0.784139 0.620697 0.625238 0.100000 0.333137 0.786683 0.340004 
0.558265 1.120015 0.903140 1.133397 0.496116 0.331513 0.100000 0.100000 0.194854 0.494013 0.466688 0.409323 0.954577 0.457703 1.236173 0.100000 1.112859 0.253775 0.937182 0.114385 0.100000 0.598801 0.350080 0.712464 0.777628 1.105091 1.147212 0.100000 0.389845 0.716808 0.549613 0.657343 0.621772 0.100000 0.189161 0.368044 0.100000 0.892902 0.389140 0.100000 0.237474 0.100000 0.394316 0.225297 0.567505 0.660499 0.630896 0.242867 0.725465 1.185572 0.213648 0.348202 0.592134 0.100000 0.767615 0.100000 0.100000 0.100000 0.864661 0.613855 0.574076 0.293596 0.100000 0.100000 0.592467 0.253667 0.342388 0.540982 0.505245 0.100000 1.150189 0.591435 1.125911 1.199413 1.102894 0.381398 1.110283 0.684810 0.840372 0.100000 1.150388 1.232593 0.160505 0.449828 0.394848 0.714693 0.590601 0.344949 0.100000 0.100000 
0.295488 0.310271 0.818500 0.351364 0.612991 0.573023 0.132683 0.100000 0.100000 0.701317 0.452151 1.135586 0.713912 0.625919 0.465723 0.100000 0.971312 0.251299 0.359089 0.100000 0.100000 0.323800 0.670937 0.100000 0.100000 0.176730 0.302202 0.251365 0.100000 0.360718 1.025490 0.298034 0.804893 0.431529 0.407155 0.100000 0.234114 0.212543 0.847077 0.405794 0.783542 0.100000 0.178441 0.100000 0.417739 0.305706 0.548041 0.100000 0.232000 0.411355 0.807388 0.100000 0.828524 0.716740 0.379601 0.288996 0.144153 0.414650 0.377518 0.453967 0.548910 0.100000 0.208578 0.425841 0.473749 0.100000 0.100000 0.847364 0.571185 0.100000 0.623231 0.100000 0.100000 0.411963 0.429302 0.179371 0.678941 0.332583 0.100000 0.100000 0.100000 0.372479 0.100000 0.560476 0.472541 0.172309 0.100000 0.100000 0.208455 0.224291 
0.680541 1.183606 0.514243 0.100000 0.100000 0.959418 0.847071 0.100000 0.537219 0.100000 0.602010 0.552936 1.079595 1.305147 0.100000 0.100000 1.721373 0.628596 0.212865 0.495858 0.587314 0.351312 0.100000 0.590028 1.824850 1.346821 0.100000 0.516607 0.100000 0.100000 0.100000 0.900868 0.328249 0.717179 0.693089 0.845698 0.733119 0.100000 0.837791 0.290102 0.100000 0.100000 0.100000 0.100000 0.743297 0.100000 0.163941 0.591075 0.353393 0.531689 1.538556 0.477398 0.205107 0.100000 1.556793 0.100000 0.685749 0.424582 0.740079 0.168282 0.263566 1.177749 0.884745 0.297202 0.100000 0.201986 0.100000 0.444456 0.291041 0.189739 0.841669 0.639625 0.247801 0.659401 1.606085 0.140379 0.670932 0.686778 0.308405 0.100000 0.100000 0.100000 1.086254 0.100000 0.491775 0.100000 1.185198 0.353340 0.445189 0.100000 
0.433231 0.387184 0.100000 0.256105 0.564441 0.618112 0.748803 0.220031 0.100000 0.512514 0.100000 0.336798 0.100000 0.968114 0.566120 0.100000 0.967451 0.780753 0.394547 0.100000 0.116046 0.352067 0.540188 0.369571 0.100000 0.447764 0.100000 0.436815 0.100000 0.296299 0.574203 0.404410 0.381323 0.100000 0.353341 0.604839 0.489788 0.544713 0.625062 0.100000 0.511967 0.229878 0.608417 0.164930 1.094210 0.100000 0.334863 0.426962 0.775448 0.475508 0.785780 0.100000 0.130495 0.251591 0.524762 0.100000 0.708076 0.873930 0.583832 0.150839 0.474095 0.100000 0.576341 0.697844 0.412126 0.100000 0.100000 0.625324 0.957397 0.204626 0.181019 0.100000 0.299684 0.374821 0.377244 0.296299 0.690566 1.145615 0.100000 0.100000 0.594962 0.148859 0.288259 0.418317 0.950244 0.484723 0.523642 0.494539 0.318795 0.326872 
0.728048 0.492866 0.314118 0.308482 0.647843 0.100000 0.679940 0.732077 0.525402 0.166087 0.158502 0.400793 0.441315 0.861554 0.100000 0.100000 0.106027 0.638573 0.404763 0.423477 0.100000 0.378191 0.100000 0.361365 0.279355 0.836629 0.100000 0.573739 0.182120 0.367046 1.128838 0.100000 0.535848 0.892267 0.597324 0.100000 0.592825 0.793731 0.394166 0.138132 0.205302 0.100000 0.538316 0.100000 0.104160 0.279266 0.867088 0.169522 0.445666 0.692020 0.780187 0.100000 1.013143 0.735642 0.672011 0.100000 0.523763 0.100000 0.100000 0.222740 0.529386 0.400906 0.100000 0.588132 0.450613 0.110973 0.552306 0.198232 0.281355 0.100000 0.712490 0.100000 0.330532 0.100000 0.798944 0.551882 0.776639 0.493478 0.100000 0.262973 0.467057 0.208367 0.100000 0.423464 0.968984 0.100000 0.245198 0.100000 0.100000 0.351881 
0.627678 0.713395 0.402502 0.147730 0.536899 0.611645 0.100000 0.637039 0.100000 0.100000 0.748965 0.234216 1.022765 1.256700 1.260723 0.285805 0.785304 0.713975 0.612706 0.100000 0.100000 0.610414 0.720974 0.185686 0.306782 0.609230 0.196637 0.407028 0.380283 0.100000 0.242534 0.214005 0.998349 0.992365 0.441188 0.311227 0.100000 0.100000 0.598332 0.169697 0.943642 0.156143 0.100000 0.429712 0.582481 0.788487 0.683520 0.100000 0.746714 0.557097 1.227404 0.100000 0.471471 0.648311 0.409563 0.618655 0.401678 0.477514 0.902183 0.739164 0.189565 0.203717 0.100000 1.125072 0.338621 0.129805 0.100000 0.702017 0.461306 0.100000 0.437338 0.142418 0.100000 0.816054 0.752198 0.244069 1.138369 0.478564 0.741862 0.425950 0.100000 0.607183 0.380776 0.350108 0.455904 0.597544 0.736694 0.586064 0.571237 0.847091 
0.705088 0.616381 0.294368 0.307132 0.124443 0.215118 0.348079 1.093400 0.400838 0.713967 0.128746 0.715647 0.100000 1.136950 0.852436 0.149156 0.508553 0.130710 0.100000 0.100000 0.100000 0.449879 0.258879 0.307177 0.385617 1.235984 0.100000 0.100000 0.407226 0.100000 0.455272 0.251589 1.033120 0.841925 0.100000 0.238335 0.245383 0.171781 0.609668 0.122404 0.741894 0.100000 0.100000 0.350524 0.704209 0.259900 0.100324 0.579169 0.100000 0.502277 0.303776 0.166607 0.539664 0.276790 0.100892 0.489764 0.231717 0.100000 1.080936 0.760888 0.692348 0.100000 0.100000 0.583235 0.813796 0.100000 0.100000 0.100000 0.906886 0.100000 0.836085 0.518823 0.226724 0.511161 0.832312 0.891932 0.377957 0.882754 0.567754 0.100000 0.100000 0.258137 0.100000 0.314743 0.847019 0.490789 0.679469 0.417604 0.100000 0.100000 
0.618552 0.100000 0.455611 0.391634 0.373079 0.228523 0.100000 0.531067 0.100000 0.100000 0.682633 0.234954 0.834297 0.637644 0.586945 0.512904 1.497151 0.876092 0.437624 0.960788 0.308796 0.393776 0.645725 1.192901 0.930360 1.112475 0.100000 0.100000 0.100000 0.304879 1.106646 0.745058 0.363866 0.949280 0.100000 0.100000 1.278571 1.059876 0.597533 0.107453 0.416022 0.615678 0.225480 0.100000 0.858589 0.100000 0.100000 1.268077 0.100000 0.373517 0.127659 0.714730 0.727877 0.867109 0.647576 0.100000 1.192763 0.119814 0.953171 0.555109 2.660165 0.592125 0.229812 0.860959 0.474251 1.185488 0.100000 0.100000 0.640180 0.159234 0.137530 0.789327 0.483486 0.836419 0.795193 0.300888 1.305514 0.383223 0.811710 0.100000 0.100000 0.339333 0.520750 0.352379 0.608858 0.399353 0.242224 0.100000 0.816795 0.100000 
0.329950 0.511971 0.627390 0.840064 0.123742 0.692679 0.644049 0.637176 0.100000 0.480469 0.663688 0.907328 0.806607 1.238715 1.099783 0.146242 0.835585 0.308151 0.139392 0.825798 0.100000 0.423697 0.563641 0.100000 0.100000 1.210581 0.211912 0.337140 0.100000 0.100000 0.473279 0.129485 1.072743 1.287849 0.100000 0.519519 0.985525 0.449728 0.879037 0.460083 0.500296 0.189029 0.100000 0.561644 1.078828 0.937193 0.115496 0.100000 0.545678 0.725356 0.234066 0.349250 0.299970 0.680991 0.365764 0.427430 0.825089 0.639906 0.776063 0.519794 0.746940 0.113254 0.540503 0.912298 1.002222 0.100000 0.498193 0.773762 0.834491 0.100000 0.405738 0.326563 0.567158 0.561019 0.780380 0.139124 0.358601 0.648700 0.100000 0.181519 0.179721 0.344294 0.791396 0.364350 0.660527 0.351175 0.336486 0.366846 0.317198 0.266756 
0.123886 0.377278 0.436047 0.465240 0.246528 0.100000 0.808722 0.110089 0.664234 0.706465 0.825102 0.821789 0.960574 0.868672 0.999717 0.456613 0.923765 0.642017 0.846986 0.598379 0.100000 0.346481 0.672005 0.100000 0.168947 0.830264 0.504124 0.800036 0.430440 0.766743 0.642369 0.433435 0.117351 0.798552 0.509379 0.711356 0.783692 0.498917 0.673881 0.873919 0.415979 0.330279 0.100000 1.018308 0.559049 0.795098 0.365281 0.288151 0.145767 0.663545 0.697227 0.100000 0.418841 0.723247 0.292656 0.638070 0.378268 0.373996 1.023976 1.048057 0.811205 0.100000 0.130678 0.499241 0.223672 0.677735 0.608773 0.179586 0.765446 0.587647 0.447468 0.100000 0.100000 1.159785 0.562237 0.534226 0.925134 0.483792 1.053067 0.345362 0.760572 0.218732 0.871305 0.640883 0.697372 0.638077 0.692818 0.545900 0.100000 0.820986 
0.534640 0.913369 0.100000 0.680893 0.100000 1.506884 0.127978 1.003265 0.228262 0.586554 0.883339 0.100000 0.930243 1.014607 1.234595 0.578892 0.511088 0.622884 0.900239 0.694826 0.100000 0.624265 0.100000 0.100000 0.100000 0.528183 0.100000 0.100000 0.100000 0.172750 0.774146 0.563927 0.100000 0.496615 0.959616 0.100000 0.608240 1.533754 0.746577 0.100000 1.019582 0.178528 0.100000 0.385435 0.923420 0.525813 0.100000 0.100000 0.230099 0.615059 0.275633 1.037039 0.100000 0.813920 0.100000 0.716607 0.100000 0.100000 0.937105 0.768507 1.182951 0.100000 1.224060 0.865956 0.562400 0.559471 0.100000 0.560137 0.100000 0.100000 0.100000 0.100000 0.316095 0.100000 1.407176 1.029662 2.125921 0.100000 0.504302 0.100000 0.100000 0.390325 0.135758 0.130184 0.100000 0.690639 0.237211 1.317910 0.100000 0.384716 
0.509994 0.100000 0.100000 0.372057 0.250414 0.149532 0.372676 0.645642 0.461882 0.311111 0.387733 0.338791 0.420275 1.114848 0.574568 0.438621 0.906548 0.100000 0.100000 0.430926 0.100000 0.197624 0.222230 0.270743 0.100000 1.010454 0.100000 0.100000 0.100000 0.595049 0.609194 0.100000 0.816675 1.009317 0.370743 0.761566 0.914290 0.136557 0.494651 0.100000 0.501952 0.279848 0.100000 0.247741 0.479761 0.717568 0.654878 0.100000 0.100000 0.460627 0.673745 0.355775 0.321778 0.447828 0.653486 0.100000 0.469658 0.100000 0.209850 0.113936 0.698337 0.100000 0.100000 0.507026 0.342617 0.100000 0.100000 0.715514 0.383315 0.229461 0.518619 0.341990 0.662872 0.637649 0.935271 0.152597 0.796756 0.841824 0.413287 0.100000 0.100000 0.467416 0.396609 0.100000 0.120861 0.504237 0.856779 0.316189 0.203960 0.100000 
0.803450 0.264989 0.627163 0.155822 0.592232 1.228006 0.202388 0.299168 0.960088 0.287704 0.100000 1.464035 0.905990 1.280758 0.480973 1.063927 0.100000 0.100000 0.743112 0.379605 0.100000 0.864724 0.150348 0.737224 0.100000 1.685400 0.843958 0.582184 0.304759 0.256969 0.322989 0.521725 1.094882 1.587600 1.422780 0.100000 0.100000 0.239904 1.556862 1.327855 0.508427 0.100000 0.100000 0.144348 1.226674 0.703621 1.060899 1.115208 0.437837 1.269411 0.314709 0.142017 1.297196 0.100000 0.781217 0.536193 0.615829 0.472272 0.100000 1.168884 0.610602 0.335053 0.100000 0.974871 1.566100 0.527543 0.100000 0.660918 0.100000 0.742089 0.100000 0.396258 1.179076 0.513114 0.508655 0.469790 0.898915 0.239725 0.840523 0.100000 0.748070 0.100000 0.569330 0.100000 1.037281 0.177550 0.351152 0.381137 0.100000 0.903813 
0.100000 0.626971 0.484018 0.473408 0.430580 1.105914 0.416318 0.242042 0.100000 0.781769 0.234641 0.628807 0.697656 1.210700 0.869634 0.512903 0.718967 0.928312 0.525894 0.722498 0.100000 0.429873 0.351565 0.155722 0.940740 0.695358 0.100000 0.100000 0.462020 0.100000 0.925057 0.100000 0.929379 0.858646 0.485551 0.130227 0.724297 0.670283 0.596796 0.514688 0.959527 0.658688 0.100000 0.144942 1.092612 1.164389 0.100000 0.100000 0.502677 0.206660 0.747977 0.100000 0.100000 0.492078 0.504754 0.314078 0.262147 0.744660 0.405516 0.270468 1.035708 0.381399 0.185740 0.602424 0.281046 0.100000 0.423891 0.386105 0.100000 0.100000 1.163685 0.100000 0.463369 0.684795 1.142409 0.457993 1.045934 0.515750 0.327083 0.403092 0.959437 0.196212 0.875278 0.868905 0.484982 0.393333 0.870895 0.190520 0.507701 0.797594 
0.471994 0.100000 0.242392 0.866185 0.484288 0.869906 0.901826 0.100000 0.408413 0.100000 0.975510 0.100000 0.148687 0.913267 0.100000 1.303488 1.049347 0.525423 0.100000 0.804430 0.100000 0.100000 0.100000 0.100000 0.100000 1.929917 0.640101 0.100000 0.456673 0.361650 0.100000 0.100000 1.061478 0.433203 0.762890 0.930673 0.303209 0.100000 0.496364 0.100409 1.009611 0.100000 0.543952 0.544046 0.826397 0.680737 0.660823 0.100000 0.237757 1.477046 0.100000 0.100000 0.100000 1.036566 0.100000 0.154188 0.100000 0.101567 0.100000 1.284000 0.713120 1.448462 0.235367 0.284475 0.168032 0.100000 0.149884 0.100000 0.648679 0.725728 1.099545 0.100000 0.100000 0.807954 1.070325 0.663674 1.027509 0.437279 0.970376 0.167248 0.100000 0.441221 0.100000 0.100000 0.890096 0.893897 0.100000 0.129664 0.100000 0.352196 
0.735527 0.807167 0.100000 0.520363 0.100000 0.243551 0.580201 0.100000 0.267485 0.100000 0.575034 0.354738 0.165647 1.143442 1.028631 0.346743 0.764108 0.381392 0.100000 0.100000 0.100000 0.192895 0.100000 0.100000 0.558503 0.620251 0.231803 0.511226 0.100000 0.109743 0.610470 0.497812 0.562803 0.100000 0.275461 0.354859 0.792734 0.520656 0.564651 0.100000 0.100000 0.201832 0.100000 0.612395 0.588849 0.323169 0.297481 0.166553 0.100000 0.354751 0.989217 0.787035 0.262905 0.491559 0.161999 0.100000 0.248876 0.100000 0.471105 0.279184 0.570787 0.100000 0.334635 0.425195 0.551040 0.100000 0.467471 0.100000 0.429914 0.311819 1.234829 0.100000 0.100000 0.314943 0.100000 0.286876 0.376464 0.255755 0.423975 0.100000 0.100000 0.100000 0.792986 0.171639 0.682971 0.332805 0.100000 0.100000 0.303334 0.303432 
0.100000 0.703824 0.360333 0.100000 0.104478 0.361424 0.100000 0.100000 0.657097 0.453718 0.787987 0.733891 0.100000 0.438609 0.469024 0.191446 0.576479 0.757980 0.524022 0.100000 0.100000 0.340626 0.319540 0.287313 0.100000 0.863167 0.100000 0.381240 0.100000 0.259514 0.708579 0.354340 0.444671 0.521668 0.100000 0.100000 0.706603 0.100000 0.405254 0.100000 0.147827 0.100000 0.364346 0.100000 0.637411 0.109562 0.813653 0.237479 0.320538 1.108219 0.575971 0.100000 0.273351 0.529522 0.988957 0.340025 0.524106 0.341649 0.839836 0.100000 0.100000 0.696494 0.713856 0.144144 0.100000 0.100000 0.428415 0.368379 0.710642 0.151084 0.457157 0.100000 0.500374 0.857369 0.302406 0.179830 0.366636 0.621886 0.381862 0.110916 0.100000 0.278769 0.503132 0.490580 0.679138 0.824195 0.303094 0.225527 1.232780 0.449775 
0.582538 0.395432 0.100000 0.761587 0.116866 0.100000 0.205933 0.100000 0.100000 0.278136 0.747469 0.682938 0.805940 1.246481 0.807931 0.816771 1.288789 0.281769 1.184813 0.459057 0.387006 0.530024 0.716170 0.149219 1.062532 0.929794 0.667220 0.187396 0.483219 0.741276 0.446268 0.358424 0.580903 0.470742 0.100000 0.534306 0.713660 0.699626 1.094234 0.345370 0.451704 0.465358 0.492434 0.322430 0.956604 0.570783 0.623789 0.504210 0.142737 0.497913 0.128248 0.183534 0.864593 0.733592 0.564548 0.471086 0.601951 0.419043 0.360370 0.817090 0.790843 0.494775 0.660726 0.814616 0.212083 0.100000 0.177402 0.100000 0.569518 0.477511 0.100000 0.304780 0.594486 0.145328 0.693965 0.471239 0.549127 0.436405 0.100000 0.768467 0.100000 0.544492 0.589636 0.448144 1.216735 0.596467 0.371844 0.729052 0.471654 0.380059 
0.750128 0.100000 1.034965 0.646436 0.694815 0.999919 0.234055 0.213179 0.100000 0.377089 0.989820 0.940915 0.107537 0.882776 0.574169 0.135773 0.353005 0.995843 0.715777 0.100000 0.106177 0.996096 0.505894 0.127471 0.669769 1.120940 0.211960 0.100000 0.310526 0.100000 0.876961 0.229526 1.044196 0.368712 1.047688 0.444439 0.621667 0.283493 1.213616 0.934056 0.517212 0.290903 0.768043 0.358287 0.377324 0.663107 0.291639 0.624928 0.581808 0.804812 1.005678 0.294937 0.427498 0.598144 0.694163 0.973680 0.209320 0.532755 0.554304 0.769221 1.073654 0.167875 0.100000 1.061138 0.385214 0.100000 0.382494 0.615960 0.202713 0.391807 0.789115 0.941892 0.573913 1.157964 0.982545 0.868745 0.767548 0.680712 0.336050 0.601034 0.291386 0.483499 1.047264 0.447261 0.442576 0.456438 0.697521 1.053134 0.496603 0.530447 
0.400065 0.139962 0.100000 0.376572 0.588774 0.381216 0.100000 0.100000 0.150557 0.200740 1.095031 0.777821 0.365858 0.827355 0.438476 0.792954 0.503622 0.597711 0.100000 0.339481 0.100000 0.788941 0.281918 0.515686 0.496076 0.694528 0.100000 0.115145 0.378875 0.436289 0.501754 0.180062 0.640797 0.448052 0.100000 0.317647 0.100000 0.396949 0.809591 0.143779 1.210218 0.475423 0.176233 0.100000 0.660675 0.218443 0.312377 0.458339 0.100000 0.134698 0.138670 0.100000 0.545491 1.036061 0.281465 0.100000 0.100000 0.100000 0.130093 0.825293 0.100000 0.383739 0.100000 0.629349 0.100000 0.156889 0.206648 0.572869 0.100000 0.100000 0.169518 0.325314 0.100000 0.845082 0.962780 0.362415 0.893493 0.683804 0.168978 0.161588 0.100000 0.100000 0.759831 0.380241 0.100000 0.100968 0.168184 0.100000 0.746098 0.545510 
0.222208 0.700710 0.787740 0.100000 0.740422 0.100000 0.265545 0.100000 0.100000 0.201150 0.509659 0.162727 0.776810 0.618847 0.715127 0.302474 0.300586 0.100000 0.649916 0.407909 0.100000 0.503456 0.100000 0.100000 0.381289 0.973828 0.100000 0.100000 0.100000 0.185721 0.738779 0.100000 0.540597 0.100000 0.120716 0.359872 0.810023 0.662430 1.052751 0.563041 0.535784 0.329973 0.100000 0.100000 1.007177 0.595425 0.386143 0.100000 0.100000 0.844136 0.501425 0.269474 0.171608 0.507282 1.030888 0.417326 0.100000 0.721488 0.410753 0.100000 0.448320 0.100000 0.100000 0.804575 0.506331 0.100000 0.327142 0.100000 0.584514 0.100000 0.838924 0.100000 0.582981 0.759273 0.301950 0.662299 0.546672 0.221099 0.575286 0.100000 0.230200 0.208621 0.788613 0.181393 0.410603 0.426734 0.100000 0.483245 0.699042 0.443994 
0.874620 0.100000 0.406068 0.472249 0.100000 0.100000 0.239511 0.856616 0.977402 0.100000 0.376290 0.171702 0.256650 0.355700 1.043194 0.526989 0.100000 0.941166 1.062577 1.233637 0.854554 1.507516 0.100000 0.100000 0.295742 0.786309 0.100000 0.100000 0.100000 0.750378 1.103994 0.711673 0.100000 0.100000 0.279108 0.230824 0.619835 0.116776 1.083857 0.941898 0.532391 0.537925 0.100000 0.289451 0.431638 0.294004 0.329870 0.100000 0.178032 0.385045 0.188382 0.100000 0.100000 0.886505 0.571991 0.795197 0.257321 0.936687 0.339691 0.449919 0.100000 0.100000 0.621108 0.100000 0.100000 0.100000 0.100000 0.985371 1.224798 0.307205 1.635613 0.473585 1.537909 0.100000 0.581463 0.460564 0.100000 0.511324 0.100000 0.100000 0.100000 0.100000 0.100000 0.532379 0.100000 0.444823 0.720871 0.150758 0.178536 0.618453 
0.545085 0.474269 0.330014 0.100000 0.493664 0.376299 0.159227 0.461246 0.100000 0.495880 0.461592 1.702844 0.100000 0.126928 0.763120 0.100000 0.950314 0.594398 0.484653 0.363566 0.151143 0.897975 0.348023 0.794905 0.218889 0.869255 0.100000 0.439923 0.100000 0.257941 0.100000 0.528715 1.178267 1.109966 0.100000 0.299517 1.014942 0.100000 0.975730 0.591062 0.100000 0.100000 0.496209 0.100000 2.008337 0.378459 0.263707 0.715824 0.360406 0.164630 1.043961 0.235520 0.898452 0.190452 0.758936 0.100000 1.118857 0.974107 0.558046 0.428992 0.100000 0.100000 0.552351 0.100000 0.992583 0.510341 0.100000 0.499042 0.108238 0.240639 0.556446 0.458491 0.765031 0.100000 1.292777 1.287318 0.100000 0.280418 1.001775 1.134378 0.100000 0.100000 0.100000 0.421204 0.100000 0.492788 0.813160 0.100000 0.176742 0.559424 
