83 Number of operations
23 Number of workers
Standard production times
0.290051 0.119425 0.716550 0.190971 0.451519 0.100000 0.100000 0.336942 0.571636 0.414269 0.100000 0.116889 0.577166 0.526380 0.408052 0.219375 0.435065 0.438886 0.292950 0.555470 0.434268 0.311430 0.740981 0.584869 0.139028 0.323885 0.251275 0.312576 0.314710 0.676281 0.419674 0.326109 0.145356 0.602997 0.103788 0.342580 0.388635 0.242379 0.413542 0.192219 0.347265 0.507650 0.705652 0.791335 0.495640 0.423869 0.228507 0.247610 0.527861 0.409505 1.022967 0.293508 0.469117 0.314897 0.100000 0.751079 0.347161 0.569259 0.817347 0.505296 0.596762 0.100000 0.221035 0.466013 0.609718 0.669980 0.649135 0.261762 0.656215 0.254587 0.240166 0.399291 0.502519 0.366428 0.669267 0.276902 0.251393 0.603187 0.288969 0.487252 0.370662 0.404699 0.348340 
Production times: workers row and ops columns
0.449541 0.255128 0.615352 0.404240 0.588065 0.538845 0.559675 0.492489 0.559050 0.322649 0.327048 0.240092 0.574010 0.639459 0.322052 0.528785 0.400926 0.906239 0.513998 0.833544 0.205794 0.462244 1.063148 0.398759 0.159162 0.433669 0.100000 0.507123 0.668558 0.518427 0.624838 0.100000 0.233747 0.218266 0.540213 0.565250 0.481250 0.109830 0.895669 0.882349 0.100000 0.978499 1.293947 0.992739 0.235860 0.782873 0.274231 0.166434 0.258844 0.674666 1.360809 0.206448 0.725290 0.100000 0.440558 0.865050 0.391190 0.638735 1.178012 0.830419 0.855601 0.241310 0.344381 0.751527 0.779467 0.974745 0.656100 0.100000 1.067862 1.010681 0.472576 0.469244 0.561586 0.430712 0.774490 0.100000 0.196264 0.404079 0.463609 0.498260 0.619225 0.452288 0.744240 
0.454111 0.876635 0.247642 0.100000 0.821965 0.958498 0.125410 0.450042 0.603742 0.913706 0.113808 0.420910 0.581225 0.244613 0.602116 0.470331 0.923032 0.505752 0.207742 0.824299 0.606489 0.495629 0.819047 1.032971 0.349876 0.995283 0.684592 0.610291 0.100000 0.956977 0.645759 0.669394 0.558689 0.582734 0.450990 0.273888 1.075099 0.100000 0.100000 0.100000 0.180098 0.271916 1.392476 0.793386 0.192837 0.858184 0.152550 0.100000 0.890613 0.696514 0.992480 0.815770 0.607847 0.899982 0.350822 1.318721 0.479982 0.303336 1.652157 0.441563 0.637110 0.100000 0.260017 0.638813 0.770267 0.968286 1.286782 0.325622 0.386278 0.100000 0.140440 0.100000 0.850028 0.316964 0.675972 0.376334 0.100000 0.444792 0.591382 0.772814 0.337710 1.047859 0.100000 
0.117557 0.100000 0.100000 1.159735 0.634685 0.100000 1.125587 0.629773 0.786399 0.110769 0.153111 0.100000 0.974679 0.339161 0.475076 0.820403 0.577439 0.570120 0.431200 0.188834 0.852270 1.083109 1.120384 1.027324 0.100000 0.100000 0.100000 0.928702 0.187620 1.376203 0.100000 0.107354 0.193069 1.063722 0.134163 0.448142 0.396899 0.330973 0.100000 0.232682 0.253975 0.479238 0.951820 0.450996 0.453386 0.275188 0.437158 0.639996 0.100000 0.702460 2.055858 0.100000 0.100000 0.100000 0.100000 1.562504 0.353838 0.221912 1.128248 0.205393 1.158468 0.252634 0.915425 0.135340 2.125147 1.082272 0.976425 0.236167 0.293416 0.100000 0.172178 0.100000 0.643857 0.100000 0.979809 0.754962 0.100000 1.199530 0.169998 1.064896 0.589745 0.965863 0.100000 
0.236654 0.845140 0.407532 0.100000 0.100000 0.100000 0.100000 0.131122 1.210900 0.193154 0.261764 0.100000 0.581440 0.442281 0.320962 0.449957 0.100000 0.943950 0.752959 0.457942 0.836964 0.100000 0.472369 0.663001 0.100000 0.100000 0.100000 0.100000 0.784294 0.100000 0.595921 0.207890 0.509263 0.860534 0.100000 0.634903 0.550772 0.253310 0.179205 0.618859 0.140750 1.425009 0.987843 1.860249 0.102873 0.100000 0.585902 0.673962 0.545541 0.100000 0.799019 0.602500 0.377029 0.256905 0.100000 0.284122 0.100000 0.100000 1.701326 0.267609 0.835567 0.100000 0.618299 0.100000 1.070026 0.652296 1.704438 0.100000 0.694405 0.438203 0.856616 0.187862 0.545751 0.100000 0.254183 0.502710 0.803480 0.462319 1.317147 1.367376 0.340336 0.100000 0.100000 
0.100000 0.354178 0.709632 0.100000 0.282889 0.484008 0.100000 0.100000 1.088023 0.330291 0.100000 0.121940 0.482315 0.297638 0.670589 0.454086 0.587323 0.308020 0.537020 0.440559 0.474261 0.521536 0.883634 1.021796 0.174413 0.100000 0.100000 0.617608 0.115325 0.692243 0.100000 0.526373 0.100000 0.940430 0.100000 0.578020 0.490954 0.100000 0.643241 0.100000 0.100000 0.624164 0.418049 0.513182 0.292470 0.100000 0.442005 0.330165 0.407062 0.276988 1.058013 0.723108 0.630408 0.100000 0.233226 0.615448 0.187462 1.029200 0.591665 0.261540 0.100000 0.100000 0.256372 0.157536 0.664342 0.235519 0.318942 0.364133 0.994482 0.332329 0.499516 0.810669 0.714546 0.100000 0.537664 0.365960 0.100000 0.638771 0.100000 0.138663 0.429326 0.100000 0.100000 
0.184735 0.100000 0.633687 0.100000 0.264040 0.100000 0.100000 0.100000 0.498542 0.133922 0.166822 0.525032 0.536227 0.477341 0.100000 0.327385 0.107644 0.100000 0.360182 0.509782 0.666420 0.644293 0.479076 0.523382 0.567152 0.513847 0.365189 0.604437 0.100000 0.767256 0.742450 0.712382 0.100000 0.427495 0.118603 0.155881 0.171090 0.347579 0.207519 0.100000 0.355819 0.280302 0.386193 0.221614 0.699787 0.100000 0.100000 0.100000 0.796548 0.702417 0.576472 0.140218 0.100000 0.518259 0.100000 0.608121 0.557056 0.402535 1.158395 0.144293 0.607519 0.255985 0.100000 0.781907 0.674157 0.100000 1.736716 0.356355 0.588418 0.100000 0.164697 0.161308 0.595825 0.377929 1.125170 0.219577 0.305444 0.614924 0.144422 0.332232 0.600962 0.538707 0.100000 
0.100000 0.199202 1.164982 0.282712 1.075449 0.100000 0.242492 0.100000 0.492935 0.421532 0.353281 0.730088 0.687649 1.062556 0.706556 0.615281 0.395218 0.954384 0.100000 0.804018 0.248649 0.255986 0.402560 0.529965 0.344363 0.403254 0.100000 0.853798 0.515876 1.078701 0.755242 0.226648 0.100000 0.428370 0.571335 0.126516 0.733448 0.158657 0.631475 0.100000 0.797387 0.595750 1.071400 0.948294 0.835059 0.493289 0.551514 0.100000 0.303648 0.727147 1.111213 0.324881 0.515233 0.565415 0.100000 1.004172 0.172424 0.547083 1.212832 0.926671 0.367615 0.451590 0.100000 0.785920 0.140075 0.434847 0.596443 0.311816 1.183299 0.625787 0.812807 0.861273 0.517660 0.386530 1.089959 0.389013 0.304295 0.302626 0.357031 0.100000 0.333827 0.210731 0.656112 
0.246449 0.120710 1.220682 0.100000 0.646516 0.100000 0.226919 0.560021 0.929597 0.244664 0.295897 0.312336 0.671396 0.671385 0.647112 0.438740 0.236261 0.180128 1.144744 1.231408 0.116760 0.546495 1.029212 0.910270 0.281146 0.145823 0.296548 0.265238 0.455022 0.695770 0.480171 0.731674 0.614523 0.348666 0.100000 0.205340 0.855752 0.324569 0.948239 0.148945 0.455065 0.203041 1.196413 0.782552 0.150093 0.346131 0.100000 0.338065 0.661607 0.595929 1.572399 0.303215 0.811354 0.508569 0.142004 0.228039 0.731412 0.518067 0.922733 0.224157 0.781660 0.232409 0.329860 0.525575 1.024484 1.059846 0.966910 1.358085 0.576147 0.240732 0.100000 0.630087 0.396273 0.100000 0.405266 0.398577 0.654329 0.236105 0.205236 0.545446 0.252101 0.664048 0.449540 
0.486431 0.100000 1.277511 0.290858 0.939584 0.100000 0.377012 0.233126 0.386363 0.302964 0.186240 0.151269 1.138928 0.281769 0.180951 0.829432 0.717700 0.100000 0.542131 0.726670 0.100000 0.300561 0.835744 0.904290 0.525376 0.452609 0.661310 0.368694 0.157461 0.496027 0.682468 0.100000 0.448698 0.371025 0.100000 0.594195 0.854017 0.100000 0.271688 0.306937 0.268439 0.866137 0.179735 0.999876 0.723416 0.538593 0.659178 0.100000 0.960446 0.298629 1.340632 0.296246 0.813420 0.649038 0.100000 0.804732 0.419432 0.597896 0.690648 1.160727 0.759491 0.666505 0.150290 0.247474 0.749393 0.601009 1.466179 0.435389 1.101994 0.287316 0.242348 0.490017 0.709234 0.721304 0.732621 0.172646 0.100000 0.680183 0.560858 0.724636 0.465317 0.324657 0.492369 
0.271642 0.175610 0.641298 0.648720 0.232419 0.192768 0.297214 0.699703 1.319578 0.751995 0.399607 0.100000 0.880368 1.673239 0.100000 0.100000 0.327738 0.949510 0.555325 0.316908 0.416273 0.829949 1.077291 1.799308 0.641871 0.500669 0.558638 0.138084 0.100000 0.762260 0.664955 0.100000 0.100000 0.418369 0.236609 0.212347 0.611184 0.291435 0.943706 0.100000 1.175827 1.216487 0.730811 1.116497 0.798914 0.100000 0.310839 0.636698 0.682769 0.935166 1.070465 0.333883 0.100000 0.132628 0.100000 1.603821 0.467414 0.100000 1.016646 0.409294 0.100000 0.339926 0.100000 0.755245 0.129086 0.100000 0.896306 0.100000 0.432865 0.356776 0.546283 0.771733 0.484378 0.100000 1.631175 0.100000 1.153187 0.376925 0.869612 1.022235 0.100000 0.582341 0.726036 
0.561592 0.159744 0.907138 0.172564 0.199975 0.495204 0.100000 0.850869 0.852371 0.246475 0.151641 0.130974 0.415900 0.776809 0.364468 0.808883 0.793332 0.274829 0.387250 0.587442 0.100000 0.690806 1.125923 0.962520 0.101931 0.744581 0.288349 0.693120 0.958468 0.818314 0.100000 0.331038 0.437652 1.068960 0.100000 0.385416 0.558637 0.472878 0.786669 0.100000 0.320221 0.910040 0.923353 1.025850 0.933237 0.555085 0.486908 0.253241 0.224358 0.120928 1.145263 0.333639 0.372736 0.510301 0.100000 0.884481 0.441305 0.417262 0.227885 1.042254 0.791753 0.100000 0.193106 0.684149 0.641276 0.944079 0.457155 0.414312 0.740170 0.299669 0.273858 0.559219 0.882335 0.307392 0.647095 0.425071 0.315348 0.818868 0.604456 0.974609 0.435729 0.100000 0.427452 
0.296212 0.100000 0.570580 0.100000 0.503914 0.100000 0.100000 0.100000 0.212187 0.496893 0.168491 0.471315 0.671543 0.100000 0.100000 0.458593 0.805070 0.267562 0.360591 0.100000 0.100000 0.100000 0.533825 0.328456 0.100000 0.100000 0.355065 0.640840 0.225569 1.185281 0.129353 0.100000 0.161676 0.396558 0.356904 0.100000 0.685443 0.200631 1.083178 0.100000 0.186456 0.451346 0.100000 0.872015 0.539894 0.356665 0.100000 0.100000 0.603847 0.662059 1.401306 0.100000 0.100000 0.133316 0.100000 0.474400 0.502698 0.959640 0.801093 0.897462 0.620024 0.100000 0.100000 0.422094 0.433262 0.527707 0.350567 0.239471 0.560549 0.100000 0.100000 0.100000 0.100000 0.411593 1.036874 0.887821 0.620119 0.241947 0.541542 0.723222 0.100000 0.563085 0.436493 
0.238893 0.106010 0.634043 0.580551 0.230982 0.100000 0.100000 0.319641 0.100000 0.730661 0.100000 0.187627 0.536361 0.370448 0.201480 0.148210 0.380680 0.685465 0.296768 0.415424 0.930237 0.100000 0.238918 0.591250 0.100000 0.100000 0.100000 0.100000 0.554049 0.389906 0.634859 0.364043 0.100000 0.509349 0.132386 0.100000 0.386756 0.100000 0.852918 0.100000 0.590034 0.100000 0.850040 0.774166 0.321535 0.287602 0.100000 0.274511 0.387586 0.100000 0.867223 0.863924 0.383171 0.302134 0.100000 0.703296 0.300545 0.390898 0.976326 0.128372 0.457703 0.151516 0.100000 0.100000 0.677197 0.275332 0.414943 0.100000 0.522996 0.100000 0.100000 0.503585 0.931302 0.159174 0.726064 0.100000 0.181075 0.841513 0.204057 0.142588 0.100000 0.119675 0.244348 
0.640542 0.548431 0.100000 0.100000 0.100000 0.100000 0.762961 0.318752 1.522025 0.100000 0.747091 0.100000 0.373481 0.100000 0.100000 0.100000 0.543231 0.100000 0.172049 0.550869 0.767573 0.361626 0.901644 0.842075 0.130402 0.505559 0.100000 0.100000 1.263465 0.670414 0.100000 1.016048 0.100000 0.279752 0.100000 0.732326 0.100000 0.100000 0.735592 0.284036 0.304051 0.400656 1.278616 1.906472 0.221260 0.708321 1.192907 0.787139 0.184445 0.194165 0.723982 0.100000 0.157164 0.445835 0.100000 1.189179 0.408789 0.370696 1.260391 0.664782 0.729196 0.620019 0.507668 0.411563 1.078496 0.824639 2.107789 0.811106 1.232821 0.900084 0.280086 1.055739 0.514197 0.100000 0.387274 0.540877 0.100000 0.707364 0.100000 0.846360 0.100000 1.340850 0.732249 
0.100000 0.547053 0.548375 0.100000 0.100000 0.170329 0.451357 0.100000 0.172350 0.100000 0.448922 0.518108 0.372625 0.587692 0.307180 0.101186 0.624271 0.471173 0.291797 0.367697 0.578948 0.126828 0.655958 0.550712 0.100000 0.134157 0.100000 0.242937 0.100000 0.220316 0.806713 0.573042 0.312068 1.050443 0.129667 0.215256 0.433288 0.100000 0.100000 0.319810 0.257049 0.100000 0.803213 0.991006 0.596004 0.314780 0.100000 0.179889 0.555938 0.201929 1.103877 0.287837 0.469051 0.100000 0.324328 1.168397 0.126421 0.100000 0.909025 0.265598 0.206658 0.365315 0.100000 0.581241 0.135398 1.008660 0.704101 0.100000 0.601026 0.329213 0.389135 0.547628 0.566538 0.123213 0.768491 0.100000 0.452621 0.765089 0.607193 0.210618 0.326526 0.562184 0.343697 
0.482250 0.239835 1.115262 0.102432 0.653365 0.287879 0.427198 0.415074 0.709830 0.492984 0.210220 0.219397 0.579143 1.474570 0.254879 0.100000 0.296377 0.325870 0.396381 1.084750 1.040783 0.482627 0.100000 0.800177 0.100000 0.273675 0.100000 0.540262 0.226728 1.007917 0.662865 0.354088 0.269524 0.978223 0.100000 0.717266 0.482840 0.423198 0.753314 0.691679 0.603508 0.625162 1.021858 0.427701 1.087329 0.126222 0.599620 0.178361 0.780036 0.474535 1.214044 0.153272 0.100000 0.536894 0.100000 0.656489 0.229564 1.264582 0.742689 0.703340 0.348629 0.656929 0.154155 0.100000 1.523303 0.440535 1.141815 0.581683 0.951869 0.285142 0.396926 0.866472 0.512240 0.541821 1.047754 0.401918 0.223898 1.138691 0.491475 0.549700 0.237894 0.203019 0.716475 
0.674831 0.100000 0.631903 0.580437 1.278811 0.845106 0.482560 0.848941 0.513410 0.746629 0.100000 0.100000 0.773457 1.276762 0.732441 0.401524 0.484039 0.142153 0.573809 0.550742 0.605981 0.144630 0.877357 0.223761 0.390200 0.819803 0.625460 1.046723 0.512076 0.927890 0.674134 0.162190 0.891326 0.999571 0.130940 0.171731 0.663088 0.599643 0.554907 0.348041 0.390829 0.606826 1.206194 1.311521 0.145587 0.565533 0.100000 0.100000 0.803647 0.257034 0.176959 0.587053 0.953759 1.026530 0.100000 1.284713 0.100000 0.356239 1.073037 0.746756 1.092887 0.487007 0.296564 1.024787 0.915663 1.285106 0.507852 0.451838 0.627336 0.596361 0.274301 0.423735 0.204572 0.558889 1.103914 0.679360 0.100000 0.217294 0.990511 0.530964 0.425980 0.854299 0.507333 
0.100000 0.100000 0.553596 0.660119 0.100000 0.390367 0.100000 0.155573 1.030510 0.121407 0.250518 0.100000 0.100000 0.376574 0.658730 0.100000 0.499891 0.395452 0.207000 0.330221 0.373802 0.100000 0.506484 0.100000 0.119937 0.330283 0.100000 0.452968 0.333459 0.664353 0.211253 0.367946 0.361618 0.304864 0.100000 0.599283 0.100000 0.100000 0.100000 0.146741 0.292977 0.556602 0.628445 1.152549 0.868375 0.671572 0.100000 0.256684 0.168000 0.159292 0.615958 0.196721 0.532354 0.238505 0.100000 0.193269 0.100000 0.235967 0.952628 0.309511 0.440162 0.100000 0.450089 0.856847 0.637836 0.495488 0.969885 0.293234 0.429886 0.457759 0.202335 0.100000 0.590591 0.356375 0.100000 0.100000 0.192283 0.708194 0.371543 0.100000 0.166559 0.504676 0.100000 
0.415636 0.283424 1.093677 0.100000 0.595015 0.805437 0.100000 0.342070 0.957833 0.285326 0.547086 0.379049 0.204944 0.656558 0.100000 0.605140 0.100000 0.100000 0.100000 0.414548 0.928750 0.405952 0.928282 1.007339 0.100000 0.250387 0.100000 0.648047 0.904693 0.853904 0.332690 0.270000 0.100000 0.922341 0.100000 0.366190 0.137947 0.100000 0.100000 0.100000 0.512688 0.512305 0.738580 0.569921 0.316136 0.203558 0.391877 0.961907 0.586949 0.100000 1.504754 0.100000 0.736377 0.282101 0.224325 1.880878 0.222903 0.493255 1.029917 0.598712 0.574941 0.100000 0.498183 0.889226 0.424093 0.429050 1.298107 0.100000 0.970815 0.486325 0.100000 0.727139 0.271554 0.139562 0.352402 0.627187 0.216589 1.028763 0.145927 0.771651 0.892885 0.478895 0.110704 
0.918419 0.488972 0.523556 0.100000 0.809287 0.915453 0.924297 0.553337 0.476121 0.100000 0.100000 0.100000 1.644442 0.512898 1.600255 0.182127 0.100000 1.369669 0.100000 0.336516 1.258543 1.040816 0.100000 0.585397 0.100000 0.593454 1.157363 0.100000 1.061321 0.211959 1.505809 0.100000 0.100000 0.751476 0.100000 1.117384 0.100000 0.549355 0.100000 0.247110 0.342001 0.313530 0.950262 0.232919 1.256573 0.525093 0.100000 1.250391 0.754218 1.186288 0.934498 0.100000 0.259258 0.100000 0.100000 0.509716 0.451667 0.100000 0.844238 0.275505 0.913516 0.100000 0.100000 1.295212 0.100000 1.039007 1.314388 0.256717 1.150470 0.775307 1.025044 0.215375 0.446369 0.768489 0.296445 0.300927 0.100000 0.100000 0.456426 1.338467 0.184630 0.446847 0.121787 
0.230882 0.341305 1.281303 0.338914 0.100000 0.100000 0.392049 0.331956 0.288497 0.100000 0.100000 0.386917 0.470458 0.100000 0.569826 0.212406 0.247725 0.521201 0.100000 0.744642 0.100000 0.100000 0.227916 0.359901 0.100000 0.115091 0.152705 0.378851 0.258670 0.651839 0.800971 0.146161 0.100000 0.788412 0.554549 0.298767 0.540495 0.100000 0.369245 0.283326 0.360837 0.245741 1.094841 0.743180 0.674700 0.445603 0.390609 0.427586 0.363014 0.559609 1.571103 0.793205 0.598329 0.721074 0.100000 1.092798 0.269624 0.100000 0.766910 0.698185 0.287954 0.581139 0.525803 0.100000 0.812445 0.603572 0.383631 0.100000 0.422716 0.100000 0.100000 0.507098 0.830302 0.703929 0.397259 0.141727 0.100000 0.812188 0.100000 0.100000 0.100000 0.380141 0.151995 
0.199970 0.100000 0.686534 0.100000 0.249711 0.173284 0.100000 0.564934 0.247768 0.586147 0.439987 0.100000 0.556945 0.493937 0.468753 0.235752 0.775911 0.492896 0.452301 0.554928 0.100000 0.341438 0.571994 0.294343 0.100000 0.202766 0.100000 0.824477 0.693742 0.496202 0.532421 0.573197 0.100000 1.057467 0.280421 0.212067 0.100000 0.100000 0.409150 0.100000 0.241039 0.171456 0.679729 0.553845 0.100000 0.221376 0.100000 0.100000 0.854814 0.286690 0.824907 0.418620 0.344338 0.445085 0.100000 0.340083 0.410730 0.916828 0.726350 0.470226 0.249729 0.100000 0.100000 0.317941 0.726402 0.100000 0.613043 0.100000 0.362240 0.496039 0.228798 0.579380 0.100000 0.143363 0.433167 0.100000 0.283463 0.771964 0.100000 0.100000 0.100000 0.648981 0.100000 
0.287279 0.189011 0.716887 0.100000 0.663497 0.314908 0.482398 0.369316 0.582510 0.338612 0.646442 0.519160 0.665050 0.821072 0.332299 0.935718 0.357595 0.424979 0.281641 1.165841 0.578548 0.736755 0.807952 0.320977 0.471672 0.235948 0.100000 0.287753 0.604207 1.305567 0.103431 0.100000 0.524403 0.793013 0.100000 0.568089 0.707468 0.916000 0.474439 0.676159 0.311738 0.454749 0.932784 0.556845 0.205052 0.812827 0.100000 0.381615 0.530438 0.397599 0.723275 0.100000 0.370844 0.100000 0.100000 0.877490 0.224633 0.347501 1.004359 0.376745 0.408902 0.110254 0.406682 1.198637 1.193787 0.390966 0.351860 0.381177 0.923314 0.315075 0.991866 0.852412 1.094536 0.341067 0.500203 0.100000 0.317258 0.325682 0.198831 0.458021 0.753947 0.362836 0.100000 
