70 Number of operations
24 Number of workers
Standard production times
0.395487 0.532490 0.222502 0.307822 0.261232 0.472611 0.856732 0.348992 0.510849 0.592732 0.929213 0.391227 0.206876 0.575733 0.100000 0.623915 0.189126 0.198222 0.386496 0.383715 0.967043 0.350765 0.541102 0.253267 0.159032 0.456081 0.295062 0.100000 0.627160 0.519564 0.619080 0.716055 0.419631 0.380416 0.100000 0.410165 0.555420 0.278717 0.305743 0.100000 0.571778 0.269913 0.412373 0.663896 0.543813 0.237312 0.591981 0.366152 0.400966 0.541476 0.611755 0.607141 0.514341 0.395286 0.100000 0.249166 0.430479 0.769328 0.427803 0.599307 0.100000 0.665435 0.232499 0.665336 0.283636 0.157893 0.336602 0.575480 0.716322 0.403792 
Production times: workers row and ops columns
1.073903 0.751767 0.473246 0.325033 0.100000 1.772910 1.773480 0.100000 0.373925 0.182742 1.238853 0.104787 0.334125 1.271529 0.100000 0.824672 0.100000 0.100000 0.356295 0.747092 0.771953 0.590042 0.571066 0.100000 0.295228 0.637803 0.100000 0.215804 0.274062 0.296073 0.100000 0.750591 0.190512 0.104287 0.355512 0.800385 0.626661 0.100000 0.740694 0.100000 0.391731 0.287058 0.801972 0.560093 0.306345 0.212043 1.573139 0.100000 0.389603 0.628176 1.060707 0.441612 1.359001 0.343517 0.100000 0.818521 0.100000 1.063796 0.202552 0.904919 0.679614 1.254497 0.179304 0.780541 0.194998 1.015250 0.514728 0.393176 0.100000 0.691101 
0.550346 0.447489 0.704006 0.598680 0.695973 0.517879 1.075377 0.418784 0.497745 1.121007 1.187748 0.100000 0.735948 0.571307 0.571527 1.046659 0.558561 0.100000 0.273716 0.443718 1.011651 0.369316 0.513184 0.564009 0.601928 0.323724 0.836253 0.100000 0.920961 0.497931 1.177890 0.328196 0.432174 0.386523 0.346577 0.486695 0.827764 0.155539 0.778265 0.100000 0.303145 0.557781 0.423364 1.248958 0.479254 0.119439 0.475016 0.915162 0.936981 0.430762 0.605794 0.295886 0.836300 0.632836 0.100000 0.100000 0.235962 0.355433 0.835757 0.714182 0.352988 0.539598 0.499592 0.624618 0.304407 0.100000 0.194086 1.412809 0.901242 0.479589 
0.100000 0.930444 0.174574 0.100000 0.100000 0.100000 0.427050 0.678801 0.824063 0.100242 0.626444 0.178842 0.540354 0.100000 1.382311 0.174230 0.100000 0.100000 0.100000 0.173665 0.816362 0.934105 0.675189 0.164259 0.100000 0.100000 0.649617 0.100000 0.192732 0.464842 0.100000 0.790190 0.618824 0.676761 0.763324 0.100000 0.100000 0.357485 0.682247 0.100000 0.920092 0.587742 0.602534 0.100000 0.844185 0.122289 1.220195 0.100000 0.475220 0.485722 0.833082 0.819315 1.110972 0.726688 0.455184 0.470405 0.427679 0.988320 0.982458 0.100000 0.175319 0.447418 0.614665 1.797431 0.140492 0.426781 0.156291 1.712334 0.604106 1.420321 
0.582798 0.473945 0.100000 0.652176 0.100000 0.734656 0.406815 0.874635 1.142340 0.668094 1.364884 0.453847 0.100000 0.370079 0.642595 0.777730 0.666948 0.494955 0.631422 0.772622 0.971011 0.326843 0.967000 0.243294 0.255046 0.392954 0.100000 0.430887 1.396112 0.100532 0.842438 0.890939 0.398841 0.383466 0.154087 0.100000 0.259259 0.425014 0.333632 0.100000 0.469714 0.324260 0.359009 0.806212 0.352867 0.146058 1.061263 0.100000 0.809117 0.805433 1.393832 0.471903 0.518661 0.399893 0.385247 0.398573 0.420132 0.556064 0.223882 0.717233 0.120143 0.854719 0.100000 0.419111 0.309420 0.197454 0.491184 0.742266 0.862924 0.100000 
1.597986 0.854484 0.100000 1.334028 0.100000 1.329354 0.681992 0.296155 0.100000 1.334171 0.778685 0.100000 0.653504 0.270292 0.424851 0.532148 0.100000 0.100000 0.142702 1.242887 0.133653 0.382649 0.283352 0.718305 0.534314 0.100000 0.100000 0.100000 1.330755 0.528851 0.417767 0.281782 0.100000 1.020500 0.660159 0.731525 1.372724 0.100000 0.100000 0.100000 0.100000 0.688101 1.300627 0.850776 0.100000 0.100000 0.263660 0.171165 0.100000 0.692294 1.441335 1.561681 0.993190 0.135868 0.100000 0.692379 0.340108 0.587988 0.100000 0.570226 0.426194 0.318307 1.109314 1.797236 0.100000 0.100000 0.164723 1.270999 0.100000 1.352378 
0.275771 0.757815 0.100000 0.100000 0.757905 0.100000 0.889171 0.144145 0.542368 0.563212 0.661715 0.642587 0.750878 0.560722 0.532288 0.100000 0.100000 0.100000 1.351387 0.100000 0.405361 0.292323 1.065947 0.100000 0.100000 1.217132 0.830265 0.100000 0.870354 0.100000 0.100000 1.121698 0.572122 0.100000 0.100000 1.122380 0.709868 0.100000 0.414475 1.141377 0.621599 0.662171 0.100000 0.341439 0.583459 0.475619 0.100000 0.100000 0.100000 0.100000 0.380771 1.013964 0.747561 0.614084 0.100000 0.756557 0.603934 1.037941 0.314940 0.265787 0.238228 1.097437 0.905187 2.760476 0.100000 0.100000 0.287487 0.337812 0.491803 0.257695 
0.100000 0.450965 0.536915 0.100000 0.100000 0.440279 1.101096 0.212655 0.579489 0.806130 1.464905 0.100000 0.717587 1.097813 0.491089 0.320744 0.100000 0.567230 1.570290 0.467683 0.928089 0.572326 0.654688 0.288152 0.603823 1.036525 0.766066 0.100000 1.185227 0.331267 0.574528 0.525039 0.895094 0.381952 0.100000 0.100000 1.054647 0.504782 0.100000 0.100000 0.465232 0.100000 0.630000 1.020756 0.547941 1.076184 0.128890 0.577862 1.352392 0.713630 0.611938 0.211350 1.024412 0.203047 0.561022 0.142602 1.192294 1.032118 0.100000 1.537609 0.396356 0.686998 0.405924 1.072547 0.100000 0.161636 0.429718 0.134904 0.959513 0.100000 
0.459483 0.100000 0.352224 0.610943 0.100000 1.371873 1.611587 0.562502 0.643903 0.881787 0.100000 0.100000 0.100000 0.890019 0.100000 1.123291 0.524166 0.678593 0.100000 0.100000 1.560600 0.100000 0.796356 1.432091 0.100000 0.232673 0.100000 0.776608 0.389064 0.100000 0.491843 0.587251 0.717157 0.100000 0.100000 0.363719 0.575252 0.100000 0.100000 0.100000 0.100000 0.100000 0.432181 0.950845 0.138085 0.610259 0.100000 0.727983 1.142003 0.105255 0.623332 0.711735 0.755607 1.062619 0.100000 0.356893 0.546711 0.100000 1.181163 0.423296 0.284376 0.100000 0.100000 0.957598 0.215635 0.100000 0.284022 0.100000 0.606909 0.100000 
0.884962 0.100000 0.100000 0.919154 0.512563 0.815177 0.873062 0.331328 0.322215 0.964637 0.805049 0.100000 0.671331 1.368152 0.100000 0.655864 0.198140 0.606851 0.800916 0.187103 0.891275 0.328026 0.934521 0.100000 0.600544 0.298550 0.100000 0.623093 0.976534 0.826865 0.838759 0.804803 0.629315 0.345283 0.744717 0.100000 0.346176 0.100000 0.113239 0.232631 0.549759 0.456929 0.112257 1.103682 0.498334 0.100000 0.694999 0.100000 0.187728 0.380439 0.560759 0.909455 0.590325 0.100000 0.238998 0.273665 0.293394 1.192167 0.671518 1.235393 0.100000 0.432859 0.411104 0.889638 0.100000 0.217488 0.160766 0.944999 0.985726 0.100000 
0.808371 0.165022 0.100000 0.100000 0.236824 1.089749 1.128337 0.491776 0.412019 0.916071 0.843026 0.100000 0.323192 0.555195 0.728598 1.052740 0.814084 0.873089 0.100000 0.141184 0.393908 0.100000 0.784294 0.100000 0.100000 1.128683 0.100000 0.425217 0.551166 0.905060 0.750183 0.375501 0.100000 0.100000 0.660715 1.413181 1.691374 0.100000 0.100000 0.100000 0.780554 0.430877 0.992069 0.588079 1.653113 0.100000 1.216160 1.188077 0.683237 0.401862 1.138347 0.427323 1.682797 0.814564 0.169973 0.320354 1.553345 0.302352 0.684360 0.100000 0.999303 0.357945 0.100000 0.259655 0.100000 0.100000 0.675688 0.636362 0.444258 0.994826 
0.100000 0.529240 0.100000 0.266174 0.100000 0.100000 0.820359 0.100000 0.584431 0.100000 1.172936 0.100000 0.100000 0.955368 0.100000 0.511953 0.100000 0.307565 0.588447 0.100000 0.973628 0.100000 0.799485 0.388741 0.100000 0.387319 0.122157 0.100000 0.911760 0.105372 1.127709 0.439928 0.270079 0.378851 0.543166 0.100000 0.661969 0.100000 0.100000 0.372399 0.430952 0.287429 0.100000 0.827549 0.100000 0.100000 0.508125 0.367230 0.292513 0.522478 0.311602 0.463920 0.924919 0.100000 0.100000 0.100000 0.239320 0.773919 0.100000 0.776479 0.100000 0.876862 0.681878 0.623406 0.714081 0.272205 0.735277 0.451806 0.484093 0.282826 
0.100000 0.100000 0.100000 0.307238 1.264322 0.166510 1.515230 0.100000 0.384111 0.100000 1.080158 0.100000 0.100000 0.326478 0.288852 0.957843 0.429217 0.245816 0.472374 0.309543 1.096713 0.586170 0.100000 0.100000 0.681970 0.604895 0.100000 0.100000 0.924981 1.305713 0.248458 1.397452 0.163116 0.953365 0.100000 0.100000 0.642304 0.100000 0.287236 0.178319 0.887664 0.215408 0.100000 0.842686 1.140941 0.259857 0.639414 0.100000 1.120362 0.693320 0.464785 0.793272 0.477954 0.639607 0.100000 1.499849 0.100000 0.100000 0.451586 0.502194 0.349131 0.882468 0.100000 0.617494 0.579368 0.100000 0.602176 1.349939 0.542270 0.100000 
0.224643 0.665412 0.195302 0.413928 0.100000 0.465932 0.512953 0.639275 0.558254 0.653059 1.070333 0.458043 0.100000 0.382736 0.453492 0.407315 0.388548 0.100000 0.811461 0.466537 0.938276 0.355543 0.308262 0.100000 0.111749 0.249637 0.282794 0.188664 0.751427 0.507528 0.314235 0.871810 0.628520 0.126435 0.419833 0.424910 0.434066 0.519213 0.100000 0.100000 0.966293 0.384021 0.158368 0.842446 0.130758 0.615344 0.190512 0.127261 0.750973 0.194587 0.802522 0.667097 0.100000 0.519768 0.176740 0.355349 0.556663 0.441524 0.399934 0.827246 0.217465 0.654483 0.289550 0.758256 0.496954 0.100000 0.221441 0.790567 0.774779 0.753900 
0.367093 0.596820 0.234176 0.325621 0.370641 0.562474 0.482106 0.636749 0.713497 0.181776 0.835967 0.100000 0.399405 0.309620 0.100000 0.824669 0.457774 0.649111 0.272730 0.364553 0.641910 0.635255 0.527440 0.336489 0.798962 0.132553 0.824950 0.100000 1.086296 0.507442 0.382641 1.075594 0.358911 0.622844 0.409292 0.368118 1.060217 0.473787 0.100000 0.273642 0.789431 0.100000 0.263642 0.501169 0.582776 0.324894 0.653958 0.446299 0.564255 0.455100 1.158189 1.228216 0.614343 0.237838 0.347067 0.270354 0.995274 1.303009 1.097512 0.728374 0.590402 0.519206 0.385569 0.819534 0.100000 0.100000 0.381777 0.879429 0.737591 0.737242 
0.219029 0.292042 0.541456 0.100000 0.100000 0.100000 0.545314 0.100000 0.644468 0.597855 0.835843 0.100000 0.275118 0.100000 0.100000 0.274881 0.100000 0.136687 0.100000 0.396567 1.306861 0.432746 0.459860 0.100000 0.679408 0.400094 0.100000 0.377072 0.842818 0.100000 0.146122 0.474162 0.438055 0.638469 0.257212 0.551600 0.320358 0.100000 0.496932 0.100000 0.718922 0.265665 0.130433 0.589013 0.688749 0.177237 0.155676 0.571638 0.534206 0.301187 0.247764 0.321539 0.471182 0.297949 0.210088 0.493046 0.254337 0.100000 0.100000 0.607687 0.100000 0.715756 0.130445 0.340372 0.370614 0.100000 0.124887 0.534911 0.764706 0.483517 
0.100000 0.610843 0.183130 0.100000 0.461882 0.100000 1.029038 0.536489 0.599634 0.100000 0.714976 0.379876 0.100000 0.653894 0.100000 0.904118 0.100000 0.100000 0.351573 0.367348 0.251930 0.326211 0.678218 0.829092 0.685143 0.484364 0.531398 0.100000 0.708578 0.289203 0.314873 1.128877 0.331575 0.100000 0.272232 0.100000 1.124791 0.684085 0.100000 1.064998 0.730612 0.224110 0.751406 0.499042 0.100000 0.100000 1.190510 0.492141 0.227434 0.100000 0.780772 0.609607 1.070018 0.100000 0.178655 1.053318 1.599006 0.838516 0.553490 0.217726 0.543955 1.320417 0.100000 2.093830 0.130714 0.530055 0.100000 0.100000 0.100000 0.441438 
0.451809 0.692100 0.100000 0.611115 0.279670 1.244904 1.079432 0.580597 0.436219 0.580970 1.061829 0.756269 0.200979 0.782326 0.100000 0.595423 0.100000 0.527460 0.887371 0.320673 0.886019 0.459553 0.744901 0.100000 0.641042 0.266242 0.271067 0.100009 0.537693 0.854140 0.674612 0.832184 0.100000 0.470586 0.426703 0.117288 0.630939 0.279561 0.579372 0.118248 0.611480 0.489260 0.755573 0.364526 1.032162 0.495224 0.728327 0.622599 0.747569 0.728945 0.500474 0.677745 0.218948 0.503064 0.303744 0.308846 0.407116 1.181900 1.007169 0.633952 0.156867 0.761465 0.259544 0.410047 0.525807 0.100000 0.273650 1.538093 1.489740 0.696772 
0.304781 0.700675 0.432280 0.748032 0.512989 0.829142 1.305294 0.617494 0.722988 1.326937 1.386535 0.539104 0.112600 0.594117 0.261413 0.891268 0.600127 0.605714 0.489796 0.140008 1.100591 0.934464 0.861679 0.100000 0.484996 0.441139 0.648626 0.278329 0.694424 0.463304 0.732988 0.544172 0.559463 0.100000 0.100000 0.100000 0.365420 0.300321 0.543576 0.283523 0.585330 0.281639 0.243576 0.498090 0.915840 0.100000 0.910789 0.434524 0.100000 1.093718 0.722339 0.332313 0.420472 0.929692 0.100000 0.314875 0.657751 0.508081 0.379255 1.121724 0.100000 0.342306 0.100000 0.516771 0.205025 0.100000 0.517293 0.586347 0.852192 0.329615 
0.100000 0.826567 0.100000 0.100000 0.273824 0.100000 0.797908 1.251820 0.220933 1.337286 0.867098 0.100000 0.100000 0.628681 0.100000 0.617758 0.100000 0.624793 0.298032 0.176066 1.054855 0.810442 0.100000 0.100000 0.100000 1.000903 0.100000 0.342024 0.214442 0.911923 0.624213 0.929990 0.543988 0.161612 0.100000 0.421167 0.376605 0.100000 1.002545 0.100000 0.683118 0.458065 0.744009 1.317701 0.100000 0.257633 0.701116 0.522918 0.886196 1.244303 0.802681 0.100000 0.100000 0.100000 0.100000 0.143136 0.342326 0.100000 0.182567 0.803133 0.689481 1.379703 0.257929 0.100000 0.100000 0.248225 0.313318 1.050295 0.570324 0.148393 
0.903448 0.802599 0.368664 0.187731 0.826725 0.237618 1.214567 1.049132 0.453300 0.700203 0.946520 0.508662 0.453750 0.785955 0.324482 0.509396 0.511463 0.327286 0.422559 0.611281 0.769490 0.100000 0.827503 0.566767 0.148051 0.865900 0.321232 0.100000 0.439532 0.305872 1.209663 1.115088 1.033815 0.563312 0.100000 0.593804 0.634169 0.488461 0.845221 0.100000 1.072902 0.100000 0.415874 0.291270 0.701373 0.713957 0.586945 0.915709 0.952746 0.100000 0.780126 0.355594 0.606027 0.609261 0.198216 0.100000 0.556193 0.732218 0.100000 0.326228 0.100000 0.887899 0.182792 0.100000 0.324582 0.100000 0.100000 0.917466 0.646081 0.201074 
0.133382 0.861711 0.154711 0.115071 0.139278 0.346891 1.193400 0.100000 0.514488 0.508428 0.336036 0.421989 0.322817 0.430188 0.100000 0.653537 0.317213 0.100000 0.100000 0.324592 0.977348 0.237781 0.479623 0.100000 0.100000 0.753396 0.100000 0.189496 0.347989 0.318400 0.252966 0.901681 0.390575 0.100000 0.100000 0.403542 0.493424 0.100000 0.100000 0.162388 0.573307 0.800830 0.400355 1.021500 0.100000 0.100000 0.834715 0.100000 0.358890 0.385130 0.630081 0.100000 0.100000 0.348453 0.265922 0.366294 0.190690 0.940681 0.100000 0.147809 0.744730 0.410224 0.100000 0.947757 0.100000 0.100000 0.417788 0.482767 0.727197 0.495182 
0.329487 0.706153 0.434085 0.587811 0.853421 0.542369 0.639633 0.344165 0.359760 0.100000 0.671293 0.100000 0.100000 0.590160 0.100000 0.470932 0.102464 0.100000 0.624947 0.467560 0.781126 0.479882 0.900027 0.100000 0.255272 0.199858 0.119021 0.100000 0.437692 0.186200 0.197486 0.645846 0.333747 0.168234 0.217973 0.100000 0.149809 0.100000 0.100000 0.100000 0.926737 0.330311 0.984620 0.682710 0.569283 0.332221 0.750817 0.253698 0.375631 0.707921 0.323183 0.773164 0.848273 0.328199 0.100000 0.561735 0.100000 0.600151 0.494270 0.734557 0.100000 0.194092 0.100000 0.215895 0.100000 0.100000 0.100000 0.686568 0.347980 0.100000 
0.658015 1.170645 0.993020 0.100000 0.545958 0.100000 1.339032 0.100000 1.265241 0.585418 1.310851 0.136567 0.566313 0.544532 0.256237 0.100000 0.100000 0.100000 0.667599 0.718626 0.615872 0.217491 1.290364 0.100000 0.100000 0.960741 0.349412 0.100000 0.753127 0.187296 0.324983 1.414623 1.174148 0.310018 0.100000 0.864265 0.101156 0.100000 0.512952 0.100000 0.484335 0.100000 0.100000 0.589359 0.725995 0.100000 0.620949 0.100000 1.548723 0.100000 0.503539 0.100000 0.396106 0.271942 0.546204 0.611735 0.611371 0.695180 0.510572 0.954459 0.245444 0.746379 1.337237 0.700406 0.481036 0.100000 0.376090 0.555131 0.208132 0.633204 
0.196237 0.823489 0.365523 0.366117 0.952697 0.100000 0.736990 0.659409 0.585417 0.505879 1.585563 0.980034 0.593929 0.936933 0.173233 0.906776 0.119650 0.100000 0.100000 0.220132 1.653251 0.321436 0.841251 0.521555 0.100000 0.618101 0.450647 0.100000 0.862373 0.587889 0.984452 0.764771 0.568510 0.215244 0.100000 0.944363 0.736094 0.100000 0.290112 0.470474 0.204843 0.349121 1.173727 0.937428 0.698135 0.456644 0.877982 0.100000 0.841527 0.893399 0.736221 0.608876 0.486158 0.100000 0.100000 0.323401 1.001638 0.589771 0.630653 1.227467 0.100000 0.585852 0.354153 1.158530 0.100000 0.595967 0.782759 0.493856 1.109982 0.127481 
