92 Number of operations
25 Number of workers
Standard production times
0.395487 0.532490 0.222502 0.307822 0.261232 0.472611 0.856732 0.348992 0.510849 0.592732 0.929213 0.391227 0.206876 0.575733 0.100000 0.623915 0.189126 0.198222 0.386496 0.383715 0.967043 0.350765 0.541102 0.253267 0.159032 0.456081 0.295062 0.100000 0.627160 0.519564 0.619080 0.716055 0.419631 0.380416 0.100000 0.410165 0.555420 0.278717 0.305743 0.100000 0.571778 0.269913 0.412373 0.663896 0.543813 0.237312 0.591981 0.366152 0.400966 0.541476 0.611755 0.607141 0.514341 0.395286 0.100000 0.249166 0.430479 0.769328 0.427803 0.599307 0.100000 0.665435 0.232499 0.665336 0.283636 0.157893 0.336602 0.575480 0.716322 0.403792 0.756102 0.159809 0.168989 0.100000 0.420959 0.465930 0.486587 0.338208 0.671367 0.487711 0.500298 0.406885 0.239311 0.920120 0.766699 0.107835 0.345230 0.236004 0.523856 0.285424 0.450900 0.678319 
Production times: workers row and ops columns
0.287337 0.425931 0.100000 0.480548 0.100000 0.162861 0.684132 0.100000 0.767477 0.543881 1.028989 0.100000 0.319076 0.227683 0.336998 0.696448 0.100000 0.174812 0.262519 0.204934 0.689964 0.286270 0.930820 0.100000 0.147468 0.285106 0.788704 0.100000 0.775444 0.100000 0.498504 0.795616 0.214559 0.100000 0.120901 0.100000 0.278626 0.188659 0.150921 0.100000 0.762162 0.387471 0.316995 1.024808 0.409792 0.229736 0.991472 0.228863 0.223707 0.764674 0.456190 0.856683 0.502492 0.100000 0.100000 0.100000 0.537440 0.615066 0.570440 0.540225 0.100000 1.136218 0.100000 0.575186 0.490831 0.109594 0.508005 0.616270 0.538258 0.370719 0.313054 0.100000 0.162721 0.117796 0.583202 0.100000 0.527498 0.367265 0.770984 0.133122 0.353605 0.100000 0.255471 0.734937 0.959371 0.309685 0.100000 0.477301 0.605223 0.100000 0.551760 0.538991 
0.120323 1.105020 0.219897 0.713482 0.517586 0.394035 0.449166 0.390344 0.841180 0.491364 0.889875 0.587430 0.265243 1.044500 0.230967 0.405061 0.100000 0.133429 1.062779 0.197583 1.141249 0.308834 0.828142 0.456832 0.100000 0.541916 0.100000 0.271786 1.459358 0.716371 0.569977 1.097946 0.680745 0.751067 0.378726 0.621453 0.468916 0.440348 0.100000 0.577953 0.703846 0.761025 0.241910 0.100000 0.460049 0.100000 0.603496 0.454596 0.267971 0.568193 1.131348 0.471275 0.505350 0.331464 0.211202 0.975453 0.100000 0.527777 0.558477 0.771020 0.100000 0.778710 0.100000 1.007064 0.170637 0.100000 0.100329 0.500168 0.583945 0.502025 0.137429 0.100000 0.100000 0.100000 0.314818 0.295366 0.692116 0.224700 0.360568 0.902726 0.517762 0.783129 0.488493 1.735395 1.018542 0.146028 0.512172 0.404334 0.842162 0.381495 0.434541 0.611508 
1.104192 0.649759 0.100000 0.100000 0.255376 0.995973 1.388828 0.720251 0.479336 1.032877 1.362393 0.192118 0.138876 0.979141 0.100000 0.393192 0.438451 0.100000 0.359047 0.286985 0.880375 0.734600 1.069726 0.924374 0.100000 0.305442 0.597198 0.100000 0.380577 0.422803 1.159695 1.517908 0.100000 0.467025 0.647444 0.528062 0.698158 0.785400 0.545973 0.100000 0.206445 0.100000 0.100000 1.090658 0.579387 0.570743 0.795233 0.807320 0.490777 0.904726 0.738471 0.866827 0.635344 0.648751 0.100000 0.569230 0.581243 1.025585 0.692462 0.714766 0.616116 1.513991 0.350608 0.587628 0.165369 0.663192 0.635041 1.230564 0.885141 0.100000 0.229517 0.167098 0.124330 0.253610 0.212485 0.100000 0.272288 0.553117 0.173927 0.286555 0.578044 0.714599 0.459945 1.298984 1.109087 0.100000 0.100000 0.630134 0.666148 0.634840 0.587712 0.988174 
0.696133 1.018066 0.418748 0.100000 0.675779 1.090172 1.648764 0.761394 0.903414 0.918373 1.581086 0.349836 0.145014 0.635222 0.100000 1.153812 0.100000 0.411819 0.291102 0.199798 1.049350 0.549606 0.461053 0.501445 0.113435 1.025288 0.278304 0.332601 0.651341 0.963261 0.590739 0.578487 0.383078 1.012651 0.100000 0.278494 0.964893 0.783279 0.284336 0.100000 0.673073 0.269309 0.228475 0.737675 0.100000 0.269501 0.370012 0.227403 0.465394 0.798788 0.711272 0.656491 0.887945 0.669025 0.446346 0.657932 0.362928 0.531862 0.193713 0.662010 0.100000 0.716078 0.301157 0.382907 0.557960 0.307498 0.159111 0.506941 0.703138 0.720128 0.636872 0.120486 0.100000 0.106157 0.104295 0.212422 0.313755 1.065734 0.417056 0.904303 0.832622 0.275564 0.638038 1.423404 0.773172 0.262913 0.100000 1.022455 0.100000 0.240746 1.078588 1.009750 
1.050081 0.100000 0.100000 0.100000 0.440933 0.100000 0.441880 0.100000 0.242670 0.521118 1.079425 0.652626 0.546009 0.426056 0.100000 0.577665 0.363288 0.100000 0.100000 0.578984 1.751803 1.604002 0.468409 0.100000 0.401279 0.100000 1.025074 0.100000 0.554476 0.334395 0.115869 0.676686 0.681493 1.460917 0.100000 1.040626 0.100000 0.100000 0.100000 0.655832 0.108442 0.211641 1.197467 0.970447 0.384179 0.100000 0.280349 1.316140 0.100000 0.654724 0.494477 0.695763 0.100000 0.266298 0.100000 0.100000 0.100000 1.128480 1.772484 0.100000 0.100000 0.252264 0.431310 0.545915 1.235732 0.202722 0.100000 0.719086 1.373763 0.360354 0.440413 0.100000 0.884247 0.557386 0.100000 0.258570 0.100000 0.100000 1.340872 0.556317 0.236892 0.815686 0.519890 0.514682 0.140000 0.100000 0.100000 0.357968 0.471710 0.100000 0.914650 0.669704 
0.573225 0.864894 0.536519 0.156530 0.380459 0.562131 0.821013 1.195512 1.039666 0.857019 1.031901 0.820398 0.100000 0.979085 0.131649 0.802004 0.100000 0.100000 0.100000 0.355765 1.032778 0.692114 1.063118 0.309265 0.251202 0.632315 0.605860 0.185654 0.209027 0.100000 0.717788 1.004230 0.100000 0.487602 0.100000 0.482757 0.636375 0.586209 0.724415 0.100000 0.381480 0.801360 1.051292 0.873241 0.759167 0.569606 0.327260 0.926116 0.100000 0.810020 0.607691 0.543323 0.100000 0.288476 0.100000 0.801547 0.100000 0.882344 0.603608 0.555606 0.142873 0.309373 0.841743 1.042511 0.100000 0.100000 0.523903 0.913151 1.058467 0.276209 0.137945 0.589290 0.218562 0.126927 0.615913 0.375966 0.463231 0.913620 0.458506 0.498939 0.100000 0.100000 0.631817 1.551987 1.016114 0.350788 0.708337 0.245455 0.403742 0.633332 0.690929 1.268695 
0.874553 0.100000 0.100000 0.100000 0.396247 0.100000 1.901749 0.100000 0.500421 0.538586 0.976063 0.100000 0.100000 0.515276 0.100000 0.100000 0.100000 0.423925 0.100000 1.432469 1.506215 0.153703 0.178061 0.498681 0.100000 0.258143 0.100000 0.100000 0.272820 0.100000 0.100000 0.615306 0.454822 0.100000 0.817159 1.023565 0.202174 0.428274 0.264775 0.100000 1.286380 0.100000 0.100000 0.100000 0.554441 0.134530 0.258594 1.427539 0.346895 0.928904 0.286599 0.803768 0.100000 0.534783 0.294341 0.310279 0.100000 1.292053 0.587046 0.900770 0.100000 0.684973 0.100000 0.415996 0.569561 0.100000 0.100000 0.677346 0.805634 1.100572 0.277277 0.100000 0.100000 0.100000 0.415705 0.895863 0.357197 0.634687 1.405685 0.100000 0.116678 0.313317 1.073293 0.428951 1.882248 0.537339 0.409892 0.100000 0.417482 0.699957 0.161199 0.485582 
0.121197 0.794677 0.100000 0.100000 0.500253 0.610613 1.228199 0.158758 0.277546 0.969119 1.024328 0.100000 0.323356 0.406439 0.100000 0.807388 0.100000 0.292558 0.349078 0.337279 1.437029 0.100000 1.069467 0.100000 0.100000 0.910846 0.652259 0.331359 0.882656 0.993292 0.371866 0.881613 0.856303 1.032631 0.100000 0.293517 0.313833 0.224175 0.106093 0.100000 0.331761 0.264142 0.119796 0.810544 0.683405 0.181159 1.149762 0.169253 1.187553 0.762531 0.949235 0.182933 1.387572 0.450794 0.181835 0.337799 0.841874 0.538173 0.813566 0.550214 0.362739 0.588056 0.135975 0.884809 0.681475 0.494692 0.607632 0.365737 0.601173 0.456183 0.430900 1.258313 0.316359 0.500555 0.470913 0.930218 0.574754 0.321838 1.202672 0.479687 0.615574 0.414778 0.282443 0.483097 1.120736 0.632718 0.217302 0.139635 0.631532 0.742617 0.371054 0.629102 
0.957454 0.157957 1.396163 0.100000 0.100000 0.647594 0.211067 0.100000 0.100000 0.748615 1.450971 0.100000 0.735716 0.956439 0.100000 0.343543 0.100000 0.364690 1.334682 0.407710 1.552712 0.100000 0.223651 0.100000 0.100000 0.144222 0.175615 0.100000 0.674709 0.825454 0.631931 0.429505 0.507214 0.519548 0.306454 0.282117 0.901093 0.100000 0.240048 0.150639 0.100000 0.100000 0.100000 0.100000 1.171976 0.210540 0.982517 0.478493 0.290280 0.646794 1.136696 0.100000 0.730471 0.100000 0.412729 0.100000 0.100000 0.290389 0.287703 0.870832 0.100000 0.147543 0.100000 0.682307 0.252666 0.569014 0.100000 0.814842 0.690886 0.100000 0.100000 0.209528 0.100000 0.388105 0.100000 0.866426 0.502514 0.100000 0.619533 0.100000 0.710549 0.423432 0.100000 0.667361 0.786067 0.361992 0.293497 0.397408 0.481490 0.100000 1.047564 0.636958 
0.484388 0.245623 0.100000 0.100000 0.100000 0.592788 0.787127 0.487361 0.817896 0.212035 0.889529 0.314061 0.100000 0.602949 0.100000 0.485288 0.303085 0.100000 0.100000 0.491743 0.757795 0.100000 0.301502 0.459901 0.477339 0.632888 0.719472 0.100000 0.765512 0.469497 0.779850 0.906539 0.414364 0.131611 0.165762 0.103099 0.556222 0.100000 0.100000 0.427126 0.329310 0.222945 0.100000 0.227410 0.662370 0.100000 0.262212 0.835482 0.100000 0.907103 0.286126 0.518117 0.381048 0.352347 0.100000 0.580152 0.187345 0.740800 0.250321 0.293911 0.100000 0.901499 0.253819 0.427980 0.161439 0.100000 0.285109 0.100000 1.231230 0.841291 0.504349 0.100000 0.308547 0.142656 0.100000 0.399233 0.100000 0.527431 0.229833 0.312297 0.207165 0.100000 0.218033 0.838812 0.550502 0.100000 0.256795 0.316752 0.210044 0.100000 0.811433 0.867124 
0.395839 0.790065 0.796733 0.987499 0.292988 0.736367 0.866527 0.404017 0.821397 0.173356 1.637811 0.264743 0.792862 0.721272 0.653175 0.645396 0.817722 0.237161 0.642720 0.604957 1.217808 0.221943 0.636150 0.329069 0.124567 0.574832 0.803071 0.100000 0.602541 0.247980 0.634957 1.008304 0.660106 0.916457 0.106130 0.279023 0.699090 0.500969 0.297790 0.107388 0.660543 0.474685 0.320526 0.884307 0.369233 0.341904 0.607532 0.465486 0.578116 0.751745 0.333469 0.740636 0.363819 0.704016 0.152020 0.234114 1.028364 1.389721 0.415981 1.042120 0.231951 0.658491 0.100000 0.685400 0.660430 0.764909 0.495374 0.520167 1.323495 0.667045 1.125851 0.312933 0.107969 0.100000 0.462012 0.518053 0.708099 0.815568 0.966692 0.489197 0.719830 0.817990 0.592949 1.096494 1.162033 0.100000 0.769544 0.185695 0.675125 0.100000 0.307685 0.692729 
0.247779 1.184650 0.100000 0.100000 0.211475 1.003507 1.248526 0.359651 1.076063 0.893778 1.056447 0.860793 0.197688 0.443020 0.100000 0.580069 0.100000 0.443949 0.444935 0.818459 1.197745 0.564929 0.952391 0.509644 0.372242 0.969494 0.130524 0.100000 0.679982 0.100000 0.213814 0.522603 0.457148 0.200277 0.100000 0.223409 0.578915 0.121603 0.168576 0.221010 0.528982 0.100000 0.651474 0.262909 0.811935 0.522484 0.510942 0.291054 0.100000 0.907924 0.596316 0.671060 0.421306 0.759197 0.385325 0.122410 0.936765 0.395107 0.894837 0.733010 0.807664 0.419248 0.614130 0.941588 0.356175 0.100000 0.527103 0.774580 0.168501 0.558389 1.020437 0.356408 0.575299 0.195599 0.391972 0.297407 0.323401 0.847539 1.411520 0.680396 0.143653 1.074352 0.260542 0.700835 1.061039 0.100000 0.253830 0.531100 1.161693 0.664731 0.304644 0.735419 
0.185251 0.646958 0.100000 0.426571 0.100000 0.796119 0.952412 0.330115 0.561782 0.888600 1.419417 0.694651 0.100000 0.773977 0.724914 0.544682 0.100000 0.590452 0.541987 0.883854 0.851028 0.294641 0.324685 1.055397 0.147908 0.437061 0.100000 0.100000 0.100000 0.215154 0.473151 0.867384 1.329341 0.834436 0.430979 0.436049 1.514522 0.100000 0.127750 0.347491 0.739679 0.284466 0.807530 1.164030 1.073817 0.100000 0.483061 0.963603 1.309591 0.899553 0.476700 1.323401 0.100000 0.192468 0.576355 0.676476 0.614884 0.610671 0.602186 0.419547 0.271524 0.217767 0.100000 0.695298 0.761409 0.542842 0.326840 1.071627 1.789590 0.528570 0.642413 0.550515 0.607988 0.946353 0.697758 0.100000 0.438015 0.924346 0.706125 0.798260 0.657163 0.638940 0.100000 0.537017 0.100000 0.100000 0.100000 0.100000 1.027767 0.100000 0.925939 0.503720 
0.701836 0.605763 0.100000 0.499135 0.288938 0.272209 1.183189 1.235385 0.503869 0.465515 0.607618 1.318653 0.377696 0.366768 0.100000 1.373583 0.219320 0.100000 0.251390 0.377870 1.149304 0.335010 0.899864 0.100000 0.116714 0.793076 0.485848 0.100000 0.559737 0.959791 0.947604 0.905329 0.451280 0.249931 0.322002 0.704403 0.593945 0.286488 0.741048 0.100000 0.636502 0.870947 0.454658 0.943022 0.673159 0.750155 0.915871 0.454053 0.495945 0.611371 0.654901 0.234219 0.200150 0.452610 0.100000 0.744456 0.943829 0.678844 0.100000 1.121525 0.292125 0.713694 0.497551 0.588299 0.154672 0.457402 0.174452 0.100000 1.576880 0.504179 1.189080 0.100000 0.452558 0.174641 0.584483 1.147261 0.300851 0.484276 1.056848 0.276297 0.730881 0.494174 0.371834 1.409422 0.994657 0.100000 0.167255 0.100000 0.355228 0.100000 0.664988 0.620690 
0.569411 0.123480 0.492480 0.243715 0.321251 0.100000 0.634478 0.361406 0.224541 0.524676 0.975623 0.100000 0.100000 0.405154 0.100000 0.723059 0.100000 0.100000 0.174776 0.828223 0.957038 0.100000 0.323275 0.824870 0.100000 0.100000 0.100000 0.157140 0.188800 0.888115 0.847654 0.380985 0.295513 0.181446 0.100000 0.403016 0.507008 0.132179 0.100000 0.438068 0.304802 0.100000 0.339003 0.142886 0.461057 0.100000 0.988303 0.632497 0.298942 0.602451 0.135532 0.476914 0.668708 0.403836 0.100000 0.100000 0.100000 0.791808 0.100000 0.533094 0.100000 0.158228 0.242416 0.542684 0.100000 0.100000 0.100000 0.887530 0.554809 0.508323 1.263020 0.100000 0.100000 0.417091 0.100000 0.435726 0.316189 0.197283 0.323436 1.296892 0.100000 0.603760 0.354409 0.508253 0.845502 0.100000 0.179455 0.100000 0.386201 0.516390 0.100000 0.508513 
0.476896 0.848898 0.394249 0.487659 0.221713 0.591274 0.764782 0.774477 0.351837 0.876956 1.358961 0.100000 0.101911 0.484754 0.100000 0.826532 0.100000 0.175742 1.098718 0.535585 0.893493 0.135209 0.178800 0.466776 0.120538 0.320195 0.213077 0.280417 0.359962 1.086553 0.448748 0.432653 0.544825 0.792271 0.199772 0.746081 0.620784 0.353925 0.100000 0.503243 0.855574 0.426974 0.137385 0.441228 0.332949 0.100000 0.437535 0.410104 0.263394 0.537055 0.840747 0.308412 0.596040 0.456143 0.100000 0.540663 0.100000 1.164458 0.848424 0.808360 0.385681 0.659854 0.100000 1.295727 0.292881 0.667352 0.678869 0.785779 0.718319 0.100000 0.576024 0.187960 0.505744 0.101418 0.750377 0.244501 0.782632 0.311307 0.508386 0.824584 0.435409 0.690153 0.495744 0.562515 0.686734 0.433918 0.744955 0.381918 0.445868 0.371182 0.789255 0.803622 
0.100000 0.100000 1.670458 0.100000 0.250789 0.100000 1.213259 0.100000 1.793236 1.116730 0.994042 1.115276 0.100000 0.416765 0.100000 0.264640 0.100000 0.100000 0.675731 1.122047 0.807867 0.100000 0.642067 0.392784 0.413407 0.434039 0.550215 0.100000 0.411711 0.262396 0.131631 0.681080 0.720604 0.447250 0.100000 0.100000 0.100000 0.100000 0.735768 0.100000 0.603825 0.100000 0.100000 0.880288 0.100000 0.100000 0.479744 0.100000 0.100000 0.875984 0.560707 0.340844 0.894872 0.100000 0.320094 0.188826 0.838237 1.261049 0.364234 0.450165 0.566699 0.658010 0.579603 0.765082 0.770937 0.495580 0.147753 0.124722 0.684985 0.329891 0.857202 0.703514 1.277283 0.100000 0.420258 0.372869 0.560401 0.100000 0.683130 1.145509 0.672765 0.935987 0.680863 0.737949 1.548175 0.100000 0.164548 1.057324 1.666519 0.354886 0.723855 0.355019 
0.671908 0.693921 0.331506 1.268529 0.582534 0.117252 0.546308 0.908830 1.067380 0.100000 0.725487 0.408997 0.100000 0.100000 0.100000 1.065276 0.767785 0.607412 0.128302 1.013022 1.305140 0.683479 0.798666 0.100000 0.100000 0.730727 0.807827 0.663771 0.995101 0.436799 0.796968 0.207404 1.071052 0.388229 0.100000 0.100000 0.585355 0.100000 0.859654 0.409420 0.549018 0.100000 0.100000 0.580688 0.369677 0.507615 0.899152 0.456421 0.588479 0.659577 1.154659 1.258610 1.339206 0.584601 0.100000 0.157162 0.179413 0.698940 0.676764 0.221459 0.100000 0.100000 0.100000 1.482393 0.170020 0.358390 0.773476 1.084821 0.657352 0.599781 0.816562 0.100000 0.222888 0.375358 1.212987 1.336389 0.100000 0.834736 1.019646 0.703326 0.100000 0.446635 0.701059 1.448997 0.484690 0.232498 0.100000 0.100000 0.562372 0.100000 0.100000 1.321324 
0.709030 0.600182 0.350110 0.100000 0.537748 0.136884 1.613512 1.257406 0.231491 0.559463 1.352919 0.937257 1.213224 0.100000 0.100000 0.703951 0.243431 0.100000 0.100000 0.522242 0.834246 0.100000 1.172476 0.830281 0.100000 0.100000 0.100000 0.100000 0.644020 1.055521 1.088553 1.109841 0.646953 0.461512 0.727126 1.444286 0.100000 0.206419 0.574780 0.542043 0.707527 0.100000 0.319023 0.515234 0.100000 0.100000 0.980014 0.100000 0.365750 0.100000 0.413192 0.100000 0.100000 0.373355 0.100000 0.536687 0.100000 1.540786 0.100000 0.515170 0.552604 1.528683 0.407240 0.246521 0.100000 0.637417 0.100000 1.237151 0.315262 0.693670 0.882848 1.112750 0.251813 0.100000 0.347771 0.466930 0.631623 0.168600 1.098426 0.100000 0.968707 0.100000 0.100000 1.824236 1.307442 0.100000 0.100000 0.100000 0.675127 0.581606 0.100000 0.100000 
0.173260 0.502527 0.198141 0.100000 0.100000 0.691866 0.499464 0.602412 0.100000 0.409330 1.117713 0.583380 0.663650 0.225582 0.100000 0.484899 0.326219 0.484902 0.422381 0.100000 0.959655 0.546992 0.584945 0.530251 0.314125 0.499011 0.100000 0.100000 0.308468 0.758952 0.478952 0.349126 0.100000 0.100000 0.100000 0.160846 0.436228 0.100000 0.256851 0.100000 0.367847 0.651438 0.317402 0.915197 0.463833 0.100000 0.906717 0.443210 0.187192 0.100000 0.748479 0.300248 0.407985 0.482644 0.100000 0.140490 0.724049 1.065969 0.536312 0.647327 0.249167 0.768915 0.100000 0.260693 0.557005 0.100000 0.319075 0.640446 0.273933 0.358904 0.832761 0.100000 0.668049 0.100000 0.393342 0.658876 0.100000 0.407685 0.552512 0.734850 0.118065 0.388595 0.100000 0.586385 0.143022 0.100000 0.100000 0.286096 0.100000 0.545994 0.267679 0.531541 
0.134842 1.315523 0.100000 0.696549 0.100000 1.882582 0.863347 0.969179 0.119296 0.517504 1.353520 0.138387 0.431661 0.100000 0.100000 0.100000 0.147685 0.608977 0.123175 0.998081 1.558461 0.100000 1.143187 0.743837 0.287923 0.929810 0.694316 0.104735 1.538756 0.172604 1.011219 0.839441 0.567429 0.477645 0.250935 0.100000 0.703348 0.678701 0.725083 0.114774 0.100000 0.762287 0.133477 0.696894 0.100000 1.370634 0.925481 1.164134 0.356916 1.453316 1.416682 0.430878 0.763421 0.440577 0.370305 0.100000 0.100000 0.403743 0.663934 0.467036 0.100000 0.176534 0.458079 0.821046 0.100000 0.100000 0.212792 1.388817 1.647572 0.809247 1.270806 0.438853 0.100000 0.100000 1.133703 0.100000 0.743115 0.501205 0.100000 0.635785 0.331992 0.384167 0.100000 0.269551 0.500044 0.164648 1.342973 0.321844 0.155789 1.331124 0.100000 1.406940 
1.012337 1.019100 0.100000 0.775060 0.100000 0.692197 0.683495 0.719488 0.100000 0.277848 1.615763 1.353620 0.100000 1.523151 0.430982 0.888803 0.100000 0.100000 0.100000 0.254069 0.693532 0.541340 0.794667 0.251705 0.348100 0.729428 0.100000 0.302402 0.920438 0.892100 0.249426 1.003295 0.912797 1.395655 0.100000 0.217699 0.417417 0.741738 0.100000 0.100000 0.400020 0.689417 0.100000 0.226047 0.944574 0.551470 1.075801 0.561414 0.100000 0.994672 0.931749 0.165937 0.532726 0.762326 0.348528 0.100000 0.502704 0.984872 0.423125 0.105788 0.100000 1.225227 0.100000 0.100000 0.441514 0.804384 1.008861 0.407012 0.534808 1.030318 1.130553 0.321964 0.505805 0.360972 0.281682 0.100000 0.935671 0.100000 0.100000 1.027270 0.100000 0.622289 0.100000 2.153383 0.917773 0.585043 1.785135 0.100000 0.769180 0.964457 0.100000 0.100000 
0.772575 0.884725 0.100000 0.317860 0.100000 0.642831 0.703435 0.916438 0.332837 0.655050 0.659871 0.862980 0.235242 0.302938 0.167673 0.956662 0.370159 0.516831 0.100000 0.100000 1.249083 0.100000 0.386630 0.832591 0.100000 0.385142 0.399289 0.105541 0.709939 0.926427 0.694085 1.191601 0.730871 0.450239 0.587443 0.342395 0.950067 0.990771 0.100000 0.349213 0.774473 0.668263 0.786311 0.808256 0.468589 0.710013 1.045829 0.656486 0.631894 0.395958 0.784186 0.590008 0.246149 0.100000 0.425869 0.100000 0.161670 0.588610 0.100000 0.775828 0.452957 0.830193 0.172676 0.796126 0.222756 0.102620 0.332914 0.980089 1.032757 0.100000 0.280087 0.591382 0.100000 0.356884 1.003575 0.293761 0.795553 0.474137 0.599505 0.402709 0.372931 0.123244 0.100000 1.212211 0.682877 0.439915 0.475038 0.724133 0.643509 0.252519 0.688405 0.317521 
0.100000 0.877964 0.100000 0.100000 0.100000 0.100000 0.541251 0.151917 0.436219 0.786220 0.696190 0.347689 0.279263 0.498385 0.243051 0.586497 0.100000 0.260583 0.486967 0.593784 1.126384 0.100000 0.656007 0.100000 0.100000 0.451178 0.100000 0.100000 0.485599 0.581089 0.409691 1.175507 0.153169 0.255230 0.201121 0.199216 0.100000 0.100000 0.215078 0.175477 0.735977 0.447018 0.100000 0.583892 0.643579 0.100000 0.656912 0.569084 0.521106 0.306433 0.721380 0.634951 0.303120 0.100000 0.100000 0.600639 0.385880 0.410860 0.542779 0.238873 0.100000 0.402324 0.100000 0.796153 0.481159 0.100000 0.213201 0.260134 0.535279 0.290776 1.016732 0.100000 0.100000 0.248482 0.100000 0.100000 0.969244 0.276617 0.489077 0.226273 0.525043 0.432030 0.100000 1.197526 0.390877 0.100000 0.100000 0.413492 0.466756 0.686970 0.254507 0.809241 
0.100000 1.268750 0.978829 0.417571 0.346572 0.100000 0.546037 0.495721 0.712539 0.683830 0.285175 0.715741 0.383709 0.360630 0.100000 0.596207 0.100000 0.354413 0.349257 0.100000 0.497122 0.185565 0.483403 0.100000 0.280303 0.205789 0.100000 0.100000 0.607307 0.609776 0.100000 0.759978 0.100000 0.100000 0.100000 0.447488 0.849030 0.408405 0.100000 0.205266 0.783080 0.100000 0.343128 0.503670 0.778110 0.100000 0.621093 0.382431 0.429570 0.474746 0.100000 0.570835 0.707149 0.100000 0.217489 0.548431 0.274097 1.252902 0.918214 0.338372 0.100000 0.631292 0.100000 0.432253 0.447413 0.231709 0.517117 0.100000 0.608029 0.100000 0.594168 0.100000 0.100000 0.404044 0.724589 0.100000 0.550282 0.491887 0.377600 0.440527 0.491344 0.264962 0.249352 0.286363 0.580873 0.110831 0.100000 0.359785 0.636662 0.443333 0.381328 0.412663 
