91 Number of operations
27 Number of workers
Standard production times
0.290051 0.119425 0.716550 0.190971 0.451519 0.100000 0.100000 0.336942 0.571636 0.414269 0.100000 0.116889 0.577166 0.526380 0.408052 0.219375 0.435065 0.438886 0.292950 0.555470 0.434268 0.311430 0.740981 0.584869 0.139028 0.323885 0.251275 0.312576 0.314710 0.676281 0.419674 0.326109 0.145356 0.602997 0.103788 0.342580 0.388635 0.242379 0.413542 0.192219 0.347265 0.507650 0.705652 0.791335 0.495640 0.423869 0.228507 0.247610 0.527861 0.409505 1.022967 0.293508 0.469117 0.314897 0.100000 0.751079 0.347161 0.569259 0.817347 0.505296 0.596762 0.100000 0.221035 0.466013 0.609718 0.669980 0.649135 0.261762 0.656215 0.254587 0.240166 0.399291 0.502519 0.366428 0.669267 0.276902 0.251393 0.603187 0.288969 0.487252 0.370662 0.404699 0.348340 0.767831 0.361202 0.714826 0.551380 0.294575 0.249314 0.417989 0.736342 
Production times: workers row and ops columns
0.749726 0.274972 0.703965 0.100000 0.678567 0.223202 0.100000 0.450021 0.485636 0.723678 0.100000 0.584242 0.798213 0.804454 0.179579 0.370190 0.757231 0.252776 0.313085 0.665255 0.122332 0.505978 1.094829 0.427014 0.344192 0.100000 0.339666 0.100000 0.751135 0.898952 0.512289 0.193560 0.627483 1.293128 0.100000 0.813429 0.976930 0.443782 0.153762 0.551222 0.392988 0.426474 0.436635 1.056497 0.833482 0.336810 0.484680 0.100000 0.868419 0.523475 1.066996 0.362984 0.829783 0.640021 0.358840 0.892390 0.470508 0.854773 0.987095 0.810061 0.603727 0.100000 0.632682 1.222106 0.842128 0.739933 0.708202 0.326045 0.761437 0.100000 0.185038 0.200183 0.677159 0.377435 0.917831 0.324491 0.647293 0.767247 1.046179 0.100000 0.276587 0.775145 1.206837 0.793241 0.474303 0.746932 1.050817 0.308383 0.553335 0.422049 0.454575 
0.341006 0.407393 0.583416 0.100000 0.520347 0.100000 0.100000 0.215008 0.819737 0.425116 0.571398 0.350207 0.674881 0.100000 0.488748 0.245460 0.578350 0.652219 0.100000 0.702672 0.165576 0.797893 0.241395 0.100000 0.100000 0.100000 0.100000 0.799399 0.116760 0.173479 0.653989 0.100000 0.100000 0.765749 0.190797 0.112093 0.710897 0.181109 0.798627 0.243041 0.714906 0.440471 0.239729 1.426146 0.231908 0.264218 0.100000 0.100000 0.500662 0.370054 1.121273 0.731155 0.332977 0.100000 0.100000 0.451353 0.100000 0.716768 0.567882 0.312000 0.496194 0.100000 0.100000 0.568426 0.695280 0.437028 1.092296 0.100000 0.452719 0.100000 0.100000 0.880549 0.512419 0.100000 1.184619 0.352600 0.280250 0.321088 0.220836 0.100000 0.509170 0.192367 0.288554 1.028448 0.346627 0.693567 0.534330 0.100000 0.400116 0.780997 0.863984 
0.484115 0.100000 0.556214 0.100000 0.921195 0.123746 0.619953 0.202368 0.540383 0.542896 0.476435 0.235115 0.740503 0.631339 0.561208 0.100000 0.559343 0.482912 0.375903 0.803171 0.330064 0.386077 0.751772 0.810060 0.474459 0.137257 0.527048 1.032311 0.100000 0.527230 0.255501 0.342379 0.732211 0.707003 0.100000 0.629121 0.308694 0.679403 0.605122 0.708853 0.248861 1.516907 1.053027 1.087709 0.580284 0.306190 0.100000 0.306817 0.388680 0.594308 0.875138 0.579832 0.855953 0.203145 0.557806 0.779697 0.793748 0.800709 1.254045 0.306190 0.664724 0.635429 0.135624 0.100000 0.126941 0.100000 0.114886 0.238270 1.139773 0.221918 0.437224 0.466293 0.605084 0.415968 0.717013 0.515251 0.100000 1.006225 0.664974 0.528735 0.712280 0.294295 0.287173 0.914710 0.404136 0.680205 0.449646 0.227327 0.631065 0.100000 0.942091 
0.171832 0.483332 0.974087 0.100000 0.743842 0.262137 0.110931 0.102605 0.998276 0.207754 1.017359 0.399081 1.646080 0.133613 0.100000 0.576770 0.861417 0.456566 0.100000 0.331523 0.743260 0.219342 0.682988 0.497140 0.100000 0.100000 0.100000 1.196556 0.100000 0.915087 0.100000 0.723373 0.100000 1.063305 0.100000 1.397883 0.100000 0.280569 0.597158 0.808668 0.135836 0.550882 0.100000 0.376251 0.721448 0.975956 0.100000 1.275788 1.407986 0.379179 0.100000 0.100000 0.100000 0.872818 0.255136 0.100000 0.232778 1.375940 0.629944 0.130311 1.624074 0.126705 0.100000 0.641096 0.618301 0.455409 1.253363 0.819613 1.076645 0.203144 0.813616 0.374440 0.735841 0.883271 1.073689 1.171779 0.477035 0.100000 0.100000 1.162305 0.205020 0.597968 0.100000 1.268272 0.168786 1.443880 0.285263 0.853642 0.586512 0.100000 1.285841 
0.455523 0.100000 0.833064 0.100000 0.173366 0.100000 0.100000 0.550440 0.654190 0.293470 0.100000 0.151936 1.006766 0.687671 0.155515 0.352601 0.299433 0.279187 0.752892 0.329789 0.190512 0.100000 0.220282 0.620206 0.100000 0.378509 0.100000 0.100000 0.417081 1.014549 0.497416 0.585458 0.556734 0.815024 0.100000 0.210977 0.477694 0.100000 0.449126 0.100000 0.100000 0.566314 0.100000 0.359022 0.390325 0.100000 0.145643 0.100000 0.340383 0.231810 0.979755 0.100000 0.396023 0.100000 0.166822 1.159222 0.306222 0.520220 0.368144 0.613306 0.269342 0.100000 0.288267 0.420324 0.841871 1.002843 0.387231 0.200275 1.084339 0.444549 0.354081 0.691153 0.221138 0.457403 0.992043 0.663175 0.100000 0.427685 0.303783 0.300553 0.153117 0.509899 0.142317 0.131457 0.369756 0.487478 0.231921 0.100000 0.453461 0.100000 0.126542 
0.107297 0.388112 1.009462 0.100000 0.298229 0.100000 0.303362 0.100000 0.428677 0.624164 0.100000 0.457938 0.216163 0.537138 0.564037 0.100000 0.750959 0.503325 0.100000 1.643051 0.528861 0.243633 0.221337 0.509400 0.100000 0.417191 0.262776 0.768478 0.257385 0.730333 0.431411 0.181562 0.100000 0.833297 0.237796 0.100000 0.100000 0.122156 0.661974 0.100000 0.771195 0.175129 0.648144 0.100000 0.216940 0.231133 0.281788 0.660809 0.438344 0.745680 1.121471 0.489413 0.229270 0.630395 0.100000 0.799627 0.100000 0.313815 0.278925 0.250391 0.602097 0.100000 0.100000 0.807235 0.610884 0.872400 0.784703 0.100000 0.100000 0.100000 0.507713 0.100000 0.647332 0.100000 0.687200 0.100000 0.501515 0.491287 0.454717 0.444210 0.510081 0.274119 0.471347 0.214959 0.100000 0.832468 0.439627 0.125949 0.100000 0.468507 0.458339 
0.115313 0.100000 1.112036 0.612346 0.222372 0.451590 0.100000 0.656849 0.101992 0.179135 0.100000 0.166944 1.104250 0.897580 0.980692 0.681358 0.450205 0.458988 0.713642 0.667582 0.487170 0.100000 0.809043 0.100000 0.102192 0.129918 0.559047 0.268974 0.315995 1.180413 0.204954 0.521106 0.100000 0.729916 0.326868 0.700541 0.219030 0.438276 0.608988 0.286449 0.492269 0.746710 0.925016 0.592532 0.236882 1.275663 0.904445 0.100000 0.762926 0.697736 1.348368 0.435626 0.291055 0.360171 0.100000 0.891391 0.366650 0.629756 1.222912 0.974463 0.342431 0.100000 0.100000 0.933129 0.691908 1.204677 0.605861 0.369562 0.351606 0.745348 0.231383 0.100000 0.424781 0.100000 0.759722 0.410648 0.437816 1.152620 0.298676 0.829489 0.564334 0.446702 0.100000 1.152082 0.310010 0.820213 0.270242 0.479474 0.381723 0.526815 0.795905 
0.100000 0.602536 1.079509 1.851510 0.151406 0.100000 0.100000 0.554935 0.227892 0.100000 0.100000 0.153015 1.082060 0.100000 0.101831 0.149700 0.100000 0.704468 0.294951 0.716103 0.100000 1.079698 0.740793 1.231644 0.100000 0.618905 0.100000 0.100000 0.100000 0.653348 0.310307 1.095712 0.100000 0.100000 0.953882 0.646972 0.100000 0.491014 0.532208 0.100000 0.162483 0.498923 1.071353 1.268583 0.543513 0.940594 0.155370 0.100000 0.100000 0.680828 0.100000 0.632411 0.100000 0.135285 0.352691 1.360050 0.100000 0.166170 0.841877 0.207253 1.027573 0.100000 0.401936 0.678973 0.634258 1.221098 0.100000 0.816070 0.304754 0.617362 0.100000 0.806462 0.892754 0.100000 0.592022 0.230685 0.132455 0.225356 1.214688 0.591800 1.148170 0.120124 0.100000 0.833955 0.100000 1.909899 0.674091 0.870875 0.137196 0.254959 0.720887 
0.704816 0.326141 1.071427 0.254324 0.347263 0.100000 0.176996 0.608830 0.809020 0.508923 0.100000 0.260919 0.848707 0.615335 0.541763 0.274224 0.809714 0.407426 0.448611 0.773799 0.751924 0.860195 1.043617 0.864633 0.100000 0.605806 1.039390 0.163572 0.108854 0.711885 0.826049 0.583534 0.102219 0.692200 0.514900 0.644366 1.217298 0.644085 0.619612 0.476637 0.342569 0.314318 0.857239 1.038504 0.177055 0.367162 0.217730 0.427303 0.549721 0.643034 1.152400 0.711606 0.100000 0.912035 0.625302 0.866175 0.642258 0.851223 0.696160 0.654695 0.930214 0.292945 0.636431 0.594511 0.733943 0.539639 0.639774 0.223846 1.267860 0.426739 0.100000 0.618870 0.544918 0.100000 0.913223 0.100000 0.524932 0.414808 0.100000 0.735554 0.100000 0.370689 0.509653 1.051501 0.684667 0.803942 0.401661 0.971720 0.167520 1.059066 0.700585 
0.343143 0.367811 0.937540 0.100000 0.458104 0.226618 0.210295 0.177260 0.562224 0.195862 0.100000 0.312093 0.309261 0.840308 0.488787 0.100000 0.286705 0.252971 0.100000 0.605899 0.190683 0.700937 0.899248 0.220812 0.100000 0.155857 0.100000 0.491952 0.499653 0.853932 0.182578 0.546804 0.100000 0.783542 0.547546 0.284613 0.100000 0.100000 0.505838 0.458181 0.100000 0.350486 0.675654 0.821835 0.668767 0.100000 0.100000 0.450000 0.545561 0.444019 1.260564 0.224724 0.527518 0.120528 0.100000 0.262502 0.269457 0.409391 0.520966 0.500700 0.229680 0.100000 0.115178 0.114016 0.100000 1.006938 0.644126 0.100000 0.428286 0.272723 0.100000 0.473390 0.110539 0.318978 0.553222 0.121983 0.100000 0.563115 0.468785 0.228216 0.148490 0.352868 0.212295 0.783512 0.476689 1.002183 0.416447 0.100000 0.128427 0.424150 0.580256 
0.344080 0.100000 0.968946 0.193761 0.100000 0.100000 0.100000 0.619566 0.840127 0.968694 0.394377 0.100000 0.254403 0.965598 0.978058 0.248051 0.702705 0.100000 0.100000 0.303263 0.427111 0.255017 0.771947 0.537565 0.442818 0.852149 0.362134 1.021575 0.224389 0.618750 0.635995 0.319669 0.598472 0.510665 0.600596 0.500833 1.258271 0.203145 0.452734 0.335914 0.100000 0.788330 0.949906 0.924131 0.132321 0.100000 0.504493 0.700164 1.106200 0.240873 0.813727 0.311926 0.100000 0.238218 0.455537 1.341460 0.530908 1.161425 1.040608 0.662705 0.645329 0.256081 0.244579 0.523739 0.511151 0.847689 0.753470 0.100000 0.684005 0.100000 0.100000 0.644456 1.070125 1.177347 1.237993 0.115661 0.703966 1.039157 0.100000 0.845638 0.658815 0.553541 0.534925 0.885323 0.950783 0.694290 0.591398 0.396792 0.432013 0.100000 1.252735 
0.360788 0.100000 0.560618 0.100000 0.380353 0.100000 0.346579 0.340759 0.431589 0.910238 0.100000 0.100000 0.583547 0.362668 0.100000 0.100000 0.121868 0.678225 0.100000 0.770655 0.472202 0.149530 0.647332 0.613467 0.100000 0.322006 0.100000 0.751951 0.100000 0.919051 0.100000 0.470496 0.128187 0.428892 0.100000 0.164412 0.415536 0.102104 0.100000 0.100000 0.917681 0.421704 0.692888 0.559919 0.447856 0.377253 0.100000 0.406589 0.150938 0.270447 1.074483 0.113406 0.100000 0.382376 0.100000 0.516887 0.100000 0.436040 0.588531 0.262919 0.701055 0.528783 0.100000 0.522809 0.403094 0.599663 0.887460 0.176850 0.311550 0.100000 0.100000 0.295300 0.659922 0.100000 0.258081 0.100000 0.100000 0.900964 0.178055 0.957486 0.100000 0.692953 0.100000 0.545620 0.100000 0.329867 0.100000 0.259475 0.100000 0.245449 0.633582 
0.457911 0.249543 0.912948 0.445294 0.546343 0.309004 0.100000 0.204300 1.240889 0.510748 0.100000 0.630853 0.630113 0.432433 0.100000 0.553223 0.209174 0.377176 0.586180 0.710560 0.508340 0.347233 1.184759 1.353951 0.100000 0.594556 0.929915 0.736293 0.208660 0.647077 0.340284 0.152075 0.100000 0.781560 0.100000 0.705440 0.525612 0.223241 0.779369 0.387910 0.526725 0.919662 0.977632 0.858666 0.876907 0.616664 1.203700 0.677217 0.973825 0.896803 1.146919 0.787376 0.576124 0.165545 0.100000 1.009465 0.100000 0.731765 0.698841 0.820761 0.472910 0.761691 0.551380 0.185355 1.237346 0.701804 0.530892 0.100000 0.926544 0.805944 0.166638 0.200005 0.260609 0.915349 1.270486 0.272360 0.512704 0.702316 0.370780 0.876459 0.602949 0.603546 0.360566 1.112511 0.376600 0.829803 0.717223 0.100000 0.259586 0.424208 0.866703 
0.100000 0.100000 1.528282 0.769192 0.896038 1.012409 0.309798 0.291402 0.812724 0.100000 0.100000 0.496208 0.593474 0.100000 0.737321 0.718826 0.769004 0.423738 0.100000 0.609268 0.647730 0.132135 1.042499 0.742085 0.305585 0.100000 0.791821 1.174771 0.113476 0.100000 0.739139 0.100000 0.100000 1.211855 0.100000 0.701294 0.100000 0.973513 0.671818 0.100000 0.421949 0.798694 1.120599 1.205231 0.769005 0.185178 0.560547 0.100000 1.029908 0.846008 1.720007 0.100000 0.562223 0.744040 0.258929 0.537746 0.500827 0.603275 1.315198 0.191064 0.766506 0.246466 0.599699 0.429566 0.673376 0.634505 0.666168 0.265941 0.492842 1.668237 0.100000 0.100000 0.104706 0.100000 0.674986 0.992368 1.095585 0.721849 0.100000 0.679432 0.100000 0.154348 0.100000 0.980643 0.100000 1.100886 0.790031 0.174540 0.289594 0.876699 0.550276 
0.390034 0.100000 0.697370 0.330743 0.750978 0.156244 0.100000 0.453147 0.100000 0.805957 0.100000 0.288002 0.307917 0.578556 0.273082 0.210452 0.100000 0.100000 0.314947 0.275319 0.139677 0.100000 1.236304 0.310211 0.137072 0.100000 0.608204 0.100000 0.100000 1.389866 0.100000 0.618788 0.265278 0.698651 0.100000 0.299340 0.655816 0.100000 0.388935 0.370706 0.272281 0.280155 1.041156 0.793842 0.358088 0.100000 0.100000 0.415746 0.712641 0.100000 0.738319 0.482974 1.096409 0.860003 0.282560 1.063079 0.100000 0.701619 0.346197 0.236733 0.593053 0.650381 0.345424 0.448161 0.458693 0.173247 0.729994 0.100000 0.627928 0.100000 0.176543 0.100000 0.553691 0.662346 0.843453 0.811049 0.248759 0.654796 0.343428 0.123333 0.916632 0.601272 0.175492 0.396982 0.435655 0.872091 0.492746 0.250397 0.100000 0.317165 1.036885 
0.610236 0.100000 0.658214 0.100000 0.100000 0.175786 0.100000 0.100000 0.665182 0.698911 0.611633 0.100000 0.910799 0.100000 0.100000 0.275066 0.476525 0.735012 0.479957 0.430999 0.793042 0.417375 1.156107 0.243586 0.129104 0.100000 0.393049 0.146710 0.139154 0.178335 0.412135 0.560755 0.347815 0.100000 0.100000 0.844122 0.232347 0.100000 0.663143 0.151212 0.100000 0.344696 1.174800 0.276918 0.786008 0.230151 0.100000 0.706484 0.234999 0.560023 0.814051 0.100000 0.319311 0.565575 0.100000 0.815906 0.303727 0.483308 0.592097 0.444830 0.100000 0.100000 0.100000 0.446922 0.616116 0.331160 0.789527 0.280511 0.644286 0.100000 0.282004 0.615553 0.204386 0.100000 0.925971 0.100000 0.100000 0.100000 0.243491 0.432964 0.419614 0.327492 0.709554 1.140566 0.608905 0.268086 0.560453 0.100000 0.100000 0.100000 0.639556 
0.353288 0.100000 0.258540 0.100000 0.122893 0.100000 0.235282 0.141157 0.415036 0.267188 0.329054 0.507724 0.605283 0.351889 0.728803 0.250848 0.208735 0.642058 0.255119 0.100000 0.522340 0.301377 0.100000 0.100000 0.100000 0.428892 0.333849 0.100000 0.110607 0.776258 0.100000 0.251693 0.109355 0.780124 0.100000 0.286076 0.894072 0.100000 0.218670 0.378416 0.100000 0.754737 0.767812 0.219113 0.425818 0.100000 0.414271 0.100000 0.100000 0.100000 0.682045 0.587990 0.363639 0.302199 0.322470 0.441736 0.100000 0.215023 0.952818 0.895279 0.574385 0.100000 0.100000 0.100000 0.729062 0.251101 0.472745 0.100000 0.100000 0.100000 0.100000 0.364714 0.307174 0.199355 0.247853 0.100000 0.100000 0.566557 0.803265 0.346340 0.100000 0.686486 0.100000 0.835091 0.128405 0.639151 1.481179 0.100000 0.100000 0.430560 0.629758 
0.747860 0.100000 0.372347 0.486218 0.990207 0.100000 0.100000 1.251895 0.100000 0.771935 0.319564 0.100000 0.956913 0.100000 0.100000 0.100000 0.852206 0.214213 0.835576 0.150400 0.741599 1.015135 0.697974 0.100000 0.100000 0.952254 0.620822 0.119582 0.100000 1.034050 1.235127 1.150406 0.361751 0.507483 0.100000 0.100000 0.100000 1.309655 0.400060 1.384421 0.310016 0.100000 1.636435 0.361422 0.276686 1.248145 0.957894 0.100000 0.528388 0.100000 1.292536 1.199596 0.210372 1.061509 0.100000 1.837215 0.100000 0.337590 0.965825 0.100000 1.371566 0.100000 0.528011 0.100000 0.664610 0.664717 0.455015 0.506371 0.100000 1.015520 0.341390 0.100000 1.505300 0.592785 1.446050 0.188433 0.100000 0.393328 0.100000 0.468011 0.129299 0.509205 0.100000 0.794722 0.131411 1.031581 0.100000 0.100000 1.078514 0.100000 1.105369 
0.589203 0.100000 0.913104 0.403403 0.822445 0.100000 0.100000 0.478178 0.247943 0.328684 0.100000 0.100000 0.577640 0.937109 0.196433 0.144665 0.199133 0.116597 0.233782 0.777350 0.999021 0.459373 0.352572 0.100000 0.431077 0.318899 0.100000 0.100000 0.100000 0.946309 0.312966 0.100000 0.307130 0.596028 0.100000 0.424895 0.100000 0.431550 0.100000 0.100000 0.100000 0.282682 0.378417 0.582542 0.397070 0.490145 0.172467 0.223168 0.909158 0.229558 0.485466 0.478922 0.919878 0.271084 0.251860 0.454394 0.302864 0.660366 0.830919 0.243386 0.985951 0.100000 0.400094 0.487746 0.771820 0.849956 0.484288 0.411865 1.204351 0.754285 0.369379 0.805467 0.100000 0.708147 0.591730 0.100000 0.200956 0.796076 0.100000 0.968391 0.675430 0.100000 0.551067 0.701423 0.100000 0.519837 0.317882 0.100000 0.100000 0.525796 1.064125 
0.627552 0.100000 0.581376 0.100000 0.660519 0.100000 0.100000 0.100000 0.547078 0.217924 0.100000 0.100000 0.547150 0.116041 0.206244 0.292659 0.419133 0.666878 0.100000 0.727349 0.774255 0.168653 0.720760 0.552426 0.199729 0.340261 0.592121 0.366585 0.474060 0.675739 0.100000 0.356117 0.100000 0.312471 0.100000 0.221461 0.106396 0.754281 0.792573 0.100000 0.460012 0.754739 0.553800 1.245805 0.672273 0.293356 0.100000 0.100000 0.523469 0.178026 0.916741 0.100000 0.443194 0.100000 0.100000 0.548586 0.100000 0.100000 1.144300 0.382480 0.398702 0.225112 0.100000 0.596201 0.100000 0.258983 0.712703 0.609331 0.565218 0.219517 0.100000 0.290310 0.189838 0.218356 0.785951 0.100000 0.215300 0.261825 0.100000 0.728704 0.359294 0.584787 0.100000 0.544766 0.125102 0.437997 0.583450 0.463352 0.100000 0.100000 0.260755 
0.534333 0.100000 0.586136 0.100000 0.100000 0.111978 0.114908 0.519339 0.404010 0.225142 0.100000 0.463332 0.779436 0.414265 0.502744 0.100000 0.951407 0.161416 0.100000 0.344161 0.844638 0.255710 0.966306 0.451840 0.100000 0.456529 0.100000 0.100000 0.100000 0.765779 0.848960 0.100000 0.100000 0.782044 0.100000 0.100000 0.414144 0.361212 0.887163 0.100000 0.631205 0.272123 0.452751 0.818467 0.100000 0.100000 0.417465 0.100000 0.461865 0.212083 0.811061 0.100000 0.100000 0.100000 0.100000 0.523454 0.273572 0.246731 0.395589 0.492308 0.268211 0.100000 0.100000 0.451660 1.142343 1.054048 0.170121 0.100000 0.575630 0.321687 0.100655 0.950991 0.755640 0.758445 0.443906 0.100000 0.100000 0.469053 0.100000 0.197114 0.141431 0.587984 0.106477 0.245712 0.126960 0.671401 0.619656 0.100000 0.343527 0.734037 0.783197 
0.100000 0.100000 0.100000 0.494944 0.274464 0.176291 0.350637 0.100000 1.080134 0.470824 0.848498 0.201358 0.736478 0.389692 1.146259 0.100000 0.168649 0.286359 0.100000 0.158119 0.100000 0.406623 0.100000 0.769799 0.100000 0.100000 0.100000 0.100000 0.470022 0.613558 0.752796 0.100000 0.948353 0.484021 0.100000 0.997660 1.067418 0.197294 0.171391 0.647256 0.100000 0.975246 0.100000 0.749639 0.501518 1.027919 0.100000 0.364829 0.467506 0.410959 0.580914 0.100000 0.237548 0.194065 0.837592 0.806770 0.345023 0.918432 0.100000 0.866579 1.054450 0.553572 0.100000 0.100000 0.117254 0.793707 0.917517 0.900037 1.416932 0.690211 0.257131 0.531751 0.384863 0.893862 0.966403 0.384831 0.100000 1.126518 0.100000 1.103143 0.862977 0.100000 0.324107 0.147134 0.288892 0.992411 0.483061 0.100000 0.379728 0.547733 0.722725 
0.261690 0.100000 0.697109 0.100000 0.985305 0.100000 0.100000 0.381721 0.140006 0.440495 0.485038 0.100000 0.566816 0.656514 0.100000 0.611042 0.100000 0.238370 0.307152 0.385689 0.575149 0.256707 0.811906 0.507361 0.480628 0.100000 0.260503 0.122391 0.100000 0.332798 0.148080 0.399632 0.100000 0.454042 0.100000 0.100000 0.622340 0.868856 0.111337 0.368053 0.154361 0.567660 0.551140 1.353934 0.298341 0.562048 0.310717 0.100000 0.100000 0.483231 1.176322 0.100000 0.179104 0.507938 0.255850 0.937842 0.325582 0.232776 0.351954 0.100000 0.479457 0.575751 0.264403 0.342090 0.100000 0.369601 0.550617 0.100000 0.828717 0.107005 0.348758 0.265025 0.345589 0.644168 0.343674 0.100000 0.100000 0.532209 0.509819 0.591672 0.490866 0.620611 0.435905 0.895309 0.382319 0.322210 0.609209 0.478341 0.100000 0.388786 0.961186 
0.100000 0.100000 0.635011 0.569076 0.100000 0.100000 0.100000 0.129251 0.542067 0.757313 0.100000 0.100000 0.215415 0.100000 0.100000 0.100000 0.303321 0.351146 0.544685 0.208990 0.100286 0.100000 0.699705 0.437327 0.272190 0.100000 0.425252 0.495330 0.135970 0.389520 0.374025 0.100000 0.643017 0.545264 0.241520 0.100000 0.100000 0.348559 0.468308 0.100000 0.100000 0.203667 0.674000 0.968491 0.100000 0.467493 0.100000 0.100000 0.379730 0.100000 1.776148 0.921001 0.594798 0.411702 0.100000 1.364284 0.252657 0.432240 1.078545 0.483536 0.263781 0.100000 0.100000 0.385409 0.676055 0.729808 0.939496 0.160531 0.843635 0.666586 0.100000 0.513062 0.100000 0.100000 1.044666 0.517547 0.308405 0.360108 0.640037 0.100000 0.290880 0.450252 0.634478 0.209903 0.100000 0.649437 0.546608 0.246679 0.100000 0.304741 0.174319 
0.657827 0.100000 0.215368 0.252036 0.491969 0.175818 0.591073 0.478520 1.296873 0.628492 0.100000 0.556974 0.650063 0.479749 0.591872 0.353811 0.100000 0.284031 0.738552 0.708249 0.725963 0.717476 1.378765 0.493140 0.100000 0.146532 0.171139 0.138800 0.410210 0.743812 0.694046 0.100000 0.100000 0.810836 0.413382 0.100000 0.308014 0.266293 0.100000 0.426829 0.808503 0.100000 0.336173 1.176990 0.936242 0.142036 0.100000 0.545436 0.554954 0.353110 1.601208 0.482847 0.100000 0.490891 0.100000 1.073696 0.741759 0.800827 1.195692 1.194580 0.914766 0.100000 0.100000 0.633348 0.399207 0.338356 0.610580 0.100000 0.366073 0.504934 0.197590 0.407301 0.594744 0.100000 0.825134 0.375753 0.337831 0.806041 0.100000 1.160801 0.379657 0.100000 0.481799 0.486481 0.481120 0.977007 0.255711 0.648203 0.388642 0.622714 0.957563 
0.316229 0.355534 0.874687 0.237044 0.122217 0.100000 0.100000 0.100000 0.459223 0.100000 0.340542 0.100000 0.490745 0.658942 0.182615 0.100000 0.684466 0.100000 0.100000 0.415362 0.569704 0.286367 0.293726 0.208937 0.547366 0.318766 0.100000 0.100000 1.336785 0.978363 0.100000 0.100000 0.262203 0.420353 0.345504 0.771855 0.290903 0.230801 0.262943 0.357059 0.697242 0.687969 0.280759 0.917644 0.222014 0.848378 0.271392 0.465049 0.421543 0.299804 1.052200 0.184267 0.842791 0.100000 0.205625 0.475081 0.505475 0.100000 1.103184 0.312485 0.126660 0.215005 0.100000 0.449154 0.878091 0.242623 0.328222 0.185884 0.726469 0.100000 0.100000 0.530691 0.697611 0.685610 0.480727 0.100000 0.308410 0.731167 0.100000 0.414366 0.353255 0.406805 0.108931 0.692861 0.441320 0.100000 0.724705 0.100000 0.378665 0.107203 0.122813 
0.100000 0.709995 1.537119 0.100000 0.100000 0.147087 0.100000 0.717067 0.173104 0.155478 0.205717 0.100000 0.417205 1.533705 0.701494 0.100000 0.958072 1.470479 0.930284 0.263165 0.105470 0.126191 0.216454 0.599477 0.100000 0.100000 0.411684 0.100000 0.212518 1.750371 0.603784 0.921270 0.364315 0.904487 0.100000 0.100000 0.257508 0.100000 0.312088 0.272170 0.235958 0.852447 0.581753 1.333311 0.489092 0.126531 0.100000 0.100000 0.400706 1.010535 0.387030 0.813584 0.423235 0.100000 0.100000 1.025577 0.100000 0.338502 0.597166 0.423733 0.887354 0.100000 0.281206 0.100000 0.638564 0.974158 0.473289 0.446095 0.708531 0.100000 0.209758 0.301780 0.100000 0.100000 0.885693 0.100000 0.830584 0.100000 0.304232 0.723320 0.100000 0.985993 0.100000 1.221214 0.435480 0.639233 1.057228 0.564202 0.100000 1.123895 1.238341 
