89 Number of operations
26 Number of workers
Standard production times
0.290051 0.119425 0.716550 0.190971 0.451519 0.100000 0.100000 0.336942 0.571636 0.414269 0.100000 0.116889 0.577166 0.526380 0.408052 0.219375 0.435065 0.438886 0.292950 0.555470 0.434268 0.311430 0.740981 0.584869 0.139028 0.323885 0.251275 0.312576 0.314710 0.676281 0.419674 0.326109 0.145356 0.602997 0.103788 0.342580 0.388635 0.242379 0.413542 0.192219 0.347265 0.507650 0.705652 0.791335 0.495640 0.423869 0.228507 0.247610 0.527861 0.409505 1.022967 0.293508 0.469117 0.314897 0.100000 0.751079 0.347161 0.569259 0.817347 0.505296 0.596762 0.100000 0.221035 0.466013 0.609718 0.669980 0.649135 0.261762 0.656215 0.254587 0.240166 0.399291 0.502519 0.366428 0.669267 0.276902 0.251393 0.603187 0.288969 0.487252 0.370662 0.404699 0.348340 0.767831 0.361202 0.714826 0.551380 0.294575 0.249314 
Production times: workers row and ops columns
0.100000 0.100000 0.337324 0.100000 0.395475 0.100000 0.100000 0.100000 0.293902 0.578870 0.233651 0.466599 0.940039 0.292061 0.100000 0.100000 0.100000 0.218773 0.353828 0.845406 0.362522 0.126479 0.522267 0.271140 0.100000 0.100000 0.100000 0.170142 0.100000 0.890344 0.400625 0.348783 0.100000 0.536221 0.176108 0.448569 0.805766 0.100000 0.100000 0.106138 0.224305 0.660278 0.715872 0.537947 0.175003 0.245613 0.480621 0.227006 0.100000 0.626853 0.975555 0.720888 0.150835 0.369388 0.100000 1.184672 0.521628 0.713983 0.930771 0.353903 0.435720 0.126650 0.528100 0.302646 0.906533 0.100000 0.520480 0.100000 0.624904 0.100000 0.132750 0.209959 0.373983 0.345817 0.279615 0.156410 0.457055 0.505625 0.100000 0.471455 0.502443 0.219646 0.226516 0.812959 0.539037 0.100000 0.531466 0.161611 0.100000 
0.100000 0.382085 0.809326 0.856928 0.635434 0.100000 0.100000 0.100000 1.095463 0.523881 0.100000 0.520506 0.382952 0.100000 1.067781 0.100000 0.205239 0.545623 0.174887 0.100000 0.100000 0.100000 0.755076 0.372628 0.227011 0.100000 0.108490 0.100000 0.100000 1.140317 0.466689 1.079914 0.709617 0.666842 0.100000 0.100000 0.637137 0.810838 0.784954 0.684921 0.691498 0.301365 0.812376 0.507188 0.544238 0.100000 0.200260 0.706746 0.649901 0.534514 1.085812 0.100000 0.100000 0.227290 0.100000 0.100000 1.376197 0.601732 0.100000 0.974583 0.694952 0.232054 0.100000 0.164125 0.164404 0.903710 0.803809 0.265045 0.804658 0.529692 0.100000 0.100000 0.388449 0.100000 0.922280 0.100000 0.100000 0.542761 0.755491 0.889195 1.183401 0.100000 0.560608 0.806418 0.100000 0.146410 0.903366 0.100000 0.283929 
0.100000 0.100000 0.654044 0.236395 0.334770 0.236089 0.100000 0.372065 0.445934 0.635798 0.165614 0.314905 0.444965 1.159128 0.629810 0.100000 0.499444 0.591593 0.380172 0.100000 0.100000 0.269897 1.000467 0.454502 0.100000 0.100000 0.100000 0.404173 0.281477 0.661950 0.252122 0.752404 0.100000 0.470795 0.100000 0.245992 0.100000 0.188436 0.346359 0.307283 0.100000 0.535451 0.123585 0.592631 0.112001 0.327374 0.100000 0.100000 0.989995 0.644015 0.776119 0.156412 0.218914 0.722082 0.100000 0.575299 0.386618 0.624802 1.033545 0.892909 0.777095 0.484059 0.673822 0.484107 0.473937 0.567646 0.559202 0.688272 0.819121 0.100000 0.170346 0.588894 0.739806 0.100000 0.641091 0.454498 0.100000 0.511296 0.487455 0.264101 0.333578 0.634354 0.360862 0.821639 0.808742 0.738936 0.634108 0.764480 0.451489 
0.689776 0.211497 1.128328 0.829153 0.553863 0.629294 0.100000 0.533156 0.844238 0.377494 0.153210 0.100000 0.396446 0.744684 0.711578 0.217223 0.546993 0.842123 0.565945 0.549533 0.100000 0.403814 0.798490 0.741621 0.355229 0.533490 0.100000 0.437756 0.470152 1.064515 0.972295 0.100000 0.170295 0.403553 0.100000 0.321361 0.128755 0.278162 0.495702 0.606208 0.100000 0.400697 0.623793 1.048731 0.813266 0.566283 0.293633 0.100000 0.484405 0.257449 1.312927 0.788813 0.300629 0.599788 0.481708 0.365340 0.416871 0.833001 0.775922 0.476517 0.532001 0.246344 0.111410 0.761884 0.276603 1.383430 0.280154 0.657575 0.655697 0.145957 0.992208 0.320881 0.498653 0.733171 1.075503 0.289817 0.326061 0.925558 0.529025 1.043954 0.553226 0.406653 0.357580 0.649701 1.063166 1.130884 1.054710 0.340559 0.208390 
0.100000 0.284089 1.227203 0.100000 0.302629 0.100000 0.409238 0.100000 0.813149 0.637571 0.187052 0.268585 0.279799 0.610614 0.100000 0.100000 0.710925 0.608055 0.574749 0.385969 0.688602 0.678674 1.328598 0.758337 0.882446 0.409894 0.121045 1.125749 0.322424 0.722227 0.331518 0.282604 0.666949 0.719608 0.424883 0.100000 0.307139 0.223874 0.472708 0.563039 0.412748 0.651570 0.859182 0.882217 0.617333 0.332105 0.265246 0.282214 0.799623 0.710921 1.358224 0.142224 0.548559 0.510048 0.368996 1.494025 0.100000 0.863868 0.653888 0.673554 1.042605 0.451615 0.387945 0.633753 0.975144 0.966505 0.942721 1.098164 1.031673 0.100000 0.134661 1.076173 0.100000 0.569805 0.882507 0.313617 0.516243 0.994792 0.788952 0.789135 0.230184 0.486552 0.551054 0.796608 0.339333 0.997642 0.501822 0.240695 0.358144 
0.100000 0.468784 0.782325 0.100000 0.100000 0.202265 0.100000 0.137980 0.875815 0.100000 0.100000 0.100000 0.689561 0.352015 0.166165 0.100000 0.244044 0.266933 0.340581 0.498015 0.321062 0.100000 0.686524 0.276041 0.100000 0.558471 0.100000 0.100000 0.155892 0.826945 0.451707 0.765242 0.100000 0.100000 0.100000 0.100000 0.595984 0.309308 0.428568 0.100000 0.269514 0.561063 0.339340 0.860754 0.698036 0.945204 0.100000 0.100000 0.385717 0.100000 1.242822 0.271316 0.564756 0.906437 0.151439 0.859844 0.100000 0.235721 1.057991 0.889244 0.445542 0.100000 0.411752 0.392934 0.186593 0.624591 0.312911 0.304004 0.612058 0.115635 0.100000 0.200347 0.522376 0.100000 0.438925 0.100000 0.177362 0.861352 0.410977 0.100000 0.100000 0.100000 0.100000 0.387744 0.150820 0.641602 0.449291 0.190807 0.100000 
0.698007 0.100000 1.416703 0.832339 0.100000 0.100000 0.152128 0.626754 0.150158 0.343402 0.673610 0.292431 0.726482 0.700225 0.135411 0.392945 0.999948 0.400213 0.386981 0.499745 1.346179 0.881651 0.969194 0.372110 0.100000 0.285036 0.368805 0.100000 0.477455 0.407811 0.423200 0.508467 0.195138 0.841231 0.523058 0.822736 0.582974 0.431676 1.088738 0.474976 0.371180 0.607431 0.827834 1.446310 0.697638 0.436455 0.506251 0.599682 0.641295 0.569389 1.122059 0.377884 1.272320 0.861927 0.266746 1.037787 0.395290 0.553141 0.132113 0.531770 0.658090 0.100000 0.377579 0.300665 0.785818 0.986409 0.405736 0.567233 0.752380 1.282409 0.100000 1.016372 0.834011 0.869679 0.839256 0.546055 0.246566 0.257022 0.533364 0.590633 0.678418 0.870297 0.205401 0.514114 0.543878 0.587330 0.509253 0.713980 0.310542 
1.052578 0.100000 0.100000 0.100000 1.291634 0.100000 0.100000 1.110218 0.992095 0.933364 0.100000 0.100000 0.100000 0.100000 0.133926 0.100000 0.661691 0.100000 0.585988 1.103642 0.100000 0.100000 1.520789 0.951351 0.100000 0.100000 0.100000 1.052301 0.100000 0.700854 0.985271 0.100000 0.100000 1.413674 0.266952 0.100000 0.917027 0.100000 0.865297 0.127853 1.072039 0.301231 0.581553 0.642638 0.248349 1.162620 0.100000 0.223078 0.100000 0.100000 0.405964 0.479041 0.235880 0.100000 0.100000 0.313497 0.999534 1.506119 0.766666 0.100000 0.735727 0.100000 0.991074 0.454305 0.354036 0.596473 0.255393 0.356256 0.100000 0.451449 0.312186 0.453798 0.100000 0.187242 0.939422 0.100000 0.476590 1.185887 0.100000 0.548925 0.159766 0.742746 0.631091 1.660922 0.164668 0.903979 0.100000 0.100000 0.100000 
0.243895 0.100000 0.810922 0.100000 0.102158 0.100000 0.100000 0.100000 0.360301 0.100000 0.100000 0.100000 0.637686 0.291718 0.100000 0.100000 0.100000 0.379143 0.279489 0.432477 0.215782 0.100000 0.887076 1.095065 0.100000 0.202012 0.889901 0.207182 0.124535 0.846543 0.100000 0.664125 0.110164 1.021098 0.199906 0.275265 0.662449 0.107812 0.396783 0.128592 0.743745 0.339111 0.461173 1.137847 0.773984 0.273771 0.100000 0.153117 0.217909 0.483953 0.697432 0.100000 0.130741 0.618545 0.392786 0.811202 0.338256 0.304588 0.100000 0.574650 0.115973 0.504150 0.100000 0.100000 0.640543 0.592031 0.986730 0.403171 0.163850 0.100000 0.711495 0.100000 0.324024 0.468341 0.642763 0.370344 0.100000 0.720599 0.201843 0.512847 0.551505 0.590052 0.365114 0.636127 0.481956 0.635433 0.257307 0.323315 0.100000 
0.284689 0.100000 0.860632 0.100000 0.679350 0.100000 0.100000 0.197382 0.383371 0.100000 0.302249 0.436055 0.183398 0.100000 0.321308 0.100000 0.100000 0.479879 0.461024 0.853423 0.476944 0.586365 0.725062 1.008243 0.100000 0.561381 0.100000 0.205728 0.376955 0.549906 0.649492 0.100000 0.100000 0.644152 0.100000 0.100000 0.100000 0.286257 0.644384 0.100000 0.311960 0.825218 0.776199 0.420979 0.304068 0.757882 0.100000 0.496526 0.752100 0.301068 1.032034 0.323731 0.768804 0.220795 0.360935 0.636842 0.113127 0.933957 0.695681 0.100000 0.695963 0.100000 0.185680 0.418969 0.650130 0.946537 0.656301 0.281616 0.491827 0.100000 0.100000 0.241378 0.360897 0.100000 0.621210 0.100000 0.100000 0.411135 0.614952 0.716080 0.100000 0.775303 0.100000 0.679837 0.103403 0.816821 0.379301 0.100000 0.657265 
0.100000 0.316987 0.687840 0.120406 0.443805 0.199799 0.321093 0.216129 0.391888 0.100000 0.306008 0.147522 0.260297 0.993752 0.837273 0.100000 0.171903 0.695544 0.551127 0.120490 0.664597 0.396365 0.935275 0.906694 0.359626 0.414007 0.100000 0.100000 0.471842 0.817872 0.335878 0.365870 0.100000 0.591224 0.262502 0.100000 0.148528 0.886571 0.129460 0.100000 0.859519 0.511341 0.964256 1.050733 0.100000 0.306011 0.155925 0.429540 0.380035 0.414140 1.070741 0.723631 0.184749 0.455660 0.100000 0.303963 0.485853 0.694721 0.109989 0.100000 1.023545 0.410242 0.438681 0.685296 0.760404 0.589972 1.355953 0.562823 0.676895 0.258952 1.120067 0.931467 0.935198 0.277362 1.432714 1.014302 0.356325 1.004021 0.728041 1.162419 0.811613 0.356095 0.322674 0.966728 0.278620 1.259340 0.706533 0.826563 0.222172 
0.419208 0.100000 0.100000 0.222762 0.376690 0.511840 0.422589 0.995741 0.947023 0.692338 0.100000 0.100000 0.238427 0.191747 0.731268 0.133012 0.100000 0.100000 0.100000 0.548804 1.087132 0.525030 1.317034 1.119463 0.100000 0.869849 0.441003 0.131900 0.541314 1.070102 0.100000 0.111760 0.100000 1.095961 0.518041 0.100000 0.774633 0.100000 1.266119 0.353163 0.695459 0.154902 0.633368 0.893324 0.100000 1.016245 0.228539 0.623373 0.799861 0.270738 0.413889 0.100000 0.100000 0.583877 0.100000 1.863358 0.286581 0.908095 1.500309 0.366021 0.531506 0.389554 0.100000 1.411556 1.057837 1.793366 1.174111 0.638803 0.100000 0.100000 0.429122 0.423048 0.100000 0.319706 1.378096 0.520496 0.788789 0.482737 0.100000 0.100000 0.648307 0.100000 0.496720 0.572441 0.100000 0.267307 0.174119 0.100000 0.100000 
0.366650 0.100000 0.784467 0.100000 0.503496 0.204186 0.100000 0.149363 0.545384 0.371134 0.461331 0.336281 0.543015 0.937753 0.100000 0.359959 0.752190 0.976344 0.100000 0.451571 1.045240 0.546548 0.566859 0.524642 0.100000 0.475965 0.100000 0.281533 0.569013 0.817709 0.520551 1.064888 0.261535 0.100000 0.100000 0.936327 0.857020 0.375767 0.591135 0.163118 0.327620 0.230598 0.614385 0.581570 0.536830 0.351068 0.100000 0.728959 0.976876 0.100000 1.215341 0.553623 0.788015 0.384475 0.100000 1.192255 0.393994 0.417252 0.706489 0.790564 0.250408 0.540958 0.293123 0.165272 0.343002 0.831566 0.630351 0.100000 0.716418 0.541172 0.704764 0.410650 0.536059 0.314748 0.763227 0.219462 0.843205 0.427070 0.355412 0.196824 0.482869 0.520001 0.494336 1.483897 0.467339 0.987353 0.875597 1.009750 0.484911 
0.100000 0.367511 0.177886 0.150452 0.387110 0.100000 0.113062 0.460188 0.585072 0.102974 0.154245 0.100000 0.930074 0.619014 0.427847 0.542854 0.393413 0.532758 0.178577 0.789680 0.610370 0.100000 0.533934 0.403298 0.658081 0.100000 0.193948 0.595651 0.629350 0.339265 0.765043 0.100000 0.473085 0.352504 0.324034 0.829654 0.100000 0.497151 0.105636 0.100000 0.395533 0.100000 0.853389 0.722796 0.299577 0.462646 0.432569 0.100000 0.613016 0.336370 0.656592 0.320769 0.681601 0.100000 0.100000 0.628101 0.438972 0.384260 0.100000 0.509487 0.806647 0.175126 0.749237 0.100000 0.678139 0.481735 0.547936 0.762553 0.100000 0.100000 0.100000 0.100000 0.188126 0.675516 0.139566 0.100000 0.218226 0.760853 0.331709 0.507159 0.100000 0.100000 0.663980 0.559164 0.393256 0.693672 0.100000 0.148954 0.433176 
0.123730 0.234955 1.013661 0.637033 1.362541 0.371629 0.100000 0.466891 0.803418 0.755780 0.410786 0.402996 0.545654 0.644751 0.706567 0.329883 0.769622 0.357363 0.100000 0.616276 0.100000 0.292673 1.050776 0.871409 0.244644 0.314894 0.100000 0.533539 0.381833 0.840239 0.769483 1.012128 0.100000 0.100000 0.100000 0.663410 0.215389 0.841774 0.955956 0.100000 0.269865 0.712341 0.780658 0.117876 0.451530 0.877200 0.392564 0.340618 0.175123 0.824638 0.844288 0.367676 0.987549 0.481895 0.100000 0.788822 0.262272 0.405288 1.097180 0.308597 0.708823 0.100000 0.117353 0.100000 0.100000 1.137773 0.370930 0.501754 0.488259 0.387157 0.359413 0.501325 0.609201 0.153517 0.588376 0.370250 0.491522 1.219978 0.570901 0.601562 0.376275 0.785886 0.840608 0.970494 0.423181 0.939850 0.333186 0.261377 0.663932 
0.416130 0.100000 0.900773 0.100000 0.551515 0.399329 0.189192 0.126685 0.458840 0.100000 0.100000 0.100000 0.650308 0.100000 0.100000 0.100000 0.485227 0.665392 0.100000 0.292868 0.681524 0.517388 0.629976 0.255397 0.472084 0.324173 0.115701 0.343157 0.100000 0.340690 0.100000 0.189418 0.100000 0.473283 0.576178 0.451147 0.100000 0.312261 0.100000 0.100000 0.440230 0.100000 0.491497 0.392050 0.123520 0.256723 0.100000 0.100000 0.789840 0.226024 1.075304 0.100000 0.720084 0.266669 0.100000 0.416648 0.100000 0.438132 0.737082 0.695514 0.617108 0.142380 0.169434 0.613337 0.836430 0.938473 0.490273 0.374795 0.672259 0.619240 0.169560 0.396131 0.992486 0.100000 0.531056 0.886363 0.702254 0.526335 0.302433 0.100000 0.458031 0.950193 0.625678 0.753253 0.310481 0.866214 0.946851 0.158625 0.100000 
0.705730 0.100000 0.436649 0.349859 0.406041 0.100000 0.100000 0.499584 0.712869 0.100000 0.432958 0.308091 0.487461 1.013909 0.234396 0.100000 0.979597 0.556559 0.451006 0.256449 0.350288 0.726911 0.893782 0.296474 0.100000 0.679221 0.100000 0.726163 0.734499 0.375353 0.887584 0.329533 0.786246 0.977245 0.100000 1.039405 0.510453 0.291471 0.100000 0.410428 0.771876 0.745636 0.890620 1.123319 1.061196 0.577768 0.149107 0.491801 0.746480 0.825710 1.131387 0.206247 0.367377 0.375042 0.224429 1.238668 0.103117 0.914619 1.412969 0.504621 1.156567 0.100000 0.100000 0.777881 0.860849 1.477262 0.817686 0.437774 0.923240 0.895212 0.100000 0.703264 0.511625 0.218116 0.904005 0.301354 0.500606 0.702535 0.100000 0.296197 0.116533 0.292294 0.961889 0.787485 0.687068 0.736727 0.381390 0.464474 0.280854 
0.723520 0.373375 0.438076 0.100000 0.100000 0.632785 0.410891 0.441700 0.902715 0.100000 0.603855 0.208836 0.988373 0.713534 0.845434 0.100000 0.665548 0.500996 0.659570 0.699603 0.100000 0.697833 0.583709 0.927556 0.100000 0.100000 0.797247 0.100000 0.100000 1.567520 0.100000 1.899916 0.100000 0.273683 0.100000 0.200687 0.437369 0.351562 0.446087 0.100000 0.100000 1.060191 1.449602 0.857273 0.261467 0.100000 0.625911 0.100000 1.205042 0.383395 1.074774 0.383688 0.903828 1.279180 0.304516 0.773215 0.100000 0.100000 1.461990 0.100000 0.645461 0.100000 0.100000 0.100000 0.238360 0.546315 1.128893 0.100000 0.100000 0.419310 0.100000 0.127602 0.681092 0.100000 0.100000 0.435624 0.100000 0.176715 0.216400 0.930171 1.511850 0.621830 0.384746 0.100000 1.418554 1.316934 0.100000 0.169096 0.608100 
0.100000 0.100000 0.181731 0.221964 0.238268 0.420402 0.100000 0.523673 0.766215 0.100000 0.100000 0.100000 0.142534 0.100000 0.636521 0.283568 0.349393 0.100000 0.584511 0.812894 0.462479 0.273881 0.436270 0.101595 0.261523 0.247954 0.127099 0.100000 0.280622 0.851505 0.194333 0.100000 0.100000 0.106817 0.100000 1.106480 0.515289 0.100000 0.547319 0.219816 0.228610 0.913261 0.616203 0.859780 0.573369 0.495682 0.107660 0.115046 0.645795 0.100000 0.728019 0.499201 0.100000 0.100000 0.418544 0.549754 0.100000 0.648583 0.660694 0.100000 0.265060 0.100000 0.430987 0.633550 0.162503 0.100000 0.357297 0.100000 0.549659 0.671191 0.100000 0.117852 0.437097 0.344542 0.414536 0.100000 0.100000 0.100000 0.100000 0.533290 0.422768 0.772957 0.401395 1.239198 1.072815 0.456392 0.963479 0.100000 0.637085 
0.229493 0.100000 0.101324 0.100000 0.500440 0.100000 0.100000 0.267312 0.428089 0.109364 0.283989 0.445600 1.044556 0.616945 0.221601 0.372086 0.100000 0.241330 0.253333 0.100000 0.907856 0.718867 1.238471 0.640161 0.115691 0.204855 0.372973 0.100000 0.100000 0.380188 0.313915 0.359467 0.100000 0.381903 0.100000 0.407897 0.576445 0.100000 0.380430 0.717669 0.652354 0.564933 0.734981 0.963456 0.543532 0.369349 0.100000 0.302432 0.285257 0.449721 1.235319 0.284984 0.483702 0.101489 0.314524 0.167669 0.131550 0.623513 0.893541 0.665890 0.702808 0.100000 0.100000 0.716402 0.519729 0.378871 1.116327 0.412208 0.248366 0.300129 0.414354 0.587422 0.206569 0.100000 0.750220 0.100000 0.100000 0.359051 0.258020 0.153955 0.100000 0.217511 0.100000 0.939192 0.350658 0.919145 1.162807 0.100000 0.100000 
0.100000 0.100000 0.784778 0.100000 0.805341 0.100000 0.568353 0.372366 0.770651 0.376797 0.195799 0.100000 0.592030 0.691189 0.281462 0.100000 0.793883 0.865598 0.148135 0.549658 0.174186 0.522033 0.607898 0.359661 0.100000 0.336007 0.100000 0.100000 0.301472 0.529619 0.100000 0.100000 0.508727 0.288463 0.425394 0.100000 0.290144 0.100000 0.490773 0.100000 0.492663 0.100000 0.100000 0.405115 0.504509 0.746687 0.198047 0.177845 0.100000 0.100000 0.896277 0.350896 0.222091 0.359717 0.100000 0.434326 0.746323 0.483085 1.101277 0.435406 0.603685 0.100000 0.100000 0.226531 0.277034 0.649005 0.330922 0.456115 0.591427 0.454438 0.353555 0.100000 0.263394 0.383954 0.100000 0.167740 0.680581 0.509240 0.156589 0.558921 0.487628 0.146554 0.100000 1.575367 0.309625 0.242755 1.048098 0.101442 0.418969 
0.101713 0.406317 1.917489 0.875176 0.138638 0.100000 0.100000 0.622883 0.472302 0.100000 0.951472 0.738082 1.101683 0.304855 0.100000 0.100000 0.554225 0.100000 0.100000 0.617338 0.812338 0.169531 1.427952 0.764922 0.194773 0.458576 1.123423 0.737063 1.310001 0.503269 0.100000 0.753676 0.118983 0.762935 0.100000 0.867676 0.463355 0.100000 0.125423 1.097039 0.322772 0.100000 0.402944 0.790154 0.539737 0.100000 0.100000 0.532384 0.100000 0.100000 0.308843 0.578123 0.190887 0.433850 0.689630 0.419880 0.292353 1.289120 1.195479 0.224057 0.249176 0.940663 0.132137 1.029235 0.582740 0.544197 0.326398 1.072012 0.788499 0.465469 0.936854 0.551880 0.632658 0.718483 0.607975 0.541029 0.429574 0.247922 0.205076 0.208954 0.931446 0.100000 0.401465 1.656893 0.754709 1.186866 0.854447 0.362319 0.153820 
0.290874 0.100000 1.025273 0.601895 0.571035 0.100000 0.908482 0.100000 0.110094 0.100000 0.151052 0.100000 0.409965 0.774175 0.946417 0.100000 0.415163 0.100000 0.200794 0.775180 0.763619 0.308577 1.055216 0.822645 0.430826 0.100000 0.100000 0.154591 0.816291 0.643810 0.317450 0.598599 0.527022 0.100000 0.100000 0.100000 0.231833 0.100000 0.107774 0.100000 0.141790 0.623732 0.635320 0.918152 0.252264 0.198449 0.214120 0.126734 1.209352 0.335051 0.390665 0.214371 0.435122 0.858793 0.100000 0.831208 0.100000 0.778330 0.600070 0.185208 0.345894 0.100000 0.100000 0.103859 0.697286 0.390199 0.953487 0.100000 0.506819 0.872212 0.100000 0.100000 0.144947 0.530192 0.180024 0.368593 0.415417 0.501509 0.450285 0.100000 0.398232 0.357958 0.100000 0.457538 0.100000 0.255257 0.603319 0.552377 0.100000 
0.100000 0.100000 0.666504 0.100000 0.515104 0.499351 0.392123 0.664675 0.866454 0.378775 0.100000 0.460019 0.587375 0.100000 0.198768 0.100000 0.794079 0.453524 0.100000 0.304039 0.882752 0.100000 0.836971 0.435050 0.100000 0.340509 0.371351 0.276570 0.100000 0.835698 0.461488 0.724451 0.628988 0.100000 0.100000 0.252914 0.534336 0.100000 1.284531 0.309962 0.233601 0.485710 0.575250 1.111538 0.476192 0.100000 0.100000 0.100000 0.647483 0.100000 0.536133 0.525998 0.555031 0.100000 0.100000 0.504599 0.354935 0.415890 0.268465 0.859621 0.483652 0.100000 0.100000 0.100000 0.490409 0.476730 0.220252 0.234823 0.144350 0.100000 0.100000 0.100000 0.277351 0.887676 0.179039 0.589509 0.100000 0.546295 0.465236 0.870104 0.507017 0.246146 0.252621 0.867709 0.100000 1.017023 0.285621 0.193216 0.160574 
0.100000 0.434584 0.330974 0.100000 0.100000 0.100000 0.198714 0.176418 0.442368 0.580770 0.273176 0.100000 0.505798 0.100000 0.100000 0.346322 0.168546 0.100000 0.145545 0.815314 0.100000 0.138831 0.425956 0.101127 0.100000 0.409192 0.344813 0.660803 0.330219 0.886763 0.100000 0.100000 0.100000 0.526151 0.100000 0.488031 0.537432 0.688300 0.690977 0.100000 0.259625 0.479994 0.588261 0.736516 0.255209 0.580640 0.100000 0.196196 0.557236 0.100000 1.206817 0.100000 0.310521 0.243908 0.437266 0.705099 0.100000 0.156214 0.904791 0.640628 0.921839 0.100000 0.100000 0.653464 0.243368 0.224361 0.717159 0.367099 0.367139 0.222639 0.401948 0.100000 0.239449 0.472849 0.385357 0.100000 0.100000 0.541324 0.613849 0.542066 0.308319 0.132160 0.100000 0.519632 0.100000 0.100000 0.703129 0.248056 0.418657 
0.132261 0.306325 1.064782 0.100000 1.128665 0.100000 0.100000 0.533709 0.826488 0.398022 0.100000 0.246211 0.816097 0.297109 0.100000 0.100000 0.580560 0.160789 0.100000 1.056225 0.927751 0.100000 0.787575 1.053228 0.679062 0.403226 0.100000 0.581628 0.678034 1.114173 0.311002 0.100000 0.100000 1.197794 0.100000 0.386369 0.650076 0.100000 0.100000 0.531351 0.799300 0.462481 0.405038 0.857798 0.570058 0.490659 0.100000 1.155657 0.100000 0.100000 0.654758 0.948362 0.408475 0.748083 0.166538 1.000799 0.100000 0.223904 0.100000 0.618673 0.497606 0.100000 0.293920 1.041057 0.495434 0.642679 0.100000 0.100000 0.100000 0.292606 0.100000 0.662159 0.614690 0.261013 1.112464 0.524119 0.100000 1.193017 0.100000 0.100000 0.640794 0.536422 0.100000 0.177565 0.100000 0.547228 0.100000 0.100000 1.146846 
