87 Number of operations
23 Number of workers
Standard production times
0.395487 0.532490 0.222502 0.307822 0.261232 0.472611 0.856732 0.348992 0.510849 0.592732 0.929213 0.391227 0.206876 0.575733 0.100000 0.623915 0.189126 0.198222 0.386496 0.383715 0.967043 0.350765 0.541102 0.253267 0.159032 0.456081 0.295062 0.100000 0.627160 0.519564 0.619080 0.716055 0.419631 0.380416 0.100000 0.410165 0.555420 0.278717 0.305743 0.100000 0.571778 0.269913 0.412373 0.663896 0.543813 0.237312 0.591981 0.366152 0.400966 0.541476 0.611755 0.607141 0.514341 0.395286 0.100000 0.249166 0.430479 0.769328 0.427803 0.599307 0.100000 0.665435 0.232499 0.665336 0.283636 0.157893 0.336602 0.575480 0.716322 0.403792 0.756102 0.159809 0.168989 0.100000 0.420959 0.465930 0.486587 0.338208 0.671367 0.487711 0.500298 0.406885 0.239311 0.920120 0.766699 0.107835 0.345230 
Production times: workers row and ops columns
0.204261 1.208078 0.673102 0.340028 0.100000 0.197587 0.659217 0.100000 0.140175 0.315441 0.746360 0.136162 0.100000 0.197065 0.765131 0.100000 0.100000 0.227940 0.189422 0.410862 1.106797 0.629549 0.666692 0.100000 0.391775 0.100000 0.160736 0.100000 0.208920 0.597064 0.464103 0.922012 0.100000 0.534310 0.149382 0.348116 0.100000 0.103185 0.100000 0.100000 1.455702 0.461171 0.850151 0.435192 0.652672 0.346537 0.672435 0.267250 0.232492 0.100000 0.694798 0.634191 0.749707 0.213013 0.522544 0.100000 0.100000 0.950777 0.187299 0.122891 0.100000 0.792386 0.204931 0.714564 1.416244 0.304230 0.696130 0.100000 0.725838 0.536017 0.546758 0.100000 0.187945 0.100000 0.142832 0.710781 0.787256 0.328997 0.435098 0.542022 0.649135 0.496071 0.100000 0.718714 0.774439 0.194501 0.533465 
0.522998 0.100000 0.100000 0.100000 0.702575 0.426734 0.922681 0.558901 0.312148 0.147432 0.701257 0.246783 0.557307 0.736612 0.100000 0.723181 0.309592 0.100000 0.253941 0.100000 0.966190 0.156057 0.100000 0.100000 0.131017 0.190196 0.284920 0.165799 0.275027 0.325883 1.162484 0.652387 0.100000 0.298555 0.100000 0.649989 0.566512 0.504459 0.476397 0.117089 0.764431 0.227385 0.113711 0.256842 0.309360 0.100000 1.039779 0.100000 0.277974 0.100000 0.100000 0.482468 0.322941 0.247369 0.164684 0.100000 0.444117 0.823304 0.227350 0.414251 0.161527 0.582610 0.180225 0.100000 0.201192 0.170856 0.195958 0.576252 1.187634 0.329402 0.855702 0.100000 0.100000 0.100000 0.100000 0.363650 0.106437 0.185709 0.140223 0.100000 0.197599 0.100000 0.100000 0.636491 0.561321 0.321478 0.655935 
0.713093 0.524647 0.771588 0.100000 0.100000 0.653003 0.956070 0.407205 0.620618 0.200564 0.682204 0.861438 0.615332 0.459169 0.779947 0.402676 0.117712 0.385951 0.127996 0.337336 1.015122 0.332161 0.902354 0.531109 0.100000 0.351622 0.449082 0.179921 0.490835 0.746990 0.965046 0.626720 0.756349 0.100000 0.100000 0.660147 0.405066 0.100000 0.326727 0.100000 0.769898 0.100000 0.400918 1.712186 0.676798 0.100000 0.871927 0.630967 0.916100 0.685980 0.515693 1.129792 0.827959 0.100000 0.424280 0.279297 0.863672 0.757327 0.763647 0.757557 0.375861 0.759319 0.208176 0.785530 0.573176 0.383170 0.921155 0.803162 1.006931 1.134461 0.875940 0.420476 0.100000 0.212587 1.013533 0.659440 1.021938 0.118730 0.351113 0.679969 0.189406 1.307986 0.713846 0.646402 0.816549 0.100000 0.570037 
0.478133 0.912056 0.763002 0.341425 0.100000 0.741412 0.907377 0.792449 0.565213 0.941669 1.130033 0.434514 0.172077 0.889790 0.958920 0.975200 0.249622 0.510500 0.520712 0.100000 1.159997 0.915252 0.546354 0.100000 0.405581 1.105365 0.677115 0.505615 1.417873 1.105892 0.932885 0.753444 0.560917 0.449410 0.454505 0.245227 1.119036 0.422469 0.285712 0.444562 0.100000 0.119581 0.315058 1.010066 0.497066 0.764802 0.557923 0.622485 0.288508 0.988135 0.635396 0.862819 0.466443 0.169321 0.130725 0.678569 0.225116 0.410511 0.435407 0.933533 0.100000 0.602270 0.387789 0.666133 0.469799 0.614751 0.442962 0.655857 1.046156 0.485302 0.570233 0.100000 0.100000 0.773780 0.507380 0.739003 0.801928 0.156509 0.959999 0.418363 0.100000 0.442370 0.100000 0.918728 0.969663 0.892597 0.296497 
0.313506 0.718301 0.315763 0.228607 0.100000 0.100000 0.765043 0.100000 0.181965 0.100000 1.491455 0.100000 1.157885 0.285541 0.100000 0.100000 0.578866 0.711521 0.100000 0.549485 0.892248 0.229545 0.616701 0.635802 0.100000 0.100000 0.398407 0.100000 0.969540 0.100000 0.125795 1.487823 0.100000 0.562133 0.100000 0.207522 0.100000 0.871741 0.100000 0.100000 0.116745 0.858140 0.561979 1.003530 0.534983 0.355332 0.838999 1.139291 0.524395 0.100000 1.185305 0.654920 0.100000 0.307143 0.100000 1.292507 0.258167 0.100000 0.579421 0.184369 0.744385 0.732898 0.100000 0.414940 0.100000 0.100000 0.100000 0.100000 0.814453 0.100000 0.309297 0.535760 1.117455 0.100000 1.327002 0.100000 0.767939 0.100000 0.634365 0.100000 0.202936 0.249479 0.100000 1.125841 1.929895 0.100000 0.268025 
0.100000 1.049838 0.100000 0.184143 0.367610 0.845886 1.051315 1.008855 0.556099 0.144252 1.070900 0.527062 0.100000 0.575941 0.100000 1.244270 0.105301 0.100000 0.570326 0.100000 1.195148 0.572861 0.387810 0.185321 0.100000 1.040543 0.513548 0.100000 0.352918 0.596300 0.715078 0.585558 0.607001 0.421217 0.523049 0.641388 0.627461 0.419406 0.140931 0.465423 0.786740 0.244814 0.547712 0.602891 1.389968 0.201903 0.847631 0.575486 0.261461 0.643173 0.615475 0.781996 0.691234 0.725573 0.434906 0.227047 0.373011 0.692386 0.269044 0.176445 0.381101 0.741551 0.269117 0.268015 0.100000 0.100000 0.405714 0.876248 0.994614 0.480360 0.532480 0.257114 0.269697 0.411726 0.750719 0.486059 0.576181 0.647066 0.908523 0.536500 0.100000 0.307331 0.590925 1.065068 1.152652 0.104262 0.469312 
0.100000 0.876402 0.418343 0.852251 0.928888 1.167784 0.100000 0.105833 0.346565 0.410425 0.110406 1.041787 0.100000 0.625482 0.100000 0.370378 0.100000 0.100000 0.754201 1.573957 0.529253 0.100000 1.417011 0.534288 0.100000 0.100000 0.661387 0.206579 1.403416 0.100000 0.532300 0.562087 0.311216 0.909233 0.521185 0.100000 0.509259 0.163310 0.750305 0.100000 0.100000 0.100000 0.388485 1.122507 1.181726 0.882696 0.774035 0.107185 0.691609 0.446013 0.299128 0.751768 0.714490 0.827052 0.100000 0.100000 0.680071 0.283662 0.922880 0.100000 0.100000 0.100000 1.250824 0.429933 0.235651 0.100000 0.209346 0.982318 0.760387 0.389324 1.342443 0.100000 0.725754 0.888445 0.100000 0.592403 0.100000 0.100000 0.237804 0.740393 0.869624 0.213572 0.100000 0.691465 0.398879 0.100000 0.100000 
0.266925 0.464000 1.303733 0.636597 0.181101 0.499124 1.010910 0.100000 0.100000 0.217045 0.805142 0.438013 0.100000 0.102857 0.100000 0.638945 0.462757 0.100000 0.593547 0.100000 1.361804 0.310391 0.100000 0.114934 0.200443 0.100000 0.646069 0.100000 0.843154 0.100000 0.762954 1.068281 0.188198 0.273190 0.100000 0.565967 0.560438 0.518119 0.265591 0.100000 0.100000 0.100000 0.632477 1.785228 0.968224 0.100000 0.100000 0.613399 0.399989 0.100000 1.049599 0.601754 0.299173 0.100000 0.574561 0.274619 0.297468 0.279863 0.235898 1.210232 0.353613 1.660353 0.756693 0.831717 0.725816 0.232336 0.100000 0.267058 0.876989 0.100000 0.491032 0.100000 1.007761 0.100000 0.100000 0.100000 0.967139 0.896466 0.388807 0.770272 0.100000 0.403063 1.541161 1.388078 0.741266 0.100000 0.191229 
0.100000 0.612329 0.295385 0.266000 0.459283 0.100000 1.174371 0.100000 0.523136 0.628163 1.151522 0.890060 0.210511 0.360892 0.100000 0.601316 0.100000 0.100000 0.225643 0.485059 0.774048 0.100000 0.483595 0.100000 0.100000 0.793772 0.267925 0.594066 0.100000 0.730640 0.466023 1.419948 0.255004 0.147080 0.127146 0.366853 0.317680 0.452241 0.412798 0.265707 0.591904 0.100000 0.102290 0.741794 0.162096 0.646725 0.501729 0.100000 0.612235 0.435418 0.870909 0.570678 0.944830 0.180240 0.100000 0.100000 0.100000 0.846297 0.870547 0.440795 0.100000 0.770311 0.268609 0.450987 0.306021 0.100000 0.100000 0.681165 0.464891 0.100000 0.585205 0.530210 0.657700 0.420041 0.172458 0.100000 0.489769 0.189607 0.613076 0.100000 0.134432 0.100000 0.371122 1.138815 0.461912 0.182619 0.437692 
0.733544 0.635452 0.566532 0.103423 0.735116 0.510760 0.974542 0.375688 0.166317 0.794444 1.027165 0.368186 0.240893 0.800926 0.155775 0.564842 0.313256 0.524470 0.497273 0.244861 1.316307 0.361842 0.816710 0.309478 0.100000 0.173547 0.124912 0.129758 0.100000 0.734467 1.048963 0.743407 0.186779 0.100000 0.267595 0.633758 0.672696 0.587625 0.204017 0.124236 0.754504 0.302103 0.658533 0.912573 0.562267 0.100000 0.474667 0.794814 0.139716 0.659395 0.412857 1.399276 0.423979 0.685399 0.100000 1.306736 0.129611 0.976259 0.151884 0.945069 0.100000 0.632381 0.100000 0.646024 0.383825 0.780260 0.100000 0.838953 0.828901 0.321118 0.792443 0.377018 0.257733 0.186785 0.286774 0.445622 0.731781 0.161475 0.615674 0.609739 0.698088 0.622684 0.278715 0.409784 1.095145 0.508276 0.803583 
0.597325 0.885507 0.233350 0.100000 0.308633 0.497703 1.254230 0.686890 0.454052 0.564029 1.013354 0.510125 0.728235 0.525279 0.581673 0.303359 0.100000 0.792584 0.598464 0.508295 1.237661 0.380420 0.651635 0.412303 0.318357 0.657132 0.215765 0.301381 0.508151 0.787571 0.662637 0.883843 0.596294 0.252862 0.100000 0.460926 0.782861 0.652768 0.383471 0.100000 0.737237 0.357333 0.731091 1.117475 1.218517 0.100000 0.544085 0.437327 0.727063 0.836366 0.722535 0.929626 0.443733 0.379926 0.283317 0.100000 0.992100 0.626939 0.184663 0.788315 0.100000 0.631250 0.276907 1.141406 1.286466 0.303387 0.100000 0.747791 1.009208 0.224278 0.954001 0.725509 0.410379 0.100000 0.350375 0.100000 0.452515 0.261141 1.180514 0.121884 0.126277 0.559170 0.510621 0.851820 0.919241 0.401740 0.660295 
0.599971 0.788776 0.100000 0.641331 0.398037 0.321531 0.834495 0.357172 0.443109 0.638811 0.908089 0.100000 0.943111 0.784185 0.854519 0.636102 0.764607 0.254139 0.948320 0.753682 1.289119 0.392804 0.701702 0.746659 0.100000 0.346632 0.100000 0.100000 0.907253 0.864919 0.656269 1.150080 0.296642 0.299078 0.234745 0.627982 0.614159 0.100000 0.573357 0.706964 0.558082 0.376064 0.179226 0.761280 0.369145 0.387426 1.154367 0.621503 0.283371 0.881119 0.195296 1.067213 0.703288 0.175965 0.101527 0.100000 1.125128 1.037678 0.224481 0.496177 0.244468 0.592008 0.399606 0.875314 0.100000 0.437847 0.933663 0.767381 0.998708 0.346970 0.700728 0.347293 0.100000 0.100000 0.764605 0.369041 0.647702 0.468388 0.889615 0.762627 0.753756 0.416030 0.579302 0.909009 0.969156 0.100000 0.466113 
0.100000 0.102442 0.908162 0.463680 0.100000 0.100000 0.489329 0.991275 0.183561 1.072893 0.813089 0.217816 0.100000 0.708022 0.602472 1.000050 0.437525 0.100000 0.421713 0.100000 0.528994 0.518063 0.100000 0.475831 0.100000 1.149576 0.192110 0.318236 1.098929 0.779117 0.905042 0.100000 0.829817 0.100000 0.100000 0.100000 0.347849 0.100000 0.143485 0.100000 0.443864 0.100000 0.271225 1.028015 0.100000 0.166997 0.468937 0.100000 0.136789 1.201959 0.745761 0.279238 0.832165 0.527528 0.100000 0.100000 0.363169 0.730964 0.553718 0.558550 0.100000 0.356088 0.100000 0.363270 0.493718 0.100000 0.100000 0.907909 1.884041 0.293202 1.349620 0.100000 0.245067 0.525592 0.955620 1.505619 0.230340 0.365130 1.336575 1.127371 0.100000 0.399794 0.738490 1.529220 0.293615 0.285170 0.100000 
0.799475 1.159809 0.100000 0.342345 0.100000 0.435083 1.119622 0.624515 0.732436 0.276282 0.776826 1.050906 0.376271 0.548458 0.275877 0.550309 0.338761 0.100000 0.284756 0.100000 1.592492 0.666565 0.828468 0.614094 0.221990 0.232206 0.548982 0.407223 0.888678 0.502829 0.266957 1.054258 0.643275 0.463392 0.130574 0.472298 0.487925 0.100000 0.374649 0.100000 0.768230 0.277900 0.598568 0.403487 0.779987 0.957925 0.663193 0.655443 0.764219 0.748800 0.785298 0.240957 0.370736 0.959187 0.262401 0.413594 1.113366 0.357516 0.844511 0.895816 0.100000 0.577142 0.461252 0.556191 0.155869 0.441024 0.381595 0.733781 0.769201 0.545318 0.948268 0.923754 0.391767 0.100000 0.636753 0.645106 1.579791 0.100000 0.980352 0.667094 1.060604 0.202177 0.100000 1.127010 1.119184 0.341120 0.636244 
0.899105 0.598820 0.100000 1.043438 0.100000 0.100000 0.660940 0.281756 0.479934 0.444396 1.118093 0.222841 0.100000 1.275994 0.100000 1.171629 0.277236 0.442011 1.158434 0.100000 1.531207 0.384264 0.978266 0.100000 0.164120 0.380386 0.100000 0.100000 1.532426 1.156342 1.321574 0.604505 0.333037 0.160623 0.100000 0.291158 0.183323 0.716222 0.772164 0.319888 0.127375 0.100000 1.084804 0.827712 1.048915 0.100000 1.076483 0.205806 0.160623 0.678826 0.252081 0.100000 1.196505 0.744173 0.100000 0.240530 0.997917 0.514866 0.100000 1.732944 0.100000 0.437463 0.100000 0.100000 0.447408 0.100000 0.653143 0.495917 0.633286 0.711444 1.082060 0.839456 0.100000 0.100000 0.757342 0.849303 0.218215 0.100000 0.672810 0.100000 0.100000 0.967828 0.100000 1.940578 0.823753 0.241459 1.692944 
0.483104 0.536566 0.155368 0.214072 0.100000 0.682702 0.962946 0.241123 0.871669 0.509598 0.497940 0.155779 0.285733 0.763830 0.753187 0.595944 0.435689 0.593772 0.656944 0.562377 0.716551 0.322560 1.280476 0.395314 0.237614 0.196058 0.459420 0.706829 0.537571 0.332297 0.688037 0.654807 0.309397 1.115055 0.418036 0.100000 0.618865 0.636177 0.297067 0.423771 0.311833 0.506541 0.477905 0.913112 0.605993 0.119502 0.790026 0.583804 0.674594 0.211614 0.541320 0.618844 0.508793 0.364146 0.205301 0.734972 1.024862 1.196841 0.670052 0.100000 0.100000 0.905473 0.100000 1.080314 0.163580 0.284157 0.285149 0.734215 0.364209 0.391174 0.579161 0.100000 0.100000 0.472785 0.166327 0.758371 0.520875 0.551202 0.740491 0.545702 0.194494 1.272226 0.622538 1.286396 0.173355 0.100000 0.194831 
0.844407 0.570814 0.100000 0.564836 0.255101 0.813413 1.359978 0.100000 0.144136 0.100000 1.283477 0.281918 0.100000 0.100000 0.218009 0.553153 0.183199 0.100000 0.100000 0.948639 0.908164 0.416682 0.111323 0.857878 0.100000 0.162241 0.100000 0.100000 0.950131 0.228099 0.100000 0.573924 0.213454 0.336798 0.100000 0.467698 0.100000 0.100000 0.599708 0.457729 0.100000 0.396067 0.333719 1.176394 0.100000 0.369573 0.954912 0.100000 0.100000 0.951756 0.442828 0.996074 0.542192 0.100000 0.100000 0.389690 0.100971 1.227890 0.100000 0.521031 0.100000 0.209675 0.100000 0.100000 0.100000 0.100000 0.100000 0.449146 0.552109 0.122637 0.815058 0.529128 0.100000 0.176600 0.100000 1.507460 0.100000 0.100000 1.054065 0.646871 0.916519 1.064122 0.100000 1.855019 0.402008 0.100000 0.738060 
0.100000 0.100000 0.100000 0.118204 0.382637 0.138071 0.987440 0.100000 0.680087 0.698933 0.656920 0.185867 0.100000 0.340831 0.100000 0.908625 0.193874 0.212386 0.100000 0.254539 1.173047 0.268129 0.265072 0.104662 0.279388 0.285602 0.100000 0.100000 0.550987 0.100000 0.499634 0.735835 0.963698 0.696389 0.100000 0.100000 0.523302 0.100000 0.100000 0.312842 0.219147 0.351965 0.352296 0.823414 0.370619 0.100000 0.933984 0.459129 0.395299 0.432011 0.668297 0.463223 0.586344 0.257861 0.100000 0.100000 0.122295 1.260735 0.735450 0.375581 0.100000 0.410748 0.100000 0.923647 0.100000 0.100000 0.100000 0.107354 1.062776 0.253700 0.679830 0.100000 0.100000 0.100000 0.462637 0.238070 0.488391 0.129241 0.535115 0.622278 0.274645 0.454630 0.160695 0.817338 0.511711 0.100000 0.243379 
0.850503 0.744917 0.682475 0.413807 0.100000 0.926758 0.940668 0.780275 0.837816 0.947438 1.166105 0.100000 0.558127 0.762855 0.428435 0.994592 0.388680 0.497107 0.100000 0.516275 1.282646 0.648765 0.378586 0.100000 0.100000 0.570034 0.477522 0.690636 1.099029 0.397700 0.908476 0.692782 0.757592 0.278883 0.588679 0.344323 0.547909 0.102693 0.650744 0.219747 0.800071 0.593455 0.260820 1.261342 0.875217 0.407559 0.692589 0.389882 0.342423 0.918229 0.770427 0.701674 0.448444 0.547018 0.812389 0.488292 0.100000 0.179487 0.741954 0.288330 0.287002 0.952718 0.541297 1.361158 0.265156 0.326603 0.258866 0.288500 0.585781 0.941492 1.296945 0.100000 0.513338 0.150895 0.792585 0.303473 0.684123 0.484486 0.512796 0.423939 0.455350 0.516232 0.844434 1.504517 1.354087 0.395552 0.742938 
0.206677 0.658340 0.664719 0.524517 0.173154 0.727680 1.031919 0.514221 0.459761 0.904941 0.991931 0.272154 0.315684 0.859164 0.617347 1.080006 0.100000 0.628214 0.670299 0.638928 1.497207 0.970983 0.855559 0.336425 0.114643 0.641713 0.533065 0.100000 1.269456 1.105506 1.005059 1.414245 0.814627 0.398509 0.497148 1.144576 0.613088 0.100000 0.725037 0.100000 0.393475 0.503574 0.415196 1.305190 0.672732 0.553355 1.050695 0.506151 0.680431 0.122481 1.345146 0.757245 0.557914 0.327770 0.281627 0.187843 0.609447 0.688275 0.109828 0.478765 0.100000 0.886059 0.377002 0.616828 0.484891 0.100000 0.426288 0.591736 0.941632 0.242161 0.812165 0.250545 0.100000 0.215458 0.508081 0.842142 0.256223 0.100000 0.287784 0.651827 0.440295 0.210251 0.410229 1.277214 1.430241 0.578329 0.251744 
1.118712 0.159823 0.431635 0.693331 0.100000 0.539073 0.905375 1.438367 0.208999 0.970401 0.842607 0.433275 0.100000 1.065748 0.722619 1.217622 0.100000 0.100000 0.349752 0.947412 1.368425 0.222169 0.196877 1.091072 0.868346 0.100000 0.262836 0.100000 1.664773 0.872687 1.180716 0.278873 0.558472 0.327891 0.175000 0.614565 0.520431 0.100000 0.887074 0.100000 0.177071 0.100000 0.588680 0.726708 0.215104 0.100000 0.676192 0.218532 0.100000 0.768002 1.064677 0.790112 0.937797 0.517502 0.873132 0.704058 0.265082 1.320249 0.610783 0.348056 0.100000 0.523991 0.100000 0.290581 0.100000 0.100000 0.100000 0.100000 0.100000 0.336412 0.860682 0.332134 0.738369 0.100000 0.183078 0.468488 1.110384 1.131609 0.394261 0.689083 0.424709 0.694547 0.100000 0.710224 0.100000 0.100000 0.535045 
0.881296 0.868977 0.701145 0.655020 0.223425 0.685795 0.504482 0.100000 0.760856 1.229102 1.094798 0.153741 0.285484 0.857670 0.508872 0.770884 0.809555 0.624853 0.609219 0.380871 1.791620 0.322382 0.551152 0.100000 0.337483 0.100000 0.560104 0.100000 0.922578 0.182123 0.328179 0.578374 0.565444 0.399323 0.100000 0.442208 0.815825 0.100000 0.776927 0.182250 0.100000 0.406446 0.441937 0.616782 0.531157 0.200541 0.912697 0.518119 0.680584 0.570786 1.097509 0.657008 0.790336 0.444628 0.155778 0.617075 0.784066 0.888395 0.567554 0.595509 0.396376 0.875276 0.591087 0.832545 0.386818 0.518447 0.400046 0.902346 1.128298 0.948047 0.917879 0.353240 0.551125 0.252692 0.702969 0.627496 0.592868 0.246292 0.839544 0.783624 0.702140 0.460377 0.440453 1.494283 0.894884 0.100000 0.973186 
0.775490 0.634318 0.100000 0.197017 0.139607 0.347731 0.725323 0.492020 0.565806 0.950227 0.816635 0.321991 0.360836 0.509523 0.100000 0.681842 0.100000 0.100000 0.208646 0.502928 1.173084 0.100000 0.340027 0.310537 0.190850 0.170920 0.508725 0.100000 0.548376 0.280077 0.893857 0.978098 0.298905 0.691388 0.346167 0.559840 0.494240 0.478376 0.100000 0.100000 0.440054 0.382307 0.730780 0.100000 0.450245 0.100000 0.666864 0.100000 0.849852 0.308390 0.956286 0.168466 0.590757 0.802899 0.403370 0.100000 0.100000 0.233017 0.484846 0.100000 0.563626 0.825086 0.587559 0.444400 0.148855 0.100000 0.100000 0.100000 0.678200 0.205100 0.653477 0.100000 0.261366 0.412892 0.448244 0.232335 0.640760 0.493005 0.657742 0.124236 0.100000 0.859389 0.289066 0.719695 0.464419 0.100000 0.562709 
