84 Number of operations
27 Number of workers
Standard production times
0.666705 0.204622 0.226357 0.125720 0.432456 0.298405 0.161635 0.404301 0.107787 0.503020 0.533497 0.311719 0.582794 0.440821 0.521731 0.469458 0.586570 0.134668 0.346771 0.205367 0.613116 0.878185 0.244430 0.777484 0.520777 0.364725 0.742214 0.324688 0.228594 0.589144 0.100000 0.667477 0.283197 0.556945 0.293792 0.100000 0.676330 0.100000 0.362159 0.400012 0.431858 0.197626 0.252944 0.503290 0.108517 0.163329 0.500287 0.144286 0.561380 0.525981 0.551020 0.507650 0.367054 0.340760 0.177237 0.409434 0.481968 0.536305 0.100000 0.710842 0.114782 0.100000 0.922682 0.545221 0.257937 0.464642 0.475345 0.634711 0.392468 0.590394 0.542587 0.305529 0.630566 0.447682 0.384764 0.457142 0.282633 0.360203 0.496458 0.380542 0.614242 0.551471 0.798129 0.100000 
Production times: workers row and ops columns
0.969250 0.100000 0.200441 0.100000 0.970998 0.728731 0.210572 1.315805 1.167797 0.260136 0.342768 0.994028 0.100000 0.358739 0.529565 0.100000 0.100000 0.100000 0.184150 0.323884 0.276316 0.449800 0.275356 0.807275 0.100000 0.202388 0.473266 0.423866 1.457509 1.070517 0.100000 0.687907 0.100000 0.996642 0.528962 0.107764 0.468896 0.100000 0.412966 1.365938 0.100000 0.495148 0.506265 0.341225 0.240746 0.100000 0.543186 0.165972 0.985588 0.766205 0.856774 1.100763 0.100000 1.508422 0.100000 0.494884 0.446677 0.370730 0.100000 1.533937 0.100000 0.100000 0.546291 0.679875 0.152411 0.752550 0.100000 0.100000 0.557413 0.124787 0.278537 0.188233 0.703083 1.037160 1.030700 0.100000 0.100000 0.100000 0.100000 0.540340 1.060692 0.243893 0.100000 0.100000 
0.956197 0.100000 0.100000 0.100000 0.100000 1.548583 0.822914 0.876517 0.100000 1.275836 0.536352 0.700571 0.100000 1.011828 0.121177 0.100000 0.445578 0.100000 0.185551 0.100000 1.256458 0.240627 0.170301 1.030950 0.100000 0.425945 1.821836 0.301163 0.100000 0.853219 0.100000 0.100000 0.893707 0.288021 0.224301 0.100000 0.384722 0.716751 0.712552 0.100000 0.567624 0.478320 0.100000 0.411627 0.100000 0.100000 0.211909 0.100000 1.633471 2.182558 0.941802 0.679690 0.297049 0.355461 0.655248 0.314780 0.320869 0.553777 0.100000 0.628898 0.296596 0.191432 0.620881 0.164257 0.222389 0.100000 2.071425 0.557290 0.600842 0.670338 0.664576 0.876499 0.842820 0.794259 0.100000 0.100000 0.557545 0.564820 1.035243 0.368386 0.765746 0.100000 1.028224 0.100000 
0.536733 0.100000 0.100000 0.443402 0.100000 0.456603 0.479056 0.317263 0.355037 0.700692 0.179626 0.321913 0.908364 0.423430 0.326753 0.287610 0.522305 0.383068 0.100000 0.548802 0.472550 1.380681 0.523686 0.698731 0.674443 0.588377 0.940111 0.308177 0.100000 0.711769 0.100000 0.948199 0.100000 0.854181 0.536564 0.118236 0.493671 0.349310 0.156996 0.361568 0.551649 0.100000 0.100000 0.562516 0.100000 0.175392 0.100000 0.265197 0.713382 0.792457 0.636723 0.579388 0.356101 0.337735 0.380356 0.304775 0.937905 0.289929 0.100000 0.943994 0.100000 0.287270 0.362370 0.215498 0.100000 0.129823 0.268740 0.364492 0.225671 0.513877 0.249293 0.648283 0.784396 0.100000 0.541201 0.307382 0.435888 0.100000 0.279791 1.074850 0.679729 0.518434 0.802560 0.100000 
0.100000 0.694663 1.358901 0.100000 0.245575 1.685184 0.668303 0.100000 0.198301 1.376750 0.767640 0.100000 0.664423 0.903858 1.264910 1.108083 1.303360 0.100000 0.684709 0.988639 0.921040 0.315755 0.530689 0.520977 1.152048 0.100000 0.410073 0.232380 0.805278 1.030837 0.509989 0.547525 0.210641 0.325715 0.364499 0.100000 1.643481 0.100000 0.100000 0.270463 0.164830 0.100000 0.100000 0.100000 0.821287 0.100000 0.109650 0.100000 0.100000 0.305408 0.895872 0.280916 0.100000 0.529452 0.513959 0.113951 0.100000 0.697674 0.298345 0.727239 0.100000 0.100000 1.160248 0.100000 0.100000 1.196371 0.432391 0.100000 0.291336 0.911268 0.623289 0.100000 1.004900 0.449179 0.423673 0.727581 0.449718 0.561099 0.873504 1.132131 0.311794 0.640339 0.154736 0.100000 
1.032634 0.100000 0.288591 0.650530 0.307487 0.338640 0.118842 0.136511 0.100000 0.866346 0.404975 0.100000 0.351852 0.565731 0.174173 0.330908 0.100000 0.100000 0.445821 0.100000 0.631644 0.893910 0.100000 0.689152 0.100000 0.100000 0.771359 0.521706 0.161485 0.578123 0.100000 0.386454 0.100000 0.452523 0.301050 0.100000 0.223369 0.270052 0.169537 0.227961 0.436660 0.160546 0.100000 0.708879 0.126837 0.262483 0.354447 0.100000 0.100000 0.382068 0.423172 0.100000 0.177143 0.220988 0.100000 0.170978 0.613310 0.931558 0.100000 0.644868 0.100000 0.387736 0.489687 0.556862 0.100000 0.110196 0.333826 1.021213 0.906336 0.912027 0.463327 0.100000 0.177060 0.347897 0.161331 0.653185 0.310271 0.549682 0.100000 0.315895 0.214703 0.725637 0.902950 0.100000 
0.985565 0.100000 0.100000 0.100000 0.100000 0.687258 0.222119 0.289409 0.490668 0.377249 0.130896 0.536943 0.195093 0.100000 0.100000 0.101237 1.152965 0.256303 0.100000 0.797004 0.204097 0.986498 0.100000 0.627183 0.567434 0.268471 0.874142 0.100000 0.759606 0.100000 0.215616 0.958000 0.274382 0.251526 0.187331 0.100000 0.203117 0.100000 0.474499 0.279529 0.100000 0.453340 0.100000 0.423509 0.100000 0.100000 0.552252 0.100000 0.722986 0.100000 0.295030 0.376684 0.480009 0.321285 0.178827 0.535621 0.806954 0.677870 0.334822 0.773908 0.100000 0.200789 0.471210 0.381980 0.144471 0.696811 0.627725 0.793132 0.100000 0.527429 0.703927 0.100000 0.600607 0.100000 0.538469 0.390151 0.393075 0.469410 0.821205 0.343833 0.439276 0.488476 0.721937 0.257862 
0.708559 0.718788 0.100000 0.100000 0.290790 0.720667 0.100000 0.138845 0.100000 1.033333 0.368760 0.842503 0.941109 0.781381 0.481700 0.590126 0.622330 0.197407 0.414632 0.687336 0.154698 0.658580 0.406280 1.060920 0.764951 0.747926 0.521843 0.287664 0.385661 0.354081 0.595444 1.393903 0.162715 0.741665 0.830616 0.100000 0.684915 0.661535 0.369057 0.608926 0.225218 0.295703 0.641956 0.394331 0.300213 0.270300 0.601625 0.130995 0.820838 0.648437 0.569375 0.762400 0.377566 0.651104 0.707224 1.065457 0.100000 0.747208 0.517547 1.091714 0.391982 0.205982 1.170548 0.738146 0.290135 0.632047 0.576172 0.356042 0.364351 0.916394 0.490566 0.617475 0.633872 0.657187 0.597474 0.141429 0.440425 0.326615 0.508573 0.400246 0.564190 0.453871 1.023759 0.312540 
0.675154 0.960424 0.100000 0.532584 1.086236 0.321715 0.395802 0.543561 0.100000 0.579931 0.290242 0.404373 0.453158 0.732159 0.736568 0.122095 1.094463 0.317570 0.726254 0.100000 0.447664 1.011306 0.377000 1.320216 0.683859 0.100000 0.876853 0.523921 0.373708 0.814138 0.100000 0.477696 0.517803 0.178169 0.289515 0.100000 0.629992 0.393171 0.187196 0.261110 1.397773 0.456329 0.616519 0.523666 0.358862 0.446643 1.379317 0.424063 0.797677 0.500140 0.615575 0.125976 0.100000 0.817354 0.292783 0.523911 0.468216 0.485613 0.100000 0.627876 0.361613 0.135898 0.340777 0.954935 0.784673 0.507320 1.027492 0.524781 1.018290 0.488101 0.183760 0.285541 0.790433 0.776717 0.699628 0.386539 0.662112 0.705901 0.971929 0.209877 0.637457 0.100000 1.064503 0.100000 
0.216788 0.834141 0.100000 0.400942 0.191225 0.100000 0.100000 1.073122 0.359288 0.100000 0.160759 0.100000 0.691416 0.238662 0.397583 0.685318 0.100000 0.338602 0.434594 0.446922 0.836157 0.100000 0.903616 0.283407 0.875176 0.830919 1.407274 0.727100 0.421627 1.671150 0.100000 0.527656 0.561632 0.772342 0.100000 0.444630 0.855658 0.100000 0.100000 0.100000 0.100000 0.926352 0.749699 0.227866 0.100000 0.333631 0.684801 0.100000 0.100000 0.731022 0.100000 0.975589 0.313226 0.887930 0.100000 0.919155 0.569250 0.994257 0.506404 0.100000 0.440000 0.100000 0.576908 0.598927 0.821655 0.722156 1.376657 0.811963 0.100000 0.388751 0.100000 0.100000 1.375662 0.763217 0.100000 0.824852 0.886698 0.338906 0.514169 0.305334 0.874486 0.457637 0.800154 0.100000 
0.597439 0.100000 0.100000 0.100000 0.100000 0.316374 0.360126 0.909416 0.167357 0.564994 0.163763 0.100000 1.280713 1.034334 0.352453 0.738636 0.164534 0.100000 0.900133 0.100000 1.220108 0.254590 0.441520 1.321256 1.136529 0.339257 1.522485 0.538843 0.243581 1.025067 0.302530 0.448139 0.129553 0.100000 0.335077 0.227706 0.702897 0.277019 0.529412 0.122528 0.427889 0.100000 0.671171 1.167635 0.351828 0.100000 0.100000 0.417519 0.478804 0.311754 0.528165 0.100000 0.950553 0.100000 0.377613 0.100000 0.251906 0.145272 0.100000 1.030308 0.100000 0.100000 2.027933 1.192046 0.622942 0.451587 0.963649 0.550620 1.169746 0.100000 0.388675 0.100000 0.100000 0.100000 0.100000 0.122430 0.477009 0.359225 0.100000 0.494469 0.363551 1.191594 1.194343 1.164785 
0.690766 0.548755 1.122953 0.443354 0.579630 0.192060 0.100000 0.602240 0.100000 0.753388 0.347124 0.338226 0.784580 0.100000 1.233626 0.460531 1.446676 0.246670 0.553515 0.210252 0.677835 1.813492 0.901970 0.586269 0.797821 0.432664 0.547309 1.066959 0.892091 0.993197 0.100000 0.586498 0.100000 0.327869 0.205375 0.100000 1.143400 0.891375 0.784524 0.100000 0.501098 0.100000 0.588269 0.774937 0.157275 0.100000 0.391426 0.100000 0.100000 1.020524 0.385883 0.777467 0.462810 0.597732 0.856521 0.675486 0.765056 0.100000 0.493815 1.142625 0.100000 0.100000 0.756452 0.321825 0.641828 0.161452 0.100000 0.100000 0.166969 0.143540 0.100000 0.100000 0.425871 0.687538 0.466427 0.358887 0.100000 0.100000 0.602758 0.500819 1.626527 0.633640 0.801253 0.711186 
1.075885 0.463172 0.100000 0.100000 0.148357 1.326424 0.324232 0.971638 0.100000 0.250940 0.533093 0.100000 0.373242 0.498125 1.544338 0.100000 0.100000 0.633781 0.229076 0.100000 0.100000 0.357270 0.477088 1.139367 0.203683 1.131515 0.760459 1.173074 0.502983 0.748146 0.563548 0.182986 0.286987 0.100000 0.100000 0.100000 0.343251 0.431986 1.440565 0.106216 0.747329 0.182442 0.100000 1.076910 0.397901 0.100000 1.354822 0.100000 0.664481 0.882435 1.145389 0.848849 0.672188 1.042719 0.100000 1.238388 0.100000 0.445824 0.100000 0.588895 1.525923 1.156506 0.508058 0.100000 0.100000 0.384359 0.641053 0.392580 0.100000 1.120707 0.119600 0.662942 1.288707 0.492509 0.100000 0.100000 0.565870 0.175263 0.622283 0.934754 1.282347 0.100000 0.595359 0.100000 
0.395288 0.100000 0.163465 0.100000 1.646250 0.566847 0.100000 0.873937 0.268825 0.100000 0.490022 0.171085 0.100000 0.419310 0.402744 0.658659 0.828819 0.100000 0.684051 0.100000 0.142472 0.333428 0.100000 1.254763 0.299400 0.626137 0.629779 0.100000 0.100000 0.808490 0.287014 0.712308 0.100000 1.523967 0.908476 0.100000 0.170387 0.100000 0.739226 0.356956 0.207068 0.916133 0.496005 0.533884 0.100000 0.610881 1.088003 0.401036 1.311114 1.013213 0.678125 0.148334 0.270374 0.561308 0.230330 1.833007 1.036923 0.921300 0.300859 0.714451 0.100000 0.554214 0.454125 0.904679 1.031636 1.291331 0.100000 0.379295 0.100000 0.430498 0.100000 0.448007 0.100000 0.100000 0.558872 0.755856 0.923835 0.705275 0.518545 0.780283 0.100000 0.438646 0.225957 0.604379 
0.844076 0.100000 0.226349 0.375090 0.369228 0.100000 0.180379 0.757551 0.399055 0.240870 0.372128 0.100000 0.435973 0.377371 0.272281 0.161331 0.428073 0.100000 0.467236 0.100000 0.622671 0.588621 0.100000 0.494271 0.592944 0.100000 0.393255 0.100235 0.185222 1.081579 0.150070 0.513315 0.100000 0.346445 0.752570 0.356113 0.275746 0.100000 0.353074 0.281121 0.420256 0.181585 0.293595 0.613383 0.100000 0.100000 0.685682 0.184578 0.100000 0.512745 0.100000 0.918992 0.450201 0.695246 0.100000 0.619160 0.273928 0.458315 0.100000 0.985033 0.100000 0.100000 0.858878 0.212349 1.049135 0.343493 0.564728 0.639760 0.264166 0.836936 0.809999 0.100000 0.359061 0.610205 0.431588 0.100000 0.100000 0.818449 0.578144 0.255825 0.721983 0.100000 0.222986 0.100000 
0.532333 0.100000 0.231847 0.100000 0.100000 0.445010 0.352734 0.562449 0.100000 0.626231 0.433702 0.485342 0.444660 0.100000 0.100000 0.325187 0.476439 0.100000 0.406621 0.102987 0.174644 0.650768 0.100000 1.084148 0.100000 0.931429 0.493193 0.374828 0.100000 0.659945 0.718662 0.723382 0.186284 0.479494 0.330391 0.100000 0.431097 0.407411 0.594575 0.100000 0.817285 0.100000 0.100000 0.312775 0.100000 0.100000 0.708833 0.100000 0.519757 0.715235 0.418678 0.146658 0.100000 0.100000 0.100000 0.415832 0.382293 0.242373 0.161674 0.203028 0.284775 0.100000 1.191042 0.433411 0.312028 0.484058 0.611839 0.494883 0.815137 0.338308 0.552908 0.243584 0.341919 0.100000 0.169572 0.696123 0.100000 0.246255 0.684749 0.395394 0.100000 0.840565 0.649144 0.100000 
0.608787 0.267302 0.227886 0.180401 0.712475 0.100000 0.802022 0.455307 0.362589 0.442484 0.706662 0.300918 0.100000 0.526815 0.818130 0.445381 0.156443 0.100000 1.060367 0.100000 0.989836 1.263692 0.731540 0.953073 0.599445 0.512152 0.799757 1.286541 0.100000 0.100000 0.629376 1.092873 0.766586 0.100000 0.764506 0.291690 0.616036 0.286224 0.507489 0.314735 0.568014 0.121105 0.452853 0.100000 0.100000 0.551754 0.435302 0.100000 1.045344 0.340653 0.345402 0.166246 0.100000 0.253185 0.301800 0.273150 0.100000 0.100000 0.100000 0.290892 0.100000 0.100000 1.225080 0.100000 0.100000 1.120095 0.720327 0.533380 0.462205 0.258180 0.726983 0.709269 0.755511 0.320945 0.640393 0.198063 0.430116 0.100000 0.100000 1.071161 0.632025 0.131110 0.330761 0.276249 
0.656182 0.100000 0.300902 0.100000 0.972751 0.715993 0.441995 0.124925 0.131582 0.970895 0.810523 0.685961 0.473449 0.551768 0.347978 0.665213 0.519510 0.263380 0.292287 0.542025 0.725634 0.780079 0.684479 0.792755 0.432597 0.708257 0.357955 0.538717 0.304267 0.353922 0.600744 1.025090 0.898022 0.468961 0.100000 0.607675 0.918072 0.261144 0.565194 0.100000 0.911035 0.100000 0.393932 1.042012 0.274673 0.100000 0.650248 0.295340 0.637507 0.520554 1.135962 0.144052 0.210011 0.145736 0.119591 0.525839 1.265974 0.505477 0.329313 0.100000 0.100000 0.259889 1.253911 0.303705 0.320959 0.875311 0.377978 1.130531 0.142533 0.100000 0.746118 0.100000 0.575229 0.958742 0.792076 0.286661 0.835526 0.311916 0.846600 0.508606 0.563780 0.741957 1.105430 0.136322 
0.760210 0.476494 0.313219 0.189656 0.441101 0.735318 0.460319 0.828657 0.535858 0.220665 0.668956 0.100000 0.799260 1.404041 0.865263 0.459857 0.435034 0.501553 0.131936 0.100000 0.100000 0.817694 0.678870 0.748733 0.760261 0.404156 1.132287 0.739436 0.286453 0.904520 0.399195 1.032746 0.185631 0.991735 0.644396 0.100000 0.705418 0.100000 0.199305 0.100000 0.729177 0.100000 0.100000 0.502475 0.230318 0.107465 0.899166 0.605632 0.682377 0.709708 0.414839 0.100000 0.926985 0.100000 0.528650 0.857796 0.631425 0.310244 0.410743 0.762100 0.312782 0.729834 1.200087 0.568273 0.549384 0.601468 0.681438 0.560918 0.408960 1.098609 1.081467 0.248880 1.228668 0.351429 0.100000 0.233338 0.100000 0.588296 0.522686 0.476107 0.767955 0.895400 1.015234 0.138659 
0.459930 0.100000 0.100000 0.455499 0.100000 0.100000 0.100000 0.100000 0.100000 0.866311 0.284524 0.100000 0.654066 0.316402 0.751828 0.105582 0.422303 0.100000 0.100000 0.100000 0.426171 0.840162 0.100000 1.124518 0.100000 0.520956 1.034637 0.533317 0.100000 0.473246 0.100000 0.562511 0.370825 0.188675 0.100000 0.218430 0.781767 0.758524 0.100000 0.100000 0.100000 0.100000 0.100000 0.694001 0.119549 0.100000 0.102844 0.100000 0.200661 0.100000 0.695067 0.397097 0.100000 0.100000 0.100000 0.100000 0.124470 0.304706 0.503233 0.988490 0.213666 0.100000 0.623755 0.546590 0.700178 0.100000 0.123479 0.643193 0.100000 0.656189 0.715437 0.100000 0.423033 0.282462 0.409368 0.637764 0.536498 0.100000 0.100000 0.177614 0.518453 0.693670 0.263722 0.100000 
1.086520 0.159635 0.100000 0.100000 0.100000 0.885260 0.205868 0.187035 0.100000 1.073075 0.714622 0.100000 0.100000 0.688253 0.454293 0.562282 0.175741 0.100000 1.620831 0.216772 0.329274 1.025135 0.914436 1.076572 0.446831 0.312053 0.100000 0.885737 0.852277 1.277377 0.100000 0.896769 0.322276 0.154175 0.793543 0.520218 1.548850 0.284711 0.136565 0.454839 0.704995 0.597456 0.635778 1.106517 0.100000 0.100000 0.978532 0.478796 0.435427 1.477504 0.403722 1.291733 0.579922 0.509348 0.100000 1.091545 0.100000 0.100000 0.100000 0.859989 0.216917 0.397047 1.421774 0.509982 0.100000 0.100000 1.469134 0.811663 0.600170 0.659861 0.946084 0.187307 0.100000 0.476736 0.427107 0.659786 0.532736 1.021085 0.649359 0.100000 0.100000 0.942669 0.100000 0.210202 
0.322427 0.495072 0.131356 0.100000 0.300987 0.254475 0.100000 0.208996 0.121748 0.414266 0.261264 0.408952 0.489138 0.100000 0.834192 0.519439 0.394555 0.100000 0.511958 0.315468 0.642643 0.552363 0.423233 0.222795 0.934086 0.260041 0.567635 0.467390 0.100000 0.437657 0.148692 0.486008 0.744464 0.388810 0.100000 0.100000 0.100000 0.256058 0.100000 0.261125 0.354725 0.100000 0.811370 0.383111 0.283874 0.100000 0.959971 0.100000 0.750111 0.682836 0.625996 0.100000 0.293322 0.552063 0.100000 0.102165 0.664667 0.809485 0.459654 1.200577 0.100000 0.697204 1.046091 0.651236 0.434952 0.249328 0.376942 0.844621 0.100000 0.696640 0.322791 0.103868 0.521943 0.314030 0.100000 0.351306 0.355697 0.100128 0.499565 0.198358 0.950914 0.604804 1.164138 0.215372 
0.152213 0.671370 0.532331 0.100000 0.100000 0.100000 0.550882 0.364324 1.072242 0.100000 0.286241 0.286391 0.676019 0.100000 0.367917 0.549248 0.105980 0.100000 0.100000 0.100000 0.454761 1.472662 0.328801 0.386813 0.100000 0.866751 1.222217 0.317963 0.630961 0.306703 0.100000 0.587573 0.444198 0.628712 0.100000 0.182490 1.460733 0.231728 0.100000 0.100000 0.547276 0.225012 0.536108 0.575853 0.322791 0.459192 0.724175 1.116396 0.756769 0.697611 0.100000 1.439038 0.881443 0.596956 0.100000 0.411530 0.788319 0.381716 0.263096 1.295174 0.100000 0.187881 1.603260 1.212685 0.230288 1.603811 0.100000 0.864817 0.100000 1.016419 0.100000 1.166385 1.127337 0.684149 0.100000 0.111856 0.100000 0.100000 0.671248 0.195943 0.368442 0.174298 0.447778 0.100000 
1.351529 0.382522 0.100000 0.323263 0.995293 0.595276 0.100000 0.144100 0.100000 0.981691 0.558000 0.125133 0.303000 0.604300 0.380864 0.137455 0.868729 0.221487 0.100000 0.100000 0.897743 0.498873 0.741085 1.365005 0.561561 0.425080 0.910112 0.341380 0.100000 0.987156 0.280727 1.034388 0.100000 0.763947 0.732795 0.141533 1.139324 0.100000 0.502399 0.507096 0.613641 0.154837 0.657466 0.664293 0.193213 0.630174 0.375201 0.253573 0.278770 0.955139 0.527319 0.573277 0.412155 0.380198 0.136013 0.780704 0.139033 1.035799 0.165321 1.331206 0.100000 0.100000 0.899676 0.590659 0.465511 0.100000 0.995076 0.240037 0.410687 0.813365 0.447056 0.100000 0.554879 0.205702 0.203329 0.441360 0.730069 0.100000 0.502439 0.225689 0.619296 0.100000 0.655031 0.230071 
0.434603 0.100000 0.544205 0.140800 0.523388 0.100000 0.100000 0.615968 0.100000 0.823304 0.743312 0.100000 0.891482 0.676898 0.205028 0.393214 0.313519 0.100000 0.243592 0.100000 0.201109 0.555691 0.133042 0.925912 0.264473 0.100000 0.374728 0.100000 0.449375 0.941747 0.100000 0.488254 0.100000 0.469097 0.313740 0.241571 0.209495 0.515118 0.100000 0.227783 0.575876 0.269591 0.100000 0.715340 0.100000 0.427597 0.298748 0.243044 0.335206 0.482370 0.552285 0.365424 0.167913 0.100000 0.100000 0.461141 0.269916 0.168886 0.100000 0.602543 0.100000 0.100000 0.378747 0.154772 0.336477 0.411473 0.100000 0.310915 0.322180 0.239466 0.502207 0.318937 0.577574 0.106367 0.581169 0.265238 0.100000 0.100000 0.810716 0.100000 0.883949 0.490281 0.302615 0.100000 
0.532200 0.464727 0.487445 0.100000 0.409216 0.100000 0.100000 0.100000 0.224051 0.229569 0.100000 0.925162 0.100000 0.100000 0.977356 0.457460 0.289832 0.100000 0.160766 1.012613 1.321754 1.335461 0.798625 0.986867 0.430197 0.100000 1.970548 0.100000 0.100000 0.470655 1.367586 0.100000 0.100000 0.177124 0.100000 0.931303 1.477490 0.580660 0.100000 0.100000 0.330811 0.752497 0.392207 0.693985 0.100000 0.306449 0.919206 0.728592 0.208678 0.767542 1.051768 0.111057 0.746713 0.841962 0.177084 0.231762 0.268371 0.100000 0.505468 0.955110 0.293596 1.096289 1.468932 0.943476 0.100000 1.611935 0.100000 0.100000 0.515740 1.251742 1.120869 1.342285 0.451073 0.100000 0.100000 0.328703 0.100000 0.100000 0.353719 0.182403 0.633925 0.376468 0.100000 0.115676 
0.870499 0.100000 0.413136 0.949243 0.100000 0.306926 0.833867 0.717525 0.297950 1.246302 1.030887 0.474017 0.100000 0.100000 0.100000 0.100000 0.943707 0.100000 0.293209 0.208546 0.342509 0.618240 0.100000 1.709601 1.106797 0.125045 0.100000 0.492248 0.661456 1.164731 0.100000 1.027352 0.100000 0.196431 0.973517 0.100000 0.905695 0.726339 0.747233 0.100000 0.100000 0.540487 0.292641 0.291829 0.100000 0.100000 0.937908 0.100000 0.300078 0.681873 0.157289 0.100000 0.100000 1.207596 0.475102 0.946810 0.744090 0.996358 0.100000 0.979770 0.509242 0.364218 0.983685 1.237829 0.100000 0.100000 0.929980 1.155456 1.462062 0.100000 0.100000 0.379517 0.158809 1.316012 0.374046 0.100000 0.100000 1.354918 0.703477 0.100000 0.977979 0.100000 1.278826 0.499114 
0.558198 0.100000 0.100000 0.100000 0.410819 0.840949 0.401068 0.301280 0.379994 0.100000 1.144176 0.100000 0.267379 0.100000 0.427350 0.343890 0.597936 0.100000 0.100000 1.618972 1.068780 0.939596 0.627704 0.854214 0.100000 0.965092 1.286348 0.267691 0.155488 1.125814 0.347808 0.582114 0.100000 1.013834 0.938592 0.265602 1.935325 0.232874 0.540669 0.370176 1.561673 0.431439 0.140999 0.946301 0.950639 0.100000 0.297730 0.360255 0.364005 0.152957 0.893105 0.100000 1.407582 0.190380 0.824048 0.100000 0.575569 1.184223 0.534148 1.229214 0.100000 0.100000 1.099701 0.100000 0.148737 0.540662 0.100000 1.328289 0.478378 0.322724 0.235750 0.100000 0.722661 0.621528 0.100000 1.350497 0.100000 0.100000 0.906309 0.645708 1.716198 0.821390 0.767709 0.100000 
