80 Number of operations
25 Number of workers
Standard production times
0.395487 0.532490 0.222502 0.307822 0.261232 0.472611 0.856732 0.348992 0.510849 0.592732 0.929213 0.391227 0.206876 0.575733 0.100000 0.623915 0.189126 0.198222 0.386496 0.383715 0.967043 0.350765 0.541102 0.253267 0.159032 0.456081 0.295062 0.100000 0.627160 0.519564 0.619080 0.716055 0.419631 0.380416 0.100000 0.410165 0.555420 0.278717 0.305743 0.100000 0.571778 0.269913 0.412373 0.663896 0.543813 0.237312 0.591981 0.366152 0.400966 0.541476 0.611755 0.607141 0.514341 0.395286 0.100000 0.249166 0.430479 0.769328 0.427803 0.599307 0.100000 0.665435 0.232499 0.665336 0.283636 0.157893 0.336602 0.575480 0.716322 0.403792 0.756102 0.159809 0.168989 0.100000 0.420959 0.465930 0.486587 0.338208 0.671367 0.487711 
Production times: workers row and ops columns
0.248325 0.675701 0.803236 0.460119 0.288725 0.709238 0.859528 0.100000 1.302794 0.292890 0.517385 0.535991 0.100000 0.469174 0.100000 0.796641 0.100000 0.100000 0.213896 0.100000 1.223671 0.301913 0.640878 0.100000 0.271232 0.108031 0.532060 0.172533 0.372788 0.496155 0.495103 0.537274 0.142552 0.315921 0.489718 0.100000 0.543857 0.107742 0.799385 0.100000 0.720063 0.100000 0.291797 0.743457 0.338741 0.100000 0.612882 0.100000 0.124172 0.451418 0.456932 0.137512 0.704725 0.512844 0.100000 0.610077 0.296458 0.761752 0.827294 0.462018 0.100000 0.888633 0.100000 0.914877 0.271787 0.100000 0.100000 0.281813 0.823282 0.249530 0.898738 0.100727 0.100000 0.570783 0.100000 0.375780 0.693781 0.289910 0.842769 0.528501 
0.265381 0.644034 0.100000 0.100000 0.417452 0.668938 1.293803 0.100000 0.745702 0.807826 1.261908 0.100000 0.129055 0.104833 0.293600 0.481943 0.676913 0.701306 0.100000 0.952543 1.269323 0.100000 0.875870 0.187721 0.100000 1.243631 0.124054 0.609434 0.887750 0.221938 0.100000 0.618309 0.803517 0.100000 0.100000 0.570504 0.486033 0.893329 0.357354 0.100000 0.134090 0.100000 1.372845 0.187010 0.667490 0.100000 0.903714 0.538759 0.100000 0.517868 0.100000 0.726785 1.734671 0.556630 0.100000 0.718984 0.699003 1.220413 0.725681 0.784787 0.100000 0.768153 0.100000 1.295257 0.337083 0.809746 0.100000 0.100000 0.410048 0.100000 0.608627 0.140550 0.100000 0.100000 1.120280 0.100000 0.304934 0.100000 0.690037 1.531523 
0.100000 0.290939 0.353175 0.479535 0.183521 0.585886 0.351002 0.690721 0.397850 0.533768 0.692941 0.315916 0.100000 0.673966 0.100000 0.422508 0.100000 0.100000 0.280355 0.213151 1.172573 0.237257 0.230304 0.668283 0.176496 0.832326 0.544244 0.915276 0.879003 0.557758 0.786021 0.884385 0.737938 0.476487 0.100000 0.343354 1.264126 0.395986 0.100000 0.100000 0.565923 0.793275 0.944469 1.035155 0.512300 0.677456 1.025160 0.167043 0.332966 0.944884 0.507670 0.376418 0.763666 0.235583 0.100000 0.152436 0.343810 1.153163 0.956427 1.270414 0.100000 0.514796 0.534635 0.652248 0.100000 0.100000 0.877216 1.377333 0.241043 0.490401 1.303546 0.277706 0.311727 0.606683 0.661189 0.370470 0.121253 0.144010 0.192436 0.914473 
0.431061 0.865921 0.425755 0.748990 0.351043 0.835862 0.983447 0.608678 0.631852 0.846197 0.776879 0.711291 0.357640 0.831990 0.364658 0.739374 0.705242 1.046778 0.504604 0.306007 0.848776 0.856064 0.839541 0.908352 0.327851 0.126787 0.100000 0.107290 0.582501 0.673175 0.410607 0.220422 0.205333 0.595325 0.100000 0.209009 0.633167 0.586431 0.526377 0.478865 0.914166 0.100000 0.100000 1.058027 0.686106 0.586727 0.728792 0.676007 0.701612 1.027052 0.808001 0.324653 0.928888 1.012847 0.892032 0.661568 0.823044 1.094969 1.079676 0.557915 0.100000 0.724924 0.100000 1.195233 0.100000 0.371490 0.241208 0.391563 0.798628 0.602633 0.676052 0.407987 0.123392 0.669207 0.404201 0.698532 0.510767 0.781905 0.643025 0.350143 
0.358934 1.164724 0.100000 0.176151 0.670705 0.977173 0.835324 0.280610 0.612143 0.592129 0.745315 0.465006 0.100000 0.607922 0.100000 0.485167 0.253555 0.455534 0.486012 0.433064 1.340647 0.624504 0.887448 0.662033 0.100000 0.218615 0.100000 0.162704 0.456315 0.570207 0.687738 0.433626 0.693955 0.530021 0.100000 0.341626 0.542237 0.595053 0.186514 0.100000 0.216245 0.276069 0.100000 0.410388 0.370981 0.964837 0.337670 0.782744 0.733290 0.410155 1.010482 1.110426 0.520814 0.550364 0.100000 1.035617 0.100000 0.724651 1.055492 0.930739 0.592757 0.222473 0.149685 0.467263 0.491457 0.100000 0.187691 0.126231 0.655414 0.460824 0.946228 0.416648 0.472469 0.110194 0.226471 0.538181 0.691084 0.277777 0.350033 0.704873 
1.180247 1.785727 0.149809 0.100000 0.503479 0.100000 1.586744 0.202969 0.438165 0.407563 0.426002 0.351858 0.468738 1.656234 0.100000 1.254376 0.100000 0.100000 0.100000 0.939547 0.503707 0.292494 1.326195 0.559818 0.100000 0.100000 0.100000 1.049988 0.100000 0.632813 0.501802 0.804677 0.100000 0.251429 0.100000 0.100000 0.100000 0.637868 1.650424 0.100000 0.100000 0.100000 0.611185 0.544475 1.495909 0.282141 0.100000 0.509758 1.058407 0.498037 0.296066 0.100000 1.229599 0.852672 0.100000 0.100000 0.100000 0.365418 1.097309 0.667913 0.100000 1.074237 0.513078 0.259898 0.100000 0.100000 0.100000 0.697444 0.664175 0.100000 1.219852 0.151195 0.298552 0.487342 0.777654 0.100000 0.518631 0.320741 0.445169 1.731910 
0.724304 0.596777 0.125190 0.536992 0.100000 0.675963 0.688381 0.327082 0.211499 0.167067 0.411457 0.163277 0.100000 0.717082 0.422016 0.479912 0.100000 0.174456 0.497293 0.269369 0.348911 0.100000 0.439810 0.341442 0.100000 0.363267 0.100000 0.100000 0.508115 0.627057 0.837752 0.100000 0.100000 0.711864 0.538919 0.419510 0.570774 0.411011 0.100000 0.459964 0.100000 0.338457 0.208309 0.400078 0.100000 0.100000 0.228871 0.718532 0.100000 0.454491 0.587560 0.363440 0.357214 0.100000 0.509244 0.426341 0.100000 0.482549 0.415104 0.736978 0.242145 0.337851 0.100000 0.894817 0.133209 0.100000 0.331556 0.285516 0.492966 0.779204 0.343241 0.100000 0.100000 0.100000 0.613464 0.897798 0.536002 0.381161 0.834473 0.297162 
0.100000 0.945669 0.455885 1.125116 0.740298 0.100000 0.390646 0.100000 0.645864 0.100000 1.974231 0.100000 0.196449 0.521587 0.146850 0.198275 0.100000 0.137765 0.100000 0.100000 0.384252 0.576469 0.100000 1.302022 0.698204 0.259019 0.100000 0.345414 0.347438 0.321626 0.155535 0.507167 0.100000 0.100000 0.100000 0.309416 0.590611 0.100000 1.022902 0.713400 0.218532 0.419470 0.371405 0.296375 1.258415 0.100000 0.106905 0.100000 0.411594 0.438694 0.278369 1.668528 0.460270 0.782714 0.100000 0.445792 0.100000 0.908826 0.622144 0.660420 0.100000 1.188160 0.391742 0.966799 0.100000 0.177431 0.100000 0.326140 1.002247 0.100000 0.100000 0.261675 0.258301 0.796780 0.100000 0.241251 0.100000 0.337257 0.666112 0.917644 
0.417853 0.810377 0.763093 0.100000 0.131060 0.516470 1.457121 0.154291 1.280178 0.950435 1.068010 0.251721 0.243052 0.924453 0.100000 0.608273 0.100000 0.460409 0.100000 0.100000 1.206065 0.488767 0.912570 0.100000 0.100000 0.832467 0.390177 0.100000 0.743640 0.350270 0.335860 0.899528 0.313378 0.474752 0.100000 0.363730 1.025406 0.100000 0.834108 0.100000 0.163679 0.724677 0.769570 0.895256 0.799309 0.711039 0.344766 0.531709 0.837638 1.193691 0.574071 0.490493 0.272754 0.340744 0.100000 0.241139 0.190462 0.763557 0.135226 0.745954 0.239592 0.609282 0.790280 0.468437 1.070224 0.378948 0.674082 0.151272 1.589553 0.459301 0.837937 0.248442 0.580384 0.100000 0.806721 0.416837 0.749326 0.260830 0.574843 0.707184 
0.891885 0.927155 0.507553 0.100000 0.100000 0.393262 0.148063 2.013166 0.589798 1.093657 0.845804 0.998372 0.187155 0.381782 0.818842 0.443875 0.214587 0.100000 0.291715 0.100000 1.390438 1.058903 0.161221 0.100000 0.171825 1.051402 0.100000 0.100000 1.189127 0.145031 1.792741 0.100000 0.100000 0.555399 0.100000 0.100000 0.100000 0.434600 0.827502 0.100000 1.100618 0.650619 0.144366 0.383524 0.299185 0.403780 1.540167 0.390147 0.986634 0.100000 0.294303 0.100000 0.329126 0.100000 0.100000 0.100000 0.478028 1.075218 0.440654 0.312757 0.187583 0.804567 0.438953 0.537287 0.629308 0.100000 0.270907 0.626119 0.100000 0.100000 0.331242 0.100000 0.797152 0.100000 0.811495 0.578272 0.375900 0.443527 1.196307 0.100000 
0.625165 0.154669 0.510139 0.278214 0.100000 0.285248 0.872672 0.611907 0.397660 0.381998 0.833328 0.501410 0.288294 0.922406 0.100000 0.867532 0.273865 0.100000 0.100000 0.513547 0.605958 0.623628 0.266496 0.593565 0.268588 0.100000 0.363962 0.100000 0.853311 0.629493 0.404977 0.664400 0.531252 0.632910 0.168960 0.607008 0.630001 0.143524 0.763742 0.175184 0.860679 0.183046 0.457158 0.634159 0.188266 0.557489 0.722376 0.704520 0.908013 0.360778 0.772071 0.729975 0.324068 0.622502 0.100000 0.310539 0.744438 0.581505 0.302233 0.907335 0.100000 0.401868 0.192899 1.071970 0.801943 0.534700 0.961011 0.233070 1.054674 0.553726 1.116871 0.550293 0.363721 0.100000 0.686721 0.358864 0.687388 0.350089 0.360890 1.014837 
0.158039 0.620878 0.100000 0.100000 0.625494 0.100000 0.473785 1.297877 0.100000 1.368779 0.553165 0.409520 0.151388 0.670834 0.100000 1.342225 0.100000 0.317341 0.257358 0.100000 1.110040 0.910872 0.743302 0.100000 0.122037 0.100000 0.375908 0.100000 1.652008 1.415395 0.366159 0.446881 0.818894 0.618176 0.100000 0.465669 0.100000 0.760755 0.100000 0.100000 0.249890 0.100000 0.543576 0.695050 0.350151 0.100000 0.611255 0.667399 0.100000 0.226075 1.379310 1.088484 0.348262 0.657912 0.890385 1.215295 0.316738 1.042255 0.277462 0.524348 0.450914 0.100000 1.246829 0.287862 1.093613 0.233792 1.091894 0.444614 1.597314 0.302025 1.016476 0.361880 0.420264 0.100000 0.412706 0.425599 0.262479 0.369459 1.351381 0.100000 
0.370868 0.260905 0.238378 0.600071 0.501706 1.008653 0.862861 0.217850 0.654519 0.814985 0.921260 0.398615 0.295641 0.780506 0.100000 0.844325 0.100000 0.302814 0.402047 0.483050 1.144193 0.561035 0.262817 0.386762 0.100000 0.764811 0.347083 0.100000 1.225045 1.139957 0.607258 1.158868 0.551582 0.373472 0.100000 0.430230 0.932214 0.885733 0.464516 0.100000 1.178952 0.533166 0.782123 0.817021 0.482793 0.177294 0.633034 0.418275 0.622479 1.018835 0.907081 0.608628 0.733874 0.806391 0.453638 0.425541 0.825813 0.660304 0.852117 0.548998 0.251270 0.408648 0.100000 0.679747 0.135929 0.810053 0.116235 0.246648 0.666565 0.934688 1.147896 0.170467 0.734203 0.401045 0.548193 0.935496 0.477399 0.205496 0.560351 0.443865 
0.100000 0.578216 0.100000 0.542566 0.291934 0.486775 1.068020 0.405369 0.524059 0.906146 0.564675 0.100000 0.100000 0.100000 0.100000 0.230463 0.100000 0.100000 0.178156 0.100000 0.790537 0.100000 0.203935 0.174277 0.100000 0.100000 0.334163 0.100000 0.695282 0.604736 0.338042 0.440957 0.100000 0.546864 0.100000 0.274083 0.262385 0.442628 0.391068 0.100000 0.878065 0.100000 0.679407 0.597600 1.051477 0.100000 0.773611 0.442404 0.273505 0.155573 0.602256 0.606241 0.100000 0.349883 0.164336 0.245765 0.636789 0.664927 0.198816 0.230784 0.100000 0.974765 0.772652 0.658021 0.100000 0.625360 0.157833 0.156195 0.810661 0.133625 0.464701 0.254905 0.606826 0.279307 0.100000 0.323030 0.260445 0.306890 0.406396 0.458961 
0.100000 0.855998 0.318182 0.288944 0.312165 0.768479 1.346935 0.652416 0.176180 0.790976 1.554128 0.311994 0.100000 0.967963 0.255491 1.124054 0.100000 0.142098 0.170079 1.185845 0.955919 0.331745 0.309426 0.205231 0.100000 0.151670 0.149133 0.251329 1.536870 0.973584 0.950059 0.741939 1.378733 0.100000 0.100000 0.657656 0.723321 0.293270 0.700900 0.600134 1.101782 0.106292 0.303454 1.261347 1.452438 0.595389 0.456926 1.082411 0.100000 0.338658 1.088110 1.034451 0.698746 0.236629 0.274382 0.100000 0.602002 0.321660 0.100000 0.629269 0.577773 1.050384 0.222737 1.161483 1.356905 0.282670 0.222913 0.966186 1.155321 1.250146 1.032901 0.100000 0.120417 0.686138 0.455717 0.776480 0.643452 0.570263 0.100000 0.104608 
0.100000 0.100000 0.100000 0.109969 0.765143 0.100000 1.331771 0.174394 0.854764 0.548189 0.552737 0.543416 0.100000 0.100000 0.477428 1.934570 0.100000 0.100000 0.100000 1.762757 1.085076 0.100000 0.114983 1.336047 0.100000 0.100000 0.100000 0.100000 0.764261 0.326639 1.050350 0.101429 0.182435 0.775408 0.251310 0.100000 0.276383 0.845762 0.686616 0.248789 0.457859 0.100000 0.615710 0.987626 0.441354 0.100000 1.150822 0.100000 0.342172 1.376532 0.515563 0.905684 0.563251 1.083358 0.473151 0.229001 0.422111 0.719154 0.333047 0.100000 0.100000 0.594308 0.100000 1.324152 0.972552 0.100000 0.100000 1.279176 0.869863 0.317558 1.031189 0.100000 0.100000 0.432516 0.100000 0.100000 1.754185 0.338853 1.226330 0.100000 
0.479056 0.407130 0.186026 0.789152 0.100000 0.418679 1.042213 0.100000 0.541432 0.480022 0.861736 0.680530 0.234833 0.322632 0.100000 0.200455 0.100000 0.100000 0.400583 0.126086 1.140967 0.100000 0.811081 0.189161 0.219051 0.100000 0.100000 0.112414 0.340852 0.451508 0.665490 0.300645 0.100000 0.209838 0.100000 0.509309 0.374930 0.100000 0.100000 0.544508 0.561773 0.100000 0.194546 1.235499 0.257433 0.100000 0.382725 0.423292 0.100000 0.910026 0.840329 0.272071 0.390223 0.196316 0.100000 0.242017 0.382067 0.622791 0.148228 0.937375 0.100000 0.447663 0.159129 0.144326 0.200881 0.100000 0.732924 0.841825 0.614297 0.464768 0.279879 0.100000 0.323356 0.108550 0.253890 0.216488 0.100000 0.360688 0.233743 0.421498 
0.100000 0.100000 0.232419 0.185170 0.100000 0.174761 0.417238 0.661043 0.349337 0.697263 1.436132 0.100000 0.100000 0.892824 0.100000 0.593711 0.100000 0.100000 0.100000 1.192896 0.537514 0.547640 0.656200 0.100000 0.237834 0.100000 0.129287 0.100000 0.489505 0.750530 0.188664 0.546249 0.301040 0.496825 0.100000 0.390002 0.315901 0.197380 0.100000 0.325485 0.212766 0.354136 0.642121 0.153072 0.238848 0.100000 0.297221 0.368769 0.100000 0.318996 1.123977 0.559011 0.240791 0.100000 0.100000 0.262674 0.191985 0.433443 0.145818 0.579723 0.100000 1.032423 0.100000 0.181934 0.208830 0.369748 0.236374 0.711396 0.581685 0.279000 0.293629 0.363051 0.252785 0.100000 0.100000 0.100000 0.100000 0.100000 0.316921 0.331663 
0.257915 0.528069 0.451494 0.100000 0.342930 0.533468 0.500513 0.640490 0.100000 0.987862 1.349834 0.600280 0.492557 0.570151 0.100000 1.254306 0.198371 0.707681 0.728763 0.594014 0.969041 0.100000 0.361024 0.281419 0.495787 0.457499 0.624481 0.100000 0.923206 0.492663 0.456100 1.052928 0.354743 0.663684 0.356433 0.100000 0.475456 0.604800 0.705468 0.245914 0.493791 0.355670 0.750728 0.789200 0.124840 0.100000 1.560754 0.113327 0.494700 0.389497 0.925671 0.334781 1.383774 0.809684 0.238897 0.783595 0.353837 0.773948 0.463950 0.483742 0.100000 0.455401 0.506040 1.208335 0.288130 0.100000 0.497181 0.759190 0.968947 0.490567 1.009193 0.100000 0.139719 0.100000 0.228490 0.544945 0.767170 0.478308 0.335563 0.377615 
0.100000 0.471361 0.580517 0.251924 0.380460 0.438974 0.565444 0.578827 0.263104 0.365098 0.961872 0.292200 0.111445 0.876438 0.169371 0.564136 0.517445 0.100000 0.618552 0.447511 1.311698 0.745798 0.602961 0.263783 0.539051 0.551626 0.603325 0.259848 1.019540 0.822176 0.605771 0.545600 0.500829 0.436075 0.260660 0.836388 1.320397 0.340376 0.405323 0.144163 0.716067 0.180841 0.519431 1.158576 0.747294 0.654773 0.956912 0.356849 0.969851 0.610514 0.603345 1.199934 1.299939 0.536963 0.363773 0.155186 0.696331 0.966187 0.593206 1.275731 0.392781 0.552219 0.146245 1.101238 0.717555 0.100000 0.314366 0.686142 0.573429 0.122345 0.610367 0.524625 0.616184 0.445514 0.366043 0.943514 0.789445 0.637837 0.925905 0.100000 
0.279424 0.807135 0.735267 0.871592 0.629173 0.389846 1.034619 0.100000 1.162270 0.600545 0.696770 0.100000 0.236811 0.220996 0.653910 0.933335 0.166366 0.100000 0.100000 0.300506 0.792907 0.621068 0.848274 0.343537 0.346545 0.574183 0.837966 0.751469 1.452025 0.708879 0.557554 0.624051 0.168566 0.310028 0.348961 0.100000 0.100000 0.100000 0.100000 0.917057 0.458162 0.470410 0.849248 1.173237 0.484844 0.433300 0.652441 0.100000 0.454865 0.816833 1.403783 1.477600 0.100000 0.891814 0.448279 0.464781 0.100000 0.809079 0.889551 1.128185 0.100000 0.790098 0.100000 0.100000 0.322153 0.100000 0.100000 1.218485 1.029864 0.471485 0.883710 0.100000 0.445505 0.100000 1.177739 1.374344 0.207229 0.304939 1.095072 1.033740 
1.099296 0.259079 0.203100 0.455843 0.393815 0.353771 0.707111 0.532109 0.531170 0.100000 1.408038 0.837435 0.100000 0.198322 0.100000 0.507634 0.299243 0.619796 0.768179 0.719986 1.203436 0.499423 1.017378 0.973740 0.100000 0.512702 0.556484 0.465226 0.808609 0.454163 0.663070 0.726858 0.117060 0.316251 0.432820 0.153775 0.634291 0.100000 0.286605 0.100000 0.270954 0.356754 0.409342 0.936409 0.367692 0.800186 0.482731 0.415669 0.772528 1.159424 0.816600 0.455853 0.100000 0.783000 0.100000 0.746169 0.289843 1.043255 0.603851 1.271071 0.249694 0.620655 0.288586 0.765936 0.470658 0.156128 0.692838 0.382838 1.097367 0.131505 0.617745 0.802279 0.593435 0.137770 0.100000 0.439168 0.677349 0.615917 0.225450 0.210562 
0.191775 0.649219 0.348567 0.100000 0.100000 1.004702 0.427952 0.938025 0.100000 0.453729 1.410045 0.878149 1.134833 0.158814 0.100000 0.558888 0.584281 0.842689 0.612971 0.100000 1.121395 0.844477 0.780840 0.881574 0.584188 0.694297 0.100000 0.100000 0.262674 1.085210 0.552199 0.271174 0.100000 0.100000 0.100000 0.161299 0.523434 0.100000 0.390923 0.100000 0.398559 1.072455 0.420754 1.249398 0.577179 0.126243 1.283209 0.661249 0.211343 0.100000 1.006295 0.262319 0.503748 0.707549 0.100000 0.234706 1.086429 1.430396 0.775318 0.846007 0.515278 1.004568 0.100000 0.157598 0.905918 0.100000 0.474057 0.850423 0.145675 0.495645 1.050533 0.204514 1.167422 0.100000 0.541597 0.954172 0.100000 0.620670 0.639943 1.066276 
0.100000 0.668674 0.100000 0.100000 0.100000 0.604002 0.100000 0.599146 0.100000 1.193683 0.790513 0.313264 0.100000 1.358766 0.100000 1.012642 0.100000 1.608193 0.393111 1.003902 0.575490 0.275537 0.965409 0.100000 0.383817 0.100000 0.100000 0.100000 0.585718 0.930319 0.355760 1.330421 1.011049 0.100000 0.702085 0.900734 0.684311 0.752446 0.704997 0.104735 1.483374 0.100000 0.804513 0.787282 0.691611 0.334541 0.742916 0.100000 0.548893 0.941460 1.031095 0.621916 0.100000 0.887660 0.100000 0.282164 0.100000 1.902650 0.761304 1.397289 0.100000 1.577275 1.037426 0.489073 0.532716 0.203184 0.606907 0.100000 0.153657 0.100000 0.992232 0.100000 0.100000 0.100000 0.646539 0.621640 0.167140 0.116128 0.547556 1.301048 
0.854238 0.675762 0.431325 0.375248 0.100000 0.369518 1.184378 0.100000 0.564766 0.590530 0.362059 0.380072 0.100000 0.462102 0.100000 0.133574 0.100000 0.132310 0.885141 0.335219 0.646203 0.878185 0.163382 0.590440 0.429142 0.648047 0.100000 0.280343 0.286512 0.551316 0.415138 0.838352 0.100000 0.100000 0.411929 0.887601 0.202339 0.747167 0.404333 0.158932 0.368478 0.100000 0.102603 0.486109 0.279706 0.251657 0.644119 0.265214 0.414407 0.605484 0.174715 0.628583 0.590308 0.518807 0.100000 0.321510 0.626378 1.278471 0.100000 0.383827 0.100000 0.843248 0.100000 0.100000 0.100000 0.309595 0.100000 0.212770 0.856778 0.492288 0.946394 0.176966 0.100000 0.271918 0.512955 0.101208 0.397618 0.458432 0.720483 0.100000 
