92 Number of operations
23 Number of workers
Standard production times
0.436826 0.198809 0.331604 0.391055 0.455688 0.283821 0.369697 0.170513 0.277800 0.162097 0.574453 0.396892 0.633336 0.100000 0.551241 0.100000 0.330241 0.100000 0.539262 0.512992 0.495972 0.340811 0.315938 0.228077 0.318417 0.649516 0.100000 0.100000 0.538062 0.585624 0.717307 0.480261 0.146062 0.493841 0.660772 0.646257 0.445896 0.454722 0.266643 0.360484 0.497204 0.572092 0.100000 0.238532 0.100000 0.618461 0.282133 0.597837 0.392383 0.644536 0.657231 0.431644 0.169275 0.413947 0.588501 0.278597 0.308175 0.396599 0.569202 0.402256 0.238324 0.288863 0.302463 0.464080 0.450278 0.274325 0.171269 0.118233 0.100000 0.577667 0.456585 0.653838 0.442652 0.454075 0.641237 0.267259 0.435319 0.449011 0.525447 0.328855 0.654341 0.435189 0.258507 0.273181 0.373264 0.127782 0.139955 0.402008 0.189263 0.216243 0.401704 0.602541 
Production times: workers row and ops columns
0.599111 0.100000 0.207682 0.460401 0.725730 0.228517 0.110522 0.100000 0.371319 0.156015 0.319459 0.240170 0.408477 0.217397 0.244253 0.145924 0.485697 0.145875 0.188990 0.816490 0.192508 0.368742 0.100000 0.100000 0.286142 0.635626 0.100000 0.100000 0.243539 0.264385 0.566880 0.953044 0.290507 0.237844 0.728386 0.402747 0.208718 0.612507 0.100000 0.100000 0.125256 0.498616 0.100000 0.511017 0.100000 0.737901 0.309923 0.453133 0.543136 0.692172 0.298539 0.653149 0.100000 0.331832 0.489234 0.305988 0.100000 0.286116 0.427016 0.601383 0.100000 0.210687 0.124091 0.100000 1.153111 0.152959 0.100000 0.440821 0.100000 0.588928 0.615435 0.359309 0.213385 0.191994 0.502428 0.100000 0.100000 0.306775 0.737133 0.418378 1.073166 0.543404 0.100000 0.136328 0.100000 0.100000 0.100000 0.383186 0.283611 0.100000 0.125154 0.100000 
0.372945 0.322893 0.554494 0.100000 1.449933 0.881350 0.322078 0.100000 0.117008 0.237662 0.565139 0.638656 1.017819 0.783121 1.124873 0.100000 0.524366 0.100000 0.245652 1.468406 0.266049 1.336180 0.141420 0.354490 0.863122 0.661477 0.296563 0.100000 0.300300 0.502736 0.392449 1.295953 0.100000 1.355176 0.100000 0.655467 0.726872 0.307811 0.813970 0.680330 0.359904 0.789596 1.505939 0.364529 0.249751 0.398465 0.348882 0.100000 0.293238 1.873330 1.190839 0.752354 0.721236 1.354824 0.885295 1.314036 0.843075 0.479859 1.428941 0.100000 0.100000 0.421756 0.100000 0.386051 0.130882 0.100000 1.527232 0.431970 0.100000 1.235251 0.337916 1.096508 0.618060 1.267362 0.100000 0.650120 0.496444 0.100000 1.058157 0.100000 1.463960 0.691735 0.606249 0.313410 0.825528 0.100000 0.177319 0.100000 0.330593 0.192665 0.709993 0.183725 
0.888571 0.793567 0.169119 0.286563 0.441955 0.563047 0.838767 0.100000 0.100000 0.100000 0.140619 0.100000 0.642177 0.100000 0.902219 0.272496 0.100000 0.100000 0.255547 0.832982 0.141090 0.100000 0.201111 0.240094 0.100000 1.035345 0.100000 0.135911 0.181403 0.473706 0.570352 0.100000 0.132359 0.100000 0.552136 0.104074 0.951792 0.452600 0.425050 0.536187 0.100000 0.100000 0.100000 0.407677 0.100000 0.754091 0.463123 0.100000 0.378688 1.134479 0.386072 0.100000 0.100000 0.174546 0.614015 0.100000 0.235390 0.100000 0.725391 0.778316 0.527687 0.100000 0.298222 0.100000 0.435233 0.155017 0.100000 0.121371 0.100000 0.759518 0.394778 0.624347 0.100000 0.100000 0.398467 0.256313 0.333430 0.799278 0.164399 0.156965 0.630865 0.265739 0.307181 0.100000 0.699367 0.100000 0.374738 0.292917 0.536719 0.100000 0.456743 0.372768 
0.552526 0.795212 0.100000 0.100000 0.100000 0.411015 0.100000 0.218810 0.100000 0.100000 0.389864 0.587190 0.320129 0.100000 0.530319 0.100000 0.100000 0.100000 0.581744 1.061882 1.519139 0.674305 0.355484 0.100000 0.362944 1.038964 0.732322 0.100000 0.656265 0.993427 1.647713 0.608056 0.100000 0.149041 0.482051 0.320297 0.859164 0.989374 0.629072 0.956577 0.270320 0.762259 0.100000 0.260361 0.712493 0.603593 0.100000 0.471429 0.100000 0.100000 0.262048 0.911956 1.009731 0.169444 1.089769 0.867708 0.100000 0.376918 0.546972 0.488449 0.100000 0.114292 0.831374 1.095182 1.365959 0.105570 1.106023 0.451185 0.100000 0.958472 0.280445 0.913377 0.391390 1.058195 0.769517 0.126007 0.917802 0.577122 0.318969 0.967492 0.450168 0.116621 0.100000 0.100000 0.100000 1.058221 0.100000 0.406218 0.100000 0.100000 1.161050 1.050719 
0.153751 0.100675 0.100000 0.100000 0.100000 0.100000 0.367482 0.249551 0.324273 0.100000 0.100000 0.276759 0.256048 0.264390 0.618174 0.224067 0.125731 0.100000 0.726631 0.780889 0.100000 0.282186 0.573914 0.100000 0.748722 0.444806 0.100000 0.411497 0.526422 0.289683 0.881244 0.100000 0.590654 0.148966 0.646567 0.426672 0.476766 0.621099 0.100000 0.496393 0.308994 0.265734 0.100000 0.100000 0.100000 0.803201 0.136886 0.840297 0.421910 0.236746 0.100000 0.125472 0.148513 0.316591 0.239472 0.482441 0.100000 0.100000 0.507391 0.960385 0.262504 0.100000 0.380260 0.569099 0.631635 0.100000 0.100000 0.100000 0.124582 0.957138 0.983480 0.333917 0.185761 0.335003 0.466305 0.312996 0.481040 0.426380 0.828668 0.181302 0.239098 0.100000 0.100000 0.100000 0.100000 0.226738 0.100000 0.175170 0.100000 0.100000 0.100000 1.056914 
0.100000 0.269714 0.703422 0.459121 0.297286 0.667858 0.100000 0.448286 0.993149 0.100000 0.164536 0.464862 1.128123 0.769574 0.891554 0.100000 0.100000 0.221489 0.738391 0.100000 0.525868 0.506930 0.838470 0.100000 0.596899 0.100000 0.100000 0.100000 1.297021 2.242776 0.844080 0.727907 0.649833 0.100000 1.043603 0.100000 1.260452 1.176467 0.517413 0.100000 1.331217 0.701936 0.155122 0.528304 0.100000 0.832711 0.780187 0.767337 0.465012 0.167707 0.979009 0.531879 0.173807 0.132345 1.016586 0.902189 0.502248 0.844974 1.232214 1.196337 0.351149 0.182199 0.100000 0.470954 0.726261 0.743416 0.100000 0.193162 0.100000 1.209649 0.260855 0.832799 0.100000 0.304937 0.298239 1.119743 0.615001 0.365789 0.100000 0.100000 0.938693 1.268151 0.100000 0.100000 0.285370 0.100000 0.100000 0.411663 0.564784 0.100000 0.507184 1.084878 
0.830924 0.172848 1.123029 0.657589 0.312368 0.679111 0.132921 0.539094 0.100000 0.499259 0.499385 0.836578 0.955540 0.334162 0.668831 0.526105 0.100000 0.329766 0.763292 0.781637 0.843841 1.551549 0.450973 0.569427 0.464128 1.221316 0.100000 0.709384 0.432920 0.100000 0.493852 0.527905 0.304336 0.580074 1.005817 0.735704 0.526937 0.100000 0.512846 0.763557 0.471002 0.108966 0.100000 0.840600 0.100000 0.519086 0.136298 0.902102 0.316030 0.483827 0.305322 0.499304 0.569560 0.469567 0.953167 0.431225 0.452526 0.550291 0.679535 0.810118 0.484680 0.215430 0.441049 0.541291 0.695757 0.428420 0.395642 0.100000 0.313877 1.071751 0.151527 1.234118 0.631774 0.491751 0.199890 0.693538 0.244454 0.395654 0.789218 0.121181 0.458291 0.189805 0.325099 0.549742 0.594166 0.350003 0.136701 0.544149 0.100000 0.915546 0.560122 0.116046 
0.100000 0.579200 0.100000 0.159747 0.476776 0.100000 0.589678 0.574238 0.100000 0.400885 0.207086 0.100000 0.607042 0.100000 0.272430 0.252607 0.100000 0.100000 0.115902 0.640501 0.637143 0.440893 0.100000 0.167908 0.355713 0.100000 0.100000 0.193759 0.649159 0.562195 0.779930 0.477490 0.100000 0.361064 0.299342 0.472592 0.225022 1.050054 0.244715 0.257276 0.327611 0.437530 0.100000 0.301943 0.100000 0.761785 0.100000 0.602907 0.555530 0.198259 0.607562 0.405764 0.100000 0.167799 0.100000 0.523244 0.100000 0.100000 0.666576 0.100000 0.427305 0.319129 0.381890 0.314880 0.100000 0.100000 0.508313 0.100000 0.100000 0.952316 0.167164 0.482451 0.271553 0.312837 0.229404 0.100000 0.720966 0.577339 0.100000 0.100000 0.654432 0.301302 0.100000 0.486003 0.100000 0.387660 0.100000 0.466530 0.165273 0.370085 0.226605 0.339864 
0.827611 0.286360 0.100000 1.065862 1.061070 1.004540 0.409546 0.345779 0.100000 0.100000 0.607189 0.485146 0.301956 1.014847 0.100000 0.100000 0.100000 0.745603 0.410967 0.350523 0.100000 0.100000 0.100000 0.735846 0.622862 1.144533 0.100000 1.355958 0.100000 0.100000 0.571252 0.548821 0.524233 0.100000 0.956199 1.500183 0.100000 0.100000 0.100000 0.480955 0.925911 0.955562 0.516812 0.946605 0.163721 1.094847 0.100000 0.202384 0.512816 0.235526 0.943083 1.119170 0.371044 0.100000 0.214263 0.961280 0.100000 0.441258 0.439755 0.428767 0.786509 0.100000 0.100000 1.189948 0.561785 0.637189 0.161580 0.507044 0.732369 1.260830 0.319858 0.477762 0.640086 0.557661 0.924135 0.100000 0.100000 0.674021 0.916070 0.650363 1.484062 0.861303 0.100000 0.765894 0.330797 0.755424 0.258949 0.628764 0.303124 0.243496 0.100000 0.631411 
0.100000 0.248150 0.529180 0.906386 0.467911 0.100000 0.100000 0.654844 0.100000 0.330754 0.100000 0.281445 0.738303 0.100000 0.438779 0.100000 0.100000 0.302589 0.569981 0.364816 0.458020 0.100000 0.522625 0.506370 0.100000 0.580122 0.314474 0.100000 1.048435 0.938813 0.533644 0.673893 0.544721 0.100000 0.746539 0.502952 0.280935 0.567814 0.100000 0.100000 0.100000 0.466171 0.188670 0.131369 0.100000 0.509222 0.568927 0.656973 0.100000 0.457901 0.918638 0.157553 0.100000 0.306428 0.169027 0.449308 0.100000 0.732011 0.338655 0.100000 0.223003 0.100000 0.363668 0.596167 0.177505 0.100000 0.355892 0.100000 0.100000 0.581952 0.824573 0.402916 0.353057 0.693678 0.100000 0.100000 0.100000 0.100000 1.012538 0.292239 0.999387 0.262766 0.320643 0.100000 0.109178 0.100000 0.100000 0.761989 0.100000 0.230195 0.224627 0.546002 
0.100000 0.426236 0.100000 0.303515 0.291443 0.479216 0.426196 0.100000 0.230300 0.165128 0.701416 0.448980 0.918899 0.485527 0.635565 0.100000 0.754594 0.644973 0.330032 0.288793 0.100000 0.474584 0.100000 0.676919 0.100000 0.571235 0.202345 0.100000 0.199424 0.560395 0.459030 0.277282 0.100000 0.226647 0.492369 0.782313 0.228586 0.404502 0.100000 0.534465 0.100000 0.759024 0.100000 0.100000 0.100000 0.822587 0.262690 0.104192 0.119963 0.945560 0.537002 0.496906 0.100000 0.100000 0.655100 0.865160 0.100000 0.467714 0.179170 0.670691 0.100000 0.100000 0.100000 0.231347 0.397653 0.579057 0.100000 0.303355 0.100000 0.381447 0.100000 0.100000 0.100000 0.830099 0.171657 0.100000 0.653751 0.100000 0.544243 0.100000 0.594733 0.579049 0.100000 0.100000 0.475045 0.203118 0.100000 0.229666 0.100000 0.487743 0.100000 0.542514 
1.044752 0.524958 0.329207 0.257748 0.353246 0.645685 0.558663 0.256642 1.147861 0.100000 0.516785 0.373887 0.788330 0.282887 0.559692 0.411383 0.582427 0.100000 0.100000 0.838846 0.298243 0.230923 0.357485 0.100000 0.158329 0.749668 0.100000 0.271633 0.355868 0.590241 0.472671 0.467893 0.305304 0.493113 0.303951 0.662269 0.563353 0.867708 0.327914 0.311069 0.220057 1.243570 0.100000 0.100000 0.129388 0.146437 0.679129 0.727813 0.614594 0.426612 0.580815 0.765320 0.517409 1.342009 0.996081 0.100000 0.413554 0.367313 0.977538 0.455888 0.466058 0.274475 0.567000 0.984776 0.348843 0.100000 0.100000 0.669884 0.249788 0.572430 0.251082 1.052353 0.612816 0.504131 0.562751 0.304626 0.423418 0.704825 0.991714 0.100000 0.302927 0.490208 0.366688 0.100000 0.270971 0.100000 0.100000 0.346599 0.247178 0.565254 0.707575 0.864160 
0.547461 0.100000 0.100000 0.710476 0.485967 0.656650 0.475572 0.174282 0.471749 0.100000 0.468132 0.100000 1.029298 0.100000 0.640505 0.100000 0.539173 0.430059 0.404950 0.534979 0.553147 0.696774 0.120315 0.215534 0.100000 0.135442 0.153309 0.277912 0.100000 1.337324 0.306823 0.816752 0.296578 0.100000 0.610098 0.100000 0.354162 0.754196 1.152070 0.714400 0.100000 0.357381 0.812289 0.289902 0.944909 0.216206 0.100000 0.100000 0.160338 1.233534 0.152224 0.809262 0.358640 0.768312 0.418463 0.249789 1.337582 0.100000 0.909064 1.123116 0.428387 1.076997 0.100000 0.269653 0.100000 0.100000 0.100000 0.314911 0.100000 0.969628 0.100000 1.088620 0.269299 0.100000 0.100000 0.100000 0.100000 0.453689 1.131571 0.667138 0.100000 0.100000 0.100000 0.100000 0.224408 0.100000 1.364117 0.100000 0.282543 1.080575 0.130399 0.144187 
0.801122 0.100000 0.100000 0.100000 0.433551 0.374415 0.189539 0.685617 0.100000 0.100000 0.342202 0.628068 0.498873 0.100000 0.923587 0.354782 0.500480 0.100000 0.100000 0.309742 0.288212 0.100000 0.120855 0.296984 0.100000 0.598558 0.100000 0.100000 0.329496 0.686572 0.680491 0.122878 0.126671 0.416755 0.669049 0.451340 0.633004 0.457334 0.100000 0.100000 0.100000 0.583359 0.100000 0.100000 0.100000 0.882554 0.835453 0.459247 0.889241 0.706614 0.917706 0.244887 0.100000 0.457797 0.875991 0.100000 0.188274 0.361045 0.647649 0.100000 0.100000 0.467550 0.745450 0.393772 0.644121 0.224606 0.200383 0.100000 0.100000 0.303466 0.385450 0.885236 0.398858 0.550511 0.347192 0.382062 0.100000 0.100000 0.322441 0.100000 0.722932 0.395606 0.100000 0.199516 0.100000 0.100000 0.100000 0.100000 0.402195 0.100000 0.607743 0.456226 
0.428577 0.100000 0.137203 0.162199 0.424724 0.596358 0.100000 0.100000 0.284824 0.319886 0.439841 0.180479 0.356609 0.100000 0.523317 0.100000 0.137247 0.227831 0.431175 0.240113 0.608533 0.454720 0.399694 0.328374 0.100000 0.610777 0.100000 0.100000 0.100000 0.479990 0.722882 0.528892 0.100000 0.403624 0.100000 0.100000 0.100000 0.285993 0.654534 0.786272 0.100000 0.667690 0.378276 0.100000 0.100000 0.946009 0.100000 0.380309 0.806732 0.686331 0.811671 0.814172 0.100000 0.100000 0.728308 0.183065 0.436740 0.423542 0.247861 0.318869 0.100000 0.127949 0.200350 0.480046 0.423848 0.100000 0.272951 0.100000 0.678249 0.261063 0.351511 0.969156 0.295988 0.100000 0.124946 0.265450 0.472543 0.611546 0.520695 0.100000 0.709814 0.781439 0.100000 1.260768 0.161358 0.417626 0.620408 0.589752 0.193816 0.347006 0.716357 0.100000 
0.488061 0.100000 0.100000 0.338664 0.421421 0.343805 0.104769 0.419717 0.100000 0.100000 0.115851 0.334366 0.387987 0.163272 0.218547 0.389338 0.455424 0.100000 0.100000 0.100000 0.100000 0.613550 0.443196 0.100000 0.784827 0.460619 0.100000 0.326866 0.829979 0.487746 0.347788 0.751553 0.100000 0.388720 0.702238 0.638341 0.208029 0.100000 0.393235 0.100000 0.496992 0.553607 0.158679 0.100000 0.100000 0.757660 0.100000 0.514831 0.407551 0.166834 0.273576 0.807668 0.382129 0.100000 0.706502 0.302495 0.631469 0.640957 0.100000 0.213618 0.553493 0.681747 0.100000 0.100000 0.428732 0.100000 0.100000 0.100000 0.231480 0.650581 0.496001 0.225152 0.100000 0.100000 0.691539 0.100000 0.534069 0.882768 0.237812 0.174052 0.851189 0.611200 0.100000 0.122053 0.311469 0.100000 0.215558 0.403235 0.483893 0.100000 0.659767 0.750447 
0.299614 0.226769 0.527688 0.384374 0.284292 0.271556 0.100000 0.100000 0.100000 0.100000 0.534736 0.538525 0.610276 0.440670 0.428416 0.100000 0.100000 0.100000 0.352219 0.830174 0.100000 0.411684 0.217771 0.386039 0.100000 0.775519 0.100000 0.199060 0.100000 0.644293 0.852029 0.100000 0.313360 0.100000 0.871185 0.559537 0.567131 0.482369 0.100000 0.741939 0.779819 0.183801 0.188381 0.296313 0.100000 0.226386 0.587442 0.399548 0.585879 1.137460 0.725223 0.100000 0.387388 0.100000 0.239264 1.080637 0.100000 0.425154 0.175124 0.289277 0.222167 0.100000 0.100000 0.585903 0.633534 0.298291 0.100000 0.158983 0.100000 0.267631 0.377762 1.258418 0.100000 0.687073 0.638109 0.100000 0.100000 0.318049 0.303492 0.327133 0.276344 0.100000 0.479380 0.182758 0.100000 0.100000 0.609534 0.146077 0.100000 0.415336 0.909173 0.898213 
0.100000 0.100000 0.626238 0.252408 0.521826 0.141907 0.787225 0.105243 0.100000 0.116228 0.125575 0.356662 0.516400 0.100000 0.116783 0.100000 0.100000 0.113250 0.783201 0.514604 0.100000 0.100000 0.453323 0.100000 0.189873 0.161149 0.100000 0.664434 0.255067 0.426305 0.271822 0.836643 0.100000 0.341894 0.569882 0.537554 0.765858 0.100000 0.348929 0.100000 0.267558 0.279286 0.119879 0.100000 0.100000 0.677768 0.100000 0.345151 0.395509 0.561133 0.446585 0.337451 0.100000 0.560013 0.149664 0.100000 0.323924 0.100000 0.169580 0.224105 0.336602 0.100000 0.100000 0.220629 0.447337 0.100000 0.126270 0.408223 0.100000 0.347974 0.100000 0.307457 0.100000 0.100000 0.347127 0.247622 0.460072 0.199021 0.500547 0.100000 1.152760 1.054912 0.101719 0.303210 0.281633 0.239794 0.100000 0.100000 0.310106 0.100000 0.385916 0.205310 
0.284928 0.572437 0.893633 0.423918 0.408472 0.452582 0.285287 0.100000 0.350803 0.100000 0.782104 0.324964 0.769254 0.100000 0.405494 0.348795 0.817415 0.429824 0.733238 0.258307 0.745524 0.459021 0.299579 0.696596 0.166553 1.254871 0.100000 0.100000 0.587027 0.268608 0.655058 0.582158 0.100000 0.323295 0.322064 0.592532 0.865181 0.402283 0.287970 0.505526 0.241988 0.717676 0.100000 0.122257 0.100000 0.506449 0.669544 1.037271 0.381287 0.743072 0.608419 0.179732 0.100000 1.003156 0.371417 0.420939 0.852763 0.362336 0.601121 0.564101 0.214531 0.447955 0.286319 0.889018 0.683132 0.100000 0.100000 0.100000 0.100000 0.446444 0.825279 0.529296 0.397984 0.589177 0.138858 0.489860 0.702938 0.962407 0.326147 0.285027 0.813225 0.418797 0.100000 0.641438 0.385647 0.329907 0.100000 0.787051 0.183274 0.100000 0.736808 1.032849 
0.100000 0.396210 0.716281 0.369268 0.100000 0.354276 0.589218 0.100000 0.679294 0.100000 0.439874 0.626588 0.597497 0.375868 0.449576 0.118451 0.239152 0.100000 0.616137 0.559975 0.307517 0.523791 0.192031 0.490639 0.405690 0.525152 0.100000 0.100000 0.856187 0.545336 0.911281 0.357145 0.100000 0.187497 0.100000 0.642130 0.358776 0.341169 0.401948 0.100000 0.906896 0.100000 0.100000 0.100000 0.100000 0.865444 0.100000 0.551300 0.324519 0.597510 0.632725 0.571219 0.216404 0.425794 0.754918 0.376116 0.168364 0.100000 0.705849 0.197289 0.629660 0.100000 0.100000 0.701513 0.124623 0.100000 0.421756 0.100000 0.391831 0.188525 0.475666 0.617418 0.100000 0.345943 0.411602 0.201332 0.490930 0.818404 0.350302 0.195036 1.196279 0.548590 0.382883 0.100000 0.100000 0.100000 0.100000 0.444600 0.905532 0.100000 0.174321 0.686603 
0.564773 0.752083 0.179737 0.100000 1.492488 0.495593 0.100000 0.100000 0.237339 0.100000 0.950167 0.460314 0.437440 0.100000 1.359652 0.100000 0.100000 0.100000 0.100000 0.840542 1.222099 0.100000 0.100000 0.223667 0.273391 1.058831 0.100000 0.131758 0.100000 0.100000 0.421290 0.235051 0.389020 1.082414 0.100000 1.465775 0.100000 0.221992 0.808623 0.100000 0.100000 0.137362 0.120392 0.760069 0.629758 0.142963 0.638979 0.370261 1.119519 0.489046 1.170917 0.100000 0.541886 0.100000 0.627790 0.100000 0.222047 0.100000 0.100000 0.509671 0.619536 0.335208 0.445932 0.814618 1.049889 0.774224 0.363727 1.107933 0.100000 0.968689 0.100000 1.841165 0.309181 0.523195 1.322524 0.161281 0.100000 0.100000 0.378443 1.340448 0.726667 1.290076 0.660527 0.100000 0.100000 0.100000 0.435110 0.277128 0.259671 0.489287 0.202466 0.100000 
0.426118 0.457520 0.170722 0.159372 0.239787 0.297871 0.416254 0.236983 0.100000 0.253404 0.467315 0.194564 0.158633 0.100000 0.446717 0.222345 0.532185 0.188578 0.687504 0.252499 0.814885 0.665045 0.600635 0.158857 0.373019 0.589373 0.100000 0.100000 0.154171 0.135509 0.966114 0.726849 0.478975 0.444139 0.751321 0.888926 0.417167 0.100000 1.023354 0.817484 0.959207 0.685552 0.100000 0.351498 0.275862 0.297466 0.230745 0.857666 0.937310 0.920591 0.630427 0.141281 0.874111 0.547281 0.915499 0.385734 0.100000 1.145959 0.868101 0.867411 0.100504 0.378315 0.810636 0.456387 0.332496 0.100000 0.100000 0.465120 0.180335 0.135118 1.012150 1.135646 0.887741 0.100000 0.771067 0.755216 0.222661 0.306860 0.551855 0.100000 0.817724 0.831284 0.556619 0.820720 0.500267 0.217466 0.182086 0.290379 0.100000 0.100000 0.474770 0.538788 
0.487290 0.235387 0.648783 0.130042 0.100000 0.100000 1.324210 0.544346 0.100000 0.100000 0.528970 0.159445 0.729554 0.441986 1.160170 0.100000 0.183372 0.100000 0.552786 1.043876 0.116975 1.444297 0.593336 0.783629 0.100000 0.461801 0.100000 0.123550 0.100000 0.835538 0.100000 0.671276 0.659912 0.469685 0.581278 0.569067 0.343738 0.596270 0.733319 0.698440 1.265036 0.637878 0.100000 0.100000 0.100000 0.452532 0.100000 1.522339 0.687883 1.578027 0.100000 0.619542 0.721994 0.615677 0.398824 0.405190 0.401296 0.505704 0.745650 0.919937 0.396910 0.479830 0.359705 0.741687 0.147544 0.615491 0.100000 0.599796 0.100000 0.608523 0.428221 0.207807 1.024636 0.700429 0.720611 0.941371 0.332926 0.500030 1.137149 1.606792 0.758618 1.303537 0.407913 0.100000 0.687049 0.806108 0.300374 0.696772 0.100000 0.100000 0.577377 0.100000 
