90 Number of operations
29 Number of workers
Standard production times
0.436826 0.198809 0.331604 0.391055 0.455688 0.283821 0.369697 0.170513 0.277800 0.162097 0.574453 0.396892 0.633336 0.100000 0.551241 0.100000 0.330241 0.100000 0.539262 0.512992 0.495972 0.340811 0.315938 0.228077 0.318417 0.649516 0.100000 0.100000 0.538062 0.585624 0.717307 0.480261 0.146062 0.493841 0.660772 0.646257 0.445896 0.454722 0.266643 0.360484 0.497204 0.572092 0.100000 0.238532 0.100000 0.618461 0.282133 0.597837 0.392383 0.644536 0.657231 0.431644 0.169275 0.413947 0.588501 0.278597 0.308175 0.396599 0.569202 0.402256 0.238324 0.288863 0.302463 0.464080 0.450278 0.274325 0.171269 0.118233 0.100000 0.577667 0.456585 0.653838 0.442652 0.454075 0.641237 0.267259 0.435319 0.449011 0.525447 0.328855 0.654341 0.435189 0.258507 0.273181 0.373264 0.127782 0.139955 0.402008 0.189263 0.216243 
Production times: workers row and ops columns
0.622724 0.260805 0.100000 0.335551 0.480685 0.565740 0.201783 0.342242 0.714341 0.100000 0.425431 0.766912 1.139482 0.100000 0.793462 0.100000 0.576880 0.470710 1.212166 0.100000 0.286295 0.100000 0.814228 0.121848 0.100000 0.379417 0.431702 0.100000 0.100000 0.510093 0.729534 0.491224 0.101970 0.430529 0.803213 0.781933 0.100000 0.100000 0.937979 0.100000 1.259287 0.668361 0.100000 0.852449 0.154051 0.739368 0.364982 0.100000 1.039285 0.649946 0.637516 0.100000 0.100000 0.367380 0.625200 0.100000 0.258196 0.100000 1.480569 1.032295 0.939429 0.100000 0.100000 0.100000 0.225256 0.468087 0.100000 0.100000 0.100000 0.576621 0.436733 0.411343 0.686001 0.100000 0.820965 0.946051 0.100000 1.232607 0.486114 0.100000 1.297909 0.100000 0.100000 0.100000 0.100000 0.520120 0.474001 0.333295 0.100000 0.100000 
0.711521 0.825031 0.290048 0.525548 0.802634 0.100000 0.424025 0.172974 0.895576 0.222216 0.503532 1.157799 0.661370 0.278468 0.768965 0.445455 1.008810 0.100000 1.087738 0.549515 0.602391 0.136643 0.201231 0.100000 0.336836 0.962871 0.232225 0.133548 1.106969 0.515096 0.843307 0.100000 0.100000 0.397612 0.847827 0.952931 0.615016 0.605169 0.445216 0.413730 0.602910 1.012066 0.100000 0.390198 0.100000 0.876384 0.100000 0.726855 0.545077 0.538124 1.371167 0.500749 0.336012 0.302404 1.244703 0.662805 1.075998 0.999258 0.627010 0.826294 0.912359 0.493999 0.360397 0.310414 0.576118 0.100000 0.647214 0.299707 0.496306 0.667608 0.994409 0.566011 1.174993 0.823492 0.798750 0.337082 0.372831 0.672643 0.670302 0.432242 0.724139 0.466117 0.497997 0.841820 0.584287 0.733848 0.186996 0.653509 0.108227 0.346254 
0.100000 0.906998 0.234130 0.270717 0.623697 1.147850 0.100000 1.236318 0.100000 0.322300 0.504058 0.787107 0.100000 0.349154 0.100000 0.100000 0.186087 0.100000 0.100000 0.756127 1.308151 1.042417 0.100000 0.741316 0.819347 0.241824 0.100000 0.100000 0.366954 0.903953 0.834353 0.451349 1.003580 0.242307 1.061639 0.561324 0.366571 1.356471 0.152830 0.100000 0.100000 0.532350 0.100000 0.325300 1.758135 0.282726 0.865039 1.009681 0.125580 1.453106 1.187193 0.369146 0.839661 0.100000 0.100000 0.512419 1.060631 0.895970 0.100000 0.580848 0.100000 0.244785 0.100000 0.240992 0.593817 0.326361 0.100000 0.765955 0.100000 0.582570 0.732340 0.199337 0.971544 0.611527 0.588472 0.441252 0.100000 1.509813 0.100000 0.392506 0.683799 0.548934 0.475053 0.100000 0.223405 0.145694 0.100000 1.211361 0.890537 0.100000 
0.540754 0.100000 0.100000 0.389975 0.258841 0.871033 0.256639 0.294686 0.590548 0.454415 0.509327 0.100000 0.607590 0.843849 0.391852 0.585030 0.100000 0.378901 0.674165 0.649047 0.100000 0.685032 0.850070 0.100000 0.333755 0.105289 0.100000 0.100000 1.002616 0.338222 0.450558 0.151826 0.725336 0.368545 0.646206 1.110573 0.966853 0.343469 1.541441 1.106882 0.178997 0.685111 0.495444 0.268534 0.100000 0.928900 0.531473 0.738750 0.109673 0.718528 0.989713 0.579780 0.219443 0.100000 0.153855 0.553264 0.809108 0.100000 1.094954 0.790028 0.795033 0.590957 0.391864 0.100000 0.446636 0.100000 0.122182 0.726516 0.100000 0.104118 0.840479 0.555079 0.185414 0.100000 1.120708 0.778359 0.366475 1.461472 1.113979 0.100000 0.644113 0.343563 0.671110 0.100000 0.135330 1.146368 0.207148 0.100000 0.735121 0.937237 
0.511508 0.100000 0.421045 0.151310 0.100000 0.155487 0.402230 0.461423 0.246648 0.147624 0.167633 0.214445 0.335687 0.100000 0.284625 0.100000 0.730822 0.100000 0.499485 0.100000 0.315137 0.100000 0.416015 0.100000 0.230609 0.499166 0.100000 0.577413 0.200690 0.217648 0.694095 0.437455 0.100000 0.784617 0.553373 0.756565 0.522726 0.112348 0.390473 0.100000 0.132898 0.775047 0.536026 0.100000 0.100000 1.133826 0.100000 0.174897 0.168360 1.106149 0.847381 0.674971 0.100000 0.232658 0.159785 0.590097 0.100000 0.350100 0.397504 0.100000 0.100000 0.291430 0.362561 0.489131 0.698971 0.415472 0.100000 0.100000 0.100000 0.367802 0.799596 0.412159 0.559255 0.220829 0.174076 0.116202 0.100000 0.945089 0.485225 0.100000 0.677501 0.275706 0.100000 0.100000 0.100000 0.100000 0.379868 0.458438 0.100000 0.124362 
0.141626 0.764138 0.431841 0.960234 0.540008 0.139103 0.100000 1.246253 0.100000 1.180067 0.100000 0.100000 0.593474 0.540588 0.274362 0.608073 0.100000 0.100000 0.803047 0.100000 0.256460 0.244798 0.100000 0.781787 0.100000 0.441466 0.171356 0.100000 0.892727 0.522640 0.720529 0.313331 0.100000 0.100000 0.692922 0.841674 1.068804 0.100000 0.100000 0.100000 0.833867 1.476039 0.473630 0.742131 0.100000 0.936424 0.472763 1.301027 0.275599 0.521085 0.769898 0.460102 0.100000 0.762839 0.139202 0.605751 0.100000 1.294600 0.577968 0.151464 0.678255 0.296884 0.100000 1.007872 0.100000 0.645991 0.720100 0.952236 0.100000 0.762904 0.618933 1.560542 0.100000 0.581188 0.692847 0.659919 0.831346 0.100000 1.538751 0.784318 1.528351 0.463112 0.702294 0.469267 0.982118 0.851381 0.100000 0.585882 0.215398 0.800802 
0.661029 0.487141 0.261123 0.226652 0.669458 0.100000 0.134873 0.100000 0.534510 0.100000 0.100000 0.100000 0.569263 0.100000 0.469441 0.100000 0.100000 0.324541 0.326242 0.359609 0.413208 0.100000 0.496686 0.201605 0.100000 0.855985 0.100000 0.361301 0.848290 0.676052 0.917214 0.100000 0.296757 0.100000 0.799658 0.349988 0.445023 0.321851 0.330164 0.100000 1.229196 0.809620 0.229019 0.100000 0.100000 0.999294 0.433566 0.499625 0.100000 0.583996 0.635336 0.216860 0.857340 0.675129 0.374706 0.162605 0.100000 0.662683 0.100000 0.100000 0.100000 0.100000 0.198141 0.478476 0.282936 0.354125 0.459626 0.100000 0.100000 0.794252 1.011271 0.325150 0.100000 0.227947 0.762202 0.100000 0.160618 0.188173 0.422291 0.305698 0.466543 0.100000 0.219061 0.464279 0.314398 0.100000 0.100000 0.316966 0.100000 0.347531 
0.547852 0.487705 0.374303 0.397545 1.351347 0.893986 0.100000 0.100000 0.373809 0.609529 0.100000 0.100000 0.419003 0.100000 0.100000 0.582277 0.769009 0.100000 1.144265 0.355975 0.763170 0.815007 0.392653 0.100000 0.100000 0.387613 1.144213 0.219802 0.100000 0.100000 0.441577 0.244982 0.281293 0.528810 0.800444 0.288580 1.180741 0.750545 0.100000 0.100000 0.898421 0.319255 0.270268 0.428430 0.100000 0.100000 0.786997 0.100000 0.780705 0.221298 0.739450 1.153740 0.100000 0.100000 1.401593 0.511005 0.590295 0.100000 0.692152 0.618584 0.100000 0.100000 0.188131 0.878663 0.583214 0.100000 0.100000 0.100000 0.100000 1.004151 0.679838 0.546502 1.412719 0.376881 0.471888 0.100000 0.589929 0.510162 0.286861 0.163364 0.884748 0.100000 0.100000 0.222573 0.184430 0.100000 0.100000 0.100000 1.149847 0.621100 
0.226175 0.416491 0.182678 0.471235 0.100000 0.100000 0.503606 0.330854 0.100000 0.100000 0.420761 0.205833 0.466759 0.100000 0.607684 0.100000 0.206732 0.503988 0.100000 0.340787 0.694566 0.363547 0.593420 0.100000 0.367404 0.506169 0.260077 0.100000 0.216832 0.548501 0.859402 0.100000 0.118909 0.586988 0.966069 0.172249 0.426628 0.377399 0.267024 0.230467 0.759291 0.814233 0.100000 0.100000 0.312201 0.283273 0.100000 0.401377 0.165697 0.438921 0.470392 0.480445 0.276348 0.100000 0.772034 0.100000 0.451383 0.804559 0.100000 0.170031 0.668034 0.100000 0.523734 0.671114 0.100000 0.319487 0.127102 0.100000 0.268791 0.212370 0.587252 0.835323 0.590287 0.435368 0.100000 0.293358 0.229435 0.279579 0.829964 0.408468 0.258743 0.423855 0.473299 0.437951 0.503513 0.100000 0.100000 0.100000 0.235451 0.467030 
0.801930 0.100000 0.649053 0.485002 1.536431 0.208801 0.134288 0.245506 0.879173 0.629444 0.650058 1.215489 1.329270 0.100000 0.759357 0.749980 0.752801 0.324062 1.061818 0.297506 0.926257 0.317231 0.708917 0.972909 0.323077 0.852680 0.172016 0.100000 0.700734 0.541873 0.935052 0.100000 0.100000 0.575140 1.009059 1.504275 0.740907 0.412307 0.406004 0.100000 0.483960 0.100000 0.821952 0.100000 0.963605 0.540440 0.100000 0.100000 1.226345 1.005259 0.400107 0.528158 0.197991 0.172127 0.477707 0.100000 0.452335 1.100558 0.965117 0.478750 0.931761 0.811823 0.100000 0.100000 0.100000 1.102772 0.100000 0.100000 0.100000 0.100000 0.416188 0.100000 0.383862 0.724677 0.327173 0.847930 0.298484 0.100000 0.447746 1.063526 0.830661 0.100000 0.100000 0.110400 0.100000 0.100000 0.100000 0.466423 0.100000 0.639214 
0.437495 0.145635 0.309944 0.274122 0.100000 0.680797 0.653204 0.393524 0.100000 1.096648 0.284884 0.100000 0.436922 0.152127 0.661727 0.423653 0.293017 0.767195 0.433733 0.821265 0.542142 0.123262 0.262572 0.335643 0.708370 0.484349 0.264034 0.100000 0.745513 0.119785 0.929534 0.100000 0.539595 0.877658 0.886289 1.061043 0.841489 0.640307 0.119344 0.230195 0.883037 1.293674 0.520519 0.378475 0.270263 0.310384 0.796400 0.305854 0.376885 0.724802 0.762028 0.974175 0.100000 0.290544 0.785667 0.663212 0.343169 0.244433 0.940175 0.480495 0.797376 0.100000 0.669289 0.182366 0.519062 0.100000 0.951795 0.100000 0.100000 0.509330 1.003881 0.859673 0.677038 0.520055 0.110190 0.100000 0.666447 0.517400 0.889072 0.100000 0.865146 0.541960 0.694039 0.208492 0.667493 0.100000 0.100000 0.333441 0.164615 0.193001 
0.309717 0.359883 0.523169 0.118880 0.955620 0.311696 0.100000 0.100000 0.100000 0.100000 1.001261 0.100000 0.100000 0.100000 0.318376 0.100000 0.100000 0.100000 0.516749 0.460625 0.100000 0.434523 0.391754 0.100000 0.100000 0.901956 0.100000 0.100000 0.717524 0.361499 0.634948 0.160694 0.100000 0.510428 0.774183 0.654981 0.673106 0.166563 0.100000 0.100000 0.391423 0.581142 0.100000 0.257266 0.100000 0.627035 0.415148 0.392718 0.175299 0.374255 0.579148 0.643660 0.100000 0.100000 0.311813 0.100000 0.212743 0.100000 0.534789 0.186177 0.100000 0.444033 0.117073 0.100000 0.250405 0.665182 0.200700 0.100000 0.100000 0.486427 0.797649 0.100000 0.100000 0.162006 0.177163 0.100000 0.372785 0.347178 0.448349 0.474473 0.898315 0.477355 0.282879 0.100000 0.100000 0.100000 0.100000 0.384789 0.100000 0.132577 
0.100000 0.679064 0.245460 0.498216 0.686740 0.584046 0.100000 0.772552 1.263699 0.100000 0.270493 0.310554 1.153447 0.608785 0.100000 0.100000 0.189772 0.473937 0.256194 0.100000 0.100000 1.625087 0.100000 0.100000 0.100000 0.656084 0.100000 0.330510 0.380293 0.410920 1.486752 0.269866 0.724431 0.705404 1.373579 2.072541 0.404091 0.527212 0.100000 0.416298 0.100000 0.213522 0.377388 1.041685 0.100000 1.873182 0.427557 0.548761 1.088752 1.122629 1.367522 0.100000 0.100000 0.100000 0.100000 0.350801 0.140225 0.649877 0.946197 0.388798 0.773206 0.100000 0.100000 1.373612 0.525656 0.100000 0.100000 0.774917 0.100000 0.995111 0.753613 0.579788 1.182975 0.100000 0.320889 0.100000 0.218520 0.389280 0.851490 0.139765 0.311217 1.283864 0.248102 0.358028 1.132780 0.424094 0.843126 0.717374 0.100000 1.659578 
0.632336 0.100000 0.225052 0.318015 0.658079 0.100000 0.424627 0.100000 0.110083 0.100000 0.100000 0.100000 0.579756 0.100000 0.559067 0.100000 0.131429 0.451762 0.122042 0.383176 0.109948 0.190317 0.100000 0.100000 0.730866 0.632543 0.100000 0.100000 0.259180 0.100000 0.100000 0.760306 0.280305 0.333306 0.724216 0.610590 0.498313 0.100000 0.100000 0.186457 0.697016 0.361557 0.490424 0.100000 0.100000 0.799906 0.100000 1.013022 0.259309 0.515425 0.687638 0.247234 0.194641 0.100000 0.600072 0.100000 0.100000 0.206837 0.145038 0.392673 0.198249 0.100000 0.311583 0.662061 0.231685 0.430337 0.338219 0.100000 0.100000 0.172422 0.100000 0.527953 0.323281 0.382240 0.537645 0.100000 0.519069 0.965332 0.166952 0.768601 0.670139 0.673144 0.225384 0.122125 0.208479 0.100000 0.141967 0.326324 0.100000 0.100000 
0.647922 0.257108 0.267770 0.100000 0.507965 0.691313 0.228039 0.122366 0.430241 0.100000 0.708140 0.314309 0.905308 0.154980 0.433438 0.100000 0.100000 0.100000 1.062479 0.257935 0.416065 0.468905 0.144698 0.100000 0.100000 0.290107 0.100000 0.100000 0.351801 0.916767 0.507312 0.591072 0.100000 0.484912 0.759172 0.366207 0.100000 0.601180 0.100000 0.293525 0.415722 0.100000 0.239924 0.226932 0.100000 0.485923 0.642770 0.461890 0.494433 0.728867 0.778619 0.611844 0.137379 0.149770 0.487478 0.366784 0.394549 0.180928 0.562307 0.764953 0.126351 0.116450 0.656823 0.177678 0.348601 0.357249 0.712842 0.100000 0.538856 0.746032 0.241722 0.131085 0.423332 0.737835 0.204316 0.100000 0.374235 0.611613 0.717159 0.558389 0.283687 0.406164 0.100000 0.100000 0.274073 0.100000 0.124944 0.188941 0.100000 0.100000 
0.599906 0.165109 0.462132 0.829221 0.168511 0.373509 0.100000 0.396064 0.166772 0.936997 1.035374 0.632696 0.358740 0.195815 1.337867 0.100000 0.572417 0.100000 0.409864 0.723725 0.817000 0.678702 0.554735 1.101739 0.140728 0.747236 0.656489 0.100000 0.895414 0.779910 0.646944 1.162490 0.100000 0.641753 0.845952 1.043698 0.873456 0.991170 0.640502 0.355346 0.570423 0.877465 0.392393 0.100000 0.290339 0.622728 0.584376 0.454891 0.100000 0.492931 0.933677 0.468707 0.150883 0.140579 1.073211 0.100000 0.100000 0.271440 0.534241 1.144337 0.464645 0.943890 0.417137 0.100000 0.714398 0.611846 0.210343 0.100000 0.100000 0.564644 0.513467 0.593877 0.960832 0.611043 0.630422 0.526747 0.925433 0.704314 0.633611 0.609412 0.701735 0.470738 0.860429 0.632493 0.100000 0.100000 0.465891 0.796639 0.394877 0.595641 
0.354315 1.233744 1.108014 0.100000 0.100000 0.530756 0.100000 0.100000 0.100000 0.371409 0.757979 0.395541 0.763120 0.320783 0.835245 0.559578 0.100000 0.945528 0.735209 0.457644 0.217602 0.785106 1.237919 0.500394 0.100000 1.195263 0.184338 0.100000 0.166292 1.299573 1.214688 0.961048 0.100000 0.928164 1.505830 1.130314 1.114977 0.100000 0.100000 0.100000 0.100000 0.185432 0.223344 0.157166 0.771633 0.860657 0.100000 0.632741 0.100000 0.503972 1.087950 0.101388 1.193297 0.100000 0.429587 0.169425 0.892053 0.401448 0.961328 0.164673 0.402673 0.100000 0.100000 0.100000 0.100000 0.606387 0.177372 0.100000 0.278418 0.904653 0.649402 1.105526 0.100000 0.100000 1.124214 0.642808 0.200349 0.699562 0.351887 0.100000 0.914410 1.025849 0.100000 0.402168 0.100000 0.679845 0.416111 1.425705 1.105121 0.166504 
0.320377 0.100000 0.167360 0.100000 0.761861 0.196874 0.502731 0.100000 0.100000 0.198102 0.539357 0.147705 0.782510 0.100000 0.100000 0.100000 0.100000 0.100000 0.100000 1.049884 0.271771 0.100000 0.242629 0.100000 0.247250 0.867168 0.100000 0.100000 0.753259 0.915781 0.796160 0.100000 0.100000 0.438298 0.479639 0.837111 0.100000 0.100000 0.100000 0.611145 0.404318 0.672562 0.261384 0.370048 0.100000 0.256193 0.100000 0.223760 0.100000 0.531175 0.769066 0.100000 0.100000 0.411888 0.384185 0.520299 0.100000 0.100000 0.526602 0.379131 0.927004 0.100000 0.100000 0.198701 0.408108 0.330790 0.100000 0.100000 0.100000 0.785039 0.100000 0.660849 0.198509 0.468014 0.941052 0.291489 0.167787 0.158327 0.512222 0.100000 0.560810 0.457536 0.104090 0.207733 0.138631 0.326422 0.100000 0.162412 0.100000 0.573713 
0.228495 0.100000 0.100000 0.431472 0.598798 0.352857 0.100000 0.104366 0.100000 0.100000 0.249787 0.100000 0.889422 0.100000 0.266974 0.174790 0.675465 0.732548 0.664188 0.427549 0.320743 0.209379 0.100000 0.172323 0.100000 0.394340 0.100000 0.113571 0.870819 0.666252 0.445392 0.100000 0.270333 0.701867 0.491435 0.394104 0.100000 0.100000 0.100000 0.256149 0.139565 0.694056 0.560413 0.196693 0.129475 0.215482 0.100000 0.653443 0.698500 1.175097 1.049695 0.100000 0.100000 0.174060 0.278632 0.100000 0.347666 0.100000 0.213429 0.100000 0.100000 0.149061 0.187046 0.282171 0.133211 0.100000 0.386963 0.277825 0.100000 0.239659 0.250033 0.434573 0.442284 0.100000 0.882783 0.100000 0.647061 0.553744 0.421951 0.464102 0.375646 0.504263 0.474347 0.100000 0.703276 0.100000 0.100000 0.139088 0.100000 0.100000 
0.531502 0.254674 0.358843 0.100000 0.100000 0.100000 0.150917 0.100000 0.160867 0.127388 0.541692 0.498246 0.279671 0.100000 0.615481 0.404342 0.243742 0.100000 0.779899 0.193858 0.100000 0.569672 0.467151 0.561859 0.447779 0.418491 0.179193 0.100000 0.257717 0.379989 0.943294 0.143925 0.387731 0.668261 0.816515 0.372196 0.367517 0.582821 0.345563 0.690487 0.160229 0.164563 0.100000 0.688992 0.177346 0.636900 0.564405 0.453193 0.399490 0.557050 0.647110 0.330401 0.512984 0.409153 0.490934 0.180759 0.100000 0.211479 0.595234 0.190497 0.100000 0.100000 0.215403 0.558300 0.374738 0.100000 0.100000 0.440493 0.207425 0.385401 0.393487 0.940412 0.103453 0.229215 0.403244 0.347618 0.122108 0.832321 0.100000 0.335808 0.905587 0.409188 0.466338 0.100000 0.100000 0.169884 0.255477 0.367414 0.176733 0.237323 
0.545072 0.100000 0.100000 0.419642 0.100000 0.100000 0.209263 0.367853 0.455227 0.422422 0.312842 0.537788 0.194219 0.100000 0.100000 0.369714 0.538390 0.286590 0.437326 0.664695 0.687749 0.100000 0.237772 0.100000 0.334732 0.728037 0.100000 0.100000 0.457305 0.291028 0.387684 0.455964 0.100000 0.270075 0.100000 1.014503 0.450410 0.312035 0.139061 0.100000 0.510035 0.483302 0.193697 0.100000 0.100000 0.308764 0.100000 0.562796 0.468500 0.100000 0.250482 0.842495 0.100000 0.134391 1.301589 0.100000 0.162820 0.100000 0.266406 0.693781 0.219534 0.180205 0.400258 0.100000 0.179204 0.100000 0.100000 0.661940 0.176876 0.406677 0.168093 0.534517 0.394970 0.100000 0.483634 0.100000 0.100000 0.186496 0.379321 0.241070 0.400654 0.474183 0.100000 0.104693 0.224439 0.100000 0.100000 0.100000 0.100000 0.310630 
0.538734 0.100000 0.375698 0.295599 0.100000 0.100000 0.100000 0.197447 0.119341 0.404628 0.261219 0.584937 0.218409 0.269669 0.100000 0.323327 0.185203 0.100000 0.174209 0.420756 0.525078 0.216909 0.385048 0.609305 0.261685 0.237244 0.374885 0.353378 0.475488 0.390366 0.996801 0.419748 0.217053 0.100000 1.084864 0.456969 0.321746 0.135296 0.100000 0.100000 0.944950 0.245306 0.511197 0.100000 0.100000 0.574031 0.136220 0.854712 0.100000 0.224957 0.151214 0.507369 0.383255 0.253432 0.246464 0.100000 0.100000 0.100000 0.347224 0.135991 0.134101 0.100000 0.100000 0.188088 0.150734 0.100000 0.331202 0.100000 0.100000 0.100000 0.284898 0.625689 0.798443 0.430932 0.321718 0.372968 0.453387 0.316792 0.282358 0.673974 0.431395 0.100000 0.307576 0.149265 0.444240 0.100000 0.100000 0.555691 0.100000 0.100000 
1.274892 0.100000 0.538171 1.259520 0.421732 0.657408 0.472665 0.338673 0.770676 0.328140 0.793169 0.120092 0.498505 0.394078 0.383885 0.134242 0.439817 0.545744 0.684879 1.216629 0.636251 0.649501 0.869412 0.241226 0.334682 1.404070 0.152850 0.100000 0.445517 0.897551 0.544196 0.444830 0.342374 0.328963 0.634975 0.677275 0.493737 0.656258 1.080529 0.413115 0.205999 1.107373 0.566078 0.428004 0.100000 0.790819 0.148120 0.355489 0.806843 0.726967 1.231272 0.695269 0.100000 0.798876 0.224694 0.100000 0.468423 0.487340 0.452374 0.640219 0.434004 0.508664 0.343300 0.652977 0.388419 0.100000 0.587920 0.100000 0.100000 0.963063 0.778593 0.707408 0.133690 1.062672 0.607965 0.240186 1.246547 0.605363 1.040553 0.372049 0.364817 0.926821 0.396738 0.100000 0.486734 0.100000 0.433022 0.100000 0.248559 0.100000 
0.547386 0.100000 0.267236 0.730330 0.156410 0.365194 0.175135 0.100000 0.334742 0.100000 1.038604 0.127825 1.023195 0.678999 0.570699 0.100000 0.255472 0.100000 0.590589 0.603801 0.499620 0.334734 0.513023 0.226323 0.604684 0.668009 0.125544 0.100000 0.880805 0.100000 1.293964 0.245753 0.198975 0.544599 1.092272 0.635330 0.373506 0.153451 0.687084 0.325819 0.114672 0.491728 0.336479 0.369437 0.255023 0.596501 0.100000 0.946112 0.100000 0.473709 0.399974 0.359003 0.361202 0.320109 0.311315 0.940923 0.168155 0.272987 0.667193 0.133903 0.100000 0.169597 0.769623 0.458957 0.592376 0.100000 0.100000 0.310887 0.132025 0.460506 0.602260 0.258194 0.150201 0.100000 0.100000 0.280597 0.750853 0.674677 0.100000 0.100000 0.549566 0.491003 0.119883 0.141133 0.100000 0.278435 0.100000 0.141508 0.100000 0.459429 
0.100000 0.149884 0.100000 0.100000 0.218666 0.100000 0.729391 1.226014 0.411042 0.116585 0.649232 0.652848 1.352678 0.310161 0.100000 0.725393 0.581047 0.591187 0.215649 0.207648 0.348797 0.237014 0.232352 0.554998 1.105913 0.625863 0.100000 0.917154 0.817514 0.225501 0.368324 0.316651 0.141787 0.100000 1.282933 1.625116 0.220865 0.241989 0.208579 0.341307 0.627967 0.100000 0.100000 0.100000 0.462062 0.920202 0.100000 0.722455 0.214875 0.967064 0.680170 1.243283 0.934789 0.822950 0.241101 0.583858 0.734861 0.749581 1.368855 0.567259 0.366743 0.100000 0.437578 0.238930 0.100000 0.519889 0.561441 0.614913 0.229986 0.218060 1.158846 0.682185 0.100000 0.124342 0.849134 0.100000 0.203911 0.721501 0.751496 1.505131 0.100000 0.520703 0.955979 0.100000 0.483569 0.100000 0.280610 0.100000 0.100000 0.205428 
0.620224 0.100000 0.628033 0.581499 0.397415 0.583462 0.686585 0.326230 0.365070 0.346890 0.844974 0.298337 0.439347 0.222717 0.460291 0.926217 0.834072 0.100000 0.620886 0.774161 0.768593 0.416128 0.683745 0.811308 0.234594 0.942817 0.260480 0.501353 0.267663 0.822857 0.757172 0.532302 0.321555 0.705937 0.843926 0.785252 0.229606 0.100000 0.246678 0.199363 0.662060 1.060234 0.640034 0.297110 0.100000 1.168090 0.479032 0.850864 1.255686 0.181104 0.611011 0.100000 0.342679 0.817095 0.896681 0.664809 1.032286 0.507371 0.452303 0.194870 0.150178 0.139620 0.100000 0.808639 0.690064 0.182770 0.172368 0.100000 0.100000 0.943284 0.465477 1.340689 0.913268 0.776953 0.870267 0.759356 0.201669 0.240823 0.687856 0.736336 0.627445 0.245491 0.543163 1.113928 0.358545 0.100000 0.679844 0.391801 0.100000 0.607020 
0.471022 0.904736 0.903020 0.177943 0.718559 0.764889 1.368361 0.100000 0.743022 0.100000 0.100000 0.807437 0.347832 0.347443 0.782642 0.526704 0.239131 0.210452 0.414140 0.321243 0.545989 1.359214 0.100000 0.100000 0.100000 1.260864 0.100000 0.733387 0.704709 0.933821 1.553292 1.067808 1.353292 0.302491 0.654553 0.343608 0.100000 0.181913 0.100000 0.158113 0.100000 0.984372 0.843536 0.295785 0.299498 0.574421 0.434202 0.664849 0.100000 0.980043 1.285134 0.100000 0.169317 1.374467 0.489040 0.639611 0.564280 0.697462 0.908195 0.292462 0.586116 0.343262 0.555958 0.100000 1.095940 0.100000 0.100000 0.475568 0.873710 0.833795 0.776673 0.287425 0.253401 0.247811 0.734024 0.713458 0.100000 0.789170 0.284525 0.100000 0.100000 1.684363 0.119279 0.786861 0.649572 0.100000 0.143559 1.107173 0.365841 0.280078 
0.811067 0.100000 0.100000 1.015169 0.144670 0.595652 0.405282 0.392777 0.515328 0.244698 0.474705 0.667622 1.082434 0.570770 0.100000 0.100000 0.455832 0.471466 0.538469 0.100000 0.798513 0.390086 0.175246 0.370481 0.863259 0.925492 0.315605 0.200646 0.210079 0.553299 0.336400 0.866583 0.100000 0.481059 0.606863 1.044906 0.408770 0.503843 0.561397 0.658645 0.776379 0.795028 0.206450 0.172976 0.200127 0.837777 0.182608 0.989715 0.717982 0.503853 0.253539 0.606815 0.583207 0.305747 0.884033 0.559963 0.217339 0.722352 0.847143 0.201977 0.280559 0.100000 0.151463 0.592468 0.788264 0.447958 0.240279 0.190206 0.100000 0.812078 0.614898 0.876367 0.795446 0.309243 0.438020 0.704409 0.780869 0.748854 0.577214 0.316032 0.998840 0.100000 0.472499 0.371108 0.100000 0.100000 0.100101 0.125112 0.100000 0.100000 
0.100000 0.100000 0.244681 0.188569 0.260462 0.220834 0.100000 0.100000 0.100000 0.100000 0.931820 0.273279 1.063180 0.100000 0.379277 0.100000 0.100000 0.100000 0.252283 0.468170 0.389481 0.340611 0.377489 0.241524 0.100000 0.796792 0.121067 0.100000 0.322072 0.661343 1.040769 0.306723 0.100000 0.195049 0.503471 0.278482 0.498929 0.205109 0.100000 0.100000 0.100000 0.224027 0.100000 0.100000 0.100000 0.983180 0.100000 0.548804 0.100000 0.758317 1.074413 0.508308 0.100000 0.261169 0.222675 0.422524 0.100000 0.100000 0.428963 0.467212 0.640753 0.100000 0.270877 0.100000 0.390493 0.538014 0.100000 0.100000 0.220638 0.976544 0.885385 0.183697 0.256258 0.315720 0.391396 0.100000 0.100000 0.708576 0.467864 0.137525 0.333112 0.502143 0.100000 0.191917 0.100000 0.349995 0.346387 0.315838 0.271463 0.100000 
