77 Number of operations
24 Number of workers
Standard production times
0.395487 0.532490 0.222502 0.307822 0.261232 0.472611 0.856732 0.348992 0.510849 0.592732 0.929213 0.391227 0.206876 0.575733 0.100000 0.623915 0.189126 0.198222 0.386496 0.383715 0.967043 0.350765 0.541102 0.253267 0.159032 0.456081 0.295062 0.100000 0.627160 0.519564 0.619080 0.716055 0.419631 0.380416 0.100000 0.410165 0.555420 0.278717 0.305743 0.100000 0.571778 0.269913 0.412373 0.663896 0.543813 0.237312 0.591981 0.366152 0.400966 0.541476 0.611755 0.607141 0.514341 0.395286 0.100000 0.249166 0.430479 0.769328 0.427803 0.599307 0.100000 0.665435 0.232499 0.665336 0.283636 0.157893 0.336602 0.575480 0.716322 0.403792 0.756102 0.159809 0.168989 0.100000 0.420959 0.465930 0.486587 
Production times: workers row and ops columns
0.522736 1.228286 0.100000 0.508578 0.100000 0.118736 0.826531 0.712370 0.315758 0.832009 0.959177 0.100000 0.343072 0.757455 0.100000 0.739719 0.100000 0.100000 0.100000 0.418251 0.737924 0.100000 0.796614 0.643488 0.230273 0.196879 0.730013 0.100000 0.447113 0.536709 1.008678 0.612251 0.182163 0.355147 1.081158 0.100000 0.544058 0.365417 0.754695 0.100000 1.416438 0.218144 0.100000 1.233251 0.150429 0.531779 0.366730 0.671764 0.980579 1.130537 0.558560 0.722347 0.425703 1.252644 0.278127 0.100000 0.100000 1.056637 0.519235 0.290972 0.735840 0.983532 0.790402 0.574116 0.481379 0.107546 0.148096 1.289270 0.980546 0.100000 1.471221 0.100000 0.788200 0.637906 0.870017 0.100000 0.131954 
0.328825 0.440168 0.100000 0.100000 0.612467 1.044105 0.469471 1.084309 0.250549 0.915735 0.726491 1.155910 0.100000 0.429971 0.100000 0.868210 0.150009 0.485461 0.100000 1.004584 0.308187 0.100000 0.854216 0.104919 0.967468 0.181816 0.100000 0.100000 1.375510 1.246256 0.267891 0.539453 0.100000 0.750347 0.329250 0.100000 0.100000 0.100000 0.100000 0.613256 0.596570 0.524893 0.100000 0.942385 0.309283 0.105263 0.199998 0.100000 1.629847 0.683010 0.571416 0.100000 0.912296 0.347358 0.100000 0.100000 0.100000 0.339647 0.757611 0.912521 0.100000 0.362665 0.100000 0.998814 0.100000 1.440203 0.100000 0.100000 0.597725 0.100000 0.546051 0.100000 0.752329 0.234087 0.331951 0.297412 0.100000 
0.750042 0.100000 0.100000 0.253099 0.100000 0.546746 1.055924 0.645337 1.174173 0.233757 0.100000 0.469996 0.583380 0.276790 0.448314 0.941744 0.379287 0.100000 0.686868 0.268693 1.595258 0.100000 0.615356 0.197514 0.380359 0.668254 0.891694 0.431403 0.982344 0.740803 0.616281 0.935047 0.974286 0.100000 0.175319 0.192149 0.937586 1.410811 0.162600 0.368888 0.391467 1.406767 0.300158 1.680425 0.689331 0.100000 0.100000 0.773410 0.100000 0.811551 0.100000 1.316546 1.400159 0.354222 0.659451 0.186866 0.100000 0.259905 1.165462 0.688998 0.729703 0.993324 0.474043 1.146848 0.123582 0.100000 0.879765 0.392190 0.709678 0.131914 0.100000 0.544621 1.283909 0.100000 0.626556 0.590737 0.285270 
0.449574 0.100000 0.100000 0.454119 0.289120 0.442278 0.754668 0.403340 0.457485 0.735048 0.738268 0.299974 0.676158 0.259963 0.508152 0.887873 0.971203 0.100000 0.390816 0.388322 1.252291 0.500172 0.530755 0.100000 0.100000 0.574008 0.315205 0.289284 0.222307 0.273339 0.644864 0.755616 0.574213 0.547203 0.246603 0.100000 1.376920 0.571913 0.237807 0.815724 0.445490 0.883958 0.407530 0.732194 0.261850 0.782175 0.601663 0.280674 0.768943 0.458211 0.906666 0.652081 0.500311 0.288541 0.100000 0.864669 0.100000 0.888459 0.373153 0.978330 0.425169 0.355013 0.100000 0.100000 0.805793 0.263465 0.315814 0.414916 0.522616 0.887843 1.192197 0.452625 0.759371 0.100000 0.375532 0.100000 0.100000 
0.828439 0.544618 0.100000 0.100000 0.100000 0.255619 0.415652 0.339483 0.908597 1.065456 1.116523 0.135577 0.100000 0.741661 0.100000 0.415111 0.100000 0.100000 0.482212 0.100000 1.393133 0.929905 0.100000 0.100000 0.100000 0.773393 0.100000 0.569151 0.455330 0.554759 0.275255 0.212504 0.617635 0.100000 0.100000 0.187256 0.474332 0.161005 0.100000 0.150816 0.798179 0.160906 0.571746 0.243536 0.100000 0.100000 1.070916 0.100000 0.100000 0.406410 0.826662 0.129524 0.303731 0.751916 0.321122 0.132525 0.476396 0.280729 0.100000 0.742692 0.100000 0.100000 0.100000 0.992665 0.276305 0.100000 0.301841 1.100306 0.646214 0.539147 0.429713 0.100000 0.100000 0.142984 0.100000 0.100000 0.100000 
0.233904 0.301506 0.629325 0.541041 0.480030 0.100000 1.364123 0.522448 0.779461 0.479869 0.595694 0.529456 0.638879 1.248421 2.195140 0.100000 0.100000 0.149106 0.148827 0.159196 0.820946 0.100000 0.459578 0.567680 0.100000 0.100000 0.262730 0.344365 0.490823 0.588205 0.832478 1.251747 0.100000 0.891127 0.622080 0.801254 0.252249 0.100000 0.674752 1.283794 0.655747 0.230959 0.633934 0.777482 0.578698 0.682103 1.172425 0.837156 0.299125 1.099543 0.423458 0.562589 0.323325 0.870749 0.101536 0.236378 0.100000 1.268555 0.653869 0.100000 0.100000 0.558888 0.100000 0.882963 0.640496 0.162021 1.175474 0.112389 0.928032 1.355219 0.928256 0.159992 0.100000 0.610071 0.228721 0.926952 0.380023 
0.746400 1.089578 0.480176 0.100000 0.924213 0.750424 0.969670 0.553047 0.855175 0.415508 1.031459 0.547097 0.100000 0.821648 0.100000 0.762313 0.100000 0.376055 0.668368 0.301655 1.606601 0.903678 0.769208 0.433100 0.432464 0.100000 0.136119 0.100000 0.915731 0.362830 1.018706 1.017079 0.807854 0.296232 0.100000 0.866299 0.370515 0.531869 1.113038 0.111993 0.537734 0.100000 0.918338 0.621039 0.269290 0.260969 0.614698 0.644667 0.143183 0.421370 0.683887 0.719041 0.501803 0.136981 0.100000 0.100000 0.100000 0.881213 0.699972 0.455870 0.423768 0.408102 0.549598 1.209958 0.121904 0.264839 0.499358 0.820239 1.216722 0.361527 0.920738 0.329548 0.100000 0.652016 0.415353 0.676556 0.203991 
0.355984 0.807847 0.281701 0.100000 0.329684 0.181607 0.891084 0.100000 1.000324 0.100000 0.794310 1.002560 0.458207 0.918299 0.116330 0.606250 0.100000 0.570126 0.262331 0.100000 1.431498 1.143184 0.349715 0.285216 0.168046 0.864710 0.709483 0.100000 0.551391 0.496826 1.012499 0.365881 0.861144 0.222885 0.100000 0.933258 0.904794 0.586017 0.525422 0.188748 0.781462 0.234779 1.057090 0.280737 0.334569 0.100000 0.399476 0.498782 0.378947 0.728492 0.311639 1.046928 0.468862 0.100000 0.203018 0.100000 0.217241 0.608291 0.376807 0.901620 0.175984 0.356788 0.371497 0.689835 0.146551 0.580731 0.580316 1.211566 0.383706 0.171217 0.934707 0.384111 0.100000 0.159595 0.245123 0.835449 0.755991 
0.100000 0.880220 0.102022 0.194832 0.143335 0.557966 1.327014 0.611956 0.696519 0.633434 1.223217 0.439515 0.100000 0.745522 0.187677 1.101074 0.546421 0.673196 0.891416 0.309011 0.921525 0.106884 0.270971 0.499183 0.140129 0.363567 0.798624 0.100000 0.922290 0.573968 0.950378 0.894717 0.315298 0.221911 0.100000 0.846594 1.257230 1.060289 0.253346 0.100000 0.228928 0.495178 0.608952 1.111714 0.598323 1.002892 0.521953 0.840659 0.994121 0.810838 0.627987 1.023097 0.506450 1.196359 0.451567 0.391150 0.573192 1.543048 0.247617 0.853241 0.100000 1.305017 0.148005 0.484821 0.140228 0.117704 0.299113 0.878932 0.852851 0.340554 1.210722 0.100000 0.365739 0.100000 0.579312 0.327003 0.100000 
0.501532 0.100000 0.511806 0.100000 0.834102 0.121761 0.823133 1.148384 0.596702 0.572796 0.649817 0.740133 0.710128 0.229884 0.277642 0.100000 0.786431 0.590678 0.100000 0.435778 0.845535 0.100000 1.182102 0.100000 1.173413 0.162535 0.212475 0.264058 1.532437 0.100000 0.963328 0.183240 0.100000 1.001081 0.100000 0.606027 0.100000 0.718138 0.100000 0.100000 0.598686 0.438376 0.398284 0.798901 0.210224 0.165276 1.442944 0.100000 0.362365 0.100000 0.459824 0.781460 0.100000 0.857240 0.235576 0.768211 1.346110 0.866111 1.311878 0.956495 0.931125 0.625979 0.100000 0.630391 0.100000 0.100000 0.100000 0.574896 1.719412 0.100000 1.414600 0.100000 0.100000 0.100000 0.571904 0.100000 0.323704 
0.100000 0.545801 0.322859 0.351876 0.189788 0.424138 0.712229 0.326794 0.552092 0.100000 0.486439 0.604990 0.196165 0.100000 0.100000 0.702608 0.560815 0.100000 0.695334 0.129806 1.210813 0.100000 0.233070 0.205398 0.100000 0.344976 0.242054 0.189531 0.494457 0.227425 0.626354 0.974332 0.333159 0.308876 0.100000 0.741803 0.546527 0.100000 0.317422 0.100000 0.618371 0.100000 1.062783 0.100000 0.100000 0.151581 0.433713 0.415630 0.431186 0.205029 0.483050 0.684581 0.168400 0.454630 0.464676 0.100000 0.100000 0.598484 0.560726 0.572107 0.206107 0.355511 0.225819 0.321557 0.573919 0.205298 0.396929 0.716599 0.783137 0.100000 0.563105 0.513301 0.100000 0.299421 0.193278 0.890896 0.569408 
0.146232 0.651211 0.397132 0.100000 0.100000 0.560473 0.679325 0.495211 0.825290 0.966512 1.075820 0.100000 0.633134 1.090548 0.100000 1.323636 0.380368 0.162631 0.953989 0.128347 0.394332 1.174957 0.897950 0.100000 0.623282 0.100000 1.091783 0.100000 0.395675 1.269575 0.207599 1.200667 0.686224 0.100000 0.474137 0.704732 0.899059 0.655690 0.100000 0.220219 1.118344 0.632354 0.560787 0.925648 0.865346 0.759508 0.373945 0.340883 0.926112 0.805571 1.361935 0.393151 0.454892 0.248076 0.100000 0.264848 0.413584 0.100000 0.740731 0.770387 0.100000 0.343357 0.100000 0.819551 0.100000 0.100000 0.504524 0.856559 1.301137 0.100000 0.557498 0.100000 0.476473 0.100000 0.392995 1.365814 0.100000 
0.925375 0.100000 0.681638 0.295699 0.100000 0.832150 0.796011 0.591420 0.820141 0.550686 1.434010 0.586298 0.100000 0.749375 0.317653 0.372611 0.100000 0.100000 0.425459 0.471297 1.029021 0.430913 0.704391 0.166892 0.705466 1.077156 0.395064 0.100000 0.874227 0.540753 1.183875 1.249736 1.089340 0.509483 0.590402 0.263936 0.708490 0.432915 0.100000 0.100000 0.616954 0.573862 0.433643 0.997346 0.567355 0.196864 1.110935 0.100000 0.321943 0.309503 0.500338 0.503883 0.847960 0.600409 0.206629 0.148912 0.698721 0.155090 0.418952 0.450273 0.100000 0.803900 0.100000 0.878188 0.823454 0.439874 0.455360 0.612554 1.436698 0.547805 0.750701 0.636881 0.584647 0.100000 0.148001 0.424038 0.705011 
0.824174 0.934881 0.100000 0.100000 0.746547 0.114530 1.268638 0.508580 0.207616 0.634593 1.337440 0.457770 0.100000 1.084877 0.488733 0.390101 0.100000 0.100000 0.481230 0.388154 1.317189 0.923899 0.414199 0.100000 0.100000 0.636715 0.396256 0.350535 0.623737 0.144624 0.930709 0.602140 0.233440 0.479467 0.347307 0.709706 0.100000 0.357070 0.266371 0.100000 0.772429 0.100000 0.584680 0.851393 0.632599 0.100000 0.377743 0.354800 0.225901 0.619637 0.170194 0.887345 0.231973 0.266369 0.100000 0.232799 0.100000 0.744774 0.564920 1.175132 0.626112 0.693718 0.468834 0.100000 0.365055 0.100000 0.100000 0.988302 0.628265 0.100000 0.928334 0.100000 0.738359 0.505368 0.100000 1.430929 0.645421 
0.853540 0.835909 0.223589 0.100000 0.100000 0.931729 1.032326 0.344873 0.260152 0.794143 1.030693 0.824633 0.100000 0.722926 0.682491 1.425031 0.330639 0.373634 0.257547 0.750088 1.460033 0.345070 1.498198 0.261514 0.482329 0.100000 0.100000 0.100000 0.749747 0.575886 0.778691 0.578966 0.722924 0.398854 0.872293 0.632866 0.787025 0.204087 0.293981 0.232616 0.936820 0.264015 0.618967 0.430531 0.515321 0.100000 0.921219 0.867027 0.337924 0.460452 0.720543 0.810940 0.175580 0.877296 0.100000 0.225171 0.430488 0.679862 0.762379 0.654839 0.216129 0.303652 0.322669 0.992039 0.100000 0.233411 0.337447 0.849108 0.734570 0.443494 0.975449 0.503008 0.100000 0.588349 0.678872 0.602277 0.743034 
0.349685 0.943494 0.368284 0.100000 0.212238 0.100000 0.869696 0.521899 0.443648 0.387128 1.450166 1.190170 0.100000 0.503844 0.100000 0.502324 0.100000 0.435173 0.100000 0.112128 2.404732 1.473129 0.862735 0.100000 0.272674 0.639044 0.862080 0.352928 1.054711 1.100502 0.899916 0.902954 1.476639 0.975952 0.179794 0.100000 0.419393 0.381072 0.584665 0.618335 1.084266 0.275414 0.100000 0.719809 1.349978 0.604939 0.100000 0.742759 0.209396 0.964082 0.742303 0.552582 0.253908 0.418466 0.100000 0.315552 0.100000 0.506770 0.100000 0.115973 0.100000 0.895156 0.371703 0.521256 0.136514 0.100000 0.100000 1.028859 0.100000 0.768473 0.703389 0.100000 0.922726 0.117639 0.100000 0.142816 1.210597 
0.210653 0.598199 0.449774 0.100000 0.212683 0.995029 0.545122 0.100000 0.100000 0.444168 0.850602 0.329489 0.387567 0.586600 0.235870 0.549738 0.100000 0.474668 0.298424 0.240813 1.074599 0.100000 0.605808 0.894964 0.100000 1.002813 0.357793 0.100000 0.633992 0.651333 0.574843 0.812361 0.347677 0.736359 0.146922 0.385576 0.708108 0.654523 0.100000 0.100000 0.482251 0.696806 0.214130 0.909111 0.396182 0.572727 0.695060 0.594513 0.575580 0.510193 0.584919 0.713742 0.507052 0.252591 0.618081 0.100000 0.597283 0.982220 0.726785 1.091590 0.100000 0.777628 0.397980 0.859396 0.674774 0.679589 0.551157 0.227340 0.545503 0.194071 0.453879 0.196191 0.216097 0.100000 0.373817 0.688226 0.940275 
0.310745 0.100000 0.100000 0.262021 0.147262 0.657500 0.669133 0.100000 0.818810 0.662842 0.875376 0.100000 0.572369 0.140740 0.257835 1.124054 0.100000 0.105693 0.203802 0.301150 1.013917 0.360987 0.565585 0.100000 0.281368 0.385145 0.131125 0.127566 0.229606 0.100000 0.705481 0.829555 0.208651 0.590235 0.100000 0.155730 0.167793 0.100000 0.696326 0.299033 0.985962 0.252809 0.100000 0.647535 0.422562 0.247055 0.931458 0.100000 0.702090 0.100000 0.415256 0.100000 0.471901 0.671931 0.100000 0.598723 0.782259 0.100000 0.396175 0.147760 0.100000 0.679410 0.130715 0.237042 0.209350 0.100000 0.100000 0.102401 0.352263 0.426257 0.506394 0.100000 0.100000 0.100000 0.100000 0.607917 0.216346 
0.125311 1.247858 0.276184 0.153237 0.224642 0.429744 1.584512 0.100000 0.683581 0.618892 0.107252 0.609163 0.566778 0.499826 0.100000 0.839952 0.569270 0.100000 0.100000 0.451843 1.150885 0.329125 0.605303 0.112195 0.100000 1.118273 0.100000 0.415827 0.328541 0.350958 0.175556 1.192098 0.537871 0.100000 0.100000 0.565794 0.618759 0.100000 0.100000 0.370647 0.740992 1.321442 0.559010 1.426569 0.100000 0.100000 1.163204 0.100000 0.497507 0.447567 0.808966 0.100000 0.100000 0.483898 0.543203 0.611046 0.197497 1.221582 0.100000 0.100000 1.341216 0.406751 0.100000 1.302705 0.100000 0.100000 0.638579 0.587624 0.901115 0.722775 0.812768 0.615914 0.688293 0.733315 1.574607 0.748861 0.291422 
0.554108 0.447341 0.100000 0.100000 0.100000 0.100000 1.047444 0.100000 0.422544 0.614961 0.910362 0.955312 0.513285 0.432538 0.481861 1.388789 0.100000 0.525289 0.126125 0.256979 0.265351 0.201652 0.152161 0.100000 0.208683 0.479608 0.108092 0.463288 0.109040 0.100000 0.100000 0.499131 0.527934 1.138681 0.367331 1.530576 0.753444 0.487834 0.630592 0.531394 0.551023 0.394354 0.856449 0.349610 0.987183 0.960532 0.646836 0.100000 1.088581 0.100000 0.496460 0.884586 0.906424 0.100000 0.100000 0.100000 0.100000 0.137819 0.100000 0.369161 0.451813 0.218200 0.100000 0.927864 0.921791 0.928410 0.100000 0.860206 0.127801 0.886093 0.100000 0.914201 0.161674 0.481638 0.166299 0.825367 0.455386 
0.100000 0.526232 0.100000 0.152804 0.100000 0.541273 0.957678 0.100000 0.330884 0.942289 0.623440 0.220499 0.409672 0.508343 0.100000 0.599496 0.100000 0.100000 0.705636 0.736425 0.824805 0.118483 0.713562 0.100000 0.100000 0.480406 0.100000 0.100000 0.373285 0.100000 0.474358 0.725364 0.131230 0.297797 0.100000 0.998819 0.100000 0.113787 0.100000 0.100000 0.397772 0.437635 0.529915 0.672432 0.399324 0.186973 0.705072 0.353418 0.349533 1.104319 0.532797 0.625581 0.166528 0.318979 0.100000 0.100000 0.468126 0.370078 0.518803 0.542328 0.100000 1.156900 0.100000 0.345594 0.394053 0.100000 0.100000 1.031829 1.105128 0.590846 0.917302 0.100000 0.251850 0.100000 0.100000 0.100000 0.123004 
0.881695 0.303161 0.322651 0.376109 0.100000 0.434631 0.812316 0.124572 0.546062 0.461057 1.094586 0.239943 0.155755 0.210561 0.100000 0.958113 0.169800 0.100000 0.170864 0.554189 0.400108 0.229973 1.102456 0.326799 0.113354 0.475414 0.381064 0.100000 0.867721 0.671488 0.543546 0.517789 0.191448 0.100000 0.100000 0.284400 0.926580 0.100000 0.308593 0.528160 0.287910 0.100000 0.334028 0.957090 0.100000 0.475386 0.838138 0.100000 0.594626 0.100000 0.643237 0.400330 0.103702 0.605360 0.100000 0.191248 0.212613 0.100000 0.311258 0.521853 0.100000 0.437630 0.452582 0.335938 0.357975 0.198711 0.550569 1.385350 0.454126 0.688608 0.556438 0.100000 0.100000 0.100000 0.201340 0.416969 0.494081 
0.924048 0.436336 0.494887 0.599946 0.500890 0.360788 0.345017 0.111135 0.687332 0.445216 1.227349 0.371992 0.667608 0.664659 0.544664 0.946337 0.127872 0.100000 0.137021 0.265221 0.728856 0.666867 0.433635 0.100000 0.433888 0.100000 0.155983 0.511292 0.454873 1.017877 0.565636 1.083137 0.342355 0.100000 0.791959 0.128834 0.862060 0.155604 0.399297 0.100000 0.700407 0.222957 0.100000 0.719560 0.934191 0.100000 0.659407 0.580358 0.712092 0.646075 0.522917 0.795214 0.690846 0.791748 0.100000 0.100000 0.361216 1.296147 0.219540 0.438596 0.100000 0.392177 0.340342 0.709798 0.146335 0.283922 0.188751 0.694787 0.758502 0.308472 0.880004 0.100000 0.242582 0.100000 0.813083 0.507450 0.572420 
1.296086 0.379425 0.498467 0.510739 0.582855 0.863376 0.930014 0.658129 0.100000 0.464087 1.202592 0.421343 0.100000 0.984053 0.100000 0.511733 0.453042 0.266367 0.509378 0.141266 1.178168 0.193389 0.609655 0.100000 0.651684 0.765688 0.100000 0.100000 0.442743 0.717342 0.483692 1.061176 0.259228 0.368488 0.100000 1.036591 0.653887 0.100000 0.261416 0.100000 0.302808 1.068949 0.196462 0.866797 0.472073 0.902021 0.810277 0.462006 0.832073 0.767756 0.539375 1.166337 0.500724 0.943073 0.566364 0.596652 0.327472 1.272630 0.616611 0.720768 0.411948 0.752616 0.379508 0.667561 0.222316 0.100000 0.698629 1.035016 0.788740 0.218201 0.567412 0.100000 0.100000 0.596533 0.646415 0.517490 0.936058 
