69 Number of operations
29 Number of workers
Standard production times
0.290051 0.119425 0.716550 0.190971 0.451519 0.100000 0.100000 0.336942 0.571636 0.414269 0.100000 0.116889 0.577166 0.526380 0.408052 0.219375 0.435065 0.438886 0.292950 0.555470 0.434268 0.311430 0.740981 0.584869 0.139028 0.323885 0.251275 0.312576 0.314710 0.676281 0.419674 0.326109 0.145356 0.602997 0.103788 0.342580 0.388635 0.242379 0.413542 0.192219 0.347265 0.507650 0.705652 0.791335 0.495640 0.423869 0.228507 0.247610 0.527861 0.409505 1.022967 0.293508 0.469117 0.314897 0.100000 0.751079 0.347161 0.569259 0.817347 0.505296 0.596762 0.100000 0.221035 0.466013 0.609718 0.669980 0.649135 0.261762 0.656215 
Production times: workers row and ops columns
0.795239 0.154844 1.075345 0.100000 0.425754 0.106564 0.201120 0.564418 0.372002 0.504802 0.503744 0.523157 0.682617 0.737270 0.699015 0.100000 1.583498 1.283135 0.605856 0.100000 0.464317 0.542640 1.083399 0.287139 0.638553 0.169800 0.434194 1.116329 0.195621 0.505867 0.663471 1.195645 0.179841 0.839618 0.100000 0.100000 0.100000 0.553660 0.627323 0.229224 0.120680 0.809727 1.898255 0.729394 0.333543 0.579246 1.459321 0.100000 0.100000 0.751630 1.038983 0.391643 0.922842 0.100000 0.508424 1.343165 0.244921 0.513837 1.524588 0.100000 0.933519 0.100000 0.174096 0.381126 0.339146 0.938954 0.844776 1.367719 0.575092 
0.422470 0.159566 0.886400 0.337589 0.729636 0.100000 0.449169 0.470907 0.298812 0.994114 0.942326 0.117192 0.910310 0.653486 0.452073 0.542353 0.409311 0.540374 0.142883 0.541663 0.371181 0.736515 0.877523 0.880961 0.212281 0.694146 0.772021 0.477880 0.389630 0.224889 0.457855 0.438755 0.100000 1.296905 0.100000 0.739045 0.543566 0.619577 0.673494 0.116679 0.279103 0.649882 1.335932 0.655003 0.577123 0.595397 0.350939 0.449102 0.711284 0.876695 0.693817 0.649841 1.021172 0.571897 0.324593 1.026096 0.675000 0.793066 1.267698 0.241549 0.100000 0.100000 0.100000 0.102489 1.011936 0.317305 0.872366 0.343620 0.447527 
0.572133 0.100000 0.554554 0.379640 0.620970 0.283410 0.407010 0.161549 0.416085 0.541496 0.548661 0.313424 1.079561 0.668883 1.029267 0.432106 0.978541 0.100000 0.256922 0.601772 0.344333 0.553818 0.695612 0.797634 0.463442 0.100000 0.424358 0.100000 0.280121 0.917449 0.100101 0.590773 0.171101 0.635459 0.317696 0.407872 0.444649 0.873199 0.512576 0.100000 0.215714 0.528162 1.137837 0.486714 0.772911 0.535256 0.100000 0.100000 0.604148 0.746473 1.778820 0.115500 0.689670 0.176129 0.416070 1.298563 0.477514 0.998730 0.951893 1.002025 0.991709 0.577157 0.459807 0.291503 0.974435 0.990771 0.343726 0.699029 0.580294 
0.628050 0.100000 0.747534 0.102437 0.798542 0.779337 0.100000 0.100000 0.757841 0.208856 0.330269 0.350160 0.402807 0.100000 0.357661 0.127639 0.140093 0.110042 0.457660 0.203824 0.130708 0.191663 0.195770 0.498032 0.100000 0.507360 0.173851 0.100000 0.104085 0.895967 0.341920 0.724992 0.215082 0.518126 0.100000 0.790312 0.179977 0.100000 0.100000 0.100000 0.599533 0.563210 0.915458 0.920364 0.681619 0.193597 0.503841 0.100000 0.129289 0.415424 0.901705 0.100000 0.192559 0.642837 0.100000 1.139487 0.100000 0.100000 1.138651 0.369169 0.746430 0.100000 0.210052 0.100000 0.516022 0.490079 0.437590 0.100000 0.789625 
0.435640 0.334473 0.838341 0.100000 0.161530 0.100000 0.260040 0.723884 0.285812 0.538023 0.100000 0.410426 0.444585 0.100000 0.100000 0.579755 0.445158 0.100000 0.421622 0.645906 0.989848 0.100000 1.680331 0.100000 0.578256 0.336616 0.169892 0.402442 0.100000 0.605097 0.822824 0.100000 0.100000 0.512635 0.100000 0.100000 0.100000 0.434822 0.100000 0.818707 0.176135 0.798446 0.252094 1.007050 0.100000 0.180703 0.145622 0.597135 0.100000 2.196185 0.764594 0.429008 0.100000 0.484611 0.133648 0.852482 0.773064 0.528857 0.453539 0.632710 0.563373 0.421387 0.486158 1.189078 1.178013 0.510479 0.641561 0.202207 0.100000 
0.171743 0.987139 0.158990 0.125426 0.121279 0.100000 0.914594 0.413310 0.100000 0.363294 0.123860 0.100000 1.136473 0.886310 1.096807 0.261774 0.179666 1.378934 0.411313 0.895560 0.431116 0.211280 0.845887 0.698958 0.809545 0.899655 0.100000 0.594504 1.262606 1.010388 0.891406 0.130470 0.455028 0.221151 0.586232 0.100000 1.047931 0.100000 0.100000 0.100000 0.100000 1.034217 1.158585 1.223466 0.155799 0.100000 0.100000 0.100000 0.383967 0.372141 1.186257 0.100000 0.114901 0.100000 0.216582 0.981322 0.100000 0.821714 0.700014 1.112604 0.703853 0.320082 0.100000 0.434461 0.451352 0.100000 0.110078 0.115574 0.247920 
0.590864 0.757320 1.077494 0.421577 0.100000 0.464268 0.756037 0.100000 0.953476 1.123768 0.100000 0.100000 0.100000 0.283367 0.292350 0.100000 0.819048 0.125454 1.928233 0.401950 0.241893 0.319024 0.334671 0.190968 0.100000 0.423190 0.115922 0.453199 0.100000 0.737844 0.100000 0.100000 0.374214 0.100000 0.235581 0.744628 0.856119 0.370619 0.298948 0.100000 0.980748 0.910202 1.185805 1.008810 0.835746 1.358311 0.303860 0.100000 1.165330 0.784872 1.427836 0.100000 1.298643 0.470433 0.207857 0.513705 0.183991 0.214201 0.315508 0.562420 1.103640 0.100000 0.100000 0.876047 0.100000 0.432426 0.100000 0.890584 0.549123 
0.260507 0.100000 0.348813 0.100000 0.558073 0.100000 0.100000 0.508429 0.562901 0.750864 0.100000 0.630902 0.308032 0.368534 0.100000 0.180742 0.573198 0.347263 0.668374 0.823941 0.332178 0.247807 0.426409 0.493273 0.247363 0.348810 0.100000 0.465115 0.100000 0.768949 0.336957 0.548685 0.164027 0.434195 0.100000 0.322278 0.359843 0.100000 0.194596 0.100000 0.670074 0.401467 0.895232 0.616716 0.722540 0.100000 0.617035 0.100000 0.435520 0.726286 1.014222 0.633540 0.379792 0.519627 0.214704 1.170733 0.100000 0.306621 0.425071 0.305105 0.137733 0.100000 0.100000 0.664618 0.405382 0.152494 0.750475 0.100000 0.973633 
0.100000 0.100000 0.294673 0.365570 0.169434 0.274204 0.100000 1.131887 0.573719 0.100000 0.100000 0.294864 0.415748 0.543616 0.784779 0.403737 0.533717 0.301158 0.541558 0.259857 0.185009 0.100000 0.774713 0.265611 0.358454 0.561630 0.404050 0.100000 0.100000 0.139867 0.100000 0.100000 0.100000 0.340257 0.253316 0.698007 0.100000 0.282227 0.327971 0.100000 0.194233 0.470630 0.100000 0.315221 0.100000 0.320868 0.100000 0.100000 0.546013 0.445043 1.497761 0.100000 0.378648 0.100000 0.228420 0.522117 0.583353 0.901478 0.692363 0.100000 0.202848 0.122440 0.399060 0.955100 0.100000 0.244035 0.874677 0.254103 0.700977 
0.286866 0.100000 0.896128 0.100000 0.597252 0.101360 0.100000 0.893217 0.849805 0.289357 0.533177 0.100000 1.596454 0.193082 0.528778 0.251621 0.170881 0.338039 0.100000 0.318720 0.653907 0.403892 1.217779 0.498644 0.531259 0.463513 0.100000 0.195314 0.437784 0.960668 0.527642 0.215486 0.266051 0.566660 0.342217 0.104824 1.027246 0.217936 0.504987 0.752511 0.100000 0.636787 0.511621 0.784005 0.542056 1.052770 0.625959 0.308216 0.100000 0.734261 1.035293 0.346165 0.453557 0.394949 0.209419 0.290594 0.446920 1.287311 0.765947 0.723010 0.641496 0.100000 0.150730 0.730042 0.480085 1.063209 0.256608 0.100000 0.589015 
0.452143 0.314187 0.575445 0.100000 0.279885 0.247396 0.205562 0.590585 0.929080 0.500247 0.100000 0.375181 0.622562 1.544015 0.266545 0.281209 0.817756 0.432809 0.555255 0.382642 0.174727 0.100000 0.916614 0.423954 0.364245 0.246042 0.100000 0.691917 1.189251 0.846119 0.100000 0.627145 0.100000 0.336570 0.559190 0.231632 0.821034 0.431311 0.651273 0.236934 0.922992 0.557426 0.786320 1.213432 0.962181 0.970624 0.212512 0.178396 0.641103 0.425479 1.022873 0.270997 0.524146 0.500130 0.942842 0.508983 1.041195 0.622457 1.271564 0.916470 0.847243 0.518723 0.252405 0.549861 0.458403 0.867491 0.615329 0.100000 0.731072 
0.648124 0.114099 0.639332 0.313000 0.264940 0.100000 0.100000 0.286276 0.589692 0.560585 0.472741 0.100000 0.733887 0.794434 0.425608 0.230599 0.656902 0.100000 0.253922 0.666950 0.217986 0.100000 0.603880 0.450953 0.100000 0.979790 0.100000 0.897278 0.364285 0.442191 0.538197 0.278146 0.340371 0.419490 0.100000 0.100000 0.447697 0.240201 0.643694 0.100000 0.333802 0.897775 1.079139 0.514685 0.442006 0.100000 0.175100 0.324779 0.354999 0.634695 1.003870 0.549094 0.484500 0.107708 0.227226 0.762353 0.100000 0.155909 0.667269 0.265314 0.523864 0.178420 0.100000 0.100000 0.709036 0.573876 0.783895 0.840701 0.206144 
0.100000 0.100000 0.100000 0.100000 1.298877 0.465807 0.469752 0.642574 0.447049 0.488925 0.100000 0.100000 0.289139 1.495443 0.924316 0.800066 0.889227 1.193835 0.515041 0.258257 0.537040 0.382906 0.416064 0.317324 0.100000 0.100000 0.465326 0.907403 0.104235 1.432816 0.100000 0.100000 0.332483 1.205393 0.100000 1.327680 0.310497 0.120913 0.100000 0.103030 0.100000 1.112439 0.584276 1.373971 0.685547 0.864809 0.100000 0.428287 1.010618 0.445668 1.394881 0.100000 0.335097 0.636839 0.427310 0.901177 0.543505 0.395711 0.214014 1.153039 0.791821 0.100000 0.378423 0.636085 0.832276 0.732528 0.100000 0.455467 0.100000 
0.100000 0.123934 0.834693 0.100000 0.296227 0.100000 0.999845 0.176724 0.100000 1.591715 0.100000 0.100000 1.336295 0.100000 0.143600 0.100000 0.674348 0.100000 0.977269 0.585132 0.410472 0.100000 1.115976 0.405159 0.100000 0.185322 1.191972 0.304267 0.965926 0.100000 0.100000 0.233784 0.492351 0.100000 0.100000 0.207255 0.834903 0.770468 0.100000 0.100000 0.263711 0.759027 1.052645 0.100000 0.754305 1.167835 0.891233 0.100000 0.429012 0.355378 1.537345 0.100000 0.886783 0.100000 1.053889 0.279359 0.198173 0.462764 0.752604 1.037632 0.162572 0.880670 0.741821 0.100000 0.619021 0.450584 0.422714 0.139114 0.988678 
0.413031 0.861273 0.681865 0.865465 1.131318 0.312867 0.143183 0.100000 1.209888 0.100000 0.100000 0.354265 1.226593 0.287229 0.100000 1.035765 0.100000 1.264844 0.218279 0.100000 0.100000 0.100000 0.848791 0.826922 0.877092 0.619583 1.175801 0.506077 0.100000 0.309622 0.780987 0.100000 0.100000 0.606467 0.493113 0.100000 0.729480 0.100000 0.100000 0.578006 0.882876 1.096641 1.006569 1.707932 1.123088 0.100000 0.301613 0.576392 0.505294 0.592967 1.077803 1.087563 1.247035 0.416018 0.135568 0.427037 0.627625 1.133614 1.017475 0.398751 0.862381 0.805738 0.460121 0.907246 0.100000 0.582144 0.100000 0.100000 0.778203 
0.379201 0.100000 0.901679 0.411808 0.872240 0.100000 0.100000 0.109953 0.860843 0.524130 0.213998 0.518080 1.109709 0.364719 1.179932 0.100000 0.341748 0.460937 0.427433 0.250830 0.931651 0.301864 0.735641 0.640458 0.100000 0.100000 0.341845 0.598175 0.422040 0.235361 0.275646 0.516097 0.423800 0.833840 0.100000 0.100000 0.426616 0.252262 0.605551 0.556911 0.263565 0.264441 0.746536 0.530086 0.780657 0.230592 0.636048 0.408409 0.830582 0.110086 1.128516 0.234018 0.567404 0.329313 0.100000 1.133705 0.631229 0.201000 1.366224 0.340508 1.386408 0.179933 0.100000 0.289702 0.665645 0.858704 0.866391 0.100000 0.683688 
0.512258 0.392919 0.712910 0.100000 1.555236 0.822934 0.690936 0.100000 0.521234 0.100000 0.100000 0.100000 0.964553 0.100000 0.115919 0.435163 0.218523 0.271494 0.601572 0.100000 0.100000 0.100000 0.939440 0.100000 0.415023 0.100000 0.449141 0.100000 0.100000 0.304850 0.599432 0.340264 0.100000 0.578928 0.100000 0.621377 0.662762 0.433601 0.828893 1.272390 0.100000 1.485255 0.736873 0.901689 1.489282 0.435270 0.876491 0.100000 0.938866 0.100000 1.462099 0.568561 0.518196 0.100000 0.383525 0.944240 1.098755 0.200616 0.973558 0.613611 0.236882 0.100000 0.133357 1.201152 0.100000 0.354514 1.423673 0.100000 1.154877 
0.747024 0.100000 1.199176 0.311859 0.869270 0.100000 1.158615 0.175757 0.394011 0.607093 0.100000 0.603845 0.100000 1.435614 0.641453 0.100000 0.429260 0.424619 0.781680 0.100000 0.920249 0.523250 0.846728 0.866659 0.100000 1.037217 0.100000 0.640921 1.269348 0.930527 0.101733 0.100000 0.878462 0.624303 0.100000 0.521852 0.364949 0.710836 0.452153 0.514985 0.571502 0.893385 0.551826 1.146913 1.565503 0.623058 0.100000 0.496302 0.100000 0.185428 1.104421 0.128478 1.020574 0.100000 0.496886 0.115383 0.100000 0.116583 0.168993 0.763132 0.206090 0.440274 0.100000 0.793695 1.318990 1.112967 0.321551 0.985329 0.828411 
0.100000 0.100000 0.579547 0.100000 0.496922 0.100000 0.100000 0.338765 0.433359 0.405256 0.166416 0.177061 0.438227 0.764576 0.275839 0.176674 0.386302 0.525757 0.338883 0.956724 0.100000 0.195306 0.293462 0.244667 0.233347 0.100000 0.100000 0.214046 0.269974 1.031190 0.352672 0.739253 0.100000 0.492767 0.100000 0.442191 0.448775 0.100000 0.457558 0.100000 0.100000 0.105445 0.941299 0.724065 0.100000 0.154665 0.640926 0.100000 0.833571 0.565573 0.951144 0.424820 0.100000 0.683151 0.100000 0.931251 0.150570 0.146629 0.838445 1.052201 0.156046 0.100000 0.402575 0.756120 1.027511 0.436995 0.678467 0.444461 0.179845 
0.100000 0.441943 0.807428 0.270506 0.888572 0.512038 0.245316 0.480857 0.813387 0.286862 0.580893 0.540980 0.723057 0.731027 0.626767 0.351169 0.208937 0.600023 0.483422 0.760807 0.516791 0.173060 0.483939 0.282409 0.100000 0.735087 0.100000 0.323055 0.939838 1.117950 0.100000 1.150898 0.728378 0.268416 0.684702 0.218663 0.733182 0.438048 0.545909 0.324908 0.155361 0.206399 1.003764 0.956592 0.816435 0.746093 0.107785 0.387269 0.344566 0.560918 0.865825 0.623687 0.188706 0.475914 0.744498 1.170371 0.607698 0.809545 1.277799 0.100000 0.344300 0.314205 0.531933 0.647345 0.319879 0.869537 0.856563 0.194039 0.755976 
0.352219 0.100000 0.450786 0.434644 1.222088 0.425467 0.141666 0.100000 1.146583 0.498266 0.100000 0.878340 0.511053 1.221186 1.139154 0.421708 0.691688 0.365540 0.471023 0.672190 0.479100 0.100000 0.907996 0.946261 0.100000 0.901493 0.455535 0.455656 0.582317 0.612792 0.415171 0.348325 0.205380 0.728525 0.557186 0.381980 0.209816 1.044328 1.328219 0.431698 0.100000 0.528936 0.830612 0.700976 0.474895 0.821891 0.288716 0.120094 0.212502 1.077492 1.241932 0.609227 1.159483 0.318922 0.363594 1.018472 0.185745 0.454180 1.259212 0.535626 0.913224 0.175332 0.693012 0.107021 0.695157 0.588374 0.868798 0.100000 0.561300 
0.278979 0.588336 1.158873 0.445544 0.692776 0.100000 0.372371 0.276440 0.201809 0.100000 1.010067 0.585829 0.641840 0.689348 0.581624 0.376201 0.837402 0.568595 0.522342 0.169019 0.814095 0.308881 0.882456 0.374416 0.387434 0.317204 0.314085 0.100000 0.424128 0.982586 0.530377 0.337678 0.544964 0.990928 0.100000 0.203543 0.236226 0.961586 0.100000 0.538572 0.643948 0.212527 0.739990 0.923236 0.780768 0.606627 0.614662 0.100000 0.319469 0.674867 1.134749 0.406268 0.162402 0.771826 0.100000 0.751529 0.846822 0.477688 0.663698 0.900431 0.774911 0.538033 0.576931 0.551499 0.793251 1.364039 0.853829 0.100000 0.792819 
0.401088 0.100000 0.429789 0.518756 1.077491 0.140302 0.809341 0.648115 0.100000 0.328576 0.534036 0.907669 0.335036 0.267449 0.100000 0.204539 0.100000 0.587151 0.428853 0.100000 0.700250 0.606125 0.361388 0.703021 0.100000 0.100000 0.624257 0.360398 0.266752 0.567749 0.264404 0.338168 0.113404 0.370910 0.100000 0.174597 0.100000 0.100000 0.100000 0.100000 0.259568 0.258667 0.892722 0.100000 0.225923 0.948284 0.100000 0.100000 0.567421 0.100000 0.823202 0.100000 0.838059 0.360900 0.705062 0.100000 0.349278 0.508491 0.140587 0.949547 0.276789 0.100000 0.681672 0.100000 0.100000 1.440843 1.010378 0.474640 1.076186 
0.100000 0.100000 0.922969 0.301324 0.243886 0.100000 0.100000 0.477171 0.308433 0.721787 0.100000 0.100000 0.100000 0.297857 0.686835 0.252167 0.100000 0.100000 0.479319 0.731456 0.300747 0.328450 0.851080 0.856489 0.145462 0.591843 0.100000 0.100000 0.282784 0.111177 0.108109 0.204392 0.100000 0.487939 0.643972 0.618561 0.838051 0.100000 0.100000 0.182207 0.100000 0.408265 1.340643 1.029518 0.100000 0.204245 0.625969 0.100000 0.601462 0.259493 0.743509 0.100000 0.461569 0.152306 0.100000 1.064897 0.447597 0.550727 0.462226 0.878941 0.183098 0.100000 0.100000 0.100000 0.492944 0.741513 1.197956 0.100000 0.962291 
0.192742 0.105997 1.113805 0.100000 0.100000 0.302939 0.100000 0.222648 0.359376 0.288853 0.100000 0.100000 0.332006 0.434619 0.100000 0.261438 0.815428 0.498802 0.772334 0.243605 0.330367 0.100000 0.810447 0.736169 0.100000 0.754731 0.220908 0.254721 0.583612 0.100000 0.270897 0.100000 0.333334 0.479121 0.100144 0.100000 0.955982 0.427214 0.561014 0.205280 0.829838 1.041569 0.148239 0.958927 0.715758 0.100000 0.100000 0.315644 0.779891 0.100000 0.807280 0.152827 0.254213 0.100000 0.685694 0.626277 0.567891 0.225162 0.462180 0.100000 0.290387 0.100000 0.100000 0.100000 0.754867 0.572288 0.464489 0.654411 0.758294 
0.453501 0.100000 0.515424 0.619360 0.265552 0.297607 0.250561 0.920970 0.847694 0.638904 0.245725 0.349310 0.809471 0.819590 0.712988 0.449092 0.307029 0.481737 0.438013 1.036949 0.920787 0.461444 1.376288 1.015249 0.100000 0.184769 0.656496 0.420019 0.984339 1.004238 0.652396 0.409630 0.100000 1.091907 0.375401 1.060838 0.385202 0.518974 0.496300 0.270331 0.758614 0.508322 1.038777 0.468557 0.206910 1.046183 0.100000 0.100000 1.081593 0.169044 1.153643 0.139152 0.100000 0.838686 0.334547 0.609666 0.363150 0.856691 0.685789 0.895685 0.698015 0.202833 0.510993 0.621146 0.809195 0.715745 1.078869 0.578151 1.118446 
0.100000 0.343760 0.100000 0.571524 1.459937 0.100000 0.532919 0.415500 0.225800 0.100000 0.222712 0.677887 0.100000 0.974429 1.590789 0.100000 0.405642 0.100000 0.324624 0.436017 0.310858 0.112013 0.254293 0.491747 0.154207 0.389876 0.105816 0.275204 0.100000 0.100000 0.338793 0.483494 0.928982 1.147570 0.116300 0.100000 0.305305 0.301558 0.247054 0.229467 0.746771 0.490195 0.342370 0.710601 0.525963 0.991681 0.298608 0.220198 0.515411 0.432241 1.219227 0.100000 0.243093 0.789039 0.100000 0.899941 0.650907 0.214290 0.586731 0.160592 0.100000 0.100000 0.893609 0.100000 0.196469 0.826344 0.984035 0.100000 0.453468 
0.591962 0.100000 0.536034 0.100000 0.762482 0.100000 0.146461 0.260742 0.100000 0.235676 0.503264 0.127872 0.732888 0.181931 0.100000 0.522119 0.137389 0.168374 0.100000 0.732167 0.993267 0.100000 0.571064 0.337686 0.114875 0.187457 0.710629 0.100000 0.688786 0.758268 0.508700 0.100000 0.100000 0.132876 0.100000 0.100000 0.312531 0.100000 0.490582 0.100000 0.100000 0.100000 0.139736 1.344949 0.745104 0.200091 0.100000 0.393969 0.268745 0.362710 0.569300 0.100000 0.617272 0.321637 0.100000 1.252786 0.457317 1.131901 0.675505 0.100000 0.590345 0.100000 0.100000 0.266278 0.238632 0.737119 0.418379 0.100000 0.352145 
0.696745 0.100000 0.935857 0.336925 0.626633 0.100000 0.157605 0.100000 0.558487 0.100000 0.390900 0.100000 0.500254 0.194233 0.333611 0.426877 0.149274 0.506887 0.112098 0.549394 0.301205 0.100000 0.778811 0.501003 0.100000 0.100000 0.100000 0.100000 0.249733 0.100000 0.494728 0.164078 0.175006 0.607126 0.100000 0.100000 0.414942 0.100000 0.100000 0.100000 0.100000 0.325404 0.499555 0.469142 0.140966 0.584303 0.100000 0.100000 0.673114 0.583790 0.830606 0.100000 0.493280 0.330134 0.100000 0.121321 0.369779 0.360469 1.732205 0.531502 0.528158 0.100000 0.100000 0.100000 0.523357 0.310707 1.324998 0.139333 0.324440 
