75 Number of operations
24 Number of workers
Standard production times
0.290051 0.119425 0.716550 0.190971 0.451519 0.100000 0.100000 0.336942 0.571636 0.414269 0.100000 0.116889 0.577166 0.526380 0.408052 0.219375 0.435065 0.438886 0.292950 0.555470 0.434268 0.311430 0.740981 0.584869 0.139028 0.323885 0.251275 0.312576 0.314710 0.676281 0.419674 0.326109 0.145356 0.602997 0.103788 0.342580 0.388635 0.242379 0.413542 0.192219 0.347265 0.507650 0.705652 0.791335 0.495640 0.423869 0.228507 0.247610 0.527861 0.409505 1.022967 0.293508 0.469117 0.314897 0.100000 0.751079 0.347161 0.569259 0.817347 0.505296 0.596762 0.100000 0.221035 0.466013 0.609718 0.669980 0.649135 0.261762 0.656215 0.254587 0.240166 0.399291 0.502519 0.366428 0.669267 
Production times: workers row and ops columns
0.164022 0.246409 1.321064 0.233768 0.503793 0.100000 0.214410 0.100000 0.283069 0.536632 0.100000 0.147018 0.390636 0.633445 0.216967 0.100000 0.455521 0.487010 0.100000 1.137857 0.877858 0.266354 1.146802 0.389109 0.100000 1.001044 0.218389 0.876233 0.100000 0.477806 0.397258 0.456799 0.100000 0.811368 0.100000 0.100000 0.386971 0.288602 0.441258 0.217909 0.396709 0.779763 0.518620 0.695879 0.811423 0.894189 0.248567 0.817005 0.332793 0.533544 1.131716 0.100000 0.241131 0.381141 0.100000 1.053223 0.316689 0.362208 0.955617 0.820678 0.813443 0.521433 0.674502 0.293977 1.224451 0.819400 0.900057 0.100000 1.245774 0.197819 0.168619 0.928767 0.349754 0.310474 0.756588 
0.264342 0.100000 1.165428 0.166489 0.580744 0.100000 0.133752 0.602466 0.657120 0.410280 0.100000 0.219165 0.385274 0.653312 0.810206 0.100000 0.134079 0.461861 0.511025 0.100000 0.275122 0.105580 0.904094 0.647771 0.328601 0.596982 0.231706 0.615272 0.244414 0.368128 0.577706 0.257249 0.278555 1.130088 0.100000 0.540717 0.614673 0.250382 0.459522 0.164752 0.297097 0.100000 0.511151 1.211465 0.919619 0.576669 0.366658 0.100000 0.476102 0.183175 1.150912 0.100000 0.637474 0.941815 0.100000 0.742456 0.451114 0.781555 0.362481 0.521864 0.792116 0.100000 0.308453 0.943395 0.898223 0.469102 0.985528 0.100000 0.918862 0.630410 0.355387 0.859697 0.576713 0.421987 0.811005 
0.100000 1.284497 0.563418 0.100000 0.100000 0.100000 0.101489 0.203068 0.369745 0.492904 0.269468 0.100000 0.928699 0.363651 0.100000 0.548164 0.743160 0.100000 0.311377 0.100000 0.100000 0.870609 0.372503 0.490767 0.100000 0.576235 0.100000 0.835391 0.100000 1.401981 0.767534 1.158825 0.100000 0.241434 0.656427 0.684033 1.590281 0.374378 0.378440 0.100000 0.303673 0.652917 0.100000 1.443893 0.403465 1.104631 0.272284 0.747258 0.925438 0.483097 1.588270 0.100000 0.423427 1.014402 0.716732 0.728633 0.100000 0.772091 0.100000 0.452471 0.921139 0.100000 0.174382 0.984291 0.137360 1.209076 0.100000 0.234966 1.399847 0.262336 0.165392 0.506891 0.100000 0.802392 0.136353 
0.100000 0.100000 1.199324 0.108136 0.100000 0.100000 0.100000 0.100000 0.595041 0.385284 0.247507 0.100000 0.674142 0.874316 0.551720 0.641826 0.100000 0.640653 0.526347 0.343540 0.349403 0.296924 0.456586 0.561049 0.313259 0.697976 0.100000 0.100000 0.318487 0.649750 0.868749 0.253089 0.103026 0.291821 0.153458 0.500528 0.620861 0.193023 0.100000 0.361017 0.197179 1.083817 0.729791 0.983598 0.100000 0.514286 0.596202 0.150421 0.283140 0.564431 1.576181 0.125256 0.237679 0.100000 0.100000 0.685221 0.245498 0.783049 0.934664 0.313588 0.660768 0.100000 0.146084 0.738344 0.100000 0.921918 0.281065 0.263248 0.100000 0.100000 0.161504 0.278410 0.335504 0.100000 0.100000 
0.100000 0.130303 0.472786 0.187087 0.100000 0.100000 0.100000 0.549032 0.240290 0.746941 0.260146 0.100000 0.703155 0.579077 0.343099 0.100000 0.226435 0.461031 0.100000 0.407178 0.209287 0.331010 0.233414 1.102700 0.100000 0.100000 0.100000 0.170907 0.100000 0.467089 0.351640 0.396722 0.100000 0.730967 0.120338 0.100000 0.100000 0.270332 0.300277 0.406307 0.492403 0.100000 0.673090 0.914360 0.100000 0.100000 0.788308 0.100000 0.646745 0.704615 0.823114 0.100000 0.460760 0.409381 0.100000 0.703329 0.100000 0.349257 0.686371 0.353090 0.855284 0.100000 0.100000 0.100000 0.603952 1.092527 0.534099 0.545523 0.879381 0.307828 0.100000 0.798754 0.730649 0.100000 0.578771 
0.100000 0.100000 0.570286 0.363687 0.942191 0.100000 0.400773 0.394074 0.100000 0.964252 0.100000 0.100000 0.656482 0.444248 0.644229 0.257864 0.496037 0.411907 0.727152 0.469434 0.466672 0.904253 0.718179 1.203590 0.100000 0.527434 0.574936 0.554572 1.005890 1.157033 0.922361 0.568426 0.404672 0.773774 0.220536 0.213337 0.100000 0.744400 0.408019 0.100000 0.803417 0.656649 0.630811 1.122612 0.971244 0.222142 0.100000 0.525720 0.377633 0.457801 0.866208 0.167471 0.600017 0.796850 0.100000 0.762439 0.682001 1.153478 0.850762 0.571193 0.411793 0.611729 0.385378 1.098502 0.631729 0.549910 0.585227 0.192981 0.848485 0.100000 0.111156 0.480255 1.098235 0.938327 0.383716 
0.383143 0.426826 0.574829 0.997731 0.100000 0.100000 1.094564 0.100000 0.527377 0.334018 0.398546 1.147636 0.469457 0.839771 0.455095 0.438851 0.820010 0.654773 0.100000 0.205248 0.480761 0.864381 0.647461 1.530893 0.100000 0.484962 0.756678 0.935424 0.374725 0.262541 1.006303 0.698107 0.100000 0.273307 0.186821 0.708508 0.100000 0.401205 0.100000 0.397441 0.100000 0.126171 0.482442 0.326001 0.693564 0.537365 0.181332 0.100000 0.556740 0.277836 0.474440 0.100000 0.572022 0.163077 0.100000 1.504463 0.100000 0.856570 0.100000 0.398708 0.330612 0.271043 0.100000 0.100000 1.948540 1.029131 0.607796 0.100000 0.593906 0.100000 0.100000 0.583666 0.100000 0.522440 0.769226 
0.296383 0.464755 0.533348 0.100000 1.136928 0.100000 0.100000 0.278357 0.100000 0.514591 0.100000 0.100000 0.100000 0.429404 0.708339 0.192790 0.444809 0.193947 0.575446 0.136995 0.634844 0.360044 0.697012 0.837572 0.100000 0.841562 0.100000 0.223950 0.297509 0.671579 0.252414 0.259951 0.780443 0.100000 0.240475 0.276967 0.128801 0.197639 0.288842 0.100000 0.100000 0.158439 0.386369 0.685459 0.272790 0.401503 0.379932 0.200012 0.839893 0.668329 1.003397 0.659220 0.105876 0.214776 0.100000 0.327333 0.710608 0.297465 0.916760 0.469978 0.162472 0.214388 0.267352 0.100000 0.833482 0.725301 0.341239 0.100000 0.875282 0.296931 0.100000 0.116019 0.100000 0.225785 0.976959 
0.100000 0.100000 0.595382 0.411439 0.100000 0.217381 0.118989 0.413020 0.592381 0.248160 0.260155 0.100000 0.141964 0.267863 0.184360 0.291276 0.129269 0.174698 0.100000 0.929083 0.605253 0.100000 0.426861 0.443248 0.133584 0.100000 0.696685 0.100000 0.100000 0.739914 0.437401 0.100000 0.100000 0.758329 0.271370 0.474909 0.159048 0.479162 0.132350 0.100000 0.193197 0.212706 0.159319 0.433856 0.735720 0.674285 0.124124 0.100000 0.341412 0.100000 0.810141 0.100000 0.745099 0.249345 0.100000 0.602242 0.100000 0.582074 1.262460 0.654152 0.250477 0.198075 0.100000 0.114443 0.496847 0.231702 0.473482 0.744251 0.758032 0.111217 0.259714 0.620721 0.409726 0.493294 0.188248 
0.100000 0.100000 1.362377 0.517899 0.353813 0.762664 0.100000 0.588503 1.048230 0.564882 0.100000 0.610896 0.938357 0.291740 0.249636 0.125147 0.805421 0.100000 0.256766 0.192647 0.479777 0.100000 0.967483 0.539033 0.100000 0.377222 0.100000 0.100000 0.563225 0.623307 0.767218 0.252366 0.392620 1.109233 0.121916 0.100000 0.879935 1.037706 0.257238 0.191179 0.100000 0.400327 0.910811 1.729679 0.679432 1.122586 0.654270 0.499601 0.843399 0.430091 1.571102 0.100000 0.100000 0.332948 0.560168 0.100000 0.100000 0.671696 0.515135 0.434710 0.100000 0.124900 0.100000 1.233998 1.148413 0.100000 1.305184 0.694652 0.530217 0.673190 0.839247 0.350457 0.327195 0.592865 0.100000 
1.177713 0.706409 1.826071 0.670792 0.120447 0.100000 0.153961 1.015368 1.184216 0.100000 0.100000 0.366069 0.100000 0.100000 1.002114 0.239195 0.100000 0.723645 0.100000 1.181700 1.110059 0.100000 0.697212 0.100000 0.250956 0.550201 0.612522 0.299392 0.699041 0.569643 0.100000 0.254178 0.709746 0.408452 0.100000 1.301152 0.243730 0.100000 0.885933 0.100000 0.166578 1.731260 0.873934 1.010034 0.137927 0.995227 0.510248 0.984657 0.898449 1.469169 1.283922 0.159793 0.100000 0.283215 0.100000 0.656408 0.561923 1.058704 1.614503 0.252555 0.373288 0.273568 0.100000 0.361501 0.100000 0.811348 0.822202 0.100000 0.752395 0.747164 0.589456 1.030809 0.386625 0.706447 0.582949 
0.185806 0.100000 0.623481 0.524850 0.334456 0.399004 0.137625 0.427703 0.165394 0.255128 0.100000 0.100000 0.353523 0.740422 0.408286 0.239592 0.656343 0.442186 0.151716 0.488500 0.619641 0.145315 0.630871 0.663601 0.260035 0.100000 0.100000 0.166078 0.100000 0.800302 0.402083 0.100000 0.306579 1.016926 0.130644 0.216252 0.295832 0.100000 0.551474 0.100000 0.100000 0.100000 0.392052 0.809660 0.181130 0.576599 0.100000 0.146273 0.430259 0.228411 0.539814 0.100000 0.100000 0.175730 0.156958 0.352679 0.100000 0.707061 1.039761 0.240868 0.564622 0.408116 0.636482 0.167868 0.450028 0.523940 1.393483 0.100000 0.433438 0.100000 0.100000 0.347602 0.802290 0.100000 0.530948 
0.147800 0.100000 0.271909 0.749209 0.933674 0.447699 0.111316 0.386942 0.644577 0.383316 0.100000 0.100000 0.811069 0.210587 0.740424 0.252912 0.383344 0.343858 0.468343 0.842238 1.357373 0.225389 0.347861 1.583520 0.282896 0.893336 0.115987 0.528408 0.645202 1.200934 0.152344 0.885799 0.165531 0.757179 0.451606 0.311705 0.485628 0.685945 0.100000 0.619300 0.889699 0.245146 0.767122 0.891863 0.405215 0.902254 0.618058 0.556726 1.160319 0.135859 1.282699 0.236007 0.474332 0.505849 0.744914 0.732600 0.866084 0.570628 0.985490 0.616424 1.181676 0.371855 0.243471 1.015143 0.581213 1.183084 0.970797 0.194273 1.006436 0.336858 0.463698 0.418693 0.492228 0.308001 0.380017 
0.337509 0.327318 0.796960 0.100000 0.596680 0.100000 0.436719 0.568007 0.298350 0.422093 0.148220 0.783093 0.949078 0.552047 0.100000 0.135307 0.100000 0.666022 0.484145 1.155892 0.734425 0.864346 0.922627 0.740723 0.375565 0.100000 0.558625 0.343337 0.100000 0.776382 0.445615 0.653062 0.100000 0.619168 0.302790 0.673438 0.588934 0.100000 0.727090 0.268742 0.100000 0.100000 1.047903 0.831626 0.626185 0.253703 0.979018 0.100000 1.193290 0.635803 0.935750 0.784802 0.824308 0.100000 0.192039 0.973801 0.559549 0.291608 0.786861 1.041009 0.689361 0.543327 0.100000 0.539423 0.446691 0.870201 0.548150 0.681948 0.532645 0.200134 0.279707 0.396444 1.014806 0.100000 0.493378 
0.100000 0.100000 2.189711 0.100000 0.100000 0.100000 0.398635 0.100000 0.657614 0.507441 0.139961 0.100000 1.112171 0.379583 0.100000 1.021643 0.648491 0.100000 0.100000 1.111157 0.381911 0.265971 0.766359 0.728786 0.100000 0.100000 0.425452 0.100000 0.386548 0.877049 0.100000 0.327648 1.298061 0.636745 0.460285 0.255754 0.442402 0.844454 0.100000 0.496432 0.100000 0.289640 0.469506 0.691851 0.641703 0.377821 0.100000 0.100000 0.944460 0.565696 0.800838 1.133434 0.100000 0.192609 0.827319 0.515604 0.598685 0.100000 1.268866 0.293790 0.100000 0.100000 0.261431 0.145846 0.448281 0.508291 0.933466 0.183628 0.100000 0.100000 0.100000 0.180192 0.100000 0.630274 1.162713 
0.254730 0.401893 1.225922 0.479000 0.459594 1.209302 0.227122 0.100000 0.636962 0.184467 0.441699 0.100000 1.203546 0.100000 0.724797 1.039494 0.855518 0.621776 0.573924 0.813029 0.100000 1.087396 0.422470 0.645651 0.683574 0.244590 0.961577 0.375344 0.463850 0.381086 1.213572 0.611484 0.100000 1.136467 0.100000 0.483762 0.970417 0.347975 0.116328 0.874739 0.786297 1.259726 0.100000 1.363342 0.272739 0.100000 0.100000 0.100000 0.857379 0.604959 1.761370 0.801710 0.699606 0.692843 0.245220 0.472128 0.210433 1.185663 0.892432 0.100000 0.778274 0.637976 0.100000 0.100000 0.100000 0.325848 0.639663 0.539950 0.444600 1.023538 0.856277 1.563739 1.107944 0.340545 0.100000 
0.100000 0.213184 0.734413 0.679342 0.590241 0.131901 0.100000 0.163434 0.431266 0.493035 0.331186 0.100000 0.251524 0.901682 1.122112 0.477958 0.262058 0.453818 0.480293 0.797188 0.572423 0.542860 0.566019 0.972528 0.124535 0.594970 0.191725 0.349918 0.613845 0.592435 0.525866 0.615707 0.218617 1.420489 0.680297 0.100000 0.607279 0.690587 0.546491 0.727260 0.632673 0.397321 1.044081 1.122276 0.617872 0.100000 0.364198 0.100000 0.347445 0.837861 1.111832 0.697030 0.303312 0.416345 0.252563 0.302934 0.100000 0.275329 1.506109 0.499383 1.381404 0.100000 0.184757 0.768031 1.177710 0.301776 1.189787 0.187667 0.345829 0.349500 0.486176 0.928576 0.100000 0.336638 0.927044 
0.100000 0.207133 1.065242 0.476992 0.100000 0.125180 0.100000 0.446406 1.078073 0.239110 0.221042 0.100000 0.628957 0.129853 0.125551 0.288302 0.249817 0.672385 0.185566 0.750067 0.592609 0.506147 0.431911 1.026973 1.026638 0.178783 0.664006 0.698244 0.580519 0.802822 0.124821 0.784663 0.567412 0.830839 0.100000 0.100000 0.409274 0.505096 0.701289 0.512611 0.100000 0.855772 0.704753 1.039785 0.279798 0.518265 0.178150 0.100000 0.100000 0.708951 1.238036 0.304618 0.234224 0.932868 0.438558 0.517528 0.333447 0.723813 1.724038 0.349210 0.284393 0.100000 0.237551 0.100000 0.657629 0.475558 0.776167 0.165175 0.523682 0.456313 0.348416 0.370765 0.166744 0.219179 0.309547 
0.100000 0.156901 0.624453 0.100765 0.100000 0.100000 0.100000 0.100000 0.100000 0.100000 0.191999 0.723603 0.633068 0.581441 0.265472 0.100000 0.396200 0.100000 0.621111 0.397169 0.626068 0.322120 0.952250 0.770842 1.004164 0.688980 0.541165 0.429080 0.100000 0.445569 0.473688 0.237065 0.394232 0.637284 0.100000 1.337416 1.351588 0.813184 0.467357 0.191505 0.355033 0.881814 0.208305 1.254662 1.533070 0.814700 1.404996 0.889427 0.229866 1.719708 0.626845 0.647545 0.100000 0.100000 0.100000 0.572882 0.100000 0.343322 0.843533 1.039749 0.100000 0.100000 1.294261 0.613548 0.739874 0.860188 0.100000 0.100000 0.509405 0.232591 0.271459 0.100000 0.209486 0.634652 1.371785 
0.398017 0.100000 0.453292 1.074326 0.630000 0.523431 0.100000 0.100000 0.100000 0.100000 0.997879 0.100000 1.088352 0.559119 0.217158 0.828401 1.126313 0.154934 0.251600 0.686055 1.390219 0.965796 0.100000 0.851280 0.227160 0.148861 0.413851 0.352703 0.100000 1.043540 0.786206 0.473512 0.100000 1.104104 0.284871 1.305713 0.489417 0.207705 0.222882 0.565526 0.365045 0.690213 0.317002 0.631416 0.100000 0.100000 0.933435 0.742103 1.394181 0.820030 0.268756 0.100000 0.491733 0.143521 0.262377 0.101427 0.471419 0.630193 0.937769 0.358986 0.486885 0.100000 0.100000 0.463746 1.060218 0.623465 0.631118 0.100000 0.100000 0.148140 0.100000 0.100000 1.172795 0.470822 1.086181 
0.100000 0.100000 0.550057 0.100000 0.439318 0.533564 0.100000 0.602698 0.640831 0.130912 0.100000 0.325104 0.553978 0.668776 0.407516 0.100000 0.392049 0.100000 0.542557 0.799531 0.616809 0.100000 0.161034 0.378860 0.100000 0.100000 0.175959 0.207781 0.100000 0.110025 0.369994 0.636279 0.100000 0.535174 0.100000 0.285137 0.278260 0.100000 0.352964 0.534521 0.610744 0.644992 0.229228 0.838462 0.347891 0.474535 0.100000 0.657043 0.643909 0.249986 0.814127 0.213912 0.593793 0.100000 0.174041 0.721679 0.250435 0.512270 1.122616 0.116686 0.449505 0.100000 0.366798 0.172473 0.260867 0.337458 0.324648 0.287647 0.465120 0.100000 0.100000 0.100000 0.335261 0.619874 0.812388 
0.143067 0.100000 0.345000 0.100000 0.100000 0.100000 0.100000 0.117570 0.532714 0.100000 0.527743 0.113383 0.493047 0.329523 0.323197 0.261418 0.100000 0.185513 0.381108 0.536720 0.100000 0.100000 0.250772 0.365027 0.100000 0.551853 0.275669 0.231797 0.387404 0.330870 0.171731 0.738334 0.100000 0.335340 0.100000 0.225857 0.501765 0.665078 0.510091 0.100000 0.279495 0.510035 0.964610 0.217432 0.833148 0.710229 0.100000 0.100000 0.555967 0.582388 0.857386 0.100000 0.249069 0.500807 0.100000 0.272437 0.272135 0.100000 1.085097 0.463003 0.339740 0.100000 0.122585 0.508884 0.546378 0.523641 0.468015 0.587976 0.293685 0.112813 0.100000 0.487998 0.203125 0.100000 0.906133 
0.100000 0.100000 0.669613 0.100000 0.252320 0.140399 0.348425 0.647727 0.287830 0.182120 0.100000 0.566468 0.956479 0.585226 0.100000 0.310725 0.363493 0.708639 0.862274 0.901271 0.684770 0.378490 0.659978 0.658226 0.100000 0.727985 0.191291 0.514309 0.808030 0.921080 0.608974 0.455650 0.620480 1.250897 0.251307 0.766230 0.100000 0.681773 0.472276 0.209407 0.793831 0.623091 1.009423 1.033268 0.567415 0.812350 0.100000 0.594826 0.711385 0.540200 0.898827 0.294111 0.610876 0.100000 0.100000 0.677024 0.257891 1.381589 1.334651 1.012713 1.382427 0.100000 0.783493 0.397618 1.018893 0.630918 0.743103 0.833248 0.606472 0.204267 0.100000 0.634669 0.883486 1.197996 0.890269 
0.762474 0.540225 0.867775 0.127172 0.670754 0.100000 0.128505 0.515058 0.523725 0.808215 0.505752 0.308603 0.873678 0.457473 0.250048 0.750626 0.590530 0.637761 0.292281 0.616244 0.894430 0.435927 0.890488 0.965214 0.619795 0.810477 0.463182 0.592248 0.125490 1.064403 0.127405 0.305027 0.100000 0.856963 0.346061 0.100000 0.140877 0.922362 0.657837 0.100000 0.664871 0.481384 0.556491 1.578331 0.990093 0.617879 0.606787 0.276328 0.893908 0.153264 0.835623 0.297854 0.635227 0.277919 0.575926 0.853535 0.337453 0.705983 1.249235 1.157569 0.676482 0.415906 0.781271 0.732902 0.541911 0.100000 0.587793 0.456222 0.665918 0.869707 0.446711 0.731174 0.949376 1.044655 0.767064 
