80 Number of operations
29 Number of workers
Standard production times
0.440529 0.408220 0.243742 0.334635 0.372272 0.546017 0.610842 0.490755 0.595947 0.412922 0.339703 0.267124 0.589688 0.547357 0.100000 0.450318 0.513265 0.129769 0.614626 0.653695 0.302141 0.359621 0.315256 0.441589 0.223369 0.533877 0.628089 0.778558 0.677054 0.640357 0.316136 0.491444 0.205005 0.467735 0.762402 0.582575 0.100000 0.623471 0.373567 0.160832 0.916202 0.422155 0.199745 0.142428 0.320452 0.807221 0.234275 0.484011 0.147919 0.258489 0.699210 0.502688 0.335212 0.480149 0.304917 0.276257 0.622984 0.487415 0.568048 0.203700 0.356240 0.578061 0.368030 0.131172 0.100000 0.171192 0.667617 0.865225 0.536361 0.100000 0.280285 0.441271 0.149194 0.426696 0.131798 0.205069 0.274870 0.438229 0.417729 0.468809 
Production times: workers row and ops columns
0.858374 0.289205 0.589564 0.125697 0.655830 0.578436 0.787631 0.932749 0.784570 0.713945 0.787765 0.264242 0.178913 0.427341 0.406179 0.538264 0.535653 0.389138 0.492558 0.728785 0.870879 0.737034 0.102218 0.280399 0.205841 0.675311 0.851240 1.030551 0.844640 0.596479 0.289210 0.398017 0.100000 0.424738 0.641480 0.632033 0.100000 0.562254 0.726005 0.530778 0.403188 0.967166 0.100000 0.722128 0.727642 0.838701 0.856482 0.651366 0.192753 0.186837 0.702507 0.783890 0.872982 0.350791 0.546707 0.525705 0.161842 0.482694 0.467087 0.559341 0.975608 1.065083 0.672249 0.100000 0.100000 0.354752 0.578584 0.857666 0.798880 0.100000 0.170453 0.553941 0.100000 0.648028 0.100000 0.100000 0.100000 0.100000 0.943893 0.725579 
0.373173 0.903385 0.606406 0.178845 0.274414 0.765491 0.407296 1.111157 0.633492 0.270668 0.348774 0.548161 1.121319 0.161229 0.215794 0.512052 0.428267 0.686673 0.761856 0.606309 0.528060 0.501110 0.680189 0.556475 0.141777 0.549275 0.495423 0.360349 0.729697 0.427362 0.547543 0.390033 0.474515 0.100000 1.254894 0.342098 0.281954 0.788520 0.161867 0.268734 1.238503 0.297439 0.100000 0.573419 0.214318 1.289412 0.575447 0.655032 0.422881 0.151453 0.806748 0.485193 0.802013 0.277087 0.494779 0.477853 0.241268 0.905607 1.217897 0.100000 0.491356 0.727262 0.490472 0.328262 0.311749 0.811784 0.361132 0.836024 0.768959 0.100000 0.256561 0.435661 0.866036 0.794679 0.350250 0.242258 0.574028 0.390235 0.397549 0.333250 
0.103236 0.151872 0.246093 0.115566 0.100000 0.364203 0.732084 0.100000 0.865006 0.100000 0.100000 0.908981 0.878224 1.654065 0.716298 0.384942 1.501077 0.100000 0.512040 0.945470 0.100000 0.100000 0.100000 0.245442 0.105629 0.646870 0.134087 0.219084 0.574418 0.847671 0.132668 0.365307 0.242226 0.190142 1.026885 0.929847 0.927606 1.325924 0.451130 0.376632 0.100000 1.219846 0.100000 0.100000 0.250763 0.475942 0.911786 0.240813 0.100000 1.029569 1.136886 1.857233 0.100000 0.516105 0.841494 0.104993 1.171442 0.193951 0.479523 1.691538 0.122352 0.495541 0.848468 0.171921 0.100000 0.110653 0.746952 1.406051 0.490634 0.269179 0.873212 0.100000 0.209296 0.771762 0.100000 0.102940 0.330474 0.924503 0.420330 0.136988 
0.357111 0.100000 0.669027 0.100000 0.445420 0.367062 0.736521 0.527323 0.248649 0.339733 0.338481 0.109945 0.689023 0.496770 0.350022 0.330151 0.590308 0.259477 0.207380 0.439906 0.269739 0.100000 0.710377 0.221033 0.100000 0.405708 0.438960 0.553383 0.695313 0.728680 0.110208 0.100000 0.100000 0.364196 1.385257 0.494201 0.100000 0.200898 0.218624 0.314839 0.938991 0.371596 0.316393 0.100000 0.632806 0.254796 0.100000 0.513864 0.141223 0.559779 0.982730 0.656949 0.100000 0.240000 0.571402 0.139390 1.252755 0.159398 0.434495 0.180635 0.884297 0.723602 0.100000 0.100000 0.100000 0.268239 0.634570 1.070676 1.034442 0.246899 0.100000 0.100000 0.111947 0.452731 0.100000 0.100000 0.100000 0.652522 0.100000 0.191713 
0.808585 0.100000 0.390169 0.130271 0.100000 0.477419 0.328961 0.523619 0.991655 0.230540 0.179125 0.714362 0.283924 0.518903 0.100000 0.172332 0.428446 0.319160 0.100000 0.836950 0.241972 0.100000 0.451858 0.209717 0.100000 0.922550 0.436825 0.490817 0.799164 0.117625 0.728950 0.100000 0.341656 0.100000 0.895217 0.183804 0.100000 0.823266 0.100000 0.108321 0.640238 0.293743 0.408849 0.100000 0.100000 0.531001 0.100000 0.664443 0.100000 0.100000 0.338490 0.249309 0.316589 0.448825 0.252492 0.669377 0.855101 0.655745 0.100000 0.476940 0.184417 0.336140 0.100000 0.274778 0.100000 0.343294 0.521681 0.674906 0.397286 0.100000 0.100000 0.520975 0.100000 0.681212 0.100000 0.197434 0.330207 0.605641 0.100000 0.766567 
0.660019 0.525128 0.221592 0.802725 0.749344 0.100000 0.100000 1.139578 0.498657 0.100000 0.406292 0.552102 0.233669 0.378416 0.143639 1.104598 0.989497 0.550691 0.542652 0.100000 0.431555 0.252931 0.272569 0.824868 0.100000 0.100000 0.495206 1.331881 0.462742 1.299443 0.100000 0.100000 0.495640 0.679042 0.100000 0.781249 0.100000 0.713184 0.592505 0.275220 0.567197 0.278240 0.281270 0.100000 0.100000 0.137383 0.177215 0.624397 0.100000 0.409914 0.163696 0.296198 0.100000 1.098449 0.100000 0.378745 0.484938 0.720370 0.618991 0.619259 0.834719 0.358027 0.100000 0.556269 0.100000 0.100000 1.075854 1.174071 0.526266 0.100000 0.100000 0.297292 0.261509 0.690948 0.436401 0.100000 0.399569 0.147037 0.100000 0.124995 
0.100000 1.212243 0.100000 0.711090 0.210681 0.403954 0.729966 1.048719 0.861216 0.461362 0.524570 0.571351 0.477891 0.715262 0.100000 0.390590 0.932343 0.100000 1.075406 0.596794 0.100000 0.392920 0.100000 0.355179 0.296994 0.537653 0.280733 0.858924 0.755261 0.898118 0.299382 0.202555 0.100000 0.100000 0.169967 0.847173 0.100000 0.605045 0.405579 0.116213 0.285846 0.645460 0.729369 0.100000 0.183397 0.879986 0.100000 0.933669 0.409445 0.538180 0.230285 1.124148 0.401836 1.011332 0.738053 0.285200 0.506265 0.781794 0.700695 0.409089 0.729728 0.462943 0.563727 0.100000 0.100000 0.306272 0.866845 0.844587 0.751394 0.100000 0.693862 0.100000 0.100000 0.482274 0.564657 0.657473 0.413222 1.283493 0.681070 0.704681 
0.591924 0.100000 0.106537 0.982908 0.284725 0.100000 0.158195 0.100000 0.764368 1.207712 0.692154 0.650084 0.312845 1.061008 0.266506 0.411794 0.475725 0.100000 1.280489 1.236509 0.287765 0.100000 0.763699 0.190969 0.100000 0.504859 0.366018 1.005984 1.044985 0.755568 1.215986 0.774356 0.216887 0.652796 0.593001 0.538144 0.100000 0.100000 0.374562 0.100000 0.737205 0.644810 0.813549 0.290902 0.335748 0.202169 0.100000 1.057240 0.459689 0.496274 0.961252 0.505364 0.575908 0.100000 0.676063 0.100000 1.267648 0.850064 0.773887 0.231897 0.826016 1.167480 0.471698 0.707051 0.163902 0.100000 0.335497 0.428198 0.100000 0.800072 0.149442 0.685044 1.278086 0.100000 0.167881 1.115892 0.897684 0.558954 0.103762 0.109435 
0.168448 0.106879 0.100000 0.408877 0.819784 0.911374 0.312475 0.228762 0.443103 0.455472 0.354762 0.739372 0.590536 0.305435 0.664993 1.137707 0.100000 0.726925 0.753097 0.887497 0.100000 0.784920 0.600122 0.154824 0.518242 0.858139 0.811118 0.683493 0.861556 0.713777 1.207008 1.052094 0.406969 0.100000 0.100000 0.141907 0.100000 0.434324 0.353953 0.100000 0.566591 0.493565 0.568474 0.476627 0.539293 0.861634 0.100000 1.099386 0.441597 0.642891 1.621170 0.979238 0.100000 0.100000 0.577603 0.180892 1.204485 0.846167 0.260062 0.494364 0.100000 0.541509 0.453692 0.314985 0.100000 0.332054 0.684257 1.309738 0.834182 0.100000 0.848749 0.750306 0.192123 0.187684 0.533295 0.492184 0.100000 1.016530 0.103473 0.823817 
0.207855 0.783015 0.857782 0.577965 0.904810 0.527748 0.833281 0.362145 0.664814 0.188034 0.459511 0.655035 0.441675 0.351984 0.213652 0.305795 0.318743 0.100000 0.764527 1.137007 0.100000 0.853797 0.326625 0.838472 0.310258 0.397682 0.703524 0.516912 1.347534 0.496407 0.744682 0.406894 0.156753 0.895356 0.880464 0.714673 0.100000 0.255407 0.363540 0.816513 1.238371 0.220706 0.562105 0.100000 0.161199 1.057773 0.196376 0.865743 0.100000 0.307907 1.166602 0.198132 0.263429 0.474431 0.509875 0.140723 0.580943 0.824708 0.653234 0.268930 0.459746 0.386589 0.367787 0.562678 0.424844 0.308715 0.496125 0.624451 0.615432 0.448903 0.401499 0.511368 0.100000 0.332485 0.100000 0.100000 0.860707 0.626594 0.349354 0.950402 
0.100000 0.351384 0.100000 0.719984 0.100000 1.308055 0.100000 0.219629 1.167488 1.007426 0.100000 0.100000 0.100000 0.746855 0.415256 0.100000 0.506244 0.100000 0.790601 0.100000 0.100000 1.099563 0.326005 0.703298 0.152035 0.176622 1.517296 0.755670 1.227146 0.797697 0.615883 0.877602 0.100000 0.167601 1.024505 1.158225 0.100000 0.637985 0.169173 1.013052 0.612421 0.671920 0.449579 0.222445 0.305773 0.700233 0.100000 0.335811 0.550969 0.100000 0.200913 0.678058 0.404833 1.291980 0.572116 1.094824 0.100000 1.168812 0.641264 0.416045 1.474026 1.221090 0.657217 0.154289 0.100000 0.524955 1.428725 0.284677 0.372934 0.429468 0.595139 0.456252 0.634790 0.181135 0.259946 0.100000 0.127414 0.587303 0.549478 0.553016 
0.561070 0.882835 0.758553 1.002648 0.139113 0.100000 0.140202 0.100000 0.100000 0.350022 0.579289 0.100000 0.706003 0.100000 0.475930 0.154495 0.168538 0.515595 0.804583 0.554049 0.826063 0.272872 0.381330 0.100000 0.100000 1.523478 0.476749 1.088723 0.938510 0.100000 0.453788 0.328771 0.312145 0.684001 1.046750 0.454046 0.146566 0.828127 0.100000 0.100000 0.853642 0.656804 0.473045 0.100000 0.876880 1.196548 0.452524 0.745442 0.395245 0.804457 0.297143 0.224733 0.157763 0.229646 0.539049 0.100000 1.457405 0.100000 0.650931 0.553154 0.100000 0.602963 0.752586 0.640680 0.904671 0.381564 0.792093 0.539257 0.819837 0.296796 0.228747 0.100000 1.077263 1.020277 0.100000 0.385871 0.542223 0.184331 1.004261 0.174354 
0.152156 0.881342 0.411047 1.079753 1.031945 0.879472 1.080953 0.413540 0.676075 0.830292 0.336401 0.326429 0.155701 0.855248 0.100000 0.577862 0.286296 0.271645 0.938251 0.616903 0.420679 0.651824 0.275266 0.500526 0.713553 0.630505 0.526753 0.755721 0.940759 0.213651 0.495914 0.990210 0.100000 1.263415 0.947421 0.716047 0.100000 0.619246 0.668359 0.298649 0.518983 0.668888 0.477266 0.167986 0.748292 2.001898 0.305516 0.745197 0.159757 0.183409 0.785507 0.806088 0.815904 0.211092 0.100000 0.514143 0.768925 0.100000 0.347312 0.100000 0.727177 0.903427 0.254107 0.100000 0.157250 0.399186 0.441749 0.866167 1.147262 0.100000 0.324101 0.100000 0.100000 0.730764 0.317883 0.173071 0.108182 0.836566 0.507608 0.486993 
0.479608 0.932111 0.852127 0.492633 0.361629 0.897350 0.964468 1.045477 0.706379 0.632032 0.657045 0.189178 0.107633 0.455995 0.100000 0.812158 0.542892 0.100000 0.100000 0.699674 0.130839 0.526683 0.779281 0.661210 0.879006 0.542935 0.448707 0.632097 0.837111 0.863042 0.552317 0.320448 0.100000 0.197825 0.819753 0.681676 0.237144 0.555151 0.102208 0.108310 0.995871 0.138468 0.863994 0.382307 0.539649 0.479987 0.560422 0.770345 0.187854 0.502462 0.742463 0.530335 0.421449 0.100000 0.206685 0.345338 0.929928 0.567204 0.587867 0.366895 0.288904 0.631796 0.100000 0.100000 0.100000 0.395393 0.793831 0.864286 1.051909 0.478903 0.665676 0.620446 0.204437 0.766277 0.100000 0.235824 0.581290 0.406743 0.321723 0.660216 
1.036745 0.296711 0.651713 0.611316 0.564968 0.440364 0.441875 0.360885 0.292725 0.339949 0.910381 0.411898 0.116960 0.676590 0.100000 0.260097 0.477449 0.100000 1.031843 0.495509 0.100000 1.091645 0.116819 0.457513 0.192545 0.705808 0.720407 0.684104 0.878601 0.461411 0.353889 0.396885 0.375812 0.716935 0.987058 0.560905 0.340006 0.729363 0.803233 0.268139 0.811877 0.476217 0.557724 0.278442 0.378869 1.135617 0.100000 0.112831 0.100388 0.522322 0.691039 0.591983 0.723587 0.266938 0.312477 0.539016 0.765428 0.856261 0.763012 0.705988 0.100000 0.152824 0.100000 0.796536 0.100000 0.133613 0.475898 1.167346 0.436539 0.412616 0.173537 0.564283 0.601331 0.404741 0.739924 0.393906 0.191957 0.805761 0.722538 0.494363 
0.235382 0.103504 0.184792 0.572881 0.510993 0.423026 0.445191 0.176814 0.792587 0.428683 0.948840 0.634681 0.504898 0.575934 0.100000 0.501041 0.531600 0.449140 0.773180 1.130701 0.775619 0.511687 0.764946 1.195558 0.100000 0.587800 0.732213 0.752261 0.967325 0.462884 0.562125 0.119909 0.434438 0.498937 0.858421 0.547208 0.100000 0.599202 0.133933 0.680371 1.227896 0.396108 1.243652 0.100000 0.729195 0.964408 0.100000 0.233751 0.102687 0.249954 1.120317 0.566632 0.369970 0.793979 0.100000 0.496512 1.202181 0.544939 0.988708 0.100000 0.311023 0.588632 0.205144 1.018400 0.604818 0.502583 0.272887 0.786023 0.863503 0.100000 0.100000 0.100000 0.310639 0.120209 0.107988 0.299508 0.382743 0.531973 0.561352 0.500219 
0.184958 0.541905 0.376764 0.188949 0.784353 0.293966 0.186738 0.100000 0.528764 0.100000 0.612053 0.100000 0.743767 0.100000 0.100000 0.708153 0.376520 0.100000 0.100000 0.516745 0.642654 0.100000 0.100000 0.100000 1.110108 1.127258 0.175786 0.197855 1.485573 0.432190 0.100000 0.751794 0.304554 0.291555 0.904650 0.100000 0.384775 1.687520 0.959733 0.100000 0.623137 0.714460 0.100000 0.406898 0.100000 1.178578 0.100000 0.100000 0.509407 0.457601 1.851054 0.836762 0.100000 0.100000 0.100000 0.528232 0.414792 1.055387 0.436706 0.579676 0.100000 0.671286 0.187102 0.100000 0.318410 0.827548 0.752462 0.919869 1.233499 0.100000 0.388176 0.366684 0.235447 1.209369 0.100000 0.100000 0.100000 0.812009 0.100000 1.014088 
0.493349 0.251409 0.334055 0.191197 0.306393 0.852188 0.653024 0.100000 0.224214 0.541714 0.454238 0.501999 0.874954 0.554476 0.100000 0.100000 0.736268 0.100000 0.758657 0.493737 0.378829 1.218099 0.140956 0.410888 0.197217 0.237037 0.776984 0.653745 1.116485 0.635444 0.624413 0.490559 0.423974 0.484917 0.699742 0.173498 0.268598 0.766656 0.407421 0.100000 1.537485 0.327088 0.398890 0.295368 0.587294 0.681265 0.360772 0.606429 0.100000 0.583535 0.811566 0.624563 1.100538 0.440572 0.160155 0.575178 0.956369 0.924576 0.588101 0.177632 0.639812 0.613136 0.100000 0.826370 0.100000 0.100000 0.498783 1.070142 0.841340 0.336081 0.660986 0.150103 0.679856 0.396747 0.535638 0.254385 0.736679 0.801752 0.402012 0.240890 
0.602178 0.261468 0.100000 0.547595 0.311810 0.477769 0.699180 0.707939 0.634976 0.234567 0.100000 0.100000 0.433378 0.181934 0.110605 0.650100 0.666199 0.100000 0.134741 0.800967 0.100000 0.353153 0.100000 0.287756 0.100000 0.731448 0.797979 0.354331 0.988003 0.246694 0.138205 0.586661 0.100000 0.100000 0.843724 0.100000 0.215447 0.938443 0.100000 0.100000 0.819467 0.522923 0.100000 0.100000 0.737571 0.208403 0.100000 0.517923 0.100000 0.100000 0.358957 0.298712 0.219333 0.746966 0.100000 0.100000 0.391135 0.405826 0.470757 0.202434 0.100000 0.272693 0.161177 0.100000 0.100000 0.521395 0.507958 0.920462 0.238163 0.100000 0.100000 0.177652 0.329806 0.100000 0.164012 0.100000 0.329140 0.463341 0.548955 0.100000 
0.706376 0.255896 0.471942 0.556737 0.254641 1.145307 0.771128 1.013433 0.794650 0.373840 0.527375 0.360095 0.744032 0.526575 0.459537 0.938748 0.401666 0.100000 0.965952 0.850472 0.587129 0.256240 0.332247 0.242205 0.268770 0.535009 0.636209 1.072370 0.641590 0.925475 0.134799 0.868206 0.874045 0.639295 0.951850 0.968168 0.412608 0.894707 0.704199 0.588862 0.910258 0.773974 0.809024 0.260256 0.384593 0.964277 0.100000 0.145967 1.024044 0.230547 1.122158 0.772299 0.335918 0.911390 0.203254 0.100000 0.542233 0.360056 0.663905 0.697117 0.636086 0.739329 0.586159 0.100000 0.100000 0.105413 1.372187 1.008974 0.747430 0.624590 0.100000 0.452521 0.127849 0.186789 0.174616 0.273936 0.578549 0.661322 0.444830 0.248451 
0.100000 0.100000 0.100000 0.100000 0.981829 0.100000 0.671922 0.544145 0.534318 0.100000 0.423100 0.412595 0.530356 0.574210 0.100000 0.116436 0.414949 0.100000 0.272810 0.502674 0.333443 0.842933 0.100000 0.606665 0.100000 0.788458 0.100000 0.555407 0.640908 1.288195 0.100000 0.628690 0.100000 0.303503 0.233269 0.107357 0.100000 0.277917 0.423258 0.100000 0.554596 0.493676 0.188611 0.100000 0.100000 0.920573 0.680639 0.409249 0.151326 0.522266 0.983248 0.697350 0.100000 0.458278 0.200290 0.213109 0.704804 0.381147 0.512757 0.225387 0.487614 0.610088 0.726570 0.100000 0.343422 0.100000 0.612043 1.057725 0.302431 0.242667 0.323280 0.836356 0.100000 0.657771 0.202951 0.150924 0.100000 0.404071 0.127128 0.683399 
0.306249 0.313751 1.269995 0.435879 0.100000 0.920575 0.100000 0.477309 0.747516 0.100000 0.100000 0.212012 1.398214 0.100000 0.179555 0.684812 0.100000 0.100000 0.100000 0.204487 0.962668 0.525007 0.100000 0.760396 0.482136 0.546981 0.653402 0.100000 1.025810 1.330633 0.134148 1.066335 0.169157 0.763199 1.408031 0.477703 0.477793 0.361908 0.280310 0.162561 0.665550 0.182675 0.478128 0.602704 0.100000 0.550867 0.215464 0.695808 0.100000 0.282347 0.767369 0.835128 1.395842 1.406611 0.205995 0.100000 0.977844 1.105712 0.157776 0.298659 0.420960 0.100000 0.505421 0.274535 0.100000 0.100000 0.973852 0.817135 0.300119 0.955723 0.745202 1.094619 0.728688 0.439279 0.100000 0.230190 0.100000 0.100000 0.100000 0.100000 
0.647062 0.112968 0.100000 0.100000 1.228557 0.431097 0.747942 0.551987 0.248284 1.299124 0.789901 0.532028 0.193644 0.100000 0.200264 0.410863 0.100000 0.771694 0.330489 1.554807 0.219383 0.100000 0.100000 0.181458 0.361987 0.899200 0.559240 0.965111 0.100000 0.622062 0.100000 0.796421 0.151939 0.164097 0.100000 0.708484 0.100000 0.809941 0.530680 0.417802 0.795612 0.618873 0.100000 0.592789 0.571020 1.854053 0.100000 0.638405 0.100000 0.759550 0.334985 1.102149 0.100000 0.117305 0.230132 0.329643 0.578001 1.192409 0.709889 0.100000 0.809781 0.100000 1.051173 0.100000 0.100000 0.100000 0.834059 1.138283 0.100000 0.637596 0.973726 0.728693 0.333117 0.850245 0.100000 0.264602 1.254423 0.100000 0.100000 0.100000 
0.614010 0.782408 0.680101 0.617926 0.172411 0.789579 0.663195 1.306906 0.769242 0.261086 0.292169 0.693915 0.885876 0.690428 0.327366 0.498642 0.677564 0.343567 0.740970 0.794725 0.515407 0.470414 0.209883 1.269133 0.273574 0.256492 0.705647 0.522653 0.533847 0.892191 0.430486 0.603839 0.550941 0.211689 0.500033 0.379664 0.154993 0.524089 0.406755 0.469510 0.915481 0.578140 0.254658 0.100000 0.100000 0.650599 0.657631 0.438439 0.401937 0.100000 0.378726 0.765945 0.960257 0.600840 0.852612 0.100000 1.081592 0.446163 0.460154 0.100000 1.313676 0.259660 0.243391 0.399669 0.565794 0.416817 0.748654 1.154995 0.879696 0.100000 0.100000 0.830558 0.362622 0.691174 0.506372 0.100000 0.435312 0.526606 0.780644 0.419810 
0.267933 0.323691 0.469161 0.236088 0.435542 0.857816 0.585863 1.099139 1.057496 0.552454 0.217726 0.703090 0.559844 0.720720 0.425942 0.530993 1.054635 0.650786 0.943591 0.896900 0.175176 0.658032 0.710083 0.372445 0.746023 0.578007 0.296577 0.886179 0.632255 0.515566 0.483227 0.287500 0.238269 0.505463 0.781754 1.187783 0.100000 0.173539 1.016590 0.380191 1.139695 0.785211 0.362205 0.100000 0.502989 1.493520 0.223974 0.220378 0.196208 0.389762 0.409079 0.419212 0.590300 0.874147 0.683690 0.586057 0.661482 0.799814 0.333482 0.760641 0.568188 0.642187 0.426915 0.100000 0.102469 0.100000 0.518816 0.335625 0.745637 0.100000 0.814576 0.619042 0.160813 0.933151 0.130932 0.520091 0.581283 0.371961 0.506613 0.100000 
0.100000 0.491344 0.261308 0.208016 0.334553 0.100000 0.428954 0.142344 0.557417 0.310836 0.786843 0.507336 0.299565 0.555352 0.191449 0.428754 0.100000 0.100000 0.418234 0.210868 0.125509 0.100000 0.353630 0.473347 0.100000 1.278872 0.139811 0.864910 0.100000 1.066151 0.236269 0.682479 0.100000 0.253063 0.609954 0.773440 0.100000 0.392860 0.112501 0.100000 0.709826 0.486325 0.100000 0.100000 0.100000 0.817302 0.217411 0.688515 0.100000 0.100000 0.747399 0.701881 0.100000 0.214469 0.316486 0.100000 0.950245 0.603667 0.505715 0.263787 0.184485 0.272880 0.389657 0.100000 0.100000 0.100000 0.325157 0.499331 0.728536 0.100000 0.100000 0.269189 0.100000 0.571858 0.100000 0.100000 1.030493 0.741683 0.202356 0.416113 
0.100000 0.100000 0.215258 0.717729 0.508476 0.824462 0.678619 0.266133 0.938629 0.920169 0.603530 0.100000 0.509588 0.843853 0.100000 0.474968 1.057228 0.485589 1.006419 1.071810 0.434553 0.450237 1.033793 0.584456 0.518023 0.298431 0.185614 1.175772 0.585413 0.595508 0.804069 0.390151 0.238715 0.770503 0.481573 0.731566 0.263232 0.392186 0.100000 0.239842 0.834402 0.615151 0.456358 0.364140 0.100000 1.473379 0.474229 0.744270 0.184006 0.144155 0.554364 0.406473 0.718773 0.410512 0.520382 0.572834 0.399194 0.445026 1.144150 0.257504 0.104008 1.128615 0.410150 0.232028 0.100000 0.359151 1.004009 1.661135 0.468402 0.557468 0.226638 0.727957 0.259705 0.474309 0.209385 0.639479 0.351409 0.611964 0.901652 0.266527 
0.540137 0.342452 0.148500 0.100000 0.913608 0.442857 0.393890 0.100000 1.507338 0.100000 0.873993 0.408784 0.692305 0.370838 0.750882 0.996189 0.100000 0.630093 1.224485 0.100000 1.139482 0.555967 1.321334 0.108485 0.100000 0.100000 0.100000 0.100000 0.849446 1.137953 1.352094 1.370919 0.100000 0.782128 0.434748 0.285624 0.389507 0.100000 1.019149 0.100000 1.151177 0.100000 0.754157 0.315873 0.111941 0.921815 0.100000 0.606636 0.163702 0.560422 0.509763 0.100000 0.100000 0.100000 0.679776 0.362576 0.861475 0.100000 0.100000 0.100000 0.100000 0.699139 0.254752 0.100000 0.100000 0.591986 0.555014 0.606939 0.347241 0.100000 1.107208 1.172232 0.100000 0.100000 0.237150 0.535743 0.100000 0.100000 0.747773 0.502324 
0.100000 0.100000 0.100000 0.711671 0.100000 0.538208 1.229471 0.668739 0.399364 0.100000 1.241008 1.043663 0.407240 0.854558 0.720233 0.460185 0.472635 0.100000 0.100000 0.631470 0.348633 0.690991 0.398852 0.100000 0.100000 1.330359 0.686187 0.624443 0.906583 1.578591 0.706222 1.092285 0.760073 0.292704 1.388046 0.100000 0.330182 0.269241 0.100000 0.100000 0.797728 0.100000 1.313844 0.100000 0.592564 1.254931 0.172588 0.337499 0.100000 0.100000 1.389755 0.100000 0.116242 1.283569 1.018064 0.100000 0.394017 0.720432 0.636672 0.590912 1.241354 0.582729 0.652770 0.100000 0.100000 0.100000 0.871497 0.627532 0.212973 0.100000 0.100000 0.787500 1.392704 0.165753 0.682760 0.100000 0.591888 0.100000 1.297427 0.486697 
