68 Number of operations
28 Number of workers
Standard production times
0.290051 0.119425 0.716550 0.190971 0.451519 0.100000 0.100000 0.336942 0.571636 0.414269 0.100000 0.116889 0.577166 0.526380 0.408052 0.219375 0.435065 0.438886 0.292950 0.555470 0.434268 0.311430 0.740981 0.584869 0.139028 0.323885 0.251275 0.312576 0.314710 0.676281 0.419674 0.326109 0.145356 0.602997 0.103788 0.342580 0.388635 0.242379 0.413542 0.192219 0.347265 0.507650 0.705652 0.791335 0.495640 0.423869 0.228507 0.247610 0.527861 0.409505 1.022967 0.293508 0.469117 0.314897 0.100000 0.751079 0.347161 0.569259 0.817347 0.505296 0.596762 0.100000 0.221035 0.466013 0.609718 0.669980 0.649135 0.261762 
Production times: workers row and ops columns
0.100000 0.150303 0.572544 0.100000 0.274028 0.551747 0.100000 0.709181 0.698706 0.156131 0.100000 0.100000 0.981680 0.369178 0.260327 0.100000 0.349474 0.100000 0.100000 0.477834 0.100000 0.141558 0.354451 0.491934 0.100000 0.100000 0.100000 0.160699 0.100000 1.058669 0.663265 0.100000 0.351177 0.207237 0.100000 0.819739 0.155750 0.606036 0.100000 0.100000 0.124849 0.438341 0.345665 0.799706 0.114281 0.100000 0.100000 0.100000 0.355577 0.235196 0.872411 0.365620 0.100000 0.100000 0.215783 1.021399 0.167221 0.938654 0.422278 0.429334 0.505511 0.100000 0.100000 0.332256 0.289960 0.772124 0.418662 0.100000 
0.353834 0.478396 0.911019 0.726692 1.040630 0.100000 0.957888 0.419309 0.823172 0.100000 0.915932 0.100000 0.291254 1.242175 0.100000 0.100000 0.413933 0.229371 0.100000 1.136934 0.226799 0.360139 0.420970 0.474456 0.414902 0.299693 0.100000 0.100000 0.318502 0.189796 0.464560 0.829699 0.100000 0.100000 0.100000 0.539371 0.100000 0.100000 0.100000 0.297408 0.285435 0.656940 0.994146 0.592055 0.833468 0.140043 0.100000 0.344331 0.246429 0.464837 1.734784 0.100000 0.632679 0.524960 0.100000 0.661046 0.134716 0.318979 0.100000 0.100000 1.130312 0.639964 0.309036 0.529597 0.100000 0.417048 0.105252 0.308337 
0.100000 0.287783 1.343468 0.100000 0.442896 0.203952 0.312296 0.100000 0.588204 0.609623 0.100000 0.204308 1.054548 0.814885 0.207174 0.555769 0.217929 0.701533 0.668773 0.670690 0.894674 0.385624 0.796540 0.726607 0.100000 1.122928 0.259395 0.100000 0.100000 0.702646 0.520568 0.345785 0.124221 0.750179 0.305469 0.111311 0.699555 0.244741 0.321618 0.489492 0.632122 0.300520 0.816708 0.524499 0.300110 0.859377 0.107420 0.291149 0.263729 0.660915 0.675297 0.707197 0.411753 0.850317 0.408716 1.350709 0.128543 0.452321 1.248930 0.810167 1.417750 0.279200 0.299974 0.388485 0.683563 0.857140 0.106780 0.753297 
0.334746 0.627883 0.842817 0.590759 0.790065 0.244155 0.539182 0.158182 0.644222 0.933972 0.570039 0.203422 0.172818 0.748079 0.100000 0.287681 0.729691 0.174697 0.364959 0.966437 0.250853 0.734887 0.407590 0.668792 0.685207 0.428534 0.306410 0.477136 0.148665 1.037860 0.199925 0.481964 0.100000 0.638071 0.786562 0.459746 0.100000 0.144777 0.264663 0.100000 0.570670 0.678665 1.053160 0.717958 0.792616 0.971805 0.572175 0.870061 0.100000 0.811272 1.456364 0.281577 0.584252 0.500391 0.100000 0.927260 0.721393 1.143350 0.823330 0.436485 0.800539 0.273468 0.870110 0.592993 0.767388 0.558803 0.898805 0.619710 
0.843761 0.203832 0.286579 0.638968 0.368043 1.226945 0.306898 0.824046 0.100000 0.731631 0.879492 0.121573 0.335965 0.951257 1.496743 0.105623 0.216001 0.100000 0.100000 0.612372 0.431495 0.834413 1.103176 0.432024 0.412371 0.100000 0.293024 0.933128 0.100000 1.262846 0.100000 0.495253 0.100000 0.100000 0.139350 0.307779 0.276944 0.100000 0.100000 0.100000 0.532060 0.268042 0.865846 0.173229 0.100000 0.341529 0.748658 0.100000 1.248981 0.843082 0.844243 0.670156 0.723611 0.373309 0.100000 0.570031 0.550736 0.100000 0.736860 0.296995 0.796063 0.100000 1.250754 0.100000 0.251537 0.503830 0.579687 0.100000 
0.280859 0.251391 0.987164 0.177266 0.779488 0.316550 0.100000 0.100000 0.799589 0.501004 0.514089 0.462028 0.360331 0.693819 0.731077 0.100000 0.309554 1.198687 0.216826 0.874354 0.929377 0.311577 0.360183 0.776512 0.433512 0.100000 0.403524 0.100000 0.294708 0.745306 0.467469 0.784630 0.131079 0.581698 0.100000 0.536814 1.011183 0.327343 0.897303 0.615385 0.600506 0.333831 1.305115 1.219466 0.364402 0.533373 0.100000 0.100000 0.381596 0.582222 1.513639 0.215785 0.769890 0.372029 0.100000 1.301063 0.100000 0.280095 0.896663 0.423163 0.832939 0.138488 0.282008 0.439033 1.043920 0.583944 0.681539 0.854585 
0.267249 0.738146 0.412191 0.394519 0.775181 0.341996 0.791180 0.817693 1.074323 0.656586 0.359316 0.287666 0.693914 0.397138 0.100000 0.721397 0.429542 0.100000 0.749103 0.704469 0.359426 0.642706 1.216584 0.383142 0.100000 0.601995 0.101046 0.360871 0.157951 0.550244 0.550575 0.808061 0.100000 0.614357 0.438627 0.926800 0.422051 0.308276 0.228573 0.703948 0.511607 1.140140 0.727663 0.671266 0.431732 0.355089 0.420778 0.100000 0.398850 0.490469 1.618683 0.865406 0.183565 0.172646 0.384440 0.766047 0.931217 0.446398 0.328604 1.202034 0.412071 0.173444 0.272885 0.745140 1.328166 0.705355 0.937169 0.389987 
0.321736 0.250393 0.746083 0.100000 0.141385 0.100000 0.331771 0.180829 1.039250 0.100000 0.100000 0.320132 0.850875 0.462389 0.100000 0.471353 0.558264 0.100000 0.100000 0.505290 0.553825 0.100000 0.736277 0.100000 0.162161 0.100000 0.100000 0.100000 0.100000 0.695036 0.387772 0.197803 0.100000 0.520325 0.100000 0.100000 0.100000 0.204122 0.222450 0.100000 0.699294 0.203223 0.778039 0.236608 0.331688 0.164179 0.231133 0.100000 0.125663 1.112798 1.138457 0.168704 0.215013 0.177512 0.100000 0.174321 0.357786 0.100000 0.810954 0.465271 0.603094 0.445330 0.100000 0.100000 1.295128 0.100000 0.177270 0.203177 
0.100000 0.453297 0.540225 0.100000 0.100000 0.105040 0.767144 0.459299 0.754543 0.172704 0.737492 0.100000 1.078126 0.774070 0.501438 0.807213 0.426642 1.468347 0.100000 0.574428 0.572267 0.470259 0.628881 0.641274 1.364172 0.100000 0.645753 0.369887 0.100000 0.768382 0.378508 0.100000 0.100000 0.187646 0.100000 0.332787 0.183885 0.371768 0.832585 0.279555 1.033985 1.105689 0.839702 1.567522 0.100000 0.423668 0.381690 0.100000 1.300272 0.123183 1.355322 0.401312 0.100000 0.672210 0.343862 0.100000 0.886768 0.828128 0.470854 0.358029 1.128541 0.337240 0.100000 0.160559 0.100000 0.602243 1.328621 0.100000 
0.100000 0.100000 1.250665 0.100000 0.813820 0.298315 0.393464 0.538183 0.461455 0.847861 0.100000 0.100000 0.312970 0.320227 0.694553 0.100000 0.161417 0.100000 1.082304 1.007112 0.100000 0.100000 0.671612 0.742462 0.100000 1.232903 0.100000 0.100000 0.587431 0.872493 0.100000 0.396367 0.570908 1.048967 0.491002 0.126602 0.949940 0.100000 0.100000 0.102107 0.100000 0.100000 0.276520 1.358136 1.079666 0.416564 0.129703 0.103529 0.100000 0.221462 0.742367 0.920144 0.526529 0.202611 0.100000 0.100000 0.535186 1.477781 1.232107 0.100000 0.926887 0.100000 0.100000 0.444561 0.100000 0.543891 1.619950 0.598124 
0.217767 0.318672 1.252267 0.202982 0.829629 0.100000 0.100000 0.100000 1.217462 0.741197 0.100000 0.779554 0.174778 0.777942 0.884647 0.369989 0.344139 0.932893 0.654142 0.320830 0.275852 0.217201 1.111337 0.100000 0.102844 0.100000 0.296784 0.100000 0.541212 0.630446 0.100000 0.379445 0.100000 0.100000 0.352303 0.289605 0.736179 0.168636 0.660805 0.698454 0.365393 0.100000 1.196952 1.586663 0.339336 0.422829 0.100000 0.140288 0.733020 1.347849 1.206759 0.992225 0.894880 0.566887 0.415538 0.771666 0.895296 0.159069 0.403529 0.523347 1.056930 0.100000 0.100000 0.568450 0.307506 0.599395 0.100000 0.286661 
0.100000 0.480217 0.939768 0.100000 0.745148 0.259734 0.100000 0.488103 0.831084 0.284968 0.100000 0.152752 0.101137 0.958978 0.660242 0.785087 0.622957 0.140243 0.100000 0.487847 0.741324 0.578978 0.100000 0.100000 0.188535 0.100000 0.100000 0.569013 0.226602 0.372262 0.490530 0.100000 0.421094 0.908472 0.100000 0.216319 0.100000 0.209536 0.449332 0.308967 0.239354 0.638249 0.541669 0.373453 0.352482 0.662503 0.100000 0.100000 1.003004 0.222562 0.506981 0.476942 0.105362 0.106486 0.734166 0.752048 0.378380 0.254631 1.060161 0.574340 0.938990 0.222353 0.756834 0.522585 0.429489 0.100000 0.530126 0.100000 
0.133248 0.148282 0.910217 0.569264 0.199874 0.100000 0.104141 0.100000 0.408929 0.100000 0.100000 0.120730 0.100000 0.484089 0.603598 0.328949 0.713975 0.269350 0.396962 0.403679 0.330023 0.100000 0.647912 0.918749 0.100000 0.622889 0.288900 0.403337 0.100000 0.517141 0.100000 0.211215 0.100000 0.817039 0.104022 0.362797 0.609913 0.245679 0.272308 0.125249 0.532638 0.341536 0.595542 0.870067 0.616648 0.171776 0.100000 0.101113 0.100000 0.533526 1.005376 0.100000 0.630340 0.728826 0.126856 0.624751 0.254358 0.100000 0.955278 0.243256 0.236857 0.100000 0.100000 0.484337 0.295208 0.822710 0.100000 0.160424 
0.392449 0.138331 0.433398 0.160625 0.250619 0.160833 0.356958 0.138541 0.348355 0.752070 0.522415 0.100000 0.745026 1.034497 1.023499 0.121231 0.475374 0.492847 1.237299 0.480285 0.411491 0.197431 0.633548 0.733180 0.638799 0.163182 0.312956 0.181368 0.100000 0.231640 0.977913 0.808264 0.493055 0.614313 0.153788 0.415522 0.357683 0.133339 0.100000 0.426121 0.100000 0.840022 0.739189 0.739615 0.400611 0.599262 0.515275 1.170716 0.441820 0.100000 2.021617 0.437376 1.038568 0.179609 0.315832 1.081571 0.871814 0.301928 1.377037 0.525471 0.750944 0.447818 0.190160 0.563005 1.053284 0.337928 1.076216 0.804196 
0.100000 0.180895 0.817078 0.100546 0.929904 0.489551 0.409116 0.969399 0.297989 0.674001 0.100000 0.122105 0.768117 1.171295 0.389572 0.738298 0.436434 0.607030 0.404079 1.140385 0.706123 0.333866 1.290111 0.556364 0.652132 0.645547 0.183786 0.662797 0.396981 0.899814 0.439076 0.315818 0.100000 0.313747 0.151247 0.550473 0.469045 0.100000 0.558703 0.100000 0.683984 0.738715 0.432366 0.799159 0.543860 1.090073 0.600419 0.273277 0.100000 0.325436 0.679973 0.520644 0.660312 0.915319 0.400157 1.303995 0.528808 0.725113 1.053884 0.199216 0.904113 0.130762 0.100000 0.566113 0.635659 0.996934 0.427028 0.277932 
0.289053 0.250283 0.716849 0.100000 0.565067 0.100000 0.100000 0.100000 0.713887 0.254559 0.100000 0.100000 1.127677 0.119886 0.873482 0.245673 0.147848 0.730181 0.448141 0.100000 0.326307 0.334151 0.753368 0.107218 0.100000 0.659598 0.143874 0.555903 0.100000 0.549692 0.100000 0.326330 0.100000 0.823184 0.100000 0.100000 0.228176 0.100000 0.725829 0.100000 0.100000 0.100000 0.100000 0.677202 1.279537 0.100000 0.100000 0.100000 0.607042 0.100000 0.974554 0.249411 0.393094 0.100000 0.321003 0.563001 0.100000 0.950619 0.845403 0.100000 0.163845 0.333412 0.100000 0.338737 0.524945 0.656330 0.467410 0.100000 
0.464228 0.100000 0.788388 0.391738 0.100000 0.101540 1.252705 0.370690 0.928133 0.327442 0.153767 0.718965 0.189006 0.830594 0.100000 0.100000 0.198919 0.339402 0.439013 0.509422 0.100000 0.100000 1.157580 0.741060 0.100000 1.163811 0.100000 0.190288 1.042029 0.440806 0.671198 0.100000 0.596876 0.391492 0.100000 0.286834 0.429031 0.100000 0.252105 0.100000 0.631596 0.429517 0.100000 0.100000 0.100000 0.204771 0.100000 0.511457 1.021307 0.374185 1.305435 0.802880 0.757146 0.322972 1.209302 0.878201 0.100000 0.634585 0.587545 0.846995 0.100000 0.726380 0.100000 0.782758 1.429837 1.090433 0.832025 0.542736 
0.547609 0.100000 1.492516 0.100000 0.512301 0.644546 0.100000 1.047244 0.634404 0.563408 0.100000 0.910787 0.862541 0.100000 0.941522 0.187926 0.576246 1.020668 0.398546 0.258256 1.116787 0.750462 1.493057 0.100000 0.711034 0.100984 0.100000 0.100000 0.100000 1.005799 0.615127 1.064512 0.653558 0.833487 0.481734 0.487800 0.109683 0.105651 1.029946 0.267304 0.100000 0.689162 1.243628 0.458197 0.100000 0.100000 0.100000 0.238139 0.806050 0.197891 1.791918 0.909619 1.633565 0.920322 0.100000 0.100000 0.336759 0.432363 1.464632 0.569832 0.483263 0.100000 0.100000 0.100000 0.574328 0.888623 0.134022 0.100000 
0.748887 1.142859 0.980855 0.100000 0.309739 0.245572 0.336196 0.400535 0.790686 0.100000 0.579432 0.100000 0.862308 0.260465 0.303623 0.551266 0.128654 0.449206 0.608948 0.510905 1.630087 1.105612 0.100000 0.782608 0.719375 0.378800 0.976343 0.621590 0.100000 1.073664 0.804575 0.363161 0.100000 0.662483 0.100000 0.100000 0.935896 0.223821 0.919412 0.100000 0.349677 0.595255 0.100000 0.186609 0.100000 1.405140 0.100000 1.388681 0.100000 0.182376 1.359664 1.073493 0.100000 1.049317 0.100000 0.100000 0.338683 0.812608 1.532821 0.100000 0.380446 0.362961 0.100000 0.445525 1.024205 0.980016 0.100000 0.137061 
0.151260 0.228890 1.222987 0.100000 0.572561 0.100000 0.151791 0.100000 0.289135 0.483195 0.100000 0.350389 0.469782 0.720977 0.566393 0.414093 0.125995 0.880990 1.180560 0.410368 0.846999 0.697098 1.006790 0.711410 0.100000 0.782439 0.673331 0.540417 0.100000 0.327968 0.440313 0.588826 0.433103 0.923390 0.100000 0.690702 0.387736 0.490828 0.197700 0.286615 0.296908 0.262312 0.129223 1.090781 0.710709 0.434980 0.100000 0.865582 0.866419 0.175954 1.009253 0.448061 1.375808 0.158812 0.100000 0.641888 0.363677 0.200606 0.865257 0.310874 0.723794 0.100000 0.100000 0.667738 0.717968 0.641454 0.313360 0.114513 
0.100000 0.100000 0.214000 0.228446 0.359421 0.100000 0.100000 0.100000 0.407699 0.100000 0.100000 0.100000 0.669165 1.133094 0.463954 0.274436 0.292485 0.100000 0.254086 0.100000 0.762429 0.153129 0.932781 0.595559 0.350297 0.509858 1.116410 0.677671 0.604600 0.792786 0.100000 0.100000 0.199370 0.513954 0.352664 0.376867 0.100000 1.237215 1.376495 0.763024 0.401080 0.506936 0.713421 1.165499 0.100000 0.887196 1.265937 0.638441 1.704350 1.051322 0.724972 1.603710 0.100000 0.668934 0.100000 0.182017 0.165071 0.391062 0.531467 0.279358 0.622948 0.634453 0.100000 0.100000 1.682944 0.817515 0.779291 0.451970 
0.100000 0.100000 0.569741 0.168975 0.482811 0.100000 0.100000 0.605165 1.274154 0.522235 0.100000 0.100000 1.460521 0.704862 0.831483 0.100000 0.100000 0.100000 0.100000 1.453349 0.180996 0.822616 0.773719 0.393975 0.748053 1.015133 0.100000 0.271225 0.445295 1.632232 1.074040 0.100000 0.411767 0.691129 0.100000 0.505156 0.428763 0.100000 0.780801 0.558751 0.494668 0.362248 1.206758 0.972419 1.458773 0.524651 0.193833 0.100000 0.901168 0.427285 1.205529 0.100000 0.309198 0.100000 0.100000 1.456008 0.841654 1.435579 1.227871 0.100000 0.201686 0.122617 0.100000 0.628390 0.100000 0.794238 0.710069 0.382185 
0.102265 0.100000 0.214872 0.100000 0.350159 0.270300 0.100000 0.226131 0.135934 0.100000 0.100000 0.100000 0.236743 0.828546 0.370688 0.369524 0.100000 0.272393 0.100000 0.543270 0.867832 0.100000 1.006737 0.654064 0.100000 0.136519 0.459490 0.289388 0.457105 0.675745 0.100000 0.283093 0.100000 0.852604 0.347849 0.525121 0.100000 0.100000 0.207532 0.100000 0.100000 0.432335 0.600857 0.484097 0.100000 0.374189 0.538678 0.100000 0.460038 0.203983 0.965524 0.183132 0.227538 0.254320 0.442302 1.014559 0.484503 0.100000 0.864473 0.357546 0.647428 0.100000 0.630468 0.582061 0.450199 0.461140 0.569539 0.386438 
0.100000 0.393466 0.887150 0.294244 0.594529 0.605270 0.100000 0.389685 0.683551 0.760032 0.100000 0.100000 0.444644 0.401894 0.633937 0.228280 0.144262 0.410326 0.114701 0.588212 0.887714 0.654551 0.793997 0.629420 0.100000 0.325796 0.100000 0.501493 0.397234 0.656910 0.580752 0.186409 0.773099 0.799491 0.219670 0.345723 0.503780 0.484421 0.100000 0.138846 0.635422 0.688899 0.505422 0.653836 0.205431 0.404027 0.234835 0.675578 0.752256 0.528727 1.295660 0.148097 0.421173 0.927123 0.100000 0.683422 0.492082 0.652536 1.130476 1.127994 0.893311 0.100000 0.353266 0.668398 1.068676 0.296076 1.186643 0.748122 
0.204529 0.100000 0.944656 0.563854 0.485938 0.100000 0.100000 0.722852 0.503849 0.135626 0.224974 0.100000 1.044916 0.684088 0.351030 0.100000 0.536615 0.681758 0.429610 0.609131 0.453147 0.837644 0.578451 0.643095 0.150741 0.612592 0.151881 0.129265 0.751576 1.008776 0.133550 0.279171 0.100000 0.403799 0.144187 0.591005 0.699421 0.100000 0.181393 0.100000 0.796843 0.886964 0.764498 0.359614 0.586989 0.352298 0.498260 0.816934 0.873662 0.660007 1.090027 0.212505 0.542474 0.100000 0.504100 0.691096 0.548895 1.062579 1.062145 0.694596 0.726303 0.575124 0.868934 0.613532 1.033369 0.100000 1.088529 0.320496 
0.307239 0.565992 0.831991 0.494742 0.693451 0.171775 0.488481 0.117013 0.918851 0.597793 0.230695 0.100000 0.577769 0.668139 0.184767 0.100000 0.361010 0.349616 1.105280 1.072775 0.941685 1.097095 0.514865 1.147327 0.100000 0.733060 0.212213 0.406544 0.886196 0.626539 0.369353 0.117804 0.380734 0.983965 0.935356 0.563582 0.861059 0.663179 0.564767 0.128420 0.566500 0.246116 0.734157 0.969451 0.447729 0.817815 0.634259 0.439324 0.824373 0.340598 0.864963 0.824759 0.624582 0.513772 0.100000 0.811853 0.807324 0.693756 0.966854 0.885640 1.077529 0.586592 0.432943 0.745685 0.420498 1.058101 0.356866 0.240680 
0.100000 0.376035 0.953672 0.100000 0.100000 1.066639 0.340491 0.100000 0.934314 0.203826 0.100000 1.261882 1.234587 0.683064 0.871851 0.100572 0.878477 0.100000 0.100000 0.396048 0.544452 0.100000 1.367524 0.588962 0.100000 0.385092 0.804421 1.233030 0.280911 1.036126 1.186734 0.604257 0.100000 0.100000 0.100000 0.500014 0.238141 1.100911 0.591116 0.578690 0.925359 1.471363 0.701980 0.788289 0.288419 0.768768 0.180474 0.100000 0.100000 0.355005 1.105282 0.411528 1.245690 0.100000 0.136641 0.100000 0.304408 0.467124 0.838301 0.403814 1.019569 0.100000 0.100000 0.100000 1.214388 0.597585 0.774045 0.632484 
0.235481 0.100000 0.579050 0.118813 0.100000 0.491986 0.100000 0.427109 0.233559 0.367960 0.100000 0.145950 0.833377 0.332409 0.469112 0.123511 0.100000 0.440175 0.363203 0.414037 0.172187 0.127528 0.838055 1.105824 0.139428 0.420103 0.100000 0.664315 0.100000 0.275896 0.834809 0.320372 0.100000 0.502306 0.375385 0.349961 0.100000 0.323406 0.325844 0.100000 0.898901 0.713034 0.910836 0.637111 0.672482 0.226854 0.166974 0.100000 0.100000 0.405908 1.016788 0.100000 0.406986 0.197331 0.686762 0.354671 0.100000 0.870797 0.687881 0.785171 0.195274 0.100000 0.458310 1.029150 0.416988 0.329066 0.601206 0.432255 
