69 Number of operations
28 Number of workers
Standard production times
0.455045 0.364618 0.345373 0.429749 0.541172 0.254547 0.286077 0.397319 0.221802 0.315984 0.505748 0.684903 0.187737 0.687944 0.496185 0.493881 0.464516 0.422812 0.464564 0.351670 0.616989 0.313344 0.116989 0.570343 0.350430 0.329312 0.280224 0.391907 0.338758 0.378921 0.504882 0.419856 0.658867 0.770172 0.464796 0.285772 0.791380 0.148597 0.340580 0.506291 0.549898 0.514703 0.121764 0.458844 0.100000 0.580116 0.599102 0.376666 0.464935 0.461769 0.304092 0.102157 0.331952 0.389242 0.100000 0.450023 0.457145 0.763109 0.239238 0.347858 0.502195 0.482018 0.224494 0.100000 0.432116 0.612438 0.240154 0.334026 0.543440 
Production times: workers row and ops columns
0.100000 0.100000 0.100000 0.898852 0.100000 0.588616 0.100000 0.100000 0.100000 0.100000 0.307706 1.369240 1.147267 1.380207 1.085666 0.100000 0.451904 0.100000 0.100000 0.808047 0.748354 0.100000 0.262049 0.781227 0.520404 0.241930 0.217921 0.100000 0.987607 0.877843 1.217368 0.100000 0.690121 1.268372 0.100000 0.153404 1.145656 0.517387 0.502500 0.590056 0.661129 0.775006 0.471025 1.336459 0.450432 1.073055 0.114730 0.100000 0.407744 0.238546 0.703229 0.100000 0.100000 1.231126 0.789764 0.100000 0.600522 0.100000 0.193701 0.100000 0.317665 0.472680 0.432408 0.100000 1.104917 0.955198 0.100000 0.564302 0.858158 
0.542975 0.954188 0.771280 0.871830 0.414306 0.100000 0.100000 0.715997 0.303983 0.706009 0.853038 0.809045 0.100000 0.645417 0.931007 0.572407 0.181404 0.569969 1.282484 0.462982 0.799114 0.337059 0.100000 0.723917 0.739031 0.747706 0.300105 0.100000 1.010841 0.398665 0.750569 0.165912 0.850784 0.765095 0.512258 0.316385 0.797718 0.174853 0.533286 0.674682 0.685075 0.607289 0.632779 0.901556 0.425643 0.644797 0.865647 0.239237 0.868179 0.480212 0.100000 0.100000 0.541870 0.604100 0.100000 0.911093 0.436848 1.040074 0.136105 0.333139 0.807976 0.569371 0.100000 0.569812 0.468999 0.927798 0.100000 0.410542 0.698539 
0.385669 0.160325 0.279037 0.544412 0.456337 0.292669 0.650159 0.489727 0.338109 0.412944 0.351399 0.435057 0.418596 1.076625 0.100000 0.943638 0.633071 0.100000 0.713960 0.132902 1.048630 0.100000 0.250010 0.142260 0.568048 0.444408 0.356613 0.366935 0.473482 0.627525 0.398888 0.720745 0.100000 0.778173 0.484991 0.449032 1.276528 0.339957 0.534750 0.759442 0.626064 1.175079 0.100000 1.009858 0.430336 0.844389 1.273934 1.110690 0.713674 0.802819 0.107918 0.100000 0.100000 0.308716 0.100000 0.811438 0.474035 1.022720 0.665579 0.638110 0.569389 0.330108 0.100000 0.322888 0.908827 0.322961 0.100000 0.822046 0.471312 
0.100000 0.515906 0.250020 0.100000 0.687572 0.100000 0.100000 0.106520 0.336560 0.100000 0.100000 0.753606 0.100000 0.100000 0.342950 0.499960 0.770047 0.436037 0.178442 0.247068 0.714170 0.300749 0.399597 0.345018 0.100000 0.100000 0.156479 0.192723 0.100000 0.719847 0.100000 0.100000 0.614448 0.516756 0.421569 0.100000 0.839053 0.294585 0.198765 0.840968 0.475806 0.100000 0.256636 0.261116 0.100000 0.100000 0.298036 0.100000 0.908551 0.479105 0.100000 0.199676 0.100000 0.235471 0.100000 0.274077 0.541528 1.061005 0.297892 0.215366 0.310608 0.306830 0.100000 0.100000 0.915073 0.904761 0.373241 0.361512 0.588711 
0.593208 0.754318 0.404133 0.786296 0.746097 0.100000 0.330082 1.039286 0.100000 0.167439 0.706383 1.122715 0.373424 0.835497 0.771464 0.495037 0.731215 0.627936 0.690635 0.579842 0.400228 1.250805 0.100000 0.398638 0.611153 0.100000 0.251209 0.100000 0.260667 0.624398 0.100000 0.677412 1.148469 0.669266 0.454090 0.310579 0.921882 0.335755 0.256711 0.910787 0.289189 0.394717 0.304860 0.537450 0.100000 0.421385 0.299963 0.396300 0.158005 0.419120 0.652345 0.100000 0.502615 0.100000 0.280245 0.514865 0.554176 0.857429 0.334904 0.530873 0.271736 0.708995 0.127761 0.100000 0.782321 0.173693 0.498052 0.266776 0.100000 
0.298108 0.100000 0.100000 0.100000 0.291184 0.100000 0.170088 0.272401 0.399863 0.243062 0.100000 0.647893 0.100000 0.765732 0.827660 0.512763 0.822526 0.774459 0.364254 0.429419 0.489138 0.480914 0.216706 0.305876 0.319719 0.237775 0.547761 0.100000 0.116100 0.100000 0.404942 0.100000 0.626901 0.472080 0.100000 0.212742 0.414922 0.100000 0.498994 0.222516 0.486191 0.487795 0.742275 1.055730 0.201672 0.690995 0.713278 0.100000 0.743787 0.791091 0.168738 0.203560 0.591809 0.270125 0.100000 0.683597 0.349739 0.603114 0.100000 0.100000 0.501697 0.511949 0.326763 0.148112 0.329420 0.372143 0.203780 0.696267 0.100000 
0.100000 0.521809 0.234239 0.321792 0.398228 0.589877 0.469624 0.100000 0.435213 0.314819 0.577627 0.100000 0.100000 0.481487 0.145752 0.457709 0.256811 0.100000 0.326749 0.100000 0.466753 0.301604 0.100000 0.177970 0.322894 0.100000 0.455417 0.100000 0.535179 0.691463 0.449972 0.129045 0.296953 0.620016 0.311882 0.168543 0.679010 0.575019 0.657096 0.224507 0.242806 0.677380 0.100000 0.335181 0.100000 0.718314 0.103377 0.219256 0.267762 1.051703 0.309726 0.100000 0.184235 0.149803 0.100000 0.639681 0.292070 0.495933 0.201961 0.705934 0.632475 0.825151 0.100000 0.100000 0.310959 0.100000 0.100000 0.391329 0.297061 
0.540842 0.100000 0.100000 0.100000 0.249123 0.170930 0.100000 0.165533 0.100000 0.409016 0.100000 0.520513 0.100000 0.809583 0.520084 0.433610 0.655114 0.522910 0.183835 0.174251 0.227493 0.100000 0.100000 0.771638 0.335847 1.144332 0.859723 0.582207 0.100000 0.510403 0.553833 0.100000 0.374807 1.192945 0.218205 0.396472 0.635846 0.100000 0.100000 0.530723 0.563507 0.199653 0.100000 0.100000 0.154792 0.536826 0.901627 0.478026 0.575345 0.672321 0.351395 0.329291 0.100000 0.464364 0.148614 0.220739 0.100000 0.397254 0.289598 0.841302 0.253300 0.808153 0.166905 0.100000 0.303385 0.100000 0.100000 0.113614 0.970368 
0.247750 0.100000 0.714526 0.451159 0.675148 0.100000 1.027154 0.100000 0.509101 0.237175 0.412525 0.100000 0.343871 0.696476 1.691591 0.947864 0.167953 0.133407 0.208401 0.412545 1.459375 0.739649 0.488025 0.323694 0.100000 0.534146 0.242459 0.379242 0.100000 0.600817 1.016929 0.718210 0.556749 1.076785 0.415510 0.100000 1.489250 0.513455 0.100000 0.859991 0.100000 0.257313 0.134262 0.695899 0.100000 0.163970 0.886826 0.100000 0.100000 0.100000 0.503179 0.139699 0.100000 0.187367 0.803899 0.292590 1.632484 0.528388 0.100000 0.319501 0.560563 0.100000 0.100000 0.100000 0.100000 0.617904 0.762659 0.234691 1.242547 
0.485167 0.578645 0.530567 0.146505 0.862806 0.219528 0.100000 0.461616 0.100000 0.240714 0.444000 0.818049 0.369686 0.562843 0.100000 0.100000 0.118481 0.452588 0.100000 0.280468 0.564937 0.100000 0.230832 0.397535 0.228662 0.609318 0.100000 0.767130 0.451018 0.914199 0.243372 0.490948 0.771771 0.669985 0.340900 0.100000 0.692497 0.764722 0.135992 0.436510 0.342367 0.648536 0.100000 0.202124 0.229625 0.770091 0.342493 1.030940 0.100000 0.242223 0.331386 0.136981 0.100000 0.588309 0.100000 0.223298 0.249170 1.113880 0.100000 0.559714 0.507368 1.080429 0.100000 0.100000 0.323295 0.507416 0.459674 0.100000 0.615016 
0.315660 0.100000 0.160272 0.528425 0.360174 0.478955 0.643712 0.533153 0.442351 0.223535 0.332765 1.086396 0.100000 0.446293 0.100000 0.309996 0.419735 0.910729 0.466737 0.327537 0.266939 0.457494 0.100000 0.457288 0.722589 0.357870 0.385413 0.488360 0.292128 0.100000 0.120616 0.326999 0.212227 0.340255 0.153842 0.504069 1.022293 0.100000 0.100000 0.582641 0.467922 0.451434 0.100000 0.100000 0.100000 0.100000 0.100000 0.100000 0.361722 0.100000 0.696029 0.100000 0.100000 0.423442 0.100000 0.258647 0.781922 0.541335 0.692077 0.649581 0.693124 0.124048 0.100000 0.100000 0.449907 0.229742 0.458528 0.290416 0.300496 
0.764065 0.434490 1.128878 0.895043 0.326462 0.659169 0.230570 0.419390 0.539779 0.100000 0.452640 0.485139 0.543502 0.665149 0.293590 0.377778 0.373501 0.697520 0.266458 0.462369 0.590505 0.100000 0.281511 0.451804 0.252251 0.265997 0.179855 0.148579 0.246980 0.149180 0.773610 0.527841 1.211569 0.846083 0.903324 0.716607 1.241751 0.100000 0.119433 0.143166 1.688692 0.100000 0.100000 0.671667 0.100000 1.410778 0.409345 0.965145 0.502990 1.198277 0.439172 0.478418 0.794567 0.806673 0.550548 0.556999 0.741665 1.213959 0.154285 0.371672 0.437602 1.398871 0.100000 0.100000 0.265461 1.088289 0.515517 0.259994 0.385820 
0.343696 0.100000 0.488695 1.040410 0.790562 0.100000 0.743752 0.790754 0.480228 0.100000 0.440193 0.849990 0.477331 0.259908 0.100000 0.717275 0.751061 0.290871 0.517774 0.193406 0.671561 0.866209 0.338500 0.520056 0.408586 0.596635 0.526268 0.100000 0.605295 0.594478 0.516126 0.112170 0.727929 0.928688 0.296943 0.312536 0.435649 0.967958 0.169745 0.508747 0.829985 0.629110 0.100000 0.522141 0.113658 0.361510 0.716969 0.406578 0.519692 0.937365 0.372245 0.100000 0.307580 0.939319 0.100000 0.692939 0.672601 0.791556 0.100000 0.814449 0.536579 0.483956 0.253859 0.485347 0.592359 0.564952 0.415179 0.341795 0.622963 
0.404849 0.100648 0.310139 0.471598 1.058350 0.491788 0.451865 0.734374 0.476657 0.649294 0.958593 0.788488 0.100000 0.494596 0.100000 0.677416 0.100000 0.789993 1.162263 0.100000 0.977444 0.568470 0.381036 0.811221 0.100000 0.693009 0.547047 0.424458 0.768523 1.094063 0.318213 0.747965 1.369359 0.626075 0.918097 0.411280 1.048185 0.323570 0.258446 0.660660 0.440392 0.985643 0.100000 0.496065 0.100000 0.353078 0.100000 0.919685 0.750468 0.155290 0.100000 0.111486 0.176007 0.320654 0.100000 0.631906 0.687548 1.075349 0.100000 0.100000 0.278246 0.498377 0.100000 0.100000 0.774697 0.904821 0.470286 0.676361 0.760298 
0.167102 1.033735 0.117237 0.100000 0.100000 0.401070 0.500430 0.100000 0.475572 0.546417 0.228939 0.341045 0.427677 0.466755 0.650926 0.938348 0.199736 0.100000 0.186709 0.100000 0.173834 0.288235 0.100000 0.100000 0.277893 0.485208 0.542996 0.450464 0.119193 0.290999 0.242425 0.100000 0.680951 0.682047 0.208875 0.412288 0.418075 0.100000 0.100099 0.139235 0.453980 0.674434 0.100000 0.356036 0.100000 1.128284 0.191185 0.170222 0.100000 0.100000 0.650309 0.100000 0.100000 0.100000 0.197808 0.732961 0.199894 1.005729 0.184683 0.100000 0.672144 0.230646 0.100000 0.100000 0.245426 0.454940 0.100000 0.100000 0.298149 
0.370517 0.228287 0.100000 0.326914 0.597354 0.369625 0.175480 0.123807 0.353728 0.389995 1.439762 1.158588 0.100000 0.377813 0.100000 0.280720 0.342180 0.423312 0.100000 0.133899 0.100000 0.320088 0.100000 0.893855 0.100000 0.480546 0.100000 0.564096 0.452756 0.863869 0.494921 0.403887 0.929960 1.161471 0.423337 0.208340 0.711807 0.150939 0.162618 0.100000 0.100000 0.100000 0.100000 0.186769 0.226618 0.750256 1.335055 0.585452 0.345167 0.439405 0.764513 0.149799 0.386867 0.100000 0.100000 0.143029 0.656417 0.319673 0.116992 0.186369 0.373312 0.862049 0.102244 0.100000 0.183446 0.441494 0.571857 0.100000 0.195163 
0.720242 0.279082 0.748332 0.782882 0.494303 0.100000 0.550136 0.371372 0.100000 0.303373 1.023710 1.016752 0.100000 1.260414 0.295732 0.323455 1.056598 0.220350 0.690750 0.244116 0.891919 0.729712 0.100000 0.646827 0.180293 0.698016 0.365158 1.002055 0.742429 0.912983 0.599155 0.351254 0.976470 0.886634 0.420018 0.225728 0.400552 0.459833 0.141270 0.134141 0.295165 0.553922 0.100000 1.113360 0.657651 0.661990 0.534009 0.635846 0.735070 0.150468 0.169215 0.100000 0.100000 0.174031 0.692448 0.469132 0.235404 1.105502 0.168216 0.272714 0.243870 0.393711 0.361735 0.100000 0.435573 0.632032 0.507278 0.100000 0.522151 
0.678650 0.887838 0.886034 0.564973 0.106354 0.720757 0.815952 0.179441 0.100000 0.264377 0.245349 0.753441 0.377092 0.979392 0.770259 0.507558 0.766135 0.681042 0.721102 0.485933 1.165884 0.874107 0.105030 0.614641 0.389635 0.318117 0.622918 0.243439 0.246073 0.443466 0.422462 0.702312 0.383924 0.728379 0.157801 0.328816 0.740282 0.358429 0.469015 0.316218 0.918290 1.094252 0.443345 0.715250 0.425765 0.787957 0.788058 0.100000 1.318752 0.380494 1.011729 0.100000 0.289985 0.539188 0.100000 0.886070 0.513570 1.373612 0.100000 0.100000 1.047179 0.762095 0.308821 0.171392 0.606822 0.516000 0.406687 0.150561 1.043104 
0.100000 0.620638 0.301270 0.660928 0.404738 0.100000 0.612708 0.100000 0.100000 0.211744 0.100000 0.466159 0.125873 0.258584 0.414748 0.292536 0.276302 0.249128 0.397269 0.100000 0.370678 0.205798 0.100000 0.146876 0.100000 0.100000 0.140694 0.100000 0.234216 0.100000 0.610202 0.100000 0.915505 0.603717 0.937762 0.100000 1.256922 0.100000 0.271305 0.100000 0.547562 0.636798 0.100000 0.100000 0.100000 0.428461 0.364452 0.141263 0.585677 0.887345 0.792713 0.100000 0.100000 0.697656 0.745988 0.352800 0.269665 0.771980 0.406551 0.391724 0.258859 0.100000 0.265517 0.100000 0.386818 0.288950 0.100000 0.485003 0.375971 
0.448355 0.177278 0.100000 0.512938 0.513777 0.490789 0.233935 0.100000 0.492696 0.406449 0.725980 0.652361 0.895379 0.379324 0.100000 0.732282 0.643853 0.766628 0.283848 0.617632 0.100000 0.100000 0.100000 0.482143 0.737635 0.232525 0.501474 0.284065 0.497244 0.100000 0.114029 0.780351 0.619381 0.960532 0.298375 0.423443 0.587277 0.100000 0.410969 0.305414 0.483516 0.349332 0.212439 0.100000 0.100000 0.506481 0.100000 0.376696 0.100000 0.787662 0.176131 0.100000 0.405188 0.100000 0.100000 0.231899 0.100000 0.840754 0.131545 0.298387 0.634786 0.100000 0.141400 0.539643 0.362860 0.100000 0.420119 0.157453 0.271910 
0.850020 0.955616 0.100000 0.100000 0.349481 0.293807 0.408976 0.163851 0.887128 0.100000 0.112944 0.171634 0.610776 1.416019 0.718735 0.393354 0.100000 0.587289 0.100000 0.100000 0.658319 0.505547 0.100000 0.657972 0.246100 0.100000 0.100000 0.406772 0.164805 0.449913 0.686259 0.383713 0.893058 0.414488 0.599746 0.756996 0.884039 0.410622 0.746561 1.021301 0.841892 1.253591 0.100000 0.658336 0.371574 0.972088 0.324365 0.100000 0.212824 0.791612 0.100000 1.126942 0.100000 0.875533 0.100000 0.100000 0.567794 0.100000 0.100000 0.755046 1.458001 1.381686 1.078234 0.491016 0.100000 0.802193 0.477570 0.583373 1.378325 
0.558046 0.100000 0.100000 0.230219 0.616957 0.469625 0.369521 0.828249 0.765176 0.325005 0.504932 0.973673 0.100000 0.759979 1.345353 0.785533 0.649852 0.439044 0.406431 0.312508 0.100000 0.228269 0.348428 0.732304 0.449155 0.629393 0.877572 0.100000 0.100000 0.271112 0.698955 0.689103 1.081028 0.316758 0.506477 0.319316 1.163402 0.163055 0.136052 0.448081 1.140332 0.998019 0.158005 0.554215 0.100000 0.752333 0.195378 0.262938 0.762291 0.861860 0.387627 0.100000 0.100000 1.260763 0.164530 0.100000 0.149140 0.455803 0.270593 0.248934 0.781786 0.402953 0.749064 0.809560 0.100000 0.839244 0.224250 0.679760 0.927897 
0.672927 0.218260 0.680273 0.485923 0.601446 0.920046 0.103161 0.835638 0.120746 0.629443 0.100000 0.785588 0.153091 0.616128 1.056109 0.484651 0.601119 0.485154 0.862793 0.432523 0.461828 0.448210 0.261801 0.777290 0.209033 0.318397 0.614118 0.185222 0.531679 0.325796 0.475761 0.506608 1.033161 0.723834 0.491450 0.290229 0.847428 0.461703 0.100000 0.100000 0.441705 0.600223 0.172832 0.331897 0.100000 0.331846 1.186846 0.200335 0.674220 1.156470 0.646633 0.360070 0.592297 0.328975 0.100000 0.454208 0.550937 0.760345 0.317129 1.276487 0.938652 0.929738 0.100000 0.100000 0.389380 0.418180 0.100000 0.538564 0.759638 
1.387223 0.100000 0.778596 0.100000 0.498225 0.100000 0.100000 0.100000 0.100000 0.100000 0.327571 0.778400 0.101877 0.712537 0.715294 0.524793 0.683766 0.422889 0.730845 0.624212 0.257703 0.646018 0.100000 0.537384 0.100000 0.100000 0.130386 0.283522 0.752645 0.146597 0.753573 0.179636 0.935276 1.105637 0.100000 0.233891 0.675127 0.100000 0.217605 0.756565 0.134712 0.950073 0.100000 0.203040 0.100000 0.100000 0.333579 0.276020 0.480348 0.788237 0.100000 0.100000 0.100000 0.626514 0.100000 0.226389 0.100000 1.202680 0.816136 0.100000 0.576163 0.100000 0.100000 0.100000 0.181305 0.610582 0.154656 0.100000 0.448952 
0.639726 0.716160 0.100000 0.229143 1.051262 0.511611 0.657993 0.463289 0.100000 0.614470 0.817588 1.149921 0.242909 1.247848 0.684824 0.106093 0.661334 1.066818 0.194452 0.458605 0.584259 0.447886 0.167395 1.285711 0.100000 0.495296 0.372966 0.455849 0.521435 0.909305 0.593909 0.923701 0.751143 1.209876 0.947186 0.908585 1.109434 0.760020 0.352131 0.861397 0.100000 0.255734 0.735342 0.507617 0.100000 0.506840 0.900755 0.377164 0.844332 0.916406 0.284736 0.176971 0.821117 0.100000 0.100000 1.086588 0.505867 1.078748 0.417933 0.415970 0.738035 0.706630 0.100000 0.401278 0.981301 0.863499 0.816093 1.028095 0.100000 
0.708648 0.360445 0.660111 0.292153 0.100000 0.800608 0.239787 0.100000 0.270540 1.144364 0.947077 0.717288 0.100000 1.038892 0.100000 0.100000 0.100000 0.498393 0.675224 0.878699 0.837149 0.293419 0.100000 0.106273 1.257829 0.606761 0.100000 1.057102 0.100000 0.779424 1.838899 0.491033 0.317296 0.308992 0.846246 1.003700 0.665051 0.100000 0.100000 0.100000 0.296210 0.100000 0.100000 1.103021 0.572059 0.100000 0.653448 0.100000 0.317927 0.288058 0.569213 0.515854 0.166769 0.100000 0.100000 0.100000 0.100000 0.318467 1.254263 0.685240 0.100000 0.720149 0.310450 0.100000 0.100000 0.100000 0.848695 0.611864 0.840348 
0.536874 0.100000 0.458760 1.144086 0.204474 0.227465 0.100000 0.100000 0.100000 0.586106 0.100000 0.166722 0.177194 1.035571 0.561423 0.327931 0.872380 0.235780 0.421761 0.100000 1.274744 0.194614 0.100000 0.686050 0.382194 0.100000 0.328163 0.470646 0.256058 1.050885 0.755522 0.100000 0.495299 0.662138 0.100000 0.459371 0.502631 0.100000 0.100000 0.272342 0.100000 0.176157 0.151653 0.587680 0.100000 0.181464 0.494748 0.100000 0.100000 0.757566 0.303607 0.100000 0.247796 0.328022 0.100000 0.367472 0.298624 0.589096 0.145260 0.528562 0.176613 0.100000 0.111171 0.196358 0.380301 0.927368 0.798778 0.293295 0.784515 
0.100000 0.100000 0.100000 0.172407 0.141161 0.123682 0.393591 0.100000 0.392926 0.698293 0.139418 1.791312 0.127745 0.457708 0.100000 0.100000 0.497504 0.436626 0.100000 0.245945 0.100000 0.964705 0.100000 0.775126 0.100000 0.238777 0.134049 0.873772 0.368093 0.620712 0.100000 0.100000 0.100000 1.108557 0.594232 1.200714 0.189342 1.077654 0.100000 0.897953 1.145907 0.931496 0.355662 0.760320 0.264195 0.545251 0.109152 0.343822 0.286699 0.237303 0.484399 0.100000 1.147231 0.132159 0.100000 0.136580 0.848293 0.100000 0.100000 0.976208 0.100000 0.173095 0.170267 0.100000 1.159609 0.827183 0.100000 1.069187 0.736826 
