87 Number of operations
27 Number of workers
Standard production times
0.436826 0.198809 0.331604 0.391055 0.455688 0.283821 0.369697 0.170513 0.277800 0.162097 0.574453 0.396892 0.633336 0.100000 0.551241 0.100000 0.330241 0.100000 0.539262 0.512992 0.495972 0.340811 0.315938 0.228077 0.318417 0.649516 0.100000 0.100000 0.538062 0.585624 0.717307 0.480261 0.146062 0.493841 0.660772 0.646257 0.445896 0.454722 0.266643 0.360484 0.497204 0.572092 0.100000 0.238532 0.100000 0.618461 0.282133 0.597837 0.392383 0.644536 0.657231 0.431644 0.169275 0.413947 0.588501 0.278597 0.308175 0.396599 0.569202 0.402256 0.238324 0.288863 0.302463 0.464080 0.450278 0.274325 0.171269 0.118233 0.100000 0.577667 0.456585 0.653838 0.442652 0.454075 0.641237 0.267259 0.435319 0.449011 0.525447 0.328855 0.654341 0.435189 0.258507 0.273181 0.373264 0.127782 0.139955 
Production times: workers row and ops columns
0.446764 0.946254 0.693890 0.102994 0.531766 0.553167 0.839738 0.315209 0.218625 0.100000 0.867972 0.590810 0.578342 0.143279 0.526381 0.417397 0.223253 0.345924 0.894718 0.758867 0.345700 0.844309 0.212474 0.456008 0.192417 0.226283 0.267725 0.286111 0.614830 0.768445 0.622784 0.359022 0.195635 1.166624 1.005216 0.590259 0.713510 0.411212 0.229465 0.718269 0.439625 0.169401 0.100000 0.365056 0.238402 1.090946 0.167325 0.917277 0.620173 0.699832 1.007984 0.679280 0.100000 0.835452 0.322230 0.396482 0.408909 0.623990 0.451572 0.491773 0.296138 0.687989 0.163689 0.585904 0.471905 0.100000 1.074103 0.196867 0.100000 1.100255 0.235409 0.865099 0.801502 0.359546 0.611970 0.205178 0.496511 0.100000 0.254756 0.386619 1.066026 0.724712 0.877333 0.581397 0.319925 0.190929 0.100000 
0.100000 0.179987 0.425953 0.122943 0.179138 0.100000 0.231368 0.144964 0.311534 0.100000 1.071000 0.655409 0.504765 0.100000 0.354765 0.100000 0.224653 0.145059 0.669952 0.822865 0.740152 0.207742 0.332413 0.100000 0.100000 1.122764 0.100000 0.597221 0.333352 0.561472 0.944130 0.387438 0.164000 0.321426 0.418114 0.496524 0.150981 0.844136 0.116334 0.777285 0.100000 0.477618 0.168585 0.100000 0.328396 0.710369 0.100000 0.628340 1.135946 0.620135 0.647082 0.199647 0.109325 0.100000 0.429014 0.915873 0.528340 0.489025 0.800379 0.866783 0.316400 0.810126 0.523403 0.414036 0.866121 0.100000 0.100000 0.100000 0.100000 0.430850 0.164948 0.357514 1.156230 0.542318 0.525052 0.561809 0.264118 0.614613 0.530692 0.716827 0.128379 0.564905 0.195182 0.100000 0.592890 0.100000 0.525726 
0.248593 0.507454 0.455741 0.762414 0.100000 0.406240 0.281222 0.355311 0.363653 0.447070 0.423164 1.048637 1.428094 0.137515 0.646749 0.286267 0.809467 0.769070 0.277521 0.428460 0.277325 0.106977 0.100000 0.436918 0.100000 1.200494 0.472496 0.100000 0.329000 0.501909 1.237297 0.325379 0.100000 0.579014 0.872789 0.549079 1.031726 0.626859 0.502555 0.203824 0.585285 0.625136 0.100000 0.424829 0.100000 0.709825 0.100000 1.303732 0.590262 1.002944 1.032934 0.134297 0.100000 0.415074 0.957646 0.405907 0.643805 0.777589 0.221483 0.588561 0.928266 0.217703 0.100000 0.494509 0.410877 0.499839 0.100000 0.245448 0.100000 0.933856 1.032645 1.143202 0.100000 0.649834 0.100000 0.452215 0.516011 0.250273 0.728585 0.470259 1.036192 0.573381 0.429015 0.100000 0.125347 0.100000 0.329008 
0.490754 0.100000 0.681871 0.100000 0.283799 0.260345 0.200248 0.219187 0.100000 0.488199 0.378576 0.631675 0.524245 0.447457 0.100000 0.155039 0.100468 0.100000 0.797104 0.100000 0.100000 0.100000 0.292254 0.100000 0.247395 0.163647 0.100000 0.100000 0.552242 0.297700 0.469694 0.367708 0.100000 0.100000 0.431742 0.571746 0.675230 0.968621 0.366740 0.284212 0.107775 0.498808 0.233669 0.517925 0.100000 0.589383 0.426814 1.056080 0.369060 0.382085 0.350351 0.224412 0.100000 0.561908 0.809292 0.396054 0.565831 0.160469 0.583303 0.186857 0.151422 0.556359 0.193543 0.100000 0.274433 0.100000 0.100000 0.100000 0.288187 0.981940 0.209883 0.854599 0.696119 0.100000 0.529428 0.153921 0.387035 0.100000 0.320704 0.546201 0.933002 0.884597 0.100000 0.734034 0.473035 0.100000 0.268438 
0.260686 0.458347 0.280342 0.995175 0.583968 0.142569 0.852180 0.298624 0.100000 0.800734 0.370280 0.100000 0.363549 0.100000 0.274637 1.030439 0.100000 0.104209 0.100000 0.207316 1.255318 0.788989 0.100000 0.231187 0.100000 0.257413 0.100000 0.100000 0.701037 0.884021 0.961428 0.395543 0.100000 0.460286 0.198625 1.086907 0.724118 0.828167 0.100000 0.100000 0.976152 1.185252 0.100000 0.307490 0.696626 0.100000 1.165975 0.423321 0.100000 1.330365 0.804497 0.105075 0.609169 0.100000 1.496154 0.100000 0.451167 0.197291 0.787318 0.846219 0.100000 0.682044 0.155447 0.120150 0.338256 0.100000 0.100000 0.592800 0.100000 1.148434 0.672464 0.140854 0.100000 0.110454 0.773300 0.271666 0.100000 0.955417 0.100000 0.100000 0.717988 1.532070 0.465474 0.100000 0.669592 0.469480 0.608883 
0.296908 0.334274 0.556186 0.970526 1.182583 0.163900 0.312806 0.251441 0.302868 0.407834 0.820174 0.574261 1.136558 0.152447 0.335999 0.100000 0.121799 0.100000 0.100000 0.811949 0.651553 0.313973 0.148971 0.100000 0.142501 1.303888 0.100000 0.242543 0.861154 0.726464 0.722266 0.810683 0.100000 0.760505 1.189981 0.433844 0.299946 0.595504 0.663515 0.862229 0.801392 0.471241 0.100000 0.411425 0.319477 0.388295 0.400070 0.797508 0.805902 0.447368 0.924321 0.180861 0.141300 0.490464 1.143876 1.372888 0.484239 0.645187 0.971465 0.100000 0.568023 0.100000 0.891197 0.997128 0.700740 0.132315 0.771677 0.296139 0.233073 0.851530 0.100000 0.882388 0.841485 0.655776 0.784814 0.100000 0.728386 0.609152 0.628166 0.259894 1.011192 0.909344 0.474951 0.642206 0.871071 0.704230 0.307650 
0.231893 0.100000 0.338477 0.667038 0.924779 0.100000 0.444626 0.100000 0.909782 0.100000 0.753414 0.100000 0.484198 0.100000 1.403724 0.279682 0.247019 0.100000 0.234112 0.797345 1.328935 0.100000 0.100000 0.140183 0.100000 0.100000 0.109655 0.475521 0.100000 0.691104 1.199644 0.970425 0.100000 1.646216 0.938328 0.240724 0.938046 0.100000 0.714278 0.100000 0.892476 0.280311 0.666144 0.608871 0.323604 0.647777 0.825641 0.100000 0.608660 0.851253 0.938306 0.844758 2.020505 0.472338 0.990750 0.354781 1.094509 0.100000 1.418176 0.100000 0.100000 0.100000 0.215204 0.561203 0.427332 0.682734 0.153681 0.100000 0.100000 0.821339 0.961706 0.443502 0.100000 0.100000 1.478017 0.100000 0.103027 0.100000 0.865889 0.100000 0.219825 0.100000 0.204608 0.773655 0.299297 0.568892 0.227668 
0.510744 0.288295 0.348825 0.904158 0.699615 0.100000 0.434007 0.132531 0.520266 0.252255 0.781742 0.100000 0.823132 0.756806 0.100000 0.900466 0.478778 0.100000 0.100000 1.056791 0.100000 0.100000 0.588890 0.100000 0.100000 0.100000 0.100000 0.394268 0.739565 0.789326 0.545217 0.550496 0.100000 1.492679 0.758135 0.100000 0.100000 1.255373 0.100000 0.141637 0.699017 0.100000 0.633302 1.078074 0.100000 1.183109 0.100000 0.100000 0.515225 0.763502 0.359214 0.852656 0.100000 0.100000 0.100000 0.657779 0.710126 0.730069 0.100000 0.468640 0.467151 0.100000 0.100000 0.787011 0.802105 0.401942 0.442307 0.280281 0.174959 0.523039 0.100000 0.531064 0.241195 1.612963 0.771357 0.261912 0.319330 0.391409 0.389313 0.601208 0.639618 0.840728 0.100000 0.448299 0.811842 0.100000 0.223840 
0.236401 0.100000 0.100000 0.635702 0.100000 0.100000 0.467071 0.100000 0.466781 0.192362 0.653880 0.247691 0.168132 0.100000 0.888285 0.100000 0.100000 0.474649 0.249842 0.341604 0.324873 0.199573 0.100000 0.100000 0.604064 0.777844 0.100000 0.100000 0.538153 0.451738 0.504949 0.693083 0.100000 0.753719 0.600249 0.710779 0.421907 0.608564 0.100000 0.100000 0.631676 0.524622 0.100000 0.543416 0.363229 0.950892 0.206042 0.602997 0.177920 0.252688 0.576873 0.384597 0.100000 0.862855 0.100000 0.100000 0.100000 0.683961 0.392225 0.204775 0.100000 0.100000 0.100000 0.668741 0.532945 0.471335 0.100000 0.771808 0.100000 0.100000 0.268952 0.594974 0.569554 0.100000 0.718493 0.679615 0.100000 0.126961 0.100000 0.301137 0.811565 0.565271 0.408594 0.598025 0.311497 0.313614 0.100000 
0.560359 0.319242 0.100000 0.676907 1.143214 0.485589 0.100000 0.100000 0.960483 0.100000 0.619112 0.267444 0.659847 0.648185 0.281844 0.100000 1.056109 0.211507 0.902127 0.503303 0.884784 0.973180 0.999101 0.100000 0.142341 0.846950 0.203586 0.382898 0.182593 0.100000 0.942317 0.870884 0.467570 1.323563 1.086886 0.452090 0.938609 0.412254 0.894286 0.479478 0.723960 0.685953 0.127253 0.100000 0.128870 0.100000 0.531035 1.093796 1.417935 0.831575 0.298983 0.100000 1.143161 0.100000 1.036262 0.100000 0.282431 0.738211 0.731820 0.381486 0.100000 0.100000 0.806778 0.681945 0.369983 0.377738 0.100000 0.629378 0.730487 0.187742 0.507596 1.177962 0.121738 1.471364 1.396551 0.127821 0.924705 1.280109 0.100000 0.638467 0.582166 0.326920 0.613661 0.100000 0.100000 0.100000 0.130087 
0.100000 0.287479 0.224441 0.245277 0.346449 0.570615 0.428833 0.100000 0.100000 0.423503 0.300362 0.178471 0.525817 0.100000 0.721951 0.100000 0.665653 0.100000 0.100000 0.497671 0.100000 0.402016 0.448025 0.100000 0.101748 0.834139 0.100000 0.100000 0.542347 0.953612 0.466385 0.390666 0.385664 0.100000 0.480085 0.100000 0.100000 0.941813 0.230027 0.705530 0.324781 0.634227 0.100000 0.100000 0.100000 0.556961 0.642114 0.438788 0.406335 0.467459 0.600692 0.100000 0.396702 0.157684 0.500961 0.114352 0.503570 0.453098 0.473100 0.354756 0.241356 0.415826 0.354551 0.749642 0.835805 0.358649 0.100000 0.542585 0.644973 0.368437 0.232385 0.100000 0.576425 0.100000 1.090078 0.100000 0.357038 0.551356 0.304761 0.100000 0.629111 0.176912 0.100000 0.161367 0.106069 0.100000 0.276011 
0.241308 0.281776 0.100000 0.847689 0.100000 0.762041 0.100000 0.100000 0.100000 0.668973 0.708715 0.100000 0.345970 0.768373 0.517525 0.375437 0.100000 0.100000 0.816928 1.657264 0.216497 0.626003 0.100000 0.842135 0.100000 0.419320 0.100000 0.100000 0.617022 1.260178 0.115082 0.955464 0.100000 0.333474 0.169739 0.100000 0.100000 1.248094 0.100000 0.121468 1.027924 0.100000 0.297993 0.100000 0.167320 1.024894 0.179376 0.472669 0.728686 0.936764 0.270768 0.311074 0.100000 1.033114 0.100000 0.345218 1.154720 0.773515 0.398542 0.100000 0.100000 0.725303 0.450740 0.440962 1.733712 0.100000 0.100000 0.100000 0.191656 0.715813 0.304003 1.006144 0.696295 0.286172 0.100000 0.643683 0.100000 0.100000 0.428025 0.100000 0.220861 0.435442 0.100000 0.392570 0.100000 0.100000 0.100000 
0.396067 0.100000 0.100000 0.207068 0.373145 0.496808 0.230967 0.100000 0.100000 0.633575 0.164021 0.100000 0.462724 0.100000 0.748237 0.100000 0.352452 0.100000 0.262846 0.646668 0.644106 1.068873 0.523518 0.100000 0.223796 0.420230 0.308336 0.100000 0.565796 0.371237 0.781844 0.800957 0.100000 0.100000 0.233391 0.997908 0.395685 0.249484 0.100000 0.558999 0.467368 0.422148 0.100000 0.100000 0.100000 0.674275 0.548401 0.100000 0.100000 0.499556 0.565412 0.100000 0.100000 0.177263 0.339292 0.100000 0.166090 0.545610 0.675073 0.463876 0.204705 0.100000 0.100000 0.555733 0.368445 0.398022 0.134794 0.100000 0.116369 0.100000 0.292792 0.361399 0.580229 0.136508 0.594795 0.100000 0.460678 0.547047 0.344859 0.242047 0.588646 0.548766 0.100000 0.165655 0.125418 0.100000 0.100000 
0.249545 0.100000 1.083303 0.100000 0.792179 0.434337 0.100000 0.119839 0.100000 0.100000 0.873927 1.282319 0.987253 0.100000 0.336531 0.812289 0.381611 0.944909 0.137008 0.194432 0.100000 0.108767 0.904935 0.100000 0.696035 0.838880 0.454365 0.100000 0.509255 1.615031 0.100000 0.820123 0.866922 0.683904 1.448906 0.100000 0.251470 0.100000 0.100000 0.262379 0.693882 0.100000 0.491961 0.100000 0.534782 0.445107 0.100000 0.100000 0.100000 0.100000 0.661910 1.037768 0.507559 0.100000 0.100000 0.100000 0.100000 0.247743 0.163934 1.626418 0.100000 0.382143 1.166795 0.192775 0.100000 1.048153 0.100000 0.100000 0.100000 0.707439 0.774242 0.520242 1.467825 0.282669 0.572516 0.100000 0.987279 0.391572 0.266010 1.116098 1.245644 0.885587 0.100000 0.100000 0.201181 0.100000 0.100000 
0.472827 0.203726 0.600511 0.159339 0.604731 0.239518 0.300166 0.161946 0.578747 0.325280 0.417070 0.577500 0.756250 0.308277 0.556324 0.487107 0.532854 0.100000 0.241471 0.178236 0.707239 0.223789 0.302709 0.299906 0.782510 1.402836 0.161410 0.796858 0.800140 1.046099 0.730550 0.203858 0.389913 0.981332 0.288428 0.726355 0.610342 0.733168 0.100000 0.290728 0.875891 1.215078 0.229691 0.632375 0.250281 0.847575 0.264538 0.627868 0.318181 0.773402 1.088628 0.587850 0.465711 0.319902 0.903304 0.100000 0.100000 0.393593 0.118230 0.670847 0.398742 0.110652 0.428797 0.106021 0.274815 0.255792 0.100000 0.531165 0.100000 0.983706 0.510270 0.845589 0.265848 0.459674 0.612381 0.436295 0.947856 0.378077 0.574804 0.535879 1.012130 0.500577 0.242094 0.196454 0.474694 0.299858 0.100000 
0.443573 0.100000 0.459435 0.282968 0.182809 0.396382 0.483606 0.254269 0.378097 0.100000 0.535715 0.391387 0.569930 0.100000 0.445606 0.105575 0.378872 0.100000 0.449045 0.100000 0.100000 0.100000 0.147209 0.615968 0.744205 0.210933 0.195599 0.378276 0.346898 0.100000 1.044855 0.273042 0.100000 0.908190 0.702567 0.800697 0.828425 0.311890 0.100000 0.500292 0.401672 0.700656 0.126943 0.100000 0.100000 0.426894 0.121219 0.495724 0.408349 0.618107 0.186027 0.533326 0.100000 0.992196 0.271897 0.173524 0.623493 0.249935 0.101356 0.100000 0.236514 0.326086 0.464998 0.459328 0.219227 0.329798 0.517519 0.100000 1.087586 0.365761 0.746429 1.134292 0.630396 0.458628 0.771999 0.581912 0.100000 0.500247 0.316552 0.100000 0.601950 0.400922 0.318491 0.100000 0.622467 0.100000 0.100000 
0.100000 0.261266 0.100000 0.663175 0.100000 0.932719 0.745001 0.100000 0.100000 0.100000 0.100000 1.018124 1.012100 0.100000 1.495257 0.100000 0.100000 0.644776 1.192456 0.516528 0.100000 0.959631 0.100000 0.219542 0.554194 0.802990 0.100000 0.100000 0.915715 0.100000 0.883620 0.616121 0.410527 0.310406 0.772119 1.044922 0.100000 0.483044 0.458590 0.100000 0.100000 1.365465 0.621423 0.100000 0.463336 0.824957 0.987622 1.171767 0.100000 0.496806 1.349180 1.253118 0.100000 0.100000 0.719258 0.100000 0.302339 0.100000 0.955003 0.690445 0.470683 0.100000 0.100000 0.100000 0.700781 0.100000 0.502518 1.007827 0.100000 0.486329 0.951333 1.113857 0.135618 0.368862 0.704911 0.137236 0.727992 0.617722 1.183164 0.100000 1.251113 0.848365 0.196487 0.486448 0.866738 0.283314 0.100000 
0.130871 0.100000 0.100000 0.100000 0.415971 0.425455 0.346637 0.511183 0.154975 0.100000 0.260488 0.100000 0.446293 0.417182 0.100000 0.170873 0.232074 0.257961 0.305789 0.638995 0.255623 0.439872 0.100000 0.286746 0.453139 0.100000 0.267298 0.100000 0.748475 0.498904 0.838542 0.507909 0.100000 0.875296 0.943387 0.257966 0.534277 0.512502 0.100000 0.100000 0.802513 0.373802 0.293497 0.731456 0.167992 0.275170 0.500246 0.108649 0.100000 1.446576 0.341945 0.460199 0.100000 0.300968 0.572343 0.100000 0.100000 0.518422 0.752459 0.426223 0.100000 0.329613 0.100000 0.154044 0.371454 0.878904 0.100000 0.351230 0.100000 0.100000 0.103174 0.522876 0.220697 0.452354 0.263240 0.100000 0.656192 0.358587 0.189200 0.247732 1.123920 0.179258 0.100000 0.472274 0.880732 0.423454 0.100000 
0.100000 0.493443 0.192957 0.457193 0.313774 0.701350 0.304427 0.100000 0.231932 0.100000 0.534224 0.279956 0.100000 0.100000 0.100000 0.100000 0.343491 0.343939 0.540874 0.100000 0.100000 0.478196 0.125452 0.100000 0.100000 0.100000 0.664434 0.100000 0.378743 0.140139 1.073689 0.270797 0.100000 0.402952 0.552069 0.966218 0.100000 0.537008 0.100000 0.130837 0.204399 0.591971 0.100000 0.100000 0.159307 0.337497 0.100000 0.600963 0.308980 0.433890 0.563038 0.100000 0.315341 0.100000 0.100000 0.294346 0.100000 0.100000 0.391051 0.500534 0.100000 0.100000 0.100000 0.461139 0.180995 0.229326 0.461259 0.100000 0.100000 0.179763 0.110204 0.162431 0.100000 0.159966 0.621599 0.292012 0.185329 0.424111 0.100000 0.827274 1.274065 0.278400 0.288536 0.181550 0.485276 0.100000 0.100000 
0.757669 0.100000 0.515816 0.193825 0.303791 0.657449 0.931726 0.203376 0.230584 0.330858 0.490043 0.100000 0.706340 0.100000 0.758892 0.100000 0.466158 0.100000 0.393515 0.761788 0.983146 0.670636 0.509914 0.100000 0.567969 0.767726 0.100000 0.568518 0.386198 1.190980 0.601958 0.356117 0.195027 0.176825 0.598522 0.748154 0.100000 0.284176 0.100000 0.306759 0.916489 0.519653 0.121327 0.383574 0.100000 0.764045 0.203951 0.481562 0.100000 0.532525 1.044643 0.871078 0.158180 0.512482 0.539689 0.100000 0.100000 0.985808 0.352119 0.544598 0.782912 0.254600 0.334382 0.625925 0.426484 0.433417 0.155125 0.543171 0.332854 0.310258 0.145932 0.550134 0.349320 0.322852 1.009931 0.142717 0.390651 0.584112 0.100000 0.551455 0.921959 0.948585 0.100000 0.229353 0.532148 0.111391 0.100000 
0.583050 0.100000 0.501813 0.100000 0.930759 0.107173 0.100000 0.562352 0.828313 0.100000 1.070121 1.204687 0.763691 0.100000 0.835332 0.632535 0.100000 0.935824 0.443049 0.455360 1.045467 0.447745 0.942384 0.225302 0.515835 0.664367 0.222636 0.394790 0.783034 0.438198 1.188940 0.440415 0.750332 0.805963 0.620165 0.284421 0.470649 1.151596 0.366162 0.850441 0.458677 0.419404 0.100000 0.100000 0.259789 0.639927 0.259545 0.990011 0.100000 1.494023 0.100000 0.558172 0.100000 0.278279 1.166806 0.100000 0.397280 0.450159 0.657492 0.528079 0.637615 0.534078 0.488875 0.908110 0.779476 0.207973 0.100000 0.512644 0.100000 1.396560 0.173471 0.100000 1.005040 0.100000 0.100000 0.851405 0.100000 1.102062 0.100000 0.527323 0.760307 0.100000 0.244953 0.100000 0.430051 0.387134 0.922277 
0.261681 0.100000 0.873542 0.504457 0.580064 0.100000 0.100000 0.100000 0.117389 0.204689 1.290722 0.100000 0.405953 0.184061 0.528009 0.331965 0.139121 0.100000 1.061342 0.540055 0.100000 0.131867 0.191662 0.100000 0.443845 0.587569 0.100000 0.100000 0.923109 0.452558 0.374834 0.100000 0.100000 0.590371 0.996448 0.185123 0.100000 0.352076 0.139627 0.506074 0.170822 0.491146 0.100000 0.100000 0.100000 0.371335 0.327908 0.850980 0.100000 1.036248 0.319217 0.192006 0.394463 0.100000 0.100000 0.100000 0.220410 0.609521 0.787057 0.100000 0.352431 0.100000 0.638745 0.270786 0.658489 0.100000 0.294835 0.100000 0.100000 0.100000 0.304908 0.308986 0.100000 0.418524 0.769964 0.195066 0.421400 0.559334 0.785214 0.528795 0.669816 0.929009 0.100000 0.407794 0.100000 0.740178 0.100000 
0.378297 0.507581 0.168017 0.100000 0.100000 0.100000 0.876653 0.113909 0.690733 0.303309 0.331903 0.100000 0.466912 0.177093 0.376313 0.100000 0.394068 0.100000 0.100000 0.302284 0.554683 0.100000 0.100000 0.100000 0.132467 0.496073 0.100000 0.100000 0.429370 0.278487 0.314979 0.100000 0.100000 0.189317 0.583117 0.648200 0.334474 0.402963 0.100000 0.479396 0.621438 0.656788 0.100000 0.100000 0.100000 0.102880 0.100000 0.100000 0.100000 0.693343 0.703819 0.564557 0.100000 0.304497 0.631170 0.100000 0.100000 0.953310 0.826203 0.664259 0.151785 0.100000 0.215429 0.439943 0.100000 0.100000 0.231098 0.463160 0.176054 0.350862 0.100000 1.158674 0.375986 0.581074 0.548373 0.100000 0.984679 0.547910 0.790601 0.100000 0.543793 0.743362 0.100000 0.100000 0.100000 0.100000 0.286842 
0.317160 0.100000 0.687169 0.672863 0.700777 0.100000 0.299527 0.458470 0.100000 0.100000 0.400862 0.100000 0.596720 0.296096 0.649352 0.447538 0.257245 0.100000 0.381393 0.201363 0.100000 0.100000 0.189004 0.100000 0.248696 0.571463 0.190307 0.100000 0.100000 0.194772 1.190015 0.604561 0.100000 0.330848 0.533482 0.403789 0.403627 0.559913 0.532001 0.150782 0.309083 0.371766 0.100000 0.457062 0.100000 1.180552 0.348572 0.831168 0.100000 0.431908 0.399845 0.345774 0.100000 0.463895 0.100000 0.293206 0.516485 0.282105 0.421506 0.255942 0.100000 0.273792 0.482468 0.566854 0.810977 0.213797 0.100000 0.100000 0.100000 0.378110 0.197090 1.108540 0.519952 0.914170 0.100000 0.279998 0.666950 0.470049 0.311641 0.304811 0.610213 0.400652 0.264376 0.483790 0.368415 0.142362 0.100000 
0.503390 0.100000 0.436304 0.227616 0.644626 0.100000 0.288211 0.100000 0.100000 0.411286 0.622265 0.344516 0.937803 0.100000 0.481852 0.367021 0.997003 0.100000 0.960272 0.502636 0.195094 0.429082 0.622934 0.224329 0.395275 0.263307 0.100000 0.105404 0.100000 0.488807 0.441876 0.441002 0.315774 0.100000 0.520464 0.504159 0.748070 0.373915 0.100000 0.100000 0.932757 0.205582 0.100000 0.215889 0.100000 0.272193 0.100000 0.224644 0.486477 0.606680 0.100000 0.758594 0.100000 0.100000 0.966674 0.316924 0.185395 0.742594 0.446957 0.406032 0.100000 0.152799 0.181361 0.692959 0.162953 0.114581 0.100000 0.100000 0.206342 0.359352 0.250548 0.732227 0.240613 0.379578 0.453582 0.100000 0.513200 0.786715 0.771344 0.240577 0.625624 0.442570 0.600161 0.520701 0.161069 0.100000 0.100000 
0.152554 0.100000 0.177978 0.100000 0.448763 0.100000 0.100000 0.100000 0.100000 0.397547 0.121733 0.293078 0.611444 0.100000 0.100000 0.100000 0.100000 0.100000 0.100000 0.570103 0.817838 0.100000 0.349249 0.429513 0.493098 0.355847 0.137392 0.183900 1.172179 0.533973 0.913669 0.611163 0.228925 0.100000 0.640927 0.984314 0.234742 0.423703 0.100000 0.341117 0.501359 0.678553 0.100000 0.100000 0.100000 0.601142 0.237510 1.158704 0.111813 0.749196 0.401774 0.198294 0.387402 0.440637 0.647186 0.100000 0.967350 0.906520 0.266008 0.100000 0.100000 0.262752 0.100000 0.449012 0.163601 0.980704 0.100000 0.100000 0.587631 0.578097 0.363074 0.546342 0.510819 0.232936 0.578317 0.100000 0.100000 0.259058 0.477870 0.695477 0.623166 0.238637 0.198384 0.349103 0.100000 0.100000 0.100000 
0.805083 0.100000 0.396531 0.507391 0.595872 0.768941 0.604156 0.387187 0.290308 0.830847 1.056650 0.333681 0.571573 0.432103 0.948379 0.114798 0.764603 0.100000 0.601856 0.916953 0.438709 0.493145 0.421625 0.262631 0.100000 0.665681 0.262300 0.269782 0.871253 0.970112 0.727667 0.529999 0.749734 0.866179 0.782970 0.700165 0.871804 0.882427 0.359110 0.611496 0.626719 0.680007 0.762311 0.100000 0.440342 0.430231 0.197885 0.963230 0.127694 0.487632 0.442394 0.374613 0.374554 0.870754 0.514018 0.661272 0.100000 1.133093 0.549614 0.370907 0.423867 0.421970 0.357952 0.100000 0.800580 0.583574 0.155031 0.100000 0.274818 1.002059 0.100000 0.422067 0.564311 0.311309 0.634738 0.331704 0.757531 0.771888 0.908193 0.688666 0.564794 0.100000 0.444887 0.499068 0.598412 0.100000 0.795945 
