73 Number of operations
27 Number of workers
Standard production times
0.436826 0.198809 0.331604 0.391055 0.455688 0.283821 0.369697 0.170513 0.277800 0.162097 0.574453 0.396892 0.633336 0.100000 0.551241 0.100000 0.330241 0.100000 0.539262 0.512992 0.495972 0.340811 0.315938 0.228077 0.318417 0.649516 0.100000 0.100000 0.538062 0.585624 0.717307 0.480261 0.146062 0.493841 0.660772 0.646257 0.445896 0.454722 0.266643 0.360484 0.497204 0.572092 0.100000 0.238532 0.100000 0.618461 0.282133 0.597837 0.392383 0.644536 0.657231 0.431644 0.169275 0.413947 0.588501 0.278597 0.308175 0.396599 0.569202 0.402256 0.238324 0.288863 0.302463 0.464080 0.450278 0.274325 0.171269 0.118233 0.100000 0.577667 0.456585 0.653838 0.442652 
Production times: workers row and ops columns
0.529594 0.100000 0.100000 0.199503 0.378365 0.228896 0.181698 0.383702 0.205387 0.229260 0.878175 0.240260 0.643275 0.847445 0.913527 0.100000 0.406319 0.369346 1.009304 0.657688 0.436798 0.221653 0.609457 0.421995 0.263423 0.692794 0.100000 0.417397 0.431074 0.831549 1.072763 0.726136 0.100000 0.997339 0.557308 0.874187 0.319896 0.100000 0.434368 0.546595 0.573972 0.754912 0.100000 0.117292 0.149573 1.291244 0.626578 0.541839 0.659997 0.601027 0.620053 0.789429 0.111696 0.100000 0.416552 0.405122 0.446578 0.869084 0.454395 0.721696 0.466114 0.344159 0.653216 0.711716 0.291585 0.695830 0.100000 0.236117 0.200733 0.805058 0.338955 0.743355 0.500466 
0.100000 0.235182 0.200984 0.100000 1.793744 0.248212 0.100000 0.874827 0.100000 0.347532 1.005869 0.100000 0.417891 0.100000 0.486560 0.100000 0.100000 0.100000 1.058738 0.828864 1.360681 0.687837 0.100000 0.166656 0.100000 0.169128 0.100000 0.235297 0.861977 0.305438 0.423056 0.100000 0.100000 0.617925 0.883662 0.254902 1.440141 1.052251 0.219024 0.100000 0.336412 0.647657 0.100000 0.480296 0.484483 1.301582 0.855766 0.542722 0.586508 0.450973 0.363621 1.387057 0.100000 1.409316 0.413983 0.405010 0.852880 0.408560 0.765765 0.281564 0.100000 0.205974 0.100000 1.279772 0.366428 1.135659 0.100000 0.127443 0.380976 0.430757 1.003912 0.973685 0.305352 
0.835952 1.142372 0.507202 0.580906 0.423691 0.423870 0.100000 0.211026 1.115076 0.582261 0.866879 0.828068 1.297863 0.378076 1.272504 0.520940 0.480197 0.715843 0.100000 0.441588 0.675708 0.167184 0.369121 0.136440 0.222093 1.563094 0.388242 0.183816 1.032613 0.614423 1.082909 0.685506 0.734034 0.167880 0.990488 0.782932 0.198681 0.874348 0.104931 0.946256 0.751132 0.880737 0.224137 0.609890 0.100000 0.740879 0.193658 0.782635 0.478236 0.929510 0.505942 1.083390 0.964033 0.451462 0.684009 0.464864 0.787401 1.065669 0.307462 0.317724 0.100000 0.100000 0.100000 0.672921 0.202567 0.825303 0.543765 0.100000 0.100000 0.493952 0.976575 0.498956 0.100000 
0.521998 0.410826 0.234427 0.976884 0.627825 0.519733 0.213037 0.258594 0.330844 0.100000 0.760750 0.100000 0.724701 0.100000 1.257136 0.297879 0.688648 0.475702 0.241916 0.100000 0.497099 0.709956 0.443248 0.563707 0.699407 0.301797 0.286305 0.789942 0.466903 0.100000 0.747736 0.440861 0.371577 0.326119 0.787987 0.100000 0.802085 1.030781 0.756006 0.100000 0.692963 0.100000 0.284956 0.319224 0.100000 0.821599 0.423538 0.979688 0.530575 0.815045 0.173710 0.183727 0.126506 0.603000 0.686611 0.828864 0.147128 0.424710 0.745727 0.432807 0.486998 0.217694 0.828566 0.468203 0.885061 0.365234 0.718726 0.100000 0.355039 0.547894 0.626005 1.111680 0.200923 
0.654330 0.100000 0.458798 0.100000 0.503985 0.100000 0.100000 0.100000 0.468099 0.100000 0.328431 0.375970 0.496969 0.100000 0.336191 0.142482 0.879131 1.123166 0.872756 0.552538 0.100000 0.385338 0.705387 0.860400 0.100000 0.767718 0.507802 1.030406 0.665858 0.314873 0.372507 0.301541 0.100000 0.907109 1.195425 1.008685 1.041989 0.227837 0.456811 0.168153 0.519034 1.184584 0.100000 0.100000 0.100000 0.262036 0.100000 0.202654 0.872695 1.484992 0.412728 0.932912 0.758387 0.100000 0.568819 0.256367 0.394368 0.100000 0.394631 0.931167 0.869426 1.204544 0.133709 1.398834 0.783230 0.100000 0.552074 0.100000 0.359538 0.526405 1.060704 0.782119 0.301400 
0.140217 0.588299 0.508470 0.367168 0.938870 0.261318 0.278557 0.108641 0.100000 0.100000 1.232716 0.224406 0.735862 0.100000 0.467835 0.655608 0.699148 0.100000 0.641128 0.365191 0.360711 0.166364 0.146796 0.425862 0.597455 0.895988 0.149169 0.100000 0.617929 0.408336 1.081698 0.747194 0.470130 0.489331 0.217466 1.033626 0.913793 0.109727 0.408018 0.818460 0.274487 1.202396 0.100000 0.100000 0.611497 0.806821 0.186192 0.961773 0.100000 1.289128 0.512356 0.617439 0.149691 0.644817 0.954878 0.131431 0.644084 0.408389 0.462845 0.435043 0.100000 0.150163 0.687203 0.518833 0.892738 0.503852 0.100000 0.100000 0.100000 0.756905 0.559229 0.504810 0.846496 
0.100000 0.100000 0.469792 1.149184 0.679868 0.100000 0.647494 0.475532 0.659157 0.139137 0.434535 0.532357 0.857919 0.679471 1.278136 0.100000 0.273350 0.180928 0.564331 0.758729 0.741693 0.518180 0.819160 0.280524 0.103175 0.281335 0.100000 0.100000 0.100000 0.884581 0.872888 0.453423 0.100000 0.119558 0.484856 1.300629 0.100000 0.597265 0.589734 0.501324 0.502163 0.902514 0.100000 0.505195 0.629209 0.406049 0.136183 0.738619 0.789255 1.146281 0.961419 0.330793 0.100000 0.586841 0.807978 0.100000 0.426112 0.596270 0.982722 0.205087 0.505413 0.100000 0.274487 0.540597 1.005653 1.368616 0.347333 0.366820 0.502262 0.269170 0.786284 0.381317 1.031386 
0.969873 0.449271 0.189594 0.991463 0.633595 0.416894 0.643560 0.100000 0.506350 0.560929 0.776153 0.540469 0.447239 0.393066 0.711382 0.202719 0.261280 0.456851 1.013418 0.729436 0.864997 0.838618 0.892386 0.395772 0.354419 0.625032 0.204124 0.365590 0.919517 0.557602 0.862265 0.281287 0.625251 0.476403 0.868148 0.530446 0.456414 0.348923 0.878133 0.568293 0.547271 0.387799 0.100000 0.509143 0.699778 0.289194 0.107019 0.645100 0.303903 0.246782 0.763024 0.756957 0.100000 0.577235 0.977902 0.672695 0.282214 1.188024 0.835736 0.258936 0.633614 0.100000 0.671044 0.185464 0.787440 0.199256 0.610955 0.440436 0.334162 0.695257 0.882690 0.212836 0.672419 
0.643542 0.479884 0.744718 2.242284 0.514080 0.686071 0.445881 0.956847 0.100000 1.011070 0.232550 0.100000 0.100000 0.100000 0.648364 0.100000 0.738650 0.100000 0.507664 0.100000 0.739644 0.845932 0.105602 0.100000 0.100000 1.486296 0.100000 0.100000 0.128337 0.926067 0.423385 0.100000 0.100000 0.439942 1.161246 0.572290 0.887006 0.542435 0.340562 0.449971 0.514425 1.085194 0.343926 0.100000 0.164310 0.580479 0.524599 0.687995 0.599672 0.100000 0.847027 1.088450 0.100000 1.214413 0.737037 0.174723 0.100000 0.940398 0.100000 0.146661 0.511276 0.100000 0.100000 0.100000 0.394598 0.568593 0.372772 0.321934 0.100000 0.647902 0.111565 1.652676 0.540016 
0.100000 0.579200 0.100000 0.159747 0.476776 0.100000 0.589678 0.574238 0.100000 0.400885 0.207086 0.100000 0.607042 0.100000 0.272430 0.252607 0.100000 0.100000 0.115902 0.640501 0.637143 0.440893 0.100000 0.167908 0.355713 0.100000 0.100000 0.193759 0.649159 0.562195 0.779930 0.477490 0.100000 0.361064 0.299342 0.472592 0.225022 1.050054 0.244715 0.257276 0.327611 0.437530 0.100000 0.301943 0.100000 0.761785 0.100000 0.602907 0.555530 0.198259 0.607562 0.405764 0.100000 0.167799 0.100000 0.523244 0.100000 0.100000 0.666576 0.100000 0.427305 0.319129 0.381890 0.314880 0.100000 0.100000 0.508313 0.100000 0.100000 0.952316 0.167164 0.482451 0.271553 
0.100000 0.100000 0.100000 1.033800 0.836235 0.100000 0.100000 0.337332 0.221323 0.100000 1.095823 0.100000 1.233132 0.165795 0.825444 0.226685 0.753312 0.100000 0.268133 0.903778 0.583524 0.100000 0.990745 0.833460 1.039136 0.689364 0.275266 0.100000 0.100000 0.618361 0.805562 0.148880 1.060910 0.100000 0.253099 0.310571 1.091499 0.326426 0.104174 0.100000 0.114957 0.100000 0.607769 0.542977 0.595017 0.287281 1.538092 0.107181 0.100000 0.498482 0.725791 0.809814 0.100000 0.709375 1.442427 0.100000 0.100000 0.100000 0.689673 0.830963 0.621794 0.705674 1.010537 0.527801 0.926664 0.100000 0.100000 0.238666 0.100000 0.863519 1.144111 0.855607 0.100000 
0.312283 0.708419 0.192163 0.517850 0.478020 0.399728 0.798608 0.108875 0.100000 0.697617 0.741357 0.714610 0.727523 0.433287 1.030662 0.609898 0.348205 0.100000 0.757723 0.675144 0.765711 0.227529 0.100000 0.463083 0.652791 0.942420 0.697833 0.455669 0.521562 0.981252 0.791827 0.956847 0.317459 0.729894 0.829089 0.762608 0.100000 0.572044 0.100000 0.609825 0.894780 1.287423 0.312223 0.123583 0.100000 1.302792 0.100000 0.966494 0.100000 0.729090 0.962198 0.629215 0.256813 0.266534 0.416501 0.681186 0.538894 0.448423 0.731250 0.224245 0.645011 0.767155 0.168508 0.594686 0.864752 0.181776 0.881642 0.671422 0.116337 0.971299 1.055244 0.380611 0.728420 
0.328557 0.553962 0.100000 0.100000 0.100000 0.273954 0.684148 0.158575 0.201502 0.146698 1.219110 0.662118 0.260381 0.100000 1.153585 0.100000 0.132873 0.100000 0.100000 0.964176 0.100000 1.066497 0.100000 0.100000 0.459549 0.100000 0.368675 0.486812 0.250107 0.391177 1.191680 0.144889 0.157313 0.667650 1.440752 0.394719 0.463237 1.020725 0.100000 0.226005 0.100000 0.100000 1.078485 0.344172 0.841744 0.497756 0.552360 0.382003 0.118907 0.607217 0.721397 1.198279 0.100000 0.603867 0.460039 0.351031 0.100000 0.942310 0.308764 0.423023 0.131249 0.781187 0.563295 0.470577 0.537778 0.446045 0.549541 0.371713 0.742603 1.386879 0.763793 0.100000 1.316573 
1.511780 0.100000 0.124604 0.100000 0.845310 0.100000 1.284433 0.100000 0.313998 0.499338 0.373309 0.100000 0.757953 0.100000 0.379608 0.100000 0.100000 0.100000 0.932689 0.317474 0.578940 0.100000 0.772572 0.100000 0.796637 0.100000 0.100000 0.100000 1.044939 0.719887 0.100000 0.192895 0.814435 0.460125 0.936209 0.100000 0.100000 0.732387 1.410915 0.100000 0.782396 0.100000 0.714058 0.100000 0.100000 0.100000 0.100000 0.676796 1.066936 0.100000 1.132434 0.244291 0.100000 0.100000 0.100000 0.100000 1.101548 0.100000 0.330186 0.932976 0.100000 0.486856 0.100000 0.531400 0.856711 0.171568 0.100000 0.454535 0.392227 0.191204 0.336015 0.100000 1.061819 
0.295588 0.100000 0.271576 0.798982 0.581838 0.100000 0.100000 0.100000 0.439664 0.151062 0.460582 1.066952 0.271822 0.100000 0.328237 0.100000 0.313129 0.100000 0.650646 0.565178 0.295230 0.100000 0.441792 0.100000 0.100000 0.491062 0.100000 0.100000 0.438215 0.360265 0.688941 0.100000 0.100000 0.100000 0.448403 0.605498 0.245168 0.100000 0.100000 0.277941 0.710191 0.433362 0.100000 0.100000 0.571479 0.208029 0.100000 0.427225 0.100000 0.841532 0.587207 0.453855 0.100000 0.137531 0.722177 0.426731 1.036237 0.604179 0.100000 0.307635 0.100000 0.497199 0.156095 0.491814 0.235890 0.338862 0.491964 0.100000 0.100000 0.150287 0.808236 0.603627 0.237415 
0.493521 0.100000 0.730119 0.561219 0.505744 0.205336 0.407064 0.158612 0.533614 0.628364 0.100000 0.100000 0.688356 0.208181 0.169929 0.100000 0.293557 0.100000 0.483853 0.570907 0.844983 0.646682 0.577557 0.394459 0.187302 0.588217 0.391652 0.218168 0.861760 0.749149 0.819568 0.696630 0.100000 0.530048 0.568333 0.983834 0.328329 0.608280 0.220960 0.585843 0.795240 0.591504 0.213192 0.372837 0.413578 0.601087 0.374607 0.549991 0.183939 0.776522 0.863978 0.267386 0.720295 0.267657 0.890395 0.468906 0.100000 0.466195 0.174086 0.447216 0.518009 0.920119 0.614813 0.100000 0.421451 0.801698 0.302091 0.725178 0.100000 0.486531 0.127303 0.614612 0.896051 
0.100000 0.325380 0.345222 0.503674 0.253666 0.166537 0.887341 0.100000 0.381717 0.494612 0.588491 0.769772 0.100000 0.100000 0.100000 0.100000 0.171378 0.118007 0.155323 0.648169 0.100000 0.501680 0.111926 0.100000 0.100000 0.100000 0.100000 0.100000 0.801737 0.688594 0.183337 0.100000 0.100000 0.100000 0.471458 0.303096 1.080394 0.100000 0.222612 0.779083 0.234421 0.197079 0.464297 0.100000 0.100000 0.107481 0.259996 0.688431 0.212225 1.159640 0.454387 0.290412 0.100000 0.645123 0.454037 0.100000 0.680521 0.651381 0.739441 0.100000 0.100000 0.100000 0.100000 0.205753 0.255195 0.343232 0.100000 0.100000 0.100000 0.308136 0.248018 0.754786 0.405836 
0.100000 0.179417 0.254518 0.399332 0.260772 0.470928 0.372310 0.100000 0.100000 0.100000 0.585720 0.100000 0.420107 0.100000 0.815334 0.653320 0.191651 0.596858 0.601340 0.773467 0.309215 0.100000 0.359789 0.515568 0.100000 0.529614 0.100000 0.178446 0.109217 0.315869 0.895994 0.923248 0.100000 0.687685 0.611053 0.675371 0.228301 0.284752 0.100000 0.289349 0.728601 0.528297 0.196435 0.100000 0.214803 0.100000 0.100000 0.394831 0.100000 0.713128 0.617649 0.100000 0.100000 0.100000 0.213038 0.100000 0.100000 0.609531 0.268322 0.608295 0.100000 0.280614 0.100000 0.269679 0.221422 0.243360 0.483805 0.100000 0.100000 0.584691 0.614374 0.519227 0.226239 
0.360098 0.300239 0.503680 0.284415 0.462694 0.611652 0.461610 0.100000 0.590361 0.476006 0.858208 0.697189 0.614189 0.261261 0.745736 0.236594 0.100000 0.194365 0.744837 0.761623 0.506485 0.450593 0.100000 0.100000 0.100000 0.680787 0.687891 0.725788 0.299479 0.881223 1.195583 0.489097 0.100000 1.021389 0.653553 0.628728 1.060245 0.696517 0.621083 0.943013 0.554373 0.381292 0.439808 0.343000 0.428565 0.845404 0.160792 0.714449 0.400816 0.683623 0.755118 0.647610 0.342846 0.142743 0.890182 0.100000 1.086424 0.279995 0.664129 0.917574 0.291660 0.100000 0.100000 0.662271 0.687501 0.636859 0.366517 0.100000 0.355473 1.123917 0.329593 1.841425 0.430746 
0.917279 0.386553 0.336157 0.521818 0.770341 0.100000 0.420933 0.100000 0.100000 0.109706 0.540186 0.456875 0.368409 0.349204 0.100000 0.100000 0.100000 0.100000 0.293913 0.576264 0.163278 0.630150 0.441121 0.100000 0.100000 0.192487 0.100000 0.372739 0.665320 0.104178 1.183717 0.291364 0.100000 0.720707 0.952688 0.548378 0.100000 0.726013 0.100000 0.255363 0.538671 0.564176 0.100000 0.100000 0.226592 0.100000 0.281921 0.579353 0.451062 0.434475 0.624039 0.570843 0.100000 0.330941 0.603669 0.100000 0.100000 0.772623 0.782056 0.100000 0.356326 0.312761 0.625757 0.708439 0.100000 0.100000 0.486438 0.511117 0.100000 0.108795 0.435040 0.362225 0.339150 
0.926669 0.530289 0.604517 0.630471 0.227002 0.100000 0.100000 0.420815 0.100000 0.460846 1.208210 0.309257 0.678533 0.496849 0.927252 0.100000 0.379113 0.238205 0.561248 0.788596 0.697199 0.835441 0.100000 0.686140 0.666323 0.712304 0.327960 0.496084 0.731381 0.614228 0.905042 0.374307 0.100000 0.334273 0.532453 0.806540 0.787530 0.631662 0.807313 0.437660 0.408040 0.458126 0.100000 0.251488 0.617182 0.281672 0.553006 0.699670 0.750344 0.611063 0.983234 0.391295 0.468336 0.100000 0.847169 0.613319 0.100000 0.763897 0.341709 0.812669 0.351604 0.610098 0.530111 0.221004 1.031733 0.756940 0.100000 0.406614 0.357781 0.493836 0.264510 1.159148 0.444363 
0.830322 0.891733 0.599596 0.247764 0.873801 0.100000 0.220461 1.172553 0.162514 0.390651 0.380374 0.483913 0.817179 0.100000 0.477648 0.421822 0.713498 0.323967 0.377570 0.753742 0.470233 0.230775 0.437115 1.032657 0.168680 1.082513 0.296873 0.100000 0.384651 0.654662 0.695352 0.678539 0.100000 0.308787 1.081644 0.755833 0.309650 0.573599 0.936222 0.304553 0.168885 0.971184 0.807469 0.734204 0.100000 0.116585 0.776768 0.659190 0.658521 0.702622 1.274760 0.566374 0.186686 0.568079 0.339623 0.438368 0.391239 0.100000 0.334744 0.133082 0.100000 0.502113 0.746402 0.665691 0.109411 0.100000 0.508654 0.127747 0.171456 0.289301 0.100000 1.418273 0.359657 
0.477506 0.100000 0.887985 0.381591 0.503741 0.392932 0.460994 0.690475 0.100000 0.444383 0.481478 0.367245 0.540531 0.319879 0.257997 0.100000 0.589548 0.100000 0.486576 0.716118 0.612569 0.330165 0.421745 0.100000 0.664483 0.410679 0.100000 0.315748 0.231194 0.386003 0.739156 0.778539 0.100000 0.446226 0.617321 0.843316 0.376614 0.609723 0.756634 0.375328 0.467511 0.374188 0.100000 0.100000 0.100000 0.524352 0.462496 0.822590 0.342392 0.819636 0.346804 1.130063 0.988999 0.457159 0.818529 0.386966 0.620188 0.286293 0.192954 0.723100 0.100000 0.473075 0.105233 0.312183 0.823906 0.836354 0.204132 0.100000 0.268761 0.493257 0.100000 0.726842 0.100000 
0.644477 0.126881 0.467521 0.100000 0.309941 0.532617 0.856871 0.500338 0.471776 0.100000 0.824005 0.515102 0.616978 0.568518 0.399377 0.705355 0.214892 0.100000 0.588227 0.195976 0.433723 0.442708 0.100000 0.100000 0.100000 0.595791 0.519285 0.100000 0.559390 0.730667 0.462091 0.625846 0.100000 0.377566 0.225363 0.534245 0.833308 0.894156 0.255547 0.459019 0.448392 0.320180 0.100000 0.827741 0.100000 0.760803 0.826721 0.563574 0.424302 0.806381 0.633438 0.590736 0.153131 0.838885 0.821355 0.100000 0.100000 0.292894 0.475871 0.271033 0.607018 0.164320 0.257795 0.599182 0.100000 0.496925 0.438887 0.631629 0.100000 0.533839 0.615469 0.637447 0.103065 
0.805083 0.211192 0.533729 0.167488 0.840730 0.277832 0.253186 0.505617 0.708108 0.100000 0.971854 0.981569 0.811549 0.100000 0.821696 0.519521 0.125300 0.701495 0.581534 0.578413 0.925669 0.504972 0.791806 0.326412 0.536868 0.758426 0.273582 0.376874 0.785045 0.597169 1.100287 0.556354 0.608624 0.781114 0.736408 0.529155 0.560748 0.972846 0.426355 0.754458 0.574088 0.580479 0.100000 0.100000 0.295873 0.731340 0.368580 0.933142 0.198404 1.254228 0.319408 0.607561 0.100000 0.432546 1.035484 0.100000 0.461638 0.528735 0.722176 0.577750 0.577899 0.535992 0.514310 0.830498 0.747797 0.334513 0.100000 0.454880 0.100000 1.169003 0.386717 0.390292 0.880085 
0.100000 0.100000 0.100000 0.641543 0.100000 0.575652 0.100000 0.189594 0.241379 0.100000 0.466321 0.167257 0.567409 0.155611 0.920634 0.100000 0.196422 0.641938 0.652664 0.637368 0.100000 0.100000 0.100000 0.100000 0.361009 1.365785 0.100000 0.100000 0.622124 0.562393 0.949272 0.289141 0.100000 1.015921 0.687835 0.182244 0.236952 0.330445 0.100000 0.485912 0.435258 0.354554 0.100000 0.623578 0.100000 0.275987 0.100000 0.167694 0.488913 0.980212 0.196097 0.100000 0.100000 0.286931 0.734090 0.100000 0.227230 0.100000 0.100000 0.124646 0.100000 0.334637 0.555607 0.100000 0.841989 0.100000 0.100000 0.343421 0.100000 0.100000 0.100000 0.566074 0.655574 
0.966584 0.100000 0.688450 0.163479 1.182824 0.128331 0.883382 0.100000 0.650410 0.100000 0.613743 0.100000 0.547208 0.100000 0.100000 0.207415 0.711454 0.146345 0.682731 0.863530 1.095583 0.840711 0.508396 1.217777 0.100000 1.040537 0.100000 1.287327 0.404591 0.654744 1.398594 0.374283 0.100000 0.100000 0.513768 1.657850 0.518223 1.309609 0.668663 0.122900 0.100000 0.461384 0.395155 0.113651 0.170409 0.891505 0.100000 0.100000 0.207870 0.909054 0.222428 0.100000 0.100000 0.270696 0.499430 0.222713 0.100000 0.382112 0.223973 0.100000 0.100000 0.100000 0.100000 0.501322 0.620184 0.255287 0.251671 0.100000 0.464854 0.951391 0.764413 0.371805 0.366989 
