71 Number of operations
27 Number of workers
Standard production times
0.395487 0.532490 0.222502 0.307822 0.261232 0.472611 0.856732 0.348992 0.510849 0.592732 0.929213 0.391227 0.206876 0.575733 0.100000 0.623915 0.189126 0.198222 0.386496 0.383715 0.967043 0.350765 0.541102 0.253267 0.159032 0.456081 0.295062 0.100000 0.627160 0.519564 0.619080 0.716055 0.419631 0.380416 0.100000 0.410165 0.555420 0.278717 0.305743 0.100000 0.571778 0.269913 0.412373 0.663896 0.543813 0.237312 0.591981 0.366152 0.400966 0.541476 0.611755 0.607141 0.514341 0.395286 0.100000 0.249166 0.430479 0.769328 0.427803 0.599307 0.100000 0.665435 0.232499 0.665336 0.283636 0.157893 0.336602 0.575480 0.716322 0.403792 0.756102 
Production times: workers row and ops columns
0.610047 0.802372 0.383764 0.829830 0.100000 0.884858 1.070873 0.383852 0.962908 0.100000 1.377670 0.607051 0.100000 0.805661 0.108774 1.499503 0.839726 0.430429 0.270719 0.308691 0.969528 0.282695 0.370428 0.175976 0.176178 0.401016 0.185485 0.100000 1.492291 0.177612 0.412656 0.945774 0.422557 0.607563 0.439754 0.888949 0.881010 0.100000 0.738486 0.100000 0.637452 0.220460 0.194134 0.941396 0.588836 0.643268 0.247241 0.720045 0.650348 0.679427 0.286112 0.631609 0.150339 0.100000 1.183924 0.640424 1.068257 0.740624 0.736663 0.908532 0.380455 0.766533 0.264025 0.144452 0.566679 0.384942 0.771968 0.593207 1.338865 0.369542 0.479474 
0.161314 0.100000 0.284914 0.686073 0.381952 0.721324 2.911078 0.759554 1.276729 0.100000 1.111740 0.778268 0.100000 0.137743 0.298260 0.466606 0.100000 0.772972 1.054279 0.535030 0.739929 0.607950 0.955831 0.568578 0.100000 0.287072 0.474629 0.411110 1.107551 0.898749 0.100000 0.362345 0.100000 1.282654 0.190205 0.686747 1.071935 0.114216 0.100000 0.100000 0.497705 1.020631 0.847172 0.120351 0.875924 0.604754 0.100000 0.311893 0.100000 0.706720 0.453908 0.100000 0.165256 0.515261 0.100000 0.398929 0.706811 0.349107 0.271668 1.671646 0.160553 0.242021 0.262730 0.100000 0.850009 0.343045 0.879505 1.026569 0.911470 0.891547 0.851889 
0.100000 0.298037 0.100000 0.755620 0.100000 0.349619 0.361462 0.100000 0.386175 0.401332 0.781296 0.455911 0.100000 0.589371 0.153975 0.423462 0.100000 0.259749 0.303671 0.331442 0.154722 0.268321 0.554066 0.112624 0.159804 0.927394 0.220672 0.199600 0.272161 0.163862 0.375085 0.310160 0.317351 0.100000 0.100000 0.100000 0.100000 0.100000 0.100000 0.100000 0.288150 0.100000 0.626017 0.974601 0.661419 0.100000 0.941066 0.100000 0.100000 0.521867 0.511093 0.465354 0.424111 0.100000 0.100000 0.519376 0.638934 0.452764 0.907750 0.178068 0.100000 0.653165 0.100000 0.418957 0.131715 0.100000 0.497854 0.653322 0.286532 0.100000 0.710122 
0.100000 0.138615 0.434879 0.717764 0.100000 0.867141 0.100000 0.100000 0.760819 0.175475 0.430734 0.259533 0.100000 0.739266 0.100000 0.438155 1.769609 0.253197 0.100000 0.683625 1.241735 1.042655 0.615277 0.100000 0.863449 0.812112 0.100000 0.473799 0.510711 1.074887 0.432411 1.109128 0.516716 0.673518 0.100000 0.202961 0.589077 0.594616 0.514540 0.907588 0.784581 0.587594 1.463488 0.696960 0.811592 0.100000 0.612959 1.187109 0.556815 1.267061 0.100000 0.100000 0.668104 0.100000 1.435169 0.873391 0.100000 0.685744 0.139498 0.807318 0.100000 1.131379 0.966665 0.554675 0.100000 0.439227 0.254344 1.147907 0.640263 0.818687 0.924135 
0.275408 0.375776 0.100000 0.421879 0.920152 0.623896 0.717227 0.461270 0.445065 0.108464 0.922167 0.755714 0.100000 0.137962 0.146549 1.073199 0.371179 0.403837 0.977209 0.770043 1.080848 0.188154 0.482388 0.122262 0.313537 0.100000 0.658678 0.100000 0.407128 0.664126 0.100000 0.365724 0.122316 0.526585 0.100000 0.737655 0.321363 0.335050 0.100000 0.346659 0.395419 0.325590 0.164475 0.237932 0.374538 0.466715 0.186617 0.100000 0.208570 0.675702 0.195003 0.343976 0.469632 0.196083 0.100000 0.506024 0.336839 0.649705 0.557638 0.480816 0.100000 0.261096 0.100000 1.139116 0.170057 0.230966 0.451944 0.193780 0.804954 0.134444 0.100000 
0.776936 0.567975 0.100000 0.306430 0.464196 1.257373 0.807998 0.399804 0.722335 0.748689 0.981685 0.166348 0.100000 0.620720 0.100000 0.526585 0.100000 0.635567 0.100000 1.054320 0.892928 0.134290 0.286275 0.587111 0.567011 0.301481 0.494524 0.155123 0.654428 0.664923 0.948601 0.241066 0.100000 0.542423 0.178737 0.715593 0.143159 0.100000 0.868804 0.100000 0.780808 0.131451 0.390787 0.350569 0.999627 0.100000 0.332539 0.193132 0.853902 0.731239 0.915535 0.701843 0.685153 0.643497 0.663883 0.423223 0.100000 1.213458 0.556470 0.367075 0.147114 0.470608 0.958504 0.661949 0.100000 0.348863 0.187639 1.062111 0.856799 0.100000 0.705864 
0.100000 0.205133 0.100000 0.100000 0.220111 0.109842 0.488649 0.474563 0.979928 0.304009 1.372839 0.100000 0.275688 0.301112 0.100000 0.227966 0.100000 0.100000 0.182413 0.407148 1.564960 0.100000 0.394779 0.100000 0.100000 0.773430 0.100000 0.100000 0.533538 0.692840 0.613663 1.175918 0.264882 0.100000 0.100000 0.346000 0.209751 0.100000 0.100000 0.520355 0.287953 0.100000 0.396203 0.100000 0.571918 0.259408 0.238688 0.100000 0.120810 0.925938 0.630241 0.145997 0.100000 0.272022 0.100000 0.100000 0.417849 0.610129 0.650852 0.630530 0.100000 0.606124 0.100000 0.830759 0.298598 0.100000 0.271941 0.314474 1.362477 0.168384 0.811753 
0.100000 0.535318 0.100000 0.432578 0.389386 0.856424 1.248242 0.145461 0.248403 0.297828 0.497948 0.100000 0.508712 0.535926 0.100000 0.100000 0.100000 0.100000 0.335015 0.718329 1.264198 0.311711 0.100000 0.248777 0.160212 0.808957 0.677996 0.100000 0.609817 0.867661 0.847674 0.630704 0.100000 0.100000 0.519356 0.485079 1.032009 0.106096 0.345879 0.496762 0.915690 0.465754 0.956803 1.331552 1.238986 0.100000 0.348821 0.201867 0.218658 0.100000 1.262315 0.106489 0.564091 0.100000 0.100000 0.120141 0.100000 1.137034 1.618046 0.161516 0.100000 1.541344 0.513519 0.507289 0.100000 0.524218 0.443181 1.351737 0.280845 0.317012 0.602134 
0.812777 0.885200 0.130376 0.380125 0.291988 0.839348 0.903858 0.113604 0.507256 0.678399 1.304380 0.873975 0.694106 0.784965 0.100000 0.898301 0.231849 0.110646 0.573271 0.603804 1.326103 0.179300 0.139011 0.503023 0.100000 0.853127 0.100000 0.100000 0.181684 1.230559 0.577838 0.787264 0.357587 0.404063 0.444103 0.536604 0.646740 0.730522 0.100000 0.534059 1.144845 0.100000 0.588257 0.372266 0.100000 0.100000 0.843590 0.687747 0.384978 0.376102 0.574562 0.486449 0.419580 0.100000 0.122863 0.308072 1.179218 1.066594 0.479725 0.715215 0.292507 0.548748 0.100000 0.539923 0.309193 0.285964 0.214720 0.391754 0.730010 0.512810 1.020280 
0.415592 0.756721 0.100000 0.644678 0.337007 0.156460 0.873732 0.473839 0.284630 0.903336 0.922373 0.620824 0.100000 0.762057 0.411335 0.585055 0.224791 0.120332 0.579977 0.486725 1.210685 0.426673 0.253435 0.100000 0.118080 0.688143 1.067861 0.454646 0.537181 0.100000 0.867428 0.815469 0.150132 0.743123 0.196767 0.381064 0.100000 0.663453 0.421016 0.120194 0.378099 0.254770 0.878928 0.916064 1.240763 0.651828 0.791809 0.731459 0.545632 0.202672 0.526702 0.803542 0.330407 0.336244 0.100000 0.852429 0.131130 0.553466 0.258108 0.987638 0.534955 0.595899 0.502035 0.494328 0.381344 1.039003 0.717377 0.660220 0.415998 0.411392 0.457427 
0.287071 0.100000 0.522235 0.595959 0.358196 0.969364 0.100000 1.045057 0.100000 0.779877 1.154930 0.928408 1.204931 0.748457 0.100000 0.100000 0.318128 0.100000 0.100000 0.282295 1.302617 0.195773 0.100000 0.324088 0.100000 0.100000 1.024548 0.221437 1.617270 0.100000 1.137539 0.627627 1.759453 0.272704 0.100000 0.622076 0.649901 0.100000 0.761617 0.445090 1.014624 0.470122 0.100000 0.313757 0.840309 0.100000 1.441003 0.382399 0.100000 1.060258 0.601658 1.205731 0.620235 1.279435 0.100000 0.100000 0.100000 0.100000 0.722750 1.503879 0.100000 0.100000 0.573960 0.892187 0.100000 0.361867 0.339807 0.100000 1.059130 0.151408 0.281257 
0.424590 1.102891 0.911213 0.827863 0.212731 0.264460 1.059915 0.400391 0.652559 0.353611 0.763348 0.168460 0.538687 0.994429 0.100000 0.898699 0.481588 0.100000 0.489458 0.727745 0.762644 0.824649 0.579251 0.371078 0.185727 0.111549 0.496774 0.197952 0.604119 0.553582 0.844273 0.771830 0.360558 0.504545 0.426248 0.520943 0.416566 0.627980 0.316821 0.375608 0.627989 0.100000 0.129840 0.493746 0.573571 0.100000 0.806883 0.796034 0.428317 0.308623 0.211662 0.774737 0.737934 0.512562 0.408908 0.147440 0.454715 0.952054 0.459994 0.845467 0.348677 0.683889 0.100000 0.548023 0.712299 0.100000 0.454521 0.376582 1.508456 0.313430 1.046215 
0.404821 1.390060 0.100000 0.314752 0.100000 0.618373 0.379988 0.115939 0.100000 0.373421 0.829402 0.813595 0.100000 0.639206 0.100000 0.341241 0.100000 0.215431 0.275239 0.270500 0.632858 0.130457 0.586297 0.100000 0.100000 0.378109 0.292853 0.115799 0.466563 0.100000 0.747526 0.916497 0.677984 0.382254 0.253018 0.221013 0.121127 0.126118 0.130836 0.297498 0.709676 0.100000 0.183670 0.548037 0.462711 0.558671 0.341527 0.647825 0.100000 0.233508 1.006118 0.619110 0.438921 0.465904 0.100000 0.159699 0.389515 0.728653 0.428854 0.320010 0.101381 0.346426 0.300506 0.508892 0.251425 0.134555 0.100000 0.309341 0.567083 0.431233 0.930153 
0.273215 0.222843 0.187961 0.195242 0.379950 0.726190 1.331435 0.100000 0.262953 0.463908 1.055311 0.486118 0.117656 0.698217 0.100000 0.408555 0.172443 0.100000 0.748116 0.100000 0.523903 0.339774 0.100000 0.100000 0.100000 0.732151 1.097892 0.100000 0.137688 0.491875 0.711966 0.336541 0.417530 0.746116 0.141390 0.100000 0.284837 0.100000 0.100000 0.100000 0.880926 0.100000 0.100000 0.616181 0.615123 0.100000 0.544523 0.460057 0.516030 0.545960 0.668042 0.100000 0.647851 0.332091 0.100000 0.100000 0.238658 0.501588 0.273882 0.378182 0.100000 1.201670 0.240951 1.219855 0.100000 0.533373 0.192519 0.937304 0.886288 0.525868 0.598140 
1.051140 0.100000 0.100000 0.100000 0.100000 0.772766 1.265657 0.244307 1.067557 0.221084 0.626984 0.449136 0.403238 0.506964 0.100000 0.903271 1.034067 0.100000 0.396748 0.100000 0.962683 0.100000 0.624627 1.023911 0.417950 0.100000 0.694468 0.100000 1.227279 0.667809 0.100000 0.551933 0.100000 1.371498 0.380582 0.100000 0.216870 0.352830 0.100000 0.211845 0.755075 0.100000 0.712298 1.492331 0.696981 0.541288 0.330610 0.107196 0.546773 0.100000 0.100000 1.013218 0.186192 0.497145 0.150299 0.446246 0.722006 1.025092 0.276380 0.999292 0.100000 0.836196 0.100000 0.700140 0.100000 0.843553 0.492460 0.204954 0.100000 0.100000 1.398385 
0.204937 0.920586 0.252827 0.303775 0.100000 0.651985 1.258215 0.674673 0.759888 0.375481 1.050344 0.141869 0.100000 0.776111 0.100000 0.857453 0.183447 0.714319 0.424724 0.614656 1.350104 0.606497 0.812679 0.100000 0.505143 0.100000 0.170355 0.100000 0.602617 0.393924 0.621725 0.496702 0.442883 0.236268 0.115311 0.728636 0.100000 0.336528 0.331917 0.100000 0.513272 0.766202 0.592777 0.567154 0.834507 0.416657 0.280358 0.328828 0.460580 0.618457 0.787304 0.682687 0.602373 0.309678 0.100000 0.167926 0.656528 0.808575 0.327551 0.898764 0.900631 0.699081 0.688610 0.585306 0.429283 0.513248 0.757399 1.299293 0.662573 0.519946 1.255227 
0.100000 1.172150 0.100000 0.300731 0.760411 1.081711 0.383647 0.526328 0.100000 1.099379 1.808079 0.100000 0.100000 0.100000 0.100000 0.895400 0.481664 0.400866 0.100000 0.100000 1.899841 0.466424 0.328977 0.379730 0.100000 0.538805 0.100000 0.100000 0.100000 1.395313 0.978748 1.028332 0.854342 0.318679 0.100000 0.666698 0.900791 0.547914 0.111184 0.100000 0.968783 0.475986 0.384000 0.548187 0.480701 0.100000 0.100000 0.314327 0.186669 0.702229 0.458400 0.750800 0.100000 0.622243 1.134355 0.201187 0.745965 1.208084 0.606677 0.721878 0.100000 0.259427 1.005668 0.769337 0.391016 1.129370 0.100000 1.103326 1.043838 0.100000 0.442281 
0.610076 0.183915 0.100000 0.613040 0.169553 0.569779 0.778197 0.418202 0.664459 1.699307 1.133844 0.100000 0.399866 0.707692 1.755340 0.100000 0.537435 0.330527 1.153673 0.100000 0.353742 0.528916 0.961909 0.475410 0.477388 0.435442 0.798680 0.166330 0.377230 1.255180 0.189812 0.100000 0.223839 0.313179 0.100000 0.261829 0.744300 0.110331 0.100000 0.800261 0.485915 0.817626 0.500483 0.907685 1.315751 0.100000 1.156144 0.399650 0.838130 0.318142 0.616843 0.531446 0.100000 0.364443 1.005266 0.885944 1.132973 0.657778 0.341209 0.379514 0.100000 0.546427 0.100000 1.102841 0.750057 0.377781 0.100000 0.280141 1.388752 0.567608 1.261204 
0.174119 1.016992 0.100000 0.100000 0.398582 0.112937 0.284054 1.031156 0.859736 0.358354 0.920578 0.958665 0.100000 0.100000 1.233637 0.100000 0.100000 0.100000 0.100000 0.547487 0.311459 0.667306 0.461539 0.170232 0.466684 0.782039 0.974710 0.100000 0.254000 0.855947 1.002452 0.447683 0.100000 0.381860 0.100000 0.100000 1.116364 0.100000 1.326202 0.157054 0.705402 1.617626 0.861293 0.504023 0.265256 0.100000 0.100000 0.549636 0.411323 0.195026 1.046455 0.301917 0.100000 0.100000 0.100000 0.395995 1.352457 0.556043 0.672074 1.091891 0.384080 0.796538 0.100000 0.451660 1.349259 0.227970 0.300905 0.100000 0.823585 1.248507 0.440120 
0.208219 0.601447 0.161254 0.197587 0.995871 0.790647 0.513709 0.412437 0.868309 0.584056 1.252985 0.131282 0.443505 0.641264 0.349215 0.686095 0.100000 0.396267 0.604147 0.657343 0.637181 0.280330 0.552805 0.247719 0.127892 0.561382 0.780869 0.694383 1.054672 0.761813 0.100000 0.599435 0.659669 0.184328 0.514978 0.290109 0.681685 0.227264 0.464478 0.100000 0.559160 0.100000 0.162930 0.253163 0.916598 0.100000 0.884421 0.400440 0.613960 0.610600 0.669746 0.301338 1.379683 0.778513 0.466277 0.100000 0.294965 0.618929 0.550798 0.460890 0.354209 0.761756 0.536980 1.067284 0.101026 0.100000 0.126027 0.888038 0.750736 0.337058 0.438956 
0.356086 0.390033 0.118945 0.100000 0.100000 0.711566 0.721404 0.288542 0.152981 0.855499 0.546096 0.114923 0.100000 0.108899 0.193783 0.349036 0.100000 0.100000 0.162789 0.257544 0.657623 0.285285 0.100000 0.100000 0.235411 0.570718 0.100000 0.100000 0.479967 0.727063 0.169802 0.695412 0.537390 0.100000 0.100000 0.556333 0.354064 0.412076 0.222454 0.100000 0.471145 0.254227 0.114668 0.839034 0.100000 0.100000 0.365327 0.100000 0.100000 0.100000 0.115271 0.423476 0.211587 0.219485 0.100000 0.100000 0.365853 0.890920 0.100000 0.545267 0.100000 1.190353 0.100000 0.420097 0.413255 0.153389 0.486335 0.869822 0.499022 0.864732 0.437287 
0.208777 0.925319 0.100000 0.100000 0.111869 0.841620 0.465832 0.733506 0.100000 1.041462 1.272881 0.104071 0.100000 0.446599 0.100000 0.304503 0.830309 0.372801 0.576770 0.100000 0.918417 0.860771 0.570042 0.100000 0.100000 0.823340 0.177597 0.100000 0.214109 0.559276 0.100000 0.683644 0.619264 1.453861 0.793288 0.570553 0.100000 0.391853 0.100000 0.100000 1.093181 0.100000 0.715793 0.730434 0.976342 0.115322 0.487293 1.102824 0.722594 0.698697 0.595981 0.868045 0.441144 0.681957 0.100000 0.100000 0.100000 0.422355 1.413482 1.278718 0.100000 0.255186 0.100000 0.546554 0.880822 0.100000 0.100000 0.312247 0.102778 1.147883 0.672615 
0.566293 0.612788 0.100000 0.475132 0.502910 0.444751 1.058536 0.340025 0.574597 0.927300 0.903561 0.638973 0.328260 0.672951 0.100000 0.506411 0.287275 0.653238 0.598923 0.843688 1.073028 0.100000 0.995249 0.337204 0.590315 0.783048 0.649768 0.336892 0.100000 0.870815 0.806202 1.044490 0.790308 0.579969 0.398885 0.100000 0.687980 0.594320 0.603744 0.100000 0.122071 0.189989 0.526327 0.846356 1.134448 0.709181 0.470117 0.655547 0.377693 0.879436 0.510223 1.095821 0.448499 0.387774 0.100000 0.594166 0.550226 0.997621 0.751346 0.447753 0.697446 0.996839 0.402746 0.765944 0.307366 0.100000 0.713356 0.734151 0.810854 0.337895 0.907834 
1.107876 0.771616 0.100000 0.100000 0.575382 0.161635 1.043734 0.636275 0.819647 1.288555 0.910734 0.559938 0.129140 0.288753 0.100000 1.161615 0.729970 0.100000 0.730845 0.434610 1.338669 0.188308 0.738638 0.399545 0.100000 0.392309 0.250114 0.209347 1.232283 1.103962 1.206468 1.003772 0.817339 0.191606 0.225851 0.852382 0.772116 0.190639 0.560812 0.275187 0.737007 0.218825 0.724581 0.726614 0.424740 0.346119 0.875412 0.883499 0.857057 0.125204 1.041747 0.890945 0.769554 0.925449 0.720218 0.563623 0.513636 0.724939 0.613436 0.837310 0.100000 1.307731 0.818441 1.051315 0.981826 0.552889 0.354695 0.972627 1.450732 0.461460 0.501238 
0.814780 0.145786 0.100000 0.541483 0.264055 1.113905 0.985651 0.665036 0.969563 0.732731 1.208679 0.100000 0.940267 0.725837 0.143573 0.556399 0.370753 0.136899 0.565464 0.302661 0.649068 0.230223 0.402398 0.473891 0.303535 0.407573 0.496317 0.100000 0.716846 0.535821 0.844391 0.554424 0.475695 0.471152 0.100000 0.525623 0.642542 0.654928 0.100000 0.100000 0.188196 0.434029 0.352371 0.467263 0.714730 0.594406 1.255522 0.836646 0.307479 1.075411 0.488155 0.832621 0.845646 0.100000 0.239877 0.378352 1.184103 0.688218 0.754404 0.647343 0.225228 0.486750 0.626508 1.138907 0.739860 0.100000 0.100000 0.653434 1.154540 0.744621 0.778944 
0.435034 0.188264 1.060306 1.017135 0.100000 0.440385 0.809905 1.386606 0.863972 1.154369 0.492031 0.530068 0.154351 0.650733 0.304400 0.588926 0.100000 0.779552 0.100000 0.100000 0.100000 0.527071 0.603914 0.100000 0.100000 0.540292 0.147443 0.100000 0.853686 0.972487 0.802051 1.139511 0.541847 1.153548 0.554892 0.244768 1.106341 0.461696 0.100000 0.100000 0.430335 0.100000 0.100000 0.422335 0.100000 0.100000 0.101942 0.100000 0.333585 0.646056 0.784080 1.176522 0.428073 0.157405 0.102557 0.872963 1.223880 0.492223 0.629175 0.523718 0.387663 0.100000 0.100000 0.100000 0.100000 0.347707 0.100000 1.218494 1.110468 1.034864 1.168099 
0.157681 0.545674 0.100000 0.100000 0.311239 0.908981 0.822316 0.100000 0.389456 0.674670 1.138086 0.338196 0.627305 0.802364 0.122723 0.421071 0.813703 0.100000 0.196545 0.100000 0.945494 0.100000 0.606144 0.100000 0.254450 0.100000 0.100000 0.100000 0.572973 0.338472 0.206433 0.548098 0.480036 0.100000 0.371184 0.292415 0.100000 0.215250 0.135307 0.100000 0.359122 0.100000 0.533090 0.615864 0.623431 0.100000 0.877734 0.216018 0.476961 0.390818 0.467533 0.775051 0.667929 0.314353 0.100000 0.100000 0.526855 0.779169 0.586392 0.566516 0.100000 0.825989 0.100000 0.792202 0.495612 0.502147 0.298379 0.568911 0.898457 0.356485 0.838112 
