82 Number of operations
29 Number of workers
Standard production times
0.290051 0.119425 0.716550 0.190971 0.451519 0.100000 0.100000 0.336942 0.571636 0.414269 0.100000 0.116889 0.577166 0.526380 0.408052 0.219375 0.435065 0.438886 0.292950 0.555470 0.434268 0.311430 0.740981 0.584869 0.139028 0.323885 0.251275 0.312576 0.314710 0.676281 0.419674 0.326109 0.145356 0.602997 0.103788 0.342580 0.388635 0.242379 0.413542 0.192219 0.347265 0.507650 0.705652 0.791335 0.495640 0.423869 0.228507 0.247610 0.527861 0.409505 1.022967 0.293508 0.469117 0.314897 0.100000 0.751079 0.347161 0.569259 0.817347 0.505296 0.596762 0.100000 0.221035 0.466013 0.609718 0.669980 0.649135 0.261762 0.656215 0.254587 0.240166 0.399291 0.502519 0.366428 0.669267 0.276902 0.251393 0.603187 0.288969 0.487252 0.370662 0.404699 
Production times: workers row and ops columns
0.453321 0.345959 0.991128 0.167908 1.240579 0.706549 0.387743 0.100000 0.689665 0.652995 0.405451 0.100000 0.976881 0.533929 0.617804 0.801628 0.463611 0.436638 0.539228 1.177192 0.554959 0.553402 0.645874 0.451137 0.100000 0.610654 0.479543 0.434779 0.278759 0.957528 1.235236 0.388943 0.148098 0.796224 0.942277 0.347743 0.100000 0.547654 0.523152 0.351100 0.719500 0.100000 1.050706 1.246587 0.534296 0.490616 0.752852 0.100000 0.829915 0.277817 1.094804 0.342575 0.406773 0.576281 0.317385 1.514654 0.398488 0.756612 0.949765 0.545436 0.766611 0.246618 0.499152 0.160845 0.958888 0.803945 0.376311 0.841607 1.498540 0.254890 0.573310 0.526396 0.546540 0.689405 0.643514 0.378390 0.101325 0.589380 0.225882 0.912337 0.507204 0.700791 
0.363304 0.489687 1.237296 0.356275 0.526439 0.100000 0.138181 0.449588 0.250268 1.108176 0.100000 0.513354 0.732097 0.903578 0.668004 0.143836 0.366903 0.581118 0.923230 0.419138 0.515751 0.482958 0.863412 0.786361 0.322451 0.791075 0.100000 0.668909 0.866765 0.933282 0.644267 0.601125 0.473195 0.826804 0.554139 0.100000 0.100000 0.100000 0.100000 0.100000 0.749482 0.154975 0.928883 0.873193 0.286952 0.705951 0.100000 0.100000 0.716530 0.578956 1.206377 0.600517 0.293724 0.159346 0.227228 1.199740 0.543696 1.071654 0.959849 1.126511 0.809492 0.643477 0.100000 0.429984 0.656020 0.580045 0.891523 0.216393 0.868980 0.579002 0.100000 0.572374 0.100000 0.331839 0.910435 0.100000 0.516058 0.628933 0.321431 0.701159 0.435954 0.460713 
1.174750 0.117816 0.383320 0.100000 0.319038 0.653641 0.100000 0.632393 0.590613 0.100000 0.100000 0.100000 0.972113 1.619469 0.100000 0.420298 0.100000 0.799002 1.038756 0.606059 0.983387 0.369007 1.402196 1.076449 0.767623 0.555171 0.100000 0.753770 0.682695 0.100000 0.981787 0.100000 0.875355 0.463958 0.322094 0.361691 1.133674 1.541274 0.232084 0.100000 0.824273 0.331962 1.256100 1.346787 0.371708 0.100000 0.311189 0.261383 0.202909 0.100000 1.464149 0.100000 0.129851 0.281953 0.100000 0.773018 0.100000 1.041718 0.854974 0.315053 0.412387 0.632809 0.258111 1.297485 0.892595 0.695194 0.496548 1.174649 0.475118 0.153799 0.100000 0.313241 1.089633 0.625694 1.185611 0.658616 0.728025 0.386067 0.914526 0.349728 0.100000 0.581230 
0.254614 0.100000 0.422288 0.904204 0.294625 0.914012 0.100000 0.100000 1.273810 0.354058 0.516114 0.100000 0.725528 0.100000 0.418558 0.100000 0.249157 0.235183 0.681967 0.672897 0.649315 0.433220 0.100000 0.294881 0.100000 0.483925 0.638217 0.100000 0.438464 0.100000 0.713211 0.193527 0.100000 0.100000 0.464167 0.352674 0.100000 0.371050 0.503978 0.747799 0.114454 1.447000 0.100000 1.230563 0.508371 0.342486 0.318373 0.100000 0.456676 0.812655 0.681003 0.100000 0.378755 0.255294 0.100000 0.217968 0.539604 0.100000 1.443835 0.334166 0.887558 0.100000 0.436750 0.100000 0.366552 0.587095 0.998659 0.100000 2.442894 0.100000 0.375666 0.100000 0.672232 0.400076 0.770670 0.702804 0.210991 0.239380 0.416383 0.453863 0.692049 0.669822 
0.823890 0.560402 0.720850 0.286426 0.515786 0.100000 0.129015 0.957569 0.337099 0.474942 0.100000 0.100000 1.165922 0.672201 0.190566 0.288791 0.549380 0.100000 0.728535 0.871428 0.947521 0.436869 0.687742 1.248898 0.310046 0.627939 0.349383 0.352486 0.477654 0.844735 0.921984 0.771571 0.100000 0.872154 0.772525 0.643044 0.771674 0.224996 0.699345 0.100000 0.736731 0.385214 1.201229 0.798434 0.240788 0.342339 0.102315 0.663551 0.899620 0.768783 0.919062 0.194798 0.449874 0.314478 0.113663 0.828661 0.545135 0.450888 0.704817 0.410268 0.766711 0.338146 0.100000 0.717486 0.639319 1.134365 0.813389 0.493811 0.434112 0.335656 0.245146 0.100000 0.279085 0.378715 0.524290 0.557390 0.734129 0.919754 0.527333 0.190793 0.689223 0.898321 
0.100000 0.448530 1.242250 0.178673 0.424524 0.100000 0.100000 0.367520 0.597704 0.744659 0.100000 1.198059 0.585054 0.510956 0.512609 0.100000 0.298724 0.144622 0.452533 0.574259 0.618642 0.100000 0.877918 0.273989 0.100000 0.561200 0.100000 0.491651 0.655939 1.056772 0.596618 0.357352 0.100000 1.083087 0.445319 0.730672 0.619120 0.546443 1.074207 0.337430 0.276667 0.990131 1.030872 1.134257 0.164209 1.021585 0.421829 0.412325 0.485437 0.411603 0.909932 0.100000 0.603391 0.719024 0.100000 0.723682 0.693182 0.215862 0.774814 0.100000 1.074055 0.135745 0.100000 0.298275 0.380928 0.976534 0.164958 0.258464 1.027702 0.445852 0.776762 0.419002 1.216532 0.297294 0.711421 0.100000 0.412759 0.941321 0.397346 1.062675 0.839133 0.502609 
0.350680 0.100000 0.730557 0.538196 0.659727 0.100000 0.520899 0.100000 0.892748 0.443073 0.637627 0.314674 0.462495 0.254138 0.540883 0.338055 0.100000 0.240643 0.241411 1.260152 0.423962 0.794064 0.616615 1.129702 0.100000 1.138098 0.100000 0.325340 1.009345 0.828373 1.153061 0.343901 0.653238 0.960837 0.969877 0.100000 0.117571 0.100000 0.246558 0.100000 0.100000 0.100000 1.203328 0.617442 0.100000 0.759436 0.100000 0.943308 0.100000 0.100000 0.486505 0.751173 0.165643 0.771904 0.100000 2.242655 0.517299 0.100000 0.754657 0.968587 0.494399 0.295393 1.015580 0.939948 0.940805 0.607100 1.230148 0.100000 0.407450 0.100000 0.463053 0.100000 1.034896 0.929336 1.090559 0.100000 0.100000 0.100000 0.100000 0.100000 0.451384 0.133464 
0.705931 0.878470 0.197849 0.424050 0.475567 0.100000 0.100000 0.441908 0.100000 0.100000 0.100000 0.111888 0.100000 0.113337 0.604972 0.445272 1.393056 0.100000 0.308835 0.100000 0.814968 0.100000 1.301301 1.305234 0.100000 0.100000 0.100000 0.516642 0.778085 1.658094 0.100000 0.100000 0.687926 0.756899 0.345059 1.106036 0.216660 0.100000 0.546171 0.100000 0.423486 0.343250 0.157530 1.551794 0.792589 0.100000 0.783803 0.100000 2.060008 0.100000 1.057510 0.180583 0.100000 0.100000 0.100000 0.189830 0.546561 0.556695 1.445343 0.194921 1.083813 0.166046 0.100000 0.103910 0.648175 0.977290 0.662414 0.100000 0.690706 0.100000 0.470881 0.100000 1.400203 0.159023 0.655009 1.044055 0.100000 0.651749 0.100000 0.308368 0.281356 1.286200 
0.487503 0.100000 0.100000 0.315726 0.263845 0.100000 0.100000 0.216994 0.481054 0.100000 0.100000 0.634942 0.325766 0.544095 0.252786 0.100000 0.164760 0.502915 0.100000 0.748699 0.100000 0.100000 0.473781 0.546961 0.133789 0.100000 0.100000 0.100000 0.262106 0.581844 0.473318 0.483552 0.100000 0.271219 0.162080 0.187976 1.206270 0.100000 0.275375 0.374910 0.141187 0.569954 0.332824 0.331795 0.100000 0.399503 0.100000 0.272828 0.250018 0.100000 1.202308 0.968049 0.438954 0.100000 0.201036 0.100000 0.100000 0.824661 0.506398 0.737695 0.585693 0.137731 0.100000 0.841740 0.459494 0.550648 0.871232 0.528303 1.002969 0.100000 0.100000 0.312533 0.318493 0.166334 0.446757 0.131931 0.236626 1.246029 0.100000 0.981285 0.223860 0.658916 
0.501225 0.169907 0.935274 0.100000 0.335367 0.100000 0.100000 0.103136 0.100000 0.289126 0.100000 0.100000 0.699195 0.339802 0.100000 0.100000 0.384399 0.456942 0.439266 0.928211 0.100000 0.468150 1.009034 0.602425 0.150252 0.545723 0.100000 0.273547 0.426190 0.459999 0.113381 0.189008 0.100000 0.548390 0.759693 0.140867 0.973337 0.291954 0.179452 0.310742 0.299302 0.702665 0.522144 0.573599 0.100000 0.482931 0.226329 0.477762 0.399053 0.396042 1.413091 0.666994 0.192466 0.261263 0.100000 0.697673 0.424330 0.396397 1.042536 0.486199 0.852348 0.115383 0.100000 0.593238 0.620992 0.380397 0.235785 0.111684 0.416233 0.181689 0.318587 0.113743 0.100000 0.465746 0.573164 0.411661 0.830332 0.153116 0.100000 0.100000 0.100000 0.103416 
0.898466 0.438910 1.038402 0.474350 0.476767 0.244794 0.100000 0.155013 0.498819 1.095706 0.509758 0.565304 0.949663 1.079349 0.641306 0.141048 0.596728 0.581772 0.198000 0.494943 0.100000 0.121404 0.969412 1.041765 0.112743 0.877806 0.100000 0.265484 0.526986 1.137719 0.491849 1.017169 0.198473 0.630118 0.100000 0.389067 0.214995 0.705253 0.440716 0.641800 0.561209 0.872214 0.405298 0.999741 0.885294 0.545567 0.551656 0.230301 0.547449 0.702670 1.319353 0.483566 0.686923 0.310768 0.100000 1.239726 0.564197 0.367854 1.011779 0.707339 0.830297 0.237529 0.100000 0.682236 0.149967 0.527675 0.751840 0.432647 0.485672 0.261412 0.100000 1.039198 0.506388 0.145653 1.475735 0.100000 0.330588 1.158665 0.100000 0.428581 0.331380 0.648268 
0.100000 0.630017 0.834347 0.276693 0.100000 0.424997 0.100000 0.308017 0.588498 1.078687 0.195015 0.607619 0.265886 0.376179 0.452657 0.527572 0.100000 0.524229 0.311755 0.923231 0.851121 0.116666 0.779063 0.634737 0.389854 0.632081 0.100000 0.567775 0.861089 1.173917 0.370907 0.366799 0.212880 1.011624 0.100000 0.693180 0.100000 0.914712 0.230510 0.202826 0.383368 0.568805 1.125054 0.630822 1.064042 0.836341 0.100000 0.353192 0.496223 0.373653 1.049378 0.592986 0.642905 0.860005 0.179188 1.255776 0.855041 0.796979 0.943256 0.325411 1.079713 0.100000 0.287764 0.708438 1.099374 0.626489 0.390851 0.851596 0.504439 0.850162 0.295363 0.168978 0.265399 0.268504 0.833953 0.522133 0.794231 0.880606 0.943685 0.703353 0.313972 0.284703 
0.606839 0.100000 0.525339 0.293053 0.785114 0.100000 0.404507 0.100000 0.100000 0.745741 0.521367 0.570284 0.857716 1.176338 0.884521 0.100000 0.578928 0.736155 0.379410 0.765547 0.567169 0.887863 1.307731 0.745542 0.260368 0.229459 0.519553 0.751189 0.534787 0.712355 0.679046 0.849551 0.388807 0.967737 0.100000 0.389878 0.103632 0.113480 0.586735 0.425543 0.436415 0.473978 0.890781 1.012173 0.916361 0.339732 0.100000 0.100000 0.817068 0.519367 1.136965 0.694699 1.001660 0.153236 0.871880 0.567822 0.253844 0.591310 0.951829 0.200656 1.094145 0.100000 0.215696 0.521601 0.424863 0.362160 0.739706 0.547361 0.763545 0.100000 0.100000 0.589279 0.780962 0.597270 0.470892 0.100000 0.289374 0.613070 0.480978 0.851944 0.286962 0.161490 
0.191524 0.100000 1.024912 0.100000 0.964088 0.201331 0.437868 0.100000 0.580884 0.148453 0.100000 0.100000 0.100000 0.997424 0.714832 0.100000 1.183194 0.100000 1.442361 0.522025 0.100000 0.100000 0.667526 0.732743 0.334455 0.100000 0.130396 0.100000 0.588204 0.672641 0.300240 1.429826 0.868290 1.193934 0.100000 0.292178 0.100000 0.100000 0.106232 0.579605 0.100000 0.215517 0.921440 0.574793 0.328248 0.732491 0.100000 0.100000 0.100000 0.607965 0.100000 0.569503 0.218986 0.512763 0.100000 0.249296 0.100000 0.749017 0.831502 0.384353 0.572692 0.100000 0.499832 0.740140 0.800940 1.085331 1.729306 0.100000 1.633820 0.285808 0.350520 1.392932 0.513920 1.014412 0.393262 0.687907 0.100000 1.042320 0.564022 0.536331 0.100000 0.688223 
0.505947 0.670382 0.595365 0.384698 0.616508 0.100000 0.100000 0.384335 1.112719 0.183897 0.100000 0.681612 0.416924 0.925578 0.782236 0.100000 0.824640 0.611419 0.643601 0.424395 1.169437 0.314719 0.734406 0.800564 0.127761 0.716058 0.100000 0.958116 0.554751 0.467254 0.516191 0.417548 0.538594 0.221225 0.495377 0.569672 0.552083 0.511453 0.100000 0.720218 0.353028 0.804657 1.378435 1.043883 0.404875 0.372566 0.768371 0.360394 0.414860 0.617069 1.108755 0.674582 0.592283 0.608557 0.334543 1.082521 0.354866 0.882606 1.559265 0.724809 0.271802 0.349215 0.100000 0.431567 0.758591 0.670962 1.080010 0.100000 0.994347 0.100000 0.100000 0.227685 0.213507 0.621130 0.534864 0.581066 0.196618 0.899797 0.814532 0.853044 0.274112 0.938839 
0.293369 0.100000 0.369559 0.143687 0.314515 0.100000 0.145404 0.137808 0.494305 0.416092 0.100000 0.107877 0.643582 0.586552 0.269113 0.457571 0.302852 0.396184 0.244188 0.642341 0.480201 0.712683 0.128516 0.468745 0.100000 0.100000 0.345594 0.100000 0.100000 0.577752 0.374938 0.681017 0.100000 1.016141 0.100000 0.232349 0.238099 0.341990 0.473682 0.100000 0.391281 0.254695 0.348732 0.389131 0.731287 0.356598 0.100000 0.100000 0.940280 0.232807 1.328677 0.449576 0.397294 0.446209 0.100000 1.119333 0.100000 0.749431 0.620755 0.100000 0.617861 0.646906 0.100000 0.200332 0.791258 0.960087 1.066928 0.100000 0.685546 0.437286 0.100000 0.100000 0.625036 0.257305 0.548802 0.513955 0.463431 0.548503 0.232884 0.529003 0.100000 0.685592 
0.514141 0.100000 0.721197 0.209685 0.383312 0.100000 0.100000 0.327413 0.576972 0.296792 0.100000 0.100000 0.100000 0.243416 0.619254 0.100000 0.245544 0.864014 0.534619 0.100000 1.059058 0.694452 0.206399 0.965783 0.100000 0.468431 0.246944 0.244942 0.247399 0.284378 0.100000 0.424220 0.110613 0.723793 0.226012 0.100000 0.328294 0.100000 0.364955 0.100000 0.477443 0.100000 0.666669 1.235833 0.714932 0.484406 0.268793 0.508063 0.100000 0.100000 1.037172 0.404406 0.450449 0.100000 0.100000 0.758507 0.100000 0.469020 0.679515 0.270040 0.130998 0.143673 0.791604 0.591480 0.451384 0.104206 1.024082 0.145759 0.396370 0.816038 0.100000 0.894096 1.033621 0.368760 0.725891 0.100000 0.229465 0.519907 0.133801 0.100000 0.337677 0.566091 
0.100000 0.915439 0.890318 0.262771 0.730864 0.100000 0.100000 0.207303 0.505010 0.456814 0.688997 0.100000 0.112467 1.696295 1.765847 0.451840 0.100000 0.307696 0.334549 0.238204 0.233026 0.808133 0.674662 0.205676 0.100000 1.270530 0.449551 0.672108 1.298653 0.516323 0.692330 0.605097 0.100000 0.244533 0.673564 0.226464 0.749405 0.201266 1.033504 0.100000 0.322995 0.204974 0.905090 0.100000 0.170782 0.238749 0.843357 0.818148 0.785482 0.644935 0.444519 0.580793 0.201614 0.100000 0.100000 2.101192 0.962061 0.510382 0.922292 0.627916 0.691470 0.603896 0.270550 0.681666 0.100000 1.136359 0.478220 0.330887 0.138793 0.501931 0.100000 0.337309 0.100000 0.382125 1.013109 0.294740 0.104008 1.102533 0.768853 0.100000 0.100000 0.100000 
0.809258 0.100000 0.862904 0.287654 0.100000 0.100000 0.100000 0.422069 0.554394 0.600424 0.100000 0.100000 0.642527 0.438162 0.320812 0.100000 0.691993 0.132170 0.100000 0.855131 0.142697 0.100000 0.936116 0.563018 0.377060 0.479781 0.136761 0.296108 0.808769 0.680975 0.100000 0.262713 0.100000 0.330941 0.200459 0.618163 0.312816 0.567983 0.500246 0.100000 0.195849 0.668072 1.080120 0.546057 0.240281 0.100000 0.119605 0.100000 0.516820 0.391047 0.490268 0.353097 0.545934 0.100000 0.100000 0.179347 0.100000 0.693048 0.746040 0.376521 0.431643 0.100000 0.128271 0.346842 0.370466 0.137603 0.448345 0.100000 0.282831 0.100000 0.100000 0.246673 0.253129 0.378670 0.100000 0.100000 0.466041 0.140049 0.100000 0.410988 0.100000 0.184840 
0.100000 0.440791 0.844152 0.654008 0.100000 0.201270 0.163539 0.100000 0.938187 0.322285 0.100000 0.493272 0.450624 0.101844 0.970570 0.536121 0.662792 0.790869 0.183054 0.961889 0.744621 0.303797 0.937836 0.413506 0.479257 0.260682 0.758793 0.175998 0.389575 0.359597 0.391150 0.804891 0.378147 0.401351 0.100000 0.728949 0.764621 0.308858 0.630562 0.502318 0.818884 0.714085 1.173610 0.275539 0.475591 0.591943 0.100000 0.136046 0.606145 0.100000 1.107908 1.033692 0.945098 0.964314 0.100000 0.547801 0.537150 0.347277 0.917961 1.340286 1.034945 0.100000 0.201411 1.063475 0.433352 0.943581 0.699123 0.182304 0.568863 0.447039 0.277575 0.100000 1.016337 0.666863 0.850735 0.121781 0.825038 0.389523 0.429474 0.157176 0.100000 0.487924 
0.561584 0.868246 0.658459 0.697047 0.554210 0.286572 0.697254 0.394727 0.100000 0.817207 0.100000 0.202596 0.564906 0.600965 0.100000 0.232380 0.389905 0.547125 0.100000 0.797532 1.014631 0.571346 1.420364 0.473004 0.235127 0.100000 0.520741 0.663876 0.260917 1.307128 0.589307 0.468254 0.614258 0.100000 0.155011 0.248785 0.776613 0.318502 0.609898 0.129869 1.114612 0.892485 1.053124 1.004396 1.178214 1.157788 0.100000 0.615202 0.947979 0.100000 0.960809 0.561542 0.921147 0.164953 0.100000 0.810399 0.332257 0.540277 1.603041 0.580493 1.017491 0.100000 0.100000 0.143582 0.503343 0.274366 0.547883 0.100000 1.001364 0.356895 0.255520 0.991940 0.804598 0.868339 0.832717 0.100000 0.100000 1.031576 0.103003 0.684859 0.521223 0.988727 
0.366109 0.144061 0.662276 0.223391 0.483824 0.193209 0.204936 0.366658 0.243600 0.257120 0.100000 0.398368 0.863686 0.476394 0.843359 0.449755 0.100000 0.100000 0.498172 0.462913 0.903897 0.439387 0.773703 0.468390 0.100000 0.612795 0.322888 0.830833 0.111277 0.752876 0.302433 0.204220 0.356706 0.403669 0.236913 0.100000 0.100000 0.664693 0.100000 0.100000 0.700997 0.100000 0.636328 0.436980 0.100000 0.747658 0.263054 0.100000 0.343850 0.496938 0.691409 0.483897 0.370370 0.217730 0.189958 0.706212 0.346638 0.415024 1.047081 0.621685 0.858994 0.100000 0.100000 0.500613 0.100000 0.798312 1.154186 0.100000 0.815966 0.201722 0.100000 0.100000 0.476146 0.603026 0.182344 0.445731 0.861035 0.429680 0.171315 0.100000 0.289667 0.233026 
0.316005 0.100000 0.524538 0.235097 0.560627 0.239595 0.112725 0.414519 0.388080 0.100000 0.151471 0.311321 1.147342 0.953124 0.515559 0.100000 0.485067 0.574394 0.293058 0.677819 0.773972 0.400957 0.623011 0.636429 0.257222 0.764572 0.393335 0.396128 0.407240 0.789923 0.637430 0.100000 0.109741 0.987483 0.100000 0.531897 0.670882 0.129398 0.375172 0.100000 0.100000 0.184797 1.209197 0.478082 0.347690 0.617688 0.529447 0.108689 0.506213 0.100000 1.067335 0.312991 0.509966 0.825861 0.100000 0.997541 0.470962 0.288789 0.838754 1.108560 0.807745 0.455722 0.100000 0.334646 1.112461 0.572304 0.578623 0.100000 1.032911 1.013587 0.100000 0.429374 0.455335 0.542275 0.732839 0.936256 0.101405 1.177264 0.570955 0.776278 0.330609 0.239885 
0.100000 0.100000 0.442674 0.230796 0.100000 0.395067 0.100000 0.100000 0.100000 0.100000 1.189355 0.699329 0.370869 0.254572 0.818649 0.100000 0.523740 0.100000 0.100000 0.969063 0.612167 0.253546 1.743825 0.935129 1.243431 0.254150 0.100000 0.468548 0.100000 0.100000 0.253451 0.100000 0.423921 0.385071 0.100000 0.100000 1.233126 0.100000 0.945720 0.602142 0.805788 0.650037 0.968328 0.363926 0.640393 0.100000 0.880007 0.100000 0.566341 0.100000 1.065565 0.806010 0.159466 0.594898 0.100000 0.907620 0.292057 0.256756 1.047064 0.532186 0.469511 0.100000 0.101799 0.100000 0.668089 0.100000 0.940891 0.158378 0.872298 0.428136 0.345179 0.100000 0.713030 0.203378 0.100000 0.100000 0.100000 0.466111 0.112141 0.116930 0.100000 0.838756 
0.151061 0.100000 0.861804 0.365256 0.259158 0.100000 0.124164 0.352179 0.428498 0.100000 0.122618 0.100000 1.492024 0.552587 0.339448 0.100000 0.100000 0.100000 0.206589 0.196198 1.110131 0.189001 0.409206 0.346705 0.158217 0.100000 0.100000 0.382456 0.730895 0.102340 0.408519 0.109446 0.481309 0.957000 0.328713 0.298213 0.833325 0.100000 0.379241 0.262423 0.521869 0.100000 0.202075 0.353535 0.100000 0.431291 0.331592 0.141567 0.100000 0.175253 1.290731 0.159892 0.464561 0.314669 0.442302 0.635965 0.351935 0.225541 0.297147 0.388912 0.457208 0.100000 0.519022 0.595809 1.112916 0.863396 0.441619 0.100000 0.100000 0.592446 0.413692 0.426704 0.573804 0.221271 0.949999 0.330958 1.037915 0.923765 0.100000 0.273670 0.100000 0.146948 
0.244295 0.100000 0.759196 0.160394 0.373096 0.100000 0.100000 0.100000 0.100000 0.709794 0.113361 0.204589 0.437639 0.546962 0.297598 0.338052 0.731237 0.577149 0.100000 0.827144 0.727704 0.146881 0.710979 0.519413 0.264148 0.100000 0.333647 0.649832 0.109451 0.736413 0.298361 0.100000 0.185972 0.100000 0.100000 0.450931 0.358819 0.140292 0.268560 0.100000 0.251479 0.812147 0.815495 0.644659 0.176329 0.273120 0.100000 0.100000 0.209531 0.483149 1.232676 0.136231 0.100000 0.239154 0.223303 0.988012 0.515869 0.145653 0.834700 0.651949 0.311513 0.100000 0.313307 0.493568 0.108841 0.674515 0.231417 0.100000 0.591022 0.209509 0.100000 0.497055 0.315245 0.100000 0.653829 0.100000 0.100000 0.578205 0.100000 0.133530 0.100000 0.100000 
0.701999 0.100000 0.797178 0.238571 0.365669 0.417085 0.100000 0.261226 0.578524 0.650129 0.100000 0.477990 0.544558 0.699356 0.619116 0.276448 0.742259 0.584366 0.404827 0.321218 0.255169 0.567915 0.447892 0.963210 0.247141 0.371167 0.100290 0.274145 0.579489 0.872113 0.435349 0.521910 0.100000 0.769479 0.290780 0.100000 0.236262 0.100000 0.383209 0.154075 0.698423 0.100000 0.850006 0.892369 0.706001 0.364295 0.445308 0.751827 0.917579 0.482066 1.653777 0.929458 0.454053 0.748638 0.250060 0.600461 0.430103 0.610610 1.032764 0.471077 0.695027 0.100000 0.472384 0.862177 1.227467 1.090000 0.489748 0.715568 1.180115 0.100000 0.100000 0.676104 0.477622 0.806350 0.871190 0.405691 0.100000 0.973961 0.399803 1.306075 0.978368 0.400601 
0.270392 0.522036 0.787320 0.100000 0.107104 0.536733 0.100000 1.103992 0.100000 0.100000 0.121835 0.100000 0.613829 0.100000 1.047156 0.744918 0.384813 0.418580 0.100000 0.333625 0.371189 0.573403 0.985188 0.100000 0.326351 0.547413 0.100000 1.218847 0.100000 1.019634 0.887439 0.100000 0.100000 0.437435 0.788274 0.804452 0.279694 0.642036 0.684438 0.211753 0.100000 1.076635 0.742885 0.363290 0.211438 1.093445 0.994869 0.461332 0.603744 0.707335 0.675802 0.129147 0.360546 0.100000 0.737121 1.276178 0.574468 0.100000 0.911880 1.317065 1.020219 0.100000 0.635215 0.100000 0.817190 1.180490 0.100000 0.567032 0.847290 0.974530 0.100000 0.100000 0.100000 0.100000 1.732924 0.100000 0.100000 0.209873 0.120339 0.147340 0.100000 0.100000 
0.521192 0.201801 0.879949 0.100000 0.700233 0.185191 0.100000 0.598505 0.300871 0.446651 0.633813 0.259885 1.279877 0.859855 0.870348 0.688115 0.745849 0.856135 0.187010 0.799858 0.379450 0.495437 0.826864 1.146690 0.437076 0.168503 0.568058 0.308456 0.437431 0.800351 0.100000 0.112530 0.331389 0.653046 0.413035 0.408141 0.409148 0.420624 1.057970 0.525309 0.724917 0.464567 0.845601 1.460705 0.100000 0.513665 0.649426 0.442127 0.851387 0.364873 1.132443 0.100000 0.292100 0.678532 0.267164 0.991223 0.100000 0.896918 0.596569 0.864059 0.760808 0.100000 0.301383 1.120809 1.176072 0.707814 1.380264 0.341777 0.651334 0.280686 0.535867 0.100000 0.260023 0.339520 0.262369 0.174042 0.339697 0.652995 0.100000 0.806868 0.100000 0.603560 
