81 Number of operations
24 Number of workers
Standard production times
0.290051 0.119425 0.716550 0.190971 0.451519 0.100000 0.100000 0.336942 0.571636 0.414269 0.100000 0.116889 0.577166 0.526380 0.408052 0.219375 0.435065 0.438886 0.292950 0.555470 0.434268 0.311430 0.740981 0.584869 0.139028 0.323885 0.251275 0.312576 0.314710 0.676281 0.419674 0.326109 0.145356 0.602997 0.103788 0.342580 0.388635 0.242379 0.413542 0.192219 0.347265 0.507650 0.705652 0.791335 0.495640 0.423869 0.228507 0.247610 0.527861 0.409505 1.022967 0.293508 0.469117 0.314897 0.100000 0.751079 0.347161 0.569259 0.817347 0.505296 0.596762 0.100000 0.221035 0.466013 0.609718 0.669980 0.649135 0.261762 0.656215 0.254587 0.240166 0.399291 0.502519 0.366428 0.669267 0.276902 0.251393 0.603187 0.288969 0.487252 0.370662 
Production times: workers row and ops columns
0.404461 0.100000 0.427984 0.313334 0.286933 0.130128 0.100000 0.444007 0.380550 0.284993 0.120456 0.165013 0.112116 1.108767 0.851643 0.174300 0.840886 0.243126 0.100000 1.232629 0.401382 0.875087 0.265450 0.386394 0.116612 0.454576 0.100000 0.520946 0.133351 0.360585 0.418010 0.372332 0.173072 0.628688 0.153232 0.614693 0.201603 0.146922 0.729325 0.662539 0.367324 1.077045 0.510584 0.915374 0.604389 0.171509 0.100000 0.313854 0.408103 0.711649 0.992494 0.100000 0.607387 0.630280 0.316681 1.172512 0.800628 0.397224 1.432079 0.654716 0.847684 0.100000 0.810594 0.409245 0.538171 1.199456 0.496370 0.205808 0.743536 0.228878 0.191238 0.848169 0.478038 0.495653 0.577261 0.310654 0.516917 0.688672 0.284980 0.100000 0.472937 
0.100000 0.246357 1.118705 0.100000 0.150533 0.122975 0.318075 0.100000 0.412490 0.208418 0.263113 0.179792 0.766740 0.799477 0.388484 0.522072 0.364769 0.130733 0.450982 0.486611 0.567467 0.838520 0.282378 0.783006 0.365065 0.331888 0.297255 0.285109 0.264542 0.233351 0.225173 0.746238 0.569335 0.755798 0.241939 0.100000 0.336876 0.100000 0.541487 0.100000 0.515622 1.134568 0.580477 0.782712 0.599592 0.636165 0.100000 0.264179 0.723215 0.401877 1.110385 0.770890 0.757622 0.114019 0.436393 0.533944 0.609809 0.945082 0.932567 0.965702 0.670956 0.155559 0.362773 0.100000 1.408761 0.678100 0.312316 0.100000 0.682579 0.355481 0.259842 0.378156 0.649700 0.568108 0.437998 0.587821 0.253755 0.511263 0.586242 0.772109 0.163532 
0.308477 0.100000 0.224000 0.750150 0.100000 0.100000 0.100000 0.589292 0.100000 0.937084 0.100000 0.842589 0.925026 1.359096 0.100000 0.100000 0.987703 0.780339 1.494596 0.687470 0.399166 0.100000 0.697389 0.730137 0.100000 0.976443 0.159099 0.993338 0.358487 1.175929 0.817251 0.399701 0.710660 0.138399 0.100000 1.042085 1.005367 0.219933 0.100000 0.395050 0.100000 0.454825 1.030029 0.184353 0.448988 0.942147 0.100000 0.786706 0.100000 0.382710 1.766599 0.301256 0.394342 0.422497 0.100000 1.187044 0.100000 0.662351 0.464454 0.397085 1.568051 0.128609 0.100000 0.136676 0.194920 0.100000 0.854810 0.380121 1.068727 0.100000 0.568459 1.145850 0.908632 1.237179 0.100000 0.779847 0.807054 0.416637 0.314194 0.629742 0.100000 
0.417018 0.576478 1.506703 0.100000 0.170167 0.272962 0.222447 1.252067 0.616603 0.510385 0.100000 0.366340 1.007079 1.080090 0.492459 0.100000 0.883062 0.355411 1.419896 0.762368 0.921372 0.100000 1.058343 1.364361 0.143711 0.100000 0.676151 1.401266 0.200957 0.457218 0.100000 0.100000 0.202258 0.600224 0.626771 0.704775 0.235790 0.515723 0.160799 0.233968 0.967817 0.100000 1.292216 0.344551 0.664784 0.100000 0.100000 0.283173 0.493060 0.297814 0.408832 0.100000 0.206555 0.499693 0.100000 0.911273 0.100000 0.100000 0.735006 1.025446 0.211186 0.821120 0.654611 0.287289 0.986367 0.924474 0.707547 0.100000 0.475166 0.458161 0.100000 0.318804 0.294218 0.565729 0.100000 1.306620 0.100000 0.245006 0.122819 0.417804 0.100000 
0.280859 0.251391 0.987164 0.177266 0.779488 0.316550 0.100000 0.100000 0.799589 0.501004 0.514089 0.462028 0.360331 0.693819 0.731077 0.100000 0.309554 1.198687 0.216826 0.874354 0.929377 0.311577 0.360183 0.776512 0.433512 0.100000 0.403524 0.100000 0.294708 0.745306 0.467469 0.784630 0.131079 0.581698 0.100000 0.536814 1.011183 0.327343 0.897303 0.615385 0.600506 0.333831 1.305115 1.219466 0.364402 0.533373 0.100000 0.100000 0.381596 0.582222 1.513639 0.215785 0.769890 0.372029 0.100000 1.301063 0.100000 0.280095 0.896663 0.423163 0.832939 0.138488 0.282008 0.439033 1.043920 0.583944 0.681539 0.854585 0.633413 0.873308 0.100000 0.602839 0.826181 0.608424 1.360447 0.757653 0.754080 0.845505 0.548285 0.658028 0.487410 
0.160808 0.100000 1.218572 0.185448 0.100000 0.556153 0.248999 0.262100 0.902913 0.889872 0.100000 0.100000 0.855276 0.376152 0.456348 0.100000 0.309028 0.569787 0.774903 0.281838 0.445627 0.646269 1.325200 0.618285 0.204925 0.138916 0.763004 0.476918 0.947200 0.698292 0.299604 0.262201 0.100000 0.795268 0.100000 0.213569 0.469599 0.838095 0.985441 0.100000 0.205014 0.792091 0.720619 1.375392 0.372779 0.100000 0.925245 0.100000 0.601305 0.461355 1.302094 1.011955 0.504492 0.602931 0.228226 0.982765 0.678129 0.798791 0.570126 0.395162 0.724658 0.531771 0.264923 1.133627 0.247324 0.866626 1.052377 0.735471 0.792224 0.106343 0.692144 0.722490 0.233797 0.268614 0.819087 0.596458 0.100000 0.798483 0.100000 0.710385 0.254933 
0.100000 0.100000 0.251216 0.388895 0.565015 0.100000 0.100000 0.365820 0.439967 0.100000 0.100000 0.219794 0.425346 0.100000 1.161435 0.100000 0.722376 0.100000 0.186363 0.289321 0.605311 0.100000 0.237317 1.923691 0.498179 0.282546 0.100000 0.250267 0.100000 0.100000 0.604049 0.100000 0.301368 0.702956 0.281009 1.084797 0.249964 0.100000 1.722558 0.100000 0.100000 0.576676 0.100000 1.125207 0.319315 0.100000 0.100000 0.252650 1.195005 0.531863 1.205874 0.100000 1.106609 0.100000 0.600960 0.998769 0.440547 1.157096 0.808924 1.534757 0.100000 0.118958 0.359034 0.624842 0.497618 0.726384 1.874279 0.100000 1.050693 0.311899 0.100000 0.491391 0.461353 0.100000 0.100000 0.100000 0.100000 0.593394 0.100000 0.616641 0.789705 
0.377387 0.806146 1.314589 0.325021 1.227706 0.100000 0.100000 0.490124 0.100000 1.186680 0.100000 0.449245 0.684970 0.100000 0.765365 0.463237 0.100000 0.978493 0.551819 0.208977 0.287001 0.843209 0.978221 0.100000 0.100000 0.100000 0.183537 0.992062 0.100000 0.291016 0.384394 0.860223 0.100000 0.965299 0.302103 0.636044 0.589877 0.132198 0.847134 0.100000 0.100000 0.243455 0.499498 1.077837 0.152648 0.150222 0.100000 1.036964 0.979503 0.100000 0.666100 0.224139 0.626710 0.100000 1.009018 0.277310 0.100000 0.841979 1.013558 0.100000 0.667020 0.525552 0.667004 0.853227 0.393740 1.231285 0.347148 0.100000 0.566102 0.100000 0.100000 0.100000 1.069320 0.950454 0.661962 0.178097 0.107311 0.127915 0.100925 0.206652 0.997298 
0.224498 0.100000 0.567713 0.100000 0.464334 0.545113 0.248856 0.100000 0.669711 0.281582 0.100000 0.100000 0.138888 0.350727 0.890541 0.321193 0.291694 0.458434 0.514380 0.462677 0.561134 0.100000 0.506275 0.178375 0.426524 0.420042 0.100000 0.610174 0.100000 0.727218 0.605631 0.316477 0.100000 0.799401 0.220503 0.101796 0.193586 0.100000 0.535756 0.100000 0.225554 0.189956 0.632957 0.134494 0.531541 0.296368 0.100000 0.179612 0.100000 0.100000 1.072076 0.161723 0.577643 0.170651 0.148358 0.954821 0.258038 0.100000 1.012127 0.882492 0.402979 0.100000 0.100000 0.301619 0.632814 1.132986 0.659410 0.580992 0.811673 0.305781 0.329489 0.311643 0.731400 0.100000 0.320977 0.187732 0.427493 0.100000 0.100000 0.448714 0.100000 
0.147700 0.100000 0.631490 0.100000 0.812310 0.323217 0.100000 0.630571 0.731370 0.238670 0.251162 0.376338 0.447865 0.321186 0.443914 0.100000 0.867662 0.691076 0.858662 0.743363 0.135624 0.100000 0.673357 0.891925 0.406576 0.100000 0.100000 0.362083 0.100000 0.314678 0.676111 0.238000 0.100000 0.673853 0.100000 0.618318 0.694110 0.100000 0.287281 0.100000 0.314421 0.543440 0.822401 0.683425 0.626239 0.259886 0.100000 0.104452 0.766495 0.192778 0.696420 0.768651 0.282174 0.100000 0.283434 0.387325 0.138750 1.203425 0.818315 0.536515 0.282134 0.342815 0.290080 0.808241 0.732071 1.205778 0.705708 0.100000 0.100000 0.135578 0.100000 0.242488 0.531376 0.560095 1.047561 0.100000 0.100000 0.607328 0.100000 0.324545 0.100000 
0.474872 0.323265 0.422431 0.348679 0.847065 0.409574 0.578911 0.367405 0.875647 0.462478 0.195755 0.100000 0.684097 1.060260 0.490990 0.718379 0.672690 0.729648 0.100000 0.596330 0.286970 0.396537 0.717337 0.998911 0.339262 0.544102 0.672553 0.515875 0.373476 0.809311 0.805047 0.359994 0.235246 0.881729 0.424796 0.290487 0.201239 0.295881 0.100000 0.516240 0.529674 0.368942 1.066875 1.405264 0.722496 0.497541 0.335704 0.100000 0.865793 0.347465 0.863062 0.100000 0.355517 0.533222 0.100000 1.103809 0.100000 0.667922 0.919745 0.524201 0.313609 0.100000 0.100000 0.526845 0.866676 0.471580 0.425855 0.599563 1.078629 0.190160 0.408027 0.907407 1.117966 0.268283 0.709577 0.330862 1.195741 0.528002 0.266193 0.373253 0.263229 
0.438362 0.619197 0.555847 0.252652 0.320311 0.100000 0.100000 0.895180 1.053791 0.761967 0.111316 0.166890 0.650107 0.495428 0.299012 0.100000 0.668967 0.123093 0.625322 0.589007 0.382547 0.216401 0.916374 0.871637 1.062134 0.237844 0.100000 1.311226 0.458578 1.245733 0.284386 0.541941 0.475848 1.127650 0.100000 0.902270 0.408811 0.396561 0.761360 0.161344 0.444257 0.951216 0.373600 1.218417 1.038074 0.161365 0.289977 0.348138 0.437436 0.887890 1.412517 0.602623 1.101574 0.100000 0.359732 0.693579 0.352377 0.760210 1.462261 0.486816 1.115684 0.101369 0.389178 0.577141 1.194633 0.941835 0.671571 0.810892 0.627709 0.767691 0.561829 0.331802 0.852740 0.448699 0.892799 0.296303 0.241102 0.544760 0.100000 0.534711 0.578555 
0.370461 0.100000 0.861712 0.100000 0.788238 0.331065 0.100000 0.344766 0.619856 1.080473 0.471912 0.142556 0.100000 0.442312 0.100000 0.446511 0.626260 1.039308 0.593108 1.108386 0.615914 0.467284 0.977518 0.278790 0.446379 0.354647 0.100000 0.412676 0.340651 1.003235 0.197567 0.342279 0.344358 0.933855 0.304087 0.100000 0.702183 0.318902 0.100000 0.100000 0.689516 0.547941 0.836197 0.621170 1.246151 0.217375 0.893936 0.473908 0.440644 0.900800 1.378158 0.100000 0.561156 0.537619 0.312387 0.473429 0.316675 1.104972 0.909946 0.948623 0.267195 0.173411 0.100000 0.666234 0.508733 1.090166 0.525565 0.207309 0.695755 0.251741 0.752454 0.100000 0.326630 0.100000 0.241365 0.362768 1.235289 0.415640 0.147148 0.436794 0.649843 
0.376029 0.212598 0.756512 0.100000 0.986524 0.100000 0.100000 1.139209 0.785063 0.100000 0.100000 0.672576 0.524809 0.480921 0.433430 0.363293 0.298855 0.132388 0.467127 0.100000 0.506105 0.512197 0.100000 0.586409 1.291733 0.357633 0.607772 0.225749 0.368477 1.278357 0.100000 0.630322 0.100000 0.384988 0.100000 0.243096 0.534698 0.196331 0.100000 0.100000 0.763864 0.663841 0.483524 1.631261 0.120787 0.301581 0.955826 0.100000 0.779385 0.100000 1.474486 0.100000 0.100000 0.259151 0.140396 0.430913 0.185724 0.407570 1.101678 0.427162 0.100000 0.100000 0.100000 0.246914 0.133540 0.933826 1.142581 0.226441 0.938683 0.763959 0.528195 0.407366 1.611821 0.493550 0.181161 0.342228 0.100000 0.944886 0.100000 1.113632 0.100000 
0.100000 0.711497 1.068822 0.400705 0.720103 0.354535 0.100000 0.902521 0.480529 0.550738 0.526728 0.169313 1.103348 0.664041 0.597536 0.142258 1.011403 0.710111 0.100000 0.975552 0.515398 0.496139 1.190050 0.748227 0.100000 0.833397 0.614694 0.863821 0.100000 1.119485 0.385934 0.215171 0.100000 0.105665 0.401499 0.559852 0.931677 0.647300 0.651836 0.518986 0.534396 0.440279 0.723615 1.261178 0.640691 0.238320 0.437414 0.670396 0.427978 0.100000 0.799519 0.187028 0.563434 0.581810 0.100000 1.312450 0.816828 1.367928 1.280601 0.589766 0.165001 0.193759 0.238897 0.954384 0.748440 0.701881 0.509203 0.100000 0.515845 0.333353 0.471352 0.190223 0.176877 0.741730 1.383327 0.535484 0.100000 0.618119 0.476312 0.728970 0.508818 
0.321481 0.100000 0.904209 0.100000 0.522604 0.100000 0.100000 0.436076 0.287789 0.320460 0.189598 0.100000 1.194658 0.902890 0.100000 0.238019 0.683273 0.371835 0.627991 0.640879 0.123938 0.449859 0.871921 0.507101 0.100000 0.259576 0.100000 0.100000 0.543066 0.565147 0.623196 0.100000 0.100000 0.555560 0.100000 0.100000 0.100000 0.731142 0.207629 0.776861 0.100000 0.271372 0.807670 1.159327 0.100000 0.764521 0.100000 0.100000 0.422774 0.455515 1.352252 0.100000 0.239327 0.372674 0.100000 0.638787 0.495853 0.655280 0.100000 0.330475 0.257971 0.100000 0.527472 0.100000 0.530761 0.157991 0.500926 0.100000 0.173714 0.123514 0.100000 0.432790 0.195135 0.361024 0.627608 0.271619 0.100000 0.845291 0.976579 0.142150 0.583393 
0.475719 0.185235 0.643091 0.100000 0.710073 0.322056 0.127842 0.100000 0.100000 0.234907 0.162717 0.204637 0.697558 0.100000 0.556174 0.100000 0.483514 0.100000 0.187346 0.305114 0.100000 0.100000 0.840426 0.599938 0.100000 0.100000 0.669246 0.451134 0.100000 0.462567 0.374228 1.032800 0.100000 0.100000 0.100000 0.159096 0.100000 0.100000 0.100000 0.119251 0.100000 0.175118 0.707377 0.699586 0.267114 0.100000 0.100000 0.100000 0.100000 0.100000 0.945452 0.138249 0.314993 0.100000 0.100000 0.552717 0.100000 0.100000 0.160961 0.460495 0.860790 0.100000 0.154071 0.280465 0.249684 0.546661 0.100000 0.358658 0.461234 0.269667 0.146580 0.426052 0.514103 0.785509 0.788324 0.350836 0.221295 0.138483 0.100000 0.419660 0.217236 
0.606796 0.368301 0.750837 0.100000 1.446354 1.062953 0.670805 0.390757 0.570922 0.422037 0.474164 0.100000 1.040492 1.563810 0.798883 1.395864 1.076881 0.140891 1.603153 0.159349 0.788305 0.100000 0.171918 0.402779 0.100000 0.100000 0.100000 0.338762 0.849163 0.108030 0.100000 1.399335 0.292891 0.733153 0.293996 0.100000 0.100000 0.100000 0.391546 0.223511 0.100000 0.214617 0.973876 1.493853 0.603607 0.100000 0.100000 1.130966 0.706342 0.832936 0.511991 0.100000 0.100000 0.100000 0.997879 0.497807 0.858348 0.601997 0.626452 1.114321 1.288010 0.100000 0.179684 0.596598 1.565669 1.324346 0.100000 0.528173 0.744347 0.100000 0.402743 0.439418 0.100000 0.733686 1.035800 0.424305 0.105991 1.104294 0.470052 1.450385 0.471444 
0.169246 0.100000 0.840535 0.101639 0.461056 0.100000 0.100000 0.100000 0.261111 0.737226 0.296696 0.536682 0.723481 0.100000 0.100000 0.132945 0.232239 0.436313 0.100000 0.530025 0.370828 0.283683 0.553195 0.418943 0.100000 0.100000 0.149915 0.482876 0.186801 0.565471 0.100000 0.100000 0.100000 0.100000 0.100000 0.644746 0.351271 0.392527 0.100000 0.100000 0.135654 0.495450 1.139216 0.440362 0.761397 0.493064 0.100000 0.100000 0.736076 0.386318 1.165362 0.292972 0.100000 0.271882 0.100000 1.000686 0.591222 0.751800 0.462536 0.100000 0.390752 0.100000 0.100000 0.390697 0.504923 0.362742 0.100000 0.212082 0.966386 0.100000 0.172343 0.193768 0.445076 0.256052 0.427688 0.216324 0.593695 0.866667 0.426311 0.100000 0.417789 
0.540717 0.135369 1.325983 0.507019 0.492000 0.100000 0.220404 0.661618 0.378858 0.688309 0.270599 0.220163 0.720176 1.031650 0.219442 0.272119 0.546979 0.784649 0.199410 0.406619 0.301746 0.186943 0.966866 0.593774 0.100000 0.295324 0.100000 0.345317 0.768156 1.019402 0.472691 0.370659 0.100000 0.604909 0.100000 0.531497 0.471159 0.223008 0.574620 0.100000 0.975008 0.704144 0.821534 0.794478 0.610785 0.665911 0.100000 0.194238 0.816018 0.590755 0.822737 0.156008 0.178908 0.295055 0.106328 1.179047 0.571556 0.688480 1.090040 0.359885 0.548819 0.712226 0.188986 0.398355 0.754638 0.753257 0.962265 0.884460 0.952763 0.100000 0.372397 0.601676 0.961477 0.100000 1.206775 0.763262 0.165871 0.571557 0.517074 0.860135 0.405081 
0.216617 0.100000 1.102461 0.123184 0.172876 0.224974 0.100000 0.804692 0.729343 0.357247 0.100000 0.218440 0.820038 0.663040 0.461713 0.238255 0.961279 0.276357 0.351177 0.567183 0.722975 0.212036 0.557670 1.021735 0.471522 0.100000 0.204337 0.100000 0.115511 0.716681 0.668100 0.636894 0.100000 0.370848 0.100000 0.792159 0.767949 0.301225 0.100000 0.283568 0.275693 0.777403 1.274976 1.137137 0.746142 0.490929 0.147504 0.320968 0.285017 0.813605 0.962983 0.495241 0.962437 0.559696 0.289300 0.880621 0.822285 1.217158 0.964865 0.928946 0.100000 0.539394 0.279769 0.483201 1.056285 0.785421 0.952906 0.503694 0.727990 0.643068 0.100000 0.746506 0.686043 0.497123 0.545127 0.277505 0.393151 0.379903 0.100000 0.413197 0.281392 
0.142302 0.731755 1.033855 0.498388 1.037184 0.100000 0.462458 0.100000 0.780810 0.175207 0.100000 0.488376 0.327423 0.276060 0.100000 0.254754 0.616032 1.070455 0.313952 0.827894 0.655067 0.262654 0.477182 0.604104 0.100000 0.152390 0.229391 0.100000 0.508656 0.882033 0.411388 0.422620 0.100000 0.244994 0.435039 0.298045 0.387510 0.100000 0.274316 0.452381 0.271762 0.457158 0.885996 1.072103 0.782232 0.435777 0.308180 0.100000 0.715982 0.100000 0.801885 0.100000 0.523083 0.357170 0.100000 0.303322 0.827144 0.613553 0.382447 0.622902 0.370496 0.100000 0.808030 0.760466 0.603728 0.848259 0.477853 0.427809 0.199973 0.100000 0.100000 0.365401 0.265540 0.642354 0.571723 0.100000 0.188117 0.835075 0.741242 0.366972 0.486569 
0.850287 0.386315 0.648743 0.100000 0.390176 0.294460 0.109703 0.952061 0.778180 0.746151 0.546857 0.795117 0.674962 0.624553 0.383719 0.526315 0.506245 0.404538 0.100000 0.622770 0.583657 0.482242 1.306925 0.520515 0.261012 0.100000 0.325622 0.351295 0.427282 0.715393 0.773358 0.163792 0.112330 0.244570 0.566590 0.399143 0.563581 0.564812 0.558972 0.100000 0.409764 0.635493 0.100000 1.383321 0.434682 0.714037 0.100000 0.401302 0.688695 0.638566 1.479177 0.299537 0.730177 0.419033 0.100000 0.952368 0.617414 0.627826 0.755266 0.521394 0.893836 0.820955 0.421436 0.762231 0.657417 1.221720 0.347276 0.100000 1.271350 0.448850 0.254984 0.498600 0.974116 0.573808 0.546503 0.557928 0.363695 0.100000 1.040606 0.892636 0.775846 
0.751453 0.100000 0.780662 0.100000 0.100000 0.260672 0.256368 0.100000 0.634752 0.384992 1.244603 0.100000 0.100000 1.195610 0.358942 0.852501 0.100000 0.361577 0.855075 1.660699 0.279718 0.100000 0.827766 1.035692 0.100000 0.978656 0.642413 1.169870 0.138748 1.676751 0.998117 0.757049 1.050629 0.164586 0.100000 0.100000 1.356575 0.334852 0.100000 0.100000 0.498585 0.504834 0.703168 1.319098 0.952819 0.456521 0.100000 0.100000 1.280964 0.100000 1.413660 0.100000 0.358901 0.616157 0.100000 1.117787 0.138702 0.559432 0.288839 0.100000 0.876219 0.544548 0.763823 0.338969 0.281172 0.628355 1.422210 0.100000 1.098482 0.158526 0.443128 1.187270 0.230610 0.613298 0.875495 0.345524 0.100000 0.474942 0.102622 0.568327 0.100000 
