78 Number of operations
27 Number of workers
Standard production times
0.645165 0.322247 0.392046 0.304421 0.583974 0.686314 0.680834 0.339677 0.330903 0.515265 0.534338 0.494967 0.668316 0.335537 0.267389 0.234469 0.514137 0.697001 0.468288 0.610548 0.287209 0.694973 0.311255 0.402917 0.100000 0.632400 0.125716 0.223316 0.527948 0.450558 0.464547 0.215377 0.223529 0.151928 0.395582 0.357191 0.303638 0.509179 0.697401 0.406379 0.298102 0.557791 0.100000 0.715268 0.595085 0.707839 0.359103 0.291910 0.100000 0.388478 0.349634 0.324333 0.343335 0.176226 0.608116 0.515163 0.952749 0.332512 0.250840 0.460592 0.219290 0.751811 0.531114 0.813677 0.479547 0.839618 0.544343 0.100000 0.397501 0.554662 0.535840 0.516645 0.280144 0.425966 0.278529 0.251023 0.329661 0.708154 
Production times: workers row and ops columns
0.355709 0.392484 0.574163 0.100000 0.562218 0.670975 0.544855 0.100000 0.100000 0.364402 0.100000 0.323196 0.473501 0.100000 0.286408 0.352070 0.727112 0.202423 0.326844 0.100000 0.100000 0.907414 0.100000 0.633272 0.100000 1.455719 0.100000 0.100000 0.647065 0.323509 0.100000 0.100000 0.100000 0.749445 0.634590 0.253912 0.100000 0.350955 0.371765 0.758460 0.100000 0.657526 0.100000 0.556935 0.713869 0.865388 0.215307 0.383627 0.441695 0.365874 0.612073 0.505278 0.100000 0.321452 1.031042 0.411974 1.425886 0.331731 0.100000 0.100000 0.146587 1.041122 0.463060 0.436295 0.171328 0.536878 0.100165 0.100000 0.100000 0.100000 0.527595 0.538155 0.100000 0.147834 0.516989 0.100000 0.585896 1.036820 
2.182614 0.298592 0.397370 0.100000 0.793968 0.124893 0.203329 0.100000 1.040178 0.602993 0.497007 0.946750 1.051070 0.100000 0.100000 0.144641 0.942926 0.823533 0.977891 0.452189 0.553694 1.208724 0.765518 0.419967 0.241516 0.486620 0.100000 0.100000 0.510048 0.315606 0.505527 0.100000 0.721242 0.267729 0.424760 0.100000 0.595318 1.271791 1.103327 0.125173 0.100000 1.538906 0.100000 0.100000 0.909728 0.744579 0.100000 0.100000 0.159082 0.431976 0.528822 0.453946 0.100000 0.100000 0.798519 0.821774 0.821368 0.757340 0.100000 0.705782 0.742616 0.853630 0.617045 0.631561 0.691664 1.529789 0.324765 0.303253 0.100000 0.707630 0.100000 0.378388 0.100000 0.793218 0.340057 0.100000 1.091615 1.364429 
0.100000 0.116314 0.100000 0.249531 0.604489 0.764812 0.946320 0.100000 0.100000 0.339918 1.446628 0.205649 1.039797 0.100000 0.100000 0.100000 0.902942 0.948715 0.474236 0.245144 0.730175 1.423228 0.100000 0.237787 0.100000 0.777495 0.100000 0.100000 0.100000 0.681715 0.263991 0.128300 0.100000 0.150389 0.341239 0.535105 0.147318 1.157572 0.100000 0.641058 1.011620 0.676894 0.100000 0.925215 0.100000 0.752799 0.820681 0.994937 0.574793 0.208813 0.431814 0.100000 0.118792 0.121665 0.134337 0.518649 0.587677 0.100000 0.100000 0.825491 0.828719 0.373745 0.677025 0.100000 0.100000 0.924731 1.574328 0.412282 0.100000 0.557868 0.100000 1.345340 0.100000 0.100000 0.100000 0.661207 0.325012 0.775141 
0.637729 0.100000 0.625472 0.257723 0.979607 0.879919 0.589844 0.144167 0.791559 0.904210 0.838879 0.641143 1.261795 0.647684 0.301660 0.156900 0.892744 1.307680 0.220906 0.459288 0.657196 0.968768 0.596333 0.948610 0.100000 0.426425 0.541233 0.616220 0.643351 0.510700 0.716591 0.440747 0.100000 0.100000 0.355602 0.419050 0.100000 0.159512 0.724590 0.838347 0.363592 0.765499 0.100000 0.799460 1.222380 0.560264 0.646112 0.478548 0.160616 0.795821 0.350621 0.100000 0.200413 0.522585 0.647079 1.134576 0.874932 0.889977 0.100000 0.586859 0.293554 0.610567 0.638223 0.558067 0.520031 0.665631 0.826410 0.130753 0.804184 0.754956 1.294574 0.696058 0.372423 0.514813 0.776489 0.100000 0.155747 0.851988 
0.581190 0.193163 0.586508 0.146247 0.615000 0.828136 1.204919 0.317505 0.343883 0.124801 0.185628 0.452875 1.137036 0.364449 0.689828 0.672200 1.059350 0.889020 0.948171 1.339498 0.601647 0.775851 0.345470 0.680962 0.271107 1.072119 0.736961 0.448819 0.603328 0.426403 1.351101 0.100000 0.234506 0.424322 0.328501 0.754194 0.246472 0.276008 0.679223 0.680007 0.698358 0.154655 0.340290 0.703425 0.726023 0.346621 0.100000 0.191606 0.301449 0.294991 0.690935 0.100000 0.565466 0.435202 0.810474 0.100000 1.029391 0.204778 0.138989 0.581518 0.100000 0.603271 0.723691 0.940203 0.504590 1.060034 0.357801 0.615786 0.488824 0.633470 1.239795 0.909470 0.100000 0.100000 0.649853 0.397305 0.237414 0.603632 
0.646965 0.100000 0.422638 0.100000 0.100000 1.340001 0.377040 1.576755 0.100000 0.100000 0.495501 0.805250 0.264486 0.545347 0.100000 0.331172 0.976169 0.276648 0.774569 0.394186 0.139635 1.050022 0.100000 0.526606 0.100000 0.698763 0.258828 0.100000 0.100000 0.195665 0.841386 0.140811 0.100000 0.651136 0.315410 0.100000 0.100000 1.040303 0.996389 0.137793 0.460859 0.100000 0.435833 0.634027 1.535294 0.366576 0.100000 0.100000 0.358933 0.100000 0.100000 0.288631 0.100000 0.100000 0.194232 0.175339 1.117316 0.356750 1.855713 0.689593 1.004081 0.588151 1.111977 0.844774 1.397726 0.100000 1.168556 0.586443 0.191215 0.100000 0.100000 0.100000 0.100000 0.539523 0.100000 1.082089 0.100000 1.092930 
1.201647 0.707001 0.490227 0.778014 0.847652 1.154985 0.729094 0.113969 0.278889 0.435846 0.531529 1.176253 0.526332 0.275133 0.466521 0.100000 0.373295 0.750775 0.291260 0.525610 0.433504 0.751555 0.276857 0.424112 0.100000 0.657197 0.100000 0.100000 0.615914 0.499363 0.293882 0.319001 0.301595 0.100000 0.642332 0.185808 0.100000 0.113287 0.775685 0.541213 0.100000 0.420728 0.100000 0.651900 1.108093 0.307344 0.654002 0.357029 0.603402 0.778605 0.100000 0.100000 0.100000 0.613634 1.065671 0.400683 1.492548 0.284084 0.288074 0.529650 0.744801 0.218984 0.339829 1.022793 0.142925 1.122763 0.429548 0.100000 0.283512 0.506164 0.519251 0.575204 1.041649 0.842407 0.399125 0.100000 0.455143 0.939780 
1.116616 1.295366 0.646508 0.100000 0.400486 1.083294 0.665852 0.790628 0.100000 0.259236 0.589408 0.392750 0.825458 0.944122 0.578903 0.337553 0.589197 0.330730 0.570178 0.633007 0.551725 1.129126 0.233683 0.895034 0.499718 1.145402 0.681721 0.799974 0.463763 0.467231 0.849112 1.028000 0.100000 0.100000 0.631196 0.414669 0.832250 0.720608 0.201737 0.976964 0.805456 0.755469 0.199348 0.878536 0.435894 0.968047 0.624503 0.555219 0.100000 0.522901 1.209083 0.860361 0.965358 0.108798 0.599895 0.403515 0.303097 0.810188 0.100000 0.244496 0.545565 0.165398 0.100000 0.555000 0.337265 1.525900 0.128890 0.100000 1.098159 0.284196 0.696198 0.355583 0.990222 0.280927 0.322024 0.100000 0.427252 0.611890 
1.061864 0.230521 0.766637 0.744453 0.100000 0.100000 0.702199 0.577368 0.100000 0.848096 0.444549 0.387669 0.607553 0.520679 0.490360 0.550698 0.511635 1.173099 0.136591 0.593242 0.538214 0.100000 0.226889 0.100000 0.100000 0.266971 0.444519 0.745251 0.293593 0.553450 0.564244 1.091373 0.848214 0.997576 0.100000 0.308046 0.329433 1.188872 0.190371 0.100000 0.658795 0.482962 0.100000 1.374449 0.828003 0.904684 0.748771 0.100000 0.124849 0.558782 0.164521 0.499193 0.767314 0.100000 1.309286 0.100000 1.249036 0.413319 0.142778 0.905561 0.168949 0.536494 0.219287 1.278993 0.703096 1.076451 0.839257 0.639631 0.100000 1.233627 0.480555 0.392046 0.570688 0.100000 0.693884 0.100000 1.046966 0.445179 
0.100000 0.100000 0.394509 0.100000 0.269032 0.119028 1.374759 0.459506 1.277960 0.966168 0.290068 0.100000 0.480638 0.140955 0.194054 0.132789 0.100000 0.441515 0.497179 0.100000 0.193622 0.276760 1.162784 0.965879 0.373184 0.100000 0.100000 0.100000 0.952032 0.100000 0.375583 0.100000 0.402270 0.100000 0.294985 0.100000 0.633115 0.811561 1.033911 1.238714 0.139610 0.100000 0.224041 0.542892 0.370496 0.100000 0.100000 0.472512 0.330285 0.598497 0.664131 0.351896 0.100000 0.100000 0.500654 0.784432 1.399776 1.487507 0.575854 0.100000 0.100000 0.739593 0.393737 0.977719 0.271965 1.557898 0.305226 0.100000 0.998179 0.100000 0.818525 0.510036 0.100000 0.393685 0.100000 0.529060 0.566096 1.667146 
0.563409 0.244481 0.618774 0.471613 0.561128 0.766911 0.187274 0.100000 0.597489 0.100000 0.730561 0.574224 0.695229 0.710656 0.432572 0.511131 0.602621 0.676257 0.710363 0.925453 0.843740 0.543784 0.158846 0.163824 0.450511 1.077622 0.100000 0.100000 0.454413 0.911722 0.887119 0.434548 0.440335 0.556462 0.244218 0.103367 0.222921 0.463020 1.424428 0.100000 0.212367 0.100000 0.315263 0.210662 0.528365 0.375616 0.792974 0.320325 0.640397 0.558684 0.425489 0.100000 0.100000 0.100000 0.964207 0.910546 1.238719 0.380174 0.231815 0.511308 0.544777 0.833338 0.685227 0.192275 0.450132 0.942169 0.777321 0.100000 1.103151 0.278791 0.271528 0.269134 0.100000 0.668326 0.301614 0.434633 0.480516 0.757301 
0.897653 0.320262 0.887397 0.175999 1.110600 0.469739 0.530643 0.142257 0.686755 0.358849 0.193015 0.200676 0.990256 0.644834 0.494006 0.317330 0.513127 0.798187 0.823149 0.477767 0.333482 1.060202 0.819669 0.460858 0.235723 0.857168 0.100000 0.758010 1.023378 0.548146 0.272249 0.100000 0.428500 0.247591 0.212764 0.282978 0.171227 0.600392 1.138463 0.100000 0.472114 0.807025 0.691654 0.524373 0.742290 1.207564 0.310508 0.359500 0.766740 0.373384 0.214254 0.422725 0.400734 0.100000 1.027235 0.129139 1.310483 0.144768 0.329165 0.100000 0.424579 0.527900 1.258120 0.876320 0.752881 1.213929 0.689089 0.100000 0.908842 1.007935 0.401841 0.797366 0.121872 0.640207 0.260975 0.106395 0.186193 1.236201 
1.513041 0.826337 0.462547 0.577425 0.508532 0.777714 1.541397 0.381068 0.811809 0.648052 0.100000 0.818303 1.064369 0.100000 0.878025 1.004240 0.100000 0.522384 0.179632 0.548611 0.137908 0.585740 0.886194 1.296624 0.100000 0.517291 0.590756 0.549546 0.363026 0.935650 0.100000 0.100000 0.350487 0.100000 0.100000 0.100000 0.100000 0.100000 1.184090 0.752093 0.167366 0.632969 0.100000 0.503823 0.453629 0.575787 0.442004 0.100000 0.221532 0.189012 0.625439 1.011048 0.100000 0.307099 0.542009 0.837898 0.869979 0.776871 0.100000 0.635054 0.324173 0.267973 0.458584 0.772391 1.525343 0.740156 1.045806 0.274153 0.846590 0.403322 0.118665 1.255359 0.649785 0.376258 0.100000 0.100000 1.254708 0.100000 
1.098989 0.346890 0.537751 0.393371 1.212196 1.187239 0.945873 0.242988 0.100000 0.363878 0.527258 0.974907 0.795811 0.509301 0.100000 0.397181 0.363450 0.629431 0.100000 0.822440 0.471427 0.866707 0.428569 0.342870 0.372108 0.732909 0.141197 0.100000 0.614631 0.778936 0.733514 0.257632 0.299152 0.580398 0.331109 0.100000 0.174971 1.129400 1.211006 0.811934 0.100000 0.902547 0.255981 0.482130 0.723326 0.711471 0.100000 0.349903 0.130947 0.100000 0.281319 0.374437 0.117399 0.100000 1.041161 0.517655 0.834314 0.396508 0.154903 0.331117 0.100000 0.741768 0.520835 0.826367 0.703752 0.637385 0.794178 0.100000 0.258286 0.100000 0.643033 0.669255 0.100000 0.491400 0.687175 0.100000 0.502810 0.599793 
0.515963 0.777944 0.396740 0.238942 0.642615 0.583692 0.511398 0.539653 0.541179 0.530761 0.100000 0.701570 0.613556 0.388915 0.150247 0.402282 0.818239 0.803427 0.520189 0.538122 0.642682 0.958878 0.685576 0.333738 0.334640 0.378778 0.646717 0.168111 0.206936 0.177127 1.068737 0.456036 0.604791 0.289498 0.266757 1.125303 0.374422 0.224326 0.576750 1.064302 0.260883 0.535426 0.169479 0.100000 0.100000 1.133027 0.216098 0.199601 0.100000 0.696399 0.708193 0.708557 0.964345 0.100000 0.897467 0.829147 0.728804 0.879628 0.714262 0.100000 0.235258 0.873861 0.901301 0.325491 0.830962 0.819900 0.779968 0.100000 0.245658 0.695654 0.842926 0.100000 0.369576 0.448655 0.182882 0.666204 0.524175 0.629561 
0.918701 0.100000 0.100000 0.105565 0.100000 0.384189 1.579500 0.260957 0.325139 1.381659 0.100000 0.347316 1.417577 0.651854 0.251042 0.300815 0.100000 1.086955 0.912888 0.441169 0.331938 1.107958 0.690606 1.075259 0.226527 0.234920 0.100000 0.100000 0.848631 0.555535 0.100000 0.100000 0.100000 0.751627 0.100000 0.317363 0.100000 0.763125 1.386431 0.100000 0.474059 0.100000 0.100000 0.730844 0.948717 0.587457 0.100000 0.832176 0.100000 1.755322 0.100000 0.128616 0.203270 1.202931 0.100000 1.040710 1.020552 0.265048 0.785045 0.100000 0.100000 1.080183 0.100000 1.858365 0.373640 0.542694 0.954150 0.842935 0.302678 0.200944 0.835530 0.923556 0.833813 0.554843 0.100000 0.100000 0.643116 0.305449 
0.100000 1.074968 0.618323 1.025544 0.100000 0.564157 0.634755 0.170115 0.388883 0.988129 0.100000 0.241586 0.321753 0.547031 0.739211 0.100000 0.100000 1.015440 0.535870 1.300457 1.229441 0.595859 0.633346 1.047235 0.100000 0.100000 0.100000 0.100000 0.771081 0.100000 0.895177 0.123762 0.426172 0.100000 0.785087 0.100000 0.582011 0.456554 0.817489 0.998979 0.761232 0.335816 0.100000 0.766117 0.100000 0.100000 0.474044 0.100000 0.316317 0.100000 0.120435 0.309885 0.100000 0.100000 0.650918 1.862185 1.339751 0.104988 0.171179 0.239746 0.100000 0.100000 0.378661 1.083137 0.265541 1.174340 1.038526 0.100000 0.100000 0.969768 0.989739 0.357132 0.276113 0.542809 0.100000 0.114201 0.337917 0.489539 
0.594401 0.100000 0.302535 0.669275 1.647558 0.810236 0.511148 0.884356 0.522647 0.635123 0.884813 1.402448 0.408261 0.100000 0.146584 0.172184 0.417981 0.113602 0.100000 0.753812 0.705341 0.461911 0.100000 0.100000 0.100000 0.751047 1.062940 0.358033 0.863445 0.100000 0.205820 0.309525 0.299466 0.100000 0.432143 0.100000 0.157086 0.100000 0.268498 0.599889 1.033184 0.866928 0.238483 0.651233 1.192645 0.644920 0.100000 0.720951 0.100000 0.827670 0.100000 0.100000 0.879671 1.089288 0.946865 0.960472 0.477184 0.633616 0.100000 0.383892 0.918325 1.032266 0.882413 2.066397 1.587208 0.714208 0.389065 0.100000 0.488487 0.541616 0.870476 0.100000 0.100000 0.100000 0.528017 0.947414 0.305420 0.995943 
0.201986 0.156492 0.588619 0.100000 0.891637 0.398954 0.778973 0.582503 0.313098 0.823275 0.549698 0.909360 0.373711 0.389411 0.304708 0.100000 0.522535 0.590900 0.995944 0.730516 0.105987 0.429908 0.355787 0.383436 0.100000 0.100000 0.234972 0.100000 0.883029 0.100000 0.248145 0.262263 0.116981 0.100000 0.300920 0.345327 0.100000 0.299390 0.645619 0.100000 0.100000 0.569635 0.100000 0.611267 0.626818 1.168177 0.741356 0.100000 0.100000 0.418328 0.100000 0.100000 0.100000 0.100000 0.100000 0.100000 1.340977 0.100000 0.100000 0.689515 0.230838 0.597430 0.100000 0.488325 0.361215 0.718980 0.586379 0.145045 0.100000 0.982125 0.586722 0.100000 0.401550 0.121761 0.100000 0.100000 0.100000 0.787360 
0.493047 0.165478 0.404921 0.101513 0.770224 0.545537 0.795631 0.450281 0.100000 0.490067 0.594782 0.100000 0.634631 0.402365 0.388772 0.100000 0.201374 0.813303 0.100000 0.545534 0.100000 0.398530 0.429816 0.100000 0.511383 0.470885 0.100000 0.100000 0.322419 0.383459 0.100000 0.191582 0.100000 0.135303 0.100000 0.216593 0.569922 0.340842 0.881710 0.627718 0.283596 0.874447 0.100000 0.181606 0.419060 0.236564 0.552876 0.410970 0.100000 0.567452 0.465321 0.475555 0.551627 0.100000 0.685793 0.109319 0.771400 0.165163 0.489412 0.132652 0.608967 0.431325 0.862709 1.308458 0.169319 0.590698 0.100000 0.418800 0.603924 0.724062 0.311333 0.245790 0.291174 0.157820 0.332947 0.100000 0.673811 0.218227 
0.649465 0.100000 0.100000 0.100000 0.100000 1.299369 1.584626 0.100000 1.297206 0.444501 0.659046 0.115117 0.307544 0.150043 0.100000 1.523015 0.210329 0.501663 0.954252 0.100000 0.132908 0.841185 0.100000 0.100000 0.100000 1.433069 0.100000 0.891386 0.482983 0.592638 0.440616 0.703803 0.311304 0.225510 0.401106 0.632765 0.146491 0.248599 1.284285 0.330031 0.100000 0.917875 0.134471 0.810805 0.100000 0.100000 0.154789 1.288786 0.100000 0.581226 1.252116 0.645547 0.100000 0.437254 0.128961 0.417361 0.479148 0.411784 0.100000 0.380936 0.100000 1.165804 0.616850 0.100000 0.100000 0.157452 0.100000 0.100000 0.865193 1.106177 0.296686 0.520070 0.533861 0.100000 1.210118 0.100000 0.100000 1.585542 
0.562555 0.100000 0.140626 0.100000 0.601590 0.505823 0.390547 0.280798 0.100000 0.194072 0.121282 0.426468 0.373020 0.143210 0.330835 0.100000 0.687697 1.241828 0.100000 0.467079 0.100000 0.213310 0.368273 0.338381 0.342404 0.100000 0.123738 0.100000 0.211561 0.888988 0.457151 0.100000 0.100000 0.100000 0.312727 0.114273 0.208915 0.100000 0.503643 0.100000 0.100000 0.511046 0.100000 0.586305 0.688260 0.997443 0.401089 0.316735 0.100000 0.100000 0.370223 0.155806 0.100000 0.232493 0.683734 0.356505 0.736186 0.273529 0.472222 0.100000 0.100000 0.975808 0.585879 0.467465 0.169266 0.742313 0.403016 0.100000 0.477539 0.100000 0.722859 0.474212 0.100000 0.345668 0.100000 0.100000 0.607214 0.398603 
1.016015 0.275731 0.202637 0.100000 0.100000 0.100000 0.448244 0.226655 1.059009 0.132676 0.823502 1.280576 0.812788 0.897623 0.299272 0.342053 0.701410 1.526002 0.797758 1.405729 0.449089 1.494255 0.100000 0.887453 0.154134 0.248535 0.100000 0.396997 0.374328 0.100000 1.287844 0.100000 0.100000 0.100000 0.100000 0.953066 0.356670 0.100000 0.163568 1.527910 0.473272 0.218773 0.100000 0.541221 1.559240 0.100000 1.234436 0.105045 0.654568 0.428949 0.324286 0.841030 0.247730 0.100000 0.890049 0.271495 1.025603 0.100000 0.188715 0.313462 0.851005 0.710582 0.100000 1.273083 1.276651 1.279201 0.896280 0.100000 0.959775 0.417121 0.100000 0.296442 0.809367 0.754557 0.100000 0.548583 0.750053 1.115214 
0.870599 0.783414 0.351369 0.437479 0.796679 0.821199 0.826789 0.371028 0.673214 0.456557 0.898950 0.285622 0.709466 0.675708 0.266133 0.517786 0.636628 0.627971 0.100000 0.367516 0.188099 0.708354 0.799298 0.146726 0.100000 0.482703 0.100000 0.419473 0.959339 0.490776 0.100000 0.696559 0.639514 0.333309 0.100000 0.173793 0.746495 0.212644 0.410539 0.422621 0.967753 0.131387 0.575152 1.369933 0.539200 0.498347 0.636036 0.826193 0.289528 0.561420 0.349690 0.215070 1.436187 0.137496 0.747483 0.821713 0.703986 0.476249 0.100000 0.858537 0.100000 0.674109 0.545837 0.950225 0.449879 0.915608 0.857991 0.304149 0.436286 1.212834 1.008844 0.144259 0.100000 0.228593 0.560846 0.191243 0.177128 0.835224 
0.100000 0.633642 0.362260 0.100000 0.561787 1.316703 0.139668 0.139415 0.227515 1.305060 0.117487 1.289377 1.402438 0.535054 0.100000 1.200642 0.312410 1.240244 0.183885 1.357237 0.266763 1.035259 0.100000 0.100000 0.100000 0.318155 0.420800 0.100000 1.311389 1.436789 1.158071 0.947653 0.100000 0.100000 0.810006 0.221041 0.198115 0.619720 1.056821 0.100000 0.311830 1.449058 0.100000 1.294987 0.349249 0.678116 0.801278 0.703610 1.679717 0.100000 0.100000 0.341610 0.230531 0.754617 0.100000 1.006486 0.653802 1.014863 0.946165 0.549839 0.932408 0.100000 0.100000 0.775685 0.141704 0.317443 0.551531 0.133196 0.315026 0.263712 0.474769 0.199333 0.100000 1.138043 1.201371 0.936518 0.100000 0.886034 
0.409560 0.154611 0.100000 0.100000 0.967371 0.763606 0.100000 0.185028 0.950895 0.702170 0.199154 0.911651 0.554451 0.395652 0.100000 1.039146 0.100000 1.482642 1.478570 0.100000 0.100000 1.110296 0.805591 0.658488 0.108738 0.563640 0.362789 0.388223 1.408874 1.139131 0.142469 0.100000 0.107578 0.652272 0.100000 0.538473 0.843668 0.796572 1.096941 0.384629 0.100000 0.100000 0.142509 1.710394 0.329011 0.100000 0.100000 0.252398 0.291648 0.100000 0.359035 1.285917 0.771047 0.947724 1.133089 0.953816 0.571172 0.100000 0.319703 0.100000 0.481262 0.524290 0.981960 1.464066 1.184788 1.322197 0.206243 0.100000 0.432422 0.256337 0.614828 1.410610 0.172731 0.308755 0.573998 0.100000 0.902975 0.821836 
0.593810 0.100000 1.063758 0.474832 0.817403 0.628922 0.100000 0.550529 0.455026 0.798025 0.945231 0.787692 0.785670 0.100000 0.853487 0.321605 0.360088 1.105577 0.100000 0.918757 0.758534 0.459951 0.138991 0.171698 0.100000 0.424192 0.100000 0.100000 1.266711 0.454552 0.401809 0.210419 0.100000 1.053066 0.843288 0.541985 0.248923 0.507002 0.415049 0.615759 0.311046 0.635476 0.100000 0.867368 0.692922 0.777158 0.195550 0.158840 0.100000 0.721623 0.264823 0.100000 0.390987 0.247484 0.776787 1.134651 0.908815 0.356487 0.604944 0.625929 0.775188 1.129894 0.733136 0.899139 0.875164 1.201174 0.877026 0.351057 0.100000 0.644087 0.325023 0.593135 1.010035 0.100000 0.242311 0.250251 0.571144 0.730434 
