80 Number of operations
29 Number of workers
Standard production times
0.290051 0.119425 0.716550 0.190971 0.451519 0.100000 0.100000 0.336942 0.571636 0.414269 0.100000 0.116889 0.577166 0.526380 0.408052 0.219375 0.435065 0.438886 0.292950 0.555470 0.434268 0.311430 0.740981 0.584869 0.139028 0.323885 0.251275 0.312576 0.314710 0.676281 0.419674 0.326109 0.145356 0.602997 0.103788 0.342580 0.388635 0.242379 0.413542 0.192219 0.347265 0.507650 0.705652 0.791335 0.495640 0.423869 0.228507 0.247610 0.527861 0.409505 1.022967 0.293508 0.469117 0.314897 0.100000 0.751079 0.347161 0.569259 0.817347 0.505296 0.596762 0.100000 0.221035 0.466013 0.609718 0.669980 0.649135 0.261762 0.656215 0.254587 0.240166 0.399291 0.502519 0.366428 0.669267 0.276902 0.251393 0.603187 0.288969 0.487252 
Production times: workers row and ops columns
0.432297 0.263186 0.679821 0.217504 0.526096 0.100000 0.689060 0.743491 0.659379 0.100000 0.100000 0.155616 0.682617 0.247742 0.607767 0.100000 0.444816 0.821138 0.121497 0.353222 0.480546 0.733152 0.661672 0.626842 0.100000 0.100000 0.100000 0.399344 0.342979 0.598484 0.183724 0.407355 0.760918 0.465832 0.100000 0.335806 1.027124 0.100000 0.100000 0.297494 0.256874 0.466531 0.877887 0.100000 0.640694 0.679120 0.100000 0.114357 0.852206 0.100000 1.125021 0.100000 0.340954 0.163965 0.100000 0.812464 0.364546 1.132833 0.668673 0.492649 0.529181 0.100000 0.190885 0.412631 0.687836 0.164813 0.798304 0.195727 0.183391 0.634432 0.882492 0.199593 0.635663 0.293533 0.513288 0.399879 0.100000 0.504675 0.100000 0.273444 
0.100000 0.661234 0.777453 0.517791 0.406941 0.550436 0.801243 0.445783 0.529836 0.100000 0.100000 0.137967 0.100000 1.516226 0.111042 0.713484 0.526617 0.900883 0.559536 0.262904 0.153999 0.381816 1.624781 0.190982 0.108167 0.443098 0.288661 0.481728 0.453748 1.288264 0.100000 0.753330 0.898781 0.864664 0.311444 0.634274 0.768366 0.448724 0.997460 0.100000 0.100000 0.100000 0.100000 0.100000 0.999336 0.100000 0.433892 0.217374 0.100000 0.712975 0.100000 0.100000 0.616898 0.430649 0.239017 1.096095 0.100000 0.143340 0.862726 1.086397 0.757653 0.770659 0.291873 1.334705 0.797603 1.409108 0.100000 0.100000 0.566717 0.100000 0.477480 0.157009 0.690461 0.740452 0.100000 0.398707 0.100000 0.378872 0.524249 0.100000 
0.564492 0.100000 0.603987 0.380817 0.393671 0.100000 0.984699 0.335332 0.238406 0.100000 0.100000 0.670531 0.100000 0.821832 0.427030 0.100000 0.100000 0.399364 0.687897 1.648559 0.100000 0.512352 0.343034 0.944985 0.884834 0.374474 0.800394 0.370153 0.975925 1.167861 1.048269 0.557395 0.100000 1.044192 0.471773 0.100000 0.950748 0.100000 1.143541 0.100000 0.565571 0.526761 1.450690 2.090231 0.314182 0.100000 0.705515 0.100000 1.078309 0.964957 0.899035 0.100000 0.551798 0.328669 0.100000 0.369673 0.788344 0.149848 0.478081 0.472351 0.100000 0.121939 0.100000 0.938471 0.647345 0.479737 0.464760 0.794570 0.693291 1.086059 0.523043 0.424505 0.349932 1.279315 0.488170 0.176113 0.100000 0.517137 0.876083 0.746518 
0.499857 0.248454 0.902530 0.100000 0.726853 0.100000 0.100000 0.342861 0.450374 0.100000 0.100000 0.444830 0.383030 0.914788 0.100000 0.100000 0.756369 0.302760 0.442619 0.395252 0.423285 0.100000 0.647284 0.404968 0.100000 0.101663 0.384685 0.283032 0.343739 0.649356 0.100000 0.100000 0.100000 0.599021 0.235953 0.100000 0.362888 0.100000 0.489664 0.100000 0.100000 0.100000 0.821880 0.697392 0.100000 0.401072 0.182768 0.480959 0.288175 0.873115 0.491842 0.457044 0.376756 0.166067 0.100000 0.100000 0.204451 0.711149 0.512168 0.100000 0.442545 0.100000 0.100000 0.100000 0.625184 0.219322 0.925028 0.100000 0.730692 0.100000 0.269595 0.100000 0.256619 0.216697 0.778982 0.100000 1.223400 0.348164 0.270269 0.100000 
0.491879 0.239615 0.877392 0.546512 0.527278 0.100000 0.276449 0.416908 0.864468 0.673343 0.633839 0.557866 0.581465 0.621836 0.472319 0.100000 0.464080 1.059514 0.100000 0.616143 0.336124 0.100000 1.329737 0.730690 0.100000 0.393300 0.365591 0.100000 0.750294 0.992239 0.932927 0.451548 0.100000 1.267026 0.274806 0.646634 0.486744 0.282289 0.576486 0.360672 0.849575 0.953112 0.318908 1.060492 1.164377 0.724333 0.611546 0.230227 0.813664 0.280398 1.412433 0.171071 0.964694 0.321996 0.100000 0.669549 0.220969 0.985199 1.189106 0.864574 0.492857 0.100000 0.201792 0.465593 0.623382 0.747561 0.847109 0.143391 0.543685 0.159559 0.410116 0.637437 0.100000 0.617901 0.698868 0.741286 0.415647 0.835236 0.100000 0.568321 
0.295031 0.100000 0.493116 0.203258 0.306542 0.380488 0.582736 0.653508 0.810000 0.117810 0.418561 0.610512 0.194749 0.855485 0.933752 0.207077 0.408069 0.166326 0.247142 0.586049 0.460336 0.641820 0.652921 1.666039 0.146916 0.308460 0.355831 0.168790 0.178369 0.382017 0.579257 0.344897 0.329730 0.326791 0.240726 0.100000 0.288410 0.479694 0.100000 0.371294 0.688493 0.888140 0.882596 0.822579 0.100000 0.903959 0.570038 0.635702 0.758346 0.713569 1.683632 0.438719 0.398519 0.797379 0.425220 1.094001 0.100000 1.166975 1.010668 0.670010 0.554337 0.102098 0.108000 0.264909 0.743993 1.074107 0.533125 0.234365 1.002235 0.100000 0.197634 0.100000 0.979812 0.402173 0.208355 0.109164 0.100000 0.909741 0.100000 0.483954 
0.742530 0.271533 1.444210 0.100000 1.474873 0.100000 0.100000 0.100000 0.673914 0.811158 0.113962 0.909262 1.191284 0.522898 0.468681 0.100000 0.449071 0.786111 0.501158 0.372637 0.855167 0.100000 1.062093 0.613673 0.676655 0.521670 0.136604 0.100000 0.447540 0.794961 0.100000 0.127866 0.100000 1.307679 0.100000 0.825214 0.264270 0.787212 0.100000 1.006432 0.100000 0.520414 1.400287 0.943427 1.229027 0.441662 0.736389 0.605450 1.393950 0.100000 0.751903 0.100000 0.302133 0.100000 0.100000 0.100000 0.844837 0.395365 0.121537 0.840863 0.437453 0.795697 0.100000 0.100000 0.100000 1.127645 0.345661 0.718768 0.247887 1.746163 0.410304 0.100000 0.439829 0.829719 0.566904 0.472295 1.045938 1.077123 0.620056 0.424372 
0.871064 0.100000 0.467785 0.100000 0.674405 0.100000 0.632377 0.899850 0.992928 0.100000 0.100000 0.100000 0.100000 0.100000 0.488774 0.100000 0.850945 1.197930 0.100000 0.788550 0.458316 0.100000 0.652595 0.689835 0.100000 0.100000 0.100000 0.307574 0.100000 0.263239 0.616594 0.552005 1.103347 0.100000 0.119673 0.100000 0.769335 0.100000 0.973862 0.912584 0.305625 0.100000 0.215796 0.995401 0.959015 1.405682 0.100000 0.100000 1.070431 0.563407 1.264238 1.056963 0.297141 0.100000 0.232629 0.330158 0.423383 0.404859 0.269225 1.265755 0.893710 0.100000 0.776331 0.165856 2.141865 0.100000 0.683678 0.148837 0.100000 0.100000 0.100000 0.100000 0.701918 0.353864 1.297264 0.100000 0.738444 0.669233 0.100000 0.125149 
0.413125 0.403812 0.824518 0.100000 0.572214 0.100000 0.338429 0.100000 1.210246 0.389826 0.191445 0.677181 0.320565 0.655517 0.214021 0.212045 0.481481 1.067787 0.690402 0.616076 0.100000 0.636185 0.753307 0.637527 0.123468 0.403937 0.360693 0.100000 0.414468 1.394334 0.368275 0.543823 0.190090 0.474435 0.100000 0.606609 0.259002 0.635608 0.100000 0.100000 0.280065 0.669742 0.900414 0.650229 0.100000 0.252235 0.375903 0.353173 0.781505 0.766949 1.108945 0.161729 0.727409 0.360293 1.117635 0.609572 0.408995 0.951951 0.811269 0.767600 0.423934 0.100000 0.100000 0.641646 0.448803 0.895197 0.571292 0.100000 1.035556 1.129128 0.410004 0.100000 0.803555 0.100000 0.402840 0.732304 0.140444 1.035586 0.477900 0.724983 
0.334766 0.695153 0.766326 0.271639 0.873616 0.566541 0.646755 0.320947 0.502421 0.527511 0.115974 0.116796 0.554655 0.581409 0.593285 1.062217 0.192968 1.132919 0.346148 1.009688 0.845442 0.561911 1.159704 0.616240 0.222876 0.172570 0.448786 0.278770 0.100000 0.751139 0.614348 0.448890 0.467385 0.616419 0.100000 0.330129 0.537970 0.460435 0.759858 0.764960 0.174871 0.864371 1.173706 1.008891 0.706864 0.845707 0.100000 0.408582 0.839341 0.393223 0.916673 0.356407 0.535200 0.460290 0.955905 0.749366 1.131864 0.818833 0.783256 0.823819 0.748799 0.495015 0.237527 0.448276 0.277929 0.929042 0.846957 0.691913 0.727407 0.441124 0.830291 0.972778 0.425868 0.512794 0.356197 0.423495 0.528561 0.630325 0.714158 0.668155 
0.882695 0.311730 0.537902 0.569680 0.636975 0.100000 0.100000 0.253479 0.338333 0.459439 0.397367 0.100000 0.100000 0.858577 0.414546 0.610641 1.566631 0.100000 0.100000 0.100000 0.100000 0.100000 1.588339 0.950676 0.508780 0.629517 0.126688 0.387232 0.100000 0.206401 0.131647 1.295171 0.661620 1.183687 0.557950 1.097528 0.610726 0.100000 0.516315 0.263695 0.100000 0.240105 0.100000 0.307959 0.709691 1.018696 0.100000 1.004145 0.100000 0.164352 1.210094 0.895904 0.422742 1.299998 0.100000 0.629613 0.100000 0.480070 0.361279 1.110085 0.475386 0.682636 0.410942 0.906952 0.100000 0.850657 1.131892 0.297925 1.028129 0.100000 0.106146 0.721233 0.829829 0.516525 0.865611 0.103354 0.100000 1.250931 0.484028 0.100000 
0.447439 0.289498 0.939108 0.253519 0.100000 0.293705 0.100000 0.100000 0.576145 0.532412 0.100000 0.100000 0.100000 1.426225 0.247835 0.100000 1.612511 0.100000 0.258276 1.314599 0.100000 0.100000 0.508844 0.824152 0.100000 1.008204 0.280936 0.288780 0.100000 1.051277 0.239964 0.111234 0.100000 1.543695 0.100000 0.993796 0.100000 0.100000 0.321217 0.539213 0.100000 0.483221 0.570327 1.237603 1.023729 0.100000 0.125310 0.164057 0.779238 0.756498 0.288272 0.552173 1.213083 0.977623 0.100000 0.652230 0.293034 1.083637 0.427794 0.922962 0.100000 1.053889 0.100000 0.317024 0.503223 0.605238 1.181471 0.100000 1.436884 0.775373 0.100000 0.408594 0.283123 0.140007 0.546620 0.609365 0.374373 1.345034 0.254283 1.161747 
0.597931 0.147146 0.642460 0.100000 0.734470 0.100000 0.100000 0.379367 0.861292 0.170778 0.100000 0.506723 0.225390 0.921955 0.263249 0.100000 0.100000 0.140963 0.257636 0.600702 0.777106 0.388849 1.195697 0.600970 0.100000 0.100000 0.368063 0.100000 0.100000 0.578363 0.553269 0.100000 0.249863 0.100000 0.100000 0.474052 0.610002 0.495774 0.494092 0.642177 0.623734 0.100000 0.649516 0.888604 0.382100 0.433946 0.161409 0.624044 0.894612 0.370178 0.944307 0.100000 0.537395 0.553510 0.120077 0.587153 0.406533 0.892701 0.860798 0.670035 0.100000 0.100000 0.100000 0.137113 0.582911 0.703304 0.538285 0.100000 0.641344 0.275425 0.460887 0.115154 0.100000 0.100000 0.758475 0.186763 0.165391 0.804378 0.621512 0.125591 
0.861931 0.100000 0.423234 0.100000 0.386002 0.100000 0.397383 0.127376 0.366297 0.269857 0.100000 0.100000 0.467736 0.611980 0.315382 0.100000 0.100000 0.428875 0.371394 0.586313 0.100000 0.100000 0.578962 0.394752 0.131037 0.488577 0.100000 0.100000 0.155594 0.215032 0.504691 0.100000 0.352897 0.563796 0.206509 0.100000 0.294184 0.100000 0.311829 0.100000 0.100000 0.690276 0.789720 0.223077 0.844518 0.100000 0.818153 0.127544 0.100000 0.100000 0.878894 0.282232 0.486373 0.100000 0.100000 0.256856 0.411258 0.467075 0.645686 1.067526 0.930522 0.354562 0.100000 0.335771 0.100000 0.370724 0.364749 0.394194 0.136737 0.100000 0.269639 0.169366 0.302084 0.451601 0.203343 0.100000 0.100000 0.622263 0.100000 0.552849 
0.239973 0.338145 0.571457 0.100000 0.328660 0.307855 0.208493 0.364376 0.657194 0.509335 0.367278 0.381366 0.791899 0.875591 1.156155 0.100000 1.121628 0.557618 0.459162 1.251655 0.541108 0.800220 0.675377 0.931472 0.100000 0.687364 0.516306 0.442023 0.100000 0.946396 0.635570 0.877065 0.100000 0.796724 0.268777 0.226652 0.248093 0.289772 0.954626 0.100000 0.257985 1.072373 0.545410 1.190533 0.869824 0.100000 0.618082 0.420143 0.878512 0.278430 1.758136 0.296797 0.462542 0.530592 0.100000 1.143253 0.100000 1.214799 1.057387 0.296269 0.693279 0.191440 0.614273 0.100000 1.001307 0.897072 0.812583 0.530836 0.201686 0.782586 0.245929 0.696298 1.175302 0.618975 0.578503 0.225599 0.791256 0.715970 0.175968 0.694815 
0.375839 0.500500 0.839717 0.484630 0.686061 0.431441 0.107705 0.650288 1.313554 0.633782 0.100000 0.366105 0.214389 0.491934 0.556924 0.220358 0.865939 0.100000 0.631082 0.274052 0.101776 0.139824 0.451969 0.839571 0.100000 0.628050 0.196500 0.609185 0.840273 1.042074 0.323124 0.860249 0.348674 0.769620 0.100000 0.495296 0.451632 0.309961 0.658946 0.193085 0.469934 0.709474 0.767376 0.982323 0.762056 0.684041 0.289568 0.685806 0.595648 0.566803 1.174204 0.580378 0.715050 0.916151 0.100000 0.834955 0.100000 0.429057 1.111666 0.423251 0.440825 0.201471 0.376299 1.020921 0.742716 1.283124 0.798855 0.351531 0.705678 0.554198 0.500306 0.115729 0.746535 0.313473 0.512347 0.100000 0.687040 0.735917 0.100000 0.418048 
0.902470 0.142727 1.222261 0.547039 0.579696 0.431312 0.100000 0.905196 0.235331 0.794440 0.103409 0.100000 0.798265 1.273286 0.167337 0.153695 0.816604 0.928993 0.910743 0.522485 0.663600 0.694129 0.464611 0.138274 0.461545 0.414762 0.330810 0.749629 0.726748 0.821598 0.563589 0.567860 0.100000 1.083891 0.527878 0.488471 0.593282 0.461094 0.545335 0.100000 0.508401 0.698122 0.910988 0.873859 0.357271 0.166828 0.100000 0.164646 0.939063 0.242671 1.033446 0.918636 0.910785 0.100000 0.924790 1.334101 0.100000 1.150173 0.693430 0.849842 0.792431 0.232367 0.353724 0.274109 0.308467 0.968091 0.814392 0.582557 0.978439 0.133866 0.379825 0.215996 0.653932 0.209286 0.999446 0.100000 0.412409 1.247685 0.708261 0.747789 
0.523861 0.720179 0.100000 0.100000 0.641860 0.451497 0.235554 0.100000 0.737564 0.593315 0.100000 0.116491 0.514113 0.300954 0.100000 0.458831 1.552680 0.814665 0.195727 0.100000 1.225846 0.284759 0.474573 1.687287 0.100000 1.315227 1.303111 0.483129 0.575749 0.387371 0.549795 0.353974 0.100000 0.100000 0.215480 0.778234 0.100000 1.038393 0.587309 0.264019 0.626610 0.235168 0.531480 0.661697 0.429014 0.466414 0.817504 0.146610 0.100000 1.579420 2.380761 0.525972 0.100000 0.183707 0.141599 0.433813 0.145920 1.065962 0.751028 0.126102 0.100000 1.046645 0.419311 0.825545 1.593661 0.510021 0.921791 0.540750 0.220520 0.100000 0.809942 0.283175 0.863289 0.325315 1.289230 0.100000 0.227123 0.300511 0.488407 0.100000 
0.195136 0.108354 1.185461 0.633293 0.706092 0.341258 0.100000 0.609313 0.511134 0.100000 0.100000 1.026957 1.046106 0.591054 0.571019 0.392948 0.591890 0.841224 0.422659 0.784862 0.100000 0.691257 0.738432 0.726344 0.100000 0.572291 0.244593 0.375386 0.100000 0.785700 0.725979 0.436811 0.156925 1.002605 0.491718 0.204812 0.249598 0.100000 1.132749 0.100000 0.693618 0.804334 0.410529 0.825674 0.627540 0.708997 0.411265 0.633766 0.374693 0.201113 1.288328 0.405289 0.581877 0.100000 0.556929 0.644364 0.347611 1.068919 0.725776 0.351647 0.991898 0.278149 0.659068 0.821909 0.695205 0.853512 1.343194 0.466455 0.185082 0.391192 0.246394 0.327234 0.799190 0.842011 0.793449 0.802506 0.538097 0.312306 0.337553 0.847674 
0.664519 0.100000 0.461192 0.100000 0.342617 0.100000 0.100000 0.318483 0.100000 0.473858 0.176817 0.100000 0.548057 0.100000 0.100000 0.343165 0.363758 0.310112 0.127831 0.362308 0.341504 0.192259 0.501729 0.100000 0.100000 0.100000 0.100000 0.100000 0.100000 0.523664 0.170284 0.338351 0.100000 0.341167 0.318437 0.100000 0.100000 0.166115 0.100000 0.100000 0.100000 0.629015 0.633254 1.054372 0.100000 0.325139 0.100000 0.100000 0.694412 0.117521 0.551875 0.469890 0.142575 0.100000 0.462518 0.867825 0.374888 0.721241 0.507450 0.711714 0.707115 0.100000 0.217890 0.100000 0.749948 0.406777 0.956654 0.100000 0.531079 0.100000 0.100000 0.678074 0.535310 0.100000 0.320789 0.463270 0.427379 0.469666 0.305989 0.597351 
0.561670 0.125860 0.984508 0.100000 0.231469 0.100000 0.100000 0.100000 0.449920 0.100000 0.100000 0.657074 0.853147 0.975797 0.129556 0.100000 0.425053 0.100000 0.193565 1.190461 0.672450 0.100000 0.521357 0.982331 0.100000 0.397486 0.101262 0.100000 0.100000 0.668734 0.257083 0.100000 0.459174 0.703433 0.100000 0.100000 0.762281 0.100000 0.354047 0.100000 0.100000 0.390876 0.777185 1.340156 0.237549 0.729945 0.131198 0.234182 0.925115 0.267290 0.349772 0.496446 0.100000 0.200604 0.100000 0.625664 0.100000 0.382264 0.572187 0.413534 0.100000 0.142062 0.601398 0.525929 1.089102 0.358114 0.545234 0.100000 0.725681 0.405887 0.100000 0.830137 0.472152 0.308573 0.938169 0.100000 0.102615 0.309392 0.476947 0.363375 
0.450644 0.100000 1.828796 0.665696 0.863971 0.288435 1.070956 1.393472 0.100000 0.860255 0.633530 0.100000 0.306903 0.806437 0.994769 0.100000 0.242254 0.371086 0.101443 0.340500 1.577091 0.270092 1.275530 0.178042 0.100000 0.100000 0.100000 0.100000 0.100000 0.147648 0.828256 0.329955 0.100000 1.424080 0.440587 1.012432 0.494385 0.100000 0.100000 0.739534 0.100000 0.670328 0.789920 1.598050 0.789070 0.631595 0.304715 0.468311 0.748370 0.731521 1.364527 0.509702 0.100000 0.219649 0.175105 1.386877 0.991361 0.652615 1.709525 1.055928 0.100000 0.100000 0.729737 0.478418 1.559100 1.049908 0.870339 0.234297 0.268417 0.902770 0.526188 1.429720 0.330130 0.660752 0.640531 0.240421 0.770309 0.437640 0.677511 0.100000 
0.100000 0.541739 0.379962 0.100000 0.805251 0.100000 0.100000 0.100000 0.100000 0.738058 0.134547 0.100000 0.393155 0.613813 0.100000 0.409765 0.336318 0.341719 0.382908 0.510603 0.433744 0.157195 0.970715 0.701259 0.401260 0.301598 0.100000 0.347176 0.100000 0.804614 0.924725 0.100000 0.305107 0.550133 0.100000 0.100000 0.362262 0.478977 0.100000 0.361048 0.956906 0.334143 0.587998 0.388538 0.414645 0.252197 0.100000 0.100000 0.135848 0.253632 0.932075 0.233102 0.281842 0.192474 0.100000 0.100000 0.198632 0.563690 1.187522 0.732039 0.504269 0.100000 0.100000 0.401520 0.409826 0.592329 0.788839 0.151289 0.338245 0.106147 0.158360 0.639978 0.444580 0.249980 0.561798 0.190543 0.269149 0.107693 0.100000 0.671737 
0.100000 0.308743 0.998798 0.100000 0.413149 0.100000 0.100000 0.100000 1.075180 0.101016 0.100000 0.310708 0.878106 0.387459 0.386404 0.100000 0.479432 0.458369 0.333800 1.066434 0.223018 0.557891 0.864781 0.304399 0.160435 0.927149 0.462258 0.668298 0.170261 0.544915 0.922417 0.228433 0.100000 0.239618 0.480485 1.101579 0.236954 0.272462 0.366359 0.368066 0.410836 1.167004 0.555665 1.365412 0.777627 0.712895 0.188454 0.100000 0.257740 0.100000 0.958641 0.417403 0.238909 0.591938 0.100000 0.188496 0.100000 0.203343 1.570960 0.954759 0.572984 0.100000 0.567393 0.406897 0.762923 0.416313 0.178893 0.609917 0.862954 0.319857 0.941873 0.709447 1.265161 0.424587 0.453775 0.470485 0.206335 0.100000 0.289235 0.316166 
0.557190 0.100000 0.464848 0.100000 1.058213 0.100000 0.519307 0.682896 0.946750 0.599701 0.357605 0.100000 0.764017 0.149681 0.898952 0.100000 0.558153 0.306738 0.418509 0.962972 0.348478 0.579430 0.760129 0.778793 0.205965 0.236383 0.489105 0.428710 0.338360 0.638412 0.448133 0.168249 0.280379 0.147418 0.378841 0.380550 0.618285 0.446508 0.576550 0.100000 0.573571 0.509820 0.406407 0.385917 0.446514 0.441623 0.222410 0.125417 0.373187 0.769939 1.083977 0.100000 0.814370 0.689182 0.107639 0.197534 0.571325 0.784496 0.874209 0.100000 0.819379 0.100000 1.335893 0.692219 0.741114 0.215488 0.355996 0.100000 0.769854 0.100000 1.116029 0.476863 0.370744 0.328264 0.888457 0.188070 0.119071 0.873068 0.905154 0.113311 
0.278896 0.100000 1.052503 0.544973 0.676444 0.100000 0.544690 0.100000 0.537335 0.484473 0.274604 0.100000 0.100000 0.100000 0.100000 0.226798 0.538150 0.332843 0.100000 0.321218 0.702032 0.177814 0.736425 0.584641 0.481330 0.208771 0.256048 0.100000 0.100000 0.559898 0.280120 0.273128 0.443343 0.732794 0.606986 0.535996 0.181119 0.100000 0.100000 0.530077 0.520790 0.535063 0.776937 0.646178 0.776372 0.477926 1.015030 0.568188 0.183686 0.195924 0.535951 0.100000 0.423361 0.168757 0.142646 0.720503 0.268739 0.523789 0.632443 0.100000 0.100000 0.395525 0.234396 0.553712 0.470191 0.690561 0.538681 0.380438 0.952387 0.392850 0.100000 0.670965 0.795955 0.201879 0.639265 0.211445 0.376513 0.219601 0.371342 0.824508 
0.284792 0.379557 0.795238 0.100000 0.692135 0.100000 0.100000 0.645292 0.741819 0.512181 0.155018 0.199866 0.681381 1.030877 0.717895 0.272699 0.315753 0.488137 0.172390 0.280308 0.315938 0.585073 1.150690 0.627593 0.100000 0.448142 0.574577 0.749508 0.683417 0.452676 0.637028 0.672762 0.100000 0.450019 0.396060 0.570135 0.100000 0.446914 0.195824 0.217724 0.482072 0.662572 0.100000 1.089100 0.508366 0.330305 0.413069 0.233988 0.172036 0.584523 0.902543 0.139786 0.294994 0.100000 0.511948 0.499355 0.427788 0.616859 0.731496 0.822381 0.493033 0.100000 0.227923 0.701873 0.468066 1.031080 0.616527 0.434738 0.867279 0.311660 0.547361 0.544771 0.614395 0.132175 0.490169 0.533387 0.100000 0.981528 0.397082 0.534534 
0.100000 0.100000 0.991182 0.350689 0.310976 0.259670 0.100000 0.447744 0.716622 0.100000 0.100000 0.100000 0.359945 0.296140 0.826650 0.100000 0.508988 0.440608 0.476885 0.289513 0.628935 0.985124 1.223844 0.539137 1.023711 1.217135 0.100000 0.868810 0.398143 0.258585 0.391243 0.228361 0.337719 0.379299 0.100897 0.100000 0.640884 0.735987 1.276457 0.725586 0.100000 1.097327 1.412152 0.100000 0.100000 0.718557 0.100000 0.814148 0.697732 0.457488 0.100000 0.744797 0.487174 1.512936 0.946176 0.577583 0.327502 0.971869 0.888116 0.100000 0.252347 0.536733 0.188392 1.233063 0.100000 0.104708 0.670970 0.100000 0.692878 0.100000 0.879270 0.924833 0.452267 0.346122 0.100000 0.100000 0.188314 0.865161 0.533176 0.100000 
0.302445 0.153542 0.416733 0.634733 0.100000 0.206012 0.280659 0.100000 0.100000 0.214931 0.410692 0.294013 0.411801 0.666175 0.470590 0.131096 0.105155 0.680277 0.215290 0.198643 0.163746 0.613175 1.100798 0.613102 0.100000 0.402583 0.100000 0.113959 0.149567 0.422346 0.701947 0.541168 0.181740 0.100000 0.100000 0.729641 0.542710 0.100000 0.562050 0.100000 0.371748 0.713956 0.100000 0.874498 0.510285 0.755835 0.100000 0.100000 0.100000 0.100000 1.561161 0.100000 0.163416 0.100000 0.100000 0.447132 0.100000 0.182871 0.848488 0.387671 0.560160 0.100000 0.269749 0.351204 0.372339 0.731544 0.178370 0.100000 0.990028 0.197582 0.742877 0.532765 0.764815 0.635168 0.780052 0.494150 0.100000 0.647575 0.100000 0.471259 
