69 Number of operations
28 Number of workers
Standard production times
0.436826 0.198809 0.331604 0.391055 0.455688 0.283821 0.369697 0.170513 0.277800 0.162097 0.574453 0.396892 0.633336 0.100000 0.551241 0.100000 0.330241 0.100000 0.539262 0.512992 0.495972 0.340811 0.315938 0.228077 0.318417 0.649516 0.100000 0.100000 0.538062 0.585624 0.717307 0.480261 0.146062 0.493841 0.660772 0.646257 0.445896 0.454722 0.266643 0.360484 0.497204 0.572092 0.100000 0.238532 0.100000 0.618461 0.282133 0.597837 0.392383 0.644536 0.657231 0.431644 0.169275 0.413947 0.588501 0.278597 0.308175 0.396599 0.569202 0.402256 0.238324 0.288863 0.302463 0.464080 0.450278 0.274325 0.171269 0.118233 0.100000 
Production times: workers row and ops columns
0.496721 0.100000 0.100000 0.494068 0.239582 0.108186 0.472253 0.574325 0.100000 0.519434 0.394463 0.577812 0.459717 0.100000 0.367864 0.100000 0.633681 0.100000 0.310743 0.605732 0.485259 0.582368 0.970038 0.249719 0.801973 0.437614 0.419633 0.372090 0.810844 0.140770 1.103834 0.100000 0.100000 0.910101 0.757151 1.116902 0.855592 0.907451 0.474210 0.345912 0.406787 0.576659 0.501042 0.100000 0.435008 0.407483 0.734221 0.537170 0.708397 1.207283 0.661683 0.100000 0.631130 0.697287 0.536338 0.754000 0.139885 0.433950 1.008903 0.443761 0.100000 0.309923 0.763805 0.381012 0.181418 0.100000 0.100000 0.303197 0.441462 
0.347395 0.219113 0.661526 0.386232 0.763345 0.108546 0.262300 0.100000 0.313105 0.256290 0.717516 0.565674 0.750092 0.100000 0.108026 0.596414 0.290319 0.605896 1.160144 0.660528 0.571731 0.331799 0.358573 0.811423 0.255925 0.398225 0.326746 0.100000 1.039978 0.887965 1.008224 0.969912 0.446842 1.013994 1.134664 0.907907 0.352816 0.809401 0.100000 0.461853 0.312870 0.819515 0.462577 0.366872 0.100000 0.827530 0.702289 0.606288 0.828671 0.849861 0.883986 0.625747 0.100000 0.646020 1.011761 0.100000 0.241955 0.369403 0.687055 0.670758 0.100000 0.467791 0.551739 0.811260 0.509428 0.158106 0.465300 0.322109 0.129716 
0.380530 0.763437 0.449937 0.287232 0.635141 0.695925 0.503943 0.551875 0.498542 0.572888 0.912583 0.100000 0.805978 0.214580 1.006237 0.783457 0.130264 0.552771 1.114415 0.100000 0.763475 0.170962 0.100000 0.100000 0.662830 1.174179 0.100000 0.104885 0.237698 0.461226 0.966323 0.615338 0.333197 0.859348 0.971246 0.836595 0.516269 1.157188 0.119319 0.697964 0.100000 1.379797 0.506501 0.905765 0.148150 0.505901 0.100000 0.364606 1.221506 1.341159 1.290452 0.626059 0.779724 0.100000 0.662307 0.237794 0.281365 0.759094 0.594777 0.306515 0.360351 0.390622 0.557001 0.441139 0.535218 0.681396 0.489072 0.100000 0.100000 
1.286718 0.281975 0.222644 1.022176 0.100000 0.237016 0.100000 0.100000 0.713543 0.294442 0.535628 0.414165 0.205974 0.825353 0.919395 0.154564 0.243251 0.892020 0.547525 0.209795 0.175005 0.470522 0.100000 0.100000 0.606816 0.678139 0.982768 0.311682 0.151720 1.134718 0.744151 0.100000 0.325518 0.100000 1.615901 0.940409 0.961391 0.846442 0.100000 0.100000 0.100000 0.100000 0.214269 0.194464 0.100000 1.025324 0.450270 0.100000 0.438158 2.188969 0.902005 0.100000 0.100000 0.716616 0.498807 0.877320 0.282276 0.953605 0.315471 0.100000 0.100000 0.592465 0.124421 0.603097 1.175656 0.799472 0.100000 0.252215 0.100000 
0.100000 0.420276 0.696348 0.532697 0.374720 0.849661 0.384522 0.130508 0.589382 0.363285 0.612208 1.286052 1.389920 0.368331 0.754592 0.100000 0.514181 0.100000 1.170895 0.122848 0.309117 0.772432 0.393310 0.295526 0.484518 0.741562 0.565553 0.100000 0.379941 0.345983 1.334789 0.509446 0.612064 0.639759 1.131101 0.821441 0.652264 0.334237 0.224777 0.609935 0.808838 0.621724 0.100000 0.143931 0.761235 0.963091 0.257285 0.485498 0.633040 0.917065 0.495671 0.324522 0.837585 0.729478 0.687062 0.837136 0.220069 0.992780 0.648438 0.356008 0.108835 0.100000 0.594862 0.735411 0.126562 0.313740 0.530873 0.100000 0.100000 
0.425317 0.116799 0.406953 1.132990 0.355358 0.476705 0.416776 0.498430 0.584209 0.256849 0.345813 0.467122 0.487439 0.100000 0.916702 0.328014 0.224784 0.100000 0.758156 0.483063 0.149963 0.309501 0.352432 0.456519 0.573663 0.928089 0.100000 0.860386 0.770110 0.657287 1.028518 0.651238 0.100000 0.949122 0.695116 0.304678 0.556126 0.757246 0.853555 0.758731 0.797609 0.872989 0.529959 0.100000 0.570908 0.663459 0.412929 0.907118 0.608771 1.028468 1.215029 0.765008 0.249516 0.100000 0.661234 0.645418 0.100000 0.463832 0.821809 0.761664 0.691816 0.745757 0.437563 0.500255 0.555580 0.128488 0.148593 0.100000 0.224506 
0.353889 1.385551 0.353650 0.460623 0.712295 0.100000 0.535179 0.100000 0.100000 0.420441 0.100000 1.103377 0.170710 0.100000 0.893855 0.115657 0.100000 0.100000 0.746941 1.129897 1.339154 0.263859 0.369405 0.100000 0.704415 0.925068 0.100000 0.258435 0.129359 0.103302 1.074945 0.929930 0.100000 0.249948 1.191336 0.720589 1.629909 0.866898 0.100000 0.374896 0.313863 0.621261 0.342574 0.100000 0.100000 0.656439 0.527632 0.152419 0.100000 0.969120 0.549943 0.902269 0.100000 0.314002 1.074896 1.250827 0.671962 0.215899 1.044444 0.944576 0.100000 0.100000 0.381629 0.100000 0.346918 1.788115 0.100000 0.100000 0.100000 
0.269312 0.100000 0.566425 0.407042 0.100000 0.772334 0.711520 0.176170 0.100000 0.100000 0.565052 0.631725 1.076270 0.462512 0.441708 0.113463 0.574312 0.338348 0.652173 0.639547 0.806404 0.100000 0.430456 0.324182 0.291063 0.644824 0.100000 0.945625 0.703175 0.563633 0.533411 0.556259 0.172944 0.598502 0.799795 1.001888 0.592672 0.675399 0.873782 0.409597 1.084055 0.669445 0.100000 0.481174 0.429067 1.212093 0.249999 0.557084 0.399738 0.900288 0.945904 0.661159 0.100000 0.677827 1.151475 0.457533 0.100000 0.316781 0.968811 1.091011 0.697245 0.232324 0.210452 0.742024 0.765149 0.452527 0.100000 0.100000 0.100000 
0.696915 0.396898 0.100000 0.390750 0.662121 0.299846 0.100000 0.100000 0.513956 0.100000 0.404340 1.282390 1.021686 0.202591 0.785025 0.169130 0.100000 0.383977 0.580727 1.081008 0.265174 0.100000 0.639478 0.307918 0.100000 0.667103 0.272393 0.298074 0.352496 1.386879 1.002342 0.670726 0.441510 0.386785 1.078194 1.380294 0.456138 0.575549 0.736904 0.939041 0.711360 0.541341 0.100000 0.298704 0.100000 0.541524 0.481323 1.035864 0.100000 0.509866 0.555242 0.449659 0.100000 0.973240 0.586526 0.151525 0.668955 0.150973 1.337909 0.494279 0.366447 0.649512 0.603035 0.278034 1.005773 0.130187 0.216055 0.100000 0.269925 
0.100000 0.100000 1.082596 0.100000 1.262120 0.740416 0.969632 0.100000 0.100000 0.132801 1.126158 0.940761 1.116863 0.100000 0.785913 0.100000 1.136304 0.100000 0.100000 0.653965 0.340466 0.521567 0.165491 0.417335 0.583921 1.017792 0.243145 0.410064 0.410722 0.504740 0.468730 0.684575 0.228591 0.974745 1.167150 0.236588 0.640967 0.594996 0.423731 0.100000 1.315591 0.259549 0.609447 0.182013 0.287603 0.100000 0.647060 0.100000 0.100000 0.100000 0.697317 0.100000 0.484305 0.371041 0.209154 0.450839 0.585614 0.753733 1.371106 0.802219 0.391940 0.803520 0.100000 0.449060 0.345559 0.523730 0.407546 0.100000 0.100000 
0.120272 0.100000 0.455487 0.100000 0.707971 0.272636 1.229519 0.756807 0.997597 0.100000 1.092134 0.340721 0.438482 0.100000 0.501812 0.100000 0.473413 0.100000 0.490170 0.937089 0.340960 0.671429 0.121487 0.498862 0.245092 0.773289 0.100000 0.135129 0.600363 0.514036 0.908439 0.770289 0.317113 0.655003 1.221455 0.759165 0.100000 0.438377 0.117867 0.100000 0.685502 0.637152 0.259618 0.738085 0.214047 0.493298 0.795588 1.147253 0.719921 0.497832 0.657405 1.207230 0.100000 0.629093 0.645335 0.510347 0.525798 0.500822 1.300304 0.364387 0.107935 0.327204 0.385266 0.651922 0.503387 0.172890 0.285230 0.240378 0.244885 
0.594801 0.379670 0.235555 0.370144 0.301993 0.233950 0.788943 0.435541 0.164264 0.386092 0.663854 0.290027 0.765752 0.100000 0.687955 0.136969 0.100000 0.417189 0.309181 0.681219 0.399664 0.341446 0.929469 0.456092 0.924563 0.844549 0.381675 0.564832 1.013606 0.836966 0.651208 0.917087 0.249550 0.461169 0.729765 1.042692 1.004975 0.249828 0.780943 0.680625 0.906950 0.302841 0.100000 0.625469 0.100000 0.701019 0.567789 0.490821 1.103056 0.866475 0.841583 0.176624 0.100000 0.834687 0.756935 0.143431 0.426367 0.513757 1.163819 0.863632 0.194298 0.293021 0.619264 0.133684 0.315538 0.243602 0.326331 0.100000 0.100000 
0.226411 0.100000 0.272759 0.341879 0.187587 0.574164 0.735201 0.573500 0.100000 0.778748 0.792048 1.684184 0.377722 0.308818 0.216973 1.155541 0.100000 0.208025 1.361724 1.097184 0.127290 0.100000 0.791552 0.276856 0.100000 0.100000 0.100000 0.100000 1.002795 0.511426 2.345939 0.643799 0.100000 0.561153 1.125148 0.241075 0.611301 0.524529 0.435704 0.649518 0.100000 1.070874 0.196519 0.570232 0.435453 1.300437 0.683789 0.449931 0.133360 0.687686 0.593672 0.748782 0.100000 0.361896 0.100000 0.588587 0.100000 0.100000 1.091905 0.700931 0.174405 0.733456 0.244291 0.471718 0.316436 0.100000 0.100000 0.713824 0.100000 
0.100000 0.571697 0.572347 0.427325 0.704603 0.100000 0.100000 0.519048 0.100000 0.354575 0.736369 0.943216 0.701629 0.100000 0.534387 0.100000 0.625592 0.100000 0.785643 0.236623 0.431305 0.573717 0.707095 0.190189 0.599666 0.768332 0.100000 0.339238 0.495416 0.424376 0.751593 0.621935 0.674419 0.497499 0.609465 0.638023 0.307022 0.237518 1.055402 0.320680 0.880812 0.674192 0.100000 0.795775 0.310936 0.827097 0.488661 0.571514 0.100000 0.516679 0.929053 0.523454 0.137046 0.461353 0.424579 0.575874 0.426239 0.596815 0.867842 0.243921 0.432324 0.256934 0.603238 0.388346 0.613583 0.983621 0.100000 0.100000 0.100000 
0.100000 0.747024 0.542338 0.372002 0.100000 0.237927 0.290680 0.498853 0.113595 0.447910 0.547257 0.305351 0.639338 0.674000 0.293035 0.618384 0.661305 0.512188 0.391787 0.647963 0.802180 0.682828 0.624267 0.630181 1.024325 0.690516 0.162266 0.100000 0.271148 0.845712 1.036335 0.504237 0.712015 0.623246 0.540983 0.830893 0.359054 0.408460 0.291912 0.359830 0.951235 0.918456 0.608099 0.578616 0.309309 1.113673 0.156510 0.556836 0.816438 1.029403 1.407447 0.100000 0.706588 0.752617 0.739999 0.100000 0.100000 0.606417 1.447837 0.906629 0.680375 0.480877 0.326879 0.852536 0.896133 0.108248 0.347805 0.510880 0.901092 
0.584202 0.100000 0.100000 0.327730 1.011631 0.314496 1.057717 0.119497 0.729786 0.100000 0.892743 0.778408 0.433098 0.100000 0.742067 0.431472 0.275152 0.100000 0.998530 0.272774 0.798335 0.338211 0.113733 0.437082 0.504314 0.278661 0.100000 0.100000 0.801753 0.673102 0.629081 0.381244 0.646692 0.544237 0.721037 0.619306 0.283861 0.573090 0.972905 0.813698 0.710869 0.277740 0.100000 0.494371 0.121870 0.830090 0.100000 0.100000 0.313545 0.777354 0.562126 0.452591 0.100000 1.001230 0.266640 0.232760 0.805903 0.394897 1.182262 0.610511 0.541664 0.527400 0.100000 0.535496 0.510332 0.243755 0.439234 0.100000 0.100000 
0.128120 0.100000 0.100000 1.123882 0.114500 0.194766 1.143956 0.854597 0.100000 0.419707 0.100000 1.267571 0.724652 0.100000 1.136533 0.100000 0.496711 0.100000 0.104597 0.100000 0.280625 0.586964 0.100000 0.100000 0.100000 0.643221 0.691473 1.532871 1.283690 1.119036 0.567894 0.109003 0.100000 0.727488 0.582586 0.691253 0.490835 0.100000 0.464825 0.402696 0.364858 1.094112 0.535385 0.452663 0.100000 0.189679 0.100000 1.576264 0.610190 1.110858 0.383728 0.158249 0.100000 0.100000 0.532813 0.100000 0.525344 0.962641 0.198930 0.696882 0.100000 0.392426 0.100000 1.004444 1.319579 0.511270 0.604811 0.346799 0.100000 
0.153121 0.100000 0.978259 0.374138 0.337845 0.100000 0.100000 0.151513 0.793143 0.127175 0.229339 0.100000 0.100000 0.100000 0.321213 0.100000 0.100000 0.100000 0.100000 0.489276 0.100000 0.550542 0.761449 0.126247 0.100000 0.268648 0.232174 0.100000 0.289221 0.715601 0.588463 0.548348 0.427661 0.232401 0.666291 0.445700 0.376029 0.299412 0.377084 0.123364 0.325133 0.478468 0.100000 0.100000 0.100000 0.802540 0.100000 0.729062 0.100000 0.197917 0.823026 0.100000 0.100000 0.486480 0.501599 0.368719 0.129499 0.455828 0.290237 0.863537 0.100000 0.100000 0.143664 0.100000 0.682363 0.100000 0.100000 0.101024 0.100000 
0.455036 0.100000 0.100000 0.607411 0.100000 0.699250 1.041327 0.423124 0.193872 0.206902 0.319911 0.930074 0.265764 0.114344 0.260769 0.100000 0.100000 0.100000 0.547462 0.148074 0.126534 0.690768 0.342744 0.304226 0.100000 0.302534 0.537060 0.999849 1.431863 0.551853 0.643479 0.848515 0.100000 0.294978 1.091872 0.921701 0.353895 0.501526 0.100000 0.110617 0.185098 1.155375 0.424533 1.160805 0.100000 0.808830 0.914103 0.100000 1.367755 0.653040 1.270436 0.100000 0.369721 0.775333 1.101640 0.660522 0.588487 0.100000 0.122550 0.170007 0.100000 0.175701 0.120308 0.100000 0.100000 0.996612 0.490523 0.108312 0.100000 
0.518859 0.569611 0.522171 0.838827 1.314784 0.729509 0.551652 0.114345 0.426551 0.100000 1.198866 0.628436 0.119764 0.535346 0.545105 0.595588 0.686732 0.561030 0.719218 1.096343 0.605607 0.325994 0.432424 0.100000 0.543382 0.650161 0.100000 0.100000 0.694297 1.171308 0.708649 0.930925 0.217947 0.893651 0.696528 1.277742 0.284800 0.833036 0.498305 0.353113 0.726328 0.502776 0.100000 0.590670 0.254833 0.756359 0.345934 0.707800 0.168847 1.328669 1.170515 0.755056 0.531503 0.100000 0.551133 0.100000 1.059654 0.857173 0.653687 0.428075 0.359460 0.340303 0.496520 0.520959 0.857680 0.824094 0.868771 0.710894 0.100000 
1.198416 0.100000 0.748706 0.359996 0.625468 0.519762 0.334744 0.169103 1.254846 0.109336 0.775258 0.739103 0.100000 0.100000 0.998422 0.521666 0.108514 0.100000 0.100000 0.259494 0.100000 1.291604 0.178597 1.068610 0.100000 1.418731 0.100000 0.100000 0.416413 0.420463 0.466107 1.074671 0.161832 0.100000 1.743764 0.974974 1.214083 0.188790 0.613705 0.100000 0.100000 0.825523 0.850654 0.100000 0.553508 1.001807 0.289471 0.701719 0.100000 0.486611 0.103700 0.394496 0.100000 1.002462 0.232437 0.100000 0.100000 0.104626 0.687020 0.229648 0.839615 0.100000 0.449744 1.041885 0.428292 0.950212 0.154926 0.724930 0.291007 
1.832849 0.251012 0.694151 0.539672 0.759083 0.229214 0.717127 0.491688 0.999540 0.100000 0.100000 0.542751 0.819259 0.100000 0.299197 0.100000 0.100000 0.100000 0.279398 0.100000 0.185274 0.643843 0.100000 0.100000 0.470874 1.473903 0.100000 0.779817 1.637126 1.171792 1.652477 0.281707 0.100000 1.326711 0.227640 0.558821 0.255922 0.364601 0.330761 0.722144 0.686876 0.794107 0.544019 0.100000 0.730756 0.626250 0.100000 0.564165 0.100000 0.713159 0.844786 0.807970 0.547784 0.100000 0.426849 0.163755 0.100000 0.100000 0.565949 0.280384 0.493669 0.100000 0.100000 0.535767 0.302670 0.741330 0.100000 1.145055 0.100000 
0.130201 0.562000 0.321005 0.100000 0.306371 0.175460 0.100000 0.346137 0.100000 0.357332 0.576487 0.363600 0.607838 0.100000 0.755866 0.100000 0.481386 0.100000 0.282590 0.836218 0.742269 0.100000 0.643131 0.137400 0.100000 0.651883 0.100000 0.100000 0.346583 0.100000 0.659689 0.564693 0.292224 0.318484 0.558742 0.531077 0.542054 0.565475 0.269419 0.368766 0.100000 0.546775 0.827115 0.275411 0.287433 0.497727 0.410134 0.479862 0.345993 0.676170 0.261620 0.444483 0.100000 0.332324 0.920310 0.100000 0.100000 0.100000 0.539837 0.282665 0.100000 0.100000 0.300596 0.297510 0.287094 0.100000 0.100000 0.100000 0.100000 
0.344107 0.639921 0.100000 0.698719 0.551894 0.630580 0.433636 0.391794 0.406421 0.100000 0.947109 0.266631 1.140286 0.546340 0.876319 0.433889 0.302996 0.100000 0.640927 0.926888 0.294127 0.760566 0.570626 0.316218 0.142693 0.970360 0.387325 0.183605 0.690933 0.863211 0.629756 0.133376 0.455137 0.347693 0.884154 0.473856 1.067863 0.737021 0.510476 0.732767 0.691699 0.721104 0.214545 0.100000 0.355789 0.559881 0.213393 0.820088 0.476200 1.003537 0.997614 0.418941 0.100000 0.589259 0.436042 0.100000 0.100000 0.645061 0.233414 0.546281 0.100000 0.219215 0.605420 0.674766 0.654180 0.100000 0.411381 0.224942 0.415058 
0.561257 0.151622 0.480637 0.100000 0.484221 0.885357 0.556316 0.100000 0.854833 0.400175 0.172958 0.768725 0.698122 0.100000 0.301683 0.100000 0.100000 0.658614 0.743268 0.219436 0.451609 0.256908 0.359104 0.100000 0.484215 0.167269 0.168347 0.100000 0.100000 0.232495 0.100000 0.256966 0.574871 0.554781 0.330288 0.484773 0.125699 0.343714 0.100000 0.296553 0.559335 0.704840 0.397606 0.100000 0.100000 1.141359 0.100000 0.871108 0.450325 1.186256 0.682342 0.440400 0.100000 0.100000 1.005772 0.100000 0.688401 0.521938 0.100000 0.623430 0.100000 0.100000 0.100000 0.653919 0.200653 0.942653 0.100000 0.100000 0.100000 
0.100000 0.485393 0.100000 0.549519 0.510627 0.100000 0.102232 0.394451 0.100000 0.271488 0.309550 0.253681 0.724820 0.100000 0.420543 0.100000 0.485998 0.100000 0.894893 0.803419 0.100000 0.268659 0.374806 0.504937 0.561943 0.400272 0.100000 0.100000 0.262714 0.761574 0.730789 0.247570 0.332294 0.357551 0.891926 0.440767 0.130213 0.936418 0.521157 0.100000 0.498375 0.672077 0.100000 0.100000 0.100000 0.364475 0.100000 0.813834 0.181034 0.100000 0.343138 0.209395 0.100000 0.100000 0.700769 0.100000 0.100000 0.100000 1.131647 0.100000 0.100000 0.100000 0.151984 0.100000 0.100000 0.361268 0.312366 0.100000 0.100000 
0.532877 0.123968 1.031221 0.327317 0.257760 0.290039 0.303586 0.255747 0.100000 0.100000 0.100000 0.408377 0.790010 0.102025 1.171593 0.100000 0.871853 0.493452 0.437925 0.449475 0.768869 0.851294 1.018094 0.149947 0.269016 0.892180 0.326216 0.186510 0.209904 0.742340 0.884687 0.590975 0.148050 0.100000 0.958749 0.507432 0.803428 0.340434 0.388078 0.403944 1.075878 1.381944 0.593512 0.247436 0.462353 0.894222 0.380091 0.876987 0.798903 0.848577 1.252466 0.451742 0.694817 0.496942 0.847749 0.183166 0.180524 0.612163 0.223110 0.394346 0.196387 0.510874 0.100000 0.474807 0.683603 0.724581 0.811545 0.378372 0.228592 
0.697085 0.100000 0.929972 0.100000 0.100000 0.100000 0.913483 0.100000 0.639405 0.100000 0.100000 0.100000 0.172664 0.100000 0.100000 0.279390 0.304676 0.425480 0.230569 0.196136 0.584167 0.221883 0.100000 0.421319 0.489017 0.705966 0.100000 0.100000 0.621603 0.100000 0.615668 0.270393 0.125455 0.822316 0.959262 0.322902 0.100000 0.396104 0.167451 0.445774 0.682646 0.979403 0.114293 0.100000 0.100000 0.373244 0.789810 0.752578 0.734876 0.796976 0.100000 0.593617 0.100000 0.368983 0.316868 0.100000 0.100000 0.580033 0.197111 0.100000 0.100000 0.490697 0.314442 0.100000 0.100000 0.402171 0.100000 0.346159 0.150340 
