72 Number of operations
24 Number of workers
Standard production times
0.395487 0.532490 0.222502 0.307822 0.261232 0.472611 0.856732 0.348992 0.510849 0.592732 0.929213 0.391227 0.206876 0.575733 0.100000 0.623915 0.189126 0.198222 0.386496 0.383715 0.967043 0.350765 0.541102 0.253267 0.159032 0.456081 0.295062 0.100000 0.627160 0.519564 0.619080 0.716055 0.419631 0.380416 0.100000 0.410165 0.555420 0.278717 0.305743 0.100000 0.571778 0.269913 0.412373 0.663896 0.543813 0.237312 0.591981 0.366152 0.400966 0.541476 0.611755 0.607141 0.514341 0.395286 0.100000 0.249166 0.430479 0.769328 0.427803 0.599307 0.100000 0.665435 0.232499 0.665336 0.283636 0.157893 0.336602 0.575480 0.716322 0.403792 0.756102 0.159809 
Production times: workers row and ops columns
0.254454 1.412669 0.872551 0.100000 0.279077 0.326617 1.142515 0.277129 0.687198 1.110210 0.438797 0.611681 0.100000 0.463408 0.181879 0.941941 0.172072 0.441788 0.504474 0.100000 1.148761 0.559798 0.114151 0.422750 0.100000 0.421986 0.100000 0.220721 0.589688 0.453887 0.872387 1.050187 0.562376 0.324895 0.460970 0.331838 0.547392 0.389004 0.639502 0.137718 0.529298 0.354751 1.101068 0.316477 0.636995 0.389332 0.961352 0.366834 1.007762 0.610414 0.474790 1.048754 0.378310 0.671966 0.100000 0.532533 0.878247 1.222765 0.495886 0.768430 0.146817 1.279850 0.439375 0.655953 0.100000 0.430278 0.491461 0.490479 1.197825 0.694650 1.190843 0.205077 
0.593229 0.482143 0.100000 1.021612 0.525456 0.100000 1.571851 0.174950 1.130060 1.130638 1.378272 0.100000 0.100000 0.509071 0.100000 0.488167 0.100000 0.549457 0.957990 0.100000 1.702360 0.100000 0.864104 0.100000 0.923714 0.100000 0.149300 0.100000 0.871455 0.480447 0.906319 0.344093 1.040500 0.100000 0.100000 0.723279 0.407072 1.087152 0.100000 0.100000 0.210171 1.018263 1.139065 0.312708 0.367211 0.100000 0.961912 0.595402 0.100000 0.100000 0.120894 0.100000 1.027597 0.420077 0.354980 0.100000 0.708967 0.534798 0.295755 0.207324 0.100000 1.894316 0.374033 0.624996 0.100000 0.555847 0.288674 0.260155 0.230344 0.100000 0.326420 0.489617 
0.483415 0.136996 0.100000 0.100000 0.361319 0.100000 1.526118 0.100000 0.100000 0.421574 0.564580 0.165197 0.100000 0.825737 0.100000 0.470510 0.100000 0.100000 0.499228 0.100000 0.606387 0.217931 0.100000 0.197748 0.178547 0.533888 0.593057 0.100000 0.100000 0.466825 0.744983 0.436689 0.528619 0.471113 0.114096 0.100000 0.635644 0.109703 0.582672 0.100000 0.516331 0.136461 0.445170 0.691200 0.801792 0.336153 0.705091 0.398895 0.299286 0.572871 0.844548 0.108489 0.459532 0.164476 0.229300 0.828423 0.244593 0.830661 0.219617 1.181419 0.100000 1.175352 0.219810 0.406792 0.100000 0.302247 0.100000 0.637525 0.100000 0.729435 1.187593 0.100000 
0.954938 0.470189 0.100000 0.100000 0.998891 0.562302 1.486435 0.676881 0.752393 1.074244 0.769159 0.184690 0.750039 0.392443 0.100000 0.352037 0.100000 0.583033 1.501415 0.100000 1.172640 0.475571 0.339785 0.100000 0.100000 0.100000 0.100000 0.177162 0.506974 0.302343 0.282307 0.639968 0.164024 0.450942 0.100000 0.100000 1.170891 0.100000 0.819329 0.373263 1.708573 0.100000 0.252907 0.504908 0.852558 0.319657 0.408069 0.100000 0.100000 0.571353 0.478660 0.755948 0.100000 0.100000 0.100000 0.148434 0.521449 0.880639 0.505475 0.100000 1.302499 0.987429 0.100000 1.691542 0.100000 1.014635 0.161862 0.522643 0.100000 1.145231 0.605573 0.100000 
0.563464 0.249225 0.317413 0.152761 0.100000 0.165866 0.610455 0.764496 0.100000 0.511863 0.674563 0.570250 0.332045 0.100000 0.100000 0.100000 0.511283 0.103794 0.165707 0.100000 0.573338 0.634815 0.777198 0.346083 0.549414 0.100000 0.100000 0.100000 0.100000 0.670477 1.052032 0.728183 0.100000 0.100000 0.100000 0.193173 0.114341 0.269208 0.703491 0.572724 0.759087 0.100000 0.105900 0.829824 0.389590 0.100000 0.177758 0.248703 0.496682 0.233199 1.037844 1.186281 0.100000 0.100000 0.100000 0.566478 0.100000 1.238479 0.255974 0.634502 0.100000 0.161884 0.430503 0.287396 0.203100 0.100000 0.255513 0.457768 0.455822 0.454608 0.982503 0.100000 
0.754860 0.312129 0.100000 0.279066 0.940167 0.100000 0.619722 0.413927 0.925756 0.315115 0.918603 0.947858 0.627998 0.659092 0.345917 0.335315 0.100000 0.541607 0.577990 0.100000 0.548575 0.878094 0.733771 0.179427 0.324271 1.180907 0.424955 0.435355 0.500771 0.426090 0.742868 0.959039 0.163889 0.141511 0.100000 0.100000 0.516830 0.622810 0.545675 0.331279 0.220147 0.674347 0.616447 0.925064 0.576095 0.137200 0.774918 0.725353 0.904579 1.898560 0.386045 0.607855 0.584872 0.352685 0.100000 0.261507 0.100000 0.820414 0.716451 0.435201 0.100000 0.746036 0.479118 0.683534 0.424820 0.385931 0.758017 0.342807 1.122748 0.817040 1.090755 0.100000 
0.100000 0.653895 0.832778 0.258202 0.137859 0.505548 0.824883 0.269923 0.677724 0.840999 1.111816 0.230123 0.441717 0.362754 0.100000 0.409305 0.374404 0.100000 0.278823 0.100000 1.166579 0.386404 0.100000 0.100000 0.100000 0.100000 0.325638 0.214116 0.529637 0.922888 0.241226 0.743082 0.890487 0.383709 0.100000 0.100000 0.761463 0.100000 0.482357 0.100000 0.928867 0.327586 0.100000 1.126878 0.621626 0.150249 0.596035 0.510478 0.100000 0.443722 0.567625 0.242796 0.560256 0.100000 0.100000 0.100000 0.408312 0.851201 0.145744 1.038864 0.452913 0.693541 0.212331 0.738769 0.100000 0.100000 0.100000 0.664051 0.359587 0.603418 0.857125 0.348032 
0.100000 0.243154 0.816058 0.100000 0.516486 1.651435 0.710053 0.125584 0.100000 1.269340 0.691117 0.100000 0.100000 0.446929 0.397526 0.100000 0.100000 0.151776 0.406328 0.196151 0.369868 0.100000 0.100000 0.100000 0.178840 0.743029 0.100000 0.472947 0.100000 0.881395 1.360117 0.279835 0.431209 0.485009 0.341266 1.077499 0.318312 0.386444 0.421976 0.100000 1.325138 0.100000 0.596749 0.100000 0.311307 0.529574 0.523979 0.100000 0.348386 0.100000 0.502342 0.100000 1.163466 0.100000 0.100000 1.101387 0.682698 1.173605 0.288354 0.403199 0.100000 1.118610 0.100000 0.100000 0.891061 1.311924 0.100000 0.462061 0.564678 0.918174 1.280136 0.100000 
0.319719 0.509751 0.615921 0.100000 0.702744 0.315080 0.375062 0.872085 0.860223 0.900033 1.148892 0.479976 0.416560 0.540600 0.744717 0.240755 0.100000 0.100000 0.193991 0.516346 0.945024 0.537781 0.240986 0.693054 0.113553 0.100000 0.398080 0.100000 0.413921 0.358527 0.568084 1.018369 0.495615 0.100000 0.238998 0.434664 0.418335 0.701555 0.549458 0.736086 0.239163 0.100000 0.590978 0.888198 0.100000 0.296907 0.416145 0.735671 0.670370 0.100000 0.959485 0.486661 0.401352 0.277389 0.185355 0.719449 0.693442 0.954998 0.468505 0.893310 0.148287 0.319945 0.402288 0.753013 0.760795 0.515187 0.811577 1.080400 0.641618 0.358274 0.512220 0.100000 
0.641402 0.513587 0.129989 0.811383 0.100000 0.767741 0.911136 0.680290 0.689511 0.488400 0.770709 0.272167 0.643305 1.277542 0.881572 0.571517 0.100000 0.100000 0.611761 0.580293 1.414861 0.405275 1.306682 0.183240 0.633539 1.049236 0.564425 0.116232 1.043115 0.511673 1.420154 1.067622 0.561615 0.523129 0.873720 0.229979 0.809355 0.100000 0.945325 0.100000 0.391264 0.126504 0.372185 0.626408 0.847265 0.373841 0.528743 0.820772 0.168818 0.738226 0.495820 0.765494 0.375414 0.100000 0.263627 0.100000 0.704062 0.271234 0.871526 0.488797 0.179841 1.245070 0.384011 0.753374 0.215998 0.467236 0.738553 0.467971 0.922907 0.152393 1.214484 0.495283 
0.100000 0.584553 0.100994 0.100000 0.902232 0.100000 1.871113 0.100000 0.428261 0.756790 1.834490 0.100000 0.551124 0.100000 0.100000 1.244580 0.121082 0.394083 0.100000 0.823136 0.100000 0.100000 0.568009 0.421731 0.144943 0.591086 0.100000 0.100000 1.478123 0.100000 0.580479 0.240370 0.267700 0.554734 0.100000 0.872120 0.690997 0.797762 1.221375 0.196783 1.455853 0.627101 1.243498 0.624440 0.323431 0.202367 0.280318 0.100000 0.100000 0.540892 1.614845 0.301040 1.172839 0.100000 0.100000 0.100000 0.581424 0.309858 0.264920 0.350052 0.288852 0.999363 0.472590 0.712930 0.369515 0.100000 0.466272 0.810885 0.100000 0.100000 1.279040 0.308623 
0.100000 0.470990 0.501195 0.879510 0.138859 0.981450 0.802823 0.792762 0.100000 0.484700 1.081344 0.297702 0.295771 0.722724 0.389531 0.691212 0.100000 0.405495 0.844772 0.497242 1.095503 0.284169 1.072740 0.444374 0.170850 0.667759 0.373230 0.346592 0.518455 1.369974 0.100000 0.265337 0.533901 0.422148 0.349479 0.640385 0.418974 0.350012 0.583183 0.100000 0.831123 0.834588 0.407942 0.231610 0.572969 0.570234 0.764781 0.672259 0.291042 0.734796 0.467976 1.097424 0.761747 0.655613 0.441119 0.515982 0.287163 0.776332 0.981296 0.582707 0.499421 0.637754 0.857464 0.948158 0.454869 0.362670 0.303762 0.572655 0.869039 0.397348 0.943833 0.448473 
0.519755 0.520454 0.100000 0.463576 0.470121 0.218630 1.176564 0.363738 0.389495 0.833229 0.675993 0.100000 0.601391 0.689841 0.100000 0.802465 0.100000 0.576254 0.100000 0.144824 1.317050 0.100000 0.731869 0.313223 0.100000 0.580563 0.371802 0.206183 0.753344 0.191760 0.591211 0.943994 0.537096 0.369464 0.157051 0.503085 0.768738 0.100000 0.190582 0.315087 0.630235 0.620020 0.183979 0.528227 0.355487 0.100000 0.501390 0.256015 0.100000 0.629232 0.614403 0.100000 0.221094 0.100000 0.100000 0.100000 0.100000 0.770082 0.496451 0.850196 0.100000 0.446273 0.100000 0.749826 0.100000 0.100000 0.776532 0.100000 1.046209 0.100000 1.015238 0.100000 
0.100000 0.692028 0.100000 0.350249 0.370524 0.230564 1.161528 0.344063 0.100000 0.566375 0.946866 0.100000 0.100000 0.213005 0.100000 0.511497 0.100000 0.100000 0.349785 0.100000 1.313478 0.771840 0.441104 0.100000 0.206099 0.277269 0.659857 0.433680 1.096869 0.448632 0.909483 0.369826 0.372701 0.334614 0.100000 0.100000 0.400596 0.382666 0.127013 0.233449 0.395320 0.100000 0.731327 0.129147 0.264790 0.100000 0.280563 0.100000 0.534585 0.546599 0.518384 0.306888 0.582583 0.100000 0.100000 0.100000 0.100000 0.707794 0.100000 0.612159 0.439818 0.747416 0.151257 0.502410 0.804013 0.101906 0.131201 0.852552 0.931980 0.100000 0.283144 0.100000 
0.592860 1.129245 0.651189 0.710213 0.100000 0.100000 1.342047 0.100000 0.922755 0.752320 0.625980 0.433088 0.615102 0.642275 0.100000 1.133059 0.577860 0.100000 0.100000 0.100000 1.061778 0.355204 0.891248 0.826401 0.100000 0.100000 0.100000 0.280634 0.728354 0.770100 0.615658 0.341115 0.731260 0.266501 0.100000 0.509216 0.802728 0.578258 0.100000 0.178353 0.532406 0.100000 0.613024 0.100000 0.716119 0.424808 0.680766 0.100000 0.186728 0.530124 0.436690 0.685303 0.100000 0.675489 0.100000 0.120249 0.395556 0.752962 0.100000 0.574753 0.237116 1.241260 0.758610 0.693619 0.519972 0.100000 0.418020 0.345119 0.412114 0.816614 0.668045 0.100000 
0.598826 0.409207 0.664124 0.651042 0.108672 1.151610 1.052032 0.421511 0.814268 0.593820 0.608265 0.171223 0.665994 0.751327 0.100000 0.373218 0.390537 0.299701 0.819902 0.100000 1.114236 0.933256 1.342219 0.394780 0.334444 0.327132 0.661435 0.592989 0.621465 1.476661 0.627327 1.039352 0.100000 0.100000 0.100000 0.532753 0.611742 0.438328 0.168655 0.403293 0.590217 1.042206 0.635074 0.895501 0.469184 0.225550 0.724597 0.731193 0.395069 0.748069 0.378389 0.578650 0.340794 0.724525 0.600875 0.186124 0.349455 0.878117 0.631602 0.260546 0.582010 0.475596 0.208504 0.665345 0.194170 0.492468 0.392134 0.691609 0.354538 0.493962 1.082805 0.100000 
0.354684 0.367231 0.511883 0.171569 0.160735 0.671524 1.262064 0.100000 1.158097 0.855920 0.989791 0.651973 0.617881 0.721515 0.100000 0.574921 0.100000 0.211186 0.559402 0.316515 0.761439 0.871717 1.340045 0.144343 0.100000 0.449464 0.173471 0.100000 0.864111 0.100000 0.347493 2.153744 1.541995 0.702048 0.100000 0.523807 0.738384 0.845734 0.558672 0.527551 1.152716 0.550748 0.599272 1.720904 1.139348 0.317106 0.268187 0.230125 0.503321 0.820397 1.130090 1.119629 0.519842 0.100000 0.155913 1.055331 0.798107 0.100000 0.804411 0.407737 0.522607 0.795983 0.177939 0.404902 0.306816 0.100000 0.402987 0.100000 0.453763 0.100000 0.272767 0.100000 
0.625208 0.671694 0.100000 0.160699 0.100000 0.100000 1.310111 0.100000 0.875529 0.540020 0.100000 1.144964 0.224515 0.100000 0.100000 1.347925 0.100000 0.141071 0.598616 0.100000 0.719462 1.054794 0.100000 0.100000 0.100000 0.100000 0.100000 0.100000 0.761645 0.371010 0.678864 0.425760 0.100000 0.674493 0.100000 0.100000 0.568013 0.100000 0.246920 1.002828 0.281862 1.014466 0.350258 0.124719 0.388533 0.290260 0.351585 0.359995 0.114376 0.968047 0.523292 0.399492 0.602153 0.854963 0.100000 0.100000 0.114600 1.314150 0.100000 0.841331 0.100000 1.057793 0.237632 0.879271 0.407993 0.100000 0.125208 0.586481 0.537506 0.100000 1.452903 0.100000 
0.506827 0.720642 0.554138 0.961626 0.100000 0.492932 0.965867 0.505758 0.996079 1.295560 1.120139 0.100000 0.100000 0.100000 0.100000 0.517885 0.100973 0.100000 0.141259 0.587541 1.556524 1.065033 0.566532 0.100000 0.100000 0.546413 0.271779 0.574815 0.481162 0.264165 1.299015 0.999571 0.496568 0.100000 0.875821 0.100000 0.985146 1.278949 0.100000 0.112452 0.433956 0.298971 0.657163 0.847599 0.751284 0.100000 0.962541 0.414592 0.294404 0.754086 0.115833 0.100000 0.825009 0.751118 0.100000 0.765531 0.307428 0.511936 0.100000 0.100000 0.917638 1.163823 1.089471 0.803496 0.100000 0.297290 0.301183 0.758386 1.448784 0.100000 1.424642 0.100000 
0.398988 0.159863 0.380062 0.784467 0.256196 1.022168 1.408512 0.100000 0.679220 0.341185 1.020899 0.605203 0.305092 0.347438 0.225714 0.586805 0.100000 0.100000 0.222437 0.606179 0.917336 0.100000 0.582048 0.100000 0.100000 0.798067 0.224822 0.100000 0.565054 1.048785 0.751289 0.723305 0.497678 0.454696 0.636668 0.100000 0.759060 0.394412 0.100000 0.330762 0.887719 0.324368 0.368149 0.893519 0.871899 0.100000 0.442928 0.507029 0.611271 0.628492 0.750275 0.622498 0.431672 0.892601 0.100000 0.538662 0.351308 0.768164 0.261689 0.984933 0.270944 0.436367 0.100000 0.858713 0.421639 0.139681 0.100000 0.837868 0.917850 1.134710 0.944084 0.717412 
0.100000 0.328932 0.465236 0.100000 0.219156 0.316266 0.875058 0.100000 0.100000 0.545900 1.095135 0.508355 0.100000 0.747085 0.100000 0.172417 0.833856 0.100000 0.100000 0.666136 0.710235 0.100000 0.622289 0.160554 0.169908 0.547471 0.229062 0.273663 0.838742 0.799553 1.211269 0.785813 0.202532 0.375589 0.100000 0.100000 0.297500 0.100000 0.100000 0.114428 0.116793 0.116929 0.325711 0.552585 0.782264 0.321157 0.406064 0.495268 0.759890 0.100000 0.707995 0.350919 0.338299 0.100000 0.100000 0.100000 0.100000 0.699119 0.341919 0.387124 0.217973 0.254563 0.100000 0.242031 0.100000 0.122874 0.691561 0.635878 1.288568 0.422606 0.781572 0.254718 
0.826881 0.511734 0.346943 0.751897 0.100000 0.915981 1.579952 0.403847 0.180571 1.280348 0.464220 0.275932 0.484320 0.967816 0.100000 0.100000 0.100000 0.100000 0.100000 0.100000 0.736897 0.702578 0.100000 0.100000 0.421560 1.094236 1.065580 0.100000 0.911886 0.100000 1.101380 0.100000 1.174023 0.373101 0.481638 0.155505 0.914857 0.247516 0.461980 0.100000 0.480083 0.100000 0.693477 0.998807 0.192642 0.104037 1.341242 0.100000 0.283085 1.046136 0.666105 0.571271 0.640309 0.100000 0.100000 0.947734 1.184996 0.698930 0.207334 1.053406 0.100000 0.100000 0.439707 0.330483 0.196193 0.100000 0.100000 0.500943 0.898504 0.100000 0.785070 0.100000 
1.184141 0.200408 0.257572 0.100000 0.290291 0.498605 1.224454 0.666534 0.719384 0.648243 1.078875 0.704318 0.394142 0.724299 0.862843 0.744957 0.407566 0.100000 0.510189 0.471506 0.762129 0.588412 0.341852 0.544267 0.302053 0.514377 0.986528 0.100000 0.507418 0.829981 0.693648 0.629202 1.075981 0.969223 0.487053 0.771366 0.628653 0.561578 0.236267 0.100000 0.231360 0.106330 1.098582 0.634567 0.843962 0.505600 0.521686 0.528172 0.556550 0.517055 0.846968 0.675466 0.879713 0.444002 0.248878 0.100000 0.228410 1.303526 0.608477 0.100000 0.100000 1.035909 0.100000 0.744544 1.044990 0.431424 0.490924 0.794813 1.002323 0.100000 1.196663 0.511732 
0.519953 0.534224 0.194319 0.100000 0.100000 0.546846 1.427891 0.169436 0.713698 1.220892 0.845345 0.311644 0.328531 1.068927 0.100000 1.061990 0.635284 0.116598 0.780156 0.107404 1.198525 0.343954 0.330463 0.663341 0.344679 0.598163 0.277196 0.100000 0.710615 0.642111 0.562290 0.688250 0.839714 0.251018 0.374339 0.650983 0.969388 1.288587 0.243548 0.584815 0.572114 0.100000 0.227989 0.718841 0.524194 0.388351 0.799475 0.748111 0.304812 0.813861 0.903880 0.846800 0.402518 0.100000 0.100000 0.425649 0.282962 1.067463 0.408568 1.060039 0.188926 1.110099 0.554921 0.604081 0.100000 0.100000 0.218108 0.337292 1.032424 0.296325 0.498851 0.434665 
