82 Number of operations
26 Number of workers
Standard production times
0.436826 0.198809 0.331604 0.391055 0.455688 0.283821 0.369697 0.170513 0.277800 0.162097 0.574453 0.396892 0.633336 0.100000 0.551241 0.100000 0.330241 0.100000 0.539262 0.512992 0.495972 0.340811 0.315938 0.228077 0.318417 0.649516 0.100000 0.100000 0.538062 0.585624 0.717307 0.480261 0.146062 0.493841 0.660772 0.646257 0.445896 0.454722 0.266643 0.360484 0.497204 0.572092 0.100000 0.238532 0.100000 0.618461 0.282133 0.597837 0.392383 0.644536 0.657231 0.431644 0.169275 0.413947 0.588501 0.278597 0.308175 0.396599 0.569202 0.402256 0.238324 0.288863 0.302463 0.464080 0.450278 0.274325 0.171269 0.118233 0.100000 0.577667 0.456585 0.653838 0.442652 0.454075 0.641237 0.267259 0.435319 0.449011 0.525447 0.328855 0.654341 0.435189 
Production times: workers row and ops columns
0.672111 0.100000 0.100000 0.100000 0.484764 0.103255 0.199909 0.136663 0.100000 0.967705 0.651047 0.143563 0.501960 0.100000 0.156622 0.381971 0.547875 0.251580 0.548494 0.512585 0.324099 0.100000 0.456577 0.163031 0.160161 0.298714 0.629838 0.161967 0.698444 0.340665 1.185691 0.370957 0.357067 0.844666 0.392086 0.819177 0.251395 0.180451 0.100000 0.498233 0.337827 0.657912 0.192842 0.402080 0.100000 0.677647 0.788211 0.258869 0.488053 0.732628 0.155064 0.100000 0.100000 0.100000 0.292941 0.657446 0.100000 0.100000 0.390518 0.741963 0.724960 0.100000 0.100000 0.137027 0.604068 0.100000 0.100000 0.100000 0.100000 0.100000 0.954348 0.213402 0.100000 0.100000 0.696787 0.549453 0.100000 0.421176 0.398591 0.282020 0.498129 0.229513 
0.324957 0.173362 0.450433 0.728297 0.526056 0.100000 0.645670 0.100000 0.343143 0.423211 0.678485 0.682101 0.138603 0.100000 0.393543 0.100000 0.100000 0.100000 0.866684 0.415724 0.174384 0.352994 0.578165 0.163406 0.498708 0.414516 0.320241 0.100000 0.381948 0.527800 0.862590 0.540411 0.100000 0.755350 0.646280 0.148590 0.481806 0.487703 0.356805 0.341665 0.671798 0.677213 0.100000 0.100000 0.100000 0.585044 0.100000 0.286265 0.376863 0.682292 0.670668 0.312112 0.403229 0.350603 0.752501 0.240081 0.569175 0.347576 0.833678 0.468679 0.522015 0.699010 0.213851 0.411104 0.862784 0.347967 0.100000 0.100000 0.100000 0.561677 0.218452 1.102538 0.476555 0.328952 0.556456 0.136745 0.100000 0.874114 0.297171 0.100000 0.747195 0.100000 
0.984766 0.628612 0.523408 0.691647 1.054930 0.365958 0.472876 0.100000 1.056111 0.227118 0.448210 0.536742 0.252195 0.100000 0.755548 0.100000 1.121261 0.788518 0.440112 1.093163 0.463604 0.469545 0.655489 0.278153 0.234767 0.673277 0.262871 0.645869 0.173055 0.653516 0.660444 0.316967 0.100000 1.162985 1.010664 0.100000 0.767194 0.717173 0.201728 0.100000 0.569256 0.388350 0.631936 0.100000 0.300501 0.911071 0.492701 0.500532 0.800082 0.142182 0.577236 0.520221 0.896446 0.560833 0.623966 0.269967 0.455096 0.139382 0.688370 0.673717 0.630277 0.627847 0.251918 0.499345 0.218967 0.400464 0.631639 0.860612 0.557400 0.993879 0.321347 0.998883 0.271561 0.518153 0.468963 0.100000 0.176326 0.197566 0.645708 0.593950 0.465646 0.421120 
0.593765 0.754882 0.417681 0.291613 0.108927 0.344419 0.536296 0.616258 0.410996 0.100000 0.801123 0.251061 0.156727 0.100000 0.732927 0.100000 0.431368 0.100000 0.534778 0.140956 0.724829 0.648479 0.129027 0.100000 0.164356 0.568574 0.100000 0.102143 0.124697 1.147506 0.792528 0.512821 0.100000 0.615348 0.571946 0.813541 0.864318 0.400164 0.261994 0.512221 0.487750 0.305669 0.100000 0.100000 0.100000 0.100000 0.411322 0.353211 0.100000 0.527430 0.785221 0.100000 0.418355 0.214936 0.850045 0.109339 0.502868 0.328216 0.247540 0.575280 0.210569 0.114819 0.100000 0.449589 0.893305 0.100000 0.100000 0.100000 0.126837 0.676328 0.258275 0.446138 0.639470 0.719974 0.500263 0.100000 0.100000 0.860112 0.401910 0.751081 0.360319 0.477518 
0.257132 0.100000 0.439574 0.516369 0.342113 0.154562 0.762659 0.353133 0.100000 0.164631 0.414194 0.396280 0.993094 0.100000 1.251171 0.180085 0.921965 0.100000 0.637573 0.539308 0.580678 0.644534 0.298000 0.100000 0.538597 0.494121 0.100000 0.100000 0.540529 1.075536 0.845609 0.562672 0.314071 0.517466 0.932152 1.127277 0.100000 0.281020 0.396612 0.560856 0.624007 0.929476 0.100000 0.216259 0.399021 0.699575 1.108680 0.852670 0.821026 0.944682 0.660620 0.964841 0.100000 0.933484 0.266884 0.471778 0.675792 0.602349 0.701605 0.639092 0.100000 0.639602 0.673856 0.557425 0.332078 0.100000 0.545524 0.100000 0.519187 1.034672 0.408232 0.813826 0.773398 0.726083 0.390452 0.376264 0.460291 0.499275 0.915590 0.456403 0.756711 0.172703 
0.690587 0.340594 0.849987 0.972505 0.450639 0.100000 0.100000 0.100000 0.100000 0.318130 0.959948 0.697567 0.519210 0.100000 0.431410 0.216184 0.497617 0.100000 0.795149 0.263264 0.730523 0.469557 0.651718 0.538355 0.448478 0.483284 0.100000 0.100000 0.911917 0.798312 0.918212 0.391604 0.100000 0.274324 0.920480 0.893035 0.918507 0.101733 0.100000 0.476640 0.764241 0.685819 0.100000 0.601147 0.146550 0.726288 0.254984 0.356964 0.100000 0.519783 0.688970 0.684745 0.292947 0.533718 0.684237 0.377918 0.570969 0.434967 0.730477 0.856022 0.605457 0.506862 0.100000 0.235819 0.889487 0.921868 0.226842 0.100000 0.190816 0.357179 0.100000 0.951870 1.121121 0.525534 0.607523 0.118844 1.182191 0.428685 0.358163 0.744366 0.247373 0.463423 
0.440161 0.164762 0.100000 0.724810 0.648642 0.100000 0.528425 1.158643 0.100000 0.232544 0.687061 0.100000 0.414576 0.295057 0.461375 0.388428 1.036287 0.679635 0.715416 0.748780 0.908528 0.486151 0.100000 0.302421 0.781438 0.746650 0.100000 0.715251 0.369449 0.932870 1.032333 0.742258 0.100000 0.760403 1.187806 0.952255 0.100000 0.838552 0.786108 0.487946 0.802991 0.129179 0.100000 0.458370 0.404115 0.543164 0.209183 0.821840 0.100000 1.072556 0.933552 0.297433 0.257626 0.817635 0.303940 0.237014 0.341598 0.800986 0.374918 0.382930 0.536215 0.926016 0.556467 0.100000 0.481296 0.630936 0.300254 0.302082 0.395980 0.463846 0.100000 0.546683 0.100000 0.100000 0.720891 0.590719 0.692358 0.451272 0.760005 0.835882 1.319543 0.424121 
0.496868 0.353768 0.594515 0.894539 0.888082 0.434821 0.483659 0.224078 0.100000 0.365125 0.538307 0.871152 0.862605 0.100000 0.189011 0.708100 0.110414 0.100000 0.872958 0.871320 0.552474 0.432765 0.535800 0.388083 0.100000 0.491690 0.194146 0.808219 0.848700 0.759653 0.386449 0.645723 0.100000 1.052711 0.499923 0.918253 0.126786 0.492662 0.545217 0.480305 0.448999 0.402765 0.100000 0.100000 0.823529 1.072048 0.100000 1.075937 0.222387 1.334109 0.432486 0.874497 0.100000 0.742081 0.119802 0.830703 0.952244 0.880045 0.403455 0.708868 0.429414 0.312851 0.533592 0.641312 0.225593 0.605407 0.100000 0.387504 0.436515 0.895974 0.180709 1.302229 0.438603 1.086246 0.316108 0.578657 0.236379 1.155634 0.513867 0.410279 0.511884 0.363770 
0.532515 0.298975 0.339068 0.100000 0.599174 0.495878 0.644963 0.708810 0.609444 0.391411 0.494035 1.211592 0.685997 0.100000 0.675215 0.100000 0.502730 0.100000 0.811609 0.168534 1.416227 0.276308 0.626223 0.354512 0.636003 0.429739 0.100000 0.100000 0.368122 0.552691 0.875999 0.138605 0.155213 0.852463 0.583514 0.460822 0.295020 0.785015 0.100000 0.649984 0.132096 0.815817 0.322547 0.125876 0.287017 0.496936 0.569129 0.492800 0.562971 0.749721 0.488065 0.100000 0.100000 0.514766 0.761088 0.100000 0.589513 0.432854 0.691760 0.100000 0.508091 0.618235 0.809050 0.100000 0.279631 0.761617 0.254505 0.100000 0.100000 0.743988 0.693466 1.036945 0.186028 0.555199 0.473303 0.100000 0.552010 0.781040 0.380676 0.594272 0.542226 0.800625 
0.215539 0.100000 0.369909 0.100000 0.536582 0.448616 0.100000 0.100000 0.100000 0.100598 0.694159 0.691295 0.425653 0.100000 0.529123 0.100000 0.100000 0.100000 0.480581 0.122914 0.499589 0.763573 0.471824 0.341414 0.605427 1.008274 0.176917 0.171686 0.729399 0.360255 0.918162 0.389949 0.100000 0.165981 0.367971 0.631770 0.416227 0.580516 0.100000 0.575456 0.729116 0.668723 0.100000 0.100000 0.100000 0.357005 0.239767 0.963344 0.100000 0.687568 1.049631 0.511140 0.163494 0.271439 0.810368 0.289746 0.295682 0.602074 0.100000 0.516848 0.100000 0.100000 0.244983 0.374465 0.100000 0.496264 0.100000 0.488614 0.100000 0.100000 0.736065 0.452902 0.100000 0.695289 0.628308 0.462921 0.311724 0.766059 0.243233 0.264661 0.429934 0.843781 
1.146984 0.516673 0.100000 0.593072 0.792864 0.560856 0.100000 0.100000 0.100000 0.977441 1.008733 0.241643 1.005722 0.100000 0.100000 0.100000 0.699728 0.246159 1.523611 0.876061 0.100000 0.619579 0.580453 1.046489 0.456747 0.833840 0.397753 0.717817 0.986983 0.975879 0.498189 0.359402 0.100000 0.935317 0.807043 0.829832 0.265325 0.620049 0.100000 0.291273 0.517194 0.679135 0.100000 0.100000 0.100000 0.945750 0.100000 0.756276 0.100000 0.100000 0.919215 0.914382 0.100000 0.100000 0.744654 0.234961 0.194714 0.936729 1.351309 0.473043 0.214707 0.755498 0.100000 0.687934 0.727258 0.100000 0.356181 0.100000 0.100000 0.100000 0.714734 0.437608 0.923651 0.672153 0.100000 0.392753 0.238294 1.067050 0.581937 0.253588 0.751705 0.440888 
0.101713 0.371288 0.100000 0.212306 0.917984 0.100000 0.980416 0.100000 0.100342 0.100000 2.004170 0.509268 1.011981 0.462606 0.299710 0.430024 1.129632 0.100000 0.100000 0.478811 0.696078 0.307013 0.321278 0.163272 0.812177 1.348799 0.267664 0.100000 0.956501 0.100000 0.648204 0.291518 0.132782 0.381776 0.100000 0.929254 0.670641 0.100000 0.100000 0.226908 0.411888 1.236990 0.618358 0.100000 0.533263 0.127037 0.100184 0.442980 0.828712 0.238095 1.645672 0.124334 0.732612 0.160647 0.860891 1.184636 0.484283 0.617901 0.976093 0.754140 0.193537 1.031416 0.621542 0.603916 1.439891 0.100000 0.100000 0.100000 0.119125 1.030363 0.111273 0.974077 0.549524 0.749655 0.431309 0.549624 0.762969 0.100000 0.895242 0.994392 1.069552 0.752969 
0.100000 0.286594 0.370972 0.100000 0.252375 0.704980 0.901664 0.354499 0.100000 0.176463 0.904569 0.390228 0.581696 0.248570 0.582452 0.100000 0.239853 0.100000 1.089259 0.783818 0.100000 0.100000 0.394969 0.239511 0.284828 1.311401 0.100000 0.352759 0.877646 0.301412 1.127370 0.141201 0.464700 0.363566 0.919013 0.389352 0.117541 0.100000 0.456705 0.627327 0.306816 0.312419 0.158933 0.100000 0.424079 0.166314 0.100000 0.381110 0.666277 0.390145 0.482603 0.631316 0.353230 0.100000 0.972395 0.121952 0.100000 0.151406 0.830961 0.100000 0.447179 0.193251 0.255929 0.147716 0.203778 0.488107 0.100000 0.100000 0.100000 1.170922 0.153145 0.530995 0.100000 0.468525 0.100000 0.100000 0.719242 0.509531 0.877242 0.100000 0.861089 0.298566 
0.100000 0.765074 0.100000 0.442085 0.698882 0.100000 0.100000 0.100000 0.100000 0.100000 1.405633 0.239619 0.100000 0.100000 0.641545 0.100000 1.023289 0.854998 0.848718 0.100000 0.160146 0.271014 0.239574 0.250280 0.171799 0.115643 0.100000 0.224777 0.100000 0.976761 0.218135 0.287244 0.100000 0.100000 0.630325 0.100000 0.481352 0.100000 1.427353 0.520041 0.148883 0.726748 0.297063 0.100000 0.753163 0.247738 0.100000 0.424669 1.597560 0.988293 1.510620 0.100000 0.617249 0.100000 0.236380 0.236909 0.495590 0.226814 0.100000 0.688965 0.100000 0.795905 0.100000 0.245387 0.100000 0.216060 0.856884 0.459883 0.216101 0.100000 0.719729 0.216573 0.710084 0.100000 1.133420 0.842151 0.436138 0.559492 1.036879 0.100000 0.678161 0.100000 
0.100000 0.742097 0.100000 0.387080 0.555966 0.606260 0.391814 0.100000 0.100000 0.552745 0.192698 0.100000 1.242999 0.100000 0.501823 0.100000 0.443554 0.100000 1.047251 0.100000 0.492642 0.100000 0.100000 0.733909 0.100000 0.100000 0.100000 0.196476 0.100000 0.100000 0.432273 0.730809 0.100000 0.958077 0.732740 1.228858 0.812353 0.307595 1.003119 0.263382 0.390037 0.100000 0.100000 0.167410 0.437913 0.922861 0.721322 0.631062 0.912287 0.100000 0.100000 0.100000 0.100000 0.100000 0.100000 0.100000 0.100000 0.808752 0.871103 0.259950 0.100000 0.119810 0.100000 0.100000 0.828234 0.325150 0.538869 0.563820 0.100000 1.234097 0.100000 1.031782 0.100000 0.523735 1.724490 0.100000 0.533184 0.100000 0.865126 0.416019 0.922081 0.100000 
0.489624 0.100000 0.100000 0.318912 0.606139 0.100000 0.197745 0.100000 0.508841 0.111010 0.119071 0.100000 0.776790 0.100000 0.311439 0.100000 0.440673 0.100000 0.394872 0.148908 0.700487 0.413169 0.735496 0.510347 0.569194 0.478179 0.955740 0.120756 0.759542 0.272537 0.942306 0.647232 0.100000 0.677892 0.345499 0.399204 0.676706 0.152738 0.105384 0.224053 0.354317 0.386787 0.100000 0.100000 0.100000 0.663127 0.454591 0.489942 0.665117 0.514789 0.808271 1.068205 0.100000 0.356379 0.395312 0.224149 0.511659 0.933336 0.617231 0.819167 0.509542 0.100000 0.100000 0.295456 0.100000 0.345807 0.239080 0.100000 0.100000 0.487642 0.100000 0.591280 0.100000 0.380750 0.427649 0.432818 0.720820 0.383756 0.699351 0.156816 1.080900 0.249848 
1.040724 0.242761 0.172765 0.288462 0.747992 0.769025 0.742952 0.100000 0.471395 0.529513 0.687030 0.449247 1.316726 0.100000 0.383515 0.495252 0.100000 0.354767 0.476784 0.571525 0.620653 0.649644 0.335273 0.343782 0.104665 0.661315 0.100000 0.516597 0.936012 1.298691 0.247593 1.013784 0.100000 0.112833 0.746253 0.539961 0.510569 1.025608 0.366112 0.434878 0.826527 0.791392 0.100000 0.698244 0.409043 0.627490 0.421579 0.770097 0.459687 0.462133 0.980007 0.100000 0.754700 0.382013 0.552940 0.367417 0.557014 0.775824 0.328331 0.379253 0.306293 0.150155 0.191374 0.297283 0.229317 0.251959 1.199040 0.412493 0.100000 1.221957 0.804688 0.972565 0.518585 0.514466 1.020553 0.954707 0.301005 0.107271 0.934983 0.711189 0.100000 1.048399 
0.287261 0.100000 0.241907 0.100000 0.100000 0.135743 0.124004 0.100000 0.100000 0.100000 0.412268 0.250883 0.333695 0.368642 0.783161 0.106836 0.606078 0.102829 0.803212 0.402163 1.233571 0.126118 0.443724 0.132977 0.433565 0.580402 0.114590 0.100000 0.913274 0.352421 0.419432 0.100000 0.264446 0.277240 0.427839 0.942394 0.225401 0.645923 0.285402 0.239471 0.100000 0.329489 0.216582 0.463434 0.100000 0.236381 0.334381 0.962752 0.931389 0.797001 0.318993 0.376478 0.100000 0.100000 0.359985 0.242833 0.502688 0.100000 0.556557 0.123391 0.259162 0.421790 0.100000 0.257204 0.100000 0.187098 0.263345 0.100000 0.348397 0.693340 0.282492 1.021185 0.185422 0.264718 0.537447 0.100000 0.514108 0.275178 0.116317 0.100000 0.512805 0.312889 
0.237457 0.635411 0.168357 1.151369 0.759825 0.990598 0.640231 0.398553 0.353279 0.369873 0.135838 0.459895 1.072300 0.650053 0.511057 0.196269 0.481977 0.157754 0.398615 0.702596 0.515831 0.271252 0.549526 0.100000 0.784582 1.032168 0.100000 0.100000 0.436861 0.688414 0.426994 0.802469 0.158815 0.462019 0.765481 0.974959 0.886381 0.398380 0.336378 0.987016 1.175617 0.565566 0.302076 0.515845 0.971404 0.991930 0.125941 0.701908 0.755362 0.582070 0.919292 0.592716 0.414132 0.501878 0.397737 0.244451 0.150137 0.601731 0.914790 0.697971 0.100000 0.474887 0.371877 0.556060 0.564049 0.472032 0.772363 0.100000 0.118037 0.593743 0.528689 0.404388 0.686948 0.215280 0.661982 0.118948 0.633861 0.564456 0.601182 1.011176 0.727214 0.732945 
0.424309 0.392450 0.257846 0.100000 0.767714 0.100000 0.700538 0.100000 0.100000 0.375125 0.476866 0.639745 0.453463 0.100000 0.205214 0.157673 0.260344 0.100000 0.927894 0.379831 0.100000 0.100000 0.364702 0.522401 0.315499 0.758775 0.100000 0.100000 0.870600 0.342352 0.739792 0.698283 0.145532 0.657988 0.581006 0.648900 0.138176 0.182021 0.100000 0.100000 0.205006 0.620107 0.100000 0.100000 0.100000 1.211576 0.100000 0.409616 0.100000 0.739400 0.265018 0.344949 0.171072 0.425776 0.687720 0.100000 0.305460 0.632495 1.223732 0.406952 0.100000 0.278227 0.521608 0.823267 0.667879 0.192812 0.100000 0.156962 0.100000 0.810956 0.868862 0.818619 0.100000 0.100000 0.489438 0.248798 0.399328 0.100000 0.100000 0.100000 0.721531 0.692268 
0.100000 0.645424 0.100000 0.704926 0.257187 0.852929 0.247743 0.100000 0.707781 0.100000 0.862534 0.543911 0.565601 0.375758 0.528161 0.100000 0.422713 0.100000 0.217740 1.287575 0.805141 0.890491 0.941285 0.183881 1.227884 0.127113 0.796019 0.181345 0.347224 0.156793 0.482009 0.100000 0.522580 1.294736 1.131503 1.327846 0.100000 0.100000 0.707808 0.100000 0.818790 0.100000 0.100000 0.217868 0.100000 0.366525 0.116319 0.816449 0.360501 0.750347 1.400206 0.886113 0.100000 0.100000 0.182351 0.100000 0.100000 0.621443 0.300608 0.726353 0.100000 0.100000 0.536685 0.279983 0.997857 0.100000 0.569283 0.126618 0.100000 0.100000 0.100000 0.802295 1.344485 0.896851 0.173908 0.520196 0.156181 0.187594 0.826354 0.100000 0.688566 0.471111 
0.798766 0.184402 0.126193 0.459119 0.881235 0.148245 0.521076 0.551497 0.580534 0.943670 0.758429 0.889752 0.696756 0.393133 0.430433 0.166366 0.107602 0.100000 0.611455 0.975611 0.253493 0.348515 0.849084 0.100000 0.276952 0.324032 0.518426 0.100000 0.100000 0.375034 0.764787 0.383608 0.188452 0.453523 1.123762 0.603844 0.674523 0.629618 0.479437 0.192643 0.100000 0.464339 0.100000 0.809340 0.162481 0.385468 0.367274 0.531791 0.465711 0.100000 0.506584 0.509197 0.529017 0.763604 0.660709 0.531483 0.937665 0.871549 0.349504 0.735435 0.500598 0.192126 0.123856 1.221096 0.872793 0.542934 0.209778 0.100000 0.210671 0.807394 0.663622 0.346148 0.109979 0.513789 0.481764 0.637930 0.712306 1.122882 0.251340 0.469553 0.737942 0.425834 
0.633356 0.100000 1.524272 0.339292 0.390929 0.862753 0.797289 0.599363 0.273782 0.100000 0.320723 0.632648 1.014240 0.633973 0.459432 0.100000 0.676886 0.100000 0.296838 0.136697 0.782790 0.100000 0.819552 1.259129 0.100000 0.967947 0.100000 0.149930 0.523997 0.647605 0.661032 0.100000 0.100000 1.314749 0.150649 0.100000 0.100000 1.119864 0.100000 1.147392 0.232865 0.100000 0.256194 0.100000 0.618619 0.298018 0.100000 0.733021 0.263607 0.100000 0.726772 0.619229 0.673207 0.100000 0.324533 0.634219 0.100000 0.426348 0.448208 0.955818 0.100000 0.295592 1.039834 0.445748 0.100000 0.678546 0.376961 0.919515 1.138525 0.589776 0.100000 0.790089 0.100000 0.996227 0.743251 0.100000 1.094124 1.203852 0.722253 1.222945 1.293671 0.177200 
0.823162 0.100000 0.100000 0.847611 0.984727 0.100000 0.100000 0.100000 1.327565 0.944005 0.954352 0.100000 0.100000 0.100000 0.324922 0.717977 0.770706 0.100000 0.100000 0.751426 0.174849 0.100000 0.950311 0.100000 0.100000 0.572815 0.459463 0.775886 1.018326 0.100000 1.087373 0.100000 0.103088 0.884326 1.045587 0.267239 0.595496 0.539586 0.582380 0.340860 0.408434 0.662594 0.100000 0.100000 0.100004 0.845557 0.100000 0.946138 0.100000 0.522266 0.717640 0.339089 0.457858 0.668903 0.558697 0.100000 0.678706 0.638253 0.862954 0.100000 0.358984 0.296098 0.878357 0.100000 0.309895 1.241212 0.100000 0.100000 0.100000 0.912760 1.180863 0.782103 0.764238 0.100000 1.218709 0.724798 0.156768 0.880941 0.411885 1.059748 0.552454 0.719490 
0.148705 0.100000 0.100000 0.529850 0.237761 0.398968 0.795281 0.280297 0.100000 0.100000 0.475510 0.100000 0.532046 0.100000 0.781349 0.100000 0.100000 0.100000 0.760525 0.100000 0.789391 0.100000 0.100000 0.100000 0.799603 0.686942 0.318558 0.100000 0.822002 1.095146 0.404043 0.301119 0.216036 0.581618 0.618346 0.563489 0.253413 0.594966 0.115035 0.100000 0.675803 0.332991 0.100000 0.125514 0.100000 0.377461 0.100000 0.290607 0.417828 0.257176 1.335826 1.102135 0.257036 0.503033 0.100000 0.244870 0.100000 0.148790 0.286673 0.264709 0.568555 0.264536 0.580945 0.693866 0.917561 0.100000 0.509019 0.100000 0.100000 0.686787 0.100000 0.252876 0.431197 0.603250 0.659684 0.100000 0.300405 0.678507 1.058302 0.132086 0.718940 0.580117 
0.936841 0.147414 1.257989 0.100000 0.765699 0.720773 0.723616 0.100000 0.573785 0.500006 0.100000 0.185042 0.691404 0.100000 1.220162 0.509134 0.100000 0.589410 0.525323 0.790729 0.553555 0.100000 0.357807 0.100000 0.316437 0.100000 0.100000 0.100000 1.105525 1.265113 0.170710 0.588205 0.704856 0.100000 0.253147 0.912024 0.483721 0.830183 0.210563 0.874911 0.100000 0.664508 0.638851 0.722862 0.100000 1.150405 0.100000 0.157468 0.100000 0.372259 0.222556 0.100000 0.100000 0.622681 0.828460 0.146552 0.355313 0.777543 0.743471 0.262681 0.474741 0.284120 0.100000 0.564389 0.614313 0.957836 0.663703 1.062753 1.040693 0.721500 0.509555 1.173407 0.772617 1.183160 1.563551 0.100000 0.865096 0.644926 1.246271 1.166772 0.894822 0.550382 
