76 Number of operations
27 Number of workers
Standard production times
0.436826 0.198809 0.331604 0.391055 0.455688 0.283821 0.369697 0.170513 0.277800 0.162097 0.574453 0.396892 0.633336 0.100000 0.551241 0.100000 0.330241 0.100000 0.539262 0.512992 0.495972 0.340811 0.315938 0.228077 0.318417 0.649516 0.100000 0.100000 0.538062 0.585624 0.717307 0.480261 0.146062 0.493841 0.660772 0.646257 0.445896 0.454722 0.266643 0.360484 0.497204 0.572092 0.100000 0.238532 0.100000 0.618461 0.282133 0.597837 0.392383 0.644536 0.657231 0.431644 0.169275 0.413947 0.588501 0.278597 0.308175 0.396599 0.569202 0.402256 0.238324 0.288863 0.302463 0.464080 0.450278 0.274325 0.171269 0.118233 0.100000 0.577667 0.456585 0.653838 0.442652 0.454075 0.641237 0.267259 
Production times: workers row and ops columns
0.100000 0.100000 0.100000 0.132846 0.100000 0.472469 0.100000 0.115786 0.617336 0.100000 0.424350 1.475966 1.070479 0.100000 0.511370 0.382243 0.946977 0.174493 0.273971 0.147729 0.818503 0.497341 0.100000 0.133541 0.110318 1.011845 0.100000 0.343207 0.963822 0.828749 0.300187 1.152757 0.100000 0.707059 0.284104 0.100000 0.558772 0.598239 0.227923 0.498518 0.172999 0.203359 0.100000 1.193170 0.507407 0.358465 0.561490 0.358655 0.163752 1.074178 0.394599 0.100000 0.100000 0.458155 0.652505 0.899405 0.100000 0.762332 0.782186 0.327749 0.656246 0.534922 0.100000 0.999922 0.100000 0.304133 0.172491 0.330551 0.100000 0.560195 0.386275 1.152383 0.100000 0.490448 0.510616 0.100000 
1.339659 0.277443 0.100000 0.913643 0.234513 0.495082 0.728547 0.100000 0.248533 0.100015 0.635645 0.100000 0.362645 0.157764 0.962927 0.389523 0.949066 0.408216 0.485924 0.576139 0.100000 0.152579 0.109830 0.409255 0.612766 0.581404 0.100000 0.100000 0.599734 0.760075 0.951042 0.345448 0.842609 0.952359 0.732200 0.588100 0.449421 0.600061 0.361055 0.605543 0.827894 1.081964 0.544179 0.305463 0.316475 0.602323 0.205967 1.271085 0.354429 1.341758 0.652521 0.607492 0.596098 0.521124 0.806438 0.306182 0.265518 0.446866 0.474287 0.991671 0.288014 0.905664 0.100000 0.569606 0.718863 0.286178 0.599665 0.410141 0.117620 0.808170 1.400149 0.829437 0.632503 0.422078 0.781286 0.100000 
0.477339 1.036085 0.751769 0.683481 0.886865 0.948348 0.647773 0.891777 0.698740 0.312052 1.190296 0.100000 0.561932 0.279736 0.377614 0.153182 0.238604 0.100000 1.452840 0.801234 0.579788 0.835361 0.344737 0.593679 0.523662 1.237488 0.100000 0.429716 0.674737 0.338409 1.136933 0.318548 0.731834 0.747769 0.969417 0.770394 0.817255 0.100000 0.389062 0.272009 0.682002 0.657945 0.384973 0.100000 0.751746 1.413218 0.319648 0.693345 0.578650 1.123762 1.326302 0.169903 0.100000 0.195300 0.354666 0.100000 0.517016 0.148888 1.120181 0.774752 0.100000 0.100000 0.218748 0.984070 0.295395 0.100000 0.256442 0.330250 0.100000 1.163496 0.628722 0.889750 0.285992 0.542156 0.694281 0.100000 
0.623123 0.100000 0.422968 0.100000 1.161583 0.481700 0.728104 0.546216 0.100000 0.100000 0.575580 0.766037 0.760647 0.435630 0.932231 0.100000 0.516546 0.789942 0.468103 0.100000 0.526401 0.301410 0.541452 0.100000 0.445632 0.100000 0.456189 0.676060 1.027426 0.231060 0.913066 0.100000 0.331018 0.574533 0.462033 0.849395 0.587301 0.836572 0.404836 0.530992 0.100000 0.324175 0.100000 0.427585 0.198110 1.168728 0.121085 0.625947 0.568907 0.675087 0.905905 0.360475 0.695378 0.418070 1.023284 0.369506 0.855632 0.100000 0.824242 0.372483 0.407744 0.746704 0.100000 0.167471 0.250768 0.450641 0.100000 0.247211 0.100000 0.334551 0.445832 0.868018 0.354728 0.406462 0.728683 0.285439 
0.100000 0.100000 0.374086 0.939945 1.478855 0.617315 0.409243 0.100000 0.322327 0.551545 1.206776 0.100000 0.751539 0.507802 1.481647 0.227795 0.100000 0.100000 0.360542 0.187032 0.909240 0.875464 0.678367 0.824170 0.100000 0.839683 0.100000 0.121829 1.150555 0.570757 0.100000 0.353853 0.100000 0.100000 0.265589 1.126569 1.286352 0.210219 0.767911 0.949595 0.100000 0.552410 0.100000 0.324725 0.100000 0.443890 0.811044 1.228938 1.308064 0.475782 1.591985 0.764597 0.100000 0.794752 0.412361 0.538135 0.256913 1.000718 0.697482 0.261004 0.720807 0.416974 0.100000 1.102717 0.246105 0.100000 0.100000 0.100000 0.100000 1.508106 0.100000 0.658048 0.100000 0.148399 1.400583 0.715437 
0.153751 0.100675 0.100000 0.100000 0.100000 0.100000 0.367482 0.249551 0.324273 0.100000 0.100000 0.276759 0.256048 0.264390 0.618174 0.224067 0.125731 0.100000 0.726631 0.780889 0.100000 0.282186 0.573914 0.100000 0.748722 0.444806 0.100000 0.411497 0.526422 0.289683 0.881244 0.100000 0.590654 0.148966 0.646567 0.426672 0.476766 0.621099 0.100000 0.496393 0.308994 0.265734 0.100000 0.100000 0.100000 0.803201 0.136886 0.840297 0.421910 0.236746 0.100000 0.125472 0.148513 0.316591 0.239472 0.482441 0.100000 0.100000 0.507391 0.960385 0.262504 0.100000 0.380260 0.569099 0.631635 0.100000 0.100000 0.100000 0.124582 0.957138 0.983480 0.333917 0.185761 0.335003 0.466305 0.312996 
0.679694 0.327757 1.003640 0.311800 0.100000 0.100000 0.100000 0.100000 0.100000 0.493690 0.667087 0.185495 0.188392 0.100000 0.100000 1.023955 0.100000 0.170905 0.911081 0.581058 0.337570 0.724848 0.100000 0.505850 1.033766 0.128828 0.100000 0.167970 1.032849 1.255199 1.057621 0.145510 0.100000 0.615331 0.859901 0.100000 0.475792 0.620840 0.789175 0.100000 0.775687 0.100000 0.100000 0.199393 0.858958 2.275613 0.408906 0.845483 0.896154 0.100000 1.040063 0.100000 0.983831 1.135693 0.839270 0.100000 1.142188 0.526443 0.624324 0.692028 0.100000 0.503113 0.800517 0.633581 0.522907 0.100000 0.493046 0.218467 0.104532 0.296065 0.884671 1.277431 0.636725 0.902450 1.304248 1.061340 
0.604521 0.234811 0.307120 0.495179 0.721278 0.665276 0.341674 0.315470 0.100000 0.641286 0.557015 0.604268 0.517525 0.110517 0.445442 0.711490 0.538050 0.150067 0.354970 0.429902 0.766584 0.940589 0.100000 0.100000 0.365681 0.561035 0.100000 0.205793 0.863375 0.212491 0.880595 0.869663 0.540160 0.467880 1.452196 0.912791 0.302576 0.850011 0.100000 0.729065 0.218588 0.909254 0.100000 0.678218 0.422203 0.852623 0.399723 1.023942 0.100000 0.874303 0.881261 0.700289 0.517144 1.624684 0.723535 0.619947 0.453886 0.968400 0.100000 1.011640 0.133182 0.100000 0.100000 0.511724 0.608551 0.360557 0.516314 0.207680 0.181041 0.100000 0.702788 1.056911 0.416450 0.100000 0.340285 0.869328 
0.133722 0.100000 0.100000 0.731497 0.161766 0.100000 0.100000 0.116614 0.778274 0.100000 1.015563 0.484605 0.707255 0.189486 0.568462 0.613103 0.574168 0.100000 0.603572 0.475010 0.738438 0.430969 0.523227 0.100000 0.508213 1.306322 0.100000 0.900466 0.686599 0.481750 0.100000 1.024060 0.100000 0.238246 0.933724 0.133467 0.100000 0.100000 0.210963 0.654752 0.698707 0.775793 0.100000 0.308767 0.100000 1.617299 0.379497 0.100000 0.100000 1.445188 0.100000 0.212797 0.371088 0.100000 1.121803 1.118139 0.100000 0.961247 0.123591 0.100000 0.361167 0.407829 0.100000 0.885092 0.100000 0.100000 0.100000 0.497415 0.501951 0.911137 0.100000 0.720223 0.671479 0.100000 0.230390 0.590190 
0.788653 0.326426 0.602642 0.553103 0.530648 0.229193 0.100000 0.100000 0.100000 1.320984 0.704573 0.391544 0.517348 0.100000 0.415107 0.372353 0.315519 0.505540 0.191674 0.688110 0.934550 0.100000 0.399823 0.351611 0.151043 0.405935 0.100000 0.674411 0.100000 0.100000 1.046264 0.100000 0.627698 0.710951 0.959817 0.564256 0.100000 0.100000 0.995049 0.124514 0.238864 1.363173 0.100000 0.119552 0.100000 0.549731 0.100000 0.317730 1.035127 1.025083 0.100000 0.100000 0.336094 0.357470 0.401237 0.799967 0.100000 0.996395 0.634998 0.676459 0.365009 0.711933 0.177297 0.192951 0.841063 0.361876 0.100000 0.793040 0.705382 1.298386 0.496434 0.829105 0.251881 0.100000 0.673973 0.355514 
0.137997 0.647717 0.100000 0.100000 0.154277 0.571183 0.192720 0.100000 0.100000 0.100000 0.100000 0.601553 0.716004 0.297010 0.252533 0.753575 0.100000 0.100000 0.351629 0.454128 0.622874 0.100000 0.393195 0.640433 0.100000 0.327466 0.100000 0.100000 0.695287 0.715707 0.867394 0.805105 0.100000 0.679673 0.275287 0.308985 0.418156 0.109315 0.338154 0.673000 0.518265 0.250862 0.100000 0.548142 0.100000 0.545256 0.104465 0.513743 0.621294 0.382899 0.134113 0.767165 0.136180 0.531666 0.482687 0.411884 0.587597 0.706497 0.387166 0.196610 0.256784 0.251014 0.372202 0.150799 0.100000 0.309331 0.305643 0.211137 0.497833 0.733336 0.240085 0.849466 0.317172 0.730661 0.612633 0.303312 
0.605143 0.315160 0.100000 0.508377 0.100000 0.533162 0.767273 0.885844 0.490023 0.100000 0.197580 1.081223 0.305455 0.468657 0.100000 0.184553 0.635208 0.297571 0.626800 0.365580 0.323972 0.743400 0.546657 0.279901 0.480465 0.471505 0.506687 0.578292 0.404107 0.716231 1.131781 0.387713 0.856435 1.047030 0.677109 1.039888 1.044555 0.181494 0.552410 0.417179 0.532243 0.885184 0.100000 0.100000 0.100000 0.712540 0.570804 0.690674 0.446604 0.735298 1.144025 0.690780 0.100000 0.427312 1.049907 0.204507 0.289755 0.489080 0.349729 0.772967 0.100000 0.824274 0.271916 0.187106 0.634957 0.100000 0.432474 0.450320 0.100000 0.560999 0.841208 0.552615 0.549403 0.658360 1.209225 0.216337 
0.347230 0.438411 0.100000 0.210368 0.100000 0.100000 0.856788 0.133897 0.622846 0.100000 0.636589 0.167392 0.369251 0.100000 0.489741 0.459981 0.171193 0.113952 0.362185 0.456453 0.100000 0.568238 0.100000 0.140537 0.154172 0.844910 0.156499 0.100000 0.490563 0.588656 0.844271 0.532349 0.431624 0.879369 0.745096 0.149474 0.870249 0.999694 0.100000 0.136284 0.100000 0.705865 0.100000 0.687373 0.100000 0.540180 0.384478 0.377151 0.100000 0.619307 0.398954 0.228665 0.100000 0.146753 0.420098 0.414653 0.100000 0.346380 0.242469 0.576237 0.100000 0.475795 0.100000 0.100000 0.100000 0.478451 0.151826 0.100000 0.100000 0.878691 0.336356 0.719101 0.100000 0.100000 0.707836 0.853822 
0.169141 0.269924 0.100000 0.659490 0.212034 0.100000 0.100000 0.100000 0.225176 0.466828 0.113118 0.582013 0.420924 0.100000 0.156621 0.100000 0.100000 0.476024 0.100000 0.269583 0.714404 0.100000 0.334734 0.100000 0.258809 0.793376 0.100000 0.100000 0.639844 0.660961 0.385429 0.307919 0.100000 0.765341 0.181537 0.586229 0.853823 0.580871 0.100000 0.100000 0.194762 0.733956 0.100000 0.124661 0.770061 0.256947 0.100000 0.374833 0.347376 0.627424 0.465682 0.543027 0.221461 0.213205 0.100000 0.404451 0.100000 0.100000 0.410749 0.100000 0.100000 0.189015 0.100000 0.435713 0.100000 0.100000 0.100000 0.100000 0.100000 0.376939 0.100000 0.469851 0.360109 0.667062 0.502507 0.100000 
0.159679 0.870288 0.121172 0.127141 0.485076 0.100000 0.766693 0.300489 0.500011 0.100000 0.498037 0.730568 0.981470 1.028062 0.958821 0.100000 0.435620 0.100000 0.947598 0.566624 0.723706 0.326424 0.580475 0.748773 0.216982 0.120930 0.100000 0.651651 0.687851 0.580387 0.511805 0.878776 0.316226 0.543897 0.582286 0.683623 0.433996 0.710536 0.732911 0.100000 0.145791 0.627111 0.208181 0.100000 0.100000 0.581777 0.232924 0.542427 0.450298 0.993547 0.963102 0.693263 0.335657 0.282832 0.527202 0.570250 0.426343 0.720296 0.732727 0.504517 0.454693 0.100000 0.338670 0.371641 0.787855 0.156757 0.324827 0.100000 0.325359 0.875703 0.475997 0.767031 0.576957 0.767653 0.623863 0.359733 
0.188980 0.100000 0.263589 0.397802 0.100000 0.634841 0.100000 0.272408 0.268109 0.100000 0.444049 0.100000 0.478296 0.179685 0.982497 0.212350 0.100000 0.100000 0.866636 0.443814 0.902917 0.100000 0.100000 0.100000 0.100000 0.902914 0.100000 0.226571 0.551681 0.698243 0.515285 0.362977 0.663706 0.100000 0.764689 0.978772 0.459934 0.827602 0.100000 0.143828 0.100000 0.320790 0.100000 0.256539 0.100000 0.753637 0.100000 0.758706 0.188371 0.100000 0.100000 0.100000 0.100000 0.316754 0.852175 0.381567 0.100000 0.100000 0.343616 0.100000 0.100000 0.100000 0.936961 0.100000 0.406246 0.692924 0.100000 0.100000 0.464297 0.100000 0.100000 0.142859 0.420515 0.544669 0.461079 0.782363 
0.433982 0.257577 0.299353 0.822231 0.521225 0.228159 0.942043 0.625295 0.648039 0.100000 0.319706 0.393642 0.625576 0.100000 0.556158 0.368907 0.100000 0.249043 0.494959 0.443461 0.487405 0.641758 0.479122 0.100000 0.499025 0.772429 0.308277 0.105083 0.925170 0.788237 0.460650 0.182470 0.100000 0.705108 0.543750 0.633027 0.517725 0.918815 1.019963 0.421894 1.194062 0.834169 0.560475 0.251774 0.100000 0.862311 0.769624 0.225493 0.472482 0.808982 0.935678 0.202799 0.100000 0.792634 1.231487 0.408289 0.702019 0.546881 0.798317 0.384661 0.268355 0.214661 0.431329 0.895477 0.606483 0.570760 0.100000 0.433036 0.100000 0.247114 0.453579 0.202866 0.711243 0.614493 0.463025 0.393593 
0.100000 0.100000 0.313071 0.100000 0.868620 0.182941 0.775736 0.224198 0.469551 0.100000 0.580052 0.368036 0.802372 0.612536 0.480307 0.149358 0.537265 0.457789 0.604651 0.496579 0.419245 0.442241 0.488015 0.121437 0.325423 0.977347 0.191913 0.100000 0.850623 0.899534 1.001063 0.780558 0.126915 0.655103 0.855267 0.782851 0.100000 0.549087 0.472218 0.609115 0.507717 0.681874 0.100000 0.100000 0.100000 0.649732 0.870024 1.223624 0.153800 0.940135 1.135507 0.440480 0.100000 0.941495 0.581282 0.261069 0.922524 0.638394 0.923642 0.984785 0.295492 0.100000 0.642271 0.568548 0.778842 0.501268 0.100000 0.234845 0.108433 0.616753 0.554472 0.869804 0.616222 0.182871 0.942918 0.100000 
1.215075 0.100000 0.426530 0.906373 0.509024 0.100000 0.100000 0.368704 0.515024 0.524631 0.769701 0.365841 0.888809 0.646250 0.424249 1.287586 0.318335 0.589844 1.219715 0.900736 0.700525 0.671574 0.830591 0.100000 0.569653 0.640620 0.100000 0.247609 0.703796 0.845608 0.652380 0.929465 0.100000 0.311183 0.402170 0.783731 0.400547 0.717993 0.133949 0.849823 0.822387 0.519224 0.100000 0.100000 0.100000 1.091200 0.609391 0.316390 1.058793 0.655640 0.100000 0.858510 0.661192 0.516068 0.418981 0.749889 0.256573 0.491478 0.810669 0.594341 0.200457 0.100000 0.629055 0.100000 0.650065 0.455841 0.429948 0.108171 0.266808 0.916866 0.243530 0.770832 0.657820 0.176373 0.457582 0.843283 
0.849679 0.100000 0.649606 0.614953 0.978981 0.728179 0.100000 0.181875 0.792969 0.754981 0.490460 0.128020 0.811791 0.100000 0.647739 0.100000 0.661722 0.372913 0.778678 0.284306 0.100000 0.100000 0.566240 0.100000 0.617166 1.283272 0.100000 0.145197 0.934911 0.961636 0.633087 0.529133 0.284267 0.515827 0.936375 0.847483 0.940526 0.100000 0.724706 0.708390 0.559992 0.800052 0.496084 0.431851 0.128604 0.806196 0.176179 0.307415 0.232815 0.516217 0.817514 0.773277 0.346215 0.954617 0.665676 0.189433 0.194210 0.230466 0.582159 0.919438 0.100000 0.559736 0.404296 0.822041 0.416804 0.600328 0.130920 0.417293 0.100000 0.836335 0.791307 0.287814 0.809950 0.226582 1.051649 0.380539 
0.758061 0.426457 0.100000 0.972510 0.938303 0.100000 0.658078 0.428294 0.193969 0.100000 1.079762 0.398602 1.026833 0.792924 0.819233 0.100000 0.748354 0.100000 0.390026 1.515032 0.380686 0.569366 0.121859 0.315098 0.502260 0.100000 0.100000 0.421822 0.921319 0.809591 0.555615 0.721011 0.120323 0.383805 0.781948 1.450836 0.296160 0.887719 0.463516 0.100000 0.343793 0.641129 0.100000 0.436810 0.100000 0.433407 0.703006 0.707413 0.256136 0.763414 1.326810 0.375713 0.100000 0.813039 1.295969 0.774269 0.100000 0.100000 1.063837 0.463609 0.504462 0.346948 0.919992 0.598810 0.467688 0.428457 0.100000 0.278003 0.183064 0.100000 0.222127 0.384665 0.100000 0.667325 1.085175 0.468870 
0.100000 0.100000 0.468988 0.200569 0.327144 0.100000 0.100000 0.734947 0.100000 0.100000 0.128968 0.753273 0.423872 0.100000 0.460351 0.100000 0.650203 0.100000 0.621549 0.220017 0.266326 0.100000 0.335817 0.100000 0.100000 0.708823 0.100000 0.100000 0.541188 0.502221 0.506661 0.386068 0.100000 0.639907 0.221935 0.100000 0.461645 0.100000 0.100000 0.182333 0.595482 0.314348 0.100000 0.100000 0.100000 0.349179 0.237134 0.887827 0.207227 0.414843 0.259327 0.100000 0.100000 0.100000 0.294391 0.258960 0.332928 0.146609 0.544302 0.100000 0.736743 0.908587 0.145675 0.494109 0.358647 0.386337 0.100000 0.100000 0.220843 0.129792 0.440797 0.256608 0.100000 0.627704 1.003266 0.100122 
0.191465 0.313411 0.100000 0.100000 0.410694 0.100000 0.549116 0.100000 0.337662 0.100000 0.164875 0.644884 1.278626 0.483041 0.707867 0.100000 0.579494 0.130350 0.345331 1.127190 0.100000 1.183070 0.100000 0.100000 0.233358 0.100000 0.100000 0.103162 0.100000 0.134715 0.100000 0.224053 0.678203 0.239777 0.529651 0.721327 0.100000 0.530695 0.100000 0.100000 0.100000 0.218739 0.579019 0.804256 0.100000 0.616019 0.100000 0.100000 0.100000 1.459885 0.128758 0.502214 0.910255 0.190176 0.475032 0.381671 0.101853 0.495086 0.375629 0.943819 0.459748 0.100000 0.100000 0.124572 0.128058 0.100000 0.619093 0.100000 0.100000 0.636169 0.100000 0.858173 0.722016 1.143069 0.142403 0.100000 
0.534966 0.100000 0.100000 0.838150 0.309660 0.454030 0.100000 0.645584 0.101152 0.100000 0.966292 0.947405 0.165870 0.595668 1.359036 0.230355 0.100000 0.384091 1.071797 0.100000 1.331796 0.244598 0.258306 0.777572 0.425351 1.275962 0.100000 0.297418 0.552913 0.708260 1.012098 0.725233 0.100000 0.965474 0.620926 1.250526 0.758018 0.414115 0.100000 0.385237 1.194078 0.671611 0.589957 0.200005 0.100000 0.274554 0.100000 0.757625 0.413849 0.621949 1.049406 0.100000 1.018762 0.100000 0.715029 0.100000 0.172508 0.974904 0.100000 0.491361 0.291884 0.377152 0.428286 0.863371 0.695493 0.460736 0.615299 0.447432 0.100000 0.100000 0.850996 0.478892 1.261545 0.170962 0.100000 0.829647 
0.111171 0.100000 0.582091 0.100000 0.747519 0.100000 0.388778 0.134093 0.100000 0.100000 0.344819 0.330964 0.688947 0.469393 0.376096 0.100000 0.872180 0.213402 0.663638 0.100000 0.100000 0.100000 0.155527 0.270669 1.034686 0.169655 0.100000 0.184061 0.514831 0.817589 0.526187 0.106270 0.668142 0.520904 0.196759 0.437312 0.321620 0.100000 0.392071 0.298538 0.279666 0.267964 0.485047 0.105465 0.100000 0.100000 0.100000 0.694367 0.728059 0.183403 0.100000 0.328998 0.100000 0.559536 0.262118 0.197652 0.100000 0.100000 0.291592 0.155130 0.284098 0.542006 0.100000 0.855791 0.112263 0.100000 0.396457 0.100000 0.100000 0.216830 0.368820 0.866761 0.660507 0.100000 0.755344 0.100000 
1.163961 0.100000 0.845289 0.100000 0.828299 0.100000 0.408987 0.100000 0.191672 0.100000 0.100000 0.504307 1.014549 0.146345 0.694709 0.450538 0.929852 0.599900 0.731721 1.502692 0.232337 0.731833 0.100000 1.415404 0.184946 0.718635 0.781287 0.100000 0.105898 0.100000 0.570303 1.491855 0.218389 1.348729 1.062792 0.408673 0.100000 0.344014 0.561798 0.235604 0.567613 0.845136 0.100000 0.100000 0.100000 0.882979 0.100000 0.100000 0.100000 0.501286 0.568160 0.375760 0.100000 0.399460 0.243271 0.100000 0.100000 0.100000 0.228329 0.439498 0.408230 0.269825 0.382865 0.100000 0.815131 0.648048 0.479097 0.100000 0.100000 0.310762 0.100000 0.451281 0.100000 0.100000 0.889248 0.511573 
0.825013 0.100000 0.315853 0.628838 0.241139 0.100000 1.464216 0.765514 0.881138 0.184531 0.153669 0.418501 0.759774 0.100000 0.298927 0.366382 1.071787 0.393424 0.327921 0.100000 1.504032 0.396367 0.694269 0.239971 0.100000 1.731781 0.431498 0.708591 0.141696 0.568045 1.397596 0.300773 0.100000 0.100000 0.100000 1.057735 0.413121 0.100000 1.025918 0.996831 1.072352 0.100000 0.149717 0.885127 0.100000 0.214877 0.159481 0.100000 0.498022 1.138029 0.987417 1.177541 0.214281 0.396753 0.492052 0.100000 0.100000 0.100000 0.524313 0.129335 0.288788 0.325441 0.619642 0.203067 0.100000 0.100000 1.125782 0.492065 0.100000 0.472679 0.411102 0.416392 0.538870 0.796061 1.250166 0.100000 
