77 Number of operations
25 Number of workers
Standard production times
0.436826 0.198809 0.331604 0.391055 0.455688 0.283821 0.369697 0.170513 0.277800 0.162097 0.574453 0.396892 0.633336 0.100000 0.551241 0.100000 0.330241 0.100000 0.539262 0.512992 0.495972 0.340811 0.315938 0.228077 0.318417 0.649516 0.100000 0.100000 0.538062 0.585624 0.717307 0.480261 0.146062 0.493841 0.660772 0.646257 0.445896 0.454722 0.266643 0.360484 0.497204 0.572092 0.100000 0.238532 0.100000 0.618461 0.282133 0.597837 0.392383 0.644536 0.657231 0.431644 0.169275 0.413947 0.588501 0.278597 0.308175 0.396599 0.569202 0.402256 0.238324 0.288863 0.302463 0.464080 0.450278 0.274325 0.171269 0.118233 0.100000 0.577667 0.456585 0.653838 0.442652 0.454075 0.641237 0.267259 0.435319 
Production times: workers row and ops columns
0.398386 0.940534 0.100000 0.273828 0.599322 0.685891 0.239447 0.100000 0.700445 0.807319 0.100000 0.314123 0.819234 0.161996 0.181207 0.100000 0.355238 0.381918 0.371348 0.684721 0.932513 0.100000 0.166916 0.598098 0.824563 0.210458 0.342221 0.100000 0.784702 0.956334 1.390211 0.100000 0.100000 0.100000 1.159061 0.540027 0.100000 0.184623 0.598345 0.100000 0.100000 0.496560 0.112227 0.249494 0.100000 0.555148 0.424575 0.733513 0.100000 0.167201 1.328568 0.100000 0.931359 0.510216 0.204768 0.892514 0.362226 0.517506 0.652052 0.100000 0.885227 0.294272 0.282748 0.100000 0.100000 0.227758 0.207968 0.100000 0.100000 0.100000 1.367951 1.283877 1.143757 0.100000 0.396751 0.100000 0.210297 
0.120481 0.100000 0.216314 0.290428 0.343777 0.100000 0.415706 0.100000 0.285637 0.469371 0.211229 0.767049 0.509737 0.100000 0.837382 0.100000 0.121505 0.100000 0.263019 0.648395 0.596400 0.199583 0.100000 0.100000 0.393112 1.075738 0.100000 0.100000 0.685008 0.181863 0.571635 0.282722 0.563839 0.353961 0.389850 1.207164 0.273930 0.433189 0.284367 0.505939 0.975773 0.289703 0.448476 0.100000 0.100000 0.214293 0.100000 0.255784 0.210802 0.757892 0.589456 0.265192 0.538182 0.143418 0.514500 0.100000 0.100000 0.100369 0.556258 0.508930 0.207444 0.239310 0.281036 0.317326 0.355983 0.514299 0.100000 0.100000 0.100000 0.635591 0.100000 0.582856 0.395346 0.147663 1.155173 0.136364 0.402056 
0.630588 1.125813 0.805283 1.504092 1.293452 0.213501 0.909760 1.127238 0.453027 0.100000 0.151676 0.439959 0.100000 0.726575 0.687031 0.593844 0.313477 0.829706 0.226216 1.566893 0.945000 0.436666 0.265643 0.100000 0.524470 0.724274 0.105645 0.100000 0.422944 0.818107 1.498371 0.665300 0.989506 0.405577 0.913273 0.344531 0.495915 0.100000 0.974832 0.263010 0.376866 0.740101 0.964029 0.100000 1.165805 0.100000 0.442336 0.527442 0.782598 0.100000 0.906386 0.100000 0.100000 0.269793 0.556745 0.100000 0.551310 1.208778 1.270808 0.100000 0.751563 0.789793 0.100000 0.100000 0.278567 0.103217 0.489598 0.235279 0.100000 1.435185 0.205051 1.054706 0.357719 0.374750 1.542986 0.153446 0.100000 
0.100000 0.274964 0.100000 0.543116 1.550569 0.182380 0.819441 0.517619 0.217719 0.747238 0.992430 0.459393 1.135568 0.100000 0.100000 0.340293 0.881715 0.499622 0.100000 0.720148 0.347834 0.414364 0.188207 0.194224 0.504541 0.780737 0.100000 0.588634 0.421645 0.688566 0.982760 0.307560 0.563398 0.688312 0.729113 0.850652 0.268950 1.191202 0.100000 0.498675 0.614879 0.740339 0.329927 0.103215 0.110084 0.729208 0.234647 1.183449 0.913147 0.539562 0.819588 0.445752 0.100000 0.513299 0.570392 0.730924 0.340341 0.571103 0.856851 0.677647 0.299248 0.138806 0.387016 1.010389 0.454644 0.665343 0.100000 0.385574 0.280941 0.759300 0.100000 0.960371 0.863131 0.100000 0.750440 0.100000 0.237148 
0.901379 0.100000 0.100000 0.100000 1.034962 0.158525 0.355131 0.634830 0.798757 0.100000 1.849251 1.143290 0.315130 0.213020 0.946685 0.130003 0.100000 0.410439 0.788602 0.653905 0.213263 0.414803 0.648419 0.376213 0.368585 0.100000 0.100000 0.374667 1.038995 0.167088 1.243058 0.868033 0.702771 0.795935 0.750172 0.100000 0.442255 0.245669 0.217556 0.968767 0.100000 0.100000 0.483894 0.139773 0.100000 0.100000 0.761604 1.108936 0.323539 1.656997 1.245763 0.197160 0.159048 0.322321 1.001104 0.100000 0.100000 1.415185 0.636396 0.100000 0.784182 1.009857 0.593600 0.279478 0.766012 0.100000 0.100000 0.100000 0.320888 1.229184 0.571332 0.796384 0.100000 0.316664 0.311821 0.389177 0.157627 
0.100000 1.033110 0.100000 0.491427 0.100000 0.149096 0.100000 0.503975 0.100000 0.182416 0.490537 0.419471 1.595691 0.100000 0.104613 0.227980 0.425564 0.100000 1.190555 0.500661 0.846485 0.635528 0.100000 0.601127 0.100000 0.209006 0.604926 0.993377 0.370444 0.747866 1.742915 0.149615 0.100000 0.287136 1.596793 1.129839 1.018108 0.100000 0.131161 0.100000 1.183037 0.100000 0.189168 0.119034 0.100000 0.232389 0.453078 0.864667 0.600801 1.225692 1.059143 0.252820 0.100000 0.100000 0.405392 1.016949 0.100000 0.757604 0.347125 0.100000 0.153229 0.100000 1.295926 0.563710 0.100000 0.479591 0.100000 0.100000 0.100000 0.100000 0.471964 1.220360 0.703369 0.432667 0.654769 0.100000 1.000648 
0.125283 0.158951 0.573111 0.341647 0.268857 0.100000 0.915141 0.100000 0.788583 0.100000 0.183152 0.272974 0.797689 0.100000 0.756085 0.100000 0.100000 0.158271 0.100000 0.269285 0.338365 0.100000 0.548164 0.100000 0.100000 0.592329 0.100000 0.212799 0.400272 0.487558 0.517149 0.100000 0.100000 0.413131 0.678022 0.920001 0.100000 0.200516 0.100000 0.462482 0.939572 0.696270 0.302160 0.100000 0.190778 0.632839 0.604047 0.427767 0.218312 0.612137 0.574306 0.100000 0.278611 0.100000 0.684793 0.100000 0.746976 0.301858 0.318727 0.566215 0.143137 0.100000 0.528738 0.100000 0.573278 0.503624 0.571671 0.100000 0.111142 0.575076 0.900607 0.233410 0.418920 0.385041 0.776833 0.404876 0.100000 
0.151790 0.906792 0.704882 1.015461 0.572442 0.650093 0.587348 0.635826 0.811959 0.100000 0.784777 0.512573 1.084072 0.524204 1.039573 0.229519 0.365838 0.513769 0.477640 0.478168 0.314188 0.797522 0.100280 0.100000 0.216362 0.785442 0.269135 0.218200 0.675393 0.114317 1.141848 0.467241 0.192679 0.611077 0.100000 1.027005 0.619425 0.100000 0.673113 0.490493 0.958505 1.082319 0.390428 0.638439 0.100000 0.969156 0.100000 0.936723 0.296114 0.843663 0.724361 0.695165 0.100000 1.345938 1.026029 0.607616 0.276022 0.521100 1.150035 0.753689 0.340112 0.125655 0.441923 0.642185 0.435493 1.162389 0.632451 0.104438 0.184008 0.534658 0.922669 0.100000 0.106561 0.511039 0.572820 0.362937 0.649715 
0.269484 0.278609 0.619961 0.285543 0.100000 0.500406 0.924382 0.100000 0.100000 0.100000 0.695418 0.100000 0.358635 0.100000 0.448085 0.100000 0.142444 0.100000 0.499816 0.704090 0.437107 0.274470 0.100000 0.143035 0.100000 0.780804 0.100000 0.173337 0.463682 0.489518 1.154703 0.746360 0.100000 0.237317 0.618377 0.814716 0.100000 0.100000 0.100000 0.126742 0.100000 0.761458 0.263261 0.100000 0.363002 0.424250 0.342452 0.782354 0.338412 0.411481 0.100000 0.174502 0.695803 0.385828 0.100000 0.100000 0.100000 0.155432 0.550341 0.323237 0.222128 0.100000 0.643370 0.541575 0.100000 0.100000 0.311999 0.100000 0.102161 0.591606 0.117245 0.120072 0.645570 0.100000 0.774230 0.100000 0.384650 
0.770083 0.100000 0.100000 0.778910 0.495133 0.353093 0.100000 0.144283 0.307596 0.100000 0.272212 0.228293 0.782086 0.100000 0.197983 0.100000 0.201270 0.100000 0.695152 0.546944 0.331571 0.822851 0.169622 0.100000 0.100000 0.642282 0.100000 0.100000 0.338768 0.623869 0.169372 0.271100 0.100000 0.280541 0.366441 0.170732 0.100000 0.931072 0.409557 0.149833 0.714886 0.423166 0.180180 0.100000 0.100000 0.752370 0.442474 0.100000 0.100000 0.490845 0.466172 0.265067 0.100000 0.470390 0.155234 0.155088 0.712164 0.100000 0.396997 0.600850 0.261060 0.566345 0.100000 0.513067 0.306931 0.434402 0.142372 0.100000 0.100000 0.719762 0.100000 0.626685 0.535799 0.759373 0.167229 0.247991 0.357997 
0.637207 0.268792 0.793691 0.833197 0.100000 0.100000 0.781898 0.100000 0.110839 0.165637 0.547767 0.391276 0.646497 0.348801 0.858313 0.100000 0.713775 0.100000 0.882470 1.120952 0.100000 0.308586 0.945648 0.177036 0.739688 1.056550 0.100000 0.345162 0.693895 0.227273 1.086099 0.314965 0.476729 0.875325 1.008407 0.827549 0.100000 0.680820 0.260759 0.391052 1.001722 0.851705 0.100000 0.427198 0.514791 0.983230 0.612383 0.100000 0.543533 0.525107 0.903420 0.882431 0.488338 0.447715 0.878970 0.434965 1.056621 0.451587 0.527957 0.547252 0.699148 0.669271 0.447826 1.055238 0.967838 0.169192 0.396138 0.608221 0.453536 0.812104 0.870119 0.624546 0.800823 0.539928 0.977024 0.814158 0.538115 
0.380035 0.100000 0.329207 0.264804 0.486335 0.100000 0.100000 0.119292 0.386772 0.576907 0.651460 0.271443 0.616953 0.100000 0.443295 0.100000 0.663413 0.100000 0.957425 0.366180 0.104704 0.100000 0.716315 0.344511 0.100000 0.607424 0.100000 0.100000 0.371587 0.327853 0.703803 0.802636 0.283611 0.439738 0.976834 0.860033 0.100000 0.100000 0.100000 0.757553 0.100000 0.292853 0.100000 0.100000 0.100000 0.100000 0.146859 0.660198 0.103945 0.892939 0.475130 0.100000 0.100000 0.754750 0.594292 0.100000 0.100000 0.198930 0.100000 0.100000 0.100000 0.227512 0.100000 0.617863 0.250947 0.100000 0.100000 0.100000 0.100000 0.774643 0.540092 0.676849 0.100000 1.188627 0.151668 0.100000 0.100000 
0.658724 0.309295 0.655257 0.353831 1.122883 0.178292 0.677970 0.216683 0.100000 0.108730 0.682019 0.786845 0.468170 0.264034 0.474641 0.307450 0.100000 0.312226 0.100000 0.906525 0.879789 0.566328 0.730725 0.623670 0.504002 0.502216 0.100000 0.485832 1.259645 1.006144 0.857250 0.650524 0.100000 1.008108 0.368789 0.630759 0.526162 0.559518 0.809175 0.100000 0.373801 0.769258 0.484615 0.273526 0.100000 0.989433 0.360372 1.156889 0.203068 1.011362 0.375517 0.500428 0.100000 1.194473 0.446114 0.100000 0.239838 0.943896 0.775037 0.636642 0.304304 0.100000 0.100000 0.695207 0.518666 0.637950 0.100000 0.329038 0.206771 1.013198 0.391895 0.948067 0.270967 0.242535 0.572669 0.242612 0.412077 
0.509717 0.559883 0.723169 0.318880 1.155620 0.511696 0.208327 0.100000 0.256309 0.100000 1.201261 0.158292 0.271996 0.100000 0.518376 0.100000 0.100000 0.247190 0.716749 0.660625 0.100000 0.634523 0.591754 0.126020 0.274463 1.101956 0.276494 0.100000 0.917524 0.561499 0.834948 0.360694 0.267298 0.710428 0.974183 0.854981 0.873106 0.366563 0.202849 0.100000 0.591423 0.781142 0.100000 0.457266 0.100000 0.827035 0.615148 0.592718 0.375299 0.574255 0.779148 0.843660 0.100000 0.292518 0.511813 0.223790 0.412743 0.100000 0.734789 0.386177 0.256453 0.644033 0.317073 0.270286 0.450405 0.865182 0.400700 0.126235 0.100000 0.686427 0.997649 0.297407 0.100000 0.362006 0.377163 0.100000 0.572785 
0.534992 0.321711 0.677222 0.835030 0.697855 0.508193 0.100000 0.100000 0.391276 0.239321 0.757234 0.382082 0.749670 0.100000 0.939394 0.148314 0.494538 0.338631 0.819397 0.116722 0.957196 1.032351 0.258180 0.145701 0.366615 1.061582 0.505271 0.100000 0.427177 0.601343 1.041669 0.410420 0.100000 0.261952 1.531337 0.536304 0.321342 0.227146 0.370584 0.378538 0.735510 0.577430 0.100000 0.800199 0.100000 1.065482 0.509071 1.125521 1.348154 0.719453 0.800725 0.296862 0.302764 0.125961 0.473359 0.545030 0.890068 0.163715 1.422035 0.589510 0.308879 0.806684 0.689319 0.990255 0.339424 0.172126 0.100000 0.100000 0.243322 0.576897 0.708552 0.980035 0.534577 0.875005 0.171312 0.178114 1.081038 
0.582053 0.100000 0.313803 0.885065 0.226265 0.634287 0.647914 0.226083 0.821994 0.100000 0.482244 0.336647 0.603257 0.164161 0.846867 0.100000 0.224367 0.709205 0.633019 0.663900 1.051682 0.618598 0.837841 0.517297 0.333800 1.615517 0.495511 0.164539 0.631510 0.712584 1.119698 0.286142 0.400992 0.165045 0.693054 0.719165 0.100000 0.114547 0.413063 0.100000 0.705031 0.407637 0.101188 0.790294 0.100000 0.688644 0.100000 0.647343 0.361841 0.100000 1.269681 0.614671 0.100000 0.544483 0.509618 0.100000 0.100000 0.876644 0.903445 0.441721 0.501769 0.453196 0.554880 0.270861 0.100000 0.300297 0.571080 0.107699 0.690424 0.244025 0.162775 1.035283 0.186554 1.069261 0.708163 0.338148 0.665726 
0.452416 0.424175 0.100000 0.602627 0.472894 0.209406 0.379935 0.100000 0.468216 0.322021 0.483661 0.606012 1.031317 0.100000 0.907254 0.466950 0.100000 0.100000 0.334017 0.266462 0.570087 0.421440 0.444103 0.324485 0.235954 0.933266 0.816321 0.100000 1.177809 0.801422 1.155263 0.647138 0.195006 0.529056 0.561794 0.848269 0.570212 0.209309 0.197726 0.771581 0.755503 0.708258 0.100000 0.490808 0.707492 0.676802 0.433986 0.950278 0.375928 0.978224 0.774648 0.903616 0.424256 0.496144 0.211831 0.100000 0.348247 1.119816 0.514145 0.522349 0.566417 0.317623 0.157488 0.240236 0.290869 0.100000 0.100000 0.131971 0.631143 0.567672 0.767396 0.478360 0.633723 0.752476 0.561187 0.100000 0.781778 
0.288952 0.100000 0.264644 0.309573 0.100000 0.423745 0.358098 0.100000 0.145262 0.522734 0.438506 0.498942 0.717667 0.221388 0.731441 0.100000 0.100000 0.100000 0.627449 0.599366 0.280301 0.333916 0.678635 0.116104 0.146004 1.003875 0.100000 0.100000 0.620986 1.127197 0.221537 0.919118 0.314427 0.278979 0.138018 0.626936 0.729656 0.100000 0.100000 0.299400 0.659806 0.763804 0.329534 0.100000 0.100000 0.100000 0.100000 0.498646 0.241787 0.629526 0.444164 0.198196 0.100000 0.377027 0.354801 0.209125 0.546342 0.100000 0.458890 0.100000 0.263875 0.100000 0.877363 0.725001 0.486082 0.100000 0.100000 0.704859 0.100000 0.619843 0.236721 0.324441 0.453385 0.575103 0.779127 0.306056 1.108981 
0.100000 0.195010 1.092418 0.100000 0.884608 0.440963 0.100000 1.140895 0.100000 0.241949 0.716421 0.892626 1.179269 0.827414 1.007673 0.100000 0.285606 0.442289 0.859917 0.100000 0.646537 0.181256 0.653009 0.100000 0.100000 0.230173 0.394076 0.100000 0.340742 0.100000 1.358491 0.100000 0.100000 0.118576 0.435836 1.716391 0.656431 1.379767 0.291099 0.100000 0.770738 0.967961 0.100000 0.100000 0.100000 0.430089 0.210270 0.331234 1.089349 0.739482 0.472539 0.697456 0.819465 0.672785 0.602108 0.579525 0.220499 0.289182 1.405739 0.834443 0.100000 0.100000 0.679023 0.955131 0.626301 0.739988 0.100000 1.153168 0.876410 0.100000 0.100000 0.900773 0.100000 0.333033 0.198608 0.476572 0.618845 
0.435475 0.328593 0.552387 0.675059 0.915266 0.100000 1.215225 0.366460 0.222452 0.100000 1.018748 1.318873 0.905653 0.100000 1.096988 0.184338 0.161487 0.100000 1.253211 1.010373 0.976759 0.200907 0.750261 1.073136 0.802474 1.318596 0.100000 0.100000 0.174785 0.100000 0.330648 0.603605 0.100000 1.165474 0.902968 0.328689 0.480801 0.100000 0.126079 0.791202 0.166948 1.596113 0.100000 0.100000 0.100000 1.202338 0.286982 0.989963 0.154799 0.808885 0.100000 0.100000 0.100000 0.100000 0.920563 0.284700 0.127588 0.575017 0.896189 0.595073 0.690011 0.100000 0.100000 0.947058 0.825826 0.100000 0.421820 0.100000 0.100000 0.837737 1.047246 0.100000 0.571639 0.100000 1.193300 0.543416 1.459016 
0.886341 0.100000 0.215155 0.100000 0.291444 0.100000 0.675870 0.100000 0.410834 0.100000 0.360541 0.432897 0.598240 0.100000 0.700414 0.100000 0.100000 0.100000 0.128668 0.212758 0.100000 0.877703 0.100000 0.100000 0.245108 0.100000 0.100000 0.317652 0.395611 0.169294 0.932503 0.810417 0.224915 0.100000 0.362092 0.590713 0.264764 0.645576 0.100000 0.100000 0.274258 0.822752 0.100000 0.339002 0.261384 0.749977 0.220548 0.235569 0.159863 0.270460 0.100000 0.318282 0.281110 0.100000 0.508889 0.276539 0.103859 0.638301 0.100000 0.100000 0.195723 0.265738 0.991143 0.100000 0.100000 0.100000 0.129100 0.174698 0.100000 0.215635 0.267625 0.861210 0.100000 0.461086 0.397094 0.281198 0.735135 
0.157605 0.100000 0.476229 0.100000 0.466471 0.487733 0.279002 0.228099 0.100000 0.659829 0.100000 0.164232 0.100000 0.862450 0.370690 0.100000 0.108795 0.334029 0.944446 0.794719 0.100000 0.397232 0.100000 0.100000 0.100000 0.100000 0.693476 0.100000 0.230951 0.876941 1.459347 1.701174 0.520939 0.518102 0.535389 0.593870 0.100000 0.528465 0.100000 0.101858 0.100000 0.761377 0.821260 0.539577 0.100000 0.100000 0.655918 1.111214 0.276822 0.390948 0.100000 0.100000 0.100000 0.406721 0.159101 0.648538 1.242198 0.493535 0.784993 0.100000 0.100000 0.548207 0.979325 1.515014 1.271051 0.100000 0.100000 0.100000 0.100000 0.272862 0.689069 0.100000 0.100000 0.100000 0.461054 0.200922 0.409624 
0.300311 0.100000 0.100000 0.917211 0.888343 0.325505 0.100000 0.100000 0.100000 0.328149 0.100000 0.966136 0.155094 0.619569 0.892462 0.100000 0.722319 0.100000 0.821053 1.039392 0.100000 1.057498 0.105023 0.257389 0.100000 0.541135 0.100000 0.424461 0.797838 0.797689 0.342289 0.100000 0.100000 0.295874 0.707977 0.618035 0.554715 0.566787 0.602234 0.100000 0.100000 0.845825 0.773903 0.261033 0.100000 1.186189 0.100000 0.100000 0.940484 1.063224 1.380202 0.813914 0.100000 0.712601 0.119578 0.100000 0.132116 0.939911 0.175308 0.971704 0.695690 0.715102 0.100000 0.500115 0.830443 0.572524 0.887940 0.100000 0.100000 0.454818 1.374019 0.949415 0.640050 1.091195 0.566830 0.445771 0.456175 
0.461055 0.188688 0.230361 0.734764 0.450894 0.186255 0.271859 0.100000 0.100000 0.188128 0.362694 0.100000 0.219049 0.100000 0.645461 0.100000 0.100000 0.100000 0.861522 0.620417 0.303706 0.277713 0.602511 0.100000 0.100000 0.411523 0.180359 0.100000 0.921373 0.151360 0.724260 0.731507 0.120062 0.701672 0.100000 0.356668 0.487999 0.570243 0.232049 0.347954 0.518284 0.680338 0.100000 0.100000 0.128586 0.100000 0.100000 0.437403 0.589722 0.821964 0.917557 0.170033 0.310172 0.100000 0.376217 0.100000 0.577890 0.604748 0.755792 0.300320 0.390027 0.480639 0.100000 0.385914 0.264668 0.290640 0.249790 0.100000 0.100000 0.496909 0.161989 0.324216 0.418355 0.290775 0.417470 0.100000 0.803565 
0.641339 0.256122 0.404022 0.100000 0.668519 0.395032 0.663394 0.141237 0.137213 0.100000 0.374840 0.561851 0.909453 0.100000 0.344491 0.710851 0.272702 0.100000 1.452351 0.442871 0.550617 0.100000 0.213142 0.719602 0.499627 0.740858 0.397795 0.100000 0.466988 0.313563 0.814411 1.223969 0.422938 0.522851 0.572279 0.726936 0.598214 0.127543 0.309041 0.332419 0.195555 0.509577 0.153874 0.350747 0.100000 0.857455 0.112899 0.629348 0.443558 0.640502 0.682691 0.191984 0.100000 0.708334 0.890409 0.269949 0.552269 0.501143 0.344366 0.184196 0.133518 0.515797 0.344004 0.906612 0.337044 0.662370 0.100000 0.487902 0.100000 1.000994 0.511547 0.679110 0.277599 0.561839 0.870342 0.343357 0.704429 
