82 Number of operations
29 Number of workers
Standard production times
0.410343 0.446090 0.201583 0.206431 0.100000 0.425607 0.822209 0.100000 0.271487 0.274065 0.120298 0.368949 0.552607 0.472149 0.100000 0.471214 0.186839 0.301172 0.404157 0.524157 0.419756 0.594854 0.629530 0.674298 0.214371 0.521686 0.405070 0.624516 0.211076 0.148722 0.350048 0.475017 0.235474 0.444166 0.292587 0.549752 0.175432 0.339554 0.592652 0.614353 0.344186 0.369998 0.418278 0.114444 0.206382 0.481305 0.100000 0.681565 0.427973 0.286236 0.600056 0.541329 0.597288 0.100000 0.580240 0.812573 0.519660 0.424476 0.604699 0.436122 0.672975 0.259620 0.566139 0.421801 0.100000 0.588222 0.115976 0.150329 0.692791 0.200657 0.433844 0.645993 0.829884 0.131825 0.527836 0.112955 0.235047 0.632027 0.320612 0.491743 0.384918 0.560960 
Production times: workers row and ops columns
0.304630 0.100000 0.100000 0.100000 0.100000 0.100000 0.520142 0.186396 1.282406 0.607087 0.100000 0.516952 0.364140 0.732048 0.622835 0.353233 0.637940 0.572779 0.100000 1.012423 0.492310 1.045806 1.524086 0.651562 1.195941 0.505521 0.471652 0.191201 0.324716 1.491888 0.100000 0.101708 0.347790 0.100000 0.397553 0.986597 0.147719 0.635883 0.518582 0.795852 1.226752 1.330836 1.111744 0.100000 0.100000 0.415202 0.100000 0.445369 0.734718 1.002487 0.966106 0.560841 0.370036 0.620463 0.568618 0.518985 1.158933 0.100000 0.424965 0.400480 1.935359 0.480572 0.754616 0.640586 0.494216 1.373430 0.100000 0.100000 0.686917 0.249879 0.100000 0.100000 0.784816 0.100000 0.598907 0.836217 0.591453 0.309196 0.909450 0.591497 0.112411 1.002889 
0.966121 0.599115 1.214536 0.224268 0.400832 0.268497 1.076892 0.100000 0.127768 0.673561 0.726278 0.591067 1.010321 0.536599 0.100000 0.792400 0.100000 0.113965 0.142928 0.447153 0.377084 0.201163 0.696701 0.712895 0.100000 1.042624 0.217915 0.546453 0.804016 0.324299 0.345563 0.800514 0.376408 0.698049 0.348108 0.750372 0.268218 0.424983 0.709074 0.728664 0.427162 0.701479 0.100000 0.529005 0.228842 0.321944 0.100000 0.293401 0.491597 0.100000 0.168307 0.377331 0.785809 0.809904 0.964040 0.862213 0.853558 0.834553 0.214115 0.394855 0.469932 0.122648 0.786185 0.632287 0.100000 0.784251 0.391294 0.291799 0.551022 0.210179 0.690997 0.874103 1.030724 0.689075 0.562915 0.270822 0.100000 0.999537 0.295983 0.861430 0.700906 1.066491 
0.640554 0.758651 0.299544 0.242979 0.211454 0.478498 0.706822 0.305572 0.955885 0.757664 0.134799 0.677773 0.478364 1.110952 0.100000 0.694734 0.163918 0.398583 0.886714 0.242556 0.834300 0.607221 0.312726 1.157060 1.151568 0.234125 0.147006 0.571735 0.100000 0.351588 0.182613 0.706282 0.335886 0.587482 0.262348 0.779591 0.291877 0.281545 1.299544 0.396959 0.100000 0.508135 0.444166 0.504008 0.115838 0.628834 0.122444 1.243229 0.672442 0.100000 0.663307 0.351754 0.873764 0.100000 1.162717 1.349144 0.734339 0.100000 0.623366 0.538745 0.545652 0.446941 0.576034 0.448251 0.100000 0.284212 0.209045 0.285069 1.212867 0.521485 0.702211 0.303218 1.617366 0.506441 0.389710 0.250011 0.404617 0.759756 0.335137 0.889138 0.726690 0.585798 
0.100000 0.278167 0.100000 0.100000 0.100000 0.152674 0.797610 0.100000 0.100000 0.486657 0.152395 0.430633 0.498379 0.474243 0.100000 0.630947 0.140069 0.100000 0.100000 0.147111 0.100000 0.486972 0.569385 0.397191 0.209402 0.100000 0.100000 0.566195 0.160376 0.147344 0.100000 0.766683 0.239978 0.132007 0.100000 0.101376 0.100000 0.100000 0.577454 0.317879 0.548014 0.100000 0.171264 0.180525 0.100000 0.638155 0.100000 0.904903 0.729878 0.100000 0.100000 0.683128 0.742208 0.100000 0.627258 0.570481 0.791780 0.650394 0.569745 0.100000 0.355164 0.100000 0.687254 0.789490 0.100754 0.636586 0.323688 0.100000 1.294840 0.100000 0.376105 0.100000 0.441732 0.100000 0.260571 0.100000 0.226228 0.855375 0.437096 0.417278 1.036717 0.556586 
0.342430 0.705145 0.351208 0.605415 0.159901 0.361424 0.404499 0.100000 0.568165 1.278880 0.100000 0.402238 0.503190 0.782580 0.359725 0.324051 0.314410 0.600386 0.331102 0.854360 0.488126 0.601902 0.600440 0.638281 0.607221 1.193490 1.018169 1.203174 0.370404 0.266455 0.806803 0.486612 0.159838 0.707312 0.936347 0.783148 0.231380 0.877213 0.213368 0.924035 0.100000 0.649238 0.538388 0.189897 0.100000 0.874251 0.332761 0.720235 0.991862 0.246753 0.426122 0.631028 1.562417 0.100000 0.412718 0.780663 0.766389 1.165174 0.586961 0.369654 1.089049 0.100000 0.772075 0.455371 0.727484 0.986432 0.387878 0.294025 0.855360 0.829234 0.316591 0.656082 1.045281 0.100000 1.254533 0.750387 0.100000 1.083031 0.833503 1.022304 0.529356 0.566583 
0.409989 0.557158 0.100000 0.100000 0.100000 0.100000 0.714173 0.395752 0.262928 0.659091 0.100000 0.604196 0.100000 0.122096 0.100000 0.359892 0.100000 0.100000 0.100000 0.820467 0.100000 0.615986 0.112584 0.275359 0.316878 0.281926 0.489882 0.855163 0.441786 0.199027 0.227606 0.100000 0.100000 0.443691 0.318679 0.546627 0.100000 0.423387 0.719215 0.100000 0.100000 0.901160 0.256944 0.100000 0.122825 0.376314 0.205267 0.431587 0.214004 0.100000 0.423621 0.580303 0.288707 0.543446 0.427986 1.059820 0.683365 0.579708 0.374814 0.364380 0.895855 0.100000 0.390243 0.437235 0.100000 0.156855 0.100000 0.327266 0.918846 0.597615 0.625455 0.797794 0.866824 0.100000 0.736315 0.100000 0.232432 0.361537 0.100000 0.931822 0.146191 0.418052 
0.100000 0.619828 0.253520 0.344436 0.100000 0.603772 0.526162 0.369447 0.100000 0.296372 0.100000 0.100000 0.461918 0.161836 0.100000 0.100000 0.240155 0.448627 0.482558 0.255950 0.444982 0.867762 0.806814 0.603358 0.100000 0.276422 0.424879 0.711324 0.100000 0.100000 0.610444 0.776352 0.100000 1.055811 0.127684 0.584464 0.113355 0.100000 0.100000 0.545303 0.477361 0.100000 0.532040 0.100000 0.100000 1.002410 0.100000 0.898901 0.660096 0.639704 0.622045 1.017234 0.100000 0.100000 0.100000 0.402647 0.341859 0.100000 0.496796 0.100000 0.131724 0.100000 1.162070 0.107691 0.117679 0.991636 0.100000 0.160723 0.451843 0.118860 0.478301 0.484824 0.853599 0.617971 0.625539 0.100000 0.100000 0.453624 0.657844 0.639712 0.450639 0.272824 
0.897332 0.700710 0.808277 0.100000 0.100000 1.035925 1.132565 0.371187 0.100000 0.100000 0.100000 0.463394 0.777316 0.507108 0.100000 0.100000 0.100000 0.722082 0.497158 0.100000 0.353544 0.262447 1.040967 0.100000 0.100000 0.332942 0.615421 0.270133 0.374051 0.100000 0.100000 0.849353 0.546549 0.302998 0.576523 0.305479 0.294628 0.290878 0.717603 0.859042 0.590546 0.100000 0.850601 0.100000 0.100000 0.516980 0.100000 0.771801 1.205769 0.251448 0.480392 0.256605 0.357403 0.314623 0.333216 1.529633 0.766040 0.653950 0.973082 1.021086 0.687782 1.203156 0.896377 0.391845 0.100000 1.153817 0.912920 0.492533 0.100000 0.100000 0.637461 0.239144 1.349608 0.100000 0.745513 0.632149 0.104643 0.795468 0.585770 1.460447 0.100000 1.033175 
0.711635 0.517355 0.688995 0.342962 0.100000 0.100000 1.422043 0.418678 0.560260 0.693773 0.184197 0.609597 0.510353 0.464288 0.374082 0.517168 0.100000 0.548864 0.164643 0.975740 0.621824 0.528029 0.896337 0.913895 0.550072 0.526549 0.801367 0.516434 0.429519 0.457070 0.445578 0.585239 0.443637 0.100000 0.206698 0.711358 0.467950 0.100000 0.364306 0.486004 0.187634 0.241970 0.680176 0.228348 0.499694 0.471513 0.100000 0.759386 0.706803 0.100000 0.549450 0.268832 0.447470 0.100000 0.480356 1.255290 0.540922 0.254522 0.727008 0.594556 0.607961 0.191081 0.391949 0.404066 0.105693 0.893334 0.320183 0.613920 0.905394 0.100000 0.541793 0.401053 0.971922 0.100000 0.650361 0.266746 0.733939 1.115054 0.355111 0.998631 0.195824 0.285317 
0.264065 0.429838 0.927413 0.509012 0.100000 0.349304 1.131363 0.100000 0.728627 1.051889 0.689564 0.690685 0.445875 0.718751 0.596035 0.315773 0.569091 0.338602 1.219364 0.380888 1.316835 0.815750 0.774250 1.046401 0.932081 0.283918 0.821700 1.200485 0.402323 0.248579 0.100000 0.492378 1.195367 0.100000 0.832874 0.356439 1.092244 0.592554 0.926120 1.108295 0.100000 0.949925 0.597080 0.836521 0.303829 0.154268 1.216189 0.100000 0.100000 0.439906 1.840658 0.278914 0.100000 0.651187 1.101132 0.100000 0.163123 0.100000 1.594761 0.391900 1.013376 0.502249 0.273584 1.042917 0.100000 0.937749 0.339917 0.100000 1.218670 0.100000 1.160519 0.343932 1.331101 0.100000 0.285811 0.520961 1.300229 1.303718 0.100000 1.250181 1.341487 1.226184 
0.643475 0.446212 0.264833 0.571020 0.100000 0.755832 1.604780 0.100000 0.967301 0.100000 0.100000 0.100000 1.013511 0.100000 0.479403 1.081415 0.746265 0.546893 0.125504 0.100000 1.682808 0.723974 1.002426 0.357194 0.487558 0.157866 0.542806 0.442767 0.100000 0.100000 0.582608 0.816266 1.071174 0.208817 0.807706 0.832453 0.699422 0.169515 0.680345 0.804080 0.293957 0.138712 0.140847 0.100000 0.100000 0.621537 0.135515 0.516951 0.383870 0.750994 0.978308 0.707907 0.301825 0.100000 0.905738 0.742401 1.055174 0.197674 0.231668 0.440468 0.477933 0.192098 1.194095 0.100000 0.100000 0.861258 0.100000 0.100000 1.054045 0.366273 0.365121 0.149368 1.238343 0.100000 1.099866 0.100000 0.100000 0.100000 0.349728 0.122438 1.679904 1.133681 
0.100000 0.856196 0.182775 0.478810 0.530776 1.372723 0.909314 0.399716 0.100000 0.100000 0.444602 0.100000 1.061887 0.784769 0.524484 0.817997 0.100000 0.100000 1.614820 0.645023 0.447196 0.135028 0.380570 0.549956 0.508361 0.597438 1.045590 1.023060 0.100000 0.901399 0.291265 0.100000 0.941294 0.452769 0.658790 0.489166 0.778923 0.100000 0.333263 0.848598 0.100000 0.126928 0.100000 0.100000 0.100000 0.666335 0.956349 0.100000 0.517114 0.100000 0.145414 0.147225 0.993962 0.735995 0.199837 0.887403 0.100000 0.955903 0.100000 0.456120 1.521855 0.620647 1.044974 0.100000 0.100000 1.078763 0.146916 0.562454 0.410681 0.100000 0.164185 0.100000 0.520932 0.100000 0.100000 0.815735 0.304707 0.946163 0.836868 0.968345 0.413731 0.810363 
1.183718 0.644462 0.430788 0.517472 0.100000 0.100000 1.150340 0.100000 0.100000 1.114338 0.105976 0.976731 0.729464 0.143978 0.100000 0.100000 0.100000 0.100000 0.178834 0.444483 0.100000 0.100000 1.277371 0.938986 0.100000 0.358583 0.614341 0.156485 0.100000 0.100000 0.117578 0.100000 0.450387 0.585395 0.100000 0.190743 0.125431 0.228623 0.417852 1.152006 0.662102 0.100000 1.055487 0.726863 0.100000 0.682426 0.102420 0.100000 0.100000 0.100000 0.412324 0.371055 1.001075 1.239725 0.267199 0.317481 0.100000 0.489768 0.967795 0.309376 0.809222 0.100000 0.426586 0.926138 0.100000 0.262123 0.621958 0.342574 0.100000 0.169747 0.100000 0.100000 0.207648 0.363357 0.649897 0.100000 0.100000 0.936208 0.284941 0.100000 1.087778 0.502744 
0.143010 0.266878 0.206107 0.100000 0.394821 0.190076 0.970369 0.100000 0.369879 0.100000 0.143091 0.523560 0.753035 0.393356 0.100000 0.305677 0.100000 0.110609 0.221703 0.270947 0.724917 0.590937 0.100000 0.746057 0.402417 0.100000 0.552750 0.384744 0.100000 0.342187 0.361752 0.428816 0.472019 0.231292 0.100000 0.714066 0.100000 0.448897 0.213119 0.550395 0.100000 0.892448 0.586992 0.391389 0.307626 0.100000 0.100000 0.735011 0.647657 0.843047 0.723242 0.431942 0.100000 0.459709 0.262688 0.395882 0.468952 0.100000 0.107607 0.603209 0.340904 0.235252 0.425968 0.129178 0.100000 0.209574 0.100000 0.284836 0.850794 0.207012 0.495465 0.100000 0.658134 0.361993 0.411564 0.366058 0.100000 0.426339 0.100000 0.164266 0.100000 0.314937 
0.100000 0.904944 0.100000 0.100000 0.100000 1.511559 1.181636 0.100000 0.524400 0.100000 0.100000 0.146681 0.875970 0.100000 0.100000 0.100000 0.315549 0.100000 0.679228 0.199552 0.942579 0.100000 1.156657 0.685081 0.871845 0.100000 0.582164 1.070355 0.193752 0.100000 0.100000 0.610121 0.515350 0.568715 0.528555 0.449167 0.100000 0.100000 0.560805 0.284043 0.740522 0.185517 0.104688 0.248005 0.626302 0.471119 0.100000 0.937386 1.099050 0.898186 1.342460 0.619478 1.118697 0.100000 0.414460 0.881308 1.137020 0.337997 0.694915 1.472795 1.097538 0.100000 0.178426 0.992101 0.520303 0.934475 0.100000 0.814459 0.714160 1.264639 0.528444 0.770447 0.598778 0.100000 0.550384 0.530941 0.589368 1.017327 0.100000 0.154183 0.100000 1.350557 
0.317670 0.719685 0.256877 0.100000 0.100000 0.198848 0.704146 0.236040 0.100000 0.211367 0.100000 0.100000 0.101023 0.337751 0.100000 0.201433 0.284823 0.668784 0.261369 0.100000 0.409786 0.700357 0.712263 0.850557 0.100000 0.375204 0.416648 0.275208 0.100000 0.100000 0.429317 0.100000 0.130511 0.616486 0.331739 0.532729 0.606174 0.211705 0.343311 0.580640 0.114939 0.512563 0.578010 0.108900 0.406885 0.563686 0.100000 1.389862 0.100000 0.824813 0.673906 0.572648 0.100000 0.100000 0.469272 0.392034 0.905377 0.709482 0.100000 0.152563 1.199444 0.730009 0.685089 0.385451 0.100000 0.710258 0.100000 0.100000 0.666185 0.100000 0.100000 0.640548 0.653157 0.100000 0.284960 0.100000 0.677795 0.100000 0.655857 0.664901 0.475498 0.465633 
0.315680 0.178228 0.586391 0.100000 0.100000 0.100000 0.156700 0.100000 0.342862 0.164690 0.100000 0.100000 0.521176 0.694319 0.103440 0.278442 0.261610 0.100000 0.418715 0.122751 0.100000 0.773270 0.459674 1.311888 0.100000 0.149641 0.118904 0.199763 0.100000 0.100000 0.330519 0.558050 0.745538 0.267003 0.100000 0.334937 0.369060 0.107855 0.479187 0.584942 0.122663 0.133010 0.579398 0.100000 0.412730 0.298068 0.187847 0.497431 0.100000 0.237729 0.100000 0.452135 0.100000 0.100000 0.618090 0.335627 0.152706 0.408764 0.473116 0.244883 0.100000 0.293238 0.225613 0.100000 0.100000 0.338940 0.100000 0.218124 0.357278 0.518004 0.236870 0.653205 0.928768 0.100000 0.842484 0.100000 0.393357 0.552678 0.573378 0.492869 0.496425 0.185578 
0.802521 0.566759 0.794064 0.114777 0.100000 0.100000 1.214575 0.100000 0.619226 0.853075 0.816788 0.602311 1.031662 0.591380 0.524750 0.781208 0.450228 0.328649 0.886680 0.420868 0.305668 0.887856 0.921810 0.283510 0.345325 0.837130 0.733254 0.811723 1.023722 0.612041 0.100000 0.327953 0.586193 0.503818 0.211491 0.724355 0.100000 0.372313 1.180360 0.708585 0.100000 0.433299 0.577457 0.209080 0.527082 0.448362 0.100000 0.836952 0.755205 0.581491 1.156969 0.726499 0.747135 0.240630 0.407988 0.934741 0.107121 0.172906 0.594214 0.203512 0.724549 0.100000 0.514304 0.894073 0.380158 0.568930 0.100000 0.476785 0.989220 0.361889 0.271991 0.799183 1.000838 0.649221 0.723247 0.391588 0.196187 0.605541 0.682508 0.100000 0.260694 1.154505 
0.488227 0.100000 0.784279 0.100000 0.100000 0.986580 1.936907 0.100000 1.011246 0.554984 0.554185 0.495377 0.237684 0.100000 0.622937 0.100000 0.571549 0.100000 0.337313 0.372014 0.100000 1.229616 0.575739 1.531937 0.355119 0.513522 1.089610 0.471761 0.100000 0.100000 1.208679 0.486485 0.100000 0.223533 0.448827 0.100000 0.397713 0.100000 0.507115 0.754904 0.100000 0.326550 0.321176 0.100000 0.177141 1.351502 0.391413 1.306370 0.100000 0.647250 0.100000 0.998655 0.547749 0.771729 1.038324 1.232808 0.514720 0.100000 0.100000 0.100000 1.003597 0.620247 0.155902 0.995371 0.100000 0.101351 0.275477 1.056740 1.065050 0.613754 0.100000 1.062298 0.343192 0.100000 0.136706 0.100000 0.100000 1.486706 0.372055 0.100000 0.946338 0.796088 
0.100000 0.807756 0.504293 0.100000 0.100000 0.310355 0.729582 0.598798 0.100000 0.309648 0.278713 0.126978 0.868166 0.528222 0.100000 0.100000 0.100000 0.406478 0.749487 0.409782 0.100000 0.387519 0.180148 0.810976 0.346448 0.332523 0.100000 0.775257 0.306869 0.138136 0.100000 0.170004 0.100000 0.500494 0.100000 0.425160 0.100000 0.100000 0.100000 0.362207 0.100000 0.199462 0.433529 0.243416 0.100000 0.100000 0.232712 0.390966 0.412330 0.100000 0.362758 0.575220 0.572736 0.650378 0.558403 0.742739 0.295511 0.100000 0.961234 0.471209 0.715946 0.100000 0.883487 0.274783 0.396484 0.139461 0.257156 0.100000 0.719601 0.942282 0.520475 0.826704 0.985132 0.100000 0.137226 0.100000 0.347018 0.746792 0.100000 0.100000 0.785621 0.143209 
0.321194 0.115329 0.291466 0.100000 0.100000 0.211668 1.087549 0.100000 0.478019 0.100000 0.100000 0.252015 0.100000 0.342376 0.100000 1.007550 0.220548 0.203958 0.222170 0.754635 0.495731 0.831672 0.612095 0.216263 0.433420 0.112516 0.471799 0.215548 0.100000 0.100000 0.100000 0.619980 0.700731 0.557013 0.766438 0.278176 0.168634 0.100000 0.604048 0.504512 0.100000 0.100000 0.100000 0.100000 0.100000 0.679465 0.100000 0.683401 0.639539 0.361651 0.100000 0.173542 0.380365 0.100000 0.317984 0.994308 0.601819 0.735407 0.722072 0.507055 0.700004 0.154723 0.304721 0.388125 0.100000 0.148621 0.213318 0.100000 0.244970 0.100000 0.656640 0.381424 0.907227 0.100000 0.638567 0.100000 0.100000 0.252998 0.131960 0.735574 0.414191 0.283600 
0.592464 0.803188 0.100000 0.718935 0.100000 0.979455 0.685628 0.285306 0.124377 0.210216 0.100000 0.172175 0.278996 0.100000 0.162824 0.104016 0.233263 0.379889 0.100000 0.450243 0.621077 0.955213 1.365222 0.801450 0.100000 0.599873 0.470308 0.334943 0.432496 0.432169 0.131500 0.100000 0.438112 0.244760 0.378240 0.660511 0.852711 0.517284 0.736861 0.329717 0.553261 0.240813 1.011137 0.740123 0.570554 0.989436 0.384527 0.290212 0.873132 0.675325 0.124001 0.756743 0.853308 0.100000 0.835001 1.357235 0.890742 0.178924 0.727015 1.042442 0.490454 0.403591 0.497751 0.423364 0.100000 0.153546 0.100000 0.226404 0.857354 0.324197 0.634152 0.923920 0.780023 0.247300 0.495962 0.100000 0.591809 1.011171 0.525355 0.203283 0.270100 0.489283 
0.101622 0.334362 0.305644 0.100000 0.560423 1.018122 0.272607 0.100000 0.100000 0.100000 0.399699 0.100000 0.100000 0.100000 0.100000 0.462570 0.164509 0.994020 0.727079 1.198238 0.357896 0.479117 0.141534 0.270158 0.115165 0.813779 0.585406 1.430358 0.100000 0.100000 0.342373 0.183825 0.123630 0.100000 0.100000 0.896128 0.396016 0.380808 0.283770 0.994579 0.414443 0.595359 0.254582 0.100000 0.527732 1.004168 0.274395 1.180570 0.393609 0.726613 2.206309 1.079323 1.124997 0.355405 1.291588 0.531785 0.816686 1.011047 0.669719 0.670195 0.718264 0.280356 1.297178 0.700605 0.100000 0.925267 0.119539 0.100000 0.100000 0.789437 0.100000 0.860473 1.220170 0.100000 0.100000 0.251815 0.344613 0.100000 0.835047 0.286649 0.100000 1.088845 
0.377650 0.473422 0.160567 0.100000 0.256491 0.758639 0.719989 0.100000 0.120307 0.157117 0.664618 0.628085 0.682714 0.623036 0.470624 0.420900 1.010512 0.280756 0.617541 0.576848 0.480765 0.744694 0.444752 0.848963 0.333924 0.382006 0.704199 1.107000 0.224460 0.100000 0.100000 0.620446 0.423210 0.100000 0.542866 0.555031 0.760602 0.195268 0.781696 0.571705 0.677339 0.550917 0.609687 0.100000 0.100000 0.336026 0.343244 1.165592 0.710511 0.579125 0.554984 1.172429 0.854260 0.226179 0.474021 0.951093 0.610007 0.995091 0.609413 0.662060 0.690495 0.100000 0.818054 0.546353 0.382305 0.872462 0.199352 0.439327 1.011784 0.809392 0.763710 1.005893 0.960106 0.248424 0.423091 0.439652 0.241460 0.749464 0.100000 0.236127 0.100000 0.633139 
0.580255 1.888287 0.100000 0.488268 0.100000 0.482541 0.588035 0.100000 0.100000 0.553615 0.535050 0.100000 0.559222 0.100000 1.117385 0.100000 0.100000 0.567578 0.360556 1.475714 1.129610 0.100000 0.514505 0.509351 0.746229 0.508165 0.824129 0.100000 0.477902 0.100000 0.293029 0.449598 0.194521 0.500187 0.100000 0.100000 0.357114 0.654141 0.987796 0.713453 0.159002 1.087488 0.177538 0.100000 0.579721 0.366461 0.583353 1.224096 0.875884 0.393013 0.787523 0.461163 0.419559 0.388437 0.804562 0.570464 0.601268 0.310210 0.347619 0.100000 0.672360 0.100000 0.567590 0.167190 0.229408 0.177954 0.100000 0.275481 0.878006 0.100000 0.100000 0.565658 1.021068 0.100000 1.385203 0.632185 0.100000 0.974997 0.125171 1.279379 0.646780 0.977690 
0.100000 0.796911 0.100000 0.100000 0.100000 0.235063 0.808253 0.861129 0.336243 0.397773 0.442823 0.383851 1.230963 0.914192 0.745425 0.830528 0.417125 0.621997 0.100000 0.725240 0.100000 0.464185 0.163138 1.349853 0.100000 0.173159 0.100000 0.119031 0.251354 0.100000 1.227780 0.844556 0.100000 0.371931 0.540172 0.271006 0.100000 0.100000 0.638912 0.100000 0.273877 0.100000 0.100000 0.547535 0.430861 0.867636 0.100000 0.677242 0.301761 0.471667 0.100000 0.100000 0.904236 0.100000 0.129970 0.579416 0.117584 0.755816 0.929955 0.676945 0.820322 0.100000 0.852948 1.151724 0.407813 0.100000 0.199440 0.169055 1.097068 0.242757 0.100000 0.100000 1.150451 0.792072 0.642892 0.135255 0.100000 0.305599 1.039461 1.179948 0.100000 1.377936 
0.100000 0.239646 0.100000 0.100000 0.100000 0.206153 0.642758 0.100000 0.239323 0.380801 0.370167 0.100000 0.839862 0.674795 0.100000 0.150606 0.127954 0.363342 0.788201 0.772404 0.623323 0.688624 0.654669 0.602975 0.100000 0.100000 0.100000 0.580134 0.100000 0.229188 0.259174 0.790680 0.100000 0.100000 0.100000 0.228897 0.475311 0.184073 0.134392 0.570448 0.100000 0.100000 0.345145 0.100000 0.100000 0.262414 0.689253 0.454548 0.672049 0.338245 0.456732 0.212175 0.725438 0.100000 0.378104 0.856094 0.437702 0.614853 0.657713 0.680509 0.491666 0.235516 0.480825 0.100000 0.139870 0.347587 0.203219 0.100000 0.479575 0.333661 0.178835 1.194755 0.858658 0.100000 0.287465 0.100000 0.100000 0.961846 0.100000 0.380682 0.160350 0.100000 
0.213511 0.100000 0.153204 0.100000 0.100000 0.100000 0.609777 0.100000 0.100000 0.493420 0.124118 0.100000 0.100000 0.100000 0.392022 0.562294 0.146974 0.100000 0.100000 0.523238 0.100000 0.637906 0.398422 0.603907 0.129154 0.295287 0.603380 0.902297 0.100000 0.100000 0.100000 0.617233 0.194404 0.100000 0.980779 0.615248 0.100000 0.481870 1.158676 0.545798 0.449986 0.241850 0.264892 0.100000 0.100000 0.452786 0.100000 0.249394 0.493135 0.301563 0.583899 0.160109 0.100000 0.100000 0.459182 1.440842 0.725839 0.631573 0.664967 0.545787 0.433360 0.150388 0.445629 0.449106 0.640385 0.496441 0.100000 0.491837 0.505668 0.323591 0.346874 0.685390 1.282008 0.363624 0.387220 0.295536 0.335729 0.952512 0.100000 0.429902 0.792067 0.371639 
0.910595 0.686124 0.100000 0.907462 0.215211 0.135917 0.376030 0.100000 0.326245 0.332325 0.100000 0.422971 0.718667 0.450941 0.501222 0.662377 0.207891 0.785818 0.647185 0.410333 0.337280 0.210135 0.646538 0.565134 0.975769 0.499004 0.100000 0.773929 0.369829 0.622247 0.633295 0.309376 0.571407 0.565715 0.516316 0.699019 0.175003 0.856245 0.876842 1.664245 0.272491 0.801147 0.250575 0.100000 0.731305 0.617236 0.100000 0.517398 0.471369 0.403805 1.190474 1.064564 0.682310 0.462276 0.593868 1.077769 0.566543 0.455488 1.120777 0.790571 1.210693 0.394886 0.487377 0.757119 0.689865 0.401888 0.100000 0.350424 0.974253 0.100000 0.248559 0.764033 0.810691 0.100000 0.448525 0.238945 0.193275 0.224130 0.508324 1.029094 0.895393 0.972199 
