90 Number of operations
26 Number of workers
Standard production times
0.290051 0.119425 0.716550 0.190971 0.451519 0.100000 0.100000 0.336942 0.571636 0.414269 0.100000 0.116889 0.577166 0.526380 0.408052 0.219375 0.435065 0.438886 0.292950 0.555470 0.434268 0.311430 0.740981 0.584869 0.139028 0.323885 0.251275 0.312576 0.314710 0.676281 0.419674 0.326109 0.145356 0.602997 0.103788 0.342580 0.388635 0.242379 0.413542 0.192219 0.347265 0.507650 0.705652 0.791335 0.495640 0.423869 0.228507 0.247610 0.527861 0.409505 1.022967 0.293508 0.469117 0.314897 0.100000 0.751079 0.347161 0.569259 0.817347 0.505296 0.596762 0.100000 0.221035 0.466013 0.609718 0.669980 0.649135 0.261762 0.656215 0.254587 0.240166 0.399291 0.502519 0.366428 0.669267 0.276902 0.251393 0.603187 0.288969 0.487252 0.370662 0.404699 0.348340 0.767831 0.361202 0.714826 0.551380 0.294575 0.249314 0.417989 
Production times: workers row and ops columns
0.100000 0.100000 0.337324 0.100000 0.395475 0.100000 0.100000 0.100000 0.293902 0.578870 0.233651 0.466599 0.940039 0.292061 0.100000 0.100000 0.100000 0.218773 0.353828 0.845406 0.362522 0.126479 0.522267 0.271140 0.100000 0.100000 0.100000 0.170142 0.100000 0.890344 0.400625 0.348783 0.100000 0.536221 0.176108 0.448569 0.805766 0.100000 0.100000 0.106138 0.224305 0.660278 0.715872 0.537947 0.175003 0.245613 0.480621 0.227006 0.100000 0.626853 0.975555 0.720888 0.150835 0.369388 0.100000 1.184672 0.521628 0.713983 0.930771 0.353903 0.435720 0.126650 0.528100 0.302646 0.906533 0.100000 0.520480 0.100000 0.624904 0.100000 0.132750 0.209959 0.373983 0.345817 0.279615 0.156410 0.457055 0.505625 0.100000 0.471455 0.502443 0.219646 0.226516 0.812959 0.539037 0.100000 0.531466 0.161611 0.100000 0.100000 
0.100000 0.382085 0.809326 0.856928 0.635434 0.100000 0.100000 0.100000 1.095463 0.523881 0.100000 0.520506 0.382952 0.100000 1.067781 0.100000 0.205239 0.545623 0.174887 0.100000 0.100000 0.100000 0.755076 0.372628 0.227011 0.100000 0.108490 0.100000 0.100000 1.140317 0.466689 1.079914 0.709617 0.666842 0.100000 0.100000 0.637137 0.810838 0.784954 0.684921 0.691498 0.301365 0.812376 0.507188 0.544238 0.100000 0.200260 0.706746 0.649901 0.534514 1.085812 0.100000 0.100000 0.227290 0.100000 0.100000 1.376197 0.601732 0.100000 0.974583 0.694952 0.232054 0.100000 0.164125 0.164404 0.903710 0.803809 0.265045 0.804658 0.529692 0.100000 0.100000 0.388449 0.100000 0.922280 0.100000 0.100000 0.542761 0.755491 0.889195 1.183401 0.100000 0.560608 0.806418 0.100000 0.146410 0.903366 0.100000 0.283929 1.180516 
0.100000 0.100000 0.761975 0.100000 0.587608 0.100000 0.135124 0.211240 0.793165 0.479882 0.298016 0.100000 1.209913 0.748139 0.234877 0.283755 0.587771 0.526108 0.100000 0.100000 0.392735 0.570916 0.610614 0.100000 0.100000 0.100000 0.342872 0.279342 0.300378 0.508730 0.845969 0.146123 0.100000 0.100000 0.100000 0.100000 0.334692 0.175196 0.528606 0.100000 0.375065 0.100000 0.506947 0.407696 0.399145 0.100000 0.100000 0.709744 0.762371 0.162657 0.885871 0.100000 0.876302 0.125658 0.100000 0.790536 0.402705 0.785457 1.204960 0.685629 0.980821 0.552788 0.239129 0.330231 0.507385 0.580047 1.075645 0.424668 0.465379 0.184767 0.429770 0.636578 0.142591 0.338252 0.846864 0.100000 0.159501 0.801674 0.100000 0.450168 0.600317 0.417221 0.402147 1.215371 0.385312 0.797554 1.021285 0.496750 0.449039 0.310061 
0.701828 0.757608 0.818895 0.720264 0.418770 0.296214 0.372602 0.300167 0.624846 0.100000 0.100000 0.335193 0.880692 0.524228 0.519980 0.622612 0.708060 0.432948 0.100000 0.647854 0.491777 0.468181 0.957182 0.794475 0.100000 0.449066 0.406717 0.700809 0.867331 0.387109 0.444613 0.126664 0.100000 0.581778 0.100000 0.378363 0.470795 0.656368 0.100000 0.100000 0.265405 0.765046 1.023278 0.933749 0.560767 0.234946 0.185051 0.100000 0.817821 0.904811 0.854479 0.578399 0.850825 0.100000 0.169710 1.014822 0.305737 0.540481 0.752586 0.651640 0.487137 0.395872 0.100000 1.179463 0.240737 1.065793 0.648618 0.153131 1.408256 0.176177 0.236301 0.766034 0.908755 0.379344 0.743936 0.599273 0.491449 1.159889 0.471533 0.489207 0.379903 0.286568 1.050304 1.183889 0.864532 0.760810 0.510456 0.100000 0.413978 0.928642 
0.144062 0.100000 0.386253 0.500209 0.100000 0.341513 0.323302 0.423994 0.723331 0.116902 0.184234 0.100000 0.440189 0.802241 0.577221 0.501174 0.265563 0.693220 0.660195 1.143088 0.607736 1.054848 0.826989 0.454640 0.952201 0.331599 0.297220 0.224419 0.271205 1.197874 0.536285 0.647203 0.100000 0.521502 0.100000 0.401746 0.759455 0.307862 0.557462 0.345748 0.438146 0.629343 0.613888 0.828075 0.530243 0.695631 0.529922 0.582868 0.376578 0.488948 1.218118 0.562504 1.212063 0.100000 0.394609 0.587621 0.515419 1.015102 1.168962 0.672206 0.764502 0.465426 0.517560 0.759599 1.446120 1.045438 0.316364 0.156257 1.333096 0.100000 0.443544 0.612531 0.539234 0.631278 1.060872 0.776885 0.553275 0.462709 0.370823 0.689967 0.399439 0.382829 0.631155 0.718273 0.307322 0.823656 0.519375 0.843934 0.515089 0.251919 
0.100000 0.221691 0.662825 0.100000 0.755698 0.100000 0.100000 0.255140 0.684031 0.239903 0.100000 0.100000 0.386146 0.354427 0.455682 0.161921 0.321859 0.169086 0.238494 0.246642 0.100000 0.546016 0.378472 0.150177 0.100000 0.474549 0.283308 0.751709 0.100000 0.100000 0.212787 0.100000 0.352705 0.669926 0.118814 0.100000 0.310885 0.295791 0.100000 0.261638 0.549661 1.028985 0.576535 0.482102 0.353496 0.100000 0.448362 0.225419 0.623500 1.001045 1.074406 0.402273 0.100000 0.100000 0.340644 1.135027 0.195941 0.274168 1.008064 0.432217 0.173636 0.100000 0.100000 0.508255 0.565562 0.531028 0.502079 0.100000 0.676072 0.100000 0.100000 0.100000 0.428488 0.624593 0.791275 0.100000 0.100000 0.234773 0.100000 0.107164 0.160280 0.331474 0.246251 0.664063 0.100000 0.668671 0.759337 0.100000 0.749467 0.859358 
0.100000 0.100000 0.768679 0.480783 0.100000 0.100000 0.673610 0.512483 0.720952 0.588113 0.100000 0.290459 1.142049 0.487707 0.502083 0.163651 1.346975 1.009107 0.521163 0.342711 0.353634 0.272581 0.858511 0.100000 0.301773 0.100000 0.254800 0.494934 0.364492 0.914515 0.838944 0.806264 0.339695 0.792294 0.778984 0.625337 0.412551 0.342160 0.535724 0.847194 0.549263 0.520236 0.983396 1.143407 0.609074 0.583753 0.327599 0.331987 1.331064 0.956535 1.189713 0.580215 0.517245 0.298779 0.100000 0.777554 0.408490 0.100000 0.973890 0.339949 0.772861 0.416429 0.100000 0.771484 0.705884 1.697802 0.291832 0.878843 0.987707 0.757838 0.410155 0.668444 0.497692 0.100000 0.913662 0.380283 0.559148 1.068785 0.146030 0.233534 0.553338 0.277202 0.306212 1.187236 0.422430 0.366129 0.469893 0.100000 0.266517 1.022059 
0.185474 0.100000 1.489826 0.611430 0.970614 0.100000 0.100000 0.100000 0.100000 0.140143 0.100000 0.343516 0.230224 0.819418 0.956224 0.100000 0.100000 1.218694 0.659432 0.100000 0.100000 0.100000 1.480706 0.349625 0.163601 0.889482 0.100000 0.100000 1.125387 0.839445 0.100000 0.854500 0.100000 1.054752 0.100000 1.067354 0.182216 0.118280 0.264844 0.100000 1.086015 0.189554 0.681119 0.100000 0.176963 0.100000 0.414040 0.100000 0.237637 0.325030 0.585384 0.945880 1.405977 0.264217 0.100000 0.890045 0.125467 1.339298 0.805639 0.249613 0.523255 0.100000 0.315529 0.100000 0.806580 0.742000 0.703642 0.100000 0.477029 0.524742 0.100000 0.624488 1.085219 0.100000 0.730940 0.100000 0.589441 0.885939 1.182060 0.290718 0.559815 0.100000 0.100000 0.511339 0.131400 1.038779 0.494050 0.100000 0.100000 0.430759 
0.100000 0.100000 0.100000 0.175515 0.360772 0.160520 0.100000 0.100000 0.128017 0.100000 0.100000 0.103428 0.454173 0.307895 0.100000 0.365470 0.945261 0.356403 0.171077 1.194097 0.328874 0.121254 0.911242 0.159211 0.477045 0.288693 0.669375 0.408694 0.247395 0.950096 0.285107 0.309350 0.100000 0.999478 0.100000 0.100000 0.735147 0.520723 0.263444 0.100000 0.252771 0.197698 0.780100 0.465801 0.100000 0.100000 0.532155 0.540396 0.587984 0.400600 0.758295 0.100000 0.538471 0.100000 0.504150 0.162842 0.100000 0.600084 0.739397 0.842891 0.738171 0.100000 0.100000 0.937341 0.127382 0.491485 0.751049 0.235258 0.749657 0.100000 0.357578 0.312165 0.528114 0.547270 0.854621 0.293676 0.119689 0.723941 0.209576 0.193179 0.399402 0.196155 0.342978 0.716432 0.505283 0.606303 0.779211 0.127267 0.100000 0.278429 
0.101786 0.100000 0.918799 0.510136 0.100000 0.100000 0.100000 0.100000 0.100000 0.455261 0.268073 0.414842 0.619842 0.801316 0.392133 0.642749 0.100000 0.676383 0.100000 0.448623 0.496513 0.185054 0.970799 0.130440 0.100000 0.365040 0.100000 0.100000 0.100000 0.720159 0.650516 0.211941 0.110052 0.920565 0.174335 0.100000 0.197064 0.576392 0.196984 0.441135 0.571504 0.399213 0.714719 0.821558 0.795328 0.329767 0.489442 0.133373 0.293827 0.774203 0.901301 0.100000 0.568318 0.151933 0.100000 0.704036 0.387574 0.845816 0.824512 0.525150 0.432374 0.100000 0.100000 0.308099 0.468096 0.303688 0.601078 0.100000 0.347413 0.100000 0.566149 0.628119 0.100000 0.737032 0.100000 0.188907 0.100000 0.705182 0.116890 0.204126 0.778613 0.110248 0.345901 0.539121 0.100000 0.507113 0.451179 0.315668 0.100000 0.100000 
0.100000 0.325433 0.747183 0.100000 0.918890 0.529221 0.100000 0.100000 0.828294 0.672445 0.100000 0.347219 0.662102 0.720674 0.729877 0.439973 0.525186 0.239861 0.100000 0.712602 0.575858 0.227634 0.780743 0.506597 0.127255 0.482599 0.100000 0.100000 0.958902 0.392199 0.118308 0.838363 0.149047 0.861601 0.363186 0.100000 0.270777 0.169797 0.595472 0.100000 0.351899 0.555424 1.135775 0.506968 0.636403 0.274074 0.100000 0.386303 0.653323 0.100000 0.477273 0.720291 0.779358 0.532543 0.319283 0.901765 0.267153 1.276077 1.118408 0.525976 0.601127 0.979901 0.753211 0.898691 0.520653 1.433427 1.386536 0.366694 1.057049 0.693659 0.915334 0.840242 0.453915 0.340762 0.868164 0.194320 0.795907 0.758340 0.820956 0.460109 0.548156 0.386904 0.100000 0.886906 0.416305 1.061931 0.844934 0.789855 0.574546 0.684831 
0.100000 0.100000 0.377812 0.100000 0.774735 0.100000 0.100000 0.100000 0.193515 0.407603 0.752864 0.330490 1.153219 1.060975 0.286454 0.765339 0.624793 0.258211 0.519554 0.949290 0.100000 0.100000 0.673712 1.077833 0.553281 0.100000 0.637272 0.100000 1.167287 0.837226 0.767868 0.100000 0.100000 0.704986 0.100000 0.934956 0.388667 0.618141 0.685542 0.100000 0.100000 0.100000 0.191188 1.060316 0.100000 1.536147 0.167927 0.586446 1.210824 0.270230 0.957711 0.583062 0.100000 1.260441 0.548119 1.874466 0.872137 0.946300 0.100000 0.100000 0.785718 0.123757 0.100000 0.419291 1.318547 0.913574 1.186531 0.141312 0.100000 0.100000 0.517811 0.100000 0.650899 0.171037 0.100000 0.100000 0.100000 0.100000 0.100000 0.920722 0.331662 0.100000 0.294867 0.100000 0.281165 0.721803 0.100000 0.100000 0.100000 0.179432 
0.651382 0.338817 0.682400 0.602344 0.100000 0.240583 0.417125 0.874399 0.219827 0.310370 0.710972 0.352008 0.403044 0.466154 0.257870 0.371456 0.279535 0.407843 0.547253 0.696897 0.535144 1.050209 0.857160 0.100000 0.100000 0.917632 0.719660 0.445964 0.492303 0.647180 0.400029 0.100000 0.100000 0.393232 0.144978 0.269779 0.184257 0.723728 0.862557 0.100000 0.539639 0.767765 1.024550 0.860913 0.451778 0.865044 0.275339 0.100000 0.417003 0.694774 0.676613 0.734465 0.541205 0.100000 0.100000 0.912666 0.328378 0.341324 0.877550 0.791880 1.061360 0.111359 0.254575 0.414332 0.703678 0.612540 1.240947 0.100000 0.722658 0.100000 0.352373 0.514593 0.648515 1.082494 0.775405 0.549428 0.575609 1.318362 0.524566 0.320931 0.818748 0.100000 0.507821 0.903422 0.484578 0.927888 0.874626 0.508011 0.138019 0.672234 
0.100000 0.472334 0.809184 0.210766 0.774997 0.100000 0.193872 0.222568 0.805845 0.590371 0.100000 0.100000 0.395595 1.045434 0.100000 0.162049 0.718140 0.753526 0.100000 0.900839 0.100000 0.639158 0.490487 0.805115 0.626101 0.100000 0.506046 0.100000 0.100000 0.724550 0.100000 0.473846 0.100000 0.406934 0.142565 0.546642 0.195246 0.327534 0.340407 0.100000 0.374526 0.720134 0.481948 0.438561 0.372661 0.515680 0.100000 0.100000 0.532052 0.619391 1.098093 0.821710 0.100000 0.383318 0.100000 0.649880 0.847952 0.100000 0.278308 0.184495 0.100000 0.100000 0.530123 0.100000 0.132927 0.636813 0.806801 0.304502 0.676122 0.100000 0.100000 0.714931 0.293851 0.398482 0.648113 0.100000 0.105771 0.787049 0.204499 0.584362 0.616724 1.115721 0.419968 0.100000 0.291152 0.746608 0.692891 0.405361 0.335421 0.186477 
0.408422 0.417941 0.827058 0.525528 0.369996 0.100000 0.160806 0.100000 0.552879 0.724064 0.386539 0.222506 0.568175 0.230528 0.629015 0.286498 0.599022 0.788695 0.978970 0.345151 0.100000 0.239326 1.061811 0.411623 0.738423 0.866299 0.100000 0.235176 0.519401 0.751287 0.100000 0.281999 0.598687 0.767054 0.196796 0.100000 0.803768 0.100000 0.487710 0.710651 0.514262 0.100000 0.743394 0.706446 0.331670 0.703703 0.100000 0.359672 0.476606 0.305823 0.400273 0.100000 0.936910 0.100000 0.339992 0.583123 0.479732 0.688506 0.919380 0.611977 0.383851 0.100000 0.314384 0.706142 1.226509 0.951912 0.763445 0.267375 1.037402 0.746856 0.442829 0.461270 0.727542 0.148233 0.636069 0.691520 0.577472 0.635429 0.673192 0.398644 0.670659 0.904027 0.637532 0.757575 0.448406 0.325647 0.594806 0.325232 0.522456 0.100000 
0.100000 0.100000 0.766713 0.417476 0.100000 0.100000 0.347256 0.542900 0.460631 0.100000 0.433056 0.117178 0.441593 0.556962 0.100000 0.100000 0.100000 0.302196 0.100000 0.425755 0.906657 0.419997 0.100000 0.654751 0.100000 0.100000 0.344240 0.100000 0.100555 0.276996 0.100000 0.158962 0.100000 0.158081 0.365767 0.159099 0.440973 0.100000 0.664509 0.143991 0.100000 0.173218 0.100000 0.660209 0.415376 0.614088 0.248853 0.289991 0.476260 0.556830 1.249679 0.562001 0.310255 0.427930 0.116045 1.115733 0.276555 0.566099 1.307313 0.100000 0.458550 0.709461 0.671896 0.389161 0.623183 0.100000 0.736504 0.807257 0.933553 0.240009 0.189445 0.550679 0.897990 0.230478 0.368442 0.100000 0.467072 0.100000 0.100000 0.446140 0.125185 0.125239 0.100000 0.730474 0.302436 0.121258 0.684338 0.285777 0.100000 0.705518 
0.116395 0.100000 1.261083 0.308644 0.609575 0.100000 0.100000 0.752423 0.724437 0.125874 0.100000 0.472225 0.364533 0.939968 0.827841 0.100000 0.902974 0.442310 0.933840 0.929718 0.134261 1.008255 0.862798 0.633961 0.100000 0.542094 0.675886 0.550561 0.499678 1.008265 0.985230 0.480008 0.100000 0.847188 0.322407 0.758785 0.497056 0.155118 0.311802 0.252363 0.471693 0.995239 0.461608 1.136696 1.091263 0.423194 0.788312 0.100000 0.142146 0.721374 1.274098 1.100790 0.637667 0.490910 0.367025 1.391704 0.179978 0.873232 0.826453 0.356984 0.831500 0.124452 0.470248 0.565361 0.242402 0.478925 0.395006 0.149357 1.269764 0.274241 0.566032 0.421192 0.332529 0.536327 0.700807 0.100000 0.503762 0.536103 0.322104 0.280590 0.790333 0.691233 0.511195 1.066479 0.260600 1.117139 0.706548 0.641300 0.461607 0.780419 
0.132991 0.349908 0.778660 0.557591 0.595652 0.100000 0.486403 0.179669 0.914323 0.100000 0.100000 0.662862 0.100000 0.203462 1.299291 0.100000 2.008872 0.100000 0.100000 0.100000 0.292374 0.360164 0.850163 0.617415 0.100000 0.100000 0.803816 1.056526 0.380647 0.442109 0.100000 0.723512 0.100000 1.280179 0.100000 0.394387 0.478815 0.677090 1.377824 0.396735 0.369400 0.100000 0.100000 1.435979 0.100000 0.472569 0.100000 0.100000 0.100000 0.100000 0.899302 0.773265 0.262096 0.100000 0.264723 0.375932 0.100000 0.747832 0.357679 0.100000 0.755484 0.100000 0.100000 0.393444 1.052637 1.811168 0.866267 0.298168 0.100000 1.311939 0.842274 0.100000 0.377039 0.725214 0.412700 0.100000 0.469715 0.414437 0.989639 0.100000 0.848548 0.895664 0.100000 0.661669 0.100000 0.157107 0.100000 0.842023 0.522968 0.441870 
0.100000 0.410986 0.973974 0.219182 0.413970 0.100000 0.100000 0.459437 0.495704 0.290093 0.100000 0.100000 0.752390 0.301039 0.100000 0.100000 0.100000 0.150535 1.056850 0.682125 0.180560 0.445207 0.768578 0.466214 0.544638 0.234436 0.319719 0.390305 0.386523 0.555434 0.287110 0.444043 0.100000 0.308050 0.309482 0.100000 0.109339 0.560923 0.212217 0.100000 0.426588 0.350997 0.262126 0.459634 0.100000 0.633822 0.396044 0.100000 0.100000 0.117667 0.750731 0.186952 0.885721 0.163988 0.100000 0.685657 0.325275 0.314528 0.393491 0.331769 0.100000 0.100000 0.267073 0.518119 0.977977 0.723035 1.120502 0.973374 0.397780 0.666686 0.100000 0.787062 0.441961 0.307826 0.100000 0.100000 0.300314 0.334748 0.100000 0.417622 0.227116 0.100000 0.532328 1.096541 0.828592 0.805391 0.364929 0.447286 0.100000 0.220433 
0.250434 0.100000 1.190138 0.598407 0.949009 0.155292 0.100000 0.217911 0.693334 0.135991 0.100000 0.100000 0.471407 0.559739 0.288433 0.100000 0.113158 0.504203 0.480760 0.323164 0.401156 0.836880 1.046070 0.642152 0.168356 0.496006 0.299167 0.258056 0.115304 0.731103 0.177070 0.366325 0.357708 0.594473 0.118374 0.129172 0.603159 0.100000 0.197930 0.246473 0.423459 0.668244 0.811698 0.629008 0.134765 0.674258 0.138518 0.100000 0.995053 0.559952 0.615118 0.339049 0.643305 0.503029 0.100000 0.177948 0.428114 0.279017 0.575350 0.261160 0.565813 0.100000 0.100000 0.278825 0.100000 0.841340 0.638591 0.466081 1.267642 0.100000 0.100000 0.100000 0.301474 0.434655 0.247725 0.630724 0.157543 1.071541 0.324393 0.686267 0.333191 0.500497 0.100000 0.782695 0.526011 0.588237 0.282499 0.653394 0.676026 0.273174 
0.284238 0.100000 0.927153 0.100000 0.226311 0.100000 0.112122 0.100000 0.100000 0.401031 0.100000 0.100000 0.315354 0.889751 0.100000 0.540982 0.152139 0.340395 0.100000 0.632701 0.100000 0.456828 0.253231 0.100000 0.100000 0.332754 0.574093 0.282116 0.244945 0.197054 0.100000 0.199419 0.202745 0.355971 0.148608 0.100000 0.100000 0.641541 0.327368 0.476149 0.277375 0.514573 0.517139 0.392787 0.256158 0.100000 0.207532 0.100000 0.722214 0.344717 1.222818 0.406896 0.100000 0.100000 0.117526 0.100000 0.237999 0.998447 0.723400 0.372916 0.668431 0.216966 0.100000 0.100000 1.417254 0.618402 0.177064 0.758480 0.463081 0.424242 0.100000 0.471426 1.123082 0.676951 0.381539 0.100000 0.100000 0.674752 0.129369 0.100000 0.781546 0.677414 0.563050 0.534916 0.100000 0.268555 0.522876 0.100000 0.100000 0.355110 
0.668121 0.100000 1.403522 0.371024 0.507264 0.234691 0.972149 0.761429 1.566926 0.241256 0.100000 0.544457 0.550793 0.686318 0.100000 0.744471 0.509784 0.100000 0.100000 1.460291 0.409775 0.100000 0.438272 0.583687 0.183124 0.100000 0.109077 0.597350 0.100000 0.100000 0.100000 0.610724 0.100000 0.721950 0.693418 0.100000 0.333826 0.962240 0.791675 0.100000 0.100000 1.348313 0.616754 1.354558 0.468662 0.298087 0.100000 1.057861 0.660145 0.620387 1.719655 0.446096 0.599256 0.666952 0.100000 1.015207 0.525343 0.213994 0.733453 0.226998 1.157546 0.100000 0.274160 1.355074 1.003225 1.142019 0.952202 0.329505 0.560721 0.100000 0.408204 0.325307 1.183724 1.217969 1.035127 0.100000 1.765529 0.276543 0.100000 0.124698 0.622415 0.393474 0.236337 1.347488 1.425144 0.185590 0.684878 0.100000 0.262387 0.950839 
0.619402 0.116573 1.030786 0.428747 0.743317 0.100000 0.100000 0.178957 1.073217 0.381797 0.100000 0.389380 0.958832 0.100000 0.277275 0.100000 0.278262 0.164315 0.100000 0.287437 0.228793 0.427512 0.670648 0.711686 0.100000 0.100000 0.236888 0.191699 0.996201 0.601828 0.100000 0.246972 0.111361 1.146893 0.100000 0.422708 0.100000 0.451450 0.196266 0.100000 0.100000 0.504569 0.484720 0.429182 0.583208 0.144088 0.532859 0.100000 0.378465 1.027130 0.683590 0.100000 0.111545 0.478661 0.100000 0.842771 0.511185 0.467581 0.978663 0.100000 0.624332 0.100000 0.100000 0.155719 0.269987 0.210410 0.701074 0.519563 0.170866 0.100000 0.100000 0.349245 0.100000 0.430013 1.068618 0.569025 0.579126 0.898005 0.253475 0.466103 0.713792 0.414908 0.100000 0.558547 0.100000 1.073841 0.566018 0.100000 0.100000 0.866473 
0.100000 0.215416 0.566732 0.100000 0.468143 0.220076 0.100000 0.100000 0.731053 0.456083 0.498342 0.600521 0.100000 0.100000 0.318386 0.365076 0.100000 1.309875 0.410694 0.441806 0.412327 0.181028 1.061184 0.565421 0.100000 0.100000 0.100000 0.432197 0.100000 0.189448 0.652165 0.412023 0.100000 0.266958 0.100000 0.350353 0.235267 0.100000 0.767868 0.100000 0.100000 0.348910 0.246153 0.672026 0.302390 0.100000 0.201568 0.100000 0.286988 0.100000 0.585750 0.100000 0.990365 0.100000 0.412607 0.330840 0.290269 0.745526 1.200199 0.641651 0.438209 0.100000 0.320913 0.121892 0.911915 0.404221 0.547776 0.173021 0.341449 0.569745 0.100000 0.153967 0.100000 0.100000 0.767982 0.116378 0.122125 0.769688 0.462145 0.105156 0.299294 0.100000 0.100000 0.894778 0.100000 0.346819 0.403975 0.554418 0.100000 0.245390 
0.100000 0.100000 0.591833 0.276277 0.545058 0.448227 0.115509 0.547423 0.185142 0.100000 0.100000 0.100000 0.538988 0.671832 0.556849 0.665296 0.712500 0.314976 0.205311 0.527814 0.316877 0.256610 0.500550 0.741641 0.100000 0.272470 0.280649 0.100000 0.498560 0.292803 0.261079 0.255119 0.482622 0.557017 0.100000 0.100000 0.476080 0.377712 0.738620 0.100000 0.106157 0.695101 0.339302 0.345717 0.563664 0.529206 0.100000 0.215663 0.689643 0.100000 0.759897 0.399929 0.185206 0.100000 0.100000 0.689216 0.672042 0.624073 0.755003 0.232757 0.100000 0.100000 0.100000 0.100000 0.761467 0.623461 0.818478 0.334476 0.668354 0.363526 0.100000 0.705579 0.140579 0.108828 0.687328 0.329813 0.141645 0.264257 0.266562 0.530610 0.133099 0.100000 0.128455 0.755128 0.100000 0.347200 0.751833 0.490665 0.100000 0.345946 
0.758410 0.659460 0.795892 0.100000 0.720571 0.463324 0.537892 0.228269 0.332438 0.100000 0.694797 0.100000 0.620955 0.787821 0.100000 0.100000 0.774197 0.890922 0.247781 0.254856 0.500730 0.385847 0.807771 0.100000 1.047075 0.100000 0.100000 0.100000 0.969565 0.615640 0.852860 0.392646 0.395076 0.290262 0.100000 0.100000 0.502012 0.143224 0.338625 0.265104 0.922309 0.393366 0.678352 0.190777 0.100000 0.100000 0.266526 0.100000 0.790729 0.521676 0.917552 0.736704 0.716334 0.100000 0.689830 0.368329 0.100000 0.839391 0.949070 0.100000 0.100000 0.100000 0.100000 0.100000 0.363966 1.567512 0.488836 0.100000 1.447180 0.582998 1.005772 0.158884 1.093626 0.352550 0.100000 0.681197 0.226374 1.362047 0.378348 1.367345 0.420273 1.254344 0.100000 0.432402 0.100000 0.280414 0.188433 0.760770 0.697115 0.438475 
