70 Number of operations
28 Number of workers
Standard production times
0.419635 0.448558 0.358858 0.583225 0.349700 0.362023 0.135234 0.517063 0.776114 0.362995 0.372226 0.623744 0.320435 0.376289 0.211903 0.426372 0.431439 0.631654 0.381665 0.385693 0.100000 0.255969 0.303092 0.352788 0.413905 0.125058 0.401723 0.218181 0.437947 0.572677 0.300492 0.537324 0.642759 0.207008 0.501294 0.321380 0.353239 0.586543 0.217131 0.252840 0.299722 0.447407 0.100000 0.520173 0.814508 0.485973 0.746449 0.763306 0.431333 0.562208 0.346351 0.304733 0.494470 0.227142 0.354510 0.248507 0.216884 0.550051 0.569827 0.518856 0.270483 0.191280 0.304588 0.348710 0.650193 0.517237 0.512890 0.482639 0.126291 0.135919 
Production times: workers row and ops columns
0.100000 0.278712 0.451834 0.488909 0.622000 0.732443 0.632106 0.100000 0.374611 0.602024 0.100000 0.984049 0.427283 0.916486 0.633455 0.100000 0.100000 0.293487 0.465792 0.383411 0.127943 0.436246 0.132627 1.021576 0.297823 0.303186 0.278545 0.372521 0.728619 0.303174 1.808639 1.400950 0.218232 0.355603 1.006441 0.100000 0.100000 0.406543 0.156128 0.100000 0.100000 0.726782 0.100000 0.628043 0.288106 0.100000 1.017757 0.640838 0.229946 0.575368 0.250683 0.884561 0.405356 0.205787 1.206260 0.162418 0.100000 0.835585 1.169249 0.100000 1.401342 0.500187 0.100000 0.100000 0.891358 0.620982 0.590711 0.416863 0.706912 0.100000 
0.881861 0.973511 1.495745 0.944004 0.554474 1.105802 0.100000 0.100000 0.465993 0.100000 0.750046 0.509174 0.664213 0.231282 0.100000 0.561569 0.100000 1.634589 0.676886 0.419746 0.401775 0.951454 0.615367 0.588444 0.937102 0.100000 1.025845 0.100000 0.232037 0.224025 0.100000 1.450115 0.904243 0.140515 0.100000 0.547589 0.100000 0.887258 0.100000 0.433393 1.410896 0.713761 0.100000 1.002249 0.391668 0.813294 1.748525 0.370073 0.457585 0.621995 1.132194 0.100000 0.754454 0.100000 0.100000 0.100000 0.983386 0.100000 1.482449 0.878317 0.416445 0.100000 0.286812 0.378301 0.332502 0.100000 0.164117 1.044498 0.100000 0.659341 
0.562674 0.620765 0.391444 0.492923 0.109052 0.478576 0.963108 0.623070 1.470276 0.621502 0.606450 0.716560 1.345512 0.795029 0.697256 0.192385 0.170087 1.150598 0.399068 0.532390 0.494712 0.829852 0.459560 0.455151 0.615229 0.261041 0.728251 0.100000 0.268122 0.392338 0.258917 0.189003 0.765757 0.774792 0.180697 0.854768 0.541120 0.678829 0.522205 0.478828 0.598057 0.987581 0.174966 0.587971 0.960887 0.559890 0.709394 0.279128 0.558754 0.810266 0.660164 0.527597 0.782011 0.699404 0.479938 0.103491 0.531348 0.528491 0.828637 0.770437 0.100000 0.538219 0.512264 0.100000 0.466718 0.665510 0.340402 0.655235 0.340527 0.252743 
0.435862 1.350494 0.390845 0.790559 0.683907 0.100000 0.100000 0.625856 1.040994 0.576100 0.226703 0.723188 0.549351 1.177939 0.100000 0.661147 0.468945 0.569880 0.403602 0.515430 0.113516 0.299199 0.216586 0.100000 1.386901 0.309641 0.824765 0.154792 0.992695 0.753488 0.847681 0.794014 0.700401 0.205759 0.485963 0.100000 0.415941 0.713406 0.133343 0.828450 0.372275 0.712586 0.100000 0.626608 0.974984 0.731830 0.627864 0.518626 0.100000 0.635761 0.389739 0.100000 0.514611 0.193348 0.729836 0.747383 0.671501 0.344634 0.689234 0.599724 0.813685 0.164144 0.397555 0.254697 0.705439 0.260639 0.289402 0.947870 0.208110 0.109345 
0.863046 0.574505 0.494436 0.785697 0.348813 0.315337 0.225328 1.061894 0.100000 0.803430 0.298881 0.100000 0.100000 0.115510 0.100000 0.528242 0.814567 0.567804 1.542630 0.156569 0.452767 0.112397 0.174629 0.414601 0.338898 0.198090 0.100000 0.724770 1.011777 0.100000 0.292644 0.599418 0.474074 0.674982 0.100000 0.350247 0.758107 0.710507 1.313243 0.831323 0.100000 0.682458 0.308005 0.780870 1.148143 1.495565 0.100000 1.137984 0.656124 0.911862 2.160119 0.725555 0.483013 0.749943 0.230758 0.472825 0.898786 0.286001 0.438569 0.829356 0.958543 0.100000 0.215602 0.100000 0.411162 0.533674 0.652262 1.015703 0.752686 0.420117 
0.678993 0.810899 0.645661 0.968917 0.100000 0.100000 0.100000 0.485158 0.777240 0.432850 0.100000 0.375652 0.223381 0.100000 0.582645 0.108825 0.100000 0.655857 0.407136 0.657197 0.100000 0.592338 0.345986 0.100000 0.100000 0.687386 0.100000 0.100000 0.100000 0.265618 0.340027 0.383672 0.647329 0.100000 0.455439 0.513916 0.217902 0.779125 0.100000 0.100000 0.126202 0.416241 0.398566 0.322140 0.842015 0.302425 0.784789 0.411530 0.722445 0.729884 0.100000 0.159119 0.439937 0.100000 0.100000 0.601967 0.359584 0.273701 0.709450 0.239660 0.401500 0.100000 0.748162 0.100000 0.100000 0.100000 0.805244 0.414636 0.100000 0.246926 
1.166865 0.307155 0.130448 0.900422 0.155277 0.297527 0.100000 0.100000 0.429616 0.233419 0.100000 0.482015 0.194752 0.584478 0.182755 0.590723 0.100000 0.100000 0.100000 0.330563 0.100000 0.164094 0.100000 0.401873 0.352248 0.545001 0.264838 0.550302 0.377287 0.899657 0.420813 0.745562 0.124177 0.100000 0.530858 0.224975 0.511404 1.029728 0.100000 0.100000 0.495189 0.103776 0.100000 0.837236 0.619471 0.220887 0.713260 0.953466 0.566922 0.100000 0.665904 0.100000 0.100000 0.690522 0.183418 0.243051 0.100000 0.170769 0.304261 0.815367 0.340757 0.100000 0.100000 0.181357 0.574000 0.568183 0.469916 0.501738 0.132191 0.100000 
0.417069 0.140582 0.700911 0.657531 0.249446 0.299134 0.100000 0.609624 0.746406 0.342193 0.495734 0.467413 0.406041 0.397514 0.152239 0.545110 0.281096 0.671177 0.938085 0.390204 0.129119 0.647802 0.100000 0.584193 0.952148 0.100000 0.749472 0.100000 0.706989 1.030657 0.529041 0.237570 0.827180 0.100000 0.554511 0.799965 0.713677 0.537158 0.368478 0.468929 0.921037 0.280707 0.100000 0.257847 1.111004 0.870063 1.363088 0.800121 0.594721 1.076295 0.404320 0.235612 0.785473 0.173453 0.467820 0.546271 0.368565 0.388019 1.048299 0.869238 0.214545 0.463606 0.432974 0.425518 0.688819 0.839425 0.530902 0.456984 0.963113 0.561640 
0.446072 0.790429 0.599931 0.261620 0.437789 0.707282 0.100000 0.279225 1.431489 0.442020 0.149357 0.739479 0.655109 0.510119 0.383486 0.310919 0.248698 1.161051 0.835387 0.728328 0.100000 0.408787 0.500923 0.191563 0.388534 0.313238 0.504363 0.641071 0.995326 0.640576 0.389862 1.041986 0.797185 0.198049 0.806168 0.980392 0.149348 0.430870 0.414976 0.753252 0.100000 0.412036 0.231425 0.248763 1.243064 0.568682 1.189263 1.009401 0.116749 0.798531 0.510529 0.884662 1.170831 0.434640 0.226892 0.438790 0.223376 0.618304 0.669878 0.869967 0.100000 0.738810 0.479950 0.373926 0.856565 0.675271 0.974170 0.839183 0.320379 0.100000 
0.419853 0.715655 0.925107 0.100000 0.100000 0.654522 0.100000 0.132416 0.496832 0.290044 0.755684 0.257798 0.692986 0.100000 0.242851 0.345567 0.143136 0.477782 0.100000 0.448699 0.100000 0.740059 0.501840 0.100000 0.119735 0.216758 1.182629 0.100000 0.100000 0.112958 0.100000 0.531884 0.470229 0.323948 0.634890 0.445011 0.336955 0.281367 0.100000 0.416434 0.312325 0.524539 0.428646 0.318432 0.516058 0.184580 0.778820 0.522165 0.118923 0.850760 0.123718 0.100000 0.572040 0.100000 0.332693 0.312347 0.100000 0.333552 0.100000 0.100000 0.507052 0.704633 0.100000 0.164378 1.004491 0.652094 0.741225 0.625090 0.129325 0.166077 
0.586684 0.100000 0.100000 0.545172 0.860642 0.100000 0.449218 0.787995 0.642426 0.344270 0.100000 0.100000 0.100000 0.100000 0.817851 0.672123 0.163101 1.328363 0.171726 0.530090 0.100000 0.312195 0.100000 0.100000 0.943514 0.100000 0.580523 0.100000 0.473073 0.603984 1.106506 1.119209 0.428326 0.100000 0.332218 0.100000 0.750988 0.116582 0.638160 0.100000 0.527615 0.247970 0.100000 0.801329 0.100000 0.932549 0.594983 1.023060 0.328303 0.406852 0.100000 1.160799 0.529549 0.100000 0.257081 0.611511 0.536571 1.040993 0.291854 1.250453 0.160719 0.100000 0.100000 0.645109 0.100000 0.415941 0.185445 0.473074 0.191204 0.100000 
0.397294 0.527484 0.100000 1.165110 0.232274 0.783020 0.312842 0.776405 0.813332 1.141280 0.645624 0.655518 0.193339 0.100000 0.100000 0.658004 0.360946 0.685021 0.100000 0.272095 0.100000 0.382948 0.402139 0.497275 0.837685 0.100000 0.615185 0.570071 0.497915 0.497434 1.108004 0.702687 1.013682 0.501110 0.422551 0.920281 0.405874 0.688135 0.100000 0.217570 0.356345 0.493190 0.169663 0.252485 0.835965 0.737057 0.720752 0.360617 0.429728 0.747861 0.296342 0.415880 1.153873 0.750605 0.355915 0.368655 0.100000 0.663000 0.446822 0.904835 0.823543 0.424127 0.887679 0.888917 0.639799 0.260974 0.250149 1.482019 0.100000 0.100000 
0.476483 0.378214 0.100000 0.105927 1.157407 0.711276 0.100000 0.100000 0.668950 0.256057 0.891186 0.739023 0.769521 0.100000 0.176453 0.777922 0.833800 0.909868 1.192697 0.882725 1.274487 0.298114 0.100000 0.100000 0.393937 0.862529 1.479034 0.100000 0.448932 1.388915 0.100000 0.100000 0.100000 0.100000 0.660674 0.814631 0.701573 1.190261 0.650839 0.100000 0.449043 0.256347 0.235405 0.687464 0.391109 0.210315 0.385625 0.422614 0.100000 0.993175 0.100000 0.784639 0.100000 1.162710 0.100000 1.151005 0.534258 1.265270 0.665550 0.556841 0.265607 0.639185 0.202284 0.100000 1.110911 0.473570 1.287947 1.361454 0.680504 0.100000 
0.278069 0.100000 0.716979 0.272363 0.393415 0.472875 0.100000 0.423563 0.683279 0.100000 0.123178 1.060392 0.114988 0.119234 0.179961 0.100000 0.241092 0.916473 0.517331 0.265696 0.215319 0.186346 0.100000 0.175281 0.262080 0.100000 0.694236 0.548131 0.134694 0.638961 0.100000 0.853948 1.344011 0.448117 0.370388 0.192853 0.100000 1.333899 0.100000 0.100000 0.100000 0.243330 0.100000 1.040011 0.100000 0.221068 1.182628 0.100000 0.100000 0.604547 0.177742 0.100000 1.070769 0.518906 0.100000 1.206197 0.100000 0.852399 0.605572 0.100000 0.723958 0.818265 0.100000 0.100000 1.183782 0.100000 1.269404 0.450614 0.151688 0.100000 
0.139428 0.798755 0.440809 0.508713 0.100000 0.428480 0.335088 0.821849 1.294456 0.314615 0.847336 1.031369 0.736721 0.237527 0.100000 0.987826 0.641413 0.922955 0.727730 0.673269 0.695982 0.386971 0.153897 0.954936 0.569063 0.100000 0.913764 0.185315 0.695220 0.427294 0.369872 0.346586 0.682612 0.354187 1.049730 0.308982 0.804298 1.174222 0.435204 0.660334 0.287140 1.394472 0.543474 0.622921 0.576891 0.756855 0.802409 1.292669 1.144637 0.160884 0.971539 0.260064 0.455682 0.808952 1.110092 0.584601 0.768467 0.100000 0.233883 1.195626 0.257878 0.663835 0.782991 1.027032 0.999495 0.665852 0.504156 0.161985 0.100000 0.585198 
0.601256 0.465326 0.713142 0.968328 0.100000 1.201233 0.573898 0.100000 0.580735 0.100000 0.382310 1.497298 0.862678 0.100000 0.107659 0.484550 0.703140 0.636514 0.842322 0.100000 0.420592 0.752203 0.829558 0.100000 0.434431 0.100000 0.100000 0.100000 0.561824 1.589492 0.606010 0.831138 0.835603 0.387582 0.461270 0.755133 1.148794 1.126888 0.266703 0.100000 0.185668 0.587377 0.100000 0.977181 0.294850 0.100000 1.001996 0.100000 0.852511 0.100000 0.633895 0.733130 0.339222 0.734543 0.563259 0.100000 0.124809 0.146559 0.569631 0.410321 1.054255 0.180512 0.162382 0.239836 0.157732 0.279714 0.881270 0.355239 0.100000 0.325795 
0.467183 0.575458 0.150316 1.122016 0.133679 0.459087 0.374886 0.374859 1.268979 0.100000 0.100000 0.402277 0.560427 0.120924 0.100000 0.428134 0.100000 0.567442 0.733098 0.436053 0.160365 0.100000 0.100000 0.157266 0.682460 0.244961 0.496950 0.426808 0.100000 0.137481 0.556769 0.430469 0.767583 0.114687 0.784038 0.409805 0.100000 0.847711 0.100000 0.100000 0.591533 0.615407 0.100000 0.745665 0.554647 0.384819 0.547669 0.297826 0.100000 0.167250 0.100000 0.140830 0.449654 0.100000 0.100000 0.147680 0.448233 0.338739 0.335570 0.294320 0.130877 0.100000 0.100000 0.100000 0.266494 0.882045 0.623472 0.703333 0.100000 0.100000 
0.168011 0.174002 0.343335 0.457412 0.100000 0.124050 0.100000 0.612069 0.522123 0.505144 0.100000 0.644573 0.100000 0.499493 0.100000 0.769244 0.100000 0.663204 0.677373 0.383561 0.134145 0.304865 0.116181 0.420820 0.618672 0.100000 0.666689 0.100000 0.757668 0.100000 0.100000 0.459040 0.666843 0.100000 0.509149 0.148512 0.262866 0.342470 0.100000 0.162179 0.100000 0.552144 0.100000 0.560297 1.063647 0.348674 0.912461 0.895279 0.100000 0.310822 0.100000 0.100000 0.100000 0.134905 0.425482 0.178379 0.100000 0.878683 0.405817 0.100000 0.359801 0.100000 0.176468 0.100000 0.233752 0.440039 0.353509 0.326584 0.100000 0.100000 
0.555100 0.323765 0.955650 0.977130 0.429537 0.100000 0.100000 1.427192 1.037319 0.294478 0.109273 0.394415 0.100000 0.406748 0.946874 0.100000 1.009621 0.225971 0.100000 0.731308 0.159117 0.100000 1.391315 0.289498 1.274877 0.884888 0.854952 0.609788 1.215448 0.241803 0.353285 1.307816 0.283099 0.455922 1.340423 0.128761 0.829602 0.960811 0.100000 0.377858 0.100000 0.100000 0.433352 1.059475 0.844698 0.252364 0.884145 0.385026 0.311666 0.531414 0.100000 0.790431 0.842651 0.100000 1.038550 0.375214 0.695562 1.085782 0.160389 0.213175 0.321861 0.733309 0.268359 1.135220 0.500845 1.147571 0.719870 0.576127 0.623597 0.100000 
0.100000 0.963811 0.906959 0.795425 0.333676 0.227938 0.100000 0.370455 0.757379 0.599185 0.904853 1.068364 0.100000 0.100000 0.437454 0.822401 0.132994 0.382262 0.200978 0.460515 0.218731 0.207784 0.387279 0.100000 0.100000 0.113899 0.833044 0.100000 0.793081 0.483819 0.100000 0.319464 0.592295 0.754697 0.478124 0.471365 0.453687 0.112275 0.357716 0.100000 0.401170 0.100000 0.100000 0.440113 0.517980 0.555771 0.760590 0.291609 0.490947 0.244467 0.366256 0.100000 0.100000 0.100000 0.358946 0.109005 0.210033 0.507132 0.536098 0.612241 0.713557 0.100000 0.100000 0.100000 0.818040 0.431626 0.511991 1.379034 0.100000 0.100000 
0.309006 0.526566 0.100000 0.928850 1.016197 0.340901 0.317108 0.100000 0.798263 0.366004 0.441397 0.553973 0.854713 0.654070 0.100000 0.100000 0.719425 0.916885 0.390152 0.100000 0.100000 0.406468 0.294142 0.616167 0.592860 0.100000 0.156813 0.100000 1.044517 0.495002 0.709816 0.366853 0.678920 0.425412 0.473840 0.376055 0.100000 0.615750 0.105907 0.194601 0.152823 0.625008 0.155104 1.227494 0.781121 1.019924 1.236441 1.114404 0.528949 0.933333 0.555223 0.479822 0.210407 0.175651 0.100000 0.553193 0.397747 0.104583 0.766460 0.523968 0.581190 0.100000 0.100000 0.512783 0.953845 0.516451 0.738062 0.656428 0.334706 0.167137 
0.100000 0.326104 0.283192 0.100000 0.354033 0.377875 0.100000 0.664284 0.880380 0.152850 0.100000 1.200327 0.604543 0.100000 0.985418 0.100000 0.100000 0.448912 0.411947 0.613506 0.100000 0.100000 0.100000 0.330406 0.100000 0.100000 0.873503 0.100000 0.506459 0.274922 0.100000 0.100000 0.745497 0.420755 0.100000 0.284453 0.822359 0.760223 1.290763 0.100000 0.420835 0.233687 0.116322 0.281867 1.965525 0.773859 0.787244 1.406713 0.589104 0.349666 0.100000 0.100000 0.100000 1.116717 0.261938 0.100000 0.328319 0.545030 0.100000 0.237232 0.195060 1.012263 0.851072 0.100000 1.331832 0.412915 0.100000 0.529636 0.100000 0.334003 
1.471430 0.240443 0.457754 0.715459 0.731213 0.263389 0.100000 0.461514 1.531342 0.562569 0.808734 0.337373 0.100000 0.100000 0.100000 0.198405 0.477049 0.349975 0.100000 0.788133 0.305209 0.100000 0.100000 0.966857 0.601511 0.100000 0.539646 0.615375 0.413653 0.484413 0.100000 0.100000 0.100000 0.100000 0.499336 0.193409 0.156429 0.216212 0.101634 0.100000 0.551946 0.100000 0.502490 0.521718 1.121676 0.602437 0.333412 0.638312 0.100000 1.507136 0.890211 0.126669 0.280032 0.663487 0.305227 0.944453 0.640519 0.882967 0.629347 0.100000 0.515514 0.100000 0.376505 0.100000 0.561325 0.364600 0.187951 0.541023 0.407221 0.824559 
0.321185 0.708890 0.100000 0.322662 0.100000 0.446044 0.982917 0.212568 1.269942 0.347624 0.100000 1.337233 0.100000 0.100000 0.100000 0.339963 1.167257 0.667755 0.100000 0.313839 0.100000 0.518912 0.154028 0.540204 1.608016 0.100000 0.100000 0.100000 0.858998 0.120888 0.493700 0.895524 0.212984 0.100000 0.397981 1.007225 0.869715 0.910526 0.100000 0.100000 0.462683 0.615899 0.267980 0.327290 0.535018 1.015347 0.685156 1.094274 0.358348 0.907432 0.100000 0.503575 0.595419 0.653212 0.100000 0.100000 0.100000 0.465557 0.100000 0.542240 0.100000 0.100000 0.405985 0.100000 0.827113 0.701698 1.717735 0.100000 0.100000 0.100000 
0.252859 0.728128 0.774694 0.844771 0.709062 0.100000 0.467727 0.329087 1.077696 0.384974 0.590085 0.604122 0.654205 0.514742 0.669720 0.631765 0.768186 0.100000 0.319926 0.100000 0.532108 0.100000 0.368133 0.378993 0.586121 0.286322 0.558270 0.700153 0.266870 0.100000 0.100000 1.563974 0.456560 0.988082 1.681741 1.343415 1.172533 1.020274 0.242072 0.157027 0.100000 0.284020 0.591377 0.905486 1.640528 0.518389 1.060220 1.157871 1.146112 0.100000 0.856694 0.615326 0.100000 0.305137 0.697251 0.331381 0.100000 0.258361 1.133173 0.100000 0.186080 0.517555 0.161574 0.516261 0.777852 0.943035 0.784115 1.222152 0.100000 0.333189 
0.668757 0.100000 0.271774 0.422406 0.716030 0.654093 0.100000 0.611324 1.257083 0.804849 0.332175 0.100000 0.156323 0.100000 0.100000 0.361271 0.139380 0.388852 0.175544 0.100000 0.572928 0.121082 0.100000 0.100000 0.651616 0.208943 0.717399 0.223029 0.637102 0.918182 0.413322 0.279847 0.427501 0.100000 0.332135 0.665507 0.578329 0.968575 0.100000 0.100000 0.100000 0.421438 0.144268 0.463091 0.852727 0.521398 0.394502 0.300277 0.329058 0.900129 0.272486 0.521954 0.236060 0.100000 0.226258 0.440141 0.100000 0.307885 0.329587 0.966819 0.100000 0.100000 0.124407 0.637391 0.429397 0.206223 0.602664 0.235177 0.128851 0.100000 
0.276899 0.816241 0.501923 0.871856 0.292656 0.398551 0.100000 0.657459 0.952021 0.465955 0.432193 1.101247 0.426944 1.060963 0.100000 0.335286 0.487219 0.828590 1.060880 0.337670 0.434023 0.100000 0.188534 0.100000 0.330923 0.100000 0.841806 0.100000 0.568858 0.389750 0.588175 0.134314 1.404457 0.589180 0.103905 0.909447 0.386162 0.691486 1.119007 0.793183 0.681377 0.675392 0.100000 0.581734 0.948955 0.813456 0.604370 0.376115 0.614840 1.099562 0.764842 0.511627 0.471259 0.383967 0.200794 0.382663 0.270700 0.526273 0.644046 0.518580 0.100000 0.354947 0.374555 0.508043 0.993126 0.345378 0.890619 0.761253 0.246070 0.582654 
0.100000 0.324707 0.311895 0.275949 0.100000 0.289984 0.100000 0.110514 0.862824 0.100000 0.100000 0.100000 0.100000 0.100000 0.717985 0.456574 0.298209 0.100000 0.496307 0.100000 0.100000 0.272564 0.436629 0.484445 0.340826 0.100000 0.876584 0.336469 0.376319 0.408799 0.100000 0.842710 0.650660 0.224926 0.100000 0.100000 0.437403 0.379917 0.567830 0.100000 0.806074 0.934158 0.100000 0.230645 0.358430 0.559966 0.637892 0.389045 0.100000 0.375107 0.100000 0.100000 0.644956 0.100000 0.224242 0.467332 0.100000 0.563611 0.752100 0.277727 0.100000 0.100000 0.940209 0.238064 0.743374 0.464198 0.100000 0.100000 0.100000 0.327450 
