88 Number of operations
23 Number of workers
Standard production times
0.436826 0.198809 0.331604 0.391055 0.455688 0.283821 0.369697 0.170513 0.277800 0.162097 0.574453 0.396892 0.633336 0.100000 0.551241 0.100000 0.330241 0.100000 0.539262 0.512992 0.495972 0.340811 0.315938 0.228077 0.318417 0.649516 0.100000 0.100000 0.538062 0.585624 0.717307 0.480261 0.146062 0.493841 0.660772 0.646257 0.445896 0.454722 0.266643 0.360484 0.497204 0.572092 0.100000 0.238532 0.100000 0.618461 0.282133 0.597837 0.392383 0.644536 0.657231 0.431644 0.169275 0.413947 0.588501 0.278597 0.308175 0.396599 0.569202 0.402256 0.238324 0.288863 0.302463 0.464080 0.450278 0.274325 0.171269 0.118233 0.100000 0.577667 0.456585 0.653838 0.442652 0.454075 0.641237 0.267259 0.435319 0.449011 0.525447 0.328855 0.654341 0.435189 0.258507 0.273181 0.373264 0.127782 0.139955 0.402008 
Production times: workers row and ops columns
0.740547 0.100000 0.341542 1.138500 0.817974 0.100000 0.445775 0.439859 0.747841 0.306792 0.515278 0.277734 0.926855 0.293918 0.496247 0.143279 0.305382 0.417397 0.432274 0.758917 0.851428 0.586686 0.165666 0.731575 0.214953 0.877446 0.100000 0.100000 0.705787 0.771735 0.794075 0.663082 0.100000 0.372602 0.710345 1.319040 0.790341 0.398724 0.534257 0.316975 0.460026 0.929877 0.100000 0.100000 0.100000 0.744985 0.420535 1.070322 0.277575 0.963976 0.885021 0.486940 0.520029 0.661583 0.429808 0.700102 0.100000 0.514484 0.669936 0.629647 0.120694 0.378380 0.360277 0.863207 0.311503 0.396148 0.192897 0.100000 1.002834 0.656301 0.110588 1.176427 0.221477 0.665336 1.000086 0.172730 0.406052 0.386930 0.586639 0.100000 0.383650 0.492953 0.670193 0.562705 0.992089 0.435998 0.100000 0.465155 
0.100000 0.100000 0.100000 0.372233 0.550037 0.100000 0.100000 0.100000 0.139471 0.136547 0.608187 0.100000 1.129883 0.358517 0.422670 0.100000 0.133766 0.100000 0.433674 0.558051 0.626662 0.650684 0.560118 0.100000 0.334892 0.433378 0.100000 0.573248 0.300109 1.082846 0.512597 0.456109 0.372885 0.401018 0.678709 0.473841 0.203239 0.304988 0.100000 0.749899 0.346895 0.988892 0.100000 0.144058 0.168585 0.430315 0.510529 0.689745 0.210003 0.675039 1.400795 0.407243 0.159126 0.181950 0.528550 0.100000 0.148688 1.033875 0.789367 0.494682 0.469500 0.753389 0.380540 0.985344 0.671217 0.224281 0.587112 0.100000 0.100000 0.557403 0.100000 0.507021 0.151015 0.157751 1.354815 0.355501 0.319135 0.743561 0.354246 0.494457 0.659586 0.823161 0.100000 0.402898 0.309939 0.100000 0.359581 0.100000 
1.022597 0.452737 0.640249 0.515192 0.827047 0.100000 0.492115 0.100000 0.462598 0.247949 0.859426 0.245602 1.285082 0.894758 0.588756 0.195508 0.516508 0.579226 1.208333 0.251251 0.411440 0.122164 0.100000 0.100000 0.527258 0.401805 0.650979 0.472496 0.329150 0.376562 0.633592 1.000251 0.100000 0.145776 0.745945 0.858274 0.348719 1.040551 0.438780 0.596395 0.340544 0.660173 0.153044 0.100000 0.286297 0.180019 0.373497 0.255654 1.098278 0.842415 1.015639 0.807346 0.100000 0.100000 0.589627 0.647742 0.435486 0.732229 0.950192 0.100000 0.424629 0.978805 0.231304 0.100000 0.480706 0.234924 0.396783 0.100000 0.227215 0.100000 0.812774 1.229898 0.932016 0.100000 0.836995 0.100000 0.620275 0.529703 0.326709 0.531993 0.795745 0.817039 0.396700 0.443690 0.100000 0.100000 0.100000 0.591062 
0.334936 0.549076 0.100000 0.219166 0.432212 0.114372 0.418371 0.100000 0.603903 0.100000 0.809237 0.287801 0.980793 0.100000 0.606280 0.100000 0.299661 0.357842 0.100000 0.100000 0.100000 0.317127 0.100000 0.157055 0.100000 0.206399 0.100000 0.114179 0.250138 0.338011 0.604754 0.298441 0.100000 0.264811 0.586261 0.875591 0.959796 0.554818 0.190371 0.100000 0.423920 0.705761 0.379393 0.100000 0.100000 0.763142 0.740377 0.574514 0.129932 0.337657 0.449999 0.136068 0.317236 0.634739 0.705958 0.536253 0.100000 0.410700 0.353803 0.315354 0.505820 0.179942 0.100000 0.288235 0.136423 0.100000 0.100000 0.306420 0.504273 0.330965 0.657346 0.907305 0.100000 0.342267 0.527899 0.218975 0.100000 0.244268 0.742793 0.607516 1.103749 0.233936 0.719360 0.372953 0.100000 0.256265 0.100000 0.457731 
0.385564 0.802928 0.459884 0.249803 0.938171 0.411932 0.163219 0.809150 0.100000 0.100000 0.304666 0.100000 0.356733 1.030439 0.100000 0.104209 0.100000 0.100000 1.298608 0.961170 0.190847 0.343921 0.100000 0.100000 0.100000 0.200946 0.262975 0.398397 0.782184 0.500906 0.100000 0.446706 0.100000 0.934492 0.938993 1.019703 0.271712 0.100000 0.745591 0.973645 0.100000 0.641050 0.696626 0.100000 0.983841 0.443945 0.100000 1.283666 0.539649 0.317967 1.097125 0.100000 1.076929 0.100000 0.731493 0.100000 0.526291 0.840562 0.157259 0.795438 0.100000 0.100000 0.190441 0.100000 0.100000 0.748892 0.100000 0.688999 0.315878 0.100000 0.100000 0.310218 0.574716 0.458482 0.226189 0.773665 0.100000 0.100000 0.589094 1.425737 0.861308 0.100000 0.554836 0.614880 0.842192 0.100000 0.100000 0.461117 
0.661408 0.778280 1.058499 0.271134 0.398797 0.364749 0.394765 0.416250 0.523521 0.339466 1.077674 0.449338 0.418094 0.100000 0.342799 0.100000 0.100000 0.398956 0.694843 0.486155 0.329006 0.100000 0.140022 0.882450 0.100000 0.792059 0.423091 0.240840 0.543021 0.916047 0.486309 0.746925 0.675271 0.281429 0.514822 0.787039 0.842768 0.956466 0.570831 0.259633 0.262880 0.744985 0.319477 0.100000 0.217937 0.818132 0.695652 0.400668 0.659472 0.393754 0.629255 0.508161 0.724651 1.508238 0.764564 0.527185 0.710438 0.100000 0.898901 0.129734 0.827058 0.821910 0.552925 0.322071 1.050685 0.452231 0.304342 0.392096 0.100000 0.806217 0.855418 0.855539 0.586230 0.267978 0.934303 0.427400 0.538038 0.380050 0.882298 0.803010 0.870785 0.804213 0.756314 0.849630 0.540959 0.163784 0.115471 0.506132 
0.712809 0.667900 0.118233 0.465984 0.100000 0.915803 0.173967 0.349474 0.100000 0.100000 0.231455 1.249375 0.813018 0.100000 0.100000 0.100000 0.614594 0.932963 0.100000 0.100000 0.408078 0.100000 0.100000 0.237732 0.693938 0.100000 0.205480 0.582336 1.028226 0.375689 1.869682 0.757818 0.100000 0.985991 0.100000 1.093891 0.100000 0.849993 0.100000 0.926628 0.867543 0.795696 0.129316 0.782040 0.100000 0.834738 0.488849 0.878912 0.805497 2.495766 0.715623 0.833894 0.245460 1.200281 0.100000 1.127571 0.100000 0.100000 0.100000 0.314996 0.335447 0.265917 0.710872 0.446492 0.418679 0.100000 0.414941 0.623354 0.100000 0.100000 0.100000 1.490619 0.139549 0.121783 0.231511 0.607701 0.141397 0.100000 0.100000 0.274956 1.154815 0.361222 0.699617 0.360895 0.447182 0.217268 0.157176 0.915111 
0.680752 0.100000 0.395914 0.353073 0.698154 0.373980 0.576986 0.100000 0.467596 0.818903 0.100000 1.197358 0.781873 0.100000 0.100000 0.643799 0.100000 0.100000 0.812214 0.100000 0.100000 0.100000 0.260258 0.522345 0.519920 0.853217 0.100000 0.170235 0.193042 1.584462 0.814671 0.100000 0.100000 1.294493 0.100000 0.427409 0.647709 0.100000 0.799946 1.200026 0.100000 1.136739 0.100000 0.100000 0.222843 0.737427 0.100000 1.018849 0.100000 0.216703 0.118297 0.810826 0.571227 0.747417 0.100000 0.344981 0.537002 0.100000 0.158356 0.725187 0.590151 0.416480 0.573501 0.626128 0.525237 0.219696 0.100000 0.100000 0.100000 1.736555 0.586705 0.648491 0.326664 0.396473 0.505103 0.539612 0.420597 0.854551 0.177859 0.503972 1.092919 0.100000 0.342392 0.396715 0.205890 0.100000 0.100000 0.976419 
0.100000 0.100000 0.428978 0.100000 0.644670 0.314087 0.449124 0.100000 0.100000 0.100000 0.911497 0.155309 0.378332 0.474649 0.261820 0.100000 0.159142 0.100000 0.127430 0.244928 0.781619 0.469139 0.100000 0.100000 0.318508 0.515629 0.100000 0.312822 0.100000 0.845502 0.656785 0.544783 0.122073 0.647683 0.485672 0.383579 0.580368 0.407252 0.100000 0.665368 0.760434 0.904523 0.100000 0.243692 0.100000 0.226612 0.201775 0.550789 0.100000 1.093445 0.100000 0.100000 0.100000 0.701309 0.411523 0.100000 0.100000 0.100000 0.100000 0.606917 0.320991 0.485873 0.100000 1.117655 0.100000 0.100000 0.100000 0.100000 0.226902 0.172438 0.533842 1.066194 0.100000 0.132025 0.100000 0.239542 0.592543 0.579093 0.675534 0.653699 0.592574 0.621020 0.100000 0.100000 0.345524 0.100000 0.211466 0.714524 
0.638594 0.100000 0.100000 1.073738 0.100000 0.328480 0.240250 0.197024 0.825985 0.100000 0.100000 1.122760 0.744843 0.462865 0.541552 0.488812 0.962610 0.783163 0.402535 0.336916 0.693406 0.444397 0.598836 0.100000 0.100000 0.874526 0.490623 0.421508 1.367784 1.011739 0.523141 0.972974 0.103595 1.121484 0.779766 0.873012 0.559758 0.481974 0.100000 0.389354 0.100000 0.820993 0.595959 1.264083 0.287038 0.260213 0.100000 1.571722 0.100000 1.092298 0.100000 0.405899 0.510887 0.576565 0.567730 0.100000 0.100000 0.900913 0.787067 0.321962 0.341737 0.100000 0.813609 1.094567 0.100000 0.325335 0.695393 0.100000 1.117288 1.332982 0.317147 1.143225 1.273751 0.100000 0.950849 0.195084 0.327051 0.804164 0.286908 0.100000 0.100000 0.425321 0.572958 0.261243 0.296966 0.112384 0.784611 0.667235 
0.113052 0.100000 0.593011 0.116965 0.237267 0.176302 0.100000 0.341224 0.100000 0.497508 0.343906 0.100000 0.618015 0.100000 0.612446 0.232087 0.100000 0.100000 0.723886 0.211769 0.402723 0.345096 0.683926 0.100000 0.228821 0.889118 0.100000 0.100000 0.100000 0.100000 1.204398 0.443645 0.491108 0.321418 0.722908 0.416757 0.181811 0.332330 0.205143 0.720465 0.338156 0.586043 0.100000 0.181992 0.100000 0.845888 0.100000 0.510297 0.228138 0.839931 0.713731 0.335542 0.121776 0.416979 0.715464 0.330685 0.593737 0.782127 0.653527 0.100000 0.662676 0.833836 0.100000 0.239880 0.100000 0.408098 0.100000 0.567075 0.100000 0.499386 0.558930 0.433152 0.104014 0.428845 0.382960 0.100000 0.323505 0.181817 0.357044 0.464911 0.437030 0.384969 0.100000 0.447162 0.100000 0.314714 0.100000 0.100000 
0.100000 0.705686 0.465866 0.100000 0.168322 0.952194 0.335981 0.445950 0.100000 0.100000 0.852119 1.541163 0.353861 0.385192 0.100000 0.714058 0.100000 0.100000 0.100000 0.291771 0.574932 1.015364 0.100000 0.703280 0.131064 0.489149 0.100000 0.100000 0.100000 1.378997 0.101341 0.241245 0.676782 0.100000 0.858765 0.365254 0.513216 0.861155 0.163886 0.235317 0.833507 0.864319 0.100000 0.117962 0.100000 1.237627 0.100000 0.664458 1.238927 1.021452 0.486570 0.100000 0.100000 0.850387 0.736777 0.255479 1.591610 0.100000 0.306422 0.197249 0.329980 0.427008 0.149881 0.816386 0.703920 0.106422 0.100000 0.494656 0.100000 0.227854 0.359163 0.100000 0.100000 0.454329 0.432304 0.386648 0.100000 0.290039 0.100000 0.141574 0.753076 0.267308 0.100000 0.133203 0.402359 0.649427 0.100000 0.152983 
0.100000 0.670288 0.100000 0.100000 0.285076 0.100000 0.566693 0.100489 0.300011 0.100000 0.298037 0.530568 0.781470 0.828062 0.758821 0.100000 0.235620 0.100000 0.747598 0.366624 0.523706 0.126424 0.380475 0.548773 0.100000 0.100000 0.100000 0.451651 0.487851 0.380387 0.311805 0.678776 0.116226 0.343897 0.382286 0.483623 0.233996 0.510536 0.532911 0.100000 0.100000 0.427111 0.100000 0.100000 0.100000 0.381777 0.100000 0.342427 0.250298 0.793547 0.763102 0.493263 0.135657 0.100000 0.327202 0.370250 0.226343 0.520296 0.532727 0.304517 0.254693 0.100000 0.138670 0.171641 0.587855 0.100000 0.124827 0.100000 0.125359 0.675703 0.275997 0.567031 0.376957 0.567653 0.423863 0.159733 0.187474 0.100000 0.457432 0.335602 0.290083 0.786208 0.100000 0.375076 0.363573 0.100000 0.100000 0.100000 
0.345091 0.498283 1.217031 0.744971 0.100000 0.100000 1.081986 0.221883 1.122709 0.100000 0.255892 0.100000 0.401292 0.688997 0.100000 0.477618 0.519605 0.454365 0.369225 0.484185 1.525379 0.100000 0.655800 0.948937 0.508480 1.437650 0.100000 0.100000 0.100000 0.333456 0.619202 0.676939 0.100000 0.885802 0.100000 1.081038 0.272543 0.100000 0.100000 0.100000 0.100000 0.576770 0.706124 0.576815 0.100000 0.100000 0.100000 0.100000 0.243527 0.239268 1.881393 0.100000 0.262556 1.278279 0.317196 0.100000 1.082003 0.100000 0.100000 0.100000 0.368096 0.606520 0.168867 1.489253 0.278871 0.205605 0.100000 0.670193 0.100000 0.318230 1.243828 1.245141 0.893051 0.100000 0.100000 0.100000 0.255719 0.185133 0.366976 0.610367 0.101481 0.516926 0.100000 0.100000 0.192319 0.462694 0.245261 0.100000 
0.617434 0.321723 0.539881 0.396139 0.842795 0.486434 0.113040 0.100000 0.100000 0.373363 0.457431 0.383662 0.705165 0.564093 1.304561 0.161410 1.027099 0.362078 0.999737 0.526235 0.219569 0.584662 0.803429 0.100000 0.398516 0.813961 0.378446 0.100000 0.468307 0.964311 1.360294 0.609953 0.539906 0.644123 0.889886 0.628662 0.475927 0.380520 0.395508 0.791881 0.653410 0.868527 0.100000 0.553335 0.100000 0.287908 0.279127 0.146864 0.660974 0.804954 0.479020 0.557978 0.100000 0.238484 0.569968 0.100000 0.721108 0.295719 0.975241 0.455941 0.430075 0.112059 0.308062 0.435224 0.619313 0.786861 0.100335 0.167590 0.307024 0.935456 0.521973 0.637426 0.365925 0.555505 0.813313 0.160619 0.442325 0.776842 0.617360 0.255976 0.966902 0.749098 0.542263 0.573479 0.354117 0.289043 0.334450 0.538602 
0.100000 0.100000 0.337179 0.439686 0.266201 0.193604 0.100000 0.100000 0.100000 0.100000 0.962344 0.822679 0.194753 0.195599 0.829517 0.100000 0.100000 0.427548 0.332044 0.295464 0.910321 0.382606 0.470378 0.610606 0.175585 0.258716 0.239808 0.100000 0.666627 0.612567 0.395966 0.396874 0.100000 0.332927 0.558658 0.662222 0.419467 0.100000 0.368325 0.100000 1.075453 0.255487 0.100000 0.553849 0.100000 0.150615 0.100000 0.596027 0.429606 0.807071 0.652479 0.200594 0.224748 0.760197 0.261509 1.266183 0.100000 0.686443 1.049656 0.590000 0.242877 0.419626 0.617116 0.100000 0.501513 0.100000 0.100000 0.100000 0.100000 0.637651 0.191657 0.903042 0.100000 0.100000 0.182635 0.204733 0.189970 0.512283 0.192753 0.618193 0.779523 0.182321 0.100000 0.100000 0.100000 0.400521 0.267213 0.100000 
1.380842 0.100000 0.100000 0.935831 1.108882 0.287357 0.100000 0.789333 0.100000 0.153562 0.810230 0.550366 0.403558 0.100000 0.928894 0.100000 0.496553 0.235860 0.803727 0.329557 0.607319 0.739476 0.100000 0.256400 0.510364 0.100000 0.100000 0.893374 1.059485 0.214718 1.080644 0.686757 0.851551 1.067772 0.100000 0.498526 1.137845 1.276196 0.100000 0.100000 0.627962 0.252736 0.100000 0.100000 0.485801 0.906650 0.514492 0.100000 0.100000 0.100000 0.907735 0.100000 0.500524 1.303541 0.275777 0.187259 0.802923 0.856618 0.262168 0.317043 0.301999 0.158839 0.595136 0.632791 1.107994 0.100000 0.768041 0.531410 0.100000 0.790934 0.950059 0.809370 0.323659 0.600300 0.297980 0.100000 0.100000 0.100000 0.625919 0.731577 0.782574 1.169639 0.220466 0.100000 0.100000 0.100000 0.100000 1.097311 
0.100000 0.269682 0.233437 0.549016 0.222215 0.409824 0.129348 0.269574 0.100000 0.220765 0.709175 0.100000 0.800634 0.100000 0.761654 0.100000 0.451476 0.127648 0.100000 0.894447 0.778587 0.100000 0.404319 0.285858 0.100000 0.257441 0.405309 0.100000 0.731559 1.078548 0.785299 0.136970 0.364175 0.100000 0.311536 1.448297 0.130610 0.483276 0.100000 0.247505 0.481047 0.100000 0.100000 0.360354 0.283256 0.642427 0.100000 0.638587 0.166643 0.334501 0.578408 1.036224 0.100000 0.646944 0.585373 0.100000 0.100000 0.265637 0.347247 0.400534 0.100000 0.100000 0.523336 0.373657 0.114031 0.193202 0.640848 0.100000 0.100000 0.776760 0.964054 0.949510 0.100000 0.100000 0.935871 0.128612 0.501458 0.307097 0.942975 0.263585 0.471751 0.389320 0.100000 0.232952 0.256328 0.100000 0.100000 0.100000 
0.100000 0.212059 0.575542 0.392666 0.100000 0.100000 0.507082 0.100000 0.149256 0.100000 0.100000 0.961326 0.350341 0.100000 0.105756 0.456381 0.120777 0.100000 0.448373 0.404290 0.815934 0.100000 0.398224 0.100000 0.100000 0.356710 0.119879 0.100000 0.267547 0.644932 0.436344 0.227575 0.149188 0.410438 0.450125 0.552063 0.100000 0.600787 0.100000 0.100000 0.512953 0.100000 0.100000 0.100000 0.198278 0.360717 0.100000 0.354386 0.389442 0.375254 0.612232 0.721634 0.100000 0.184254 0.190597 0.100000 0.100000 0.100000 0.275093 0.382619 0.263077 0.100000 0.277563 0.100000 0.948696 0.894049 0.100000 0.148262 0.100000 0.689679 0.146279 0.100000 0.563496 0.100000 0.625449 0.100000 0.100000 0.622639 0.887476 0.161718 0.407124 0.403950 0.100000 0.100000 0.246267 0.100000 0.147606 0.130080 
0.572743 0.100000 0.185857 0.639851 0.942862 0.613646 0.563673 0.100000 0.527352 0.280307 0.558094 0.865410 0.481472 0.705355 0.435892 0.100000 0.379206 0.100000 0.477013 0.614889 0.100000 0.170265 0.100000 0.174352 0.737702 0.597077 0.121327 0.245042 0.282846 0.731209 0.639126 0.363986 0.100000 0.381830 1.048183 1.085691 0.434801 0.553257 0.217831 0.108572 0.100000 1.161301 0.100000 0.380874 0.644588 0.584198 0.314052 0.759681 0.368589 0.803629 0.641087 0.856582 0.402130 0.146538 0.277848 0.174892 0.214844 0.265376 0.937897 0.277714 0.193656 0.423964 0.100000 0.686681 0.717896 0.787721 0.100000 0.100000 0.258884 0.561276 0.116997 1.022095 0.455035 0.656201 0.417670 0.652302 0.429330 0.332500 0.860550 0.759163 0.473861 0.832589 0.843184 0.451394 0.100000 0.398237 0.559476 0.197067 
1.272650 0.102595 0.273971 0.940550 0.562623 0.910267 0.366921 0.367931 0.292651 0.284733 0.869244 0.641863 0.485910 0.571633 0.511395 0.704270 0.642363 0.100000 0.177426 0.537745 1.192846 0.440330 0.805895 0.189550 0.165729 0.305609 0.100000 0.259789 0.559528 0.563037 1.109482 0.100000 0.995549 0.100000 0.787300 0.100000 0.310229 1.033027 0.100000 0.449589 0.550764 0.660381 0.225823 0.637823 0.345215 0.804873 0.726163 0.927036 0.326031 0.100000 1.051643 0.256698 0.988169 0.130833 0.100000 0.840984 0.100000 0.100000 1.153348 0.100000 0.891375 0.100000 0.500932 0.570046 0.100000 0.260771 0.100000 0.175020 0.359352 1.359989 0.331343 0.597474 1.512550 0.809745 1.015196 0.100000 0.100000 0.165835 0.424762 0.566509 2.014789 0.100000 0.100000 0.579950 0.501211 0.681056 0.100000 0.100000 
0.958905 0.225872 0.100000 0.182111 0.331412 0.100000 0.495125 0.108567 0.100000 0.100000 0.959500 0.263825 0.290863 0.100000 0.121098 0.196530 0.665917 0.100000 0.100000 0.410346 0.368956 0.486401 0.100000 0.147132 0.100000 0.165101 0.100000 0.100000 0.583837 0.838768 0.177269 0.871972 0.100000 0.254204 0.885960 0.100000 0.100000 0.100000 0.178878 0.573406 0.715059 0.186793 0.214107 0.100000 0.436281 0.425167 0.490344 0.179713 0.515949 0.125134 0.580805 0.100000 0.100000 0.100000 0.187527 0.243046 0.436903 0.324406 0.555284 0.512579 0.498091 0.488803 0.317938 0.957900 0.192096 0.408938 0.100000 0.730629 0.100000 0.519139 0.765357 0.490251 0.100000 0.100000 0.453034 0.774215 0.378715 0.861944 0.666659 0.100000 0.121532 0.268764 0.335600 0.100000 0.315509 0.191608 0.100000 0.100000 
0.226118 0.257520 0.100000 0.100000 0.100000 0.100000 0.216254 0.100000 0.100000 0.100000 0.267315 0.100000 0.100000 0.100000 0.246717 0.100000 0.332185 0.100000 0.487504 0.100000 0.614885 0.465045 0.400635 0.100000 0.173019 0.389373 0.100000 0.100000 0.100000 0.100000 0.766114 0.526849 0.278975 0.244139 0.551321 0.688926 0.217167 0.100000 0.823354 0.617484 0.759207 0.485552 0.100000 0.151498 0.100000 0.100000 0.100000 0.657666 0.737310 0.720591 0.430427 0.100000 0.674111 0.347281 0.715499 0.185734 0.100000 0.945959 0.668101 0.667411 0.100000 0.178315 0.610636 0.256387 0.132496 0.100000 0.100000 0.265120 0.100000 0.100000 0.812150 0.935646 0.687741 0.100000 0.571067 0.555216 0.100000 0.106860 0.351855 0.100000 0.617724 0.631284 0.356619 0.620720 0.300267 0.100000 0.100000 0.100000 
