83 Number of operations
29 Number of workers
Standard production times
0.436826 0.198809 0.331604 0.391055 0.455688 0.283821 0.369697 0.170513 0.277800 0.162097 0.574453 0.396892 0.633336 0.100000 0.551241 0.100000 0.330241 0.100000 0.539262 0.512992 0.495972 0.340811 0.315938 0.228077 0.318417 0.649516 0.100000 0.100000 0.538062 0.585624 0.717307 0.480261 0.146062 0.493841 0.660772 0.646257 0.445896 0.454722 0.266643 0.360484 0.497204 0.572092 0.100000 0.238532 0.100000 0.618461 0.282133 0.597837 0.392383 0.644536 0.657231 0.431644 0.169275 0.413947 0.588501 0.278597 0.308175 0.396599 0.569202 0.402256 0.238324 0.288863 0.302463 0.464080 0.450278 0.274325 0.171269 0.118233 0.100000 0.577667 0.456585 0.653838 0.442652 0.454075 0.641237 0.267259 0.435319 0.449011 0.525447 0.328855 0.654341 0.435189 0.258507 
Production times: workers row and ops columns
0.458676 0.100000 0.685191 0.878188 0.100000 0.334160 0.581236 0.307711 0.155780 0.228794 0.689451 0.666043 0.632588 0.303037 0.913165 0.100000 0.340828 0.422012 0.942950 0.349558 0.741305 0.185897 0.563922 0.550503 0.822159 0.498581 0.100000 0.100000 0.937036 0.621887 0.455869 0.418202 0.445084 0.436361 0.209399 0.700938 0.553233 0.561299 0.340188 0.422497 0.682669 0.753497 0.100000 0.100000 0.602802 0.100000 0.839383 0.755598 0.262143 1.112887 0.789662 0.604188 0.318985 0.100000 1.076642 0.381843 0.396346 0.257617 0.446747 0.474316 0.360344 0.148472 0.372475 0.100000 1.097097 0.752348 0.691932 0.100000 0.100000 0.453698 0.421572 0.870096 0.326308 0.321187 0.725947 0.366632 0.523408 0.403514 0.771456 0.154345 0.862178 0.942464 0.100000 
1.006983 0.275209 0.254852 0.877196 0.100000 0.275085 0.323624 0.100000 0.613203 0.462524 0.633225 0.284830 0.599152 0.374695 1.177463 0.100000 0.464734 0.446946 0.335501 0.567320 0.498433 0.958587 0.376058 0.157156 1.079325 0.677550 0.278468 0.317724 0.883517 1.264194 0.634919 1.028737 0.182585 0.600260 0.456604 0.531549 0.303844 0.473141 0.579998 0.492709 0.530752 1.140998 0.100000 0.364532 0.100000 0.219746 0.185903 0.784892 0.699057 0.813657 0.807679 0.610217 0.222521 0.519652 1.028475 0.100000 0.459842 0.299719 0.827126 0.181889 0.367342 0.441557 0.196051 1.178016 0.519383 0.441061 0.100000 0.774435 0.484208 1.345489 1.059243 0.711646 0.866690 1.128110 0.846373 0.325193 0.281653 0.574852 0.174694 0.804800 0.835815 0.831495 0.348448 
0.974649 0.110981 1.063944 0.760472 0.613201 0.353644 0.307209 0.394145 0.422655 0.265483 0.644251 0.427820 0.872826 0.668638 0.762264 0.706066 0.377282 0.351501 0.458227 0.643003 0.100000 0.865724 0.357454 0.255874 0.519222 1.267933 0.100000 0.839483 0.237619 0.781746 0.775070 0.814390 0.100000 0.743334 0.408191 0.355273 0.459404 0.535668 0.100000 0.606365 1.084511 1.093055 0.100000 0.646475 0.500558 0.473846 0.100000 0.594810 0.389718 0.935534 0.827459 0.514297 0.783786 0.363026 0.929021 0.327637 0.360580 1.037649 0.600915 0.294048 0.100000 0.365018 0.100000 0.616141 1.545158 0.172884 0.621013 0.465339 0.100000 1.162809 0.874562 0.716339 0.944884 0.322212 0.185930 0.507552 0.986793 0.848634 0.100000 0.536010 0.506202 0.508742 0.130776 
0.402973 0.384933 0.462825 0.256231 0.944322 0.167403 0.472639 0.435966 0.105099 0.579432 0.768924 0.465233 0.837732 0.100000 1.287722 0.100000 0.468432 0.217675 0.707509 0.742920 0.360655 0.350896 0.426685 0.180591 0.904029 1.170280 0.100000 0.262357 0.552170 0.452399 0.816659 0.462153 0.598390 0.526007 0.835276 0.933906 0.721288 0.515646 0.116586 0.445037 1.043513 0.576458 0.491018 0.100000 0.367341 0.799402 0.463766 0.142838 0.698915 1.065016 0.241285 0.540847 0.100000 0.215776 0.303465 0.657329 0.259734 0.336550 0.472141 0.849820 0.263146 0.380123 0.681053 0.876654 0.483526 1.139204 0.719108 0.100000 0.267812 0.914934 0.574587 0.150413 0.728916 0.703679 0.825784 0.197634 0.579714 0.748500 0.714328 0.458956 0.388246 0.274401 0.523307 
0.837385 0.100000 0.747055 0.723718 0.889713 0.565077 0.523337 0.100000 0.375615 0.136665 0.645001 0.861861 0.420114 0.100000 0.881578 0.140744 0.275898 0.100000 0.926945 0.919652 0.554666 1.048287 0.769057 0.187387 0.412280 0.694540 0.447562 0.100000 0.495302 1.296776 0.857623 0.318620 0.573577 1.026438 0.935454 0.635496 0.735337 0.414976 0.100000 0.432150 0.729737 1.063001 0.268848 0.424059 0.100000 0.636014 0.184484 0.770988 0.325767 0.535005 1.257812 0.280021 0.329499 0.100000 0.607665 0.175392 0.608253 0.251180 0.681394 0.451907 0.351872 0.966276 0.165091 0.296104 0.627066 0.431519 0.100000 0.609008 0.192601 0.887975 0.733415 0.511465 0.766482 0.387170 0.476931 0.670215 1.071346 0.448440 0.722792 1.044220 0.555953 0.212248 0.234484 
0.626975 0.442136 0.100000 0.209766 0.100000 0.595321 0.100000 0.124014 0.106102 0.100000 0.242810 0.399458 0.693434 0.125051 0.799934 0.241147 0.122947 0.100000 0.198495 0.303127 0.838983 0.100000 0.432541 0.100000 0.100000 0.498458 0.100000 0.596078 0.497840 0.100000 0.740467 0.320778 0.100000 0.100000 0.194220 0.555484 0.685809 0.511151 0.153798 0.268603 0.220085 0.811289 0.100000 0.480039 0.100000 0.431630 0.100000 1.143281 0.100000 1.155319 0.254314 0.100000 0.100000 0.578300 0.322373 0.483441 0.100000 0.100000 0.627473 0.100000 0.100000 0.131255 0.100000 0.696306 0.100000 0.100000 0.114083 0.100000 0.212799 0.439876 0.358518 0.453680 0.100000 0.100000 0.560527 0.284510 0.709064 0.100000 0.271241 0.100000 0.756339 0.877557 0.382685 
0.100000 0.516772 0.522233 1.094245 0.338904 0.160370 0.482364 0.198971 0.100000 0.510989 0.125154 0.724046 0.100000 0.998001 0.560006 0.100000 0.770172 0.108021 0.100000 1.056784 0.100000 0.712478 0.864769 1.062080 0.100000 0.834753 0.262347 1.006704 0.100000 0.712737 0.768917 0.872921 0.542090 0.100000 1.674076 1.101720 1.319907 0.482645 0.710430 0.556570 1.106058 1.295690 0.100000 0.422405 0.126135 1.203020 0.822473 1.245057 0.441581 0.537198 1.180180 0.162274 0.100000 0.100000 1.183018 0.100000 0.100000 0.100000 0.629080 0.517482 0.268657 0.351080 0.100000 1.004981 0.261910 0.185352 0.199996 0.100000 0.567914 0.700214 0.100000 1.164621 0.492667 1.056243 1.324949 0.584639 0.935164 0.100000 0.943272 0.100000 1.052484 0.108074 0.423718 
0.382042 0.471343 0.100000 1.777707 1.018236 0.665520 0.149441 0.211347 1.079188 0.581151 0.577433 0.100000 0.699102 0.230174 0.359934 1.413440 0.932211 0.100000 0.512608 0.274644 1.106112 0.100000 0.100000 0.156350 0.100000 0.642312 0.290660 0.100000 0.837730 1.232885 0.708120 0.100000 0.673704 1.584984 0.279625 0.100000 0.235682 0.822997 0.100000 0.100000 0.229141 0.566833 0.228072 0.100000 0.100000 0.719383 0.767296 0.666394 0.448482 0.100000 0.682161 0.100000 0.554755 0.524973 0.877396 0.321296 0.314665 1.292258 1.179367 0.100000 0.100000 0.384871 0.749896 0.100000 0.100000 0.100000 0.100000 0.100000 0.582277 1.016435 0.223733 1.258841 0.285635 0.721273 1.115432 0.343974 0.213560 0.100000 0.263544 1.373068 0.774143 0.100000 0.100000 
0.638985 0.100000 0.100000 0.372193 0.376669 0.267625 0.100000 0.511420 0.355294 0.100000 0.214594 0.537622 0.381634 0.102161 0.565180 0.100000 0.100000 0.302918 0.100000 0.645986 0.142029 0.290142 0.649196 0.100000 0.100000 1.037371 0.139445 0.169272 0.100000 0.559394 0.747104 0.118435 0.100000 0.325242 0.809521 0.626018 0.100000 0.100000 0.137672 0.248073 0.653094 0.606043 0.100000 0.720572 0.100000 0.416852 0.100000 0.590603 0.329073 0.401385 0.457937 0.469888 0.100000 0.204786 0.458136 0.100000 0.100000 0.100000 0.130456 0.878607 0.381238 0.100000 0.520145 0.315154 0.530458 0.100000 0.100000 0.252142 0.260341 0.100000 0.100000 0.500147 0.251593 0.287498 0.372422 0.323702 0.100000 0.325502 0.929435 0.100000 0.482135 0.633782 0.281243 
1.065962 0.100000 0.579916 0.318810 0.889150 0.402326 0.100000 0.275307 0.681292 0.100000 0.695864 0.718803 1.308832 0.100000 0.685793 0.137796 0.497543 0.100000 1.142741 1.083229 0.100000 0.100000 0.836273 0.100000 0.100000 0.488750 0.100000 0.100000 0.393330 0.833626 1.062428 0.100000 0.618618 0.183987 1.066118 1.492856 0.100000 0.234346 1.149493 0.108749 1.032656 1.083815 0.100000 0.480469 0.193055 0.100000 0.730119 0.155676 0.776828 1.113677 1.069956 0.567131 0.100000 0.624112 0.412027 0.162877 0.982371 0.695955 0.100000 0.550033 0.762976 0.730145 0.686212 0.100000 0.535529 0.100000 0.414917 0.702877 0.465104 0.467280 0.774034 0.747786 1.523395 0.379055 0.405828 0.342252 1.036693 0.916358 0.601052 1.147452 1.350275 0.100000 0.466623 
1.086806 0.621368 0.555666 0.913611 0.240201 0.714106 0.346117 0.563492 1.022631 0.166757 0.777617 0.468907 0.100000 0.262671 0.507489 0.317744 0.100000 0.100000 0.620561 0.861279 1.353990 0.635822 0.273523 0.367438 0.100000 0.636272 0.100000 0.821952 0.100000 1.449229 0.639286 0.100000 0.100000 1.327803 1.021494 0.389133 0.542410 0.483437 0.100000 0.249691 0.234253 0.716252 0.803959 0.634447 0.176494 1.311898 0.805093 0.100000 0.100000 0.100000 1.485679 0.100000 0.100000 0.393151 0.100000 0.238200 0.100000 0.337809 0.839804 0.100000 0.818994 0.152028 0.100000 0.386379 1.184949 0.450645 0.100000 0.100000 0.100000 0.100000 0.118751 0.100000 0.507067 0.100000 1.064208 0.101708 0.180029 0.246244 0.163892 0.100000 1.149301 0.741034 0.463525 
0.100000 0.933360 0.100000 0.100000 0.100000 0.135948 0.280184 0.294166 0.100000 0.629291 0.268923 0.505164 0.479506 0.100000 0.297874 0.100000 0.520194 0.100000 0.503296 0.236392 0.503422 0.100000 0.328164 0.100000 0.511950 0.833333 0.125517 0.314787 0.733655 0.571210 0.370008 0.149972 0.331895 1.015424 0.881291 0.586199 0.416159 0.100000 0.580910 0.100000 0.281706 0.452357 0.100000 0.581063 0.100000 0.295058 0.279300 0.782451 0.227377 0.292370 0.828204 0.309883 0.528327 0.100000 0.755326 0.100000 0.176959 0.100000 1.149729 0.100000 0.100000 0.100000 0.649760 0.469915 0.484664 0.140305 0.100000 0.100000 0.131127 0.446056 0.620210 0.109325 0.453458 0.360847 0.876768 0.100000 0.529548 0.100000 0.113907 0.100000 0.429694 0.211946 0.131399 
1.098438 0.590374 0.259429 1.090987 0.683563 0.122451 0.283539 0.149022 0.107845 0.788905 0.335853 0.100000 0.293083 0.100000 0.271868 0.100000 0.477431 0.277487 0.686895 0.100000 0.789684 0.616627 0.213881 0.184124 0.770857 0.826009 0.100000 0.479462 0.513937 0.703266 0.597740 0.601497 0.362649 0.807252 0.869496 1.073466 0.357738 0.390927 0.100000 0.454703 0.706254 0.238721 0.318735 0.190250 0.308574 0.951476 0.277015 0.580753 0.322102 0.766454 1.069247 0.100000 0.100000 0.337259 0.533694 0.383164 0.100000 0.562185 0.553123 0.420385 0.593494 0.303473 0.108669 0.464207 1.041135 0.503756 0.179271 0.100000 0.208760 1.118731 0.100153 0.237082 0.350583 0.190002 0.423955 0.404725 0.533486 0.571913 0.871065 0.772830 0.896507 0.659561 0.100000 
0.597900 0.100000 0.245080 0.268280 0.438469 0.100000 0.286031 0.100000 0.465953 0.100000 0.538750 0.435523 0.713472 0.100000 0.812464 0.591540 0.100000 0.100000 0.387460 0.725059 0.701243 0.100000 0.100000 0.100000 0.442779 0.379674 0.100000 0.100000 1.208628 0.275671 0.392753 0.100000 0.100000 0.311896 0.699078 0.451595 0.241073 0.816388 0.100000 0.607505 0.524142 0.899776 0.855771 0.113449 0.100000 0.283679 0.215622 0.109851 0.100000 0.710970 1.039123 0.100000 0.822108 0.401201 0.459055 0.596419 0.495031 0.722773 0.258349 0.100057 0.100000 0.100000 0.245785 0.263310 0.502244 0.400522 0.100000 0.339162 0.100000 0.288521 0.902304 0.599066 0.100000 0.236275 0.935247 0.100000 0.585785 0.527228 0.381017 0.673049 0.283307 0.142980 0.100000 
0.406746 0.262970 0.627230 0.377601 0.349814 0.893026 0.463454 0.321421 0.833510 0.439884 1.096356 0.686111 0.648720 1.066001 0.946752 0.164539 0.423689 0.226960 0.941653 0.318874 0.750902 0.100000 0.348221 0.300985 0.100000 0.309341 0.246420 0.100000 0.745889 0.421170 0.718495 1.032024 0.100000 0.564025 0.474747 0.695763 0.415354 0.100000 0.879092 0.543511 0.204548 0.702628 0.100000 0.100000 0.100000 1.098506 0.616375 0.637302 0.655827 0.808870 0.909648 0.238425 0.100000 0.439919 0.988312 0.268063 0.898600 0.100000 0.275392 0.783701 0.100000 0.904048 0.369389 0.534969 0.680684 0.289915 0.396635 0.100000 0.311572 0.594873 0.382169 0.664076 0.218488 0.644492 0.801161 0.176467 0.644439 0.846992 0.506855 0.684868 1.021290 0.100000 0.142598 
0.100000 0.100000 0.212233 0.319220 0.352096 0.100000 0.453447 0.686834 0.100000 0.601843 0.590251 0.634847 0.600213 0.100000 0.386456 0.100000 0.332253 0.100000 0.100000 0.244075 0.707069 0.399110 0.252104 0.100000 0.370694 1.057007 0.100000 0.100000 0.690503 0.369169 0.850995 0.397678 0.418034 0.548821 0.542969 0.100000 0.100000 0.294793 0.789860 0.105426 0.417297 0.700185 0.100000 0.100000 0.100000 0.259052 0.100000 0.319402 0.206121 0.975679 0.447236 0.542455 0.100000 0.405018 0.686901 0.100000 0.100000 0.543058 0.370765 0.335297 0.156841 0.100000 0.442387 0.452481 0.256639 0.141787 0.531906 0.100000 0.202050 0.661997 0.577973 0.834039 0.410756 0.189898 0.540214 0.355446 0.521693 0.233340 0.518552 0.691552 0.542368 0.262776 0.612867 
0.434031 0.503682 1.400892 0.100000 1.353782 0.731096 0.178259 0.100000 0.412266 0.801697 0.100000 0.245831 0.698196 0.537670 1.037428 0.649224 0.100000 0.218292 0.100000 0.236127 0.497321 0.256484 0.457587 0.100000 0.100000 0.284590 0.205134 0.100000 0.588942 1.149235 0.100000 0.463074 0.100000 0.703093 0.309058 1.771090 1.047431 0.681063 0.100000 0.353509 1.641581 0.100000 0.336960 0.100000 0.100000 0.803016 0.650512 0.994321 0.623710 1.933973 0.194416 0.427845 0.930090 0.100000 1.017421 0.435739 0.100000 1.366981 0.100000 0.482108 0.380292 0.784598 0.848396 1.191494 0.906709 0.100000 0.126634 0.460522 0.420654 0.100000 0.607149 0.494283 0.779724 0.100000 0.100000 0.100000 0.729396 0.344115 0.328127 0.100000 1.295525 0.100000 0.100000 
0.231580 0.163848 1.073685 0.617376 1.110716 0.398495 0.100000 0.434634 0.615321 0.201170 0.100000 0.217425 0.620313 0.156882 0.491279 0.618180 0.487209 0.100000 0.798750 1.003106 0.751275 0.448975 0.596495 0.275471 0.353967 1.251438 0.459312 0.100000 0.370892 0.911560 1.111938 0.685875 0.525460 0.544335 1.381733 1.212103 0.116720 0.147844 0.514804 0.246184 0.524579 0.406514 0.325588 0.448647 0.199190 0.796331 0.514603 0.868239 0.768129 0.379237 1.264548 0.649212 0.236067 0.346925 0.955078 0.931786 0.571566 0.100000 0.996651 0.552859 0.237072 0.165801 0.830832 0.862509 0.838750 0.290382 0.531863 0.725268 0.490434 1.079115 0.100000 0.569636 0.324686 0.149225 0.509241 0.441266 0.486500 0.951991 0.770764 0.238315 0.775284 0.100000 0.274169 
0.100000 0.629527 0.100000 1.415076 0.100000 0.124907 0.260525 0.754390 0.282649 0.554222 0.336870 0.561240 0.100000 0.100000 0.100000 0.100000 0.662303 0.106103 0.358675 0.691410 0.822958 0.533628 0.767625 0.100000 0.100000 1.132494 0.475549 0.100000 0.788614 0.412064 0.100000 0.740331 0.736723 0.100000 0.789759 0.170901 0.997960 0.730878 1.290340 1.276343 0.447465 0.544677 0.100000 0.131458 0.100000 1.295415 0.303888 0.986227 0.100000 0.454682 0.883907 0.539817 0.100000 0.829236 0.100000 0.100000 0.323004 0.100000 0.235479 0.100000 1.299810 0.100000 0.100000 0.508565 0.100000 0.322380 0.700689 0.100000 0.100000 1.102994 1.173512 0.951927 0.100000 0.122942 0.715331 0.132038 0.920076 0.100000 0.100000 0.123945 1.238775 0.447045 0.592625 
0.872465 0.584669 0.395629 0.100000 0.234821 0.100000 0.100000 0.148244 0.630858 0.100000 0.608433 0.560127 0.459476 0.669502 0.100000 0.100000 0.425906 0.228125 1.853728 0.100000 0.100000 0.100000 0.412323 0.488853 0.100000 0.212795 0.100000 0.612287 0.100000 0.763976 0.477069 0.670159 0.812421 0.700891 0.381551 0.328450 0.590521 0.100000 0.277426 0.564396 0.406509 0.629678 0.100000 0.736265 0.100000 0.385801 0.100000 1.360287 0.211832 0.387562 0.435785 0.665673 0.574459 0.695674 0.102479 0.335019 0.100000 0.100000 0.194758 0.100000 0.831800 0.100000 0.100000 0.755396 1.192318 1.495238 0.546145 0.142493 0.100000 0.525281 0.100000 0.727582 0.100000 0.195450 0.223486 0.456545 1.156580 0.750057 0.238921 0.100000 1.028126 0.948566 0.142946 
0.150424 0.100000 0.100000 0.100000 0.351353 0.100000 0.491661 0.630927 0.235962 0.191571 0.171474 0.100000 0.688943 0.406117 1.081801 0.492464 0.100000 0.100000 0.299375 0.203124 0.213089 0.380301 0.100000 0.100000 0.100000 0.441406 0.100000 0.100000 0.356154 0.268558 0.247955 0.695955 0.305655 0.418852 0.322763 0.439704 0.226631 0.454353 0.100000 0.602031 0.110259 0.783833 0.204732 0.135036 0.235247 0.339766 0.351208 0.813677 0.100000 0.974549 0.430682 0.349231 0.100000 0.248918 0.183034 0.373273 0.364041 0.423838 0.244191 0.100000 0.100000 0.100000 0.230786 0.347147 0.415569 0.241564 0.272624 0.100000 0.100000 0.641907 0.760927 0.567339 0.165939 0.694712 0.322102 0.100000 0.664180 0.600224 0.859229 0.458217 0.423316 0.514381 0.100000 
0.183237 0.100000 0.155545 0.934367 0.100000 0.853269 0.827063 0.596753 0.100000 0.198131 0.954618 0.695091 1.350008 0.100000 0.100000 0.100000 1.247676 0.395576 0.736660 1.150112 0.421566 0.519322 0.336794 0.377875 0.316346 1.389031 0.258676 0.104056 0.541665 0.125567 0.575440 0.690314 0.100000 0.100000 0.136960 0.667823 0.769596 0.495488 0.100000 0.288641 1.200970 0.917800 0.100000 0.300035 0.744289 0.219796 0.100000 0.367850 0.692982 0.289184 1.462749 0.100000 0.347530 0.999357 0.711833 0.791648 0.100000 0.100000 0.806040 0.761459 0.347333 0.434646 0.504263 0.811157 0.100000 0.100000 0.385580 0.100000 0.100000 0.476944 0.952151 1.116217 1.043195 0.184724 1.042730 0.100000 0.248180 0.100000 1.141638 0.842437 1.131991 0.431961 0.678012 
0.628602 0.100000 0.253438 0.205446 0.472004 0.362342 0.202535 0.100000 0.197042 0.100000 0.244830 0.372595 0.470036 0.100000 0.100000 0.468246 0.334755 0.100000 0.411680 0.100000 0.508803 0.252022 0.409635 0.100000 0.100000 0.339819 0.100000 0.100000 0.614179 0.100000 0.310558 0.891112 0.100000 0.214285 1.373860 0.376135 0.300541 0.100000 0.100000 0.652009 0.478414 0.463434 0.197795 0.100000 0.100000 0.146399 0.179237 1.141544 0.469258 0.473546 0.368739 0.312323 0.121594 0.100000 0.430898 0.100000 0.100000 0.134085 0.423077 0.314471 0.100000 0.327857 0.100000 0.295592 0.301453 0.100000 0.100000 0.100000 0.100000 0.672054 0.558494 0.445191 0.486746 0.358620 0.216400 0.100000 0.130513 0.475945 0.366988 0.571386 0.341107 0.623234 0.100000 
0.100000 0.737687 0.256540 0.266508 0.100000 0.296761 0.584873 0.130676 0.559650 0.964142 0.646566 0.100000 1.258145 0.688963 0.613617 0.100000 0.962731 0.165812 0.824247 0.100000 1.369459 0.191998 0.275687 0.100000 0.100000 0.100000 1.012910 0.100000 1.390057 0.495336 0.100000 0.572879 0.100000 1.088633 0.338021 0.113624 0.100000 0.747596 0.789942 0.259627 0.100000 0.138147 0.100000 0.100000 0.100000 0.341352 0.275095 0.177329 0.133226 0.351216 0.324659 0.100000 0.602498 0.100000 0.294640 0.100000 0.188696 0.516350 1.328853 0.530351 0.100000 0.631712 0.499244 0.410381 0.211797 1.016190 0.100000 0.100000 0.348448 0.537806 0.741546 0.383445 0.149886 0.876880 0.100000 0.100000 1.665431 0.100000 0.703058 1.609629 0.431080 0.891167 0.263454 
0.606494 0.491685 0.297647 0.409771 0.100000 0.100000 0.463775 0.100000 0.112042 0.100000 0.820197 0.342508 1.136973 0.100000 0.659930 0.453474 0.143390 0.100000 1.093817 0.365842 0.146795 0.100000 0.427865 0.100000 0.100000 0.645827 0.100000 0.100000 0.369081 0.433465 0.718843 1.094147 0.100000 0.100000 0.996053 0.912334 0.435369 0.100000 0.239001 0.100000 0.100000 0.786552 0.100000 0.612572 0.163625 0.100000 0.467063 0.100000 0.100000 0.604784 0.547972 0.114815 0.207238 0.409627 0.608302 0.119434 0.297072 0.134741 0.100000 0.618907 0.100000 0.100000 0.487859 0.586088 0.303847 0.100000 0.579865 0.100000 0.100000 1.188895 0.412937 0.968944 0.285846 0.100000 0.932869 0.205490 0.100000 0.362481 0.267560 0.421922 0.100000 0.294485 0.100000 
0.550426 0.549743 0.100000 0.450441 1.187812 0.100000 0.671984 0.100000 0.100000 0.423667 0.122079 1.337144 0.351559 0.916430 1.682905 0.299097 0.236001 0.142052 0.376060 0.765203 0.813987 0.513558 0.472477 0.723219 0.482160 1.293293 0.297488 0.309240 0.390807 1.323530 0.100000 1.608023 0.100000 0.748696 0.912035 1.532090 0.594352 0.500738 0.100000 1.227886 0.606096 0.101204 0.132728 0.799330 0.484841 1.043499 0.412200 0.193066 1.139508 0.100000 0.539185 0.169549 0.214873 0.900491 0.598770 0.100000 1.578718 0.329898 0.529849 0.732240 0.100000 0.100000 0.270353 1.409347 0.608406 0.677823 0.100000 0.100000 0.587758 0.797709 0.427983 1.063297 0.100000 0.133323 0.166476 0.100000 0.624216 1.141568 1.068223 0.100000 0.100000 0.427231 0.518198 
0.498201 0.266760 0.162399 0.741709 0.493565 0.223321 0.289814 0.613699 0.100000 0.232742 0.395993 0.318983 0.591123 0.100000 0.867057 0.833301 0.510186 0.172693 0.684130 0.766566 1.027577 0.566908 0.100000 0.703313 0.568901 1.044228 0.100000 0.100000 0.549757 0.623346 0.767155 0.776414 0.718560 0.579650 0.624310 1.236549 0.713567 0.338648 0.157253 0.362318 0.594639 0.399431 0.573296 0.925847 0.100000 0.590822 0.347294 0.686331 0.570840 0.420806 0.569433 0.103434 0.486512 0.694991 0.482827 0.453368 0.301670 0.690116 0.682966 0.989239 0.797632 0.634265 0.194024 0.747237 0.806289 0.586114 0.751061 0.317235 0.277051 0.455435 0.637654 0.618748 0.284748 0.701414 0.975340 0.665267 0.613311 0.333247 1.046804 0.445863 0.541228 0.337349 0.483245 
0.197981 0.262303 0.367233 0.996821 0.100000 0.235130 0.688180 0.100000 0.243983 0.100000 0.558846 0.100000 0.356571 0.100000 0.534639 0.100000 0.426670 0.100000 0.280990 0.612634 0.612860 0.296528 0.203208 0.212871 0.388938 0.350961 0.100000 0.100000 0.247113 1.211841 1.021138 0.100000 0.100000 0.555010 0.733393 0.521573 0.613703 0.837952 0.100000 0.453785 0.457684 0.773445 0.100000 0.275764 0.100000 0.470502 0.257626 0.609933 0.375537 0.583532 0.240941 0.100000 0.100000 0.100000 0.553357 0.566740 0.648210 0.255178 0.100000 0.751885 0.235223 0.341890 0.965766 0.100000 0.204057 0.100000 0.144673 0.321381 0.208180 0.763879 0.980695 0.564611 0.125753 0.100000 0.353091 0.100000 0.100000 0.593570 0.565233 0.100000 0.455440 0.100000 0.100000 
0.284979 1.176894 0.949296 0.762517 0.670740 0.937316 0.100000 0.100000 0.381816 0.674564 0.362961 0.100000 0.941096 1.334578 0.360043 0.100000 1.063389 0.100000 0.100000 0.997620 0.530169 1.046738 0.887354 0.100000 0.581288 1.130583 1.098664 0.100000 1.003284 0.292323 0.220110 0.890807 0.100000 0.741284 0.892173 1.072961 0.354786 0.565173 0.141521 0.168735 0.547221 1.590494 0.100000 0.100000 0.100000 1.229809 0.147685 1.231224 0.559029 0.992733 1.493216 1.019191 1.376505 0.222597 0.582281 0.100000 0.100000 0.123791 0.304539 0.199885 0.100000 0.701143 1.046000 0.521333 0.649775 0.230285 0.323338 0.185245 0.100000 0.913174 1.084488 0.100000 0.442694 1.414596 0.541776 0.628273 0.691424 0.749874 0.864440 0.219061 1.002133 0.489588 0.512002 
