91 Number of operations
29 Number of workers
Standard production times
0.395487 0.532490 0.222502 0.307822 0.261232 0.472611 0.856732 0.348992 0.510849 0.592732 0.929213 0.391227 0.206876 0.575733 0.100000 0.623915 0.189126 0.198222 0.386496 0.383715 0.967043 0.350765 0.541102 0.253267 0.159032 0.456081 0.295062 0.100000 0.627160 0.519564 0.619080 0.716055 0.419631 0.380416 0.100000 0.410165 0.555420 0.278717 0.305743 0.100000 0.571778 0.269913 0.412373 0.663896 0.543813 0.237312 0.591981 0.366152 0.400966 0.541476 0.611755 0.607141 0.514341 0.395286 0.100000 0.249166 0.430479 0.769328 0.427803 0.599307 0.100000 0.665435 0.232499 0.665336 0.283636 0.157893 0.336602 0.575480 0.716322 0.403792 0.756102 0.159809 0.168989 0.100000 0.420959 0.465930 0.486587 0.338208 0.671367 0.487711 0.500298 0.406885 0.239311 0.920120 0.766699 0.107835 0.345230 0.236004 0.523856 0.285424 0.450900 
Production times: workers row and ops columns
0.100000 0.705216 0.100000 0.100000 0.100000 0.100000 1.113360 0.300141 0.610624 0.119306 1.041414 0.100000 0.443874 0.648266 0.100000 0.600506 0.100000 0.100000 0.109417 0.319220 1.356761 0.100000 0.529539 0.100000 0.652674 0.100000 0.443347 0.100000 0.506584 0.599125 0.414008 0.203625 0.440532 0.100000 0.100000 0.320108 0.400598 0.100000 0.496128 0.217558 0.476400 0.630824 0.278353 0.656321 0.943304 0.100023 0.414722 0.589350 0.245401 0.791017 0.599906 0.290604 0.147031 0.101619 0.206961 0.100000 0.573115 0.710246 0.331236 1.070090 0.100000 0.575285 0.439693 0.617037 0.455039 0.198682 0.158538 0.542407 0.273274 0.123300 0.749834 0.177605 0.331232 0.100000 0.461871 0.494987 0.586204 0.100000 0.524674 0.105171 0.516458 0.221702 0.431983 1.121970 0.452642 0.349132 0.426598 0.100000 0.624716 0.146096 0.100000 
0.392882 0.938150 0.478856 0.229246 0.100000 0.513963 1.187063 0.247624 0.471510 0.788936 0.987581 0.859995 0.337843 0.356879 0.100000 0.559122 0.865410 0.100000 0.560702 0.341784 1.254083 0.554330 0.378843 0.339103 0.100000 0.627867 1.127260 0.296807 0.578056 0.901455 0.880194 1.086706 0.698358 0.591704 0.100000 0.571796 0.205785 0.756669 0.437812 0.591112 0.401315 0.100000 0.328609 0.312272 0.555328 0.325756 0.458986 0.392869 0.920559 0.405609 0.602763 0.543319 0.625543 1.121573 0.100000 0.100000 0.561152 0.941042 0.350093 0.712582 0.100000 1.007163 0.119500 0.606371 0.100000 0.100000 0.204226 0.673713 0.100000 0.202385 0.554957 0.100000 0.100000 0.100000 0.626489 0.352423 0.175788 0.753224 0.688831 0.863956 0.749479 1.222160 0.491154 0.958313 0.933640 0.276165 0.663537 0.332075 0.507497 0.218613 1.159605 
0.512756 0.260812 0.100000 0.301966 0.784594 1.004707 1.227990 0.317479 0.950993 1.025912 0.730104 0.323227 0.610284 0.471648 0.100000 0.873240 0.100000 0.170773 0.289765 0.297047 1.350878 0.879389 1.212209 0.100000 0.100000 0.758217 0.281975 0.100000 0.530398 1.060179 1.420933 0.240776 0.506240 0.927860 0.217897 0.552903 1.062104 0.518947 0.210283 0.100000 0.377580 0.100000 0.839135 0.699470 0.877245 0.440564 1.033149 0.455963 0.764217 0.668191 0.871441 0.728144 0.767806 0.242952 0.420064 0.399930 0.686736 1.033987 0.543263 1.115422 0.948556 0.783544 0.154791 0.547068 0.788935 0.456331 0.991686 0.744299 0.387028 0.100000 0.763391 0.115150 0.322599 0.100000 0.100000 0.251632 0.701496 0.100000 0.470210 0.565457 0.808012 0.627518 0.618176 1.262507 0.349043 0.100000 0.739361 0.378297 0.873271 0.422236 0.760755 
0.696133 1.018066 0.418748 0.100000 0.675779 1.090172 1.648764 0.761394 0.903414 0.918373 1.581086 0.349836 0.145014 0.635222 0.100000 1.153812 0.100000 0.411819 0.291102 0.199798 1.049350 0.549606 0.461053 0.501445 0.113435 1.025288 0.278304 0.332601 0.651341 0.963261 0.590739 0.578487 0.383078 1.012651 0.100000 0.278494 0.964893 0.783279 0.284336 0.100000 0.673073 0.269309 0.228475 0.737675 0.100000 0.269501 0.370012 0.227403 0.465394 0.798788 0.711272 0.656491 0.887945 0.669025 0.446346 0.657932 0.362928 0.531862 0.193713 0.662010 0.100000 0.716078 0.301157 0.382907 0.557960 0.307498 0.159111 0.506941 0.703138 0.720128 0.636872 0.120486 0.100000 0.106157 0.104295 0.212422 0.313755 1.065734 0.417056 0.904303 0.832622 0.275564 0.638038 1.423404 0.773172 0.262913 0.100000 1.022455 0.100000 0.240746 1.078588 
1.050081 0.100000 0.100000 0.100000 0.440933 0.100000 0.441880 0.100000 0.242670 0.521118 1.079425 0.652626 0.546009 0.426056 0.100000 0.577665 0.363288 0.100000 0.100000 0.578984 1.751803 1.604002 0.468409 0.100000 0.401279 0.100000 1.025074 0.100000 0.554476 0.334395 0.115869 0.676686 0.681493 1.460917 0.100000 1.040626 0.100000 0.100000 0.100000 0.655832 0.108442 0.211641 1.197467 0.970447 0.384179 0.100000 0.280349 1.316140 0.100000 0.654724 0.494477 0.695763 0.100000 0.266298 0.100000 0.100000 0.100000 1.128480 1.772484 0.100000 0.100000 0.252264 0.431310 0.545915 1.235732 0.202722 0.100000 0.719086 1.373763 0.360354 0.440413 0.100000 0.884247 0.557386 0.100000 0.258570 0.100000 0.100000 1.340872 0.556317 0.236892 0.815686 0.519890 0.514682 0.140000 0.100000 0.100000 0.357968 0.471710 0.100000 0.914650 
0.726919 0.710227 0.554907 0.621839 0.109940 0.591838 0.946251 0.313274 1.357368 1.121549 1.193500 0.493915 0.636047 0.247403 0.503352 0.655564 0.367215 0.100000 0.160830 0.100000 0.939093 0.416500 0.882451 0.775284 0.215029 0.548251 0.471296 0.410797 0.712814 0.101432 0.129244 0.814763 0.707806 0.100000 0.207186 0.111754 0.628013 0.359672 0.613236 0.518672 0.100000 0.100000 0.943821 1.302815 0.753158 0.452666 0.924275 0.101431 0.960930 0.210390 0.880299 0.603077 0.450523 0.100000 0.100000 0.100000 0.982860 0.309414 0.540819 0.775112 0.100000 0.708307 0.100000 1.274580 0.660811 0.100000 0.249822 0.762781 1.053993 0.745938 0.628518 0.100000 0.598470 0.149573 0.447886 0.660884 0.396623 0.314852 1.246778 0.274850 0.511526 0.100000 0.100000 1.312625 1.398567 0.357250 0.588183 0.599110 0.533307 0.165311 0.798808 
0.386873 0.765872 1.039797 0.786888 0.100000 0.100000 0.219948 0.484008 0.100000 1.637750 0.521221 0.380800 0.152730 0.622583 0.100000 0.100000 0.128669 0.100000 0.100000 0.100000 1.192747 0.100000 1.589856 0.792439 0.100000 0.100000 0.540476 0.100000 0.429222 0.100000 0.410192 0.361715 0.100000 0.100000 0.100000 0.445356 0.180579 0.995876 0.919143 0.100000 0.721335 0.228944 0.100000 1.378498 0.100000 0.100000 0.100000 0.376780 0.298184 0.208089 1.673142 0.553071 0.901769 0.100000 0.296626 0.100000 0.569976 0.963669 0.488917 0.100000 0.622725 0.824678 0.533962 0.100000 0.303174 0.100000 0.100000 0.861405 0.100925 0.100000 0.857968 0.249121 0.865769 0.100000 0.196280 0.100000 0.485635 0.332954 1.101300 0.358321 0.796777 1.141203 0.100000 0.536500 0.673131 0.941817 0.100000 1.351553 0.953360 0.350085 0.100000 
0.431663 0.881210 0.148682 0.292180 0.100000 0.734798 0.549427 0.100000 0.749870 0.730734 1.300681 0.200993 0.100000 0.952119 0.195115 0.297060 0.305606 0.100000 0.103276 0.567188 0.860790 0.445101 0.503684 0.206832 0.629018 0.100000 0.823427 0.100000 0.219060 0.974329 0.976277 0.947414 0.675127 0.854143 0.100000 0.575722 0.992093 0.930932 0.268060 0.100000 0.330191 0.215371 0.212722 0.655870 0.303796 0.231541 0.299403 0.512799 0.540558 0.485323 1.169536 0.410243 1.300928 0.616341 0.437480 0.100000 1.303710 0.824837 0.509638 0.687940 0.511395 0.434279 0.618261 0.616243 0.546376 0.100000 0.240078 0.794953 1.114161 0.740591 1.027132 0.100000 0.100000 0.152390 0.100000 1.564435 0.633956 0.738763 0.721321 0.951998 0.588465 0.390514 0.770616 0.912096 0.881976 0.115729 0.388362 0.100000 0.877893 0.810307 0.322971 
0.408280 1.127810 0.100000 0.100000 0.823199 0.100000 2.030392 0.100000 0.100000 0.767715 0.283549 0.100000 0.100000 0.731616 0.621758 0.235408 0.717967 0.578928 0.118489 0.103343 0.722415 0.517234 1.489289 0.277262 0.744700 0.100000 0.100000 0.100000 0.441945 0.207705 0.499633 0.401653 0.467181 0.686306 0.112851 0.123615 0.643003 0.417849 0.512197 0.100000 0.917451 0.100000 0.346678 0.714536 0.100000 0.100000 0.167121 0.100000 1.029129 0.514704 1.002291 0.719483 0.403655 0.500605 0.624941 0.100000 0.646609 0.100000 0.740532 0.383295 0.100000 0.186496 0.100000 0.936861 0.100000 0.100000 0.100000 0.592451 0.685351 0.814914 0.134244 0.399171 0.143553 0.100000 0.100000 0.515650 0.100000 0.626313 0.100000 0.888207 0.516225 0.100000 0.187478 0.490291 0.976951 0.124382 0.100000 0.100000 0.543223 0.539581 0.399166 
0.768017 0.407070 0.100000 0.565820 0.136415 0.561512 0.569865 0.193777 0.281112 0.100000 1.049390 0.321623 0.345245 0.882780 0.100000 0.584231 0.111960 0.100000 0.413712 0.100000 0.828417 0.464724 0.153279 0.100000 0.267060 0.246832 0.100000 0.100000 0.833794 0.837871 0.795888 1.140464 0.100000 0.518769 0.100000 0.570935 0.745904 0.273449 0.100000 0.165762 0.264712 0.270714 0.224254 0.153420 0.870939 0.100000 0.545013 0.100000 0.100000 0.660033 0.284629 0.277373 0.983672 0.100000 0.465628 0.100000 0.341455 0.636036 0.384864 0.100000 0.430986 0.422301 0.203971 0.487854 0.100000 0.143691 0.572666 0.596800 0.478966 0.281596 0.432334 0.108316 0.100000 0.614909 0.858457 0.214178 0.225082 0.477766 0.714022 0.136024 0.433600 0.100000 0.428534 0.478586 0.591286 0.100000 0.100000 0.214725 0.442548 0.100000 0.141346 
0.299118 0.644054 0.503251 0.194009 0.171991 1.033144 1.245537 0.349345 0.768425 1.166964 1.608891 0.422983 0.470632 0.585528 0.155025 0.934464 0.100000 0.906820 0.260012 0.969701 1.112583 0.903940 0.562583 0.881863 0.197972 0.712306 0.516305 0.350765 0.498338 0.614612 0.694881 0.681591 0.538382 0.888425 0.100000 0.385546 0.283836 0.294593 0.597993 0.340474 1.107820 0.276042 0.281231 0.807566 0.766065 0.229358 0.599369 0.454916 0.605739 0.449628 0.832165 0.432562 0.618933 0.410838 0.199335 0.426316 0.640749 0.491043 0.561298 0.448784 0.408730 0.717455 0.217447 1.263221 0.904029 0.146070 0.779415 0.707431 0.709377 0.110064 0.776166 0.536603 0.776005 0.258772 0.365646 1.073104 0.749840 0.707958 0.824491 0.426691 0.440280 0.447938 0.291434 1.141632 1.244059 0.403161 0.346717 0.455536 0.934961 0.639062 0.627275 
0.790821 0.423465 0.646815 0.257513 0.412501 0.215824 0.713517 0.363403 0.363141 1.244892 0.708847 0.100000 0.157120 1.106628 0.491794 0.634573 0.754341 0.499267 0.513729 0.853281 0.957855 0.218052 0.430087 0.209422 0.100000 0.701808 0.353501 0.534744 0.857862 0.733728 1.030369 0.972432 0.632842 0.893829 0.100000 0.100000 0.608242 0.100000 0.100000 0.100000 0.609295 0.100000 0.404034 0.477140 0.567307 0.100000 0.454813 0.487162 0.358170 0.168793 0.850855 0.206154 0.782463 0.680458 0.100000 0.174068 0.100000 1.135777 0.412365 0.663225 0.100000 1.029346 0.517824 0.538580 0.789923 0.100000 0.803636 0.709183 1.423985 0.157605 1.137732 0.436061 0.241528 0.100000 0.611460 0.665030 0.100000 0.492805 0.935702 0.684310 0.906608 0.502483 0.210324 0.751596 0.603513 0.617165 1.085384 0.428689 0.167211 0.952891 0.472131 
0.556891 0.856389 0.100000 0.100000 0.586393 1.369007 1.322243 0.100000 0.439349 0.382497 1.043682 0.116277 0.325626 0.100000 0.423508 0.719595 0.170249 0.249155 0.682364 0.873918 1.270467 0.100000 0.739346 0.878182 0.100000 0.100000 0.687293 0.255491 1.127298 0.403549 0.562957 0.499638 1.221761 0.369292 0.100000 0.178489 0.507384 0.100000 0.100000 0.100000 0.723107 1.179623 0.866393 0.994875 0.569697 1.196414 0.160152 0.188158 0.648457 0.709376 0.626308 1.002298 1.014475 0.925290 0.100000 0.140246 1.027930 1.677954 0.785881 0.464252 0.816259 0.231499 0.100000 1.141691 0.710946 0.342297 0.177945 0.749862 0.536562 0.575316 0.308434 0.100000 0.198951 0.577773 0.805908 0.456168 0.982733 1.411477 0.796144 0.374022 0.891004 0.845884 1.085664 1.196919 0.291799 0.100000 0.931368 0.270762 0.834405 0.442289 0.682955 
0.176202 0.127186 0.100000 0.100000 0.100000 0.201005 0.838020 0.751339 0.312894 0.977756 0.924454 0.697576 0.280150 0.449847 0.291314 0.651621 0.100000 0.524679 1.272888 0.376735 0.839826 0.100000 1.468528 0.424087 0.100000 0.300409 1.044730 0.130194 0.115454 0.384459 0.613235 0.898316 0.403876 0.739178 0.100000 0.367848 0.892415 0.469503 0.100000 0.100000 1.012005 0.598436 0.601647 0.695545 0.413328 0.459313 0.886218 0.404677 0.408737 0.976780 0.265849 0.671865 1.115375 0.437571 0.379125 0.378512 0.943322 1.093219 0.515705 0.694286 0.169895 0.708581 0.100000 0.351145 0.340960 0.100000 0.831892 1.088829 0.625837 0.100000 1.278320 0.351934 0.217248 0.365052 0.343922 0.336966 0.786096 0.176058 0.142376 1.348270 0.600685 0.839863 0.100000 1.203689 0.841340 0.271358 1.026561 0.100000 0.669923 0.670906 0.239486 
0.426070 0.419779 0.155025 0.597124 0.289189 0.219510 0.478757 0.100000 0.142221 0.100000 0.943301 0.133599 0.380800 0.166724 0.369978 0.559809 0.249145 0.100000 0.164242 0.396129 0.680735 0.282708 0.587512 0.100000 0.100000 0.285503 0.222354 0.199144 0.446670 0.100000 0.407360 1.160563 0.409626 0.100000 0.100000 0.981767 0.269040 0.100000 0.100000 0.157140 0.133418 0.638463 0.640947 0.328826 0.419695 0.100000 0.527819 0.359002 0.352554 0.394938 0.332179 0.945210 0.247364 0.177514 0.100000 0.100000 0.347723 0.607211 0.824126 0.865652 0.100000 0.726410 0.100000 0.535109 0.438004 0.166443 0.169532 0.326037 0.190202 0.426273 0.318478 0.100000 0.100000 0.100000 0.430876 0.343279 0.263386 0.100000 0.231872 0.799761 0.338785 0.511416 0.746230 0.100000 0.100000 0.424926 0.100000 0.205800 0.353458 0.144498 0.102969 
0.165958 0.929365 0.537600 0.100000 0.540034 0.100000 0.890956 0.398197 0.573194 1.023698 0.698797 0.421421 0.288285 0.892141 0.271747 0.803752 0.149607 0.316885 0.294545 0.809200 0.808031 0.634988 0.970850 0.100000 0.100000 0.365102 0.200303 0.302617 0.218762 0.497085 1.331302 0.867925 0.346081 0.164860 0.100000 0.623674 0.516926 0.142831 0.223758 0.280417 0.304581 0.836901 0.242042 0.380494 0.669006 0.649167 0.691753 0.702068 0.466330 0.616683 0.349282 1.010384 0.798137 0.552347 0.100000 0.100000 0.219615 0.236858 0.273358 0.643259 0.100000 0.661014 0.461491 0.366607 0.365335 0.218750 0.100000 0.866977 0.100000 0.798922 1.176722 0.368862 0.454670 0.100000 0.198277 1.096321 0.495832 0.847668 1.013634 0.698010 0.502295 0.100000 0.100000 0.948271 1.103455 0.109252 0.674649 0.100000 0.819902 0.258523 0.287920 
0.120673 0.837937 0.483224 0.100000 0.100000 0.849417 1.356273 0.425516 0.214203 0.568995 1.326472 0.433400 0.100000 0.100000 1.547956 0.100000 0.178683 0.100000 0.743023 0.100000 2.249431 0.874762 0.605931 0.977316 0.100000 0.297114 0.188640 0.100000 0.100000 0.100000 0.908315 1.454387 0.260455 0.100000 0.200965 0.549682 0.809796 0.256675 0.560896 0.100000 0.356329 0.100000 0.100000 0.628921 0.844786 0.304145 0.100000 0.100000 0.100000 0.272928 1.041779 0.347313 0.546388 0.172557 0.100000 0.465557 0.100000 0.223271 0.315567 0.267595 0.100000 0.999943 0.181451 0.399038 0.664167 0.100000 0.556696 0.515140 1.124080 0.895513 0.692533 0.100000 0.635687 0.100000 0.768063 0.565677 0.973887 0.675895 0.482517 0.100000 0.468961 0.332983 0.340412 1.463825 1.874994 0.100000 0.344530 0.142943 0.597670 0.100000 0.462663 
1.053286 0.704957 0.751604 0.749373 0.100000 1.254087 0.805130 0.168310 1.332169 1.735395 0.998676 0.664182 0.100000 0.852153 0.261432 0.732919 1.149834 0.519524 0.100000 0.100000 1.526881 0.907296 0.100000 0.100000 0.176802 0.100000 0.100000 0.100000 1.068520 1.098223 1.028270 0.457862 1.048938 0.718513 0.432714 0.667729 0.100000 0.162654 0.580389 0.612765 1.135549 0.637854 0.329608 0.841784 0.100000 0.888732 0.599794 0.133709 0.100000 0.571410 0.257018 1.161052 0.823761 0.372525 0.100000 0.100000 0.347270 0.595192 0.698107 0.906478 0.190270 0.852948 0.350601 1.208240 0.935105 0.982758 0.525917 0.513954 0.624318 0.152727 0.685713 0.408770 0.100000 0.100000 0.100000 0.154525 1.303643 0.224592 0.871864 0.924585 1.009639 0.347916 0.435300 0.980580 0.117936 0.161734 0.620588 1.028031 1.394314 0.100000 0.947427 
0.743766 0.748105 0.100000 0.347572 0.722979 1.001489 0.574723 0.473655 0.100000 0.100000 0.967730 0.100000 0.100000 1.218738 0.413543 0.691608 0.316735 0.100000 0.663012 0.100000 1.723823 1.259179 0.261744 0.219998 0.582737 1.002110 1.301410 0.100000 0.428157 0.599600 0.673385 0.351322 0.100000 0.518943 0.100000 0.100000 1.186794 0.855730 0.100000 0.100000 0.100000 0.100000 0.429234 1.199853 1.013285 0.631097 0.819302 0.447248 1.028092 1.575596 0.100000 0.534844 0.783378 0.837328 0.235748 0.100000 0.337128 0.620666 0.100000 0.325699 0.488033 0.100000 0.197283 0.138884 0.100000 0.100000 0.100000 0.553549 0.544603 0.691313 0.295900 0.931267 0.100000 0.100000 0.873563 1.329178 0.661328 0.100000 0.100000 0.967235 0.213744 1.068556 0.100000 1.209997 0.893446 1.060776 0.428054 0.100000 0.450668 0.286424 0.595937 
1.204669 0.688725 0.100000 0.488867 0.100000 0.134254 1.299202 0.573438 0.348619 0.100000 0.702451 0.381990 0.284585 0.100000 0.100000 0.401688 0.159164 0.173860 0.100000 0.100000 1.186298 0.100000 0.794522 0.100000 0.100000 0.644580 0.487215 0.556774 0.277009 0.354547 0.480064 0.853148 0.706312 0.416301 0.100000 0.402776 0.751647 0.322559 0.582727 0.255093 0.614708 0.100000 0.227718 0.345205 0.783200 0.100000 0.225052 0.100000 0.100000 0.100000 0.362435 0.487949 0.110337 0.346394 0.100000 0.100000 0.812004 0.674357 0.679104 0.519327 0.100000 0.980172 0.309557 0.451562 0.100000 0.294616 0.100000 0.469124 0.803679 0.100000 0.647426 0.453379 0.465629 0.208509 0.468979 0.615097 0.590066 0.132228 0.266724 0.761080 0.168854 0.389358 0.304277 0.477731 0.721811 0.184494 0.272053 0.735064 0.100000 0.257807 0.643845 
0.225879 0.100000 0.504964 0.276398 0.839797 0.100000 0.992916 0.100000 0.121292 0.100000 1.060604 0.100000 0.457029 0.100000 0.700950 0.485215 0.111163 0.100000 1.169529 0.180832 1.355770 0.100000 1.951073 0.259883 0.779218 0.100000 0.219834 0.524307 0.374320 0.744349 0.100000 0.347415 0.100000 0.338975 0.510755 0.146845 1.169786 0.870135 0.100000 0.702085 1.062348 0.398803 0.886102 1.063150 0.548548 1.148908 0.245020 0.758291 0.524351 0.689274 0.708984 0.758077 0.100000 0.543213 0.499984 0.668506 0.445253 0.100000 0.920178 0.320410 0.132998 0.100000 1.365821 0.998836 1.081619 0.113842 1.248442 1.380407 0.540058 0.652872 0.801393 0.430114 0.100000 0.100000 0.100000 0.702061 0.354316 0.100000 0.182466 0.713291 0.656008 0.100000 0.100000 0.796309 1.580036 1.039086 0.750685 0.750708 0.802900 0.125806 0.445744 
1.108231 0.100000 0.479030 0.470818 0.100000 0.620685 0.688426 0.326275 0.240956 0.100000 0.662558 0.448041 1.204619 0.661573 0.100000 1.669614 0.100000 0.926843 1.003345 0.870326 0.100000 0.818003 0.140023 0.472853 0.100000 0.826576 0.100000 0.100000 1.313709 1.481957 0.197279 1.663473 0.750613 0.645303 0.100000 0.100000 0.205804 0.149071 0.100000 0.290575 0.825343 0.268350 0.601441 0.937243 0.100000 0.439714 0.885259 0.738687 0.100000 0.828715 1.104920 1.622380 0.100000 0.202820 0.100000 0.712187 0.100000 0.100000 0.256045 1.018811 0.100000 0.227585 0.633260 0.979495 0.767457 0.353155 0.100000 1.028677 1.036315 0.100000 0.774487 0.526849 0.417517 0.100000 0.493184 0.681474 0.481909 0.100000 0.100000 1.047503 0.100000 0.100000 0.397189 1.566611 1.438958 0.100000 0.163717 0.862530 0.898307 0.447579 0.787716 
0.732360 0.548923 0.100000 0.677272 0.100000 0.100000 1.280467 0.100000 0.740091 0.583539 1.769172 0.581871 0.593201 1.539675 0.100000 0.871109 0.696546 0.100000 0.106416 0.760803 1.319278 0.178018 0.551141 0.100000 0.329252 0.302784 0.862507 0.100000 0.689477 0.250222 1.090833 0.744421 0.146837 0.448089 0.432747 0.591198 0.874030 0.100000 0.100000 0.382040 0.180943 0.115440 0.991697 0.446023 0.472874 0.341538 0.597521 0.448931 0.807829 0.616481 1.087300 0.918381 0.584164 0.882729 0.100000 0.643812 1.142533 0.490515 0.677016 0.802002 0.498351 1.039372 0.376858 0.590112 0.756338 0.611741 0.626936 0.806408 0.570804 0.576224 0.738969 0.100000 0.100000 0.425869 0.268076 0.197122 0.305868 0.100000 0.847888 0.840668 0.665056 0.347061 0.370101 0.859239 0.711426 0.104147 0.749840 0.552439 0.100000 0.100000 0.882472 
0.100000 0.589374 0.605118 0.100000 0.370198 0.408540 0.584870 0.100000 0.183482 0.109092 0.495222 0.483319 0.100000 0.707812 0.100000 0.912044 0.108780 0.100000 0.424001 0.100000 0.407433 0.696239 0.252279 0.100000 0.100000 0.100000 0.100000 0.100000 0.552530 0.713052 0.386057 0.672517 0.492018 0.303068 0.243051 0.372748 0.100000 0.341078 0.406214 0.310069 0.731119 0.100000 0.527278 0.315485 0.100000 0.232408 0.134074 0.137729 0.259405 0.603000 0.402366 1.066594 0.247878 0.270100 0.201121 0.100000 0.100000 0.558352 0.337138 0.674784 0.264198 0.842540 0.100000 0.585331 0.383402 0.100000 0.401533 0.778412 0.836461 0.168749 0.865727 0.187618 0.100000 0.100000 0.156007 0.817404 0.441987 0.100000 0.786342 0.127277 0.403037 0.143774 0.100000 1.050937 0.964223 0.100000 0.221829 0.100000 0.342814 0.172408 0.711530 
0.275228 0.100000 0.370984 0.100000 0.100000 0.955268 0.795140 0.166703 0.249411 0.617478 0.954359 0.141984 0.484283 0.199910 0.100000 0.358072 0.366615 0.141122 0.788042 0.187322 1.097966 0.100000 1.277362 1.009594 0.268781 0.541421 0.100000 0.100000 0.773888 0.721255 0.710178 0.100000 0.744145 0.557249 0.100000 0.100000 0.527712 0.100000 0.461935 0.100000 0.167932 0.100000 0.247174 0.606197 0.100000 0.358583 0.341689 0.100000 0.100000 0.521623 0.701967 0.100000 0.558264 0.100000 0.100000 0.100000 0.467802 1.062938 0.557492 0.297435 0.205266 0.876737 0.100000 0.596090 0.123410 0.392190 0.100000 0.604592 0.732601 0.432397 0.689373 0.100000 0.132683 0.292808 0.100000 0.583420 0.785852 0.181826 1.154941 0.978122 0.239363 0.100000 0.205168 0.195281 0.533616 0.271612 0.419047 0.416519 0.100000 0.177132 0.132109 
0.433554 0.534831 0.100000 0.811865 0.764862 0.302867 1.120427 0.702671 0.417082 0.745548 1.120260 0.449305 0.416917 0.141976 0.114173 0.826911 0.100000 0.522003 0.699302 0.741624 1.097471 0.285109 0.438137 0.320601 0.553400 0.977432 0.518437 0.202202 0.544335 0.453006 0.558220 0.553288 0.576502 0.166804 0.100000 0.451148 0.100000 0.459265 0.366972 0.574231 0.842797 0.345010 0.697326 1.115105 0.636716 0.183892 0.891518 0.459736 0.419062 0.100806 0.839051 0.970190 0.463216 0.543071 0.100000 0.908149 0.567399 0.576679 0.328690 0.446356 0.100000 1.025207 0.260988 0.785368 0.345310 0.100000 0.771644 0.393217 0.484078 0.919042 0.618416 0.490755 0.688853 1.128717 0.445070 0.590499 0.613318 0.904156 0.916196 0.923715 0.642233 0.100000 0.100000 1.238949 1.179261 0.243897 0.100000 0.179601 0.690293 0.558126 0.871122 
0.100000 0.722663 0.100000 0.154792 0.100000 0.476252 0.421902 0.100000 0.100000 0.190017 1.027454 0.783997 0.204142 0.275426 0.100000 0.455237 0.382829 0.147501 0.514608 0.226933 0.328749 0.153822 0.100000 0.206582 0.140950 0.100000 0.100000 0.285604 0.927001 0.321284 0.171196 0.335843 0.279458 0.159111 0.100000 0.531024 1.186651 0.303597 0.736823 0.100000 0.373852 0.100000 0.408008 0.805712 0.164792 0.326483 0.759601 0.596399 0.361477 0.626289 1.410526 0.341348 0.705589 0.458400 0.186037 0.560125 0.200297 1.009418 0.100000 0.580660 0.100000 0.135600 0.100000 0.386781 0.100000 0.100000 0.350994 0.210421 0.790208 0.100000 0.718603 0.100000 0.100000 0.100000 0.100000 0.100000 0.396947 0.381662 0.541818 0.395270 0.641550 0.100000 0.310356 0.713521 0.923132 0.100000 0.137261 0.107685 0.251333 0.368456 0.328324 
0.656459 0.374484 0.136052 0.100000 0.100000 0.827844 1.275626 0.100000 1.010417 0.190041 0.997933 0.683398 0.121247 0.632897 0.100000 0.559602 0.194188 0.100000 0.796410 0.100000 0.854759 0.576577 0.739537 0.100000 0.100000 0.712171 0.100000 0.100000 0.789004 0.838392 1.603438 1.226864 0.700870 0.100000 0.451711 1.009823 0.100000 0.100000 0.100000 0.510205 0.670307 0.100000 0.175928 0.671780 0.804141 0.214480 0.826884 0.520278 0.257848 0.772122 1.110050 0.868841 0.569234 0.100000 0.427192 0.291630 0.110315 1.020211 0.584692 0.100000 0.607920 0.564634 0.576752 0.331398 0.100000 0.903475 0.989499 1.092291 1.232658 0.833663 0.412033 0.100000 0.100000 0.100000 0.100000 0.125931 0.311716 0.416481 0.565759 0.484837 0.100000 0.822998 0.358478 0.884507 0.701582 0.100000 1.175423 0.100000 0.898612 0.610138 0.160740 
0.662632 0.551460 0.100000 0.100000 0.311795 0.475588 0.853455 0.798861 0.100000 0.100000 1.108936 0.413059 0.585993 0.304072 0.100000 0.755825 0.100000 0.100000 0.247603 0.549862 0.804579 0.100000 0.100000 0.639731 0.829031 0.311597 0.389741 0.100000 0.550385 0.107922 0.421285 0.266315 0.232206 0.477113 0.100000 0.148785 0.458039 0.179424 0.942823 0.317221 0.488939 0.100000 0.100000 0.635566 0.178569 0.100000 0.262663 0.477763 0.113318 0.100000 0.188438 0.532105 0.371173 0.405183 0.100000 0.175724 0.100000 1.163829 0.108028 0.211869 0.175464 0.846360 0.427863 0.459690 0.466611 0.383775 0.221978 0.896738 1.029506 0.100000 1.285676 0.100000 0.370680 0.100000 0.283741 0.245907 0.766316 0.337390 0.603117 0.529443 0.237041 0.219903 0.233530 0.505557 0.563333 0.417234 0.100000 0.363573 0.100000 0.972686 0.100000 
