82 Number of operations
23 Number of workers
Standard production times
0.395487 0.532490 0.222502 0.307822 0.261232 0.472611 0.856732 0.348992 0.510849 0.592732 0.929213 0.391227 0.206876 0.575733 0.100000 0.623915 0.189126 0.198222 0.386496 0.383715 0.967043 0.350765 0.541102 0.253267 0.159032 0.456081 0.295062 0.100000 0.627160 0.519564 0.619080 0.716055 0.419631 0.380416 0.100000 0.410165 0.555420 0.278717 0.305743 0.100000 0.571778 0.269913 0.412373 0.663896 0.543813 0.237312 0.591981 0.366152 0.400966 0.541476 0.611755 0.607141 0.514341 0.395286 0.100000 0.249166 0.430479 0.769328 0.427803 0.599307 0.100000 0.665435 0.232499 0.665336 0.283636 0.157893 0.336602 0.575480 0.716322 0.403792 0.756102 0.159809 0.168989 0.100000 0.420959 0.465930 0.486587 0.338208 0.671367 0.487711 0.500298 0.406885 
Production times: workers row and ops columns
0.847546 0.100000 0.670958 0.523645 0.100000 0.702539 0.865506 1.224581 1.161449 0.824939 0.813437 0.316203 0.209361 0.507662 0.100000 0.546623 0.206273 0.143157 0.276919 0.205047 1.832175 0.100000 0.334678 0.482986 0.161958 0.683228 0.634816 0.578784 0.952749 0.321436 1.051823 0.286580 0.485305 0.330964 0.100000 0.687665 0.600443 0.684673 0.100000 0.453894 0.821160 0.407864 0.100000 0.688364 0.179810 0.100000 1.675904 0.757410 1.038744 0.512772 0.920614 0.916366 0.794796 0.496384 0.131526 0.100000 0.713522 0.996377 0.863169 0.617034 0.722544 0.631185 0.100000 1.046785 0.243132 0.100000 0.474049 0.902430 0.888753 0.653020 2.088709 0.506146 0.728517 0.100000 0.630475 0.798155 0.477243 0.175414 0.890323 0.493326 0.422171 0.851735 
1.063270 0.683804 0.100000 0.565007 0.675961 0.787922 0.130050 0.179984 0.690415 0.903843 1.409604 0.770412 0.100000 0.222022 0.100000 1.526153 0.279331 0.474804 0.903010 0.219214 0.391542 0.137504 0.467029 1.003986 0.593831 0.100000 0.627173 0.467442 0.100000 0.465306 0.100000 0.881299 0.261785 0.100000 0.100000 0.530141 0.278946 0.428480 0.582075 0.100000 0.415643 1.342252 0.472926 0.240482 0.574044 0.100000 1.158354 0.551304 0.943869 0.992565 0.806903 1.094896 0.610128 0.100000 0.100000 0.100000 0.100000 1.682326 0.100000 0.560987 0.100000 0.100000 0.191376 0.513003 0.203774 0.432366 0.100000 0.764877 0.972947 0.236370 0.614342 0.429021 0.197614 0.179544 0.100000 0.495190 0.674860 0.270468 0.839321 1.439899 0.542980 0.739552 
0.100000 0.176787 0.100000 0.100000 0.158951 0.100000 0.704233 0.100000 0.100000 0.290034 0.509093 0.100000 0.100000 0.370354 0.313643 0.934620 0.306732 0.100000 0.735581 0.100000 0.260034 0.331157 0.440440 0.111480 0.100000 0.100000 0.100000 0.370210 0.835615 0.203000 1.099027 0.294816 0.148217 0.368146 0.100000 0.163786 0.403499 0.100000 0.466996 0.177842 0.141989 0.100000 0.366393 0.543817 0.207488 0.264738 0.737946 0.100000 0.537684 0.100000 0.100000 0.657123 0.163986 0.100000 0.100000 0.100000 0.428599 0.232720 0.216348 1.447597 0.100000 0.100000 0.312445 0.730151 0.598771 0.102397 0.100000 0.898130 0.829940 0.100000 0.880381 0.100000 0.402182 0.100000 0.556803 0.424181 0.562448 0.232092 0.447044 0.407905 0.589837 0.432162 
1.203075 0.745293 0.540184 1.358936 0.294295 0.740390 0.555161 0.369971 1.331806 0.748581 1.654798 0.100000 0.100000 0.729496 0.100000 1.959084 0.813352 0.100000 0.302911 0.100000 1.175054 0.321841 1.007046 0.987434 0.100000 0.100000 0.576397 0.100000 1.199587 0.443505 1.033975 0.884088 0.325109 0.155752 0.456762 1.675033 0.974228 0.212876 0.659540 0.157027 0.100000 0.424836 1.186519 0.505982 0.100000 0.481560 1.507454 0.836240 0.910324 1.692665 1.422301 0.963483 0.409989 0.464095 0.100000 0.673341 0.100000 1.542022 0.500723 0.399254 0.507603 0.100000 0.100000 0.336477 0.693918 0.100000 1.049085 0.352051 0.976876 0.100000 1.333867 0.100000 0.428451 0.100000 0.100000 0.350472 1.035592 0.100000 0.100000 0.333717 0.890675 0.100000 
0.332322 0.687780 0.223299 0.493984 0.718090 0.578972 0.937109 0.678827 0.592358 0.406863 0.724875 0.156648 0.880656 0.662154 0.373073 0.939257 0.100000 0.486854 0.317148 0.100000 1.002528 0.128256 0.539711 0.456231 0.943794 0.407347 0.345874 0.311487 0.783116 0.572036 0.394201 0.529067 0.464618 0.132474 0.100000 0.134731 0.992765 0.100000 0.976349 0.100000 0.355304 0.100000 0.746217 1.071876 0.389213 0.436774 0.647103 0.393420 0.546325 0.870996 0.136766 0.100000 0.676348 0.474023 0.405428 0.100000 0.234508 1.332389 0.134722 0.808337 0.100000 0.643849 0.100000 1.121151 0.100000 0.100000 0.163582 1.028416 0.906085 0.707573 0.850803 0.330621 0.417200 0.663883 0.595016 0.125298 0.930717 0.466875 0.439135 0.534825 0.305471 1.132889 
0.223175 0.100000 0.374119 0.100000 0.905616 0.540074 0.100000 0.100000 0.100000 0.213805 0.607341 0.100000 0.305008 0.137785 0.100000 0.999866 1.137593 0.100000 1.292538 0.100000 1.248396 0.100000 0.504101 0.100000 0.100000 0.298675 0.121592 0.305722 1.790355 0.202538 0.541875 0.100000 0.100000 1.075997 0.100000 0.100000 0.566051 0.734176 0.463381 1.033104 0.480529 0.100000 0.481851 0.723621 0.134363 0.100000 0.298787 1.233410 0.100000 0.100000 0.751472 0.100000 0.727850 0.598780 0.100000 0.100000 0.130219 1.576765 0.625280 0.100000 0.100000 0.626662 0.225829 0.281174 0.429253 0.100000 0.875017 0.794185 0.669723 0.471608 0.314747 0.602181 0.360591 0.100000 0.479857 0.197588 1.730179 0.112528 0.930785 0.669935 0.101123 0.409714 
0.399207 0.707344 0.399395 0.638109 0.596138 0.450492 0.799264 0.272050 0.352089 0.169871 1.210315 0.467343 0.243494 0.178412 0.100000 0.100000 0.258238 0.498990 0.664788 0.460283 0.743421 0.448070 0.641810 0.564993 0.488792 0.476210 0.384657 0.408858 0.864316 0.568354 0.100000 0.616501 0.771245 0.525364 0.485953 0.406593 0.679502 0.616774 0.612091 0.317505 0.998436 0.770506 0.929477 0.268393 0.497917 0.238741 0.582596 0.100000 0.891302 0.341084 0.741605 0.100000 0.462219 0.417871 0.100000 0.569789 1.244624 0.606654 0.268240 1.224852 0.368612 0.670607 0.100000 0.985131 0.447584 0.723647 0.175316 0.623411 0.723941 0.438743 1.173392 0.512520 0.100000 0.172303 0.451715 0.832667 0.533713 0.102820 0.667774 0.573378 0.875464 0.889633 
1.040871 0.714544 0.100000 0.598465 0.165770 0.159984 1.001358 0.549141 0.942615 0.140291 0.100000 0.640819 0.100000 1.070809 0.100000 0.328870 0.100000 1.216547 0.151092 0.335730 0.696970 0.223509 0.947940 0.297333 0.144564 1.042422 0.100000 0.656765 1.415605 0.100000 0.745553 0.100000 0.100000 0.100000 0.352682 0.779491 0.362107 0.100000 0.100000 0.100000 0.247176 0.100000 0.283811 0.595407 1.625044 0.566087 0.511849 0.392665 0.555144 0.180332 0.100000 0.231454 0.390269 0.442072 0.100000 0.100000 0.286627 0.784358 0.701434 0.466148 0.307052 0.153941 0.627260 0.624962 0.100000 0.100000 0.378013 0.100000 1.067328 0.225724 0.972096 0.100000 0.312862 0.452225 0.189526 0.358704 0.190103 0.494010 0.676384 0.727113 0.460145 0.100000 
0.100000 0.491537 0.454564 1.080621 0.615878 0.382633 0.342972 0.597341 0.610263 0.323233 1.291920 0.487995 0.177775 0.100000 0.484737 0.739187 0.209320 0.100000 0.371353 0.850270 1.219211 1.047716 0.955619 0.453096 0.524340 0.600747 0.100000 0.100000 0.823560 0.335630 0.560038 0.438293 1.022894 0.100000 0.100000 0.240469 0.943752 0.713672 0.236208 0.369537 0.400770 0.367620 1.293483 1.044671 0.628553 0.100000 0.599580 0.100000 0.100000 0.821315 0.884638 0.765320 0.912393 0.100000 0.617639 0.100000 0.642766 1.004758 0.850112 1.298140 0.303635 0.650594 0.100000 0.842737 0.129112 0.100000 0.375750 0.876824 0.723327 0.187793 0.898594 0.100000 0.100000 0.637691 0.593821 1.159996 0.144198 0.749284 0.718310 1.391604 0.535670 0.373548 
0.422633 0.489178 0.100000 0.481346 0.368286 0.638319 0.876857 0.100000 0.200765 0.670630 0.547496 0.800641 0.116624 0.237479 0.311269 0.517857 0.448280 0.161758 0.816985 0.168669 0.211790 0.100000 0.100000 0.330236 0.601775 0.297570 0.100000 0.204876 0.663270 0.305215 0.641465 0.617978 0.100000 0.486101 0.100000 0.100000 0.384523 0.649118 0.794454 0.420041 0.323278 0.100000 0.415556 0.515295 0.485523 0.100000 0.226115 0.100000 0.532777 0.760171 0.306968 0.681926 0.606803 0.100000 0.100000 0.393196 0.100000 1.043213 0.265952 0.517117 0.100000 0.120903 0.234210 0.563288 0.100000 0.100000 0.361795 0.431255 0.457249 0.327922 0.882350 0.100000 0.100000 0.249264 0.232036 0.541538 0.342797 0.100000 0.188833 0.117561 0.330055 0.100000 
0.586991 1.082294 0.101421 0.100000 0.100000 0.585270 1.062720 0.377785 0.859029 0.256522 0.802941 0.529103 0.100000 0.819333 0.347794 0.488004 0.100000 0.100000 0.934267 0.100000 0.996909 0.100000 1.694660 0.100000 0.475887 0.100000 1.891013 0.100000 0.805378 0.100000 1.028684 0.100000 0.197875 0.100000 0.100000 0.410479 1.426033 0.100000 0.578199 0.120965 0.267321 0.163815 0.607723 0.645136 0.521787 0.100000 0.391467 0.608143 0.100000 0.281988 0.648469 0.770126 0.707340 0.294291 0.100000 0.629908 0.931215 1.366583 0.597533 1.021003 0.100000 0.108279 0.144834 0.540490 0.779466 0.554388 0.100000 0.360974 0.689889 0.435289 1.458367 0.100000 0.805111 0.100000 0.100000 1.289868 0.673200 0.379174 0.955729 0.370470 0.517853 0.505277 
0.494362 0.700908 0.100000 0.476790 0.100000 0.752622 0.762659 0.461973 0.638620 0.213477 0.652315 0.309163 0.419277 1.032486 0.100000 0.274504 0.298224 0.177256 0.751025 0.973013 1.924883 0.100000 0.294610 0.205226 0.535861 0.780899 0.313029 0.470807 0.342812 0.327298 0.757941 0.175717 1.188999 0.100000 0.100000 0.558513 0.100000 0.100000 0.213090 0.726784 2.076494 0.345736 0.100000 0.784415 0.865290 0.100000 0.755146 1.142319 0.636616 0.144401 0.327449 0.100000 0.290889 0.100174 0.781913 0.100000 0.100000 0.856470 0.713320 0.318808 0.187570 0.988610 0.590940 0.839476 0.544114 0.100000 0.725785 0.636821 0.297855 0.200064 0.603067 0.100000 0.100000 0.100000 0.100000 1.526322 0.667340 1.429074 0.525012 1.280179 0.426826 1.176591 
0.565454 0.654565 0.100000 0.268421 0.554624 0.100000 0.547282 0.100000 0.132866 0.672826 1.074569 0.228416 0.440901 0.252744 0.100000 0.558660 0.206943 0.100000 0.100000 0.451329 1.374008 0.137069 0.447254 0.100000 0.100000 0.100000 0.245177 0.462386 0.682511 0.201970 0.758723 0.100000 0.679703 0.369363 0.100000 0.211692 0.182159 0.773366 0.374093 0.100000 0.268648 0.214381 0.138947 0.631003 0.553791 0.100000 0.671935 0.763212 0.392867 0.623862 0.354932 0.351768 0.501825 0.100000 0.100000 0.392812 0.133589 0.730444 0.357983 0.617555 0.174916 0.718893 0.100000 0.805327 0.100000 0.160349 0.100000 0.496362 0.358293 0.715189 0.749616 0.100000 0.100000 0.100000 0.706329 0.169558 0.674683 0.168534 0.467320 0.100000 0.479671 0.608368 
0.521168 0.581529 0.100000 0.228952 0.100000 0.109781 0.857110 0.100000 0.544387 0.387053 1.245310 0.229456 0.237818 0.758794 0.155732 0.695492 0.100000 0.344333 0.100000 0.100000 0.112730 0.126222 0.215462 0.100000 0.100000 0.279333 0.100000 0.100000 0.745631 0.100000 0.476892 0.542229 0.100000 0.121910 0.396290 0.390569 0.258678 0.369411 0.285089 0.100000 0.334454 0.129526 0.289355 0.639445 0.419359 0.125344 0.306372 0.129790 0.119726 0.567524 0.451002 0.306889 0.613798 0.995917 0.100000 0.505277 0.150449 0.714975 0.583158 0.820104 0.623813 0.411687 0.148652 0.964461 0.567432 0.100000 0.232347 0.774987 0.981782 0.100000 0.762503 0.100000 0.372977 0.527319 0.100000 0.300453 0.100000 0.100680 0.734257 0.563234 0.521884 0.100000 
0.243100 1.192168 0.391897 0.280546 0.437109 0.399005 1.006366 0.220225 0.409110 0.223944 1.554662 0.707028 0.494242 0.936559 0.162958 0.400040 0.443046 0.505444 0.648014 0.366979 0.614920 0.688968 0.764746 0.336243 0.189606 0.518214 0.227567 0.100000 0.696065 0.490986 0.815532 0.724042 0.605826 0.120006 0.336174 1.130778 0.626633 0.568008 0.668997 0.307324 0.745321 0.100000 0.268768 1.227798 0.706214 0.401740 1.274867 0.100000 0.817673 0.837985 0.129866 0.518849 0.743094 0.286141 0.100000 0.532297 0.475472 0.927629 0.480683 0.740833 0.292166 1.429380 0.455277 0.556502 0.499430 0.337068 1.429806 0.250420 1.025307 0.583176 1.316408 0.100000 0.100000 0.306891 0.773443 0.699216 0.777600 0.425825 1.073537 0.627509 0.450340 0.948254 
0.237926 0.152818 0.205027 0.367480 0.342683 0.483610 1.070059 0.347961 0.351011 1.112889 0.977696 0.819856 0.359742 0.822006 0.663163 0.168087 0.627624 0.318321 0.748794 0.349715 1.070096 0.405348 0.311279 0.334761 0.802191 0.938148 0.816559 0.133070 0.675203 0.487689 0.103046 0.744651 0.296373 0.742919 0.479853 0.642098 0.388778 0.201513 0.809202 0.298289 0.974840 0.237092 0.803075 0.667689 0.499607 0.419722 0.476176 0.122545 0.910264 0.850808 0.571128 0.701960 0.954804 0.342608 0.100000 1.029348 0.100000 0.732545 0.100000 0.100000 0.298263 0.372084 0.522424 0.717598 0.333815 0.442484 0.632177 1.083268 0.401545 0.279897 1.057931 0.489832 0.107966 0.100000 0.521825 0.100000 0.100000 0.774774 0.384022 1.199986 0.634530 0.587059 
1.743201 0.981409 0.100000 0.100000 0.100000 0.100000 1.040216 0.359349 0.164400 1.027432 0.623989 0.100000 0.100000 0.540494 0.246829 1.545893 0.100000 0.442492 0.879080 0.667795 1.098146 0.100000 0.327427 1.318891 0.229109 0.420384 0.100000 0.207264 1.471874 0.203583 0.140301 0.664317 0.150884 0.100000 1.157733 0.773559 0.100000 0.217791 0.734843 0.100000 0.944731 0.100000 0.640088 0.606449 0.792505 0.174279 0.228964 0.529560 0.597052 0.830856 0.100000 0.323084 0.367179 0.219372 0.100000 0.258002 1.073489 1.593301 0.973658 0.836387 0.100000 0.304402 0.465895 0.171856 0.808599 0.100000 0.380376 0.323059 0.814213 0.100000 0.568405 0.100000 0.100000 0.100000 0.875601 0.100000 0.807321 0.228689 0.859690 0.436252 0.430283 0.100000 
1.260829 0.915716 0.588779 0.100000 0.125718 0.322212 0.979726 0.210575 0.765057 0.689054 1.233695 0.793175 0.100000 0.455705 0.100000 0.936473 0.223541 0.131488 0.100000 0.554520 1.024586 0.447208 0.497218 0.100000 0.597986 0.520753 0.434612 0.100000 1.089926 0.336447 0.542776 0.515270 0.152798 0.674199 0.100000 0.164731 0.570142 0.255010 0.379573 0.100000 0.706298 0.100000 0.203652 0.940275 0.858450 0.100000 0.767673 0.418959 0.808465 0.292198 0.791112 0.924900 0.171972 0.263955 0.446168 0.247810 0.763838 0.886039 0.100000 0.698673 0.284314 0.567730 0.607636 0.341148 0.336671 0.131239 0.163146 0.210469 0.180090 0.107309 0.772436 0.100000 0.193188 0.101473 0.352266 0.601304 0.808178 0.100000 0.817327 0.100000 1.225215 0.201145 
0.153422 0.915188 0.381662 0.724043 0.918469 0.277112 1.791631 0.100000 0.324138 0.985562 0.100000 0.100000 0.100000 0.944741 0.100000 1.008429 0.100000 0.646952 0.730164 0.100000 0.791443 0.221631 0.316266 0.100000 0.800214 0.630660 0.485337 0.100000 0.578533 1.029570 0.648020 0.422671 0.338621 0.747675 0.100000 0.100000 0.142370 0.318429 0.100000 0.100000 0.771411 1.343358 1.105662 0.824284 0.100000 0.350448 0.100000 0.100000 0.922368 0.120423 0.915175 0.673679 0.946870 0.273296 0.100000 0.985838 0.752107 0.926550 0.412030 0.860210 0.100000 0.952106 0.170124 0.100000 0.100000 0.100000 1.322280 1.254891 0.510112 0.100000 0.498291 0.100000 0.766174 0.100000 0.100000 0.202697 0.100000 1.082299 0.587880 0.527257 0.467461 0.100000 
0.507671 0.768619 0.100000 0.477496 0.100000 0.412192 1.247677 0.139572 0.757092 0.628372 0.924578 0.132913 0.100000 0.572647 0.691693 0.811293 0.789081 0.208197 0.100000 0.973959 0.940271 0.902903 0.919381 0.677777 0.387185 0.100000 0.713814 0.245204 1.007884 0.970692 0.785002 1.047531 0.100000 0.434683 0.459339 0.740165 0.117894 0.100000 0.100000 0.123255 0.709212 1.087638 1.032155 0.294123 0.859472 0.100000 0.988582 0.100000 1.048765 0.265072 0.432569 0.147101 0.922675 0.428197 0.313821 0.621736 0.100000 1.598405 0.813477 0.716385 0.101014 0.538318 0.100000 1.126592 0.381422 0.148780 0.100000 0.661700 1.736970 0.635669 0.100000 0.100000 0.525906 0.100000 0.565963 0.778068 0.834583 1.331246 0.473900 0.602228 0.204071 0.100000 
0.100000 0.870189 0.563346 0.100000 0.405581 0.323506 1.028357 0.100000 0.508385 0.539010 0.570643 0.127456 0.100000 0.485080 0.505123 1.008313 0.576514 0.285939 0.584203 0.100000 0.892894 0.592982 0.557797 0.100000 0.214101 0.431268 0.260291 0.100000 0.739368 0.382282 0.300007 0.624863 0.503062 0.697763 0.356091 0.100000 0.785413 0.362520 0.360956 0.430163 0.991996 0.384370 0.295530 0.419508 0.529445 0.275314 0.307005 0.808448 0.786908 0.727454 1.109945 0.802137 0.332434 0.592433 0.634411 0.106834 0.100000 0.988622 0.100000 0.221003 0.133662 0.468258 0.673793 0.594255 0.399679 0.416607 0.276601 0.654945 0.100000 0.937184 0.706206 0.100000 0.100000 0.100000 0.159636 0.444898 0.205533 0.100000 0.350825 0.149007 0.520921 0.351387 
0.346979 0.733744 0.137267 0.397508 0.277488 0.697922 0.695100 0.405056 0.601585 0.365261 1.044672 0.478349 0.583087 0.345369 0.100000 0.240332 0.353243 0.138219 0.189862 0.554632 1.324138 1.014306 1.011597 0.159781 0.692967 0.332481 0.520542 0.431305 0.286513 0.659442 0.748266 1.469680 0.338521 0.707017 0.148036 0.535394 0.376736 0.672726 0.779315 0.556224 0.161931 0.100000 0.490327 1.102115 0.884642 0.260154 0.485445 0.968834 0.926554 0.422415 0.692419 0.679045 1.236909 0.707160 0.536982 0.100000 0.613783 0.837813 0.572804 0.821947 0.179007 0.449163 0.681297 0.483918 0.146812 0.100000 0.542386 0.713167 0.619096 0.243395 0.906628 0.171237 0.100000 0.335916 0.792712 0.675713 0.840660 0.511538 1.235246 0.860646 0.501059 0.837437 
0.605275 0.481739 0.123476 0.322955 0.100000 0.347758 0.811795 0.100000 0.352416 0.398709 0.570399 0.450799 0.369624 0.779128 0.541628 0.672154 0.146398 0.299756 0.860774 0.959756 0.900780 0.571588 0.595749 0.525865 0.100000 0.430144 0.100000 0.100000 0.841048 0.343876 1.104889 1.052543 0.898274 0.727614 0.100000 0.623349 0.203171 0.100000 0.555750 0.736369 0.737363 0.100000 0.490981 0.945834 0.952685 0.384281 1.212409 0.792783 0.623689 0.538632 1.436332 0.578758 0.524391 0.223131 0.278451 0.100000 0.695520 0.381761 0.723221 0.261865 0.100000 0.527754 0.378312 0.684243 0.100000 0.189935 0.597006 0.121921 1.187505 0.486042 0.100000 0.296342 0.198552 0.100000 0.408303 0.429160 0.807303 0.490176 0.950985 0.517021 0.986051 0.456751 
