81 Number of operations
28 Number of workers
Standard production times
0.395487 0.532490 0.222502 0.307822 0.261232 0.472611 0.856732 0.348992 0.510849 0.592732 0.929213 0.391227 0.206876 0.575733 0.100000 0.623915 0.189126 0.198222 0.386496 0.383715 0.967043 0.350765 0.541102 0.253267 0.159032 0.456081 0.295062 0.100000 0.627160 0.519564 0.619080 0.716055 0.419631 0.380416 0.100000 0.410165 0.555420 0.278717 0.305743 0.100000 0.571778 0.269913 0.412373 0.663896 0.543813 0.237312 0.591981 0.366152 0.400966 0.541476 0.611755 0.607141 0.514341 0.395286 0.100000 0.249166 0.430479 0.769328 0.427803 0.599307 0.100000 0.665435 0.232499 0.665336 0.283636 0.157893 0.336602 0.575480 0.716322 0.403792 0.756102 0.159809 0.168989 0.100000 0.420959 0.465930 0.486587 0.338208 0.671367 0.487711 0.500298 
Production times: workers row and ops columns
0.100000 0.752943 0.100000 0.195496 0.343111 0.790638 0.839678 0.592559 0.628827 0.299653 1.110931 0.600261 0.100000 0.745215 0.100000 0.589820 0.100000 0.318943 0.349024 0.318038 1.220350 0.684897 0.683847 0.197746 0.520002 0.377754 0.287034 0.210287 0.960919 0.557282 0.576599 0.800894 1.108326 0.100000 0.193182 0.562185 0.924792 0.279399 0.912540 0.168939 0.434813 0.711525 0.276343 0.940577 0.508662 0.520679 1.039749 0.819589 0.469049 0.710599 0.658572 1.221556 0.721217 0.385903 0.100000 0.521551 0.585338 0.684327 0.909307 0.890165 0.534742 0.710703 0.451144 0.735128 0.270533 0.686167 0.595136 0.100000 1.245393 0.399367 1.227628 0.582552 0.538424 0.100000 0.308180 0.525933 0.531194 0.356759 0.643449 0.798452 0.943194 
1.130804 0.272189 0.545504 0.105099 1.025914 0.100000 0.710970 0.192505 0.755144 0.553615 1.216453 0.100000 0.827745 0.100000 0.100000 0.937029 0.100000 1.006657 0.112230 0.100000 0.605436 1.099116 1.267794 0.100000 0.100000 0.100000 0.664994 0.329250 0.100000 0.100000 0.128219 0.100000 0.932888 0.405207 0.354980 0.100000 0.833909 0.100000 0.173695 0.100000 0.167586 1.498794 0.553908 0.623557 0.100000 0.635266 0.544053 0.100000 0.100000 0.149639 0.182074 0.936950 0.827555 0.100000 0.100000 0.100000 0.763957 0.238211 1.710114 0.149622 0.100000 0.546838 0.100000 0.455286 0.132955 0.741233 0.470689 0.486472 0.547803 0.100000 1.110656 0.100000 0.100000 0.100000 0.100000 0.540065 0.685779 0.634553 1.334691 0.128735 0.100000 
0.521389 0.253124 0.331490 0.398519 0.275328 0.100000 0.936955 0.179979 0.787778 0.100000 0.873766 0.257775 0.239673 0.603037 0.357979 0.722757 0.302237 0.230965 0.284816 0.415110 1.199836 0.100000 0.486293 0.100000 0.288331 1.035338 0.109176 0.161333 0.418973 1.101677 0.451751 1.225973 0.406942 0.121872 0.100000 0.554520 0.109749 0.340762 0.100000 0.425643 1.003269 0.145274 0.648044 0.526516 0.212961 0.100000 0.934576 0.319966 0.678788 0.638209 0.656682 0.796049 0.318309 0.171364 0.325898 0.100000 0.326493 0.506202 0.100000 0.730194 0.668952 0.100000 0.255857 0.640220 0.100000 0.100000 0.190689 0.100000 0.220160 0.350090 0.583990 0.100000 0.100000 0.100000 0.167595 0.408246 0.100000 0.100000 0.940649 0.100000 0.708449 
0.474256 1.669284 0.100000 0.148355 0.102244 0.781357 0.939077 0.165081 0.100000 0.100000 0.959091 0.258132 0.355682 0.100000 0.100000 0.500221 0.100000 0.289192 0.497807 0.461387 0.158910 1.553264 0.863097 0.100000 1.185238 0.100000 1.151805 0.100000 0.574323 0.100000 1.360519 0.565526 0.110501 0.827044 0.100000 0.735016 0.463653 0.100000 0.100000 0.100000 1.430951 0.100000 0.444257 0.406146 1.008851 0.612594 0.100000 0.100000 0.100000 1.245071 0.621042 0.405828 0.100000 0.100000 0.740084 0.809325 0.751838 1.586632 0.100000 0.356928 0.100000 0.100000 0.650687 1.553590 0.470516 0.100000 0.100000 0.247160 0.521335 0.100000 0.906920 0.989389 1.123528 0.578848 0.161542 0.121807 0.929800 0.247837 0.490026 0.100000 0.471217 
0.263131 0.828206 0.114225 0.933911 1.040372 0.231124 0.584029 0.345865 1.028161 0.120093 1.598365 0.419398 0.442071 0.431908 0.100000 1.021919 0.100000 0.317685 0.363587 0.502626 1.049331 0.290266 0.791918 0.679669 0.250025 0.815454 0.100000 0.100000 0.598404 1.198499 0.113519 0.479046 0.484566 0.795323 0.100000 0.399555 1.112051 0.699839 0.389103 0.345917 0.283179 0.100000 0.755759 0.855391 0.100000 0.100000 1.119310 0.558820 0.327125 0.706714 1.336581 0.737034 0.849696 0.268897 0.100000 0.372954 0.673463 0.513586 0.188898 0.100000 0.100000 0.626845 0.576592 0.905268 0.514915 0.100000 0.741036 0.779553 0.977489 0.436075 0.655990 0.342746 0.528190 0.603613 1.778043 0.240220 0.487300 0.408739 0.628766 0.453000 0.512639 
0.100000 0.450965 0.536915 0.100000 0.100000 0.440279 1.101096 0.212655 0.579489 0.806130 1.464905 0.100000 0.717587 1.097813 0.491089 0.320744 0.100000 0.567230 1.570290 0.467683 0.928089 0.572326 0.654688 0.288152 0.603823 1.036525 0.766066 0.100000 1.185227 0.331267 0.574528 0.525039 0.895094 0.381952 0.100000 0.100000 1.054647 0.504782 0.100000 0.100000 0.465232 0.100000 0.630000 1.020756 0.547941 1.076184 0.128890 0.577862 1.352392 0.713630 0.611938 0.211350 1.024412 0.203047 0.561022 0.142602 1.192294 1.032118 0.100000 1.537609 0.396356 0.686998 0.405924 1.072547 0.100000 0.161636 0.429718 0.134904 0.959513 0.100000 0.820098 0.100000 0.298711 0.403121 0.117526 1.365193 1.241442 0.551718 0.804420 0.776765 0.100000 
0.235952 0.821061 0.100000 0.707447 0.562256 0.860834 0.772548 0.275391 0.966983 0.407827 1.182366 1.198521 0.218869 0.541688 0.100000 1.129880 0.146269 0.100000 0.410153 0.406433 1.245559 0.100000 0.420996 0.325400 0.270931 0.443543 0.100000 0.100000 0.100000 0.100000 0.730965 0.988224 0.276194 0.704184 0.100000 0.727264 1.100043 0.116984 0.412690 0.262756 0.816538 0.770313 0.370108 0.828532 0.713552 0.100000 1.143996 0.360545 0.611592 0.258880 0.572252 0.882499 0.573540 0.100000 0.168452 0.100000 0.464831 0.392295 0.917278 0.100000 0.100000 1.276768 0.483830 1.007902 0.299967 0.140228 0.147968 0.947385 0.592157 0.100000 1.220556 0.952228 0.100000 0.131949 0.429973 0.874560 0.901007 0.141597 0.595598 0.464972 0.893716 
0.100000 1.101677 0.100000 0.100000 0.966386 0.888234 1.202233 0.548457 0.492096 0.775539 0.703992 1.299088 0.100000 0.100000 0.100000 0.136407 0.243511 0.100000 0.531522 0.100000 1.533353 0.108300 0.100000 0.258298 0.100000 0.100000 0.100000 0.100000 0.964349 0.479538 0.100000 0.781052 0.293796 0.100000 0.638064 0.649689 1.448898 0.100000 0.100000 0.231008 0.778948 0.100000 0.345031 0.204170 0.993011 0.519652 0.100000 0.779035 0.100000 0.186493 0.248593 0.582733 1.131479 0.666891 0.242783 0.150336 0.753818 0.683141 0.100000 0.715623 0.100000 1.294033 0.661323 1.290294 0.958504 0.100000 0.100000 0.100000 0.100000 0.646984 0.557931 0.100000 0.841591 0.100000 0.746176 0.389937 0.872082 0.469311 0.330812 0.100000 0.135198 
0.100000 0.968918 0.924312 1.089393 0.208834 0.281898 0.513882 0.574258 0.707427 1.040550 0.983723 1.156807 0.136849 1.050240 0.693155 0.893278 0.205358 0.614177 0.378604 1.184788 1.318610 0.492749 0.683815 1.026987 0.100000 0.710015 0.100000 0.739582 0.542666 0.339050 0.475672 0.675866 0.382143 0.683868 0.236530 0.346927 1.010040 0.100000 0.502494 0.100000 0.730131 0.130985 0.100000 0.827523 0.100000 0.510894 0.100000 0.809874 0.290456 0.621316 1.191390 0.758653 0.602379 0.327648 0.409344 0.651117 0.322970 0.975913 0.176404 1.057689 0.435474 0.337626 0.363737 0.692431 0.100000 0.642493 0.122410 1.284108 0.640194 0.454240 0.954536 0.802975 0.100000 0.406549 0.201270 0.250693 0.958986 0.397382 0.888883 0.100000 0.863950 
0.459445 0.100000 0.100000 0.223966 0.262310 0.364158 0.837734 0.100000 0.367627 1.003310 0.471997 0.268067 0.100000 0.384574 0.104591 0.197209 0.366299 0.179567 0.597923 0.833094 0.925113 0.781210 0.655415 0.651942 0.100000 0.223852 0.174096 0.100000 0.231330 0.100000 0.518730 1.217909 0.135970 0.675515 0.100000 0.234122 0.100000 0.269284 0.100000 0.100000 0.322225 0.283224 0.512730 0.707951 0.472370 0.188839 0.447477 0.343954 0.442209 0.100000 0.168981 0.820904 0.503630 0.100000 0.100000 0.327859 0.802168 0.446955 0.736642 0.345398 0.343769 0.100000 0.100000 0.617466 0.100000 0.100000 0.283593 0.665011 0.583619 0.111653 0.763375 0.418086 0.100000 0.100000 0.154363 0.797568 0.477693 0.150026 0.683045 0.365879 0.546890 
0.100000 1.783172 0.100000 0.100000 0.285015 0.375498 1.105863 0.566025 0.116771 0.544891 1.224946 0.100000 0.472450 1.350192 0.100000 0.100000 0.100000 0.586426 0.507830 0.727226 0.617170 0.506299 0.134804 0.903739 0.404708 0.723292 0.696928 0.378026 0.221633 0.364570 1.374901 0.521722 0.918667 0.167614 0.974943 0.714868 0.674142 0.453346 0.100000 0.100000 0.659640 0.100000 0.558592 0.978337 0.917592 0.383918 0.250572 0.792409 0.915781 0.284841 1.311476 0.798383 0.478751 0.962779 0.100000 0.100000 1.254671 1.126176 0.171128 1.063557 0.100000 1.462155 0.100000 0.433851 1.033647 0.100000 0.821214 0.842073 0.100000 0.777929 1.050668 0.503447 0.545962 0.100000 0.541178 1.012496 0.849028 0.486622 0.933119 0.809244 1.022494 
0.177451 0.507221 0.747648 0.571917 1.011412 0.258621 0.797282 0.201782 0.373848 0.608414 0.912319 0.100000 0.519804 0.746813 0.100000 0.301837 0.100000 0.352437 0.100000 0.100000 1.134966 0.631844 1.125917 0.100000 0.100000 0.100000 0.602546 0.100000 0.599195 1.419448 0.100000 1.432535 0.100000 0.978976 0.100000 0.100000 0.987985 0.100000 0.543123 0.448821 0.335034 0.944574 0.570824 0.145020 0.666550 0.433400 0.100000 0.100000 0.100000 0.439747 0.591059 0.543771 0.481254 0.500768 0.100000 0.993223 1.298937 0.769331 0.100000 0.844418 0.100000 1.440093 0.955300 1.614851 0.332082 0.808563 0.100000 0.663929 0.806651 0.100000 0.100000 0.100000 0.508904 0.100000 0.810041 0.338501 0.252507 1.036465 0.100000 0.189339 0.100000 
0.100000 0.229232 0.356121 0.312945 0.167861 0.172357 0.924974 0.100000 0.301997 0.243698 0.100588 0.329693 0.100000 0.588585 0.439818 0.705896 0.107885 0.100000 0.906872 0.327728 0.761642 0.627837 0.756760 0.100000 0.100000 0.214188 0.313486 0.358053 0.784372 0.660999 0.384018 0.361407 0.610820 0.100000 0.247144 0.405918 0.273480 0.203833 0.450679 0.100000 0.135473 0.475399 0.545613 0.423608 0.179822 0.100000 0.548821 0.268815 0.511054 0.785356 0.435613 0.100000 0.100000 0.403666 0.100000 0.299487 0.328425 0.444364 0.514781 0.430958 0.100000 0.624866 0.280883 0.745061 0.100000 0.104905 0.212979 0.100000 0.736712 0.100000 0.759486 0.172307 0.122260 0.100000 0.192417 0.359120 0.281548 0.285105 0.306430 0.555833 0.230877 
0.218137 0.411536 0.112682 0.100000 0.146499 0.454881 1.102227 0.564659 0.427819 0.634534 0.405546 0.340078 0.100000 0.293208 0.247693 0.471081 0.100000 0.201561 0.100000 0.625337 1.110264 0.100000 1.020101 0.248568 0.100000 0.559501 0.100000 0.100000 0.207156 0.778682 0.594674 0.511936 0.100000 0.381826 0.100000 0.643571 0.100000 0.225910 0.688235 0.701116 0.513291 0.245325 0.100000 0.830269 0.836802 0.100000 1.349077 0.174399 0.524263 0.100000 0.100000 0.100000 0.436929 0.251608 0.100000 0.100000 0.533772 0.587767 1.000096 0.622008 0.131605 0.390806 0.100000 0.597952 0.448678 0.100000 0.343195 0.142114 0.487830 0.100000 0.885340 0.460684 0.100000 0.100000 0.329748 0.469729 0.100000 0.620218 0.281528 0.263716 0.300306 
0.306021 0.867065 0.278034 0.423951 0.100000 0.562781 1.183435 0.100000 0.586367 0.593577 1.202842 0.409476 0.246578 0.795080 0.443199 0.324545 0.677475 0.456135 0.522842 0.640162 1.313646 0.538234 0.429821 0.323871 0.100000 0.563859 0.498806 0.159680 0.603797 0.932136 1.198446 0.750700 0.476498 0.476446 0.127045 0.154876 0.797591 0.100000 0.242791 1.062613 1.345197 0.562892 0.321668 0.832082 0.753591 0.677522 0.843737 0.722682 0.849529 0.809977 0.823894 1.341346 0.971662 0.543162 0.100000 0.267550 0.591892 1.036681 0.838804 1.006800 0.203301 0.421728 0.366047 1.249035 0.604213 0.100000 0.662566 0.560538 1.069886 0.582121 0.823366 0.103549 0.282897 0.100000 0.560790 0.100000 0.429051 0.100000 0.481366 0.509315 0.738130 
0.579010 0.546042 0.234229 0.139024 0.100000 0.844639 0.408902 0.667801 0.579221 0.117409 1.481456 0.501811 0.100000 0.481864 0.634406 0.439081 0.254836 0.425494 0.125248 0.335166 1.489461 0.100000 0.217974 0.100000 0.100000 0.377469 0.233324 0.280691 0.638027 0.655434 0.544903 0.548547 0.696078 0.292345 0.100000 0.517721 0.271807 0.343423 0.947440 0.100000 1.118511 0.332643 0.188867 0.670729 0.675582 0.193074 0.688286 0.294198 0.756909 0.588398 0.587166 0.759829 0.890148 0.119726 0.100000 0.159638 0.857372 0.571085 0.673018 0.451676 0.435415 0.768515 0.460860 0.839950 0.252354 0.131057 0.443203 0.568190 0.573627 0.921873 0.281143 0.326613 0.381880 0.398981 0.913242 0.285149 0.598779 0.503690 0.865426 0.878849 1.021994 
0.586413 0.100000 0.100000 0.100000 0.100000 0.366581 0.768578 0.100000 0.265612 0.796558 1.518695 1.105495 0.232306 0.100000 0.100000 0.714247 0.165843 0.673037 0.240498 0.128316 1.646978 0.634281 0.618039 0.100000 0.934853 0.100000 0.724788 1.100232 0.364579 0.532016 0.481258 0.745113 0.664421 0.564119 0.307471 0.100000 0.925981 0.327157 0.199182 0.312610 0.100000 0.100000 0.723041 1.019729 0.358845 0.753677 0.468930 0.108759 0.100000 0.100000 1.429393 1.105530 1.371314 0.533446 0.100000 0.388564 0.395060 0.952235 1.160266 0.271199 0.768540 0.100000 0.100000 0.100000 0.379569 0.785635 0.161543 1.324741 1.469289 0.100000 0.870054 0.100000 0.155132 0.289959 0.417986 0.100000 0.529443 0.109692 0.100000 0.100000 0.100000 
0.345780 0.100000 0.263448 0.100000 0.100000 0.814597 0.786491 0.146274 0.448743 1.121954 1.061423 0.398477 0.284922 0.650012 0.636668 0.252320 0.392766 0.313917 0.100000 0.614477 1.282984 0.405221 0.496878 0.482890 0.487118 0.103517 0.146009 0.240877 0.837465 0.606581 0.757601 0.731412 0.336963 0.877731 0.100000 0.699662 0.476249 0.277553 0.139629 0.485626 0.742722 0.100000 0.209980 0.857274 0.681816 0.219100 0.188816 0.628540 0.602494 1.272393 0.799737 1.164745 0.187711 0.391728 0.542734 0.180510 0.588403 0.812983 0.646130 0.100000 0.100000 0.818602 0.598421 0.982464 0.243847 0.529245 0.100000 0.323982 1.561051 0.348582 0.131714 0.642230 0.112181 0.100000 0.702146 0.573217 0.697462 0.629598 0.805366 0.861374 0.911880 
0.599595 1.686138 0.505433 0.112657 0.419853 0.387463 0.163096 0.100000 0.100000 0.189785 1.119926 0.100000 0.118571 0.597962 0.100000 1.188000 0.495536 0.100000 0.768357 1.148589 0.146247 0.677832 0.280731 0.126531 0.100000 0.306968 0.100000 0.100000 0.676810 0.543091 0.432110 1.079343 0.100000 0.100000 0.100000 0.193241 0.663723 1.036982 0.573074 1.220411 0.769802 0.479029 0.737222 1.095290 0.523057 0.361753 1.036056 0.100000 0.844336 1.264696 0.666610 0.276863 1.201957 0.100000 0.100000 0.526610 0.822562 0.261805 0.100000 0.359953 0.100000 0.100000 0.100000 0.435190 0.635450 0.100000 0.100000 0.838008 1.354477 1.174310 0.100000 0.444535 0.100000 0.582300 0.100000 1.220323 0.479272 0.719846 0.416706 0.847148 0.469097 
0.551724 0.100000 0.130806 0.100000 0.542336 0.807522 0.505561 0.215718 1.260110 0.249777 0.811333 0.895887 0.261226 0.539862 0.225968 0.291646 0.100000 0.896790 1.141012 0.313317 0.746574 0.804864 0.100000 0.100000 0.366240 0.121228 0.207619 0.100000 0.100000 0.445027 0.801262 0.402053 0.448599 0.100000 1.247757 0.100000 0.447204 0.100000 0.187509 0.100000 1.017982 0.632481 0.593266 0.589748 0.626582 0.592464 0.737424 0.447096 1.505704 0.576546 0.809154 0.194120 0.553830 0.374937 0.100000 0.478578 0.100000 1.087661 0.499505 0.529800 1.085775 0.100000 0.100000 1.016031 0.241250 0.100000 1.263851 1.390158 1.194744 0.839127 0.711490 0.464577 0.100000 0.100000 0.100000 0.100000 1.463600 0.122660 1.004948 0.768191 0.216473 
0.351071 0.308069 0.257715 0.176146 0.426604 0.321327 0.805610 0.100000 0.108780 0.926930 0.909887 0.100000 0.100000 0.746207 0.100000 0.503123 0.750480 0.271753 0.340818 0.403048 1.053044 0.100000 0.781663 0.405191 0.100000 0.257815 0.100000 0.100000 0.207974 0.393799 0.990240 0.336498 0.422481 0.808576 0.100000 0.130582 0.477075 0.571910 0.100000 0.338075 0.817936 0.100000 0.606034 0.187585 0.575295 0.100000 0.181341 0.576226 0.386613 0.483558 0.393889 0.100000 0.397796 0.317832 0.100000 0.100000 0.650562 0.439930 0.502142 0.640125 0.313967 1.475305 0.100000 0.950151 0.100000 0.100000 0.100000 0.430424 0.496703 0.354831 0.763596 0.341768 0.100000 0.172385 0.513084 0.505589 0.174763 0.100000 0.233509 0.464194 0.152781 
0.875476 0.513254 0.683234 0.396748 0.705896 0.795033 0.795477 0.100000 0.261374 0.474238 0.691026 0.707329 0.100000 0.318482 0.374856 0.261023 0.100000 0.609514 0.214209 0.882027 0.913599 0.717847 0.463826 0.100000 0.850991 0.174750 0.601702 0.100000 0.720713 0.303197 0.747709 0.669099 0.100000 0.436080 0.490378 0.224104 0.622847 0.492923 0.616869 0.204600 0.482941 0.457985 0.588879 1.060358 0.286143 0.100000 0.522718 0.892971 0.192703 0.380764 0.374713 0.333884 0.622184 0.439748 0.100000 0.375195 0.282628 0.888636 0.469984 0.503987 0.223902 0.567741 0.306092 0.342368 0.675760 0.199412 0.422435 1.476078 0.563257 0.679758 0.959019 0.481432 0.559754 0.173282 0.730095 0.100000 0.357941 0.611586 0.701482 0.145917 0.908618 
0.351115 0.420307 0.486417 0.375967 0.384114 0.230162 1.067857 0.191617 0.579402 0.388252 1.421866 0.700834 0.100000 0.423580 0.100000 0.821693 0.100000 0.543343 0.226092 0.371787 0.903449 0.977191 0.639569 0.100000 0.114704 0.435230 0.100000 0.899037 0.411248 0.722465 0.547340 1.380764 0.637928 0.476271 0.531107 0.636446 0.483041 0.837912 0.292126 0.647787 1.038142 0.617398 0.309366 1.167198 0.732620 0.358773 0.903929 0.453332 0.547975 0.543700 0.550435 0.409833 0.876368 0.854823 0.172419 0.100000 0.241789 0.661501 0.100000 1.095840 0.325456 0.716994 0.681970 0.718444 0.364637 0.100000 0.658728 0.838561 0.744453 0.135074 0.903895 0.122498 0.699271 0.330212 0.699583 0.105773 0.537224 0.453810 0.429504 0.868154 1.014059 
1.173414 0.731533 0.100000 0.213934 0.455685 0.660578 1.035420 0.460511 0.869799 1.108333 0.858364 0.683316 0.851698 0.126113 0.550761 0.711855 0.100000 0.100000 0.122274 0.813533 0.334116 0.323010 0.311296 0.335539 0.597184 0.100000 0.528961 0.100000 0.437485 1.091479 0.550775 0.463970 0.912943 0.712744 0.227828 0.100000 0.562272 0.475166 0.820908 0.519739 0.216018 0.574181 0.345496 0.630116 0.898596 0.689454 0.521362 0.587564 0.764769 1.091343 0.421096 0.711800 0.641149 0.398922 0.286533 0.378386 0.683924 0.532253 0.110375 0.936272 0.100000 0.884832 0.555251 1.267612 0.100000 0.308992 0.361855 0.536587 0.712683 0.639606 1.048754 0.594554 0.332220 0.317640 1.120335 1.052667 0.614360 0.417915 0.257587 0.124854 0.152731 
0.498853 1.469206 0.565223 0.782893 0.562847 0.639632 0.335293 1.087241 0.653806 0.100000 0.488963 0.100000 0.100000 0.565461 0.100000 0.595837 0.100000 0.485675 0.823561 0.600481 0.100000 0.100000 0.362585 0.100000 0.426037 0.363170 0.100000 0.100000 0.100000 1.016605 0.238495 0.831728 1.179960 0.963903 0.352372 0.100000 0.342074 0.131699 0.697717 0.561651 0.796705 0.100000 1.182928 0.498228 0.857497 0.100000 0.468068 0.110228 0.100000 0.100000 0.105181 0.401673 0.103577 0.522544 0.100000 0.100000 0.167329 0.903545 0.134172 0.483986 0.100643 0.354031 0.100000 0.100000 0.100000 0.482121 0.323420 0.243390 1.523882 0.845602 1.011296 0.100000 0.520582 0.100000 0.365336 0.662032 0.100000 0.100000 1.323963 0.449566 0.314569 
0.414260 1.047752 0.100000 0.100000 0.100000 0.605426 1.192367 0.554775 0.595832 0.714808 1.022759 0.408113 0.344047 0.607469 0.405151 0.530197 0.907262 0.579227 0.547317 0.100000 1.022294 0.504850 0.325426 0.100000 0.100000 1.167424 0.970441 0.100000 0.775398 0.283288 0.650048 0.823678 0.359727 0.164677 0.539069 0.219885 0.389084 0.294821 0.761472 0.100000 1.087497 0.362932 0.755055 0.822479 1.202408 0.100000 0.869195 0.201039 0.394201 0.885579 0.580141 0.928309 0.857591 0.119396 0.625759 0.728101 0.477124 1.112325 0.790726 0.599116 0.622564 0.594648 0.483472 0.873361 0.454865 0.817510 0.656471 0.100000 0.772058 0.254309 0.775235 0.221723 0.228465 0.689949 0.148236 0.702863 0.630577 0.836496 0.332616 0.257484 0.708502 
0.100000 0.100000 0.100000 0.391555 0.265785 0.897445 1.297121 0.100000 0.760214 1.659909 0.546694 0.751291 0.100000 0.802944 0.254023 0.280506 1.787159 0.100000 0.100000 0.165431 1.602253 0.651904 0.177307 0.100000 0.140254 0.407193 0.100000 0.100000 0.936545 1.142109 0.571567 0.704323 1.211341 0.100000 0.224403 0.397485 0.894747 0.598988 0.100000 0.381490 0.100000 0.100000 0.775941 0.237332 0.433793 0.279164 0.859258 0.211888 0.921485 0.577717 0.100000 1.053292 1.151433 0.803024 0.100000 0.543001 1.475733 1.523891 0.888439 1.194263 0.434790 0.100000 0.100000 0.977250 0.446251 0.242160 0.144384 0.902458 1.743645 1.135221 0.528717 0.684895 0.100000 0.100000 0.124160 0.441155 0.274019 0.568751 0.100000 0.362087 0.760230 
0.412803 0.812503 0.704248 0.244016 0.255865 0.410661 0.504880 0.160277 0.333470 0.100000 0.964919 0.365845 0.937001 0.358468 0.100000 0.309398 0.400907 0.671599 0.550737 0.528878 1.136251 0.349213 0.667808 0.100000 0.417803 0.590634 0.807506 0.116106 0.529252 0.100000 1.036907 1.366879 0.849607 1.051273 0.132727 0.684890 0.480146 0.616380 0.583720 0.637418 0.937976 0.137273 0.829488 0.811361 0.847911 0.166204 1.083069 0.737434 0.515808 0.440009 0.781418 0.719202 1.120292 0.254262 0.260989 0.845197 0.928129 0.592980 0.625841 0.530047 0.422578 0.894668 0.389474 0.991297 0.496757 0.553972 0.322782 0.868719 0.769805 0.710228 0.912126 0.100000 0.100000 0.376749 0.524826 0.238920 0.750539 0.387465 0.998644 0.582691 0.599730 
