79 Number of operations
29 Number of workers
Standard production times
0.290051 0.119425 0.716550 0.190971 0.451519 0.100000 0.100000 0.336942 0.571636 0.414269 0.100000 0.116889 0.577166 0.526380 0.408052 0.219375 0.435065 0.438886 0.292950 0.555470 0.434268 0.311430 0.740981 0.584869 0.139028 0.323885 0.251275 0.312576 0.314710 0.676281 0.419674 0.326109 0.145356 0.602997 0.103788 0.342580 0.388635 0.242379 0.413542 0.192219 0.347265 0.507650 0.705652 0.791335 0.495640 0.423869 0.228507 0.247610 0.527861 0.409505 1.022967 0.293508 0.469117 0.314897 0.100000 0.751079 0.347161 0.569259 0.817347 0.505296 0.596762 0.100000 0.221035 0.466013 0.609718 0.669980 0.649135 0.261762 0.656215 0.254587 0.240166 0.399291 0.502519 0.366428 0.669267 0.276902 0.251393 0.603187 0.288969 
Production times: workers row and ops columns
0.432297 0.263186 0.679821 0.217504 0.526096 0.100000 0.689060 0.743491 0.659379 0.100000 0.100000 0.155616 0.682617 0.247742 0.607767 0.100000 0.444816 0.821138 0.121497 0.353222 0.480546 0.733152 0.661672 0.626842 0.100000 0.100000 0.100000 0.399344 0.342979 0.598484 0.183724 0.407355 0.760918 0.465832 0.100000 0.335806 1.027124 0.100000 0.100000 0.297494 0.256874 0.466531 0.877887 0.100000 0.640694 0.679120 0.100000 0.114357 0.852206 0.100000 1.125021 0.100000 0.340954 0.163965 0.100000 0.812464 0.364546 1.132833 0.668673 0.492649 0.529181 0.100000 0.190885 0.412631 0.687836 0.164813 0.798304 0.195727 0.183391 0.634432 0.882492 0.199593 0.635663 0.293533 0.513288 0.399879 0.100000 0.504675 0.100000 
0.100000 0.661234 0.777453 0.517791 0.406941 0.550436 0.801243 0.445783 0.529836 0.100000 0.100000 0.137967 0.100000 1.516226 0.111042 0.713484 0.526617 0.900883 0.559536 0.262904 0.153999 0.381816 1.624781 0.190982 0.108167 0.443098 0.288661 0.481728 0.453748 1.288264 0.100000 0.753330 0.898781 0.864664 0.311444 0.634274 0.768366 0.448724 0.997460 0.100000 0.100000 0.100000 0.100000 0.100000 0.999336 0.100000 0.433892 0.217374 0.100000 0.712975 0.100000 0.100000 0.616898 0.430649 0.239017 1.096095 0.100000 0.143340 0.862726 1.086397 0.757653 0.770659 0.291873 1.334705 0.797603 1.409108 0.100000 0.100000 0.566717 0.100000 0.477480 0.157009 0.690461 0.740452 0.100000 0.398707 0.100000 0.378872 0.524249 
0.100000 0.393867 0.592793 0.100000 0.641365 0.100000 0.100000 1.221641 0.570026 0.100000 0.100000 0.100000 1.130807 0.100000 0.703503 0.238353 0.100000 0.100000 0.253428 0.950417 1.527356 0.100000 0.941903 0.186923 0.499144 1.069691 0.301863 0.861695 0.372288 1.337497 0.911253 0.954703 0.376642 0.145481 0.544982 0.710565 0.100000 0.804492 0.120340 0.922217 0.208226 0.725957 0.724763 1.536374 1.794535 0.242411 0.100000 0.724619 0.352173 0.959953 1.578418 0.169576 0.100000 0.397579 0.113772 0.426128 0.100000 1.010441 0.397935 0.166030 0.563817 0.100000 0.242974 0.145345 1.082177 0.707607 0.458892 0.100000 1.189023 0.291663 1.071639 0.682168 0.527733 0.213841 1.582154 0.100000 0.150604 0.131859 0.202919 
0.100000 0.371694 0.772110 0.400777 0.580547 0.285979 0.100000 0.612276 0.389121 0.100000 0.105919 0.100000 0.254735 0.249823 0.735992 0.100000 0.823472 0.100000 0.100000 0.876774 0.298141 0.461098 0.580762 0.573886 0.100000 0.230188 0.100000 0.101031 0.100000 0.809692 0.390130 0.355137 0.118430 0.100000 0.100000 0.134086 0.384659 0.374544 0.142048 0.166471 0.100000 0.583772 0.526103 0.397251 0.100000 0.540097 0.134563 0.100000 0.505064 0.363767 1.256315 0.100000 0.932727 0.100000 0.263537 0.658718 0.198332 0.523179 0.128563 0.362585 0.738652 0.100000 0.100000 0.311795 0.473956 0.352243 0.229268 0.277227 0.205557 0.530480 0.100000 0.473768 0.130384 0.395857 0.116480 0.100000 0.101661 0.712902 0.100000 
1.462058 0.100000 0.897850 0.100000 0.653347 0.220189 0.260842 0.692483 0.647395 0.295984 0.276449 0.196856 0.869998 0.785454 0.941891 0.660352 0.439364 0.534342 0.357217 0.100000 0.463283 0.932058 0.506444 0.645542 0.100000 0.100000 0.840031 0.458397 0.100000 0.745697 0.533990 0.100000 0.580940 0.918955 0.617041 0.468019 0.335396 0.906407 0.584560 0.496273 0.445373 0.547560 0.868596 0.959788 0.997950 0.869331 0.100000 0.516767 1.196598 0.709969 1.406006 0.276125 0.754920 0.185790 0.489466 0.628643 0.842739 0.576358 0.562495 0.423765 0.470569 0.515940 0.592794 0.825291 0.505813 0.571271 0.629893 0.261342 0.669878 0.332169 0.438140 0.280920 0.389989 0.271400 0.839217 0.515047 0.100000 0.854660 0.318570 
0.754436 0.283680 0.948599 0.100000 0.532588 0.104980 0.100000 0.113507 0.583923 0.269292 0.380488 0.599626 0.893732 0.764744 0.111594 0.537936 0.928687 0.100000 0.622054 1.081170 0.421970 0.284435 0.468420 0.539061 0.169606 0.349953 0.581665 0.224516 1.395880 0.684169 0.404249 0.430665 0.100000 0.466657 0.100000 0.502163 0.407423 0.426753 0.137336 0.329156 0.100000 0.407425 0.942967 0.452699 0.674716 0.765098 0.608997 0.424554 0.559105 0.100000 1.503057 0.635039 0.857209 0.545382 0.404064 1.411745 0.492373 0.498661 1.299828 0.830516 0.939683 0.100000 0.818751 0.659334 0.774433 0.627556 0.651233 0.148727 0.455112 0.388862 0.644293 0.283280 0.475122 0.712448 0.315870 0.234369 0.100000 1.080481 0.324714 
0.100000 0.100000 0.168567 0.535227 0.100000 0.100000 0.552479 0.489050 1.299295 0.280454 1.123354 0.100000 0.480755 0.100000 0.510330 0.616265 0.449026 1.231259 0.907069 0.551988 0.494897 0.100000 0.754987 0.932094 0.347236 0.141052 0.672173 0.100000 0.635822 0.705085 0.957301 0.523893 0.100000 0.330755 0.236619 0.461259 0.100000 0.100000 0.362003 0.896901 0.336959 0.990284 0.581287 1.336169 0.100000 1.238082 0.100000 0.260375 1.222496 0.561597 1.756354 0.311301 0.976999 0.672737 0.966089 0.202972 0.100000 0.100000 0.650362 0.100000 0.334751 0.100000 0.718711 0.292119 0.100000 1.005547 0.489826 0.957459 0.100000 0.100000 0.100000 0.856956 0.199045 0.823435 0.260939 1.768477 0.421531 0.100000 0.226279 
0.753342 0.100000 0.911944 0.985516 0.925454 0.431087 0.100000 0.917954 0.245614 0.165503 0.100000 0.339776 0.211736 1.058757 0.970961 0.640667 0.100000 0.237909 0.100000 0.100000 0.100000 0.392152 0.469746 1.000749 0.898072 0.100000 0.484354 0.336624 0.100000 0.587895 0.524640 0.100000 0.100000 0.100000 0.100000 0.100000 0.100000 0.439299 0.639439 1.150210 0.100000 0.523535 0.119834 1.172035 0.280703 0.984189 0.948872 0.205971 0.100000 0.100000 1.227033 0.756883 1.450930 0.100000 0.100000 1.293650 0.501063 0.810530 1.580802 0.333320 0.100000 0.232629 0.100000 0.542234 0.445318 0.121858 1.409594 0.558710 0.281363 0.809883 0.100000 1.931438 0.100000 0.400971 0.556343 0.100000 0.100000 0.100000 0.100000 
0.509690 0.211887 1.193348 0.104746 0.843750 0.239628 0.100000 0.219680 0.694710 0.698655 0.207967 0.100000 0.697861 0.490043 0.646481 0.100000 1.073675 0.414443 0.384395 1.115762 0.177667 0.440567 0.546950 0.577539 0.185444 0.952786 0.648726 0.373181 0.100000 1.001037 0.432001 0.378766 0.129796 0.683050 0.213207 0.100000 0.488394 0.960431 0.362142 0.409933 0.391998 0.379088 0.635347 1.055364 0.366006 0.817098 0.100000 0.100000 0.460661 0.571597 1.217728 0.152402 0.100000 0.143264 0.247396 0.856642 0.600805 0.926703 0.903325 0.373517 0.855054 0.145396 1.238670 0.324505 0.671551 1.052672 0.643058 0.524066 0.483387 0.100000 0.100000 0.574924 0.341603 0.591645 0.591425 0.100000 0.630734 1.477728 0.458807 
0.100000 0.420462 0.226014 0.100000 0.906921 0.100000 0.532399 0.525873 0.809367 0.458983 0.675727 0.166665 0.657834 0.948477 0.874593 0.766130 0.419070 0.369672 0.406192 0.571444 0.434174 0.288919 0.796010 0.770102 0.981870 0.100000 0.945308 0.365774 0.768928 1.087456 0.670155 0.744832 0.176726 0.686846 0.100000 0.540091 0.354829 0.100000 0.488400 0.386893 0.470046 0.829679 0.719074 0.437120 0.483189 0.573204 0.446563 0.593927 1.100602 0.237112 1.379687 0.761561 0.686673 0.526121 0.521838 0.360567 0.508133 0.880739 0.801064 0.399002 0.659661 0.166084 0.366428 1.321917 0.608005 1.454682 0.898710 0.227672 0.974738 0.406625 0.635181 0.415783 0.484783 0.100000 0.928329 0.474724 0.681544 0.674379 0.475506 
1.106925 0.908570 0.422132 0.268248 0.100000 0.177656 0.395281 0.215505 1.113618 0.549108 0.692644 0.309194 0.398517 0.905090 0.593509 0.100000 0.100000 0.355423 0.100000 0.600641 0.731635 0.100000 0.100000 0.917066 0.145522 0.715151 1.382841 0.100000 0.100000 0.135626 0.100000 0.100000 0.992714 0.968804 0.473540 0.648212 0.264048 0.317035 0.100000 0.100000 0.100000 1.476713 1.221916 1.372025 0.949802 1.178817 0.450597 0.100000 0.630634 0.480982 0.698050 0.100000 0.100000 0.100000 0.314051 1.345906 0.136686 1.325793 0.224468 0.260142 0.783889 0.702396 0.174661 1.451113 0.531580 0.548513 0.100000 0.172573 0.200147 0.859376 0.118790 0.981927 0.692426 0.807368 0.100000 0.457578 0.734150 0.639350 0.660883 
0.100000 0.100000 1.038492 0.518281 0.601616 0.296344 0.100000 0.100000 1.219379 0.609328 0.100000 0.274278 0.747238 0.748938 0.470600 0.100000 0.628770 0.100000 0.100000 0.559979 0.552411 0.100000 0.585689 0.100000 1.038873 0.163667 0.100000 1.490022 0.100000 0.641607 1.178803 0.100000 0.100000 0.370860 0.343071 0.100000 1.072954 0.272041 0.389746 0.100000 0.722260 0.327940 0.490777 0.652772 1.436338 0.415561 0.879723 0.100000 0.110859 0.317180 1.369961 0.100000 0.444688 0.179572 0.546268 1.279168 0.100000 0.466062 0.733793 0.756672 0.943754 0.100000 0.479700 1.209978 1.272444 0.422035 0.550286 0.207635 1.170593 0.100000 0.657832 0.100000 1.456408 0.100000 0.520279 0.170407 0.186651 1.135524 0.100000 
0.658453 0.331897 0.144339 0.100000 0.219881 0.100000 0.100000 0.436420 0.545424 0.759377 0.100000 0.421586 0.885046 0.554100 0.333962 0.100000 0.718016 0.100000 0.159679 0.597895 0.723924 0.100000 0.282697 0.974703 0.100000 0.719459 0.106472 0.100000 0.100000 0.378358 0.384360 0.371340 0.488195 0.680416 0.558504 0.358681 0.131945 0.100000 0.530330 0.100000 0.100000 0.409732 0.839247 0.100000 0.600147 0.100000 0.100000 0.379083 0.749228 0.662900 1.103517 0.743466 0.745586 0.100000 0.100000 0.848348 0.233621 0.579336 0.750248 0.881729 0.963513 0.100000 0.142376 0.171587 0.677996 0.908593 0.669212 0.100000 0.715586 0.578030 0.283618 0.564031 0.100000 0.213726 0.184264 0.100000 0.224586 0.636511 0.178119 
0.100000 0.104554 0.737388 0.411691 0.167381 0.100000 0.100000 0.426149 0.481497 0.328267 0.301191 0.449433 0.215505 1.098260 0.100000 0.100000 0.257116 0.373369 0.100000 0.852853 0.224702 0.106090 0.596569 0.200014 0.100000 0.214456 0.336874 0.219906 0.100000 0.332253 0.409662 0.404552 0.176198 0.204622 0.100000 0.180561 0.198518 0.234388 0.578234 0.100000 0.100000 0.348534 0.244403 0.876352 0.102363 0.631410 0.189305 0.350331 0.100000 0.315054 0.763477 0.191795 0.283533 0.100000 0.282626 0.835147 0.100000 0.918137 0.452559 1.094942 0.476695 0.100000 0.100000 0.321940 0.598442 0.687236 0.100000 0.100000 0.161992 0.318684 0.137982 0.227631 1.064749 0.700188 0.923829 0.100000 0.121152 0.100000 0.100000 
0.205665 0.451857 0.397072 0.115691 0.680991 0.100000 0.100000 0.622114 0.305712 0.100000 0.100000 0.335965 0.103332 0.791977 0.357974 0.438095 0.289971 0.237816 0.170091 0.763325 0.542761 0.338864 0.826539 0.679935 0.406306 0.588361 0.466008 0.661786 1.062813 0.258810 1.106237 0.444841 0.311568 1.299182 0.210629 0.831371 0.323032 0.588982 0.251948 0.555698 0.612296 0.637098 0.412251 1.061450 0.711536 0.974825 0.107321 0.441338 0.692850 0.293578 0.882425 0.340901 1.010200 0.100000 0.100000 1.315802 0.186919 0.968456 1.191530 0.124790 0.986337 0.272533 0.571686 0.334937 1.344887 0.673269 0.642560 0.477456 0.644948 0.646760 0.100000 1.044831 0.742560 0.157401 0.765784 0.368341 0.644630 0.221415 0.680558 
0.517143 0.282874 0.985624 0.100000 0.979518 0.105763 0.397007 1.009724 0.824183 0.323504 0.100000 0.656753 0.689949 0.413379 0.615616 0.305164 0.816139 0.562053 0.586610 0.790013 0.765709 0.319134 1.054327 1.326787 0.358541 0.100000 0.500490 0.100000 0.280264 0.825154 0.420656 0.756983 0.100000 0.941129 0.100000 0.100000 0.217029 0.100000 0.668244 0.100000 0.651429 0.452876 1.002261 1.316898 0.861432 0.327319 0.762647 0.450928 0.694483 0.262514 1.175683 0.356504 0.536699 0.560301 0.100866 0.873749 0.548985 0.630983 1.008334 0.771712 0.856933 0.161061 0.659230 0.533800 0.767016 0.821217 0.936005 0.507695 1.257468 0.100000 0.324042 0.151772 0.362317 0.660747 0.587223 0.120965 0.352863 0.758451 0.843878 
0.423048 0.732569 0.866270 0.280740 0.500982 0.399611 0.360140 0.100000 0.815652 0.361313 0.100000 0.100000 1.012813 0.659110 0.100000 0.150171 1.047484 0.462188 0.798661 0.911538 0.562445 0.642742 0.366352 1.153123 0.100000 0.704057 0.254683 0.100000 0.535809 1.423187 0.178959 0.260428 0.526896 1.093105 0.721581 0.309595 0.617967 0.625078 0.137173 0.100000 0.669782 0.598527 0.785187 1.228389 0.907678 0.569185 0.372422 0.489362 0.400455 0.890399 1.447057 0.439399 0.673763 0.533612 0.231793 0.524952 0.508298 0.759731 1.022683 0.587819 0.458392 0.100000 0.100000 0.383049 1.020920 0.503145 0.659614 0.886890 1.097883 0.100000 1.064956 0.982313 0.167937 0.947342 0.545350 0.621448 0.447062 0.735554 0.421658 
0.100000 0.449611 0.825311 0.558963 0.821893 0.100000 0.166098 0.100000 0.657323 0.100000 0.483631 0.100000 0.678860 1.433877 0.940205 0.486937 0.668875 1.039640 0.100000 0.100000 0.624609 0.662927 0.876535 0.100000 0.304956 0.502931 0.100000 0.312177 0.251658 0.450855 0.100000 0.565564 1.262972 0.978776 0.100000 0.100000 1.180214 0.215708 0.147135 1.294636 0.100000 1.498992 1.757488 0.961889 0.756679 0.134959 0.358628 0.275476 0.435914 0.100000 1.134658 0.729162 0.164992 1.110911 0.273767 0.822880 0.626507 0.296777 0.643174 0.375657 0.530136 0.142545 0.810032 0.365012 0.145019 1.839895 2.006930 0.494226 0.100000 0.123397 0.281766 0.100000 0.301278 0.863131 0.602949 0.100000 0.100000 1.549832 0.487245 
0.100000 0.809791 0.720575 0.454564 0.718912 0.100000 0.100000 0.778807 0.601966 0.730730 0.175332 0.588867 0.218175 0.611819 0.326446 0.439038 0.100000 0.343971 0.281878 1.024381 0.876590 0.566003 0.982238 0.337800 0.411399 0.263383 0.100000 0.100000 1.224777 1.145221 0.484348 0.489076 0.318928 0.759823 0.506126 0.472289 0.618027 0.100000 0.793370 0.189670 0.488740 0.297197 0.954058 0.784654 0.558451 0.164289 0.337925 0.553915 0.638564 0.421074 1.422574 0.681438 0.331348 0.175860 0.100000 1.470287 0.100000 0.915612 1.114030 0.210173 0.631100 0.231900 0.506163 0.648771 0.995873 0.516812 0.440743 0.527123 0.767996 0.367347 0.100000 0.856220 0.395803 0.366878 1.168928 0.185331 0.100000 0.998323 0.467118 
0.528083 0.275322 0.602037 0.174503 0.945577 0.104694 0.100000 0.273546 0.377864 0.142212 0.196671 0.392473 0.501347 0.851985 0.494756 0.100000 0.283649 0.599308 0.667418 0.310192 0.178909 0.100000 0.632079 0.100000 0.127987 0.305427 0.100000 0.372165 0.391527 0.348526 0.390565 0.100000 0.100000 0.726787 0.100000 0.213805 0.223516 0.100000 0.320778 0.100000 0.108012 0.100000 0.504862 0.395244 0.122257 0.100000 0.100000 0.100000 0.278471 0.421747 0.435508 0.100000 0.683766 0.100000 0.100000 0.674815 0.100000 0.349400 0.420849 0.626661 0.524364 0.363037 0.100000 0.367282 0.473257 0.163924 0.815686 0.100000 0.185123 0.430970 0.100000 0.100000 0.865037 0.483174 0.696994 0.428884 0.100000 0.809606 0.399323 
0.100000 0.116281 0.345187 0.331200 0.188316 0.407519 0.100000 0.211806 0.100000 0.185745 0.378783 0.149681 0.175519 0.177902 0.594421 0.395361 0.301544 0.455907 0.403049 0.827090 0.440702 0.579388 0.100000 0.364820 0.107102 0.100000 0.100000 0.190859 0.100000 0.561223 0.959858 0.602090 0.594772 0.324502 0.100000 0.332569 0.100000 0.142994 1.048533 0.430402 0.100000 0.288026 1.103114 0.414969 0.569241 0.273857 0.100000 0.100000 0.520313 0.246914 0.509522 0.607326 0.569552 0.296365 0.100000 1.124725 0.100000 0.509764 0.287271 0.100000 0.479987 0.171533 0.769856 0.207921 0.915795 0.572671 0.635707 0.659016 0.514000 0.100000 0.443105 0.100000 0.388226 0.154168 0.543852 0.100000 0.100000 0.358028 0.197207 
0.649583 0.100000 0.953321 0.991576 0.718046 1.065639 0.100000 0.330440 0.100000 0.696712 0.518834 0.100000 1.461910 0.642435 0.478294 0.834212 0.100000 0.357590 0.100000 1.035434 0.394473 0.472023 0.470397 1.697114 0.613753 0.736338 0.439710 1.283531 1.371241 0.100000 0.865660 0.859639 0.100000 0.332734 0.383845 0.929297 0.100000 0.100000 0.345741 0.100000 0.132294 1.650474 0.664315 1.325884 0.100000 0.100000 0.100000 0.100000 0.100000 0.100000 0.494333 0.702089 0.472963 0.173821 0.921082 1.087878 1.017013 0.675009 0.100000 0.100000 1.144077 0.100000 0.383713 0.550281 1.416432 0.963410 0.856861 0.337970 0.876915 0.475096 0.562182 0.740851 0.718714 0.100000 0.574019 0.352006 0.887190 1.247387 0.372325 
0.725358 0.349805 0.190164 0.100000 0.656740 0.100000 0.569629 0.464898 0.604358 0.297790 0.100000 0.405799 0.648779 1.044638 0.204619 0.295970 0.317823 0.316998 0.504300 0.356142 0.567393 0.100000 0.252251 1.007183 0.100000 0.100000 0.605007 0.100000 0.245386 0.321926 0.100000 0.649898 0.179903 0.261583 0.100000 0.430012 0.100000 0.432769 0.314795 0.100000 0.437222 0.462783 0.705129 0.637100 0.725374 0.540259 0.490739 0.225323 0.187967 0.444106 0.474916 0.421840 0.974168 0.100000 0.259751 0.698215 0.100000 0.100000 0.790974 0.741894 0.109838 0.268829 0.830677 0.292505 0.492065 0.267183 0.568140 0.100000 0.482169 0.100000 0.100000 0.243418 0.411627 0.306022 0.481992 0.154479 0.100000 0.100000 0.140440 
0.860227 0.546169 0.824057 0.100000 0.501521 0.235507 0.100107 0.459291 0.911340 0.503796 0.100000 0.168449 0.695360 0.967068 0.550113 0.302928 0.527595 0.552528 0.510706 0.259976 0.398653 0.695915 0.491941 0.774186 0.421275 0.210904 0.212905 0.205753 0.100000 0.353428 0.923219 0.100000 0.100000 0.796816 0.404728 0.203659 0.366987 0.100000 0.457910 0.211702 0.388114 1.018614 0.494402 1.037797 0.619441 0.143399 0.249915 0.850875 0.738844 0.765227 0.878518 0.162142 0.971860 0.217221 0.100000 0.387700 0.723858 1.328258 0.665666 0.535379 0.549578 0.275848 0.284607 1.125367 0.459731 1.244056 0.931121 0.550788 0.616161 0.100000 0.100000 0.100000 0.438193 0.490323 0.439059 0.553942 0.100000 0.100000 0.100000 
0.100000 0.873039 1.166014 0.167192 0.388433 0.446358 0.100000 0.490147 0.317969 0.100000 0.448155 0.323629 0.642436 1.228087 0.718208 0.982017 0.493223 0.223394 0.486533 0.510412 0.100000 0.311696 0.569895 0.852008 0.108272 0.100000 0.147205 0.919270 0.160570 1.095588 0.765628 0.701222 0.330788 0.860603 0.100000 0.529432 0.100000 0.733279 0.193913 0.315307 0.215117 0.633209 1.113153 0.705545 0.763641 0.443017 0.422431 0.314548 0.440359 0.647336 1.139101 0.317157 0.431248 0.343356 0.100000 0.886102 0.100000 0.844312 0.855316 0.734946 0.800891 0.263008 0.100000 0.692319 0.611888 0.370735 0.243717 0.212636 0.673969 0.248490 0.117973 0.244617 0.862953 0.427438 0.412134 0.622155 0.625678 0.610827 0.100000 
0.284482 0.143589 0.731787 0.100000 0.100000 0.122618 0.100000 1.251800 0.597842 0.345665 0.100000 0.100000 0.201963 0.440020 0.100000 0.895238 0.312636 0.107111 0.100000 0.574660 0.145436 0.100000 0.810861 1.001055 0.100000 0.312730 0.100000 0.648528 0.668712 0.901206 0.375307 0.770798 0.100000 0.568696 0.173992 0.517184 0.100000 0.100000 0.100000 0.100000 0.354687 0.610735 0.599609 0.331623 0.261388 0.691634 0.100000 0.243054 0.527633 0.751807 0.907853 0.298281 0.125399 0.100000 0.100000 0.611525 0.294181 0.867246 0.947143 1.008494 0.790178 0.100000 0.100000 0.100000 0.947577 0.843506 0.676548 0.333046 0.511058 0.535319 0.294223 1.185814 0.823096 0.100000 0.455686 0.100000 0.100000 0.557432 0.142829 
0.532697 0.288849 0.838128 0.345501 0.466615 0.100000 0.100000 0.832467 0.784997 0.701968 0.160473 0.337471 0.666712 0.845057 0.904224 0.557638 0.410419 0.910560 0.786387 0.590921 0.604266 0.445973 1.066101 0.401283 0.421401 0.861141 0.246016 0.572707 0.393397 0.137227 0.660290 0.100000 0.100000 0.911348 0.273971 0.440493 0.443653 0.325356 0.517757 0.696716 0.657107 0.560974 0.586341 0.840586 0.375079 0.148707 0.110177 0.521254 0.937571 0.452229 0.837843 0.417764 0.792419 0.751830 0.468707 0.527474 0.564515 0.915912 0.732098 0.352317 0.889034 0.327555 0.100000 0.670548 0.392000 0.695486 0.783943 0.416684 0.100000 0.552351 0.252892 0.305727 0.687081 0.352805 0.313442 0.451920 0.130969 0.449466 0.114846 
0.809964 0.100000 0.684262 0.103638 0.141769 0.461809 0.100000 0.100000 0.416449 0.640703 0.100000 0.552056 0.356153 0.648007 0.593159 0.147829 0.780389 0.514686 0.312744 0.100000 0.100000 0.572239 0.100000 1.048771 0.152549 0.236021 0.100000 0.100000 0.589341 0.836000 0.279132 0.485778 0.100000 0.713800 0.248774 0.100000 0.100000 0.100000 0.196321 0.100000 0.765862 0.100000 0.779575 0.793057 0.679575 0.157912 0.423175 0.921305 1.010724 0.363773 1.907650 1.186758 0.277344 0.871131 0.183433 0.333383 0.318730 0.471511 1.009710 0.281598 0.593871 0.100000 0.473283 0.959620 1.472634 1.203347 0.216823 0.851439 1.362715 0.100000 0.100000 0.693979 0.294357 0.932965 0.839139 0.324884 0.100000 1.054476 0.307026 
0.697756 0.100000 0.604755 0.332537 0.393980 0.100000 0.100000 0.498982 0.452050 0.774499 0.100000 0.100000 0.490267 0.251964 0.330050 0.100000 0.718527 0.654212 0.162799 0.443287 0.100000 0.100000 0.603134 0.642053 0.185552 0.100000 0.263669 0.346692 0.100000 1.120044 0.100000 0.432120 0.326015 0.284733 0.100000 0.143243 0.699327 0.419502 0.248177 0.332013 0.409802 0.419370 0.375743 1.032726 0.417980 0.100000 0.100000 0.549356 0.887678 0.437738 0.968497 0.372206 0.160818 0.116281 0.100000 0.497144 0.629434 0.784318 0.853730 0.100000 0.553482 0.487061 0.375110 0.100000 0.758226 0.187251 0.673618 0.468068 0.100000 0.337749 0.254811 0.731256 0.275239 0.100000 0.144896 0.100000 0.789587 0.191411 0.100000 
