76 Number of operations
28 Number of workers
Standard production times
0.308813 0.558141 0.298419 0.319496 0.534422 0.254199 0.345441 0.460585 0.519555 0.569980 0.107122 0.100000 0.980715 0.326592 0.136728 0.391661 0.626158 0.327756 0.100000 0.100000 0.635435 0.234333 0.100000 0.360275 0.589480 0.330780 0.574491 0.231199 0.479756 0.244350 0.730794 0.305525 0.247800 0.800405 0.304359 0.597172 0.100000 0.617117 0.192053 0.423423 0.635059 0.176977 0.181887 0.701561 0.287298 0.181621 0.410308 0.268681 0.639402 0.459115 0.406398 0.304944 0.732521 0.509120 0.205246 0.457665 0.519710 0.300026 0.561226 0.567650 0.372720 0.215002 0.151436 0.500079 0.100000 0.256940 0.260664 0.183320 0.316310 0.370908 0.217727 0.479281 0.267210 0.341366 0.410068 0.100000 
Production times: workers row and ops columns
0.115751 0.533121 0.100000 0.527640 0.469845 0.310168 0.550475 0.136941 0.685495 0.306219 0.100000 0.585203 0.674042 0.395511 0.412411 0.443481 0.381828 0.100000 0.100000 0.280593 0.613172 0.523485 0.300126 0.353239 0.330471 0.266285 0.530085 0.100000 0.259839 0.866372 1.012653 0.715265 0.100000 0.760973 0.100000 0.707950 0.100000 0.262642 0.230120 0.771553 0.617395 0.100000 0.361108 0.249615 0.698521 0.207592 0.396176 0.400684 0.751763 0.248106 0.183989 0.100000 0.325592 0.567209 0.100000 0.100000 0.100000 0.100000 1.113470 0.406889 0.382242 0.195795 0.466387 0.766233 0.100000 0.100000 0.100000 0.100000 0.100000 1.061636 0.104126 0.648810 0.100000 0.100000 0.111797 0.100000 
1.156757 0.402006 0.342972 0.194614 0.852862 0.100000 0.435183 0.257074 0.753334 0.602279 0.150196 0.426368 1.116747 0.223340 0.170714 0.462675 0.868313 0.250766 0.182532 0.654064 0.299616 0.153557 0.100000 0.808634 0.798464 0.576100 0.551517 0.434960 0.322240 0.641831 0.701252 0.722871 0.297197 1.530116 0.236915 1.192910 0.100000 0.921413 0.100000 0.445168 0.666370 0.100000 0.603535 0.257583 0.745618 0.585752 0.658486 0.665637 1.232854 1.238268 0.671908 0.688334 0.660500 0.433576 0.100000 0.313511 0.567876 0.348522 1.203297 0.556608 0.255273 0.781985 0.601838 0.530066 0.676479 0.966508 0.407924 0.232585 0.717221 0.171292 0.100000 0.317385 0.100000 0.101295 0.266993 0.724779 
0.527557 0.901292 0.310728 0.525590 0.796612 0.100000 0.174138 0.568120 0.268692 0.446900 0.100000 0.100000 0.949953 0.126935 0.284856 0.883367 0.107682 0.355128 0.442006 0.100000 0.555258 0.336580 0.100000 0.100000 0.461026 0.100000 0.573149 0.555136 0.697886 0.100000 0.466028 0.534969 0.100000 0.184530 0.100000 0.850143 0.100000 0.702968 0.100000 0.530745 1.000879 0.100000 0.133906 0.594527 0.100000 0.100000 0.282447 0.427987 0.622299 0.393659 0.426704 0.515193 0.599517 0.403479 0.250585 0.100000 0.100000 0.476814 0.100000 0.328477 0.159994 0.100000 0.100000 0.100000 0.100000 0.100000 0.100000 0.485054 0.100000 0.238753 0.100000 0.100000 0.124986 0.100000 0.247591 0.205888 
0.955362 0.594202 0.219575 0.722530 0.100000 0.834598 0.100000 0.593222 0.100000 0.653337 0.100000 1.382627 0.918558 0.432601 0.465706 0.775959 0.100000 0.753046 0.100000 0.100000 0.100000 0.100000 0.100000 1.034837 0.409323 0.465832 0.320949 0.229825 0.100000 0.100000 0.100000 1.040221 0.513510 0.825362 0.100000 0.218297 0.152040 0.327012 0.654734 0.906674 0.678608 0.100000 0.100000 0.893998 0.715873 0.100000 0.566444 0.188596 0.771052 0.100000 0.100000 0.323638 0.643219 0.440128 0.342702 0.583951 0.244816 0.228347 1.537066 0.763431 0.100000 0.238938 0.528791 0.100000 0.100000 0.510425 0.100000 0.294276 0.333323 0.100000 0.423389 0.100000 0.100000 0.521254 0.300667 0.100000 
0.969315 0.100000 0.480268 0.100000 0.590808 0.410103 0.100000 0.845690 0.711965 0.642581 0.709422 0.383964 1.172834 1.314328 0.796199 0.670501 0.353251 0.557705 0.738931 0.137975 1.265797 0.100000 0.365914 0.541815 0.663779 0.320557 1.125443 0.732942 0.800304 0.100000 2.038537 0.459858 0.100000 0.540523 0.100000 0.339610 0.630155 0.537001 0.100000 0.455039 0.756317 0.100000 0.386946 0.191269 1.068645 0.108150 0.678069 0.417616 1.080467 0.819791 0.100000 0.100000 0.305589 1.530638 0.100000 0.234075 0.100000 0.443467 0.570755 1.416753 0.319524 0.100000 0.644670 0.594455 0.387518 0.854746 0.140352 0.100000 0.100000 0.100000 0.980416 0.734043 0.625330 0.199467 1.070505 0.100000 
0.178422 1.259324 0.611249 0.183238 0.579978 0.254024 0.220607 0.366629 1.048177 0.561428 0.462255 0.100000 1.079081 0.100000 0.168493 0.412752 0.982761 0.309496 0.100000 0.127873 0.511087 0.100000 0.100000 0.100000 0.511585 0.692664 0.755687 1.033922 0.390118 0.570240 0.737690 0.100000 0.100000 1.268975 0.100000 0.100000 0.332030 0.322323 0.100000 0.487155 1.498592 0.100000 0.100000 0.100000 0.595822 0.922138 0.705363 1.017648 0.357383 0.875687 0.100000 0.513994 0.571024 0.630493 0.100000 0.554517 0.322016 0.741015 0.100000 0.768423 0.100000 0.803036 0.119416 0.277432 0.100000 0.133833 0.100000 0.100000 0.100000 1.112565 0.946097 0.873039 0.991182 0.332557 0.100000 0.100000 
0.425283 0.561923 0.416684 0.262934 0.661897 0.100000 0.353390 0.100000 0.686816 0.491382 0.276596 0.351813 0.835747 0.458497 0.100000 0.608271 1.110504 0.608082 0.100000 0.100000 0.872409 0.239749 0.549736 0.769436 0.718687 0.935830 1.098089 0.307935 0.519452 0.442893 0.775582 0.116234 0.359547 1.462865 0.359926 0.408864 0.100000 0.856265 0.100000 1.083390 0.346531 0.333351 0.212484 1.105241 0.262092 0.100000 0.621400 0.359307 0.573408 0.520984 0.766163 0.312850 0.867302 0.744499 0.521436 0.597566 0.443293 0.137791 0.470517 1.057151 0.100000 0.608397 0.346500 0.463247 0.324442 0.420364 0.683410 0.247376 0.518606 0.707721 0.100000 0.736241 0.100000 0.640402 0.189917 0.527031 
0.714150 1.041345 0.100000 0.538204 0.812023 0.100000 0.100000 0.120461 0.356723 0.527463 0.141117 0.100000 0.374648 0.557464 0.100000 0.100000 0.801877 0.100000 0.526663 0.100000 0.549879 0.100000 0.117330 0.100000 0.664958 0.387372 0.224496 0.970966 0.441102 0.100000 1.080349 0.134948 0.249013 0.618701 0.331111 0.100000 0.100000 0.493614 0.589783 0.100000 0.312373 0.100000 0.100000 1.095047 0.100000 0.405982 0.100000 0.583178 0.394428 0.100000 0.102788 0.100000 0.905583 0.444919 0.100000 0.743987 0.541445 0.100000 1.057354 0.100000 0.946471 0.100000 0.100000 0.447937 0.100000 0.264300 0.204220 0.556019 0.100000 0.100000 0.100000 1.057653 0.371002 0.851972 0.100000 0.452102 
0.167525 0.776483 0.561034 0.100000 0.634957 0.100000 0.550486 0.593287 0.726550 0.689130 0.100000 0.929750 0.100000 0.220483 0.193949 0.100000 0.663641 0.623376 0.181363 0.100000 1.596797 0.100000 0.765845 1.106786 0.549685 1.108746 0.898158 0.100000 0.100000 1.104031 1.717970 0.385180 0.197271 0.827161 0.100000 0.948987 1.044229 1.424406 0.100000 0.515212 0.100000 0.100000 0.100000 1.065698 0.344012 0.100000 0.100000 0.100000 0.180887 2.083290 0.100000 0.129415 0.431608 0.312222 0.674503 0.517640 1.120343 0.470729 0.545695 0.159117 0.744308 0.100000 0.100000 1.650190 0.485909 0.642306 1.440126 0.100000 0.100000 0.406233 0.100000 0.909136 0.162280 0.779325 0.100000 0.177478 
0.100000 1.252940 0.100000 0.428886 1.040150 0.100000 0.132735 0.100000 0.543278 0.175907 0.395584 0.100000 0.247871 0.998007 1.108054 0.100000 0.609082 0.845324 0.316961 0.100000 1.196778 0.935445 0.100000 0.513792 0.938360 0.741060 1.239277 0.100000 0.100000 0.131121 1.148412 0.100000 0.100000 0.917251 0.100000 0.100000 0.100000 0.683499 0.427334 0.958293 0.708394 0.323432 0.100000 0.796120 0.141069 0.100000 0.100000 0.100000 0.462417 1.340054 0.826315 0.846711 0.485019 0.100000 0.100000 0.329677 0.339267 0.931443 1.250988 1.114040 0.100000 0.100000 0.100000 0.100000 0.128970 1.013461 0.100000 0.602657 0.100000 0.100000 0.847763 0.809141 0.809132 0.969764 0.287325 0.195373 
0.470403 0.845566 0.518786 0.100000 0.316607 0.100000 0.390571 0.100000 0.714927 0.447648 0.100000 0.100000 1.259796 0.100000 0.136968 0.182258 0.531431 0.452085 0.100000 0.100000 0.239436 0.546108 0.431097 0.100000 0.766553 0.276326 0.233834 0.100000 0.414333 0.253211 0.922201 0.816096 0.316856 1.613697 0.352132 0.181883 0.100000 0.610853 0.100000 0.100000 0.336941 0.100000 0.185356 0.450774 0.100000 0.216914 0.296733 0.749093 0.100000 0.492205 0.696697 0.108344 0.570602 0.557227 0.496929 0.100000 0.497950 0.464625 0.408245 0.416785 0.258654 0.100000 0.340956 0.171593 0.100000 0.393966 0.143997 0.100000 0.199572 0.168121 0.100000 0.451454 0.903653 0.379110 0.391481 0.100000 
0.100000 1.054846 0.100000 0.581575 0.215333 0.100000 0.122087 0.470904 0.100000 0.100000 0.100000 0.100000 0.861418 0.100000 0.477482 0.432925 0.100000 0.375612 0.237239 0.100000 0.259622 0.100000 0.100000 0.407274 0.330712 0.100000 0.995379 0.100000 0.362908 0.547493 1.194070 0.100000 0.110287 0.947555 0.428749 0.631275 0.683069 0.783537 0.100000 0.293153 0.211439 0.365960 0.293468 0.408014 0.100000 0.460677 0.378291 0.100000 0.763643 0.230416 0.214100 0.100000 0.293379 0.634376 0.100000 0.543563 0.480826 0.673868 0.446971 0.252235 0.206067 0.205938 0.168098 0.330837 0.142368 0.564027 0.100000 0.173398 0.358254 0.108695 0.100000 0.100000 0.230718 0.100000 0.151283 0.100000 
0.728623 0.300065 0.324598 1.161771 0.889305 0.721343 0.100000 1.171830 0.596739 0.777891 0.100000 0.100000 0.712564 0.689573 0.100000 0.654781 1.172340 0.119400 0.100000 0.100000 1.159742 0.100000 0.100000 0.100000 0.535204 0.100000 0.100000 0.906723 0.598468 0.755088 1.098421 0.999711 0.795012 0.339660 2.113480 0.907822 0.339539 0.739794 0.100000 0.340165 0.100000 0.103711 0.261350 0.916527 0.100000 0.100000 0.100000 0.100000 0.349849 0.530371 0.284314 0.100000 1.353485 0.351766 0.100000 0.885912 0.407832 0.930050 1.696212 0.856762 0.337789 0.100000 0.100000 0.100000 0.100000 0.344728 0.100000 0.100000 0.402286 0.924567 0.100000 0.737881 0.955808 0.100000 0.788931 0.962973 
0.444770 0.583727 0.102853 0.750079 0.422280 0.100000 0.100000 0.302801 0.906222 1.029494 0.421934 0.100000 1.267238 0.100000 0.159367 0.879021 0.210989 0.313133 0.100000 0.195896 0.100000 0.102432 0.100000 0.229002 0.417230 0.311531 0.361290 0.544912 0.100000 0.100000 1.034055 0.426028 0.651709 0.680232 0.153093 0.126661 0.100000 0.372234 0.314846 0.341663 0.181286 0.486464 0.580774 0.602003 0.879431 0.100000 0.100000 0.100000 0.100000 0.427882 0.100000 0.105491 0.259530 0.563355 0.745149 0.259572 0.609517 0.100000 0.484392 0.699630 0.553665 0.281031 0.299316 0.100000 0.100000 0.449133 0.307509 0.100000 0.100000 0.307007 0.100000 0.619919 0.162354 0.935906 0.400386 0.324813 
0.233709 0.504380 0.985587 0.100000 0.643859 0.100000 0.100000 0.100000 0.100000 0.100000 0.452388 0.100000 0.299325 0.100000 0.247372 0.295241 0.656032 0.562025 0.100000 0.220166 0.258538 0.358210 0.100000 0.472792 0.727729 0.100000 0.108441 0.100000 0.517145 0.128534 0.379016 0.322813 0.191854 0.548360 0.100000 0.840751 0.100000 0.568323 0.331011 0.811603 0.100000 0.308604 0.549532 0.752688 0.229413 0.509207 0.100000 0.100000 0.652118 0.555031 0.411638 0.100000 0.993236 0.933513 0.447726 0.100000 0.359465 0.127762 0.632366 0.390480 0.213430 0.252026 0.676828 0.229690 0.309517 0.270748 0.111803 0.100000 0.474903 0.100000 0.100000 0.942929 0.100000 0.937617 0.389463 0.100000 
0.592308 0.438987 0.183457 0.504058 0.747205 0.100000 0.344015 0.100000 0.133038 0.517619 0.379977 0.100000 0.886185 0.100000 0.100000 0.496511 0.693408 0.100000 0.100000 0.100000 0.350824 0.100000 0.100000 0.268913 0.721532 0.112685 0.676253 0.100000 0.479799 0.100000 0.537050 0.100000 0.100000 0.455270 0.448406 0.366585 0.100000 0.189659 0.100000 0.549144 0.542305 0.100000 0.100000 0.999738 0.481202 0.100000 0.485700 0.324261 0.613352 0.266779 0.153896 0.100000 0.919467 0.100000 0.425092 0.100000 0.143260 0.278043 0.462389 0.138628 0.100000 0.243068 0.324297 0.124106 0.310305 0.100000 0.100000 0.100000 0.684796 0.296435 0.216533 0.305934 0.100000 0.222362 0.441472 0.100000 
0.128111 0.488146 0.349070 0.468599 0.752349 0.575471 0.353952 0.175272 0.429546 0.100000 0.100000 0.100000 0.410476 0.554421 0.245543 0.779860 0.362672 0.100000 0.100000 0.100000 0.535213 0.368692 0.100000 0.520865 0.146100 0.406453 0.447949 0.296070 0.440514 0.549988 0.557930 0.150591 0.273736 0.825360 0.100000 1.049014 0.100000 0.727057 0.100000 0.746655 0.976440 0.261277 0.399228 0.100000 0.608269 0.100000 0.751568 0.100000 0.278659 0.794171 1.154684 0.100000 0.538699 0.199350 0.847828 0.100000 0.405033 0.537401 0.654281 0.370290 0.212970 0.100000 0.100000 0.654025 0.188675 0.100000 0.807830 0.185972 0.314239 0.524720 0.300644 0.127160 0.116941 0.165181 0.169189 0.100000 
0.277876 0.459808 0.233453 0.432792 0.573101 0.779315 0.100000 0.968810 0.100000 0.445491 0.640205 0.510725 0.896340 0.858023 0.206176 0.301547 0.100000 0.100000 0.100000 0.100000 1.106290 1.092172 0.364824 0.924758 0.323679 0.100000 0.244152 0.100000 0.448558 0.100000 0.100000 0.973021 0.100000 0.334831 0.100000 0.614869 0.100000 1.122537 0.362554 0.631530 0.833079 0.100000 0.793557 0.814960 0.100000 0.100000 0.640069 0.100000 1.265777 0.100000 0.906478 0.533257 0.795661 0.218599 0.100000 0.275883 0.558406 0.100000 0.410781 0.534699 0.312507 0.100000 0.100000 0.485540 0.665892 0.100000 0.230761 0.114883 0.462566 1.362700 0.100000 0.100000 0.100000 0.100000 0.104424 0.100000 
0.681652 0.163726 0.100000 0.335282 0.231648 0.100000 0.100000 0.872677 0.585244 0.432128 0.100000 0.100000 1.394575 0.436610 0.100000 0.452366 0.151435 0.124705 0.100000 0.100000 0.418649 0.410972 0.100000 0.157352 0.161249 0.266633 0.648334 0.206691 0.634930 0.459487 1.262498 0.270936 0.114624 0.605489 0.268128 0.402026 0.100000 0.659665 0.100000 0.100000 0.190969 0.310726 0.100000 0.824266 0.745388 0.480958 0.407220 0.431414 0.100000 0.324454 0.206057 0.184444 0.423988 0.787039 0.100000 0.278099 0.789541 0.100000 1.203893 0.230543 0.450694 0.100000 0.465427 0.905414 0.108985 0.222294 0.100000 0.148662 0.119788 0.642224 0.494254 1.231500 0.100000 0.412386 0.164067 0.100000 
0.467778 0.267090 0.100000 0.374882 0.224479 0.100000 0.100000 0.828623 0.362025 1.291647 0.272104 0.155527 0.899919 0.100000 0.318163 0.100000 0.100000 0.100000 0.100000 0.696019 1.528948 0.412222 0.639661 0.263162 1.159646 0.261153 0.879603 0.451099 1.267822 0.100000 0.565133 0.284107 0.381188 1.294065 0.356450 1.451991 0.701507 0.887403 0.870905 0.462532 0.100000 0.100000 0.100000 0.735750 0.894141 0.547010 0.280045 0.100000 1.041226 0.100000 1.067101 0.100000 0.867406 0.312727 0.100000 0.357885 0.259652 0.485007 1.131293 1.572208 1.149027 0.678177 0.643762 0.100000 0.100000 0.262863 0.100000 0.648441 0.401585 0.100000 0.100000 0.636804 0.100000 0.100000 0.974255 1.235778 
0.584955 0.600542 0.391240 0.359310 0.692591 0.340056 0.333137 0.115004 0.534369 0.115316 0.156483 0.100000 1.160161 0.823845 0.100000 0.614946 0.864404 0.100000 0.100000 0.100000 0.501896 0.290573 0.316819 0.100000 0.693051 0.749357 0.995265 0.571306 0.429956 0.187306 1.021376 0.338891 0.749521 0.707832 0.193072 0.661166 0.147318 1.281318 0.100000 0.578323 0.932177 0.564702 0.408865 1.147777 0.100000 0.342684 0.805782 0.284641 0.934599 0.100000 0.326120 0.192614 0.654503 0.437181 0.776879 1.297550 1.093944 0.693890 0.472754 0.523569 0.608579 0.572272 0.100000 0.100000 0.100000 0.168291 0.537689 0.100000 0.370613 0.274609 0.309887 0.752172 0.502166 0.227204 1.312345 0.489903 
0.302793 0.743006 0.988389 0.247970 0.100000 0.339441 0.490289 1.396821 0.637611 0.184330 0.124044 0.137543 1.156902 0.100000 0.778712 0.838981 1.080070 0.100000 0.208873 0.100000 0.723973 0.100000 0.395292 0.218712 0.352554 1.200332 1.345157 0.955099 0.494102 0.642037 0.660207 0.100000 0.384865 0.790529 0.100000 1.281435 0.611842 0.355499 0.100000 0.848284 0.361668 0.100000 0.100000 1.045233 0.100000 0.472305 0.100000 0.373235 1.302555 0.536368 0.306625 0.100000 1.230875 0.100000 0.752592 1.200789 1.787521 0.508479 0.642248 0.978846 0.972048 0.100000 0.100000 0.100000 0.567875 0.100000 0.939248 0.100000 0.344389 0.542713 0.100000 0.837278 0.719311 0.100000 0.156102 1.128320 
0.110188 1.302903 0.515391 0.439804 0.797550 0.100000 0.455042 0.938431 0.555628 0.769906 0.440851 0.100000 1.776309 0.595873 0.258050 0.290243 0.347843 0.383790 0.410336 0.100000 0.866580 0.333109 0.579891 0.100000 0.849416 0.404368 0.550638 0.284330 0.411161 0.537011 0.610607 0.100000 0.449056 0.809249 0.264133 0.826953 0.100000 0.164007 0.100000 0.110345 0.623115 0.112871 0.542543 0.605555 0.437279 0.294299 1.248583 0.730446 1.064060 0.806457 0.734550 0.100000 0.905028 0.676217 0.100000 0.590884 0.713884 0.577918 0.525449 0.414555 0.229399 0.154410 0.189415 0.486807 0.300037 0.972236 0.100000 0.424182 0.100000 0.250514 0.100000 0.773382 0.111497 0.396393 0.310862 0.368621 
0.643380 0.495748 0.784356 0.913792 1.115199 0.676211 0.223641 0.226699 0.537286 1.196192 0.790129 0.106329 0.639512 0.709998 0.520845 0.257847 0.100000 0.965644 0.113759 0.490596 0.656208 0.708351 0.100000 0.472794 0.880301 0.100000 0.755011 0.100000 0.100000 0.100000 0.522643 1.735280 1.265255 0.958157 0.100000 0.714760 0.100000 1.587387 0.100000 0.100000 0.100000 0.892875 0.100000 0.652589 0.673727 0.444455 0.107718 0.326714 1.059403 0.508377 0.629532 0.346818 0.576208 0.913737 0.356783 0.857153 1.128207 0.466750 0.100000 0.315535 0.697613 0.100000 0.100000 1.644543 0.100000 0.100000 1.020079 0.445716 0.100000 0.100000 0.493725 0.100000 1.473514 0.727358 0.136779 0.441737 
0.553815 0.598017 1.099238 0.560257 0.495048 0.616973 0.233885 0.795338 0.673940 1.185187 0.100000 0.100000 1.107182 0.559289 0.440875 0.531529 0.770793 0.211740 0.161756 0.548125 0.541007 0.592473 0.364058 0.226507 0.646289 0.564937 0.841159 0.239648 0.989473 0.233353 0.773988 0.100000 0.417230 0.818691 0.157225 0.391724 0.683894 0.841127 0.693320 0.839473 0.755033 0.764969 0.140447 0.419474 0.451830 0.554399 0.471590 0.100000 0.723832 0.533984 0.769060 0.539617 0.694810 0.371954 0.491139 0.121428 0.541890 0.439768 0.650234 0.587215 0.400476 0.619992 0.519358 0.690075 0.100000 0.159847 0.570629 0.338415 0.100000 0.582984 0.597021 0.878304 0.233776 0.363390 0.680504 0.372750 
0.727404 0.275804 0.292913 0.100000 0.330244 0.512884 0.365819 1.842878 0.100000 0.319712 0.100000 0.143627 1.371968 0.100000 0.100000 0.298310 0.299836 0.277495 0.100000 0.100000 0.800073 0.100000 0.100000 0.873743 1.694806 0.230519 0.553994 0.315969 0.534770 0.312960 0.338693 0.222803 0.105209 0.719061 0.209257 0.241669 0.100000 0.812205 0.100000 0.714900 0.169770 0.560961 0.208027 0.878768 0.752588 0.197131 0.707916 0.100000 2.078086 0.605078 1.213396 0.491928 0.100000 0.520922 0.100000 0.100000 0.100000 0.100000 0.297262 0.453962 0.923843 0.100000 0.471945 0.506685 0.490688 0.588219 0.100000 0.100000 0.720491 0.589884 0.221786 0.182531 0.113359 1.167022 1.070418 0.100000 
0.100000 1.089904 0.416550 0.226968 0.191913 0.481984 0.297840 0.353646 0.168690 0.871032 0.298794 0.144819 1.084114 0.100000 0.343118 0.378393 0.392496 0.264044 0.226570 0.242663 0.872121 0.100000 0.100000 0.274527 0.100000 0.100000 0.424142 0.100000 0.741729 0.100000 0.921998 0.620294 0.100000 0.794202 0.100000 0.191140 0.100000 1.221464 0.100000 0.474361 0.876132 0.444884 0.100000 0.669140 0.621252 0.152442 0.100000 0.364679 0.405110 0.100000 0.463675 0.724432 1.097985 0.306267 0.298480 0.463961 0.813850 0.219174 0.307760 0.954726 0.686062 0.100000 0.104508 0.140171 0.100000 0.318020 0.100000 0.100000 0.843187 0.392309 0.100000 0.416045 0.641240 0.153670 0.185629 0.236311 
0.578934 0.458071 0.364820 0.652221 1.062235 0.173765 0.100000 0.419714 0.761097 0.498996 0.100000 0.100000 1.322941 0.554240 0.592894 0.862155 0.604147 0.392823 0.226925 0.306406 0.858484 0.862080 0.249603 0.279838 0.532415 0.322084 0.452283 0.100000 0.794386 0.437570 0.694189 0.489305 0.268701 0.615417 0.155146 0.916952 0.100000 0.982380 1.102726 0.100000 0.433761 0.375563 0.360820 0.661693 0.100000 0.421795 0.648423 0.465867 0.862352 0.701875 0.517363 0.764197 0.983412 0.858676 0.100000 0.557121 0.503519 0.781296 0.315215 0.342443 0.431681 0.505716 0.860219 1.249384 0.365107 0.299422 0.110146 0.930272 0.431342 0.328858 0.100000 0.502516 0.470780 0.214166 0.149261 0.255488 
