88 Number of operations
24 Number of workers
Standard production times
0.290051 0.119425 0.716550 0.190971 0.451519 0.100000 0.100000 0.336942 0.571636 0.414269 0.100000 0.116889 0.577166 0.526380 0.408052 0.219375 0.435065 0.438886 0.292950 0.555470 0.434268 0.311430 0.740981 0.584869 0.139028 0.323885 0.251275 0.312576 0.314710 0.676281 0.419674 0.326109 0.145356 0.602997 0.103788 0.342580 0.388635 0.242379 0.413542 0.192219 0.347265 0.507650 0.705652 0.791335 0.495640 0.423869 0.228507 0.247610 0.527861 0.409505 1.022967 0.293508 0.469117 0.314897 0.100000 0.751079 0.347161 0.569259 0.817347 0.505296 0.596762 0.100000 0.221035 0.466013 0.609718 0.669980 0.649135 0.261762 0.656215 0.254587 0.240166 0.399291 0.502519 0.366428 0.669267 0.276902 0.251393 0.603187 0.288969 0.487252 0.370662 0.404699 0.348340 0.767831 0.361202 0.714826 0.551380 0.294575 
Production times: workers row and ops columns
0.125465 0.149554 0.530021 0.298036 0.260433 0.100000 0.120456 0.385065 0.106586 0.996656 0.543591 0.100000 0.982987 0.330620 0.134565 0.896534 0.402179 1.002543 0.100000 0.356995 0.411852 0.442120 0.580994 0.793240 0.100000 0.100000 0.249610 0.358799 0.342426 0.701972 0.469118 0.598221 0.100000 0.507541 0.419571 0.812900 0.408695 0.811774 0.218474 0.316257 0.456013 0.255290 0.477667 0.857579 0.375882 0.726013 0.198034 0.100000 0.666131 0.724888 1.239648 0.714940 0.922583 0.142862 0.714733 0.900500 0.598083 0.399303 1.406905 0.448528 0.525215 0.629477 0.100000 0.410059 0.697039 0.644271 0.600207 0.710640 0.631733 0.383812 0.148160 0.433043 0.768043 0.451912 0.665279 0.100000 0.353668 0.411296 0.415901 0.889406 0.203828 0.103713 0.371314 0.985906 0.100000 0.555681 0.345530 0.457688 
0.228221 0.268715 1.005045 0.100000 0.789346 0.100000 0.100000 0.433662 0.290204 0.469600 0.811817 0.100000 0.740728 0.736443 0.254724 0.129342 0.222619 0.188606 0.100000 0.100000 0.967817 0.851394 0.828981 0.648454 0.100000 0.100000 0.100000 0.359151 0.100000 0.790210 1.297871 0.100000 0.100000 0.609585 0.290947 0.100000 0.249583 0.401302 0.234161 0.171249 0.976235 0.821825 0.204189 1.185324 0.100000 0.694948 0.688212 0.272978 1.128538 0.366496 0.948898 0.363071 0.100000 1.479968 0.100000 0.100000 0.100000 0.446532 0.818836 0.371422 0.394871 0.178636 0.390503 0.100000 0.961251 0.507250 0.329261 0.590550 0.964310 0.100000 0.258593 0.100000 0.100000 0.925607 0.300790 0.182800 0.100000 0.855537 0.100000 1.010067 0.108389 1.130398 0.696200 1.600547 0.100000 0.353263 1.104019 0.636028 
1.111039 0.298625 0.795489 0.113443 0.525364 0.287160 0.100000 0.828476 0.616331 0.922726 0.226266 0.516678 0.915712 0.670536 0.847234 0.100000 0.507651 0.958589 0.762989 0.642003 0.100000 0.533129 0.305084 0.653174 0.433654 0.100000 0.323283 0.723542 0.131295 1.099739 0.100000 0.410031 0.691535 0.707646 0.158923 0.507140 0.222590 0.603958 0.193793 0.348074 0.235529 0.542724 1.388426 0.908501 0.100000 0.326267 0.100000 0.100000 0.751266 0.580521 1.370474 0.220130 0.766092 0.862833 0.443668 1.373530 0.100000 0.971026 1.250744 0.493365 0.711897 0.285494 0.136640 0.642193 0.983950 1.244071 0.655118 0.192951 0.859992 0.428055 0.889242 0.526271 0.660189 0.255251 0.918938 0.634850 0.683619 0.753831 0.130986 0.856050 0.420577 1.180866 0.572478 1.160094 0.100000 1.005244 1.119075 0.397385 
0.100000 0.274351 1.269765 0.100000 0.220081 0.100000 0.100000 0.271083 0.469972 0.628059 0.217317 0.100000 0.641172 0.274735 0.333101 0.491707 0.100000 0.690825 0.100000 0.556957 0.100000 0.100000 0.662318 0.463988 0.100000 0.100000 0.100000 0.100000 0.325587 0.432517 0.415790 0.100000 0.100000 0.453593 0.315879 0.100000 0.721307 0.402525 0.206308 0.318208 0.399961 0.442697 0.213348 0.582706 0.517785 0.100000 0.100000 0.100000 0.547441 0.100000 1.540798 0.100000 0.154208 0.115207 0.100000 0.275491 0.137969 0.501225 0.887960 0.291591 0.724731 0.116550 0.100000 0.100000 0.637672 0.556715 0.863224 0.406901 0.239380 0.222026 0.363191 0.100000 0.177008 0.926228 0.393143 0.395785 0.546502 0.403335 0.100000 0.478895 0.465146 0.100000 0.300589 0.155436 0.141200 0.583851 0.399175 0.553097 
0.100000 0.100000 0.100000 0.185205 0.874066 0.100000 0.383762 0.560108 0.624877 0.100000 0.499463 0.345020 0.245928 0.435884 0.100000 0.100000 0.100000 0.411603 0.583622 0.277747 0.535041 0.168562 0.100000 0.934852 0.100000 0.100000 0.130591 0.100000 0.350887 0.514770 0.280647 0.100000 0.379558 0.316961 0.100000 0.735404 0.165833 0.661100 0.100000 0.195767 0.470926 0.549646 1.196832 1.072087 0.798327 0.466186 0.287823 0.218387 0.444609 0.100000 0.381038 0.595529 0.263594 0.100000 0.356153 0.700078 0.100000 0.700536 1.092950 0.103568 0.148973 0.178110 0.100000 0.314308 0.252959 0.343943 0.580036 0.543715 0.182582 0.100000 0.375006 0.783510 0.335935 0.232325 0.284299 0.588631 0.215735 1.035677 0.110980 0.167182 0.106754 0.135918 0.340610 0.398966 0.100000 0.595791 0.947096 0.666474 
0.100000 0.100000 1.023951 0.100000 1.258279 0.100000 0.100000 1.331505 0.100000 0.370009 0.100000 0.415435 1.607912 0.418672 0.721442 0.266418 0.654540 0.823832 0.508837 0.100000 0.100000 0.357923 1.293932 0.491349 1.085052 0.100000 0.412352 0.817980 0.937558 0.736296 0.100000 0.912738 0.517355 0.100000 0.100000 0.425613 0.754563 0.100000 0.572368 0.100000 0.552487 0.148102 0.324173 0.568126 0.100000 0.621793 0.342003 0.200435 0.100000 0.438384 0.891298 0.100000 0.100000 0.417802 0.100000 0.100000 1.100544 0.228546 1.104658 0.100000 0.490175 0.100000 0.392078 0.100000 0.106054 2.008801 1.008286 0.220423 0.399376 0.192279 0.100000 0.100000 0.686894 0.100000 0.825279 0.376860 0.428614 1.345404 0.150297 0.100000 1.679678 0.100000 0.100000 0.836857 0.100000 1.048698 0.375055 0.100000 
0.100000 0.100000 1.016837 0.164385 0.461263 0.100000 0.382495 0.100000 0.772212 0.462882 0.100000 0.369592 0.472113 1.044057 0.100000 0.130750 0.417864 0.434184 0.125690 0.489313 1.069354 0.100000 0.877668 0.519256 0.100000 0.279145 0.126575 0.100000 0.100000 0.327070 0.100391 0.220232 0.100000 0.580631 0.255214 0.294982 0.700667 0.501202 0.393972 0.557931 0.100000 0.407529 0.697562 0.367589 0.859087 0.152076 0.327920 0.212293 0.100000 0.523893 1.069284 0.100000 0.692881 0.370219 0.100000 0.562719 0.566229 0.611603 0.358321 0.222023 0.100000 0.100000 0.528727 0.139756 0.278559 0.548812 0.869604 0.100000 0.773596 0.273576 0.316245 0.420036 0.336410 0.526583 0.100000 0.100000 0.100000 0.379495 0.360870 0.181457 0.106474 0.100000 0.721952 0.938817 0.100000 0.400706 0.409759 0.289131 
0.100000 0.764836 0.532289 0.100000 0.715151 0.317727 0.100000 0.479096 0.926967 0.781850 0.432329 0.100000 1.013949 0.445188 0.100000 0.265308 0.340121 0.100000 0.135471 0.995551 0.884684 0.407047 0.781698 0.598420 0.100000 0.311059 0.182915 0.788557 0.449157 0.708910 0.470836 0.100000 0.358171 1.248111 0.452644 0.196295 0.686710 0.309692 0.261972 0.279348 0.108987 0.531997 1.388141 1.093153 0.552270 0.643417 0.649937 0.354817 0.854727 0.128486 0.988261 0.100000 0.956613 0.611054 0.141377 1.248678 0.205728 0.820196 1.203303 0.695664 0.642207 0.496404 0.537750 0.425228 0.614669 0.713443 0.971349 0.100000 0.734504 0.136893 0.367472 0.100000 0.738420 0.438926 0.379731 0.408904 0.100000 0.311021 0.538078 0.555467 0.679188 0.460453 0.596698 1.171572 0.472079 0.301634 0.946160 0.871771 
0.296268 0.218801 0.300330 0.226577 0.674614 0.763006 0.310275 0.856172 0.927094 0.665463 0.389323 0.229241 1.006047 0.380266 0.259762 0.330206 0.811165 0.100000 0.214312 0.716933 0.352941 0.369079 0.434484 0.699809 0.100000 0.884676 0.674492 0.100000 0.808339 1.036016 0.444075 0.677270 0.604804 0.673697 0.100000 0.578442 0.112606 0.874977 0.865732 0.957931 0.735157 0.409007 0.287709 0.923712 1.002696 0.891417 0.100000 0.100000 0.777368 0.190694 0.861363 0.749945 0.581009 0.210877 0.370855 0.721741 0.822899 1.074734 0.727605 0.579034 0.275552 0.267157 0.456825 0.782761 0.701808 1.000579 0.685152 0.100000 0.713056 0.693221 0.223439 0.272744 1.177662 0.379485 0.353282 0.660336 0.100000 0.594776 1.123135 0.688221 0.601881 0.290071 0.791155 1.036876 0.903430 1.037179 1.287179 0.551148 
0.109822 0.100000 0.597541 0.100000 0.294716 0.128857 0.293667 0.715235 0.319991 0.180184 0.104141 0.100000 0.414459 0.100000 0.392873 0.223215 0.100000 0.396595 0.488497 0.665044 0.713179 0.141894 0.844992 0.433078 0.100000 0.100000 0.158205 0.646455 0.197648 0.975285 0.457299 0.416870 0.100000 0.443857 0.100000 0.227687 0.164992 0.456421 0.413776 0.212436 0.568543 0.510950 0.564418 0.724365 0.681013 0.257755 0.118397 0.326342 0.648869 0.157412 0.635570 0.147010 0.100000 0.438918 0.100000 0.412371 0.508385 0.983188 0.844203 0.378968 0.503959 0.100000 0.358967 0.203973 0.249813 0.100000 0.335535 0.280086 0.341704 0.407317 0.100000 0.297953 0.404917 0.185333 0.186115 0.100000 0.100000 0.464020 0.345927 0.100000 0.100000 0.542500 0.570754 0.503404 0.329063 1.022943 0.966827 0.100000 
0.330360 0.173386 1.660899 0.115785 0.428742 0.100000 0.100000 0.485253 1.071407 0.253565 0.161681 0.100000 0.298389 0.100000 0.966291 0.701531 0.782763 0.450202 0.342951 0.628412 0.403315 0.202390 0.375643 0.818772 0.100000 0.656257 0.284812 0.260855 0.219681 0.851674 0.706442 1.249214 0.100000 0.209878 1.102438 0.486448 0.958086 0.107091 0.629374 0.522710 0.871917 0.240320 1.265342 0.811511 0.649822 0.771687 0.197632 0.344603 0.971427 0.100000 1.450048 0.835942 0.206612 0.376367 0.200527 0.660655 0.825547 0.958809 1.126462 1.137753 0.323115 0.359732 0.163534 0.471228 0.800670 1.314894 0.630655 0.780684 0.657584 0.422731 0.351295 0.984205 0.774374 0.388864 1.218398 0.248396 0.764497 0.924850 0.221480 0.837473 0.452933 0.628231 0.367741 0.757540 0.302775 0.425576 0.598839 0.502468 
0.257401 0.100000 0.791819 0.100000 0.846051 0.318442 0.100000 0.183315 0.485336 1.357942 0.553187 0.100000 0.100000 0.219599 0.100000 0.431268 0.587056 1.272923 0.626546 1.310330 0.570345 0.404520 0.968543 0.100000 0.484612 0.208488 0.100000 0.312743 0.191278 1.054538 0.100000 0.186393 0.310360 0.987760 0.270953 0.100000 0.744549 0.203251 0.100000 0.100000 0.751016 0.408135 0.756560 0.341059 1.579825 0.100000 1.170889 0.458106 0.215833 1.061663 1.448285 0.100000 0.455849 0.519433 0.287312 0.121661 0.129685 1.295448 0.805012 1.077508 0.100000 0.100000 0.100000 0.633048 0.274743 1.203624 0.276519 0.100000 0.555449 0.100000 0.927312 0.100000 0.100000 0.100000 0.100000 0.253346 1.724553 0.123942 0.100000 0.236488 0.669297 0.100000 0.434318 0.861004 0.401163 0.100000 1.086385 0.147778 
0.100000 0.500786 0.744607 0.100000 0.100000 0.333412 0.100000 0.209666 0.486863 0.400619 0.100000 0.100000 0.581672 0.120218 0.351155 0.239836 0.100000 0.339810 0.884573 0.475719 0.548166 0.159334 0.673241 0.846114 0.100000 0.406413 0.100000 0.100000 0.100000 0.516591 0.407312 0.198480 0.100000 0.143311 0.253748 0.336295 0.155358 0.646335 0.100000 0.100000 0.683656 0.266365 0.756566 0.330896 0.666552 0.196966 0.100000 0.114163 0.452099 0.117405 0.826104 0.100000 0.539715 0.168017 0.100000 0.109893 0.100000 0.337800 0.431639 0.563603 0.792829 0.100000 0.290516 0.671636 0.682536 0.574825 1.214716 0.238035 0.263351 0.193783 0.100000 0.504310 0.100000 0.642256 0.179663 0.366949 0.643464 0.755459 0.298703 0.555836 0.425197 0.100000 0.713919 0.476725 0.297671 0.941554 0.403803 0.620757 
0.227712 0.108909 0.439433 0.567309 0.522744 0.100000 0.320082 0.218072 0.556345 0.663338 0.100000 0.100000 0.886678 0.689800 0.759298 0.100000 0.678269 0.205146 0.100000 0.100000 0.100000 0.409140 0.758253 0.927911 0.343949 0.362179 0.378042 0.299707 0.100000 0.494244 0.689517 0.271160 0.100000 0.611904 0.326574 0.100000 0.100000 0.100000 0.107063 0.100000 0.414178 0.280681 1.067023 1.061002 1.094309 0.687124 0.112977 0.100000 0.421620 0.227368 1.311338 0.232230 0.301018 0.100000 0.100000 0.410710 0.225927 0.600445 0.408278 0.100000 0.772064 0.614060 0.279618 0.100000 0.424650 0.657323 0.690853 0.199918 0.687645 0.100000 0.427825 0.184798 0.573604 0.106879 0.506610 0.376036 0.100000 0.509379 0.378567 0.360513 0.988154 0.781208 0.100000 0.786475 0.609410 0.647776 0.886421 0.379984 
0.179721 0.457855 1.047491 0.313202 0.100000 0.235691 0.100000 0.156526 0.999992 0.503134 0.503522 0.100000 0.678614 0.678943 0.100000 0.100000 0.141134 1.127649 0.287038 1.340113 0.113054 0.275152 1.042999 1.152861 0.100000 0.864537 0.177180 0.100000 0.409623 0.922291 0.948959 0.100000 0.115567 0.860774 0.100000 0.430287 0.737327 0.528400 0.100000 0.217399 0.208474 0.617115 1.212089 0.616177 0.616683 0.111880 0.280298 0.100000 0.245360 0.478432 0.837719 0.527007 0.361733 0.509494 0.258341 0.945797 0.100000 1.011362 1.704957 0.360194 1.009493 0.485668 0.486844 0.592553 0.314865 1.128534 1.071191 0.489604 0.365095 0.100000 0.260805 0.662008 0.790266 0.686820 0.344296 0.625023 0.250493 0.851637 0.100000 0.581648 0.320305 0.159360 0.100000 1.067277 0.576271 0.725937 0.316488 0.912546 
0.687647 0.100000 0.527027 0.281893 1.796004 0.100000 0.100000 0.100000 0.432496 0.100000 0.100000 0.100000 0.622220 0.198737 0.100000 0.388918 0.448815 0.224676 0.100000 0.143389 0.100000 0.100000 0.238430 0.622345 0.100000 0.233679 0.100000 0.100000 0.150773 0.330813 0.100000 0.100000 0.237355 1.209711 0.159690 0.397641 0.246055 0.100000 0.374678 0.100000 0.675426 0.349349 0.897452 0.802026 0.706909 0.609842 1.093643 0.612705 0.817751 0.526010 0.415127 0.100000 0.523131 0.225853 0.348876 0.785366 0.100000 1.564094 1.780300 1.076100 0.650577 0.100000 0.228804 0.840176 0.112371 1.133306 1.686565 0.652592 1.832703 0.896404 0.100000 1.709493 0.106397 0.720465 0.100000 0.100000 0.100000 0.424990 0.100000 0.261315 0.396848 0.939151 0.100000 0.367367 1.434428 0.862361 0.681536 0.484783 
0.100000 0.100000 0.728465 0.277773 0.570294 0.100000 0.100000 0.597876 1.093146 0.579049 0.100000 0.100000 1.207179 0.733469 0.762111 0.100000 0.224083 0.200650 0.100000 1.194198 0.382304 0.718142 0.860624 0.570333 0.604443 0.838634 0.180903 0.387765 0.493061 1.349852 0.912294 0.100000 0.405203 0.755877 0.100000 0.540126 0.512712 0.100000 0.733897 0.512138 0.535707 0.520409 1.106316 0.999985 1.173520 0.584338 0.307703 0.233214 0.851845 0.520173 1.232504 0.160318 0.473165 0.100000 0.100000 1.274036 0.743857 1.189051 1.163661 0.152769 0.459716 0.213570 0.218209 0.663439 0.319927 0.844535 0.785695 0.434015 0.668429 0.288661 0.100000 0.250877 0.601159 0.736728 0.741358 0.366091 0.100000 0.319863 0.325101 0.119889 0.230239 0.906864 0.510976 1.117979 0.100000 0.748333 0.539769 0.482375 
0.723615 0.100000 0.982307 0.260165 0.168162 0.100000 0.308215 0.313754 0.714031 0.413733 0.100000 0.100000 0.100000 0.775987 0.652113 0.401916 0.100000 0.100000 0.100000 0.100000 0.100000 0.236114 0.636186 0.277631 0.100000 0.274205 0.561446 0.100000 0.246887 0.470759 0.362231 0.215733 0.100000 0.542420 0.446090 0.606060 0.525977 0.100000 0.460669 0.100000 0.397931 0.323594 1.115085 0.907383 0.336121 0.215030 0.148911 0.372287 0.135084 0.483546 0.993566 0.196781 0.412127 0.620167 0.100000 0.603823 0.259076 0.715022 0.523807 0.156445 0.264240 0.100000 0.246920 0.274918 0.118916 0.441419 0.270886 0.100000 0.909661 0.397708 0.100000 0.243842 0.130969 0.168339 0.305490 0.265819 0.133916 0.383816 0.250047 0.147552 0.798405 0.401193 0.264221 0.570974 0.276347 0.756868 0.100000 0.100000 
0.578208 0.300675 0.516321 0.100000 0.161310 0.100000 0.106328 0.764909 0.796031 0.533490 0.372694 0.100000 0.529223 1.138606 0.376003 0.151718 0.579985 0.522163 0.606080 1.178169 0.730817 0.100000 0.873212 0.787255 0.597986 0.100000 0.788783 0.798936 0.229188 0.644651 0.647780 0.698991 0.179775 0.529564 0.100000 0.728490 0.320848 0.100000 0.538516 0.100000 0.815015 0.665357 0.648630 0.388868 0.597190 0.666741 0.365166 0.301272 0.546741 0.935719 0.860437 0.351734 0.480830 0.603604 0.100000 0.567768 0.784027 0.901754 0.531223 0.458358 0.117822 0.100000 0.261434 0.714438 0.920504 0.386174 0.416986 0.100000 1.105793 0.633901 0.299012 0.100000 0.593868 0.294857 0.939020 0.846225 0.597194 0.853689 0.356029 0.406249 0.444019 0.161855 0.752439 0.707848 0.562936 1.208146 0.796179 0.483875 
0.219592 0.394549 1.164450 0.138490 0.675169 0.100000 0.339394 0.195676 0.388824 0.660835 0.100000 0.220661 0.619098 0.398155 0.596533 0.100000 0.582280 0.422410 0.223645 0.231330 0.234871 0.253188 0.317696 0.100000 0.100000 0.100000 0.863605 0.629881 0.622127 1.261947 0.100000 0.688567 0.100000 0.812172 0.100000 0.236548 0.760121 0.100000 0.163221 0.100000 0.382643 0.688618 1.337220 0.812337 0.768064 0.644669 0.179732 0.100000 0.547096 0.100000 0.851471 0.271624 0.221206 0.508843 0.305752 0.742793 0.443673 0.300352 0.459343 0.836547 0.552227 0.100000 0.100000 0.326787 0.869881 0.594477 0.598642 0.442106 0.936982 0.541179 0.252074 0.478964 0.113299 0.554549 0.176998 0.100000 0.100000 0.657153 0.331242 0.100000 0.100000 0.884682 0.392634 0.332932 0.478809 0.488561 0.202219 0.881570 
0.784504 0.313436 1.094830 0.219688 0.817566 0.100000 0.100000 0.341288 0.737746 0.377290 0.575926 0.219345 0.567458 0.663105 0.839940 0.871648 0.514785 0.754793 0.853186 0.822359 0.366460 0.100000 0.679638 0.779329 0.148731 0.939004 0.457819 0.644458 0.761567 1.354509 0.517471 0.424281 0.121023 0.909937 0.174968 0.308232 0.167292 0.309679 0.562931 0.363031 0.913208 0.443296 0.827637 0.178745 0.569988 0.462588 0.341079 0.286722 0.881545 0.247189 0.989940 0.100000 0.931919 0.371460 0.274946 1.073513 0.492592 0.333448 0.879846 0.633138 0.100000 0.691986 0.160077 0.756180 0.471642 0.823671 0.809970 0.490822 1.112425 0.260616 0.501227 0.503427 0.319315 0.567716 0.939520 0.335468 0.189312 0.619286 0.586044 1.208207 0.571063 0.700917 0.396039 1.319571 0.100000 0.514440 1.166515 0.488838 
0.148080 0.118274 1.335879 0.369938 0.100000 0.401711 0.120504 0.100000 1.657697 0.923241 0.608640 0.100000 1.038568 0.364689 0.472164 0.100000 0.100000 0.599558 0.449318 0.100000 0.497384 0.282153 1.885584 0.100000 0.100000 0.993114 0.202165 0.945701 0.100000 0.598972 0.981799 1.431337 0.100000 0.201474 0.190573 0.793403 0.161027 0.897150 0.804680 1.049513 0.171303 1.508119 1.284095 1.222275 1.400913 0.100000 0.100000 0.100000 1.495801 0.501978 0.297257 0.134638 0.620438 0.312081 0.100000 1.278842 0.804340 0.601911 0.312728 0.100000 1.349864 0.100000 0.611728 0.100000 0.499502 0.971239 0.292516 0.628469 0.447755 0.244760 0.100000 0.100000 0.781976 0.810976 1.212056 0.149858 0.100000 0.561562 1.062044 0.119975 0.812929 0.308637 0.551301 1.555810 0.100000 0.961697 0.757608 0.363198 
0.100000 0.100000 0.504742 0.139616 0.100000 0.100000 0.529658 0.295810 0.951075 0.338839 0.210991 0.484390 0.228447 0.106896 0.354093 0.290727 0.100000 0.451518 0.161549 1.055789 0.912457 0.352738 0.602533 0.100000 0.114279 0.150215 0.100000 0.100000 0.100000 0.757673 0.634083 0.261562 0.893478 0.624537 0.184527 0.602655 0.138829 0.203335 0.227618 0.335496 0.111656 0.870958 0.674785 0.603651 0.434009 0.811757 0.400362 0.291136 0.100000 0.294612 0.611875 0.291222 0.144164 0.198571 0.100000 0.443869 0.278069 0.443547 0.399520 0.188459 0.100000 0.100000 0.100000 0.100000 0.510565 0.704717 0.624801 0.939033 0.817959 0.100000 0.847361 0.392664 0.549510 0.100000 0.311001 0.100000 0.468072 0.249713 0.100000 0.194429 0.127119 0.678030 0.425218 1.068528 0.100000 0.609903 0.142181 0.431456 
0.483868 0.100000 0.840511 0.100000 0.349398 0.100000 0.100000 0.348275 0.791616 0.661064 0.100000 0.205834 0.198784 0.170712 0.629372 0.100000 0.100000 0.836515 0.365128 0.117929 0.355875 0.100000 0.935725 0.100000 0.284415 0.303557 0.230535 0.451069 0.475973 0.675885 0.407259 0.624515 0.100000 0.961475 0.313160 0.100000 0.100000 0.100000 0.550950 0.406209 0.100000 0.383118 0.674964 0.860755 0.389189 0.100000 0.100000 0.210719 0.484721 0.440490 0.949134 0.218508 0.499596 0.669649 0.100000 0.942347 0.441468 0.404667 1.497067 1.065980 0.100000 0.100000 0.100000 0.499315 0.520985 0.473690 0.352455 0.443761 0.437613 0.100000 0.150102 0.335637 0.616085 0.110106 0.505294 0.374588 0.552661 0.137679 0.100000 0.678422 0.501152 0.100000 0.146892 0.535410 0.100000 0.100000 0.372112 0.635862 
