85 Number of operations
26 Number of workers
Standard production times
0.436826 0.198809 0.331604 0.391055 0.455688 0.283821 0.369697 0.170513 0.277800 0.162097 0.574453 0.396892 0.633336 0.100000 0.551241 0.100000 0.330241 0.100000 0.539262 0.512992 0.495972 0.340811 0.315938 0.228077 0.318417 0.649516 0.100000 0.100000 0.538062 0.585624 0.717307 0.480261 0.146062 0.493841 0.660772 0.646257 0.445896 0.454722 0.266643 0.360484 0.497204 0.572092 0.100000 0.238532 0.100000 0.618461 0.282133 0.597837 0.392383 0.644536 0.657231 0.431644 0.169275 0.413947 0.588501 0.278597 0.308175 0.396599 0.569202 0.402256 0.238324 0.288863 0.302463 0.464080 0.450278 0.274325 0.171269 0.118233 0.100000 0.577667 0.456585 0.653838 0.442652 0.454075 0.641237 0.267259 0.435319 0.449011 0.525447 0.328855 0.654341 0.435189 0.258507 0.273181 0.373264 
Production times: workers row and ops columns
0.100000 0.100000 0.360680 0.210489 0.285900 0.249971 0.112434 0.976121 0.354394 0.100000 0.443077 0.100000 0.238718 0.381971 0.768874 0.251580 0.339473 0.100000 0.367389 0.256616 0.636611 0.275765 0.157682 0.100000 0.848255 0.711483 0.260381 0.100000 1.006447 0.476321 0.928312 0.831086 0.100000 0.666762 0.466271 0.371986 0.100000 0.592470 0.107266 0.446304 0.590046 0.735640 0.100000 0.297718 0.606078 0.279493 0.377803 0.685928 0.100000 0.100000 0.513670 0.100000 0.100000 0.792796 0.299818 0.100000 0.129491 0.736306 1.055839 0.100000 0.100000 0.100000 0.456254 0.272284 0.100000 0.100000 0.100000 0.100000 0.597763 0.137230 0.100000 0.253173 0.498203 0.736269 0.245264 0.239424 0.308463 0.402176 0.369236 0.123179 0.542472 0.409742 0.377336 0.610423 0.443632 
1.063447 0.100000 0.607176 0.992912 0.795742 0.925836 0.100000 0.234904 0.181637 0.100000 0.133543 0.489540 1.345705 0.104552 0.181927 0.286971 0.933952 0.158882 1.006414 0.287993 1.029707 0.200540 0.222414 0.298370 0.727221 0.916433 0.100000 0.702514 0.680576 0.100000 0.943823 0.701896 0.462998 0.629143 1.118429 0.988126 0.375980 0.100000 0.337385 0.471457 0.175903 0.219471 0.240801 0.468124 0.289062 0.585908 0.838723 0.658931 0.832384 0.747010 1.258897 0.516606 0.776735 0.691319 1.227986 1.128843 0.327154 0.474973 1.423379 0.691660 0.100000 0.100000 0.100000 0.604097 0.220056 1.188824 0.394440 0.100000 0.125365 0.526810 0.100000 1.529010 0.228859 0.100000 0.962660 0.100000 1.181887 0.998684 0.678453 0.663175 1.486410 0.405417 0.263806 0.100000 1.503782 
0.378529 0.100000 0.398022 0.100000 0.100000 0.457667 0.100000 1.322213 1.258664 0.100000 1.374737 0.176278 0.681227 0.499252 0.468034 0.100000 0.203176 0.204786 1.282378 0.100000 0.442458 0.100000 0.100000 0.100000 1.266991 1.066003 0.100000 0.468829 0.808815 0.310766 0.100000 0.433680 0.100000 1.213735 0.100000 0.813759 0.766914 0.639002 0.100000 0.873317 0.100000 0.272099 0.100000 1.283817 0.178144 0.510903 0.101083 0.676038 0.100000 0.676483 0.943000 0.918233 0.567582 0.163037 0.480609 0.100000 0.351741 0.997216 1.639835 0.997924 0.765343 0.100000 0.710870 0.100000 0.390407 0.100000 0.100000 0.100000 0.100000 0.611436 0.731744 0.172681 0.252537 0.882308 1.734692 0.577388 0.436249 0.100000 0.793109 0.773186 1.563915 0.823849 0.100000 0.817631 0.296880 
0.113753 0.100000 0.212553 0.572741 0.100000 0.384948 0.100000 0.166029 0.100000 0.390953 0.882121 0.209980 0.347504 0.100000 0.470299 0.100000 0.332385 0.100000 1.101144 0.588213 0.528532 0.100000 0.437445 0.139251 0.485702 1.067938 0.100000 0.100000 0.689799 0.576170 0.450885 0.100000 0.100000 0.308007 0.100000 0.775446 0.201271 0.100000 0.149537 0.488474 0.100000 0.821171 0.100000 0.500077 0.100000 0.813153 0.213750 0.276174 0.565406 0.616782 0.483187 0.189911 0.154784 0.856975 0.264575 0.100000 0.100000 0.423436 0.667863 0.203946 0.100000 0.485680 0.568362 0.323107 0.100000 0.100000 0.582370 0.100000 0.522226 0.283645 0.498915 0.274144 0.118767 0.362046 0.566550 0.100000 0.106060 0.641973 0.508066 0.100000 0.456875 0.100000 0.100000 0.432939 0.100000 
1.136756 0.278894 0.923327 0.100000 0.553999 0.310137 0.454403 0.474236 0.259862 0.100000 0.794633 0.241497 0.438974 0.100000 0.553708 0.589912 0.458543 0.182411 0.707271 0.536617 0.767352 0.821832 0.100000 0.100000 0.448386 0.849887 0.226803 0.457385 0.221648 0.563352 1.016328 0.561375 0.972609 0.748674 1.089414 0.946402 0.449285 0.987919 0.100000 0.880021 0.175588 0.765272 0.467616 0.444281 0.232402 0.855296 0.100000 0.948576 0.763776 0.737881 0.539032 0.100000 0.543531 0.364823 1.007687 0.735602 0.259822 0.556587 0.899948 0.674264 0.100000 0.397868 0.327435 0.514344 0.840420 0.401872 0.273640 0.100000 0.353761 0.719452 0.974968 1.235288 0.437603 0.234530 0.201563 0.100000 0.100000 0.605044 0.910942 0.629530 0.540214 0.318953 0.138677 0.389365 0.540640 
0.492713 0.100000 0.366155 0.319801 0.591468 0.394099 0.299758 0.100000 0.100000 0.100000 0.748307 0.409579 0.634241 0.100000 0.243557 0.100000 0.389950 0.146778 0.811873 0.100000 0.100000 0.256967 0.382975 0.141805 0.100000 0.812131 0.100000 0.100000 0.310913 0.144752 0.100000 0.155507 0.100000 0.546943 0.584443 0.566028 0.341633 0.354042 0.329436 0.198852 0.458479 0.825857 0.267133 0.256531 0.100000 0.190200 0.521343 1.045380 0.247955 0.304048 0.548047 0.100000 0.100000 0.511978 1.066969 0.150056 0.100000 0.100000 1.116074 0.181930 0.100000 0.504374 0.100000 0.292314 0.253613 0.100000 0.100000 0.251988 0.100000 0.100000 0.415313 1.441968 0.100000 0.324523 0.553845 0.100000 0.100000 0.444068 0.235581 0.417283 1.160386 0.814823 0.234660 0.308969 0.585819 
0.270221 0.100000 0.405948 0.854076 0.552822 0.234439 0.984948 0.100000 0.625045 0.477122 0.836450 0.301006 0.899898 0.627034 0.857239 0.100000 0.714072 0.619465 0.666724 0.818779 0.100000 0.100000 0.535777 0.532192 0.243120 0.576565 0.324003 0.100000 0.966082 0.861945 0.583096 0.568612 0.549750 0.209280 0.619189 0.679680 0.850283 0.260437 0.247317 0.658375 1.134357 0.826096 0.100000 0.269551 0.456611 0.747446 0.465982 0.893817 0.278562 0.100000 0.550076 0.100000 0.100000 0.493601 0.911961 0.535636 0.310436 0.631158 1.076230 1.067458 0.227257 0.348905 0.457422 0.726991 0.953761 0.706719 0.322269 0.232194 0.153565 0.355162 0.659613 0.617692 0.916912 0.683344 0.623706 0.100000 1.043419 0.229183 0.249699 0.662550 1.012669 0.491690 0.350462 0.493043 0.533269 
0.382166 0.100000 0.100000 0.285201 0.963907 0.394459 0.343726 0.100000 0.243262 0.100000 0.933323 0.100000 0.705332 0.100000 0.389182 0.178573 0.250062 0.100000 0.169935 0.257400 0.100000 0.864340 0.569525 0.100000 0.596517 0.279520 0.589573 0.100000 0.780916 0.309895 0.845442 0.100000 0.498168 0.937910 0.944218 0.280509 0.552508 0.445812 0.100000 0.391613 0.474436 0.147407 0.231082 0.100000 0.169271 0.754976 0.400440 0.121961 0.840773 0.440487 1.089402 0.100000 0.280673 0.100000 1.095124 0.100000 0.189599 0.100000 0.297784 0.297946 0.138490 0.100000 0.100000 0.407566 0.462335 0.349590 0.509566 0.249877 0.129314 0.297249 1.071286 0.506499 0.154724 0.378049 0.201938 0.239748 0.100000 0.521358 0.100000 1.049110 0.389838 0.545473 0.184942 0.390767 0.100000 
0.100000 0.100000 0.100000 0.169499 0.553508 0.100000 0.218281 0.601549 0.100000 0.100000 0.156326 0.780714 0.176830 0.415833 0.100000 0.339543 0.534485 0.100000 0.684290 0.143785 0.807632 0.100000 0.433586 0.236718 0.100000 0.100000 0.100000 0.101365 0.659041 0.100000 1.019536 0.374020 0.183659 0.100000 0.943716 1.028544 1.123540 0.100000 0.100000 1.005971 0.469264 0.100000 0.100000 0.349066 0.328136 1.090305 0.100000 0.599710 0.100000 0.100000 0.685050 0.818358 0.100000 0.689642 0.234975 0.720991 0.106031 0.100000 0.799710 0.100000 0.539814 0.730188 0.100000 0.446026 0.100000 0.338493 0.537445 0.775572 0.100000 0.467670 0.586389 0.100000 0.224589 0.100000 0.710100 0.100000 0.608014 1.320281 0.951923 0.684417 1.299358 1.199786 0.553368 0.559325 0.858825 
0.837680 0.308497 0.100000 0.263195 0.362888 0.469335 0.540028 0.496307 0.113630 0.577068 1.006365 0.693523 0.696764 0.100000 0.497558 0.100000 0.487875 0.665507 0.351401 0.756024 1.088372 0.620307 0.510156 0.285570 0.740284 0.860665 0.287506 0.505475 0.253846 0.900216 0.714636 0.412377 0.288582 0.604226 0.460557 1.068196 0.287875 1.025103 0.100000 0.100000 0.976684 0.571155 0.100000 0.679746 0.287072 1.014122 0.358537 1.114885 0.310169 0.780342 0.632825 1.040236 0.695370 0.704665 0.100000 0.499808 0.610481 0.662820 0.496784 0.424710 0.100000 0.878069 0.663031 0.470931 0.773709 0.100000 0.100000 0.216952 0.421692 0.765363 1.147194 0.971679 0.254690 0.721336 0.899946 0.858306 0.618317 0.659606 0.804099 0.799545 1.023693 0.769341 0.227036 0.300666 0.256177 
0.227877 0.345080 0.515179 0.210484 0.621016 0.100000 0.300486 0.190503 0.384843 0.100000 0.100000 0.357904 0.960625 0.100000 0.709681 0.100000 0.100000 0.361984 1.022001 0.100000 0.100000 0.496965 0.272302 0.114616 0.858547 1.431622 0.170787 0.100000 1.004698 0.320515 0.941161 0.757242 0.100000 0.678753 0.515621 0.334366 0.100000 0.712870 0.100000 0.841483 0.715282 0.100000 0.225493 0.100000 0.718039 0.674951 0.206866 0.695201 0.398082 0.309424 0.829710 0.157809 0.100000 0.876242 0.100000 0.889316 0.232052 0.219141 0.503515 1.831973 0.350700 0.667508 0.665069 0.212550 0.780302 1.073716 0.100000 0.100000 0.100000 0.777773 0.422787 0.659178 0.377847 0.947835 1.340519 0.434923 0.100000 0.867450 0.100000 0.259751 0.465597 0.421909 0.146442 0.100000 0.656261 
0.661570 0.100000 0.100000 0.257479 0.370372 0.948720 0.888055 0.100000 0.711063 0.100000 0.392504 0.242035 1.069665 0.100000 1.539682 0.100000 0.893578 0.100000 0.811652 1.419031 0.672080 0.562113 0.722829 0.579961 0.273630 1.392068 0.419078 0.239836 1.527676 0.100000 0.433683 0.100000 0.165187 0.946537 0.315459 0.966495 0.552768 0.750301 0.100000 0.642849 0.824854 0.100000 0.469795 0.904069 0.515211 0.936241 0.100000 0.910813 0.624663 0.233475 0.485043 1.300242 1.222555 0.887257 0.264707 0.469208 1.025034 0.552160 0.649802 0.816540 0.457009 0.106432 0.318483 0.190908 1.533606 0.892368 0.100000 0.100000 0.398385 0.763390 0.567270 1.923648 0.100000 1.042007 1.373876 0.100000 1.285424 0.100000 1.223177 0.278397 1.251409 0.173681 0.100000 0.100000 0.856700 
0.246437 0.100000 0.390537 0.119601 0.779768 0.100000 0.119929 0.100000 0.551694 0.100000 0.399825 0.596563 0.817291 0.100000 0.935135 0.100000 0.100000 0.100000 0.801021 0.100000 0.704827 0.245200 0.269404 0.100000 0.100000 0.863298 0.100000 0.100000 0.384922 1.178880 0.413867 0.357418 0.100000 0.508291 0.100000 0.230822 0.729819 0.515241 0.618438 0.100000 0.703952 0.435469 0.100000 0.478291 0.100000 0.549079 0.328049 0.376692 0.122731 0.140868 0.100000 0.100000 0.567983 0.219583 0.100000 0.100000 0.262358 0.100000 0.885031 0.755255 0.323997 0.100000 0.100000 0.322202 0.304459 0.187646 0.100000 0.100000 0.100000 0.552533 0.100000 0.788520 0.100000 0.238265 0.343934 0.100000 0.317051 0.100000 0.446720 0.100000 1.250767 0.430923 0.100000 0.265975 0.391501 
1.048230 0.851972 0.100000 0.177042 0.282520 1.488999 0.713453 1.023902 0.100000 0.610070 0.100000 0.100000 0.591648 0.287415 0.381456 0.100000 0.616950 0.100000 1.046304 0.101300 0.277280 0.100000 0.257674 0.913693 0.660068 0.765616 0.100000 0.363144 0.100797 0.853056 0.100000 0.972444 0.720954 0.494660 0.771252 1.157688 0.100000 0.478542 0.100000 0.100000 1.040492 0.180574 0.100000 0.338810 0.422439 0.640577 0.100000 0.100000 0.783031 0.262781 0.100000 1.041307 0.100000 0.364529 0.100000 0.391910 0.100000 0.904588 0.100000 0.398926 0.100000 0.100000 0.808295 0.161935 0.100000 0.268602 0.267745 0.100000 0.100000 0.292633 0.707133 0.204317 0.906888 0.526044 1.223838 0.633716 0.288193 1.185487 0.428345 0.221688 0.100000 0.100000 0.187386 0.611095 0.677664 
0.100000 0.362322 0.251539 0.602998 0.100000 0.100000 0.100000 0.100000 0.100000 0.100000 0.342951 0.100000 0.780628 0.181140 0.365857 0.100000 0.128809 0.100000 0.207350 0.639766 0.426467 0.461371 0.483290 0.100000 0.612275 0.100000 0.226766 0.100000 0.479858 1.135576 0.100000 0.438980 0.100000 0.597649 0.613070 0.706901 0.132781 0.507520 0.100000 0.100000 0.425061 0.722543 0.100000 0.100000 0.100000 0.849502 0.231047 0.142455 0.100000 0.787990 0.610374 0.191843 0.100000 0.524378 0.128557 0.134207 0.100000 0.601114 0.641560 0.821814 0.520593 0.539640 0.131126 1.319820 0.471034 0.495805 0.100000 0.343231 0.266971 0.314811 0.640636 0.338565 0.195600 0.684885 0.339253 0.106000 0.298888 0.306124 0.340142 0.100000 0.429619 0.369443 0.303174 0.445640 0.265369 
1.058050 0.149230 0.750004 1.618657 0.100000 0.354542 0.214383 0.246432 0.783606 1.223325 0.821168 1.258410 1.252033 0.100000 0.100000 0.100000 0.100000 0.385803 0.818948 0.159589 0.305397 0.357437 0.100000 0.290479 0.100000 0.693974 0.100000 0.542598 1.180563 0.643533 1.173814 0.360196 1.023661 0.351608 1.500602 0.552844 0.100000 0.117066 0.587149 1.002491 0.952629 0.213628 0.255991 0.684227 0.120961 0.539052 1.254450 0.100000 0.100000 1.136623 0.100000 0.689590 0.100000 0.344834 0.629636 0.626652 0.173733 0.422773 0.100000 0.255255 0.100000 0.816525 0.799046 1.485857 0.100000 0.996863 0.100000 0.100000 0.100000 0.233841 0.397706 1.438650 0.441767 0.411399 1.023440 0.466093 0.100000 1.048532 0.873851 0.177237 0.720084 0.555623 0.204014 0.100000 0.744557 
0.822250 0.100000 0.100000 0.279875 0.504526 0.463046 0.100000 0.100000 0.145769 0.100000 0.263364 0.100000 0.212376 0.100000 1.379012 0.194260 0.100000 0.544290 0.687365 0.631719 0.371905 0.201202 0.495255 0.715525 0.100000 0.107775 0.309536 0.282334 0.100000 0.998835 0.567743 0.100000 0.100000 0.100000 0.109126 0.498179 0.200203 0.260478 0.100000 0.100000 0.335020 0.426083 0.100000 0.507173 0.331920 0.625296 0.557970 0.600666 0.656333 0.533707 1.394830 0.216951 0.297061 0.318846 0.703649 0.209484 0.322766 0.348117 0.944414 0.169052 0.100000 0.100000 0.420847 0.247479 0.217345 0.570462 0.100000 0.309434 0.118758 0.456654 0.100000 0.411235 0.559234 0.678977 0.510792 0.100000 0.487567 0.813926 1.064453 0.481320 0.316103 0.380023 0.100000 0.100000 0.144748 
0.100000 0.689664 0.100000 0.536647 0.157580 0.485219 0.757909 0.100000 0.100000 0.100000 0.595742 0.717018 0.627195 0.680661 0.910696 0.100000 1.109151 0.100000 0.390333 0.506677 0.100000 0.638793 0.192883 0.100000 0.100000 0.580289 0.100000 0.100000 1.099066 0.146879 1.817830 0.820489 1.157356 0.778065 0.874172 0.605389 0.625524 0.100000 0.204982 0.925424 1.247292 0.338453 0.100000 0.324759 0.100000 0.217382 0.431472 0.464268 0.109784 0.867183 0.124032 1.041919 0.640363 0.100000 0.319557 0.100000 0.312825 0.100000 0.939549 0.256844 0.100000 0.296712 0.683634 1.031555 0.189709 0.223883 1.048822 1.082254 0.100000 0.747793 0.752108 1.939511 0.898435 0.100000 0.648021 0.705558 0.164542 0.719112 0.627234 0.570283 0.634226 0.100000 0.100000 0.100000 0.548484 
0.801711 0.544396 0.627318 0.100000 0.641713 0.353235 0.461677 0.284285 0.475508 0.763190 0.215056 0.414928 0.649412 0.172104 0.301790 0.344296 0.100000 0.120745 0.390952 0.711535 0.611417 0.416546 0.998259 0.300951 0.616174 0.836999 0.493641 0.226242 0.437399 1.097650 0.590775 1.011102 0.100000 0.358493 1.073800 0.748670 0.888750 0.474848 0.206899 0.214457 0.754877 0.702195 0.290816 0.827163 0.166839 0.377685 0.216254 0.846601 0.886707 0.841618 0.966491 0.618585 0.167194 0.946485 0.545228 0.501082 0.726197 0.596069 0.933349 0.522490 0.440967 0.181143 0.229762 0.475147 0.133143 0.182127 0.419284 0.100000 0.126408 0.506825 1.249700 0.287353 0.454431 0.100000 0.936100 0.100000 0.548624 0.650808 0.737276 0.628075 0.590473 0.632473 0.694403 1.127711 0.577960 
0.401061 0.100000 0.320968 0.610200 0.814875 0.501422 0.288184 0.100000 0.316530 0.103932 0.807742 0.809169 0.798117 0.100000 0.185571 0.100000 0.311780 0.100000 0.134066 0.100000 0.246628 0.408002 0.573017 0.100000 0.486386 0.205064 0.188323 0.100000 0.779527 0.412452 0.100000 0.638250 0.100000 0.566690 0.648984 0.505616 0.511351 0.340874 0.100000 0.315967 0.237994 0.279178 0.464749 0.324033 0.329808 0.893669 0.155616 1.043517 0.100000 0.962148 0.606038 0.217141 0.100000 0.172768 0.100000 0.404508 0.688712 0.579038 0.878156 0.100000 0.100000 0.453562 0.100000 0.557032 0.100000 0.100000 0.100000 0.100000 0.100000 0.378179 0.487752 0.534710 0.406139 0.799861 0.813918 0.100000 0.100000 0.105321 0.100000 0.100000 0.689247 0.174032 0.352965 0.100000 0.100000 
0.671047 0.100000 0.879183 0.100000 0.853702 0.292207 0.214699 0.100000 0.100000 0.310553 1.476286 0.839668 0.166008 0.352937 0.272102 0.100000 0.631148 0.100000 0.573487 0.548915 0.932539 0.150133 0.100000 0.174850 0.860995 0.256889 0.185632 0.568307 0.875953 1.721581 0.857268 1.135029 0.100000 0.815729 0.292758 0.590200 0.100000 0.100000 0.220297 0.964848 0.100000 0.418265 0.821910 0.100000 0.100000 0.100000 0.812843 0.100000 0.100000 0.126886 0.569697 0.103889 0.100000 0.180083 1.193484 0.100000 0.522552 0.521427 0.757192 0.100000 0.100000 0.100000 0.100000 1.248760 0.387746 0.100000 0.146503 0.100000 0.100000 0.100000 0.100000 0.616427 0.875555 0.870170 0.594918 0.522068 1.317802 1.073928 0.100000 0.717486 0.924798 0.107293 0.100000 1.368207 0.910790 
0.275334 0.100000 0.242275 0.420782 0.462725 0.100000 0.100000 0.100000 0.100000 0.332767 0.651440 0.870762 0.159229 0.100000 0.434843 0.100000 0.348159 0.100000 1.154863 0.381934 0.357117 0.588170 0.472493 0.385387 0.216006 0.452211 0.100000 0.141454 0.666605 0.806008 0.562222 0.100000 0.254049 0.203438 0.415317 0.320480 0.517987 0.196584 0.468812 0.879115 0.109296 0.663150 0.100000 0.168490 0.100000 0.555649 0.148368 0.141613 0.100000 1.037081 0.251157 0.100000 0.100000 0.713032 0.381911 0.650742 0.100000 0.100000 0.562919 0.100000 0.449496 0.100000 0.100000 0.445191 0.273012 0.100000 0.112993 0.130784 0.302359 0.143423 0.198205 0.767211 0.100000 0.371925 0.468640 0.499396 0.226462 0.353049 0.867869 0.217855 0.100000 0.577721 0.281922 0.653951 0.896379 
0.344091 0.100000 0.313354 0.100000 0.680979 0.245030 0.100000 0.465796 0.630705 0.180180 1.010907 0.680490 0.378543 0.231802 0.166163 0.100000 0.504175 0.317424 0.282583 0.100000 0.139847 0.870670 0.685083 0.356017 0.100000 0.205020 0.100000 0.100000 0.808848 0.749903 0.264068 0.100000 0.189123 0.201168 0.243135 0.926881 0.100000 0.100000 0.120623 0.476162 0.802736 0.760250 0.100000 0.360571 0.100000 0.492677 0.416424 0.728726 0.100000 0.634296 0.608150 0.521086 0.100000 0.260685 0.542802 0.100000 0.100000 0.296601 0.605460 0.100000 0.347305 0.100000 0.129101 0.400325 0.294745 0.347474 0.224243 0.100000 0.100000 0.699985 0.501577 0.730090 0.129550 0.426472 0.545577 0.512795 0.100000 0.264782 1.005580 0.100000 0.396935 0.332728 0.359563 0.607748 0.350223 
0.729777 0.100000 0.778087 0.765578 0.388557 0.642979 0.401560 0.709049 0.316668 0.432677 0.486333 0.100000 0.573834 0.438795 0.533314 0.415147 0.955826 0.409784 0.478344 0.483732 0.597029 0.100000 0.414648 0.112649 0.748525 0.725216 0.100000 0.156813 0.959325 0.268853 1.210726 0.235186 0.100000 0.324381 1.341958 0.883683 0.864455 0.476170 0.750583 1.070006 0.383940 0.592950 0.369974 0.526308 0.257574 0.735693 0.289650 0.938081 0.440775 0.479153 1.035830 0.392544 0.100000 0.500929 0.437950 0.237597 0.100000 0.289369 0.794648 0.214896 1.116919 1.159354 0.590223 0.753166 0.100000 0.440597 0.100000 0.100000 0.100000 0.640120 0.986816 0.829511 0.921134 0.883861 1.308520 0.100000 0.973070 0.140321 0.230126 0.637975 0.430799 0.234226 0.447052 0.622357 0.591711 
0.717841 0.140618 0.880764 1.445813 0.294406 0.558154 0.777912 0.670529 0.226405 1.088481 0.100000 0.706903 1.070288 0.453919 0.375131 0.395985 0.668151 0.100000 0.327413 0.571059 0.112260 1.009732 0.725072 0.100000 0.807827 0.635576 0.377737 0.157582 0.100000 0.627493 0.378400 0.478281 0.100000 0.225541 0.345367 1.213719 1.125385 0.100000 0.374587 0.919278 0.100000 0.164467 0.365768 0.276357 0.475461 0.562381 0.796560 0.100000 0.484799 1.183387 1.141561 0.334287 0.701219 0.219024 0.148132 0.100000 0.100000 0.100000 0.100000 0.100000 0.447058 0.528822 0.170418 0.511218 0.831221 0.448594 0.100000 0.354650 0.100000 0.323157 0.556893 0.817874 1.126164 0.946509 1.585757 1.207952 0.579152 0.501981 1.045016 0.658820 1.383425 1.357503 0.100000 0.702958 0.569179 
0.769320 0.601559 0.375892 0.360171 0.100000 0.203963 0.196189 0.100000 0.177835 0.127368 0.600312 0.382836 1.181324 0.100000 0.100000 0.100000 0.234864 0.100000 1.170224 0.315740 0.100000 0.100000 0.291955 0.253597 0.638007 0.593780 0.100000 0.273321 0.581759 0.250710 0.257412 0.390622 0.100000 0.268742 0.592658 0.732876 0.111507 0.135530 0.205239 0.295761 0.749064 0.312999 0.100000 0.100000 0.106872 0.705012 0.531256 0.200883 0.262080 0.633188 1.102753 0.141927 0.100000 0.484289 0.624953 0.100000 0.100000 0.262004 0.650239 0.267693 0.100000 0.100000 0.327544 0.249115 0.100000 0.100000 0.390068 0.100000 0.287890 0.492922 0.267879 0.933789 0.475079 0.905741 0.708853 0.100000 0.538258 0.239562 0.243455 0.531900 0.461206 0.100000 0.100000 0.321288 0.573006 
