87 Number of operations
28 Number of workers
Standard production times
0.352118 0.473191 0.950717 0.433118 0.527503 0.373564 0.351495 0.426657 0.267199 0.100000 0.444110 0.590566 0.358502 0.682177 0.493440 0.227299 0.647621 0.689390 0.521691 0.410495 0.316473 0.773290 0.226243 0.639749 0.301446 0.208450 0.556650 0.688147 0.217145 0.100000 0.396680 0.358525 0.449511 0.131003 0.572081 0.256026 0.688185 0.422084 0.259561 0.100000 0.574089 0.342489 0.259620 0.457344 0.460090 0.769215 0.390432 0.282109 0.649145 0.264980 0.454461 0.526544 0.277153 0.229666 0.247745 0.603066 0.376819 0.282429 0.822126 0.318383 0.728485 0.548906 0.145024 0.100000 0.281958 0.352448 0.525790 0.704017 0.496560 0.736028 0.393498 0.338815 0.217198 0.268977 0.314340 0.696221 0.653162 0.367488 0.339000 0.618617 0.104497 0.667982 0.100398 0.167326 0.833970 0.387541 0.347524 
Production times: workers row and ops columns
0.202903 0.562370 0.833708 0.423011 0.100000 0.749079 0.241048 0.494434 0.473957 0.539940 0.881619 0.548052 0.100000 1.088450 0.202565 0.384986 0.638563 0.777268 0.605535 0.678353 0.690010 0.517952 0.117714 0.858770 0.100000 0.566700 0.555156 0.503257 0.416576 0.100000 0.473472 0.100000 0.548310 0.251171 0.215318 0.100000 0.915002 0.745106 0.315654 0.420385 0.204891 0.523611 0.394082 0.896783 0.693176 1.232625 0.365350 0.607743 0.983689 0.363876 0.457474 0.418903 0.333992 0.466566 0.100000 0.722280 0.272719 0.391633 0.679867 0.454536 0.756528 0.567445 0.100000 0.100000 0.261809 0.444804 0.100000 0.904627 0.666105 1.537342 0.562427 0.353542 0.100000 0.641901 0.368695 0.434084 0.797648 0.194625 0.100000 0.515711 0.361131 1.134265 0.235521 0.171396 1.327276 0.184092 0.211926 
0.843784 1.045176 0.621761 0.242463 0.895600 0.562141 0.465781 0.704409 0.830269 0.264176 0.857774 0.811757 0.850101 0.135848 0.815465 0.100000 0.642695 0.571376 0.558820 0.287025 0.100000 0.932410 0.284730 0.637457 0.513460 0.172500 1.032957 0.786071 0.196946 0.215551 0.225894 0.227454 1.011764 0.102416 0.621534 0.263506 0.725267 0.235328 0.267223 0.372605 0.976661 0.306168 0.144375 0.352025 0.543292 0.764625 0.457960 0.213680 0.552489 0.100000 0.325381 0.649794 0.498720 0.100000 0.561431 0.743687 0.424467 0.100000 1.819214 0.100000 1.070896 0.448256 0.100000 0.100000 0.577476 0.585072 0.483114 1.064537 0.612698 1.129931 0.679941 0.425782 0.630240 0.806510 0.100000 1.117752 0.720450 0.100000 0.100000 0.793172 0.100000 0.742252 0.549435 0.484626 1.059501 0.159171 0.100000 
0.100000 0.511649 1.349912 0.470488 0.577285 0.509604 0.100000 0.100000 0.337052 0.145839 0.258606 0.150604 0.148268 0.357726 0.454852 0.141611 0.544472 0.405622 0.247275 1.086932 0.100000 0.370386 0.123737 0.473958 0.118583 0.101930 0.203799 0.237092 0.417995 0.100000 0.100000 0.100000 0.258030 0.105855 0.217282 0.374172 0.826953 0.763206 0.313579 0.100000 0.410154 0.479281 0.100000 0.104037 0.100000 0.900414 0.514221 0.100000 0.239980 0.128155 0.100000 0.254399 0.100000 0.100000 0.421261 0.726891 0.627826 0.100000 0.873111 0.100000 1.083900 0.491033 0.265571 0.100000 0.247215 0.143298 0.436146 1.155064 0.727842 0.317645 0.100000 0.485500 0.100000 0.364885 0.100000 0.705743 0.844381 0.100000 0.100000 0.261353 0.353270 1.038554 0.100000 0.100000 0.514649 0.219624 0.264358 
0.132826 0.119189 0.100000 0.327143 1.123674 0.100000 0.100000 0.663614 0.196142 0.140220 1.063301 1.369220 0.616739 0.561443 0.611792 0.847457 0.691726 0.100000 0.576082 0.100000 0.667162 0.208430 0.100000 0.529504 0.730058 0.100000 1.203193 1.203019 0.295601 0.416775 0.263948 0.647515 0.100000 0.459016 0.482799 0.226466 1.016513 0.981581 0.100000 0.100000 0.505588 0.727099 0.100000 1.017545 0.672976 0.276281 0.928699 0.685141 1.688895 0.565675 0.757789 0.442740 0.100000 0.488989 0.750112 0.735220 0.425400 0.295331 1.529893 0.100000 0.677031 0.694756 0.473804 0.254987 0.100000 0.100000 0.104708 1.827121 0.449325 0.100000 0.572103 1.380871 0.100000 0.100000 0.100000 1.122579 1.646526 0.100000 0.100000 0.614321 0.104736 0.173618 0.100000 1.001285 1.493700 1.101944 0.275660 
0.100000 0.650170 1.097830 0.293137 0.338675 0.100000 0.531653 0.491932 0.100000 0.281112 0.216981 0.267630 0.243417 0.375050 0.281107 0.100000 0.466125 0.513136 0.871183 0.247850 0.651672 0.417169 0.560741 0.701996 0.396505 0.211191 0.660010 1.002149 0.100000 0.169497 0.100000 0.100000 0.669469 0.100000 0.692778 0.439106 0.512403 0.174723 0.100000 0.100000 0.568339 0.167037 0.100000 0.277600 0.133290 0.306626 0.364796 0.100000 0.925581 0.550469 0.446254 0.272208 0.354476 0.450472 0.100000 0.445448 0.710298 0.303943 0.884933 0.755924 0.414267 0.261041 0.100000 0.100000 0.114273 0.490350 0.535893 0.746070 0.597956 0.175176 0.100000 0.575938 0.100000 0.100000 0.100000 0.715087 0.738301 0.458725 0.100000 0.804340 0.303841 0.100000 0.100000 0.535490 0.948882 0.100000 0.650881 
0.795538 0.215615 1.135089 0.232617 1.057418 0.196469 0.809800 0.474610 0.100000 0.100000 0.177105 0.179958 0.807565 1.233275 1.276643 0.196253 0.569368 0.603606 0.826467 0.100000 0.100000 0.816680 0.931745 0.100000 0.721203 0.464622 0.654532 0.570924 0.712799 0.194285 0.442620 0.274125 0.921397 0.100000 0.100000 0.128839 0.363099 0.562954 0.100000 0.100000 0.184637 1.388393 0.446569 0.601703 0.100000 1.090556 0.643477 1.684865 1.136661 0.624739 0.599872 0.651413 0.580849 0.433812 0.225108 0.949903 0.566521 0.100000 0.343495 0.296460 0.156017 0.310429 0.444416 0.755649 0.600553 0.201584 0.965902 0.916694 0.746412 0.358676 0.663534 0.100000 0.100000 0.315558 0.175245 0.861413 0.921455 0.100000 0.577882 1.743394 1.235032 0.400206 0.100000 0.391201 0.680628 0.370341 0.100000 
0.352244 0.472962 1.118704 0.435059 0.617772 0.100000 0.100000 0.365026 0.100000 0.100000 0.775778 0.486244 0.382578 0.378008 0.100000 0.567023 0.451628 0.238333 0.353027 0.549668 0.100000 0.505598 0.301085 0.472825 0.100000 0.130566 0.257416 0.333772 0.100000 0.336160 0.387732 0.341783 0.812670 0.236201 0.710578 0.595509 0.226569 0.115802 0.266448 0.100000 0.263750 0.744047 0.100000 0.100000 0.129401 0.855572 0.217559 0.100000 0.207160 0.100000 0.992693 0.285669 0.100000 0.232955 0.790657 0.356813 0.100000 0.100000 0.925668 0.100000 0.613847 0.735179 0.392497 0.185492 0.402198 0.100000 0.566299 0.567523 0.522547 1.159964 0.116685 0.159239 0.100000 0.448791 0.100000 0.500670 0.692481 0.499248 0.100000 0.143511 0.345757 0.285876 0.306408 0.272590 0.605157 0.222921 0.560830 
0.436692 0.190373 1.211119 0.497765 0.249980 0.612018 0.100000 0.383104 0.324901 0.268603 0.476776 1.196185 1.005983 0.779432 0.630787 0.824125 0.587623 0.516852 1.107416 0.709229 1.497101 0.391131 0.574768 0.949293 0.927288 0.282661 0.432388 1.065065 0.100000 0.616039 0.100000 0.180180 0.541187 0.514139 0.821437 0.220963 0.388013 0.274473 0.379335 0.164488 0.732588 0.451736 0.100000 0.681742 0.578722 0.559702 0.526885 0.682090 0.952268 0.368320 0.494789 0.319242 0.302938 0.100000 0.103726 0.780860 0.100000 0.496808 1.124590 0.312603 1.133647 1.332760 0.100000 0.174044 0.423755 0.178105 0.674857 0.947250 0.478117 1.462171 0.488388 0.289793 0.332118 0.100000 0.276413 0.955217 0.949731 0.170606 0.669841 0.768895 0.212364 0.581264 0.872435 0.400076 0.790452 0.100000 0.758329 
1.149139 0.135144 0.589772 0.546317 0.319023 0.100000 0.100000 0.920218 0.540608 0.100000 0.100000 1.051350 0.100000 0.694842 0.100000 0.749056 0.911634 1.322496 0.236811 0.669431 0.914656 0.486891 0.607797 0.527674 0.100000 0.753715 0.145558 0.668430 0.100000 0.366395 0.659750 0.100000 0.100000 0.100000 1.109890 0.100000 0.951136 1.180736 0.244619 0.573598 0.387989 0.100000 0.100000 0.100000 0.993502 1.438644 1.539202 0.100000 0.592350 0.100000 0.846546 0.420053 0.444188 0.100000 0.100000 0.778362 0.100000 0.350249 0.937492 0.701699 1.137642 0.100000 0.783898 0.100000 0.100000 1.333622 0.340822 1.466963 0.478583 1.769547 0.810725 0.403993 0.100000 0.473181 0.491900 0.653089 0.100000 0.221066 0.100000 0.572766 0.100000 0.100000 0.341211 0.259673 0.281738 0.100000 0.100000 
0.606612 0.911471 1.287882 0.299283 1.052923 0.561840 0.899528 0.593725 0.266331 0.311220 0.793343 0.469095 0.100000 0.905026 1.085909 0.260297 0.774323 0.677123 0.934085 0.107965 0.387411 1.207886 0.100000 1.551732 0.254708 0.599649 0.572001 0.578401 0.638162 0.203665 1.010344 0.970258 0.770969 0.100000 0.456946 0.784577 0.533253 0.689078 0.545923 0.437779 0.519783 0.216071 0.748529 0.115634 0.491856 0.979410 0.835858 0.347330 0.477834 0.709438 0.559037 0.170468 0.100000 0.127403 0.405545 0.819303 0.552138 0.304099 1.070410 0.663279 0.563012 0.850294 0.100000 0.325738 0.572214 0.522376 0.557673 0.779334 0.420192 0.998420 0.631449 0.550888 0.620496 0.257466 0.100000 0.836035 0.489177 0.100000 0.244873 1.274540 0.100000 1.050296 0.115246 0.100000 0.723185 0.789103 0.172286 
0.515012 0.894687 0.579107 0.690633 0.412451 0.100000 0.407828 0.100000 0.100000 0.100000 0.127259 0.774336 0.100000 0.691937 0.100000 0.305239 0.389168 0.301843 0.286105 0.167329 0.143137 0.100000 0.245299 0.195591 0.100000 0.100000 0.320305 0.768928 0.217942 0.100000 0.317319 0.228581 0.400262 0.100000 0.702682 0.216123 0.876947 0.684917 0.100000 0.388525 0.760033 0.100000 0.100000 0.317350 0.389971 1.045332 0.310337 0.100000 0.896010 0.353140 0.739231 0.583053 0.506262 0.100000 0.100000 0.540921 0.770340 0.100000 0.304164 0.377697 1.170832 0.100000 0.100000 0.100000 0.100000 0.643067 0.893442 0.437838 0.528046 0.899436 0.118412 0.207971 0.100000 0.547778 0.102177 0.553062 0.877992 0.347341 0.100000 1.161158 0.100000 0.795338 0.100000 0.425557 0.177595 0.100000 0.100000 
0.239440 0.617981 1.387152 0.370125 0.536710 0.122641 0.100000 0.484922 0.100000 0.116804 0.325952 0.369336 0.100000 0.490223 0.612276 0.158512 0.962689 0.704819 0.192331 0.126092 0.633540 0.579676 0.200307 0.985865 0.410654 0.664685 0.216250 0.838177 0.100000 0.592617 0.935049 0.826363 0.738303 0.100000 0.777737 0.100000 0.675060 0.100000 0.469868 0.112252 0.100000 0.100000 0.100000 0.100000 0.603793 0.359539 0.311966 0.100000 0.413096 0.100000 0.491904 0.282783 0.249037 0.213859 0.438659 0.699765 0.347577 0.100000 0.144135 0.100000 0.235266 0.723199 0.157224 0.475208 0.100027 0.195834 0.151447 0.276107 0.100000 0.315314 0.520714 0.100000 0.296421 0.426239 0.243608 0.691285 0.445433 0.100000 0.312975 0.823017 0.100000 0.100000 0.141173 0.100000 0.690836 0.443912 0.138843 
0.190697 0.100000 0.849164 0.262448 1.625217 0.100000 0.988043 0.434866 0.100000 0.399300 0.824451 1.327281 0.100000 0.589253 0.295406 0.425837 0.105696 1.347575 0.100000 0.869023 0.522927 0.100000 0.100000 1.050727 0.148866 0.100000 0.100000 1.010399 0.100000 0.100000 0.852165 1.256372 0.320893 0.100000 0.206514 0.840724 1.314431 0.669082 0.339095 0.100000 0.212074 0.453981 0.100000 0.171987 1.457830 0.624027 0.100000 0.444460 0.100000 0.428811 1.016112 0.486368 0.132540 0.440414 0.639783 0.100000 0.100000 0.810351 0.982406 0.100000 0.541499 1.130662 0.100000 0.100000 0.100000 0.100000 0.100000 0.454307 0.929439 0.972983 0.100000 0.100000 0.100000 0.155091 0.213932 1.216816 1.251842 0.100000 1.165515 1.090835 0.100000 0.482724 0.455012 0.100000 0.100000 0.257883 0.100000 
0.387234 0.641267 0.317013 0.382960 0.373030 0.482083 0.796096 0.479488 0.258079 0.535817 0.100000 1.003734 0.100000 1.316030 0.453394 0.248508 0.561460 0.991441 0.504251 0.100000 0.392851 0.416633 0.140734 1.016883 0.600995 0.100000 0.563342 0.489148 0.345683 0.625057 0.782074 0.606474 0.253312 0.100000 0.803387 0.100000 0.756396 0.466115 0.127492 0.378645 1.187459 0.400486 0.155722 0.883765 0.333974 0.616921 0.537453 0.777053 0.676920 0.263773 0.955561 0.345034 0.100000 0.181082 0.228910 0.336551 0.621867 0.100000 0.773520 0.845740 0.619955 0.780305 0.172208 0.465006 0.100000 0.333926 0.969457 0.597445 0.309964 1.283228 0.515793 0.662881 0.551387 0.290540 0.100000 0.711477 0.157255 0.634299 0.357130 0.455586 0.100000 0.675917 0.800111 0.142340 0.943772 0.653086 0.278235 
0.106560 0.100000 0.534964 0.311053 0.195268 0.100000 0.100000 0.382738 0.158841 0.279416 0.184373 0.526477 0.153531 0.919422 0.311526 0.238364 0.448534 0.754155 0.100000 0.100000 0.109361 0.740166 0.417239 0.571737 0.100000 0.293648 0.376132 0.469815 0.103346 0.100000 0.247569 0.394299 0.758920 0.100000 0.453311 0.290783 0.500274 0.567726 0.559017 0.410823 0.237783 0.506576 0.341264 0.479540 0.573098 0.252424 0.700570 0.109479 0.363868 0.100000 0.470869 0.902952 0.110256 0.321051 0.257079 0.297574 0.815233 0.353352 0.931738 0.100000 1.079650 0.582443 0.579904 0.210847 0.100000 0.100000 0.507830 1.106536 0.450107 1.166941 0.931341 0.100000 0.130095 0.736700 0.100000 0.148287 0.866720 0.100000 0.261685 0.100000 0.539397 0.100000 0.100000 0.100000 0.676662 0.347270 0.187718 
0.666958 0.481890 0.995853 0.305104 0.704899 0.911934 0.814311 1.167376 0.337054 0.240837 0.594343 0.486464 0.472588 0.916180 0.588674 0.188025 0.602592 0.984642 0.710519 0.462690 0.395223 0.864407 0.100000 0.253567 0.588262 0.512206 1.063028 0.470572 0.880803 0.128492 0.575308 0.294987 0.763823 0.423652 0.509969 0.329252 0.823848 0.100000 0.100000 0.303373 0.100000 0.236425 0.424189 0.578979 0.812071 0.842428 0.321432 1.028168 0.676731 0.503544 0.440884 0.634064 0.100000 0.584911 0.615541 0.348463 0.100000 0.100000 1.453259 0.385324 0.397234 0.398542 0.529059 0.471772 0.275842 0.220102 0.334981 1.303694 0.650465 1.003943 1.105641 0.313040 0.100000 0.102096 0.430213 0.956318 0.332389 0.997446 0.288359 1.303896 0.282494 0.980676 0.570519 0.100000 1.112649 0.647019 0.298504 
0.740872 0.890626 1.122584 0.554344 0.509264 0.364292 0.522832 0.427291 0.680052 0.100000 0.110020 0.796400 0.953417 0.799380 0.588620 0.940927 0.683015 1.158252 0.100000 1.079632 0.100000 1.072816 0.100000 0.100000 1.251451 0.100000 0.100000 0.820818 0.531554 0.397404 0.376787 0.592582 1.735994 0.498714 0.756599 0.100000 0.100000 0.303948 0.165457 0.712228 0.812601 0.176954 0.767196 0.537707 0.929824 0.688122 0.691913 0.342613 0.807294 0.100000 0.476666 0.646024 0.100000 0.638568 0.536503 0.463625 0.300827 0.327730 0.832766 0.309976 0.215618 1.697477 0.631398 0.100000 0.858437 0.692315 0.324055 0.718222 0.184683 0.480423 0.100000 0.500843 0.709359 0.484280 0.781087 0.623195 1.938284 0.490479 0.701016 0.818530 0.100000 0.979924 0.100000 0.132795 1.226020 0.854609 0.598098 
0.110504 0.356392 0.874893 0.782829 0.553831 0.158292 0.459984 0.543243 0.100000 0.100000 0.440725 0.403701 0.410842 0.670711 0.100000 0.100000 0.728227 0.610025 0.406044 0.863268 0.100000 0.454042 0.100000 0.100000 0.350268 0.100000 0.786804 0.890700 0.155347 0.575268 0.112537 0.378999 0.321682 0.100000 0.209776 0.506149 0.682347 0.348684 0.100000 0.100000 0.590625 0.100000 0.298146 0.502856 0.351360 0.350043 0.100000 0.297505 0.321200 0.100000 0.726421 0.956805 0.100000 0.337253 0.285724 0.581895 0.100000 0.140721 0.803875 0.429512 0.586932 0.122579 0.205346 0.100000 0.397326 0.348931 0.540636 0.705814 0.834812 0.745964 0.720903 0.261292 0.100000 0.100000 0.369372 0.631130 0.495074 0.503795 0.312352 0.579132 0.115864 0.744412 0.190073 0.100000 1.154359 0.571313 0.423244 
0.921706 0.328232 0.744483 0.307237 0.529158 0.727343 0.795502 0.639177 0.739398 0.148492 0.487972 0.539766 0.726908 1.137993 0.933225 0.100000 0.334517 0.467564 0.594819 0.437970 0.649362 1.024956 0.100000 1.117715 0.235076 0.261271 0.891251 0.657393 0.155102 0.395902 0.721440 0.100000 0.811187 0.135326 0.621735 0.676445 0.659789 0.177726 0.378740 0.158562 1.030221 0.706879 0.214370 0.449612 0.382764 0.133645 0.522353 0.358982 1.031332 0.209978 0.503667 0.329518 0.354375 0.810984 0.423336 1.074867 0.100000 0.214682 1.456702 0.167710 0.617846 0.176445 0.319017 0.141370 0.322876 0.224590 0.319549 0.621086 0.566226 1.193730 0.566476 0.352509 0.210342 0.544594 0.342182 0.407958 0.797627 0.695178 0.770495 0.810990 0.100000 0.774878 0.100000 0.216284 1.304909 0.551273 0.538846 
0.581749 0.636197 1.833072 0.445180 0.758767 0.954023 1.185932 0.100000 0.100000 0.828957 0.957731 0.424268 1.377373 0.637153 0.846995 0.260964 1.092754 0.759855 0.589417 0.100000 0.317189 0.981834 0.161577 0.610209 0.129714 0.100000 1.149343 0.539577 0.755981 0.100000 0.339144 0.423138 0.779735 0.100000 0.528212 1.075554 1.075336 0.346617 0.100000 0.100000 0.872133 0.811937 0.100000 0.587678 0.482580 0.351388 0.100000 0.100000 0.100000 0.100000 0.971993 0.337921 0.100000 0.100000 0.443257 0.847018 0.100000 0.144065 0.761214 1.181112 0.691471 0.414253 0.224835 0.100000 0.165586 0.738237 0.584717 1.112865 1.167813 0.100000 0.616574 0.100000 0.100000 0.360655 0.756707 0.269180 0.540874 0.176157 0.501017 0.780168 0.169086 0.226083 0.100000 0.696776 1.445114 0.437819 0.321391 
0.653008 0.748127 1.108993 0.745794 0.622738 0.106508 0.493567 0.469933 0.623663 0.197163 0.412894 0.795988 0.460004 0.340522 0.841022 0.195129 1.128478 0.329506 0.638777 0.393032 0.345664 0.907220 0.552939 0.685194 0.138349 0.663253 0.548801 0.613047 0.371026 0.246368 0.844227 0.491554 0.810919 0.329656 0.326233 0.639880 1.247247 0.273432 0.255402 0.112342 0.641315 0.100000 0.400977 0.798392 0.644440 0.872085 0.768308 0.672510 0.569951 0.638499 0.542660 0.522274 0.756237 0.456829 0.365012 0.866159 0.577912 0.462839 0.463871 0.175406 0.534304 0.861657 0.100000 0.100000 0.927906 0.261567 0.391463 0.972592 0.554599 0.919278 0.826969 0.388548 0.595759 0.368879 0.899007 0.493331 0.825007 0.713664 0.321760 0.286072 0.100000 0.996071 0.100000 0.344786 0.434544 0.498304 0.459015 
0.432770 1.078601 0.790817 0.286706 0.597044 0.644738 0.780241 0.130107 0.788019 0.499982 0.714948 0.615393 0.758264 0.897960 0.400459 0.545417 0.496583 0.584072 0.554769 0.328473 0.100000 0.866708 0.350546 1.520707 0.218162 0.100000 0.238200 0.999074 0.982260 0.372083 0.100000 0.161257 0.909201 0.804105 0.691436 0.100000 0.863823 0.661523 0.333687 0.273709 0.100000 0.734447 0.624940 0.922564 0.652854 0.692568 0.350854 0.688718 0.533317 0.343708 1.007296 0.753469 0.100000 0.183957 0.150078 0.991693 0.100000 0.168968 1.417807 0.364544 0.607142 0.100000 0.576278 0.542561 0.538403 0.338592 0.620483 0.324817 1.147989 0.867541 0.420247 0.361188 0.579288 0.100000 0.131771 1.096903 0.919668 0.200299 0.100000 0.694690 0.240516 1.018838 0.176620 0.216974 1.117193 0.100000 0.634580 
0.119922 0.263655 1.007286 0.100000 0.245510 0.121697 0.329522 0.171228 0.100000 0.100000 0.872876 0.100000 0.100000 0.285704 0.325529 0.100000 0.927468 0.296346 0.100000 0.940276 0.413491 0.854603 0.100000 0.563146 0.100000 0.109207 0.100000 1.174268 0.269022 0.458150 0.961441 0.197037 1.313104 0.100000 0.637312 0.373071 1.334952 0.100000 0.100000 0.507929 1.259060 0.213597 0.746353 0.100000 0.726553 0.883402 0.460595 0.548792 0.607571 0.100000 0.941307 0.432547 0.215714 0.238219 0.100000 0.100000 0.505293 0.277249 1.163140 1.414265 0.853166 0.101158 0.772382 0.171181 0.367801 0.808512 0.955149 0.100000 0.792316 1.497027 0.482331 1.161154 0.246577 1.467778 0.100000 0.972553 1.216189 1.032937 0.100000 1.288908 0.100000 0.634555 0.699513 0.100000 1.391578 0.528878 0.607557 
0.100000 1.279331 0.971663 0.100000 0.747300 0.922519 0.708082 0.282750 0.178159 0.100000 0.695036 0.816228 0.453941 0.777597 0.296601 0.992585 0.836365 0.490606 0.303396 0.513378 0.100000 1.265856 0.566683 1.137552 0.362069 0.223607 1.163994 0.418994 0.928948 0.100000 0.830876 0.290235 0.378251 0.387929 0.706876 0.422661 0.614629 0.339068 0.854906 0.767149 0.640385 0.556157 0.640106 0.937526 0.396638 0.352033 0.550543 0.324457 0.621773 0.117399 0.301815 0.724861 0.760064 0.367388 0.123754 0.814545 0.100000 0.176504 1.399040 0.344665 0.388765 0.692331 0.100000 0.100000 0.491620 0.659338 0.391049 0.686011 0.878094 0.795093 0.577148 0.863808 0.449630 0.216580 0.527490 0.786777 0.671007 0.100000 0.190250 1.069975 0.383712 1.624666 0.753787 0.234492 1.164528 0.231830 0.416373 
0.100000 0.696184 0.989941 0.563818 0.461195 1.307330 0.448193 0.216181 0.487587 0.369169 0.641209 0.710805 0.587160 0.417287 0.100000 0.100000 0.412373 0.246919 0.169263 0.639121 0.265032 1.206683 0.109712 0.563816 0.456299 0.184672 0.546979 0.522329 0.238444 0.100000 0.469810 0.136171 0.472969 0.100000 0.926802 0.139579 0.841353 0.242305 0.100000 0.100000 0.391512 0.155916 0.331235 0.136867 0.269753 0.949767 0.234203 0.767349 0.867697 0.155268 0.854352 0.760154 0.100000 0.100000 0.100000 0.484877 0.100000 0.283244 0.462634 0.100000 0.503527 0.310771 0.100000 0.100000 0.111617 0.100000 0.177250 0.474849 1.001885 0.682029 0.304547 0.450733 0.457378 0.100000 0.100000 0.555486 1.269777 0.524848 0.100000 0.913035 0.100000 0.613840 0.100000 0.174679 0.385962 0.100000 0.918898 
0.100000 0.145549 1.334874 0.155080 1.114890 0.605865 0.338559 0.162069 0.289873 0.100000 0.521398 0.510365 0.611570 0.215944 0.837545 0.584260 0.635459 0.868599 0.239418 0.100000 0.379779 1.067936 0.140806 0.363204 0.100000 0.365847 0.915565 0.984498 0.636808 0.154763 0.267222 0.504084 0.622483 0.100000 0.580056 0.270605 0.898140 0.490590 0.478194 0.100000 0.116268 0.237118 0.395720 1.138102 0.640041 1.416927 0.736690 0.843040 0.289725 0.310823 1.056938 0.521340 0.460345 0.100000 0.100000 0.748589 0.802589 0.619969 0.161822 0.645116 0.787714 0.579004 0.492223 0.100000 0.100000 0.643292 0.325657 0.670220 0.412842 0.678083 0.192951 0.472498 0.687120 0.497731 0.100000 0.596738 0.670186 0.506394 0.577681 0.775881 0.250772 0.281638 0.690405 0.595147 1.138522 0.367996 0.760612 
0.555077 0.742397 0.188997 0.727633 0.100000 0.456503 0.383305 0.170753 0.268897 0.100000 0.103091 0.641179 0.688891 0.848678 0.609931 0.766337 0.614803 0.752266 1.103344 0.555609 0.206247 0.112985 0.381163 0.628700 0.406079 0.451960 0.484407 0.428557 0.543054 0.528952 0.368396 0.841480 0.538723 0.100000 0.534551 0.206075 0.695066 0.738564 0.487811 0.643838 0.443361 0.212442 0.407454 0.100000 0.390871 0.601173 0.367955 0.717388 0.827337 0.100000 0.744280 0.401069 0.602971 0.362009 0.100000 1.580721 0.694814 0.495644 0.649994 0.292492 1.856623 0.883116 0.172933 0.168019 0.752691 0.872555 0.585308 0.793025 1.040105 1.171828 0.256124 0.209648 0.475581 0.557721 0.652440 0.342115 1.158921 0.691315 0.517131 0.164710 0.316796 0.589111 0.589939 0.316252 0.728331 0.471799 0.810096 
0.563364 0.221385 1.060483 0.251245 0.409887 0.452085 0.753695 0.655598 0.100000 0.100000 0.361451 0.967472 0.214985 1.187457 0.171324 0.990357 0.100000 0.327592 1.080898 0.667180 0.558392 1.191927 0.100000 0.100000 0.100000 0.123671 0.729206 0.752390 0.341714 0.100000 0.264037 0.664362 0.476187 0.183494 0.566576 0.442672 0.577772 0.441225 0.884299 0.240668 0.498731 0.525930 0.505712 0.669832 0.782783 0.790781 0.100000 0.546068 0.297883 0.497743 0.843494 0.423817 0.100000 0.831752 0.390998 0.851719 1.269411 0.135131 0.763194 1.029015 1.286741 0.722552 0.293087 0.576363 0.100000 0.505097 0.575265 1.057156 0.441800 0.418426 0.369678 0.688574 0.100000 0.881577 0.100000 0.901711 0.105911 0.515502 0.572706 0.200796 0.380397 0.924591 0.455379 0.100000 0.768366 0.389571 0.689452 
