85 Number of operations
28 Number of workers
Standard production times
0.556638 0.603437 0.338111 0.214501 0.287074 0.462130 0.422475 0.577513 0.425650 0.482083 0.357790 0.586098 0.456408 0.168437 0.390715 0.571918 0.380495 0.250198 0.582705 0.568891 0.507737 0.595931 0.180184 0.644294 0.212500 0.320793 0.386649 0.203759 0.231285 0.460542 0.357760 0.661734 0.403961 0.230560 0.261482 0.330493 0.568398 0.331071 0.567284 0.618757 0.322320 0.438305 0.388977 0.166786 0.252374 0.597997 0.422908 0.475443 0.479554 0.341847 0.846260 0.292547 0.404105 0.497237 0.332642 0.345117 0.243839 0.804925 0.238536 0.612370 0.225828 0.535280 0.532321 0.510003 0.264095 0.447405 0.592744 0.165193 0.694312 0.440205 0.396307 0.100000 0.447482 0.392904 0.602840 0.118075 0.273746 0.308751 0.409884 0.564540 0.669786 0.490409 0.199413 0.277920 0.343291 
Production times: workers row and ops columns
0.466543 0.864249 0.569320 0.617437 0.989879 0.754610 0.559164 0.710695 0.838242 0.280818 0.505207 0.453199 0.867599 0.100000 0.452874 0.459425 0.385656 0.789000 0.588298 0.461983 1.093779 0.523350 0.172171 0.558645 0.100000 0.538894 0.701964 0.100000 0.200161 0.279118 0.346569 0.534459 0.233696 0.100000 0.100000 0.100000 0.784335 0.100000 0.469669 1.025751 0.456166 0.382330 0.753054 0.486558 0.100000 0.466744 0.629563 0.905980 0.836358 0.412287 1.101501 0.100000 0.830567 0.950675 0.100000 0.342469 0.538333 1.128337 0.100000 0.606683 0.100000 0.684080 0.630050 1.003060 0.314754 0.100000 0.452432 0.812997 1.450105 0.604716 0.100000 0.324103 0.700730 0.746191 1.046574 0.255487 0.607229 0.155453 0.494808 0.768932 0.739608 0.742568 0.170628 0.102856 0.647681 
0.587520 0.770520 0.382231 0.100000 0.100000 0.572651 0.162318 0.220270 0.146364 0.411637 0.830432 0.100000 0.192886 0.570870 0.679433 0.862876 0.501436 0.100000 0.468520 0.776391 0.352745 0.857137 0.100000 1.101907 0.100000 0.100000 0.535205 0.100000 0.602079 0.100000 0.100000 1.096292 0.369654 0.346259 0.481695 0.670151 0.803995 0.100000 0.747183 0.692473 0.366686 0.545025 0.772974 0.100000 0.100000 0.649267 0.857793 0.460351 0.750116 0.358151 0.447787 0.446418 0.568648 1.062684 0.275740 0.100000 0.100000 0.904797 0.100000 0.447415 0.291202 0.604295 0.411683 0.530907 0.340156 0.195847 0.557244 0.100000 1.076684 0.100000 0.211277 0.312251 0.107017 0.100000 0.877948 0.313967 0.329885 0.186412 0.100000 0.698876 0.415626 0.422079 0.267911 0.151100 0.536994 
0.304444 0.550910 0.256271 0.553378 0.598146 0.293292 0.399610 0.130102 0.100000 0.100000 0.656492 0.810924 0.410287 0.182139 0.100000 0.517018 0.125536 0.448310 0.703006 0.756710 0.488853 0.319149 0.100000 0.777411 0.128064 0.132952 0.100000 0.834091 0.100000 0.594345 0.100000 0.763132 0.691809 0.100000 0.388096 0.181121 0.528537 0.100000 0.978121 0.692712 0.100000 0.349845 0.333147 0.248620 0.348476 0.713520 0.636484 0.100000 0.735688 0.284665 0.700338 0.167690 0.586690 0.100000 0.100000 0.100000 0.100000 0.258075 0.479472 0.100000 0.363802 0.322114 0.154100 0.289380 0.556338 0.100000 0.656729 0.373097 0.386694 0.292754 0.661661 0.100000 0.100000 0.611512 0.688455 0.289760 0.100000 0.100000 0.341303 0.507659 0.299679 0.100000 0.128729 0.139884 0.431014 
1.093828 0.507693 0.100000 0.281788 0.190525 0.914752 0.100000 1.412386 0.100000 0.100000 0.100000 0.962342 0.100000 0.100000 0.100000 0.321904 1.027605 0.270747 0.686454 0.551393 0.674392 0.548996 1.298671 0.827661 0.100000 0.100000 0.100000 1.007864 0.100000 0.725339 0.805823 1.340532 0.485013 0.100000 0.100000 0.232964 0.705153 0.582467 0.494758 0.957189 0.100000 0.612798 0.908346 0.100000 0.100000 0.873602 0.100000 0.685262 1.291050 0.103814 1.352204 0.241545 0.204702 0.701684 0.349972 0.461357 0.145037 1.616022 0.990434 0.212358 0.100000 0.264066 1.035502 1.103681 0.409317 0.397592 0.758486 0.100000 1.340139 1.223793 0.698941 0.254047 0.256623 0.799811 1.460757 0.265571 0.100000 0.100000 0.780629 0.100000 0.611216 1.185436 0.451725 0.247158 0.205326 
0.497402 0.346070 0.100000 0.246720 0.485225 0.165723 0.561614 1.567936 1.025776 0.805320 1.114464 0.100000 0.147339 0.319000 0.545516 0.846101 0.100000 0.392741 0.241356 0.323749 0.699651 0.242224 0.456582 2.091477 0.100000 0.778365 0.100000 0.397397 0.699403 0.100000 0.243953 0.355898 0.555279 0.100000 1.220519 0.761232 0.352968 0.854902 0.369487 0.367662 0.100000 0.100000 0.377732 0.154994 0.907659 0.962138 0.955764 0.100040 0.270019 1.092402 1.439865 0.100000 0.155814 0.440450 0.472817 0.233350 0.646817 0.858728 1.230107 0.692086 0.868251 0.793133 0.100000 0.695262 0.991829 0.272391 0.530822 0.100000 0.200702 0.507743 0.683015 0.203678 1.079940 0.370794 0.100000 0.263122 0.763520 0.100000 0.888147 0.786133 0.413279 0.100000 0.144605 1.109948 0.544120 
0.241875 0.682419 0.100000 0.581964 0.244126 0.730853 0.353124 0.259250 0.619749 0.584523 0.282322 1.263185 0.483132 0.691098 0.100000 0.839522 0.811442 0.100000 0.634909 0.749979 0.761969 0.975140 0.100000 0.818077 0.379946 0.497460 0.155453 0.890030 0.211614 0.100000 0.318325 0.547078 0.190896 0.603377 0.623861 0.483152 0.696095 0.437095 0.314155 0.819912 0.809111 0.789371 0.465786 0.100000 0.219764 0.601333 1.036796 0.645774 0.685317 0.808175 0.993583 0.323424 0.130749 0.754243 0.247168 0.146773 0.674595 1.340219 0.471034 0.760626 0.100000 0.674583 0.882239 0.887618 0.424437 0.359020 0.982763 0.379203 1.124747 0.100000 0.215992 0.100000 1.278523 0.569687 0.455232 0.100000 0.416246 0.973775 0.984901 0.325365 0.666739 0.334153 0.100000 0.248299 0.537677 
0.424018 0.552010 0.100000 0.851466 0.613557 0.217608 0.136250 0.561118 0.540486 0.398573 0.100000 0.775997 0.516255 0.203598 0.163580 0.506035 0.588142 0.638812 0.764556 0.259394 0.100000 0.221957 0.352801 0.910704 0.314175 0.291206 0.100000 0.204532 0.340888 0.629046 0.257556 0.503469 0.353357 0.565124 0.100000 0.402623 0.265491 0.350444 0.627879 1.046786 0.111106 0.335439 0.333972 0.301557 0.100000 0.312770 0.265887 0.259132 0.323714 0.446112 0.649541 0.100000 0.559526 0.731896 0.100000 0.788972 0.100000 0.632854 0.241841 0.330487 0.100000 0.674858 0.529770 0.116482 0.100000 0.534255 0.114765 0.100000 0.859008 0.399558 0.100000 0.100000 0.408110 0.636924 0.401909 0.309762 0.380220 0.100000 0.709661 0.359326 0.804609 0.384125 0.119319 0.100000 0.586033 
0.115381 0.943896 0.102826 0.495746 0.100000 0.100000 0.507505 0.443299 0.230605 0.256435 0.138428 0.354776 0.275064 0.100000 0.308791 0.472556 0.100000 0.348543 1.099522 0.211404 0.100000 0.145129 0.100000 0.305161 0.100000 0.399465 0.100000 0.100000 0.385381 0.171688 0.100000 0.854001 0.132225 0.142558 0.100000 0.386474 0.939770 0.643405 0.382761 0.100000 0.125326 0.367943 0.390625 0.100000 0.514825 1.035722 0.100000 0.604503 0.377205 0.100000 1.006884 0.100000 0.100000 0.269367 0.105529 0.100000 0.413041 0.801863 0.152616 0.248768 0.100000 0.363511 0.100000 0.802215 0.263752 0.424704 1.157093 0.486437 0.502974 0.100000 0.386291 0.257779 0.241225 0.906325 0.697493 0.100000 0.371301 0.224317 0.100000 0.823874 0.600223 0.152408 0.100000 0.100000 0.480273 
0.329488 0.724502 0.253214 0.490499 0.167368 1.636586 1.121619 0.471274 0.100000 0.564875 0.137963 0.134786 0.100000 0.100000 0.100000 0.578393 0.944013 1.366836 0.816523 0.823559 0.513358 0.103071 0.100000 1.622200 0.529609 0.100000 1.040778 1.433991 0.718552 0.810132 0.100000 0.118436 0.673237 0.356386 0.400220 0.100000 1.093702 0.418231 0.100000 1.511425 0.945077 0.100000 1.338812 0.100000 0.100000 1.757341 0.100000 0.100486 0.895471 0.385960 1.508367 0.100000 1.210183 0.338757 0.133147 0.100000 0.100000 1.366504 0.577904 0.976712 0.344325 1.222597 0.754105 0.100000 0.946954 0.100000 0.877924 0.191278 1.026240 0.500954 0.719513 0.194497 0.100000 0.323981 0.848603 0.333965 0.100000 0.663023 0.645555 0.606087 0.272341 1.237483 0.231223 0.100000 0.282188 
0.263283 1.033290 0.305547 0.602143 0.662348 0.449798 0.330234 0.752669 0.714977 0.696417 0.822049 1.035324 0.187915 0.100000 0.404337 0.731686 0.634356 0.848637 0.368427 0.593219 0.419009 0.796758 0.534537 1.284502 0.100000 0.774806 0.170798 0.524149 0.628431 0.154953 0.427347 1.025741 0.296640 0.100000 0.100000 0.413891 0.970886 0.219302 0.777487 0.437511 0.100000 0.657451 0.381927 0.431773 0.100000 0.691629 0.749178 0.844751 0.255415 0.246283 0.799489 0.499030 0.258733 0.213576 0.761453 0.410948 0.143285 0.699354 0.100000 0.570194 0.598408 0.688745 0.968835 0.353743 0.110074 0.273360 0.942464 0.734580 1.456042 0.618312 0.820291 0.771517 0.533417 0.782636 0.708086 0.100000 0.257818 0.429585 0.745133 0.852469 0.512437 0.647900 0.488040 0.764783 0.101648 
0.618620 0.100000 0.100000 0.100000 0.312737 0.100000 1.247191 0.100000 0.315332 1.466199 0.486720 0.211281 0.100000 0.450138 0.100000 0.899866 1.440034 0.137846 1.042451 0.428885 0.505425 0.977117 0.100000 1.387549 0.100000 0.634973 0.100000 0.100000 0.330448 0.100000 1.000634 0.237020 0.100000 0.403278 0.734173 0.953449 1.219850 0.915970 1.210901 0.564174 0.946483 0.277263 1.794768 0.100000 0.100000 1.196727 0.184936 0.743720 0.481120 0.858166 1.114132 0.953545 0.445105 0.477340 0.543250 0.188108 0.292415 1.210347 0.212083 1.215193 0.100000 1.477854 0.174247 0.100000 0.109766 0.921552 0.428771 0.452480 1.050393 0.455311 0.804699 1.142844 0.433749 0.100000 1.127798 0.122475 0.242193 1.093356 0.735878 0.484947 1.037170 0.100000 0.239126 0.436444 0.100000 
0.381087 0.453341 0.577644 0.375470 0.100000 0.100000 0.712826 0.820849 0.577453 0.441189 0.100000 0.102086 0.190527 0.100000 0.100000 0.100000 0.599168 0.100000 0.303682 0.192672 0.100000 0.538491 0.120151 0.944818 0.537945 0.100000 0.215894 0.100000 0.376369 0.522046 0.100000 0.757189 0.495496 0.350568 0.216657 0.448587 0.667764 0.100000 0.100000 0.613041 0.100000 0.555335 0.100000 0.100000 0.390849 0.875882 0.313319 0.164572 0.275344 0.100000 0.955954 0.213632 0.254650 0.418924 0.100000 0.325760 0.100000 0.365318 0.349972 0.600254 0.100000 0.577623 0.352496 0.733349 0.100000 0.406185 0.924681 0.107135 0.358822 0.592772 0.351241 0.100000 0.100000 0.100000 0.929925 0.100000 0.100000 0.302480 0.100000 0.398490 0.751188 0.633723 0.100000 0.745288 0.439337 
0.156042 0.624022 0.176848 0.877489 0.100000 0.711696 0.613261 0.565787 0.260615 0.264746 0.505273 1.061319 0.357716 0.760332 0.568141 0.479449 0.752141 0.969940 0.404956 0.418115 1.184217 0.887817 0.100000 0.868739 0.295686 0.815124 0.918164 0.420552 0.123693 0.459987 0.637595 0.800564 0.100000 0.100000 0.782165 0.497332 0.623737 0.676540 0.500667 0.622688 0.495535 0.516817 0.475087 0.262962 0.486962 0.539633 0.115860 0.716225 0.770033 0.171461 0.779923 0.293821 0.100000 1.028023 0.100000 0.100000 0.118516 0.548931 0.460115 0.479496 0.176862 0.159751 0.551770 0.467290 0.325261 0.440238 1.109725 0.100000 0.780414 0.203133 0.511029 0.765395 0.100000 0.881472 0.731273 0.100000 1.081957 0.611519 0.669447 0.935588 0.509692 0.271514 0.100000 0.100000 0.480587 
0.544545 0.184052 0.633543 0.100000 0.100000 0.329744 0.464873 0.383290 0.206865 0.163734 0.100000 0.778050 0.343605 0.100000 0.517694 1.123691 0.557148 0.294774 1.127859 0.535725 0.196802 0.679137 0.100000 0.478721 0.207121 0.385147 0.233664 0.254269 0.100000 0.100000 0.627520 0.463899 0.675428 0.100000 0.100000 0.360405 0.816454 0.651007 0.491693 0.596391 0.100000 0.167859 0.100000 0.100000 0.100000 0.653256 0.859015 0.284004 0.692339 0.343805 0.790075 0.240635 0.779147 0.839996 0.549448 0.458500 0.473322 0.463821 0.135331 0.363136 0.100000 0.595186 0.301239 0.184705 0.507353 0.512802 0.447034 0.100000 1.318578 0.100000 0.100000 0.100000 0.326294 0.100000 0.100000 0.100000 0.100000 0.151615 0.558714 0.762862 0.765133 0.100000 0.242718 0.100000 0.442614 
0.775362 0.945719 0.559514 0.707448 0.740561 0.259570 0.229658 0.897772 0.235931 0.410867 0.100000 0.686305 0.334395 0.275393 0.898936 0.547101 0.475054 0.100000 0.713480 0.613619 0.702562 0.756141 0.100000 0.474411 0.267616 0.134586 0.517136 0.378201 0.448999 0.127527 0.193509 0.732942 0.460629 0.679365 0.147098 1.176191 0.741289 0.546221 0.878736 0.584310 0.854010 1.063905 0.985614 0.278941 0.390811 0.551997 0.784653 0.379800 1.073118 0.482942 0.339425 0.524201 0.476688 0.231796 0.187340 0.478768 0.468634 0.800030 0.101669 1.096375 0.564483 0.144278 0.785406 0.691850 0.100000 0.266868 0.572150 0.698659 0.572825 0.569323 0.386923 0.158697 0.724458 0.430053 1.155438 0.767792 0.762792 0.100000 0.432917 0.993600 1.183040 0.548613 0.234158 0.197069 0.587965 
0.258481 0.577663 0.100000 0.100000 0.537663 0.191455 0.352781 0.943449 0.167662 0.707119 0.435979 0.764611 0.100000 0.780553 0.281840 0.428582 0.748295 0.385194 0.264819 0.763757 0.100000 1.077065 0.100000 0.284299 0.100000 0.160020 0.465211 0.100000 0.100000 0.100000 0.445293 0.389344 0.627192 0.100000 0.466723 0.282406 0.100000 0.405302 0.100000 0.622337 0.285072 0.317285 0.451139 0.364920 0.100000 0.319544 0.100000 0.616993 0.100000 0.192708 0.388233 0.226513 0.479252 0.465766 0.763521 0.343710 0.246251 0.409286 0.542407 0.285618 0.100000 0.100000 0.723648 0.358998 0.100000 0.461588 0.911264 0.100000 0.667687 0.454396 0.425829 0.599431 0.503174 0.336977 0.228064 0.361854 0.506782 0.211362 0.378378 0.100000 0.730451 0.311370 0.505076 0.185778 0.388031 
1.013116 0.810291 0.569566 0.900541 0.474641 0.770378 0.483024 0.837495 0.704299 0.249686 0.574004 0.846868 0.930240 0.198637 0.813327 0.837315 0.706763 0.563552 0.504970 1.045953 1.311885 0.954846 0.223272 0.249029 0.100000 0.100000 0.611523 0.633343 0.509390 0.397797 0.507053 1.150299 0.100000 0.649203 0.100000 0.213346 0.713940 1.056523 0.949307 0.522319 0.634503 0.798075 0.212635 0.100000 0.214736 0.995549 0.470777 0.806029 0.489001 0.327704 0.620932 0.679743 0.180232 0.137716 0.342087 0.462785 1.079544 1.138129 0.557534 0.466728 0.551124 0.910647 0.471659 1.319938 0.153534 0.443326 0.824430 0.100000 0.644037 0.839238 0.207736 0.449376 0.335531 0.970035 0.918442 0.413161 0.462305 0.334301 0.470439 1.137143 0.607950 0.584242 0.263297 0.429880 0.732459 
0.195563 0.359228 0.873855 0.100000 0.222105 0.868370 0.389776 0.686683 0.952749 0.472605 0.853045 0.316797 0.753286 0.232847 0.644472 0.476661 0.681376 0.489235 0.790060 0.927833 0.641181 0.525726 0.542197 0.445719 0.554992 0.563531 0.950310 0.275605 0.100000 0.939876 0.596282 0.896116 0.780306 0.161234 0.405532 0.247919 0.835901 0.100000 0.676766 1.081615 0.271919 0.922411 0.203198 0.584979 0.277030 0.688970 0.100000 0.465928 0.957988 0.475633 0.841238 0.384711 0.849857 0.624607 0.557526 0.454852 0.140893 1.229665 0.496649 0.923124 0.868009 0.236881 0.162615 0.735765 0.229312 1.037209 0.955733 0.173958 1.000861 0.678277 0.402738 0.456672 0.224049 0.642096 0.892807 0.100000 0.694572 0.100000 0.888738 0.723283 1.071917 0.473987 0.127861 0.100000 0.103325 
0.448015 0.234790 0.573683 0.237738 0.100000 0.949019 0.302705 0.482050 0.105527 0.442450 0.590315 0.747442 0.186848 0.100000 0.149260 0.689702 0.100000 0.100000 0.100000 0.783866 0.143024 0.269527 0.256988 0.754015 0.100000 0.100000 0.100000 0.497486 0.100000 0.100000 0.100000 0.777265 0.478100 0.216735 0.243410 0.503315 0.551555 0.100000 0.393135 0.531934 0.100000 0.586023 0.883367 0.564387 0.222761 0.316094 0.198216 0.105295 0.275320 0.100000 1.452182 0.363587 0.137419 1.007974 0.268321 0.296847 0.116305 0.685768 0.815200 0.623960 0.100000 0.275815 0.100000 0.183321 0.672576 0.455309 0.848897 0.100000 0.719863 0.401908 0.100000 0.100000 0.369058 0.100000 0.826353 0.225349 0.100000 0.375769 0.253360 0.732282 0.744144 0.115508 0.100000 0.380750 0.100000 
0.441448 0.921305 0.100000 0.100936 0.100000 0.702832 0.692322 0.100000 0.784693 0.732838 0.473255 0.550367 0.100000 0.684158 0.375320 0.263557 0.689666 0.377606 0.100000 0.552864 0.243309 0.740433 0.100000 0.100000 0.328977 0.100000 0.157231 0.488787 0.496206 0.183714 0.390039 0.731747 0.115201 0.395643 0.100000 0.135533 0.162371 0.131393 0.483657 0.816605 0.130911 0.312143 0.533855 0.100000 0.368314 0.683690 0.389025 0.851290 0.189125 0.100000 0.914768 0.100000 0.380638 0.100000 0.324287 0.100000 0.100000 1.296062 0.100000 0.356252 0.293614 0.428636 0.100000 0.719458 0.526168 0.492048 0.883990 0.484089 0.711788 0.851988 0.195639 0.187159 0.140705 0.100000 0.291364 0.100000 0.431177 0.100000 0.245148 0.743276 0.468421 0.650956 0.414133 0.307968 0.175599 
0.405685 0.528850 0.601467 0.523436 0.979047 0.703649 0.631630 0.459460 0.391107 0.533623 0.520649 0.307089 0.971070 0.536313 0.100000 0.100000 0.468400 0.146133 0.604241 0.967924 0.977770 1.035268 0.557771 0.979223 0.685844 0.787624 0.527493 0.428257 0.316984 1.079133 0.601870 0.554417 0.530934 0.651254 0.490396 0.545929 0.806981 0.378968 1.134029 0.518017 0.209924 0.798205 0.386657 0.133588 0.208860 0.549626 0.190788 0.563723 0.100000 0.617813 0.626866 0.592039 0.160455 0.838969 0.482626 0.370416 0.100000 0.803815 0.184715 1.098006 0.555412 0.913014 0.859063 0.175398 0.100000 0.441531 0.770477 0.100000 0.795778 0.736040 0.806406 0.242174 0.303402 0.215925 0.592624 0.170418 0.882357 0.393468 0.321835 0.648975 0.700933 0.626195 0.446298 0.169303 0.461124 
0.302424 1.007801 1.088759 0.991500 0.729944 0.476237 0.173626 0.502506 0.472879 0.100000 0.100000 1.400559 0.398496 0.100000 1.355224 0.813286 0.323535 1.212596 0.964052 0.529384 0.104853 1.532575 0.100000 0.490852 0.936384 0.602837 0.560443 0.688565 0.100000 0.100000 0.439022 1.300388 0.100000 0.100000 0.100000 0.298013 0.635002 0.832322 0.946749 0.278838 0.665254 0.100000 0.671731 0.218973 0.100000 0.888697 1.269395 0.791583 0.200761 0.266202 1.520859 1.064501 0.453408 0.100000 0.100000 1.543572 0.100000 0.985307 0.100000 0.910199 0.100000 0.373533 0.665561 1.061083 0.626735 1.832910 0.961223 0.668944 0.812383 0.100000 0.854602 0.212463 0.100000 0.141343 0.387368 0.887422 0.150657 0.100000 0.100000 0.203535 0.357660 0.933459 0.124784 0.407584 0.100000 
0.839760 0.607679 0.100000 0.100000 0.213429 0.185575 0.489535 0.382708 0.412420 0.143595 0.296224 0.769438 0.438859 0.292444 0.365653 0.428614 0.399562 0.534716 0.151795 0.346781 0.357088 0.262142 0.133336 0.611655 0.380496 0.140309 0.864677 0.292354 0.492879 0.494216 0.226075 0.610112 0.582862 0.370841 0.100000 0.580765 0.100000 0.227814 0.100000 0.704750 0.182235 0.340119 0.422871 0.383738 0.158828 0.699225 0.773516 0.369372 0.836938 1.108319 0.586373 0.686583 0.692302 0.374360 0.459110 0.482682 0.188236 0.479425 0.140658 0.442878 0.100000 0.690371 0.782144 0.845787 0.100000 1.024999 0.734267 0.433039 0.372157 0.492412 0.344015 0.346357 0.602898 0.747857 0.100000 0.390656 0.258332 0.100000 0.397048 0.819796 0.897481 0.100000 0.851716 0.294810 0.308222 
0.903580 0.269328 0.124523 0.100000 0.592854 0.285922 0.680675 0.100000 0.100000 0.100000 0.540167 0.447222 0.489345 0.100000 0.792571 0.575588 0.100000 0.100000 0.533715 0.593672 0.100000 0.769007 0.224480 1.034677 0.100000 0.228463 0.651298 0.100000 0.100000 0.200560 0.241157 0.673868 0.712625 0.511670 0.371569 0.134751 0.100000 0.192821 0.567668 0.633728 0.110487 0.100000 0.232688 0.235346 0.451564 0.403327 0.268502 0.482909 0.504448 0.140313 0.686535 0.206719 0.283893 0.100000 0.100000 0.353575 0.254065 0.745719 0.239871 0.798799 0.100000 0.337724 0.672495 0.561771 0.765187 0.316209 0.947876 0.100000 0.100000 0.683033 0.513251 0.747195 0.560471 0.607843 0.709636 0.100000 0.100000 0.392898 0.494629 0.263578 0.778571 0.720243 0.100000 0.506902 0.667648 
0.659280 0.362535 0.100000 0.100000 0.100000 0.520626 0.346319 0.350959 0.100000 0.231368 0.627634 1.168146 0.590165 0.100000 0.100000 1.138044 0.100000 0.264593 0.624235 0.780914 0.100000 0.635227 0.290364 0.652062 0.100000 0.184171 0.540749 0.100000 0.279023 0.100000 0.100000 0.266748 0.935361 0.120482 0.398854 0.113492 0.589874 0.277083 0.218587 0.334599 0.100000 0.100000 0.100000 0.100000 0.231755 0.485099 0.511506 0.320744 0.604546 0.634554 0.642122 0.266283 0.358196 0.555860 0.645643 0.582650 0.576885 0.473542 0.100000 0.100000 0.124221 0.758629 0.100000 0.429550 0.100000 0.798611 0.449396 0.100000 0.689635 0.499206 0.275717 0.280455 0.850593 0.100000 0.809385 0.100000 0.352902 0.100000 0.508933 0.101944 0.544095 0.957773 0.460814 0.100000 0.100000 
0.772111 0.239971 0.192667 0.653558 0.223887 0.304300 0.556592 0.678412 0.464739 0.619799 0.100000 0.711169 1.017021 0.119132 0.355678 0.531130 0.100000 0.277790 0.707405 1.175346 0.684853 0.250592 0.289676 0.554231 0.205381 0.526141 0.100000 0.235287 0.100000 0.696240 0.367349 0.696194 0.122450 0.137849 0.100000 0.100000 1.116028 0.100000 0.100000 0.807920 0.336490 0.346191 0.100000 0.100000 0.100000 0.837065 0.904485 0.605981 0.317915 0.100000 1.092108 0.100000 0.267666 0.633055 0.228149 0.721620 0.294527 0.721524 0.354394 0.555127 0.450842 0.949641 0.100000 0.701288 0.100000 0.123538 0.100000 0.418077 0.601739 0.608739 0.476812 0.601990 0.288797 0.621551 0.319603 0.100000 0.142335 0.229858 0.130357 0.215691 0.154558 0.100000 0.303770 0.100000 0.698863 
0.483376 0.177055 0.453862 0.613324 0.100000 0.530742 0.100000 0.134882 0.798452 0.100000 0.623212 0.962653 0.846356 0.100000 0.479555 0.834413 0.374375 0.100000 1.061970 0.168624 0.473638 0.825040 0.180613 0.952983 0.100000 0.454718 0.100000 0.315099 0.675467 0.425533 0.487519 0.536678 0.100000 0.316645 0.474031 0.526463 0.104343 0.612602 0.544052 0.999498 0.567896 0.152223 0.100000 0.751372 0.356752 0.489916 0.100000 0.426307 0.274346 0.100000 0.654381 0.382885 0.270099 0.748003 0.799546 0.461262 0.170376 0.698520 0.229713 0.100000 0.100000 0.214590 0.652898 0.411716 0.100000 0.100000 0.402837 0.754742 0.263911 0.154673 0.241767 0.100000 0.100000 0.100000 0.135347 0.100000 0.568559 0.767677 0.395594 0.355755 0.621107 0.690105 0.133283 0.658435 0.341073 
0.663066 0.736987 0.394829 0.547465 0.675192 1.127848 0.955707 1.222210 0.473042 0.420649 0.541199 0.473621 0.100000 0.339137 0.321317 0.695019 0.358817 0.303294 0.220796 0.444314 1.089819 1.028356 0.100000 0.908754 0.413303 0.565990 0.279048 0.100000 0.141040 1.407822 0.320216 1.256738 0.555571 0.865733 0.585588 0.211038 0.616154 0.762514 0.529690 0.739968 0.352034 0.710554 0.508968 0.291858 0.578674 0.865642 0.896465 0.396208 0.865672 0.331123 0.967369 0.479560 0.682995 0.523117 0.241174 0.345008 0.266077 0.761960 0.165098 0.906822 0.365648 0.558347 0.402652 0.831795 0.619443 0.406868 0.970870 0.523797 0.639212 0.229784 0.100000 0.130527 0.680153 0.588619 0.538042 0.292146 0.547558 0.385500 0.534646 0.948273 0.740835 1.058291 0.184723 0.405131 0.311674 
