90 Number of operations
29 Number of workers
Standard production times
0.395487 0.532490 0.222502 0.307822 0.261232 0.472611 0.856732 0.348992 0.510849 0.592732 0.929213 0.391227 0.206876 0.575733 0.100000 0.623915 0.189126 0.198222 0.386496 0.383715 0.967043 0.350765 0.541102 0.253267 0.159032 0.456081 0.295062 0.100000 0.627160 0.519564 0.619080 0.716055 0.419631 0.380416 0.100000 0.410165 0.555420 0.278717 0.305743 0.100000 0.571778 0.269913 0.412373 0.663896 0.543813 0.237312 0.591981 0.366152 0.400966 0.541476 0.611755 0.607141 0.514341 0.395286 0.100000 0.249166 0.430479 0.769328 0.427803 0.599307 0.100000 0.665435 0.232499 0.665336 0.283636 0.157893 0.336602 0.575480 0.716322 0.403792 0.756102 0.159809 0.168989 0.100000 0.420959 0.465930 0.486587 0.338208 0.671367 0.487711 0.500298 0.406885 0.239311 0.920120 0.766699 0.107835 0.345230 0.236004 0.523856 0.285424 
Production times: workers row and ops columns
0.381903 0.521558 0.100000 0.762365 0.100000 0.123027 0.735732 0.100000 1.105229 0.677980 1.262173 0.100000 0.560543 0.162317 0.661663 0.911470 0.100000 0.325873 0.346534 0.252413 0.671912 0.409941 1.357299 0.100000 0.306426 0.337790 1.284465 0.100000 1.040967 0.100000 0.584787 1.015323 0.244512 0.100000 0.301502 0.100000 0.260763 0.295288 0.214372 0.100000 1.055752 0.632509 0.420077 1.432082 0.487111 0.391352 1.424466 0.304004 0.272201 1.080139 0.519146 1.189710 0.661260 0.100000 0.100000 0.100000 0.775413 0.678891 0.832198 0.667503 0.105721 1.616740 0.100000 0.681753 0.795627 0.244062 0.788940 0.810129 0.586215 0.515337 0.184356 0.100000 0.325209 0.296327 0.858030 0.100000 0.721439 0.553302 1.004061 0.100000 0.422476 0.100000 0.432912 0.778148 1.254486 0.610919 0.100000 0.804832 0.826135 0.100000 
0.696348 0.593161 0.100000 0.880352 0.258627 0.878271 1.113086 0.270417 0.103283 0.634084 1.259545 0.289859 0.167538 0.771936 0.158367 1.092682 0.320093 0.100000 0.223882 0.318922 1.643326 0.164633 0.715308 0.211336 0.446072 0.659645 0.132803 0.185835 0.338886 0.691351 1.451278 0.912862 0.370528 0.762307 0.361114 0.780816 0.834147 0.490005 0.219239 0.261631 0.222143 0.747865 0.544441 1.155009 0.373350 0.100000 0.508217 0.100000 0.412481 0.629920 0.478760 0.633859 1.033934 0.259419 0.100000 0.185344 0.541681 1.495616 0.100000 0.357756 0.230673 0.837148 0.154789 0.778611 0.100000 0.499621 0.223603 0.516515 0.480049 0.328481 0.623726 0.258042 0.100000 0.100000 0.219814 0.209853 0.380445 0.167644 0.876896 0.374203 0.189499 0.821900 0.256776 1.296364 1.015881 0.923110 0.597073 0.274197 0.690797 0.453754 
0.759332 0.525942 0.100000 0.100000 1.275741 0.501393 0.237269 0.100000 0.334423 1.298336 1.649373 0.843325 0.100000 1.142640 0.655300 0.125400 0.100000 0.703902 0.100000 0.100000 1.215918 0.100000 0.328687 0.100000 0.100000 0.929139 1.009435 1.051844 0.179669 0.101832 0.955974 0.527576 0.100000 0.100000 0.834358 1.579920 0.100000 0.256398 1.051484 0.129829 0.643008 0.947718 0.646090 0.338129 0.100000 0.100000 0.100000 0.910755 0.293589 0.930529 0.783843 1.175756 0.497360 0.834037 0.144526 0.515309 0.465484 1.025103 0.100000 0.966080 0.184606 0.925864 0.506929 0.691101 0.977162 1.405486 0.366783 0.279300 0.352542 1.079291 1.086833 1.084949 0.283688 0.100000 0.100000 0.311413 0.245488 0.427559 0.157244 0.100000 0.100000 0.598400 0.100000 0.418193 0.729610 0.454026 0.546286 0.700778 0.927835 0.100000 
0.100000 1.022707 0.292990 0.723514 0.322585 0.822370 1.191142 0.991620 0.671258 0.100000 1.453459 1.253829 1.360263 1.096402 0.587609 0.999982 1.108914 0.100000 0.116726 0.316197 0.378845 1.067260 0.100000 0.442597 0.100000 0.100000 0.265574 0.264735 0.327077 0.766527 0.376419 1.498066 0.225034 0.601418 0.100000 0.982993 0.341518 0.100000 0.100000 0.987058 0.193624 0.100000 0.928162 1.338166 0.341466 0.100000 0.594138 0.198479 0.100000 0.497774 0.100000 0.494124 0.100000 0.100000 0.100000 0.511353 0.429673 0.684911 0.883809 0.888872 0.510576 1.180044 0.100000 0.102892 0.100000 0.100000 0.100000 0.493218 0.664085 0.100000 1.046641 0.242484 0.100000 0.100000 0.232320 0.826490 0.121204 0.106004 0.100000 0.331305 0.100000 0.100000 0.100000 1.965996 0.176182 0.635489 0.732438 0.100000 1.021733 0.957565 
0.201960 0.487567 0.100000 0.894273 0.100000 0.227934 1.284420 0.480424 0.803605 0.100000 0.646400 0.100000 0.214697 0.200059 0.100000 0.100000 0.100000 0.100000 0.376622 0.440554 1.070523 0.160959 0.146614 0.125518 0.163529 0.195649 0.100000 0.117162 0.998015 1.171507 0.475465 0.322025 0.464979 0.100000 0.438007 0.222551 0.411810 0.100000 0.100000 0.100000 0.628895 0.818213 0.245569 0.942173 0.134306 0.100000 0.317209 0.599651 0.100000 0.406513 0.982811 0.691072 0.318561 0.100000 0.100000 0.719159 0.100000 0.737277 0.257437 0.552480 0.100000 0.488042 0.100000 0.140652 0.100000 0.273383 1.043410 0.100000 0.100000 0.100000 0.775388 0.100000 0.640246 0.100000 0.100000 0.452094 0.781051 0.212145 0.381953 0.100000 0.829452 0.581316 0.100000 0.695703 0.212587 0.100000 0.646934 0.177167 0.265813 0.430705 
0.663834 0.389227 0.100000 0.309724 0.100000 0.645789 0.925444 0.100000 0.889099 0.687564 1.106951 0.723632 0.520893 0.424441 0.219227 0.713435 0.153408 1.044741 0.915312 0.648002 1.069731 0.779936 0.212772 0.656619 0.190681 0.634170 0.195713 0.100000 0.309404 0.491614 0.684815 1.057404 0.941647 0.436413 0.192170 0.586399 0.866218 0.364371 0.100000 0.100000 0.670486 0.558087 0.100000 0.771082 0.245402 0.309904 0.672936 0.673644 0.819638 0.100000 0.421457 1.138589 1.153260 0.604631 0.315354 0.581460 0.165758 1.329293 0.100000 0.867851 0.100000 0.601617 0.100000 0.558526 0.120527 0.710273 0.100000 0.688495 0.892126 0.360091 0.798974 0.100000 0.778233 0.477175 0.100000 0.379151 0.673887 0.675880 1.013512 0.360127 0.100000 0.836366 0.288884 0.947047 0.961653 0.100000 0.321874 0.811415 0.310995 0.296652 
0.100000 0.118950 0.615007 0.939689 0.510647 0.715564 1.219838 0.358443 0.390736 0.940640 1.169243 0.981604 0.594316 0.384570 0.100000 0.341845 0.370135 0.100000 1.113506 0.238920 1.060787 0.418277 0.669212 0.100000 0.100000 0.519807 0.102149 0.100000 0.377485 0.754986 0.201723 1.445308 0.843134 0.362179 0.100000 0.657413 0.487587 0.259954 0.127616 0.100000 0.459174 0.100000 0.100000 0.703447 0.664927 0.112407 1.122276 0.834191 0.289018 0.731210 0.687174 0.486628 1.043102 0.160726 0.100000 0.100000 0.536856 0.807659 0.327772 1.336139 0.167558 0.997892 0.137405 0.883312 0.100000 0.341591 0.553206 0.712148 0.438719 0.817427 0.951647 0.440687 0.100000 0.211723 0.100000 0.416327 0.758142 0.100000 0.242281 0.648831 0.653885 0.924953 0.100000 0.885312 0.502691 0.207264 0.442078 0.593964 0.546222 0.563312 
0.936078 0.100000 0.100000 0.351681 0.861621 0.277910 1.626061 0.706695 0.649645 0.453226 0.965389 0.739947 0.133056 0.560091 0.100000 0.886102 0.100000 0.100000 0.625517 0.521717 1.338511 0.160531 0.307799 0.629654 0.254147 0.129226 0.411542 0.100000 0.343940 0.703037 0.512827 0.810391 0.382214 0.333980 0.569986 0.100000 1.083785 0.100000 0.100000 0.554765 0.928975 0.501272 0.667870 1.137624 0.296598 0.402869 1.028653 1.018367 0.363282 0.424827 0.370168 0.552600 0.314690 0.387259 0.100000 0.243395 0.137901 0.915976 0.567396 0.543154 0.657781 0.468536 1.019086 0.886391 0.621116 0.100000 1.209833 0.630988 0.798157 0.492426 1.167497 0.100000 0.554751 0.100000 0.683698 0.388552 0.390063 0.557682 1.069206 0.824510 0.771328 0.197142 0.124163 0.972510 0.441498 1.206339 0.492600 0.636558 0.573810 0.749711 
0.375766 0.338539 0.941344 0.127782 0.286692 0.319101 0.761951 0.100000 0.934243 1.300871 0.549333 0.100000 0.219669 1.171053 0.100000 0.375221 0.751094 0.100000 1.560156 0.100000 0.368910 0.525748 0.100000 0.100000 0.100000 0.611964 0.816820 0.100000 1.156000 0.900270 0.351073 0.435683 0.175003 0.546884 1.048187 0.434160 1.141089 0.100000 0.100000 0.100000 0.386563 0.100000 0.292926 0.349494 0.591362 0.543202 0.604831 0.100000 0.488549 0.680608 0.818209 0.479093 0.860013 0.209621 0.100000 0.299805 0.100000 0.392123 0.100000 0.100000 0.728163 0.638664 0.623035 0.777678 0.172950 0.263212 0.861542 0.100000 0.932452 0.100000 1.068830 0.100000 0.100000 0.100000 0.280859 0.737455 0.131272 0.100000 0.344891 0.504682 0.469327 0.818006 0.100000 1.159481 0.741264 0.100000 0.100000 0.285723 0.100000 0.573529 
0.120881 0.872787 0.332058 0.100000 0.330132 0.314714 1.082883 0.458921 0.296745 0.541077 1.040834 0.643722 0.275836 0.772575 0.174581 0.488722 0.647125 0.273405 0.675396 0.296849 1.011828 0.321028 0.185555 0.573444 0.289428 0.794450 0.802109 0.100000 0.787476 0.642398 0.428808 0.943272 0.334380 0.441789 0.413959 0.222342 0.429850 0.586745 0.296495 0.100000 0.532178 0.676546 0.930680 1.040704 1.168222 0.100000 0.930333 0.516085 0.761736 0.931959 0.806488 0.558336 0.780103 0.288220 0.300801 0.261046 0.120003 1.296454 0.385335 0.752340 0.100000 0.428948 0.551056 0.538210 0.153868 0.827223 0.100000 1.141107 0.590693 0.514768 0.822809 0.316870 0.100000 0.630986 0.377825 0.637402 0.509104 0.232812 0.857165 0.923775 0.721617 0.369529 0.317114 0.796351 0.915207 0.100000 1.060139 0.873502 0.472103 0.223919 
0.794750 0.770249 0.100000 0.363325 0.100000 0.954649 0.287509 0.223303 0.188960 0.100000 1.060416 0.422381 0.100000 0.226477 0.119274 0.925163 0.100000 0.100000 1.154051 0.865058 0.800964 0.613391 1.331487 1.219396 0.100000 0.729008 0.144721 0.100000 0.978074 0.100000 1.633410 0.338582 1.229608 0.456315 0.855292 0.279299 1.436412 0.176950 0.566118 0.302071 0.823053 0.100000 0.404120 0.623565 0.319705 0.268563 1.271995 0.100000 0.193267 0.100000 0.471549 0.927557 0.748465 1.122021 0.100000 0.100000 0.503262 0.973082 0.247880 0.444953 0.100000 0.840056 0.100000 0.866020 0.100000 0.165547 0.195855 0.574371 0.844905 0.587575 0.125626 0.215633 0.100000 0.447884 0.340993 0.274177 1.316396 1.205529 0.484996 1.059066 0.553549 0.228644 0.100000 0.786894 1.228022 0.952862 0.443184 0.100000 1.369146 0.557512 
0.765237 0.685614 0.161482 0.247804 0.302285 0.524734 1.078244 0.826352 0.806175 0.594219 1.148746 0.802332 0.560514 0.752108 0.495334 0.514891 0.613440 0.147913 0.537765 0.126928 0.823828 0.365176 0.393395 0.905428 0.100000 0.127250 0.245306 0.630896 1.018954 0.530223 1.184295 1.017100 0.546865 0.849982 0.100000 0.277452 0.444405 0.234871 0.100000 0.345727 0.630217 0.704657 0.643075 0.878060 0.955101 0.493688 0.805191 0.879565 0.236427 0.120597 0.664577 0.130144 0.109075 0.201834 0.137516 0.100000 0.422140 0.582572 0.451297 0.442193 0.100000 0.786445 0.189703 0.292654 0.522736 0.100000 0.604724 0.860652 0.635283 0.328694 0.244787 0.526257 0.153550 0.163918 0.327924 0.829842 0.771911 0.211453 1.177653 0.113490 0.967332 0.540588 0.946975 0.673933 1.148330 0.384087 0.417770 0.100000 0.714357 0.484524 
0.100000 0.623485 0.496395 0.468820 0.771749 0.465276 0.641753 0.100000 0.100000 1.274950 1.996136 0.545702 0.100000 1.521512 0.100000 0.100000 0.513026 0.100000 0.100000 0.708876 1.863439 0.816276 0.130677 0.181768 0.100000 0.570550 0.100000 0.218749 0.100000 0.843072 0.714761 0.697177 0.470565 0.676284 0.590203 0.713589 0.220752 0.476960 0.930658 0.100000 0.156550 0.662143 0.567864 1.164035 0.427798 0.181188 0.375564 1.168281 0.389842 0.522456 0.380078 0.559105 0.100000 0.100000 0.100000 0.400495 1.340189 1.223348 0.758782 0.625191 1.059102 0.233606 0.100000 0.912827 0.451537 0.172446 0.731759 1.075613 1.246326 0.240172 0.647182 0.757260 1.077614 0.458078 0.285904 1.182190 0.100000 0.135391 1.147722 0.915021 0.684702 0.248228 0.413693 0.740360 0.938223 0.100000 0.100000 0.265966 1.001629 0.670373 
0.289630 0.730178 0.766463 0.282688 0.100000 0.607035 1.020131 0.756804 0.576928 0.207792 0.800070 0.642910 0.127731 0.662062 0.100000 0.663148 0.100000 0.100000 0.100000 0.100000 0.495437 0.132053 0.743449 0.100000 0.344055 0.251322 0.401412 0.100000 0.301274 0.510878 0.446786 0.315653 0.546088 1.066809 0.100000 0.100000 0.100000 1.006142 0.276563 0.100000 0.216107 0.819580 0.242567 0.100000 0.208707 0.100000 0.574241 0.150397 0.559728 0.100000 0.369437 0.744136 0.505127 0.100000 0.100000 0.489393 0.559002 0.758602 0.259452 0.268821 0.122002 0.759672 0.100000 0.473107 0.518941 0.100000 0.201325 0.976514 0.558606 0.482918 0.685447 0.472652 0.292880 0.100000 0.315938 0.335826 0.329733 0.100000 0.157175 0.345035 0.100000 0.702174 0.552661 0.629635 0.225076 0.430053 0.337355 0.100000 0.588908 0.100000 
0.266523 0.831999 0.100000 0.100000 1.121791 0.572998 1.289710 0.100000 0.794418 0.667373 1.092737 1.072558 0.100000 0.721800 0.485481 0.412502 0.419710 0.285512 0.519018 0.873018 1.195001 0.297664 0.363127 0.100000 0.100000 0.100000 0.509150 0.100000 1.001084 0.310555 1.089059 0.851949 0.679650 0.193922 0.100000 0.622579 0.469112 0.410660 0.552153 0.100000 0.144131 0.299334 0.539665 0.963041 0.563323 0.100000 0.580261 1.010660 0.590961 0.156942 0.593928 1.378744 0.427961 0.152573 0.100000 0.506306 0.192119 1.337879 0.856377 0.464237 0.175882 0.666465 0.368337 0.858187 0.435224 0.211355 0.257026 1.113548 0.649345 0.386021 0.882732 0.100000 0.286233 0.137883 1.017282 0.932276 0.584562 0.599183 0.395144 0.557484 0.854665 0.615435 0.272242 0.870677 0.440580 0.330315 0.107607 0.369791 0.229148 0.100000 
0.605404 0.609838 0.199302 0.209971 0.100000 0.984662 0.895220 0.653523 1.217767 0.100000 0.458842 0.908318 0.100000 0.745529 0.129602 0.682989 0.100000 1.207403 0.156967 0.780590 1.282141 0.138899 0.819904 0.100000 0.193256 0.505285 0.357407 0.530965 0.396744 0.549758 0.700489 1.032464 0.591379 0.560253 0.100000 0.528828 0.463470 0.704201 0.146731 0.384223 1.001526 0.100000 0.307408 0.572917 0.449054 0.439929 0.183583 0.343672 1.113188 0.693345 0.538205 0.391585 0.152039 0.608794 0.100000 0.113280 0.348494 0.949745 0.160606 1.166295 0.100000 0.382033 0.357692 1.077191 0.383408 0.493809 0.401966 0.650688 0.453848 0.807035 1.039898 0.316870 0.100000 0.100000 0.210095 0.100000 0.332141 0.382161 0.533794 0.483290 0.729290 0.108155 0.321010 0.980977 0.410480 0.399332 0.100000 0.631133 0.944476 0.494477 
0.704956 0.356521 0.100000 1.191806 0.109973 1.155043 1.260510 0.532825 0.347512 0.100000 0.462417 0.271480 0.601469 0.411429 0.482364 0.100000 0.515870 0.100000 0.100000 0.778504 0.692229 0.656212 0.801824 0.100000 0.100000 0.832887 0.794604 0.176524 0.330514 0.495827 1.016339 0.758228 0.100000 0.100000 1.547956 0.100000 0.544977 0.100000 0.662271 0.100000 1.854166 0.793910 0.477202 1.387945 0.249410 0.100000 0.485558 0.100000 0.100000 0.100000 0.900990 1.345473 0.355165 0.100000 0.200965 0.388683 0.684854 0.747286 0.682956 0.158347 0.100000 0.408267 0.100000 0.630361 0.584609 0.224726 0.100000 0.225321 0.100000 0.135245 1.186126 0.100000 0.201036 0.100000 0.100000 0.682322 0.100000 0.100000 0.559130 0.155999 0.174579 0.741393 0.188263 0.653822 1.147230 0.100000 0.565324 0.175664 0.931614 0.777145 
0.457346 0.543005 0.602521 0.403366 0.569494 0.632459 1.249112 0.651605 0.497539 0.422278 1.010411 0.446886 0.367536 1.001956 0.864977 0.685574 0.288706 0.242385 0.530784 0.294644 1.074101 0.845444 0.744583 0.670729 0.523963 0.446778 0.863948 0.169039 0.618750 1.112356 1.404678 0.857732 0.683404 0.286436 0.365852 0.607024 0.720823 0.955141 0.598525 0.100000 0.485524 0.705815 0.846292 0.100000 0.521577 0.347974 0.449088 0.100000 0.255232 0.906292 1.058950 0.952656 0.459425 0.872870 0.402858 0.548794 0.685017 0.222222 0.458166 0.864094 0.507659 1.103697 0.553264 0.715677 0.490369 0.100000 0.827454 0.680168 0.676856 0.100000 0.874063 0.100000 0.601335 0.385652 0.507303 0.399789 0.146268 0.388283 0.666885 0.749893 0.784601 0.561046 0.451819 1.090981 1.192441 0.598716 0.940149 0.449593 0.586940 0.330222 
0.144848 0.390257 0.271878 0.100000 0.100000 0.100000 0.569888 0.739226 0.342679 0.613031 1.091338 0.596832 0.100000 0.593326 0.100000 0.134657 0.121466 0.263436 0.761712 0.805990 0.572967 0.548682 0.650070 0.282637 0.100000 0.379931 0.472111 0.317327 0.357954 0.494362 0.271101 0.100000 0.342741 0.100000 0.100000 0.695968 0.643546 0.219332 0.282309 0.100000 0.637688 0.100000 0.766442 1.108945 0.276198 0.117350 0.746204 0.593769 0.904775 0.100000 0.392353 0.555163 0.446924 0.100000 0.100000 0.232282 0.250800 0.100000 0.706628 0.845515 0.100000 0.100000 0.100000 0.349055 0.193753 0.379467 0.518285 0.711751 0.752714 0.352450 1.032377 0.680281 0.100000 0.100000 0.482381 0.631156 0.468036 0.100000 0.515356 0.298514 0.100000 0.142720 0.372131 0.463729 0.645570 0.100000 0.126092 0.100000 0.100000 0.172266 
0.392456 0.805002 0.100000 0.870696 0.151982 0.522129 1.228294 0.966941 0.715693 0.441444 0.455821 0.778942 0.134944 1.072736 0.100000 0.897841 0.365174 0.869986 0.536190 0.338935 1.023130 0.451365 0.728124 0.251502 0.515268 0.263439 0.676108 0.100000 0.488803 1.162034 1.043526 0.753825 0.100000 0.353653 0.290763 0.687874 0.109504 0.100000 0.283517 0.270038 0.747417 0.100000 0.100000 1.083151 0.386545 0.690731 0.100000 0.382750 0.789465 0.933628 1.268529 0.456990 0.549323 0.456270 0.437093 0.735846 0.666364 0.561648 0.620415 0.995534 0.343842 1.142419 0.587592 0.908265 0.100000 0.173238 0.217910 1.014867 0.776193 0.236864 0.487918 0.100000 0.100000 0.100000 0.501767 0.261927 0.637694 0.403803 0.667435 1.069236 0.605326 0.858185 0.359331 0.953478 1.281436 0.384893 0.331457 0.100000 0.860580 0.178531 
0.384894 0.844753 0.100000 0.293362 0.917182 1.133678 1.204246 0.595692 0.926127 0.931865 0.752580 0.100000 0.829158 0.189994 0.237455 0.898859 0.100000 0.290075 0.680927 0.428420 1.965477 0.100000 0.661740 0.741510 0.100000 0.738543 0.263638 0.678565 0.156771 0.655749 0.100000 0.326498 0.100000 0.511806 0.100000 0.660318 0.100000 0.879667 0.167043 0.100000 0.311133 1.052946 0.209490 1.052624 0.128956 1.647283 0.598596 0.986338 0.100000 0.466247 1.036061 0.354302 0.739126 0.100000 0.100000 0.100000 0.389038 1.180083 0.164483 1.213672 0.691418 0.100000 0.834584 1.155905 0.412527 0.631621 0.735855 0.580215 1.627918 0.100000 1.148241 0.283194 0.316787 0.197229 0.571894 0.100000 0.634514 0.738193 1.090706 0.502485 0.100000 0.899259 0.100000 0.953117 0.148710 1.241157 0.678731 1.033986 0.479805 1.197265 
1.200414 0.356226 0.471582 0.353113 0.531537 0.100000 0.294067 0.100000 0.746979 0.460462 0.246948 0.100000 0.432456 0.731443 0.100000 0.401835 0.100000 1.011559 1.317746 0.789169 1.481748 0.629809 0.381484 0.248112 0.871776 0.100000 0.551591 0.262997 0.100000 0.667638 0.450775 0.693337 0.149738 0.100000 0.100000 0.466979 1.553163 0.364557 0.100000 1.145699 0.108912 0.998534 1.029223 1.150507 0.100000 0.704550 0.190901 0.585738 0.227729 0.911971 0.100000 0.292257 1.200890 1.357678 0.100000 1.196584 0.761461 1.034216 0.255635 0.171963 0.100000 0.535789 0.100000 0.855911 0.537201 0.156330 0.525670 0.848827 0.154588 0.606195 1.049380 0.532344 0.100000 0.387240 0.914124 1.481169 0.100000 0.145742 0.533363 0.950732 0.100000 0.100000 0.100000 1.339624 0.100000 0.100000 0.745991 0.550163 1.007677 0.480686 
0.100000 0.985686 0.542496 0.100000 0.279617 0.839651 1.105259 0.100000 0.583074 0.808276 0.924535 0.100000 0.100000 1.135525 0.100000 0.100000 0.347004 0.844713 1.058754 0.215247 0.785530 0.977291 0.915554 0.415423 0.495848 0.717053 0.155785 0.100000 1.076244 0.100000 0.100000 1.255614 0.100000 0.595820 0.100000 1.643429 0.706494 0.755925 1.745648 0.100000 0.817102 0.948945 0.100000 0.100000 1.005626 0.657704 0.137402 0.216216 0.100000 0.658508 0.189594 1.386217 0.100000 0.332481 0.100000 0.868754 0.311088 0.148004 0.373925 0.987219 0.235055 1.029784 0.100000 0.100000 0.587037 0.100000 0.100000 1.374352 0.186533 0.118894 0.763146 0.100000 0.140287 0.611438 0.379301 1.091839 0.838652 0.287914 1.317106 0.208094 0.991375 1.426974 0.100000 1.168808 0.937858 0.605086 0.801793 0.309936 0.231815 0.906594 
0.649335 0.622824 0.253430 0.100000 0.233663 0.255478 0.388539 0.100000 0.636718 0.239850 0.460405 0.100000 0.100000 0.552254 0.252957 0.588673 0.100000 0.129012 0.125615 0.128442 0.763355 0.555374 0.657537 0.100000 0.100000 0.687654 0.100000 0.156884 1.009776 0.147394 0.728047 0.651984 0.147769 0.100000 0.100000 0.100000 0.121429 0.370808 0.100000 0.232080 0.501586 0.558042 0.332027 0.430991 0.581318 0.100000 0.100000 0.711626 0.112143 0.100000 0.100000 0.179970 0.198861 0.198210 0.100000 0.442654 0.197455 0.725790 0.500190 0.521959 0.243051 0.628017 0.100000 0.727697 0.384107 0.367961 0.495943 0.100000 0.831226 0.100000 0.135384 0.154906 0.100000 0.100000 0.279398 0.527455 0.277198 0.797661 0.404904 0.362525 0.601419 0.195936 0.100000 0.709143 0.676034 0.183312 0.509429 0.413109 0.154382 0.205420 
0.728430 0.252696 0.497387 0.812709 0.628131 0.247540 1.206106 0.562008 0.325481 0.100000 0.654294 1.143683 0.299211 0.144952 0.458293 0.189859 0.193692 0.100000 0.100000 0.768410 1.462915 0.363453 0.502100 0.100000 0.100000 0.434388 0.896113 0.100000 0.100000 0.933701 0.100000 0.110471 1.390727 0.444430 0.100000 0.141101 0.763330 0.487292 0.100000 0.729011 0.112074 0.168840 0.135968 1.126377 0.615314 1.073222 0.431326 0.751023 0.100000 1.935243 2.038966 0.956724 0.823241 0.100000 0.100000 0.660380 0.933296 1.087824 0.100000 1.306830 0.561389 0.473597 0.100000 0.785822 0.100000 0.584878 0.441204 0.100000 0.100000 0.295126 0.826603 0.100000 0.537774 0.100000 0.100000 0.100000 0.620165 0.655228 0.100000 0.727582 0.100000 0.100000 0.100000 1.148992 1.422715 0.490649 0.100000 0.578113 1.042692 0.100000 
0.446744 0.432113 0.779664 0.100000 0.476419 0.666410 1.071073 0.404444 0.100000 0.698889 1.417226 0.100000 0.569358 1.241175 0.100000 1.596539 1.173145 0.100000 0.100000 0.493476 0.100000 0.128960 0.980731 0.542962 0.626558 0.100000 0.281241 0.100000 0.523938 0.356800 0.100000 1.389461 1.092348 0.100000 0.372826 0.832963 0.232476 0.366743 0.457487 0.100000 0.755179 0.100000 0.269329 0.835557 0.214349 0.610280 0.946657 0.796000 0.451679 0.265383 0.273480 0.552697 1.004955 1.097538 0.305624 0.252836 0.125771 0.491731 0.159703 0.161362 0.194784 0.142749 0.100000 0.566974 0.100000 0.292139 0.271983 1.199198 1.001353 0.362288 1.064355 0.745156 0.157161 0.100000 0.753521 0.455238 0.350080 0.100000 0.883527 0.926125 0.248422 0.486526 0.100000 1.851758 0.828233 0.100000 0.100000 0.100000 0.225486 0.718378 
0.423977 0.652522 0.284175 0.100000 0.696274 0.290349 0.624489 0.864242 0.373163 0.923679 1.449078 1.419944 0.230987 0.700302 0.226731 1.189863 0.433956 0.634226 0.528431 0.100000 0.689087 0.669595 0.953663 0.389330 0.100000 0.399678 0.461499 0.372702 1.047382 0.567439 0.447548 1.106229 0.234932 0.427386 0.100000 0.613806 0.320590 0.114987 0.100000 0.100000 0.870019 0.862682 0.609639 0.563590 0.543719 0.268633 0.985683 0.515431 0.729079 0.584694 0.173461 0.610198 0.100000 0.548600 0.281918 0.100000 0.227691 1.154933 0.927645 0.601026 0.100000 0.485222 0.292326 0.644031 0.100000 0.478751 1.167833 0.800360 1.347401 0.537082 0.758175 0.100000 0.364624 0.441815 0.241939 0.755102 0.854207 0.768456 0.831877 0.772524 1.499069 0.341091 0.630559 1.183234 1.052736 0.618794 0.315049 0.676093 0.282740 0.466777 
0.200868 0.100000 0.100000 0.100000 0.100000 0.269126 0.871124 0.100000 0.584735 0.212317 0.891715 0.100000 0.100000 0.242171 0.100000 0.100000 0.100000 0.241676 0.256947 0.291274 1.108296 0.100000 0.612147 0.100000 0.315464 0.145730 0.100000 0.100000 0.354637 0.602597 0.496504 0.983200 0.224828 0.228546 0.100000 0.100000 0.668560 0.430053 0.100000 0.299741 0.230163 0.211144 0.487676 0.512519 0.478112 0.100000 0.453392 0.269189 0.100000 0.687424 0.268635 0.439771 0.549828 0.414347 0.100000 0.100000 0.484133 0.480202 0.139170 0.596413 0.191296 1.156050 0.438984 0.734079 0.100000 0.268919 0.596396 0.120865 0.234005 0.140900 0.902225 0.118926 0.100000 0.100000 0.325689 0.522127 0.372888 0.379150 0.663842 0.301840 0.538686 0.605861 0.296331 0.853055 0.358732 0.204150 0.270709 0.100000 0.574385 0.279557 
0.100000 0.737242 0.100000 0.414373 0.100000 0.100000 1.204081 0.640730 0.720936 0.802534 1.087136 0.100000 0.100000 0.100000 0.100000 0.100000 0.100000 0.100000 0.333459 0.220350 0.865319 0.100000 0.690770 0.224768 0.100000 0.317011 0.100000 0.498116 0.329116 0.644418 0.713909 0.441959 0.438602 0.191982 0.100000 0.460729 0.558397 0.275440 0.755612 0.100000 0.100000 0.449635 0.434205 1.043013 0.272152 0.100000 0.723891 0.253840 0.100000 0.402583 0.777902 0.444678 0.100000 0.100000 0.486464 0.919165 0.285995 0.864007 0.131966 0.522532 0.100000 0.467639 0.100000 0.477911 0.380333 0.100000 0.100000 0.478098 0.617029 1.040871 0.973323 0.100000 0.100000 0.100000 0.392629 0.100687 0.143980 0.100000 0.782978 0.200063 0.100000 0.100000 0.164275 0.776951 0.776596 0.100000 0.271788 0.100000 0.918356 0.100000 
