68 Number of operations
29 Number of workers
Standard production times
0.436826 0.198809 0.331604 0.391055 0.455688 0.283821 0.369697 0.170513 0.277800 0.162097 0.574453 0.396892 0.633336 0.100000 0.551241 0.100000 0.330241 0.100000 0.539262 0.512992 0.495972 0.340811 0.315938 0.228077 0.318417 0.649516 0.100000 0.100000 0.538062 0.585624 0.717307 0.480261 0.146062 0.493841 0.660772 0.646257 0.445896 0.454722 0.266643 0.360484 0.497204 0.572092 0.100000 0.238532 0.100000 0.618461 0.282133 0.597837 0.392383 0.644536 0.657231 0.431644 0.169275 0.413947 0.588501 0.278597 0.308175 0.396599 0.569202 0.402256 0.238324 0.288863 0.302463 0.464080 0.450278 0.274325 0.171269 0.118233 
Production times: workers row and ops columns
0.802435 0.509172 0.169948 0.518862 0.792054 0.377675 0.446633 0.715548 0.100000 0.191760 0.760633 0.738133 0.655186 0.100000 0.904828 0.587133 0.100000 0.150339 0.750801 0.650190 0.373952 0.407508 0.430936 0.497228 0.317669 0.852553 0.461924 0.100000 0.548649 0.907637 1.120995 0.316827 0.391395 0.338928 0.908755 0.968682 0.949639 0.303787 0.240837 0.216864 0.896178 0.608354 0.100000 0.176473 0.399021 0.560980 0.100000 0.652518 0.499719 0.751114 0.730776 0.493657 0.354740 0.595353 0.347463 0.100000 0.810977 0.100000 1.126452 0.560018 0.108085 0.757213 0.434894 0.636624 0.599987 0.100000 0.659411 0.221478 
0.417110 0.100000 0.100000 0.344488 0.492388 0.100000 0.319717 0.100000 1.189166 0.792135 1.275558 0.100000 0.388851 0.100000 0.326219 0.293762 0.100000 0.100000 0.513780 0.511946 0.476120 0.100000 0.559286 0.100000 0.498145 1.328307 0.100000 0.883596 0.498729 0.291038 1.360875 0.100000 0.100000 0.250386 0.367033 1.038594 0.779943 0.386008 0.100000 0.136843 0.788362 1.449128 0.100000 0.296020 0.511576 0.112191 0.206013 0.435272 1.255343 0.578069 0.372362 1.533157 0.100000 0.544726 0.784707 0.687689 1.272457 0.100000 1.316663 0.296461 0.249022 0.100000 0.100000 0.100000 0.314310 0.629917 0.224977 0.100000 
0.805732 0.100000 0.257604 0.100000 0.100000 0.100000 0.356752 0.277187 0.246920 0.112544 0.553026 0.250138 0.539042 0.339974 0.158245 0.100000 0.100000 0.157923 0.118895 0.442010 0.448666 0.100000 0.829874 0.100000 0.285154 0.337973 0.556203 0.284208 1.105885 0.988283 0.575115 0.704299 0.620097 0.498978 0.518706 0.292591 0.371737 0.100000 0.542588 0.341958 0.693510 0.462033 0.437824 0.100000 0.632341 0.787878 0.239646 0.467660 0.129894 0.668168 0.602086 0.335031 0.100000 0.244876 0.627990 0.647235 0.319198 0.802665 0.416244 0.453757 0.100000 0.218874 0.100000 0.788994 0.291793 0.102122 0.172074 0.536650 
0.100000 1.264614 0.100000 0.551258 0.385293 0.674036 0.100000 0.419668 0.100000 0.100000 0.430299 0.365136 0.132940 0.343135 1.363420 0.801606 0.100000 0.613239 1.040192 0.105300 0.100000 0.169100 0.144830 0.546406 0.435463 0.620603 0.957518 0.100000 0.938929 0.500691 0.637982 1.382011 0.100000 0.146828 0.100000 0.606516 0.100000 0.541490 1.924778 0.100000 1.080110 0.983935 0.100000 1.047101 0.629962 0.555963 0.952519 0.211398 0.100000 0.878359 1.409687 0.931015 0.100000 0.592539 0.174936 0.234519 0.100000 0.173511 0.712742 0.454292 0.100000 0.936585 0.100000 0.468983 0.726033 0.100000 0.700161 0.275684 
0.505167 0.403204 0.154658 1.127536 0.100000 0.422012 0.487372 0.338760 0.507727 0.100000 0.584538 0.507639 0.585851 0.685612 1.072005 0.100000 0.492598 0.114107 0.406037 0.612344 0.477864 0.793138 0.348103 0.402581 0.606066 0.924907 0.160924 0.100000 0.622615 1.131934 0.721674 0.871279 0.100000 0.761182 0.841713 0.827890 0.100000 0.761254 0.687122 0.100000 0.606407 0.345556 0.100000 0.100000 0.478732 0.570019 0.222084 0.500776 0.839947 0.669359 0.748492 0.810234 0.581849 0.447195 1.453379 0.826436 0.217251 0.564411 0.906469 0.520258 0.100000 0.575126 0.552067 0.648628 0.380652 0.418720 0.470758 0.307114 
0.566926 0.100000 0.170816 0.655855 0.856248 0.132699 0.785148 0.503176 0.711825 0.443353 0.728093 0.150199 0.731151 0.100000 0.621789 0.564970 0.117018 0.100000 0.869599 0.553737 0.441630 0.100000 0.703621 0.634737 0.377111 1.356992 0.553119 0.100000 0.631926 0.630649 1.064869 0.260753 0.103302 1.204993 0.801088 0.484616 0.873411 0.987318 0.541325 0.349723 0.786645 0.532346 0.100000 0.310197 0.332533 1.109371 0.450981 0.783364 0.185563 0.662089 0.559582 0.604795 0.102660 0.304415 1.189081 0.126974 0.468398 0.100000 0.588367 0.299051 0.538401 0.143444 0.414655 0.513731 0.563825 0.951738 0.100000 0.100000 
0.613614 0.356003 0.150948 0.881831 0.548289 0.594129 0.646527 0.100000 0.601630 0.100000 0.410147 0.799847 1.269363 0.100000 0.748586 0.815365 0.231853 0.100000 0.515239 1.174605 0.886122 0.784138 0.190171 0.246788 0.100000 1.161015 0.100000 0.253501 0.566364 0.352387 0.585664 0.682828 0.406160 0.718892 1.109465 0.987404 0.438602 0.484526 0.125876 0.350619 1.040215 0.530412 0.416603 0.205285 0.100000 0.667404 0.124582 1.293915 0.552161 0.125169 0.880391 0.472161 0.160839 0.141112 0.321949 0.387824 0.748088 0.653029 0.656358 0.510375 0.161204 0.728060 0.462606 0.905587 0.600869 0.287494 0.100000 0.863677 
0.100000 1.216780 0.100000 0.100000 0.415826 0.724409 0.100000 0.678586 0.100000 0.100000 0.838238 0.100000 0.393825 0.100000 0.100000 0.653710 0.100000 0.100000 0.610618 0.304574 0.850637 0.277827 0.319160 0.100000 0.100000 0.101784 0.132150 0.295417 1.160970 0.100000 0.460298 0.100000 0.482725 1.397788 1.034402 1.149856 0.100000 0.772685 0.457273 1.063674 0.380421 0.448640 0.212667 0.266989 0.100000 0.967353 0.100000 0.924991 0.100000 1.542538 0.665997 0.180852 0.609207 0.421968 0.100000 0.822389 0.100000 0.768266 1.118034 1.236259 0.100000 0.474100 0.464811 1.370784 0.100000 0.401438 0.222879 0.510893 
0.774442 0.100000 1.039587 0.764333 1.080094 0.400575 0.735969 0.388165 0.743113 0.696256 0.337856 0.607216 0.749017 0.550735 0.975445 0.588332 0.459760 0.135597 0.953032 0.451370 0.461148 0.159027 0.772649 0.100000 0.100000 0.547461 0.235927 0.269135 0.656262 0.722955 0.246000 0.904802 0.133042 0.540458 0.778008 0.100000 0.826645 0.628250 0.100000 0.766954 0.627213 1.033392 0.610227 0.528960 0.499907 0.377436 0.632828 0.313933 0.731269 0.548268 0.856357 0.498774 0.432796 0.264753 1.520492 0.716126 0.637195 0.364446 0.693703 0.983089 0.589757 0.390651 0.139256 0.603540 0.628382 0.259540 1.059333 0.579415 
0.423031 0.282817 0.288595 0.857139 0.100000 0.100000 0.426661 0.102097 0.373478 0.376493 0.607111 0.676692 1.121693 0.194487 0.265142 0.516585 1.084927 0.100000 0.255269 0.486864 0.816937 0.188020 0.241237 0.167239 0.415262 0.826359 0.112203 0.100000 0.698616 0.976722 0.858442 0.613921 0.100000 0.608799 0.400418 0.977545 0.612512 0.728059 0.392263 0.464378 1.134600 1.038190 0.100000 0.182008 0.257605 0.986921 0.100000 0.356674 0.363783 0.610794 0.388451 0.821010 0.532536 0.374236 1.051502 0.284387 0.568494 0.781117 0.715231 0.369201 0.100000 0.231721 1.028991 0.635962 0.121439 0.100000 0.105831 0.100000 
0.572056 0.233778 0.471277 0.100000 1.190533 0.579645 0.100000 0.100000 0.679016 0.100000 0.744721 0.586790 0.234436 0.100000 1.056104 0.100000 0.718563 0.100000 0.621481 1.235089 0.222116 0.100000 1.129030 0.460485 0.600537 0.100000 0.222949 0.316327 0.101686 0.248555 0.602975 0.894844 0.278998 0.100000 0.100000 0.597971 0.425211 0.881205 0.489896 0.253148 1.467270 0.494898 0.100000 0.100000 0.254610 0.679612 0.100000 0.432346 0.622790 0.100000 0.475296 0.381036 0.100000 0.100000 0.100000 0.100000 1.268760 0.801456 0.384784 0.931726 0.156781 0.589163 0.100000 0.100000 0.840126 0.708227 0.100000 0.100000 
0.483134 0.207750 0.365027 0.322241 0.712131 0.100000 0.446188 0.774501 0.100000 0.189891 0.973047 0.619627 1.110818 0.100000 0.800228 0.156653 0.690318 0.271103 0.418032 0.675869 0.838067 0.100000 0.488785 0.521224 0.823715 0.375508 0.280731 0.222678 0.738443 0.655607 1.179394 0.922403 0.100000 0.195950 1.072973 0.511069 0.278936 0.458262 0.239957 0.354869 0.510365 0.820892 0.407073 0.100000 0.483534 0.532548 0.625341 1.205797 0.100000 0.612311 1.286941 0.380603 0.590546 0.820981 0.209333 0.523760 0.464008 0.100000 0.937994 0.236960 0.568991 0.670347 0.650098 0.645373 0.100000 0.500424 0.165385 0.148801 
0.941343 0.478422 0.136006 0.579721 0.870480 0.648591 0.699946 0.100000 0.428951 0.100000 0.820642 0.847678 0.952399 0.133768 0.841710 0.256368 1.078687 0.154988 0.498017 0.657988 0.956796 0.721219 0.461301 0.819235 0.835978 0.544383 0.324869 0.589988 0.891598 0.820062 1.130841 0.450969 0.504233 0.579693 0.996559 1.193156 0.548693 0.676620 0.409853 0.100000 0.694807 0.645841 0.330647 0.100000 0.100000 0.767240 0.591105 1.212648 0.669389 0.719088 0.840848 0.281772 0.261329 0.100000 1.121672 0.100000 0.926338 0.449786 0.377934 0.127048 0.838701 0.605296 0.248189 0.621989 0.567507 0.229233 0.204793 0.100000 
0.580986 0.902768 0.727519 0.467549 1.149125 0.806781 0.100000 0.100000 0.100000 0.990544 0.100000 0.100000 0.612540 0.100000 0.510844 0.100000 0.271451 0.370601 0.225198 1.093663 0.359137 0.100000 0.238237 0.962749 0.494737 0.100000 0.100000 0.100000 0.100000 0.247791 0.129207 0.544676 0.100000 0.916813 0.495220 0.390967 0.243129 0.100000 0.100000 0.855444 0.803049 0.777110 0.100000 1.629451 0.100000 0.100000 0.100000 0.518048 0.409860 1.017291 0.428525 1.376969 0.100000 0.761068 0.498783 0.100000 0.100000 0.409209 1.052457 0.100000 0.345047 0.100000 0.481547 0.100000 0.637321 0.100000 0.660490 0.591261 
0.662343 0.613596 0.727197 0.576641 0.308389 0.153533 0.755529 0.892096 0.698319 0.302039 0.744716 0.100000 1.147603 0.100000 0.535743 0.180265 0.435038 0.642531 0.183574 0.389590 0.693139 0.725426 0.350932 0.100000 0.689390 0.727755 0.659052 0.100000 0.904888 0.303910 0.786091 0.100000 0.926589 0.351455 0.456966 0.577919 0.993193 0.660556 0.501029 0.426464 0.100000 0.353126 0.331127 0.306920 0.463625 0.273947 0.492939 0.704608 0.827914 0.579847 0.951460 0.259959 0.100000 0.345380 0.563854 0.255355 0.381067 0.757673 0.960768 0.330081 0.938256 0.516738 0.141093 0.377922 0.428786 0.104370 0.798077 0.100000 
0.100000 0.100000 0.298739 0.111683 0.225178 0.431011 0.547184 0.318146 0.100000 0.455809 0.850269 0.294834 0.589383 0.552440 0.727735 0.100000 0.709703 0.100000 0.656903 0.393426 0.617208 0.557397 0.629349 0.436802 0.745626 0.561357 0.100000 0.100000 0.632281 0.794675 0.383936 0.698996 0.100000 0.702416 0.993787 0.641138 0.428813 0.384440 0.388560 0.772500 0.100000 0.450663 0.100000 0.183725 0.204567 0.100000 0.447719 0.581758 0.410512 0.999707 0.671841 0.237849 0.169402 1.004804 0.817932 0.286599 0.220933 0.505359 1.110266 0.100000 0.100000 0.196793 0.100000 0.246799 0.587743 0.372491 0.294171 0.463851 
1.010116 0.435753 0.538891 0.100000 0.100000 0.306282 0.331738 0.308481 0.100000 0.189320 0.100000 0.877147 0.547192 0.207161 0.782293 0.400225 0.100000 0.702039 1.525162 0.250062 0.192013 0.254474 0.836049 0.736862 0.100000 0.298041 0.100000 0.473937 0.254994 0.100000 0.164158 1.764537 0.100000 0.119584 0.114813 0.652825 0.309320 0.685232 0.108873 0.185779 1.266649 0.361697 0.678369 0.450094 0.812808 2.044746 0.240328 0.670327 0.100000 0.700351 0.100000 0.100000 0.446664 1.217101 0.100000 1.533318 0.453599 0.347523 1.265572 0.880348 0.948615 0.100000 0.100000 0.100000 0.100000 0.346528 0.100000 0.371510 
0.763023 0.290734 0.752533 0.100000 0.366542 0.929540 0.514924 0.100000 0.259999 0.656107 0.345030 0.747358 0.911553 0.155570 1.095435 0.100000 0.238032 0.100000 0.509183 0.577154 0.791598 0.327357 0.210064 0.837282 0.412174 0.800423 0.655710 0.377787 1.059965 0.874844 0.732691 1.446262 0.541573 0.558380 0.754220 0.773217 0.848287 0.260603 0.521573 0.100000 0.529487 0.645000 0.100000 0.100000 0.246420 0.100000 0.489960 0.433382 0.393571 1.196299 0.440011 0.501827 0.100000 0.463453 0.557959 0.100000 0.920625 0.579626 0.276546 0.532792 0.159442 0.100000 0.100000 0.944125 0.784520 0.313790 0.434714 0.282566 
0.689242 0.100000 0.100000 0.417028 0.855500 0.273287 0.960121 0.100000 0.100000 0.543541 0.318355 1.012077 0.700262 0.170889 0.781647 0.115590 0.555607 0.100000 0.750834 0.530198 0.421557 0.351049 0.100000 0.418494 0.478342 0.558724 0.309120 0.497981 0.519470 0.941637 1.084257 0.100000 0.100000 0.288596 0.414241 0.720372 0.526525 0.582886 0.363051 0.278021 0.780954 1.288412 0.100000 0.878278 0.315798 1.056417 0.449010 0.646780 0.427598 0.545559 0.859243 0.555960 0.100000 0.345029 0.999597 0.536896 0.444341 0.100000 0.821479 1.009748 0.296666 0.440716 0.654904 0.447625 0.783965 0.391742 0.643241 0.373213 
0.519023 0.100000 0.100000 0.431127 1.178905 0.228763 0.489790 0.498607 0.306560 0.100000 0.350609 0.237483 0.176054 0.100000 0.564979 0.631143 0.320246 0.410811 0.363784 0.704063 0.794373 0.260762 0.100000 0.574536 0.319979 0.782556 0.218517 0.100000 0.877986 0.774025 0.723668 0.547723 0.706699 0.557894 0.962822 0.930587 0.767284 0.834922 0.434747 0.296307 0.596181 0.860278 0.386374 0.222861 0.293105 1.181158 0.370160 0.625424 0.946742 0.558134 0.755555 0.714568 0.910848 0.118177 1.227357 0.646962 0.293313 0.100000 0.749882 0.886016 0.100000 0.298227 0.441379 0.826682 0.841990 0.703859 0.100000 0.289208 
0.100000 0.100000 0.332952 0.306729 0.597337 0.100000 0.147283 0.100000 0.382934 0.100000 0.625332 0.960502 0.100000 0.100000 0.100000 0.309252 0.100000 1.224833 1.140797 0.739333 0.100000 0.333836 1.460315 0.100000 0.555377 0.449742 0.100000 0.284555 0.906441 0.982109 0.948635 1.769697 0.100000 0.490043 1.421586 0.100000 0.874816 0.611863 0.100000 1.330866 0.100000 0.651944 0.241968 0.734266 0.645933 1.345875 0.738565 0.422606 0.347747 0.986826 0.977886 0.100000 0.319840 0.254391 0.925572 0.100000 0.100000 0.100000 0.863279 0.297360 0.100000 0.100000 0.943647 0.100000 0.100000 0.100000 0.100000 1.188367 
0.463146 0.653836 0.246277 0.100000 0.519809 0.421343 0.208771 0.100000 0.100000 0.100000 0.431335 0.136930 0.951516 0.100000 0.340426 0.159487 0.620355 0.155303 0.447427 0.593549 0.343366 0.176361 0.717860 0.387389 0.100000 0.282346 0.225936 0.294630 0.543677 0.765022 0.567801 1.001222 0.511908 0.100000 0.153894 0.694418 0.131597 0.282096 0.100000 0.386072 0.507320 0.471281 0.100000 0.271001 0.170403 0.794208 0.100000 1.005153 0.409951 0.511328 0.390209 0.598221 0.622464 0.477337 0.100000 0.506045 0.258778 0.195347 0.246140 0.730625 0.436753 0.477335 0.118521 0.624674 0.857313 0.464759 0.472717 0.100000 
0.129821 0.100000 0.100000 0.100000 0.579032 0.202456 1.041330 0.412709 0.100000 0.197001 0.100000 0.256328 1.064055 0.100000 1.575262 0.100000 0.171327 0.100000 1.123140 0.517841 0.888098 0.103228 0.480287 0.100000 0.100000 0.148739 0.100000 0.432062 0.544165 0.405037 0.895725 0.807247 0.338879 0.945528 0.100000 0.100000 0.928874 0.830270 0.100000 0.611035 0.323644 0.100000 0.360069 0.829192 0.100000 0.747448 0.100000 1.149900 0.668539 1.668233 1.573090 0.381904 0.141860 0.100000 0.481427 0.100000 0.985130 0.418354 0.957593 0.100000 0.100000 0.515539 0.410637 0.215436 0.865566 0.100000 0.100000 0.133062 
0.226232 0.100000 0.100000 1.127947 0.431487 0.187817 0.496388 0.100000 0.406633 0.579749 0.632002 0.180561 1.048533 0.630156 0.830094 0.100000 0.231561 0.244457 0.558130 0.903847 0.234263 0.100000 0.292992 0.678738 0.425531 0.949986 0.461384 0.431516 0.676477 0.423357 0.684787 0.306185 0.100000 0.580480 0.972606 0.177661 0.566285 0.652663 0.262327 0.802186 0.100000 0.364265 0.257399 0.415407 0.988680 0.228061 0.100000 0.532458 0.550213 0.901002 0.313252 0.269612 0.180315 0.821319 0.286648 0.485608 0.264032 0.610538 1.069018 0.626486 0.170792 0.198179 0.489238 0.195883 0.556747 0.496672 0.216852 0.252784 
0.212438 0.696542 0.100000 0.158395 0.100000 1.046271 0.189146 0.100000 0.100000 0.396125 0.979636 0.678619 0.147315 0.156421 0.145421 0.100000 0.100000 0.100000 1.132739 0.100000 0.188861 0.632127 1.057978 1.448990 0.693294 0.673776 0.100000 0.100000 0.100000 0.659368 0.100000 0.221635 0.100000 0.683127 1.382032 0.947302 0.159371 0.100000 0.640429 0.873861 0.381643 0.318503 0.100000 0.100000 0.100000 0.611235 0.100000 0.967778 1.326405 0.741472 0.873022 0.100000 0.100000 0.673291 1.265362 1.329531 1.128949 0.100000 0.100000 0.169111 0.100000 0.100000 0.534947 0.100000 0.100000 0.100000 0.100000 0.100000 
0.411131 0.100000 0.100000 0.100000 0.981844 0.716476 0.411381 0.100000 0.100212 0.100000 0.740506 0.100000 1.202581 0.100000 1.070810 0.441221 0.324415 0.492078 0.241438 0.794783 1.022372 0.100000 1.032625 0.100000 0.347729 0.377981 0.100000 0.100000 0.862523 0.845400 0.929372 0.105243 0.100000 0.258650 0.462805 0.693462 0.417674 0.563541 0.378708 0.696075 0.100000 0.110160 0.373734 0.912434 0.122501 0.323938 0.849861 0.232613 0.100000 1.192638 1.075919 1.154614 0.551546 0.195573 0.887155 0.100000 0.100000 0.220540 1.112514 0.100000 0.807772 0.746229 0.728703 0.173979 0.486312 0.654490 0.469469 0.834904 
0.100000 0.100000 0.157895 0.841516 0.533034 0.302260 0.651969 0.100000 0.284907 0.100000 0.564332 0.295649 0.977045 0.100000 0.453675 0.100000 0.100000 0.100000 0.565294 0.301233 0.100000 0.100000 0.228878 0.322297 0.242877 0.309247 0.100000 0.422260 0.645487 0.393358 0.654209 0.766834 0.100000 0.268981 0.422779 0.726616 0.132685 0.838032 0.100000 0.367437 0.748450 0.546091 0.307831 0.100000 0.100000 0.660563 0.397655 0.563242 0.379853 0.665616 0.765478 0.100000 0.100000 0.442533 0.100000 0.100000 0.147742 0.593939 0.746630 0.662582 0.100000 0.429759 0.100000 0.251797 0.100000 0.544039 0.379418 0.304823 
0.534889 0.550512 0.723380 0.151018 0.577522 0.298212 0.586012 0.449034 0.310638 0.273094 0.693695 0.302295 0.503714 0.275703 0.587940 0.100000 0.100000 0.668246 0.743776 0.570306 0.568390 0.100000 0.528769 0.339288 0.612114 0.620239 0.100000 0.100000 0.338450 0.750584 0.993424 0.100000 0.100000 1.104692 0.603232 0.566701 1.358985 0.384600 0.321288 0.100000 0.394408 1.063616 0.281210 0.329874 0.397795 0.387495 0.211059 0.325775 0.489486 1.388244 0.934107 0.460653 0.100000 0.494626 0.740819 0.100000 0.350573 0.368534 0.267553 0.339742 0.292198 0.401078 0.248776 0.703075 0.281044 0.305836 0.222445 0.114199 
0.262285 0.100000 0.100000 0.485442 0.557597 0.100000 0.413791 0.100000 0.100000 0.100000 0.269647 0.423826 0.474877 0.342531 0.238007 0.288045 0.100000 0.269669 0.100000 0.736319 0.350934 0.166082 0.100000 0.135841 0.347523 0.525613 0.169110 0.481227 0.481330 0.173352 0.992193 0.733639 0.100000 0.298583 0.940266 0.585744 0.516887 0.100000 0.690735 0.171196 0.373054 0.252666 0.100000 0.100000 0.547746 0.291676 0.693330 0.443664 0.100000 0.600107 0.511318 0.688519 0.100000 0.100000 0.100000 0.354322 0.522155 0.236085 0.227166 0.100000 0.100000 0.100000 0.100000 0.197815 0.346055 0.100000 0.100000 0.100000 
