73 Number of operations
27 Number of workers
Standard production times
0.290051 0.119425 0.716550 0.190971 0.451519 0.100000 0.100000 0.336942 0.571636 0.414269 0.100000 0.116889 0.577166 0.526380 0.408052 0.219375 0.435065 0.438886 0.292950 0.555470 0.434268 0.311430 0.740981 0.584869 0.139028 0.323885 0.251275 0.312576 0.314710 0.676281 0.419674 0.326109 0.145356 0.602997 0.103788 0.342580 0.388635 0.242379 0.413542 0.192219 0.347265 0.507650 0.705652 0.791335 0.495640 0.423869 0.228507 0.247610 0.527861 0.409505 1.022967 0.293508 0.469117 0.314897 0.100000 0.751079 0.347161 0.569259 0.817347 0.505296 0.596762 0.100000 0.221035 0.466013 0.609718 0.669980 0.649135 0.261762 0.656215 0.254587 0.240166 0.399291 0.502519 
Production times: workers row and ops columns
0.178887 0.100000 0.809831 0.395996 0.550669 0.159504 0.100000 0.525723 0.632546 0.979011 0.699459 0.209468 0.389523 0.207015 0.619799 0.258045 0.263138 0.460685 0.100000 0.904486 0.210703 0.923684 0.942727 0.881658 0.100000 0.408576 0.621553 0.100000 0.181601 0.692589 0.100000 0.483688 0.568436 0.173239 0.279061 0.100000 0.369287 0.100000 0.974251 0.396669 0.334956 0.120069 1.342530 1.774886 0.100000 1.041951 1.042332 0.416616 0.100000 0.841178 0.932507 0.100000 0.100000 0.590166 0.496403 0.439314 0.607449 0.100000 1.218277 0.528579 0.503477 0.100000 0.655478 0.841218 0.874451 0.738830 0.688046 0.570952 0.772462 0.595863 0.100000 0.100000 1.021931 
1.383541 0.340108 0.666473 0.122748 0.391992 0.108705 0.100000 0.100000 0.100000 0.538668 0.100000 0.364495 0.489814 1.019548 0.514819 1.314725 0.100000 0.115428 0.743694 1.819633 0.309950 0.333264 0.627824 1.250598 0.100000 0.663920 0.100000 0.100000 0.471484 0.927874 1.066287 0.270885 0.100000 0.884378 0.224157 0.482913 0.352079 0.822548 0.598288 1.144548 0.902793 0.837175 0.100000 1.092495 0.705781 0.829345 0.750728 0.100000 0.939864 0.128352 2.000406 0.100000 0.100000 0.100000 0.100000 0.191522 1.325201 0.406009 0.146009 1.062487 0.303500 0.100000 0.658954 0.777694 0.392240 1.373750 0.713686 1.070236 0.907585 1.033990 0.294868 0.100000 1.727203 
0.100000 0.100000 0.406431 0.100000 0.424320 0.100000 0.198306 0.774589 0.435496 0.100000 0.100000 0.100000 0.100000 0.673889 0.158588 0.100000 0.334497 0.100000 0.100000 0.657884 0.519829 0.100000 1.184141 0.100000 0.100000 0.154633 0.100000 0.793834 0.324610 0.262905 0.935026 0.401807 0.174214 0.320898 0.100000 0.100000 0.527143 0.100000 0.353756 0.452835 0.332689 0.486390 0.688602 0.471354 0.646441 0.786877 0.356149 0.413083 0.164677 0.100000 0.490704 0.563184 0.292863 0.634850 0.100000 0.519827 0.275789 0.745694 0.735572 0.468633 0.501720 0.100000 0.100000 0.390291 0.453744 0.552933 0.696836 0.100000 0.530862 0.100000 0.265357 0.534722 0.115891 
1.009786 0.100000 0.567499 0.100000 0.467789 0.686855 0.204006 0.228534 0.858177 0.334327 0.537024 0.308470 1.093800 0.427977 1.417309 0.566751 0.731439 0.523530 0.175271 0.395140 0.493474 0.172249 0.925783 0.437040 0.425353 0.710722 0.139522 0.770381 0.343327 1.122868 0.651124 0.762807 0.100000 0.670959 0.639217 0.257169 0.100000 0.100000 0.100000 0.100000 0.323773 0.991209 0.672983 0.988394 0.562643 0.526434 0.278047 0.295356 0.766210 0.156710 1.426005 0.669513 0.510600 0.656515 0.100000 0.689913 0.494040 0.612193 0.782725 0.403561 0.529513 0.481751 0.100000 0.671761 0.638787 0.988324 0.903657 0.100000 0.931609 0.451869 0.346725 0.358689 0.858503 
0.266142 0.769841 0.985865 0.932319 0.315859 0.100000 0.414437 0.692753 0.682244 0.100000 0.100000 0.402285 0.621913 0.591585 0.455414 0.100000 0.375158 0.110920 0.923338 0.512858 0.677551 0.104864 1.079339 0.122921 0.515212 0.413275 0.984456 0.100000 0.437624 0.886451 0.889544 0.299251 0.271295 0.100000 0.100000 0.578065 0.819887 0.257858 1.130449 0.820294 0.429069 0.100000 0.272382 0.657978 0.930392 0.616951 0.100000 0.278981 1.111869 0.397064 0.897976 1.009895 0.585140 0.271150 0.305050 0.856229 0.318419 1.031796 1.252057 0.857554 0.665896 0.544070 0.306124 0.706006 1.019824 1.012633 1.286061 0.497147 0.250997 0.100000 0.745198 0.399906 0.718481 
0.134614 0.519690 0.701101 0.728403 0.391849 0.535440 0.402319 0.220224 1.001335 0.243778 0.100000 0.433403 0.489563 0.448227 0.404882 0.100000 0.848563 0.721441 0.372152 0.622953 0.669314 0.941030 1.102272 0.532332 0.472254 0.388254 0.291575 0.972517 0.289029 0.632526 0.100000 0.100000 0.380693 0.494521 0.358412 0.108119 0.258442 0.544750 0.951810 0.469961 0.806614 1.119028 1.117679 0.615803 0.564037 0.712928 0.204053 0.483194 0.154114 0.260917 1.281631 0.100000 0.236803 0.409582 0.100000 0.868216 0.207297 0.581781 0.839652 0.662084 0.527625 0.226906 0.140688 0.732835 1.217861 0.829041 0.800096 0.100000 0.964225 0.127167 0.100000 0.666523 0.656831 
1.011489 0.100000 0.780739 1.071178 0.934788 0.456525 0.753103 0.100000 0.889927 1.118895 0.910456 0.100000 0.451329 0.717738 0.263553 0.100000 0.777065 0.262181 0.100000 0.736394 0.222021 0.100000 0.100000 1.091780 0.100000 0.100000 0.113352 0.927053 0.969563 0.100000 0.330858 0.100000 0.650960 0.100000 0.100000 0.859072 0.277428 0.977459 0.100000 0.376814 0.773906 0.437794 1.398809 1.065400 0.100000 2.403170 0.552829 0.301282 0.100000 0.450389 0.792995 0.615685 0.654952 1.241402 0.171126 1.007832 0.533390 0.495014 0.725646 1.055796 0.986775 0.100000 0.100000 0.432308 1.190438 0.656215 1.522353 0.100000 0.727035 0.100000 0.100000 0.244730 0.757988 
0.365824 0.100000 1.052726 0.289475 0.647424 0.100000 0.415497 0.100000 0.620183 0.100000 0.100000 0.100000 0.322262 0.531715 0.287421 0.100000 0.776287 0.440052 0.495370 0.691038 0.134807 0.100000 0.366353 0.852416 0.100000 0.468698 0.100000 0.330508 0.100000 0.926404 0.307773 0.491856 0.102314 0.742417 0.100000 0.465587 0.100000 0.100000 0.531184 0.100000 0.178638 0.353766 0.756170 0.513332 0.548732 0.100000 0.100000 0.443096 0.749237 0.100000 1.174557 0.100000 0.589024 0.100000 0.100000 0.498388 0.197216 0.896343 0.988546 0.877936 0.858744 0.100000 0.100000 0.686704 0.521830 0.522882 0.148574 0.129824 0.100000 0.100000 0.100000 0.507063 0.258917 
0.100000 0.423557 0.301830 0.185968 0.100000 0.100000 0.123080 0.494903 0.202031 0.410166 0.100000 0.100000 0.522171 0.565441 0.427416 0.100000 0.100000 1.090680 0.768888 0.100000 0.469333 0.399661 0.866382 0.526988 0.100000 0.169159 0.100000 0.252888 0.134199 0.536779 0.625240 0.595276 0.100000 0.365018 0.100000 0.609697 0.270825 0.577076 0.170268 0.100019 0.100000 0.798411 0.496868 0.245788 0.217902 0.100000 0.118962 0.181357 0.514284 0.758938 0.832674 0.435744 0.462788 0.156901 0.100000 0.935330 0.100000 0.474646 0.336208 0.490194 0.529171 0.100000 0.100000 0.680778 0.799584 0.787755 1.545459 0.100000 0.442359 0.100000 0.270962 0.100000 0.100000 
0.722203 0.241101 1.119487 0.100000 0.367786 0.158194 0.100000 0.596291 0.672836 0.610648 0.100000 0.677850 0.677053 1.014445 0.376353 0.496387 0.331249 0.253613 0.181645 0.641710 0.468648 0.873192 0.496369 0.357768 0.749084 0.606520 0.100000 0.561756 0.485910 0.132948 0.408805 0.420872 0.464777 0.989346 0.232512 0.752615 0.444753 0.100000 0.233287 0.455012 0.100000 0.810992 0.473680 0.783568 0.747255 0.889251 0.100000 0.105757 0.642579 0.330679 1.381454 0.100000 0.677657 0.542673 0.214724 1.181750 0.100000 1.001844 0.706470 0.822961 0.599501 0.444303 0.555176 0.126796 0.663371 0.742250 0.677772 0.135063 1.311646 0.417316 0.806671 0.328546 0.283980 
1.145382 0.185549 0.434932 1.386044 0.574230 0.676300 0.100000 0.173911 0.556180 0.592127 0.524793 0.100000 0.236740 0.100000 0.369712 0.505857 0.664038 0.429977 0.100000 0.628853 0.720170 0.293021 0.797165 0.509617 0.596777 0.104785 0.344042 0.509790 0.677471 1.424224 0.757401 0.625715 0.100000 0.906199 1.250647 0.100000 0.100000 0.135052 0.924166 0.454594 0.108702 0.489655 1.224172 1.127645 1.710079 0.926712 0.405291 0.554974 0.353369 0.100000 1.108945 0.538788 0.100000 0.100000 0.100000 0.883901 0.216928 0.791807 0.866403 1.035459 0.100000 0.928562 0.929872 0.491171 0.934880 0.973254 0.280490 0.344094 1.045302 0.409496 0.765827 0.446789 0.542894 
0.100000 0.100000 0.507189 0.100000 0.863164 0.100000 0.100000 0.356521 0.414035 0.100000 0.143956 0.100000 0.650705 0.138001 0.100000 0.267678 0.100000 0.204876 0.254263 0.639140 0.557733 0.200545 0.391262 1.062014 0.100000 0.764962 0.100000 0.560961 0.535700 0.262621 0.426259 0.452726 0.255651 0.443316 0.100000 0.124173 0.100000 0.437583 0.145638 0.506146 0.428000 0.139856 0.557293 0.605420 0.134374 0.474298 0.100000 0.637118 0.686128 0.100000 0.917267 0.125480 0.100000 0.494274 0.284943 0.928730 0.110065 0.789955 0.654421 0.685840 1.040520 0.100000 0.100000 0.270942 0.702014 0.935942 0.208997 0.104597 0.626216 0.285087 0.413293 0.100000 0.275475 
0.492441 0.137126 0.751065 0.428568 0.382735 0.158401 0.100000 0.100000 0.100000 0.336565 0.100000 0.100000 0.572570 0.159299 0.341453 0.113519 0.100000 0.100000 0.629908 0.550461 0.100000 0.100000 0.759117 0.416427 0.213127 0.100000 0.203825 0.196531 0.159791 0.509973 0.379602 0.505925 0.100000 0.380825 0.100000 0.206535 0.404316 0.357866 0.700899 0.100000 0.100000 0.386763 0.711813 0.635249 0.349669 0.100000 0.280902 0.100000 0.100000 0.100000 0.663518 0.376132 0.537608 0.669322 0.194377 0.245585 0.100000 0.808477 1.187352 0.333971 0.664403 0.100000 0.100000 0.100000 0.402562 0.413567 0.480101 0.100000 0.760005 0.582851 0.151026 0.908290 0.212198 
0.483918 0.100000 1.305077 0.100000 1.112866 0.197088 1.382726 0.104884 0.470289 0.487095 0.100000 0.418022 0.817589 0.581040 0.100000 0.100000 0.728374 1.026476 1.090183 0.107749 0.100000 0.175460 0.100000 0.290404 0.564923 1.141186 0.390852 1.132852 0.520146 0.771963 0.333954 0.419577 0.100000 0.532542 0.100000 0.472096 0.395859 0.100000 0.293192 0.100000 0.100000 0.749592 1.484996 1.976201 1.276850 0.100000 0.816129 0.807560 0.100000 0.840149 1.336555 0.374912 0.613425 0.344051 0.915968 0.550185 0.247192 0.572953 0.955179 0.100000 1.290749 0.213100 0.505597 0.564671 0.516498 0.492359 0.697192 0.337788 1.233846 0.427616 0.173422 1.392573 0.100000 
0.100000 0.296726 0.610364 0.100000 0.295404 0.100000 0.665564 0.100000 1.096943 0.644159 0.100000 0.127475 0.791495 0.100000 0.571586 0.100000 1.334024 0.100000 0.864232 0.100000 0.841580 0.449481 0.617472 0.524425 0.100000 0.535387 0.184150 0.100000 0.221805 1.793642 0.443097 0.471502 0.100000 0.690025 0.192761 0.211979 0.820267 0.100000 0.348444 0.444746 0.213762 0.100000 0.984784 0.300255 0.271986 0.100000 0.173143 0.100000 0.290566 0.749995 1.904271 0.114751 0.730444 0.137190 0.149471 1.314955 0.372308 0.161485 0.452383 0.196922 0.590110 0.529006 0.100000 0.100000 0.147448 0.100000 1.312096 0.243572 1.606604 0.100000 0.887257 0.100000 0.298834 
0.100000 0.100000 0.331591 0.100000 0.416419 0.100000 0.100000 0.234181 0.671619 0.344386 0.100000 0.171213 0.471991 0.535385 0.100000 0.100000 0.904318 0.335366 0.100000 0.869434 0.287215 0.100000 0.206283 0.718717 0.100000 0.100000 0.344505 0.267666 0.188782 0.512085 0.663452 0.895191 0.100000 0.673669 0.582428 0.566297 0.100000 0.100000 0.134151 0.100000 0.100000 0.486213 0.429543 0.954195 0.432617 0.204731 0.394334 0.243302 0.507321 0.621517 1.094946 0.160838 0.650383 0.307693 0.875193 0.980686 0.593125 0.856557 0.741298 0.799164 0.503769 0.100000 0.100000 0.524398 0.100000 0.632486 0.330630 0.377227 0.332363 0.716278 0.370512 0.100000 0.930147 
0.321875 0.100000 0.509411 0.461300 1.002875 0.100000 0.100000 0.100000 1.120557 1.015487 0.100000 0.378201 0.676294 0.608191 0.797259 0.451662 0.633912 0.451113 0.637630 0.570868 0.549244 0.477273 0.480634 0.595141 0.145247 0.454246 0.100000 0.100000 0.901749 1.123215 0.786386 0.973554 0.371235 0.675674 0.348441 0.100000 0.159210 0.569970 0.523327 0.100000 0.644826 0.907321 1.006016 0.882246 0.344825 0.556148 0.456584 0.240034 0.808772 0.603835 1.222901 0.100000 0.893445 0.932215 0.100000 0.408010 0.638840 0.529561 0.627243 0.970611 0.281748 0.415229 0.100000 1.004693 0.864684 0.692761 0.793946 0.536388 1.005183 0.602925 0.504185 0.356076 0.801743 
0.100000 0.520653 1.078452 0.709195 0.374885 0.255864 0.457486 0.532299 0.543636 0.606468 0.220410 0.515601 0.488627 0.728227 0.595931 0.546574 0.513197 0.577081 0.371665 0.665690 0.536775 0.313406 1.689171 0.431696 0.100000 0.185197 0.138259 0.416007 0.843990 1.282797 0.590871 0.100000 0.360664 0.309801 0.100000 0.100000 0.616322 0.154397 0.745178 0.435410 0.375244 0.631818 1.080878 0.779696 0.870326 0.518074 0.409326 0.587383 1.027321 0.665749 1.140478 0.609713 0.105482 0.906586 0.100000 1.122192 0.277912 0.821434 0.882376 0.696373 0.456526 0.100000 0.443032 0.385861 0.515127 0.552383 1.344458 0.187104 0.854259 0.100000 0.797095 0.332410 0.100000 
1.646026 0.100000 1.371017 0.557507 0.777609 0.100000 0.194599 0.948910 0.421170 0.539923 0.564145 0.158584 0.364674 1.252220 0.578896 0.156789 0.100000 0.100000 0.739842 1.030104 0.100000 0.100000 1.223425 1.797022 1.214205 0.794818 0.937941 0.100000 0.701977 0.100000 0.138736 0.486594 1.229325 0.976979 0.240702 0.257538 0.100000 0.543810 0.238995 0.311741 0.100000 0.568278 0.100000 1.043288 1.155503 0.880844 1.285419 0.409887 0.780543 0.666938 0.583102 1.370124 0.963406 0.193484 0.100000 1.041834 0.775935 0.638201 0.910384 0.411237 0.595388 0.767571 0.921344 0.100000 0.679158 0.100000 0.100000 0.554738 0.235430 0.100000 0.562743 1.040362 1.521907 
0.100000 0.842148 0.100000 0.100000 0.711003 0.335767 0.760209 0.815286 0.530851 1.178893 0.443241 0.975434 0.175027 0.676507 0.193254 0.622332 0.325288 0.312960 0.100000 0.709572 0.992012 0.815528 0.100000 0.100000 1.141598 0.230072 0.176804 0.895243 0.413033 0.359986 0.314751 1.274689 0.100000 1.253610 0.100000 0.206966 1.320092 0.100000 0.831071 0.100000 0.100000 0.424640 1.290115 0.698389 0.770351 0.518146 0.251923 0.100000 0.593752 0.100000 0.798806 0.100000 0.603966 0.492227 0.100000 1.151733 0.545077 0.716045 0.636645 0.741692 1.123865 0.100000 0.100000 1.060518 0.100000 0.100000 0.100000 0.352632 0.732402 0.502840 0.278155 1.167981 1.290411 
0.737754 0.100000 0.925624 0.100000 0.401306 0.100000 0.203214 0.600179 0.695243 0.156258 0.100000 0.100000 0.443874 0.861662 0.412268 0.262776 0.487984 0.867941 0.883785 0.783588 0.459776 0.832180 0.972453 0.558540 0.542200 0.486054 0.100000 0.600648 0.504658 0.219289 0.100000 0.466999 0.450363 0.885571 0.100000 0.338477 0.688612 0.100000 0.539127 0.356218 0.724391 0.100000 0.849148 1.496772 0.409278 0.428997 0.614705 0.118668 0.974947 0.671665 0.650745 0.423686 0.131422 0.700662 0.100000 0.307553 0.105970 0.428337 1.311829 0.599818 0.784063 0.522470 0.111692 0.392515 0.455482 1.005451 1.239118 0.439384 0.569231 0.198479 0.100000 0.718634 0.283640 
0.313661 0.100000 0.246712 0.100000 0.284530 0.265424 0.104655 0.369869 0.350222 0.234764 0.100000 0.280260 1.291462 0.585469 0.100000 0.701162 0.235495 0.706146 0.260154 0.679795 1.564067 0.187172 0.664977 0.797440 0.232444 0.302064 0.144752 0.589724 0.737923 0.490656 0.178744 0.975080 0.100000 0.917597 0.335526 0.111689 0.716483 0.100000 0.186677 0.100000 0.697549 0.472846 1.131227 0.648293 0.780039 0.946092 0.302703 0.100000 0.525090 0.886526 1.344695 0.277711 0.100000 0.629558 0.689272 1.345658 0.576998 0.611950 0.681510 0.433515 0.201837 0.840365 0.312946 1.281334 0.687369 0.284484 1.307605 0.103814 0.624842 0.849152 0.777798 0.100000 0.602835 
0.100000 0.388995 1.622639 0.100000 1.198130 0.100000 1.186135 0.100000 0.339967 0.562747 0.100000 0.891694 0.100000 0.833356 0.100000 0.274267 0.429801 0.244766 0.537560 0.100000 1.195201 0.412653 0.100000 1.587650 0.365385 1.100668 0.162806 0.100000 0.104851 0.100000 0.400433 0.100000 0.249862 0.100000 0.130679 0.112789 0.705390 0.100000 0.201006 1.021418 0.100000 0.876677 1.370905 0.786290 0.989895 0.944589 1.013385 0.100000 0.471711 0.811567 0.650145 0.317533 0.119831 0.100000 0.267458 1.602294 0.161129 0.611408 0.590794 0.134814 0.664814 0.636466 1.328957 0.879251 0.129036 0.100000 1.302550 0.420119 0.350983 0.100000 0.100000 1.016003 0.491339 
0.100000 0.555715 0.871602 0.100000 0.755376 0.100000 0.581952 0.100000 0.119914 0.100000 0.100000 0.100000 0.395843 0.528764 0.685178 0.292641 0.560994 1.241048 0.159705 0.100000 0.909959 1.229364 0.834625 1.004636 0.100000 0.416723 0.569787 0.501863 0.100000 1.491596 0.506082 0.791208 0.348245 1.039834 0.570415 0.234502 0.805475 1.322607 1.413038 0.574240 1.190892 0.100000 1.441850 0.828773 0.100000 0.506474 0.716655 0.100000 1.496427 1.084119 0.385410 0.798053 0.525103 0.100000 0.100000 0.528582 0.100000 0.345097 1.163691 1.218267 1.325931 0.100000 0.162411 0.100000 1.124719 0.100000 0.100000 0.100000 0.781951 0.100000 0.256698 0.423058 0.619159 
0.100000 0.100000 0.789834 0.175039 0.679511 0.100000 0.271878 0.676929 0.428859 0.394048 0.100000 0.177591 0.593542 0.867227 0.462062 0.378726 0.434523 0.100000 0.322958 0.386483 0.143741 0.100000 0.619862 0.302630 0.650929 0.702917 0.100000 0.425323 0.561799 0.524430 0.874144 0.502742 0.100000 0.100000 0.100000 0.338188 0.157156 0.136153 0.100000 0.166296 0.109774 0.100000 0.503159 0.519728 0.100000 0.750822 0.105692 0.100000 0.652973 0.284727 1.153155 0.100000 0.100000 0.378465 0.447569 0.660083 0.312092 0.222226 0.708366 0.192615 0.448690 0.216684 0.100000 0.429920 0.268356 0.376005 0.890587 0.250394 0.836304 0.100000 0.100000 0.163191 0.225690 
0.322121 0.288202 0.284517 0.100000 0.100000 0.344282 0.100000 0.206527 0.371973 0.100000 0.111978 0.131798 0.759564 0.358754 0.218926 0.100000 0.781507 0.641156 0.180835 0.650162 0.158515 0.827772 0.463511 0.370962 0.100000 0.734255 0.195555 0.537901 0.181681 0.212389 0.552318 0.100000 0.100000 0.378175 0.193285 0.771866 0.100000 0.100000 0.592589 0.182234 0.100000 0.533159 0.824485 1.264956 0.356537 0.707809 0.100000 0.100000 0.554993 0.100000 0.532379 0.482466 0.100000 0.248902 0.100000 0.539173 0.100000 0.100000 0.519074 0.100000 0.369136 0.100000 0.100000 0.100000 0.596731 0.341429 0.261275 0.100000 0.641862 0.787212 0.624235 0.100000 0.100000 
0.409466 0.386525 0.777039 0.942670 0.904640 0.692017 0.100000 0.167878 0.350549 0.480134 0.100000 0.100000 0.547935 0.909666 0.366189 0.100000 0.400823 0.595461 0.561226 0.378973 0.728480 0.827477 0.987836 0.756508 0.104594 0.240646 0.100000 0.594960 0.308477 0.822056 0.670057 0.190188 0.550455 0.736931 0.652887 0.493261 0.584223 0.260366 0.956466 0.100000 0.287415 0.516134 0.346526 0.652925 0.100000 0.580985 0.100000 0.458569 0.549326 0.259691 0.656832 0.188653 0.662304 0.377263 0.399873 0.614580 0.928959 0.597873 0.663788 0.998343 1.104032 0.172949 0.175744 0.839035 0.441477 1.050537 0.332981 0.336744 0.759741 0.717017 0.100000 0.569622 0.566306 
