70 Number of operations
23 Number of workers
Standard production times
0.290051 0.119425 0.716550 0.190971 0.451519 0.100000 0.100000 0.336942 0.571636 0.414269 0.100000 0.116889 0.577166 0.526380 0.408052 0.219375 0.435065 0.438886 0.292950 0.555470 0.434268 0.311430 0.740981 0.584869 0.139028 0.323885 0.251275 0.312576 0.314710 0.676281 0.419674 0.326109 0.145356 0.602997 0.103788 0.342580 0.388635 0.242379 0.413542 0.192219 0.347265 0.507650 0.705652 0.791335 0.495640 0.423869 0.228507 0.247610 0.527861 0.409505 1.022967 0.293508 0.469117 0.314897 0.100000 0.751079 0.347161 0.569259 0.817347 0.505296 0.596762 0.100000 0.221035 0.466013 0.609718 0.669980 0.649135 0.261762 0.656215 0.254587 
Production times: workers row and ops columns
0.447868 0.100000 0.563448 0.604958 0.566566 0.481006 0.100000 0.236563 0.664916 0.619294 0.199150 0.176394 0.241835 0.715162 0.468963 0.784117 1.034523 0.531464 0.105308 0.236105 0.646015 0.350100 0.569054 0.606668 0.100000 0.672901 0.100000 0.924830 0.516456 0.973071 0.100000 0.410800 0.515634 0.126147 0.100000 0.358887 0.100000 0.399959 0.836622 0.100000 0.522538 0.100000 0.686304 0.100000 1.056349 0.628319 0.216198 0.100000 1.164739 1.393056 0.100000 0.911590 1.282942 0.483903 0.100000 1.182752 0.256701 0.267299 0.202317 0.780564 0.993165 0.100000 0.481323 0.100000 1.010649 0.693264 0.555850 0.210889 1.090658 0.629793 
0.548890 0.260736 0.839897 0.476485 0.621267 0.404765 0.106965 0.100000 0.983283 1.170362 0.332409 0.186843 0.636232 0.590664 0.513275 0.100000 0.379936 0.239778 0.467590 0.566478 0.682831 0.359019 1.136881 0.748929 0.896238 0.100000 0.157200 0.683022 1.173208 0.701691 0.532775 0.358214 0.644793 0.616805 0.407809 0.346640 0.106868 0.436443 0.664497 0.680187 0.414130 0.422441 0.974480 0.963556 0.679840 0.501935 0.676609 0.458458 1.199259 0.842822 1.320682 0.100000 0.749813 0.540982 0.443286 1.164412 0.326898 0.916461 0.748655 1.191759 0.297176 0.100000 0.100000 0.298846 0.373984 1.356804 0.651185 0.100000 1.090530 0.178630 
0.100000 0.482177 1.003559 0.160484 0.973781 0.238730 0.685085 0.587764 1.139277 0.547089 0.100000 0.951700 0.513434 0.566729 0.297933 0.258357 0.607865 0.599435 0.591256 1.193118 0.498128 0.100000 0.486285 0.485143 0.100000 0.671394 0.201811 0.319280 0.414143 0.357295 0.261279 0.628522 0.430918 0.570046 0.746949 0.100000 0.385139 0.273127 0.100000 0.873477 0.557164 0.294273 1.421004 1.067034 0.724498 0.341770 0.360374 0.100000 0.866369 0.397174 1.163181 0.754124 0.654541 0.493637 0.282950 0.631098 0.697963 1.132267 1.144988 0.870768 0.433577 0.100000 0.100000 0.935688 0.633464 1.189933 0.514562 0.230509 0.784842 0.631022 
0.208276 0.100000 0.621509 0.144127 0.100000 0.100000 0.100000 0.219894 0.619337 0.110065 0.100000 0.100000 0.602356 0.661812 0.100000 0.295149 0.954800 0.100000 0.100000 0.191297 0.250538 0.698284 0.644987 0.276461 0.225569 0.100000 0.488298 0.304156 0.631344 0.377878 1.228931 0.473484 0.241730 0.487641 0.100000 0.100000 0.247842 0.100000 0.398345 0.100000 0.433589 0.694487 0.393900 1.049141 0.324257 0.670455 0.259957 0.484309 0.128755 0.277467 1.358396 0.100000 0.100000 0.100000 0.100000 0.100000 0.123670 0.852817 0.584678 0.502354 0.463764 0.100000 0.100000 0.313758 0.648067 0.217185 0.852173 0.437767 0.497697 0.396205 
0.100000 0.100000 0.794682 0.100000 0.227150 0.100000 0.100000 0.806526 0.100000 0.590516 0.100000 0.480796 0.834703 0.100000 0.700375 0.381513 0.445996 0.204549 0.719591 0.348956 1.351626 0.593621 1.809895 0.192102 0.100000 0.681280 0.677627 0.330256 0.100000 0.452334 0.728667 0.234020 0.100000 0.515268 0.100000 0.100000 0.100000 1.126359 0.175856 0.431024 0.100000 0.904914 0.100000 1.251643 0.477956 1.479172 0.100000 0.285801 0.711477 1.025955 0.811538 0.336740 0.100000 0.100000 0.325808 1.303167 0.206293 1.597437 1.697471 0.474969 0.100000 0.100000 0.100000 1.023933 0.764854 0.100000 0.534752 1.068442 0.468812 0.100000 
1.317363 0.146130 0.476972 0.366054 0.460101 0.100000 0.704228 0.894792 0.992067 0.362825 0.673450 0.100000 0.810488 1.043224 0.812474 1.114253 0.660707 0.100000 0.100000 1.230524 0.268626 0.504699 0.315253 1.085310 0.100000 1.052939 0.100000 0.871642 0.651908 0.315086 0.969172 0.100000 0.100000 0.963853 0.100000 0.100000 0.216685 0.100000 0.936039 0.496476 0.312600 0.453454 0.930730 1.674003 0.931125 0.169640 0.617217 0.188225 0.428362 1.342741 0.813498 0.100000 0.100000 0.100000 0.325561 0.403619 0.604868 0.100000 0.433692 0.842581 1.327208 0.396236 0.819950 1.318310 1.129763 0.210760 0.596463 0.576860 0.448791 0.480560 
0.100000 0.100000 0.980990 0.100000 0.100000 0.100000 0.100000 0.365502 0.171862 0.268471 0.100000 0.211536 0.295272 0.571224 0.107474 0.497412 1.281969 0.537321 0.377885 0.100000 0.780951 0.100000 0.336557 0.863589 0.229547 0.877473 0.972713 0.100000 0.378898 1.556489 0.902944 0.682633 0.798459 0.300696 0.422080 1.047207 1.199091 0.100000 0.287705 0.383576 0.202766 0.311742 1.047653 0.614630 0.100000 0.604793 0.100000 0.100000 0.100000 0.916416 0.100000 0.100000 0.331194 0.929375 0.754853 0.173588 0.258345 0.100000 1.322950 0.100000 0.525164 0.616492 0.109828 1.201093 0.174714 0.854575 1.075776 0.191906 1.349372 0.528652 
0.100000 1.207006 0.811144 0.123174 0.100000 0.100000 0.100000 0.430248 0.583137 0.870171 0.100000 0.170941 0.588903 0.381833 0.253032 0.449675 0.569073 0.150054 0.100000 0.435247 0.682700 0.203171 1.164911 0.252348 0.100000 0.100000 0.100000 0.119839 0.367991 1.089480 0.330157 0.662284 0.243860 0.798903 0.100000 0.658077 0.100000 0.290927 0.100000 0.100000 0.100000 0.252746 0.710987 0.670704 0.100000 0.765091 0.229673 0.450030 0.663429 0.110045 0.339453 0.100000 0.736664 0.100000 0.244813 0.467357 0.365094 0.100000 1.067469 0.393395 0.762510 0.100000 0.360454 0.335433 0.732725 0.117108 0.224922 0.379404 0.544461 0.100000 
0.136167 0.169943 0.438547 0.244063 0.100000 0.100000 0.295486 0.558317 0.142489 0.565859 0.100000 0.236796 0.100000 0.100000 0.155360 0.100000 0.762149 0.610086 0.665591 0.817453 0.249409 0.131532 0.961672 0.496981 0.100000 0.100000 0.119337 0.100000 0.100000 0.282314 0.527446 0.100000 0.100000 0.907129 0.100000 0.337578 0.100000 0.169298 0.436622 0.350180 0.100000 0.503547 0.701098 0.685566 0.440645 0.462929 0.247871 0.100000 0.100000 1.061299 1.498904 0.100000 0.504182 0.403128 0.225401 0.693198 0.100000 0.414533 0.570009 0.445608 0.416250 0.100000 0.426601 0.735180 0.155387 0.432001 0.311895 0.528878 0.538404 0.589284 
0.246777 0.227225 0.411942 0.681731 0.442735 0.100000 0.100000 0.100000 0.662091 0.548015 0.286423 0.666322 0.586873 0.868617 0.601724 0.261379 0.100000 0.823137 0.241758 0.660857 0.153129 0.496328 0.873390 0.693694 0.198590 0.738650 0.641141 0.630351 1.411034 0.596214 0.405819 0.121667 0.376152 0.496751 0.100000 0.100000 0.510311 0.645315 0.100000 0.108486 0.405459 0.389089 0.965001 0.892536 0.692020 0.306305 0.789468 0.347498 1.015926 0.377806 1.299979 0.189693 0.283844 0.203592 0.186240 0.785459 0.908923 0.324648 0.590245 1.115352 0.879397 0.100000 0.470216 0.637212 0.100000 0.659111 0.743899 0.581182 1.042563 0.383311 
0.700086 0.175543 0.559301 0.100000 0.714312 0.100000 0.403342 0.104970 0.563869 0.665883 0.565382 0.100000 0.435312 0.641099 0.329226 0.577862 0.100000 0.647427 0.520726 0.670194 0.864939 0.100000 1.173566 0.473993 0.456693 0.326624 0.595578 0.646717 0.100000 0.729934 0.491944 0.354746 0.100000 1.258429 0.266517 0.909085 0.317891 0.100000 0.553216 0.123248 1.164308 0.681277 1.151432 0.824065 0.497822 0.514596 0.435222 0.602486 0.591215 0.305250 0.802604 0.370504 0.741006 0.552281 0.194655 0.671038 0.491191 0.840800 0.906301 0.639006 0.651611 0.474650 0.189575 0.621673 0.828047 0.987637 1.197900 0.564398 0.935979 0.100000 
0.371972 0.707541 0.367547 0.100000 0.287123 0.306374 0.157425 0.100000 0.460839 0.625380 0.201786 0.745553 0.778872 0.532451 0.492470 0.100000 0.100000 0.390473 0.340119 0.100000 0.177561 0.100653 0.720673 0.406729 0.172557 0.253319 0.469373 0.100000 0.711847 1.001584 0.334769 0.421205 0.227321 0.281810 0.100000 0.476032 0.381580 0.457775 0.342041 0.116444 0.100000 0.298289 0.467737 1.202980 0.467792 0.100000 0.248086 0.100000 0.100000 0.453461 0.457157 0.367047 0.100000 0.100000 0.148302 0.202821 0.113152 0.530572 0.901016 0.628761 0.485877 0.100000 0.698180 0.184218 1.050795 0.434222 0.897521 0.482751 0.242554 0.261172 
0.667747 0.469917 0.617082 0.341951 0.254174 0.100000 0.592006 0.100000 1.261515 0.715494 0.100000 0.100000 0.433973 0.100000 0.658767 0.100000 1.250910 0.869332 0.100000 0.545970 0.320888 0.100000 1.206609 1.059774 0.601778 0.100000 0.785768 0.207699 0.782284 1.582545 0.489729 0.100000 0.100000 0.923490 0.713725 0.100000 0.293361 0.359049 0.631041 0.647431 0.100000 0.295911 1.209635 0.987503 0.719830 0.986531 0.280534 0.511612 0.370579 0.100000 0.375338 0.330668 0.369336 0.100000 0.259007 0.305944 0.402830 0.559498 0.397352 0.100000 1.325025 0.258319 0.100000 0.252798 0.806612 0.555910 0.939300 0.100000 0.743799 0.227845 
0.198520 0.100000 0.816430 0.657331 0.186459 0.100000 0.180282 0.276867 0.764437 0.773414 0.745594 0.100000 0.100000 0.491568 0.584987 0.125898 0.358447 0.100000 0.546942 0.393454 0.100000 0.100000 0.308566 0.889244 0.419847 1.081260 0.575237 0.100000 0.100000 1.241644 1.203017 0.207234 0.424757 0.100000 0.100000 0.100000 0.210041 0.100000 0.298485 0.100000 0.686915 1.221424 0.723751 1.806334 0.178438 0.161317 0.422374 0.100000 1.116387 0.100000 1.684314 0.390595 1.751843 0.100000 0.100000 0.823905 0.100000 0.870391 1.057770 0.559955 0.100000 0.100000 0.514344 1.053602 1.406950 0.222259 0.133736 0.125792 0.100000 0.100000 
0.715946 0.936727 0.856128 1.011247 0.656955 0.195682 0.100000 0.430410 0.444209 0.343813 0.100000 0.246405 0.584390 0.100000 0.287702 0.100000 0.100000 0.680828 1.072294 1.740335 1.215477 0.100000 1.328603 1.144819 0.100000 0.754529 0.564863 0.393980 0.459018 0.705435 1.235642 0.125214 0.100000 0.606692 0.241620 0.100000 1.082622 0.355479 0.698104 0.290877 0.254044 0.330029 0.753709 0.867362 1.073271 0.596898 0.161763 1.240893 0.100000 0.100000 1.200268 0.187321 0.100000 0.158782 0.100000 1.316644 0.100000 1.094566 1.047237 0.402130 0.607348 0.314329 0.100000 0.629547 0.420158 1.568940 0.303501 0.833044 0.100000 0.661900 
0.472882 0.145321 0.780284 0.212802 0.678420 0.159725 0.100000 0.381198 1.342052 0.528322 0.287236 0.100000 0.729382 0.679764 0.429691 0.578354 0.258141 0.499828 0.544466 0.575369 0.167104 0.578909 0.546332 0.550677 0.100000 0.390666 0.222459 0.270199 0.619004 1.305064 0.412420 0.582905 0.138732 0.732680 0.542113 0.457668 0.243971 0.123401 0.328518 0.288228 0.704668 0.200011 0.494465 0.613973 0.100000 0.921646 0.317593 0.917844 0.200561 0.897760 0.912472 0.271297 0.272427 0.129938 0.100000 0.915979 0.100000 0.596718 0.914586 0.805279 0.726879 0.296398 0.475358 0.560837 0.818723 0.476064 0.516494 0.931015 0.752694 0.141437 
0.979991 0.100000 0.393305 0.100000 0.841265 0.100000 0.100000 0.658992 0.663453 0.371055 0.100000 0.689853 1.692303 0.252000 0.692504 1.183776 0.974593 0.100000 0.100000 0.256486 0.100000 0.100000 0.871918 0.291355 0.577128 0.385513 0.100000 0.755621 0.474196 0.808715 0.939693 0.612741 0.100000 1.071775 0.258447 1.801234 0.937979 0.818985 1.059039 0.232139 1.003712 0.519329 0.290065 0.509342 0.759615 0.100000 0.332683 0.100000 0.886969 0.100000 1.959118 0.677417 0.100000 1.194277 0.100000 0.387341 0.100000 0.853141 1.569607 0.216082 0.100000 0.100000 0.969238 1.301377 0.435483 0.938832 0.647682 0.231447 1.138226 0.475065 
0.454796 0.100000 1.124351 0.100000 0.476480 0.209739 0.100000 0.187394 0.415334 0.464870 0.100000 0.100000 1.388897 1.104602 0.852572 1.131785 0.644862 0.393347 0.534038 0.100000 0.100000 0.690748 0.757288 0.100000 0.468296 0.823336 0.585214 0.297427 0.100000 0.730079 0.633136 0.146814 0.446874 0.760213 0.270345 0.100000 0.929182 1.104575 0.212308 0.100000 0.666729 0.274820 0.222146 1.400194 0.100000 0.782583 0.100000 0.978744 0.786137 0.280808 1.097652 0.584551 0.884064 0.728793 0.373365 0.512389 0.679201 0.100000 1.319393 0.941799 1.293802 0.100000 0.314141 0.895156 0.768647 0.456646 0.802801 0.295778 1.154067 0.100000 
0.291897 0.107305 0.843749 0.100000 0.389713 0.100000 0.100000 0.239449 0.373612 1.162459 0.100000 0.100000 0.238478 0.213365 0.311483 0.548655 0.841580 0.410083 0.100000 0.570778 0.100000 0.100000 0.296064 0.612556 0.100000 0.455521 0.294465 0.140555 0.238878 0.851507 0.208035 0.500794 0.100000 0.583817 0.243560 0.642040 0.444879 0.159891 0.529748 0.100000 0.738953 0.100000 0.876765 0.522086 0.547816 0.288899 0.219584 0.100000 0.100000 0.431502 0.742815 0.100000 0.151520 0.810221 0.100000 0.749123 0.100000 0.926188 0.550466 0.100000 1.310347 0.100000 0.513715 0.585934 0.705372 0.500534 0.605895 0.528943 0.465935 0.229980 
0.668538 0.244442 0.689055 0.726474 0.654025 0.162448 0.100000 0.135262 0.939771 0.799049 0.100000 0.100000 0.966632 1.353672 1.153158 0.601935 0.947064 0.380660 0.625311 0.284321 0.365705 0.507721 1.491362 0.909258 0.321176 0.372860 0.100000 0.593435 0.309982 0.847995 0.252875 0.462485 0.100000 0.854169 0.599706 0.716765 1.122782 0.439745 0.665151 0.446678 0.183346 1.253620 1.102225 0.818487 0.324791 0.698322 0.585771 0.388976 0.683683 0.453070 1.122143 0.794050 0.989302 0.100000 0.241664 0.489849 0.100000 0.845045 0.664876 0.100000 0.890308 0.584643 0.932668 0.447125 1.143352 0.100000 0.436115 0.517453 0.897675 0.750713 
0.677058 0.194954 1.275325 0.496915 1.066645 0.100000 0.290076 0.308063 0.913410 0.448403 0.124444 0.100000 0.769627 0.961027 0.810511 0.100000 0.100000 1.140428 0.336662 0.610788 0.883868 0.470423 0.651204 0.621915 0.808176 0.100000 0.741642 0.318858 0.333341 1.335155 0.326812 0.676626 0.136440 0.273377 0.153982 0.793258 0.432867 0.507206 0.570108 0.306268 0.322015 0.647185 0.195784 0.756839 0.100000 0.604779 0.434905 0.108791 0.868253 0.628254 1.211038 0.285087 0.710955 0.731159 0.100000 0.606026 0.803865 0.100000 0.132160 0.100000 0.751284 0.245712 0.469986 0.588806 1.170932 1.242715 1.096838 0.100000 0.865288 0.100000 
0.239838 0.100000 0.819764 0.454208 0.575126 0.100000 0.100000 0.208316 0.438344 0.749551 0.104216 0.160290 0.630085 0.955435 0.998887 0.447493 0.460573 0.959637 0.524423 0.529141 0.837440 0.473599 0.410772 0.872941 0.328975 0.100000 0.100000 0.453466 0.619717 0.958855 0.111380 0.322006 0.445333 0.242272 0.229373 0.506579 0.765762 0.100000 0.557038 0.897655 0.260902 0.512778 1.091850 0.662393 0.942727 0.686029 0.100000 0.377788 0.190166 0.795270 0.618764 0.100000 0.227925 0.173975 0.594482 0.845602 0.534463 0.991729 0.708004 0.431798 0.442526 0.435471 0.811018 0.643635 0.522734 0.613872 0.415441 0.581105 0.437336 0.278197 
0.100000 0.100000 0.100000 0.100000 0.560558 0.100000 0.100000 0.100000 0.105795 0.100000 0.205617 1.140717 0.508980 0.100000 1.044364 0.100000 0.713831 0.217558 0.333492 2.271802 0.100000 0.100000 0.928598 0.573896 0.100000 0.100000 0.546522 0.851264 0.100000 0.108065 1.334627 0.100000 0.503023 0.822561 0.100000 0.722327 0.100000 0.100000 0.100000 0.609360 0.122592 1.050276 0.300582 1.098667 1.199345 0.380862 0.100000 0.100000 1.156230 0.779052 0.829973 0.100000 0.826885 1.130350 0.924297 0.967475 0.251647 0.176198 0.531046 0.100000 1.664038 0.100000 1.413238 0.428764 0.100000 1.600762 0.219222 0.100000 1.480490 0.983974 
