77 Number of operations
28 Number of workers
Standard production times
0.290051 0.119425 0.716550 0.190971 0.451519 0.100000 0.100000 0.336942 0.571636 0.414269 0.100000 0.116889 0.577166 0.526380 0.408052 0.219375 0.435065 0.438886 0.292950 0.555470 0.434268 0.311430 0.740981 0.584869 0.139028 0.323885 0.251275 0.312576 0.314710 0.676281 0.419674 0.326109 0.145356 0.602997 0.103788 0.342580 0.388635 0.242379 0.413542 0.192219 0.347265 0.507650 0.705652 0.791335 0.495640 0.423869 0.228507 0.247610 0.527861 0.409505 1.022967 0.293508 0.469117 0.314897 0.100000 0.751079 0.347161 0.569259 0.817347 0.505296 0.596762 0.100000 0.221035 0.466013 0.609718 0.669980 0.649135 0.261762 0.656215 0.254587 0.240166 0.399291 0.502519 0.366428 0.669267 0.276902 0.251393 
Production times: workers row and ops columns
0.142325 0.100000 0.630960 0.100000 0.100000 0.100000 0.100000 0.167070 0.185106 0.321334 0.100000 0.100000 0.397622 0.374504 0.100000 0.601763 0.678655 0.193811 0.498771 0.159710 0.100000 0.788588 0.508096 0.948526 0.100000 0.100000 0.100000 0.243266 0.100000 0.684652 0.100000 0.100000 0.100000 0.449221 0.100000 0.168270 0.238079 0.314492 0.100000 0.100000 0.463047 0.777970 0.525712 1.160730 0.100572 0.347908 0.137256 0.100000 0.100000 0.275749 0.703209 0.395652 0.238644 0.100000 0.100000 0.866462 0.363842 0.790691 1.070813 0.133260 1.011494 0.100000 0.271957 0.100000 0.999277 0.413212 0.377588 0.591238 0.303450 0.100000 0.127487 0.173582 0.253590 0.615306 0.444786 0.206127 0.100000 
0.555575 0.204910 0.712562 0.100000 0.553794 0.100000 0.226932 0.739096 0.404802 0.113283 0.122975 0.334964 0.108375 0.367235 0.202202 0.382489 0.497967 0.628460 0.566047 0.535902 0.736964 0.241134 0.432827 0.742901 0.100000 0.457084 0.778365 0.100000 0.512847 0.902319 0.427677 0.372089 0.117889 0.552829 0.100000 0.148079 0.808765 0.666358 0.566342 0.330369 0.100000 0.455891 0.479322 0.919280 0.226187 0.592226 0.855425 0.122435 0.519238 0.513458 1.235262 0.100000 0.485685 0.510251 0.100000 0.838498 0.824544 0.857764 0.616469 0.841689 0.379626 0.362647 0.596858 0.581233 1.070124 0.744174 0.704694 0.403500 0.185342 1.053630 0.248287 0.100000 0.100000 0.392792 0.770161 0.296578 0.230258 
0.459518 0.100000 1.068083 0.100000 0.131645 0.428788 0.408096 0.100000 0.590062 0.100000 0.100000 0.676069 0.208688 0.432278 0.100000 0.471725 0.100000 0.961702 0.100000 1.281169 0.782128 1.144146 0.209951 0.223306 0.691667 0.665338 1.452921 0.444575 0.279608 0.380402 0.376083 0.471376 0.100000 1.255555 0.100000 1.023342 0.432412 0.742027 0.811119 0.265811 0.912568 0.100000 0.659963 1.490840 1.112372 0.401423 0.100000 0.450442 0.100000 0.356680 1.347344 0.100000 0.422464 0.833175 0.100000 1.290175 0.100000 0.542463 1.560979 0.513044 0.521987 0.207600 0.100000 0.901977 0.100000 0.763072 0.296242 0.153551 1.627504 0.283196 0.100000 0.100000 0.100000 0.100000 0.874942 0.395261 0.663905 
0.123803 0.216401 1.064486 0.334638 0.873970 0.100000 0.301767 0.570339 0.359706 0.329403 0.100000 0.100000 0.553346 0.700612 0.782143 0.100000 0.166254 0.442664 0.266418 1.004546 0.361248 0.269100 0.429804 0.634540 0.296976 0.556111 0.201919 0.100000 0.483508 0.526196 0.995841 0.350247 0.337619 0.100000 0.194205 0.710275 0.291445 0.100000 0.568468 0.745433 0.179013 0.276212 0.364669 0.168757 0.429781 0.322205 0.442297 0.364928 0.336154 0.473511 0.771321 0.218557 0.741448 0.100000 0.351939 0.383009 0.348648 0.100000 0.378949 0.426633 0.475881 0.100000 0.100000 0.100000 0.352181 0.680857 0.405370 0.257878 0.185351 0.100000 0.100000 0.611381 0.171173 0.699100 0.829413 0.100000 0.377382 
0.342748 0.100000 0.224246 0.100000 0.473663 0.100000 0.100000 0.111961 0.591216 0.100000 0.617831 0.100000 0.262257 0.326690 0.266383 0.100000 0.225872 0.370852 0.363564 0.341766 0.562237 0.327979 0.286155 0.100000 0.166981 0.210620 0.465363 0.457714 0.100000 0.643720 0.542699 0.100000 0.100000 1.162798 0.100000 0.461464 0.683744 0.100000 0.100000 0.183862 0.441748 0.100000 0.657902 0.178940 0.275638 0.292894 0.100000 0.506132 0.313584 0.188206 0.404242 0.287742 0.891664 0.199861 0.383762 0.974246 0.400403 0.195440 1.216809 0.733426 0.265524 0.100000 0.100000 0.100000 0.263453 0.642697 0.939807 0.100000 0.756988 0.111719 0.100000 0.749274 0.100000 0.100000 0.548583 0.100000 0.287570 
0.100000 0.100000 0.504918 0.747973 0.141458 0.100000 0.921372 0.132272 1.436170 0.100000 0.272581 0.489659 0.813826 1.511680 1.042638 0.890520 0.672260 0.704412 0.410911 0.583383 0.100000 0.100000 1.411016 0.408998 0.100000 0.917473 0.332939 0.100000 0.700171 1.302287 0.100000 0.100000 0.442206 0.185950 0.100000 0.100000 0.100000 0.293880 1.050130 0.100000 0.199530 0.899049 1.512685 0.680362 0.438802 0.100000 0.914722 0.354848 1.415344 0.279523 0.656184 0.100000 0.187816 0.468682 0.100000 0.369395 0.315435 1.395453 1.603844 0.100000 0.193010 0.407401 0.100000 1.272773 0.238284 0.100000 1.643699 0.100000 0.611955 0.174337 0.538712 1.430037 0.394810 0.679818 0.716310 0.496377 0.636339 
0.505938 0.100000 0.366328 0.237464 1.004470 0.100000 1.046024 0.100000 0.732713 0.919672 0.722848 0.176904 0.163425 1.113009 0.780051 0.100000 0.105374 0.521919 0.658878 0.100000 0.593094 0.100000 0.946203 0.225321 0.100000 0.100675 0.100000 0.510500 0.428206 0.629106 0.100000 0.354987 0.100000 0.100000 0.100000 0.445485 0.236815 0.100000 1.166925 0.100000 0.634576 0.100000 0.599065 0.525186 0.666683 0.100000 0.100000 1.586432 0.887012 0.368166 0.766128 0.231199 0.249733 0.100000 0.284375 0.100000 0.503173 0.669217 0.994567 1.247512 0.458090 0.100000 1.530051 0.100000 0.100000 0.739006 0.100000 0.595633 0.479889 0.100000 0.100000 0.404331 1.169663 0.488786 0.852175 0.100000 0.888885 
0.128539 0.320002 0.765164 0.147002 0.704221 0.100000 0.617677 0.100000 0.483010 0.397068 0.100000 0.100000 0.511009 1.161467 0.100000 0.356063 0.369452 0.179052 0.248210 0.430771 0.100000 0.100000 0.391770 0.265586 0.100000 0.101035 0.228908 0.464001 0.267112 0.988314 0.678497 0.306539 0.511068 0.239756 0.100000 0.334490 0.100000 0.605826 0.141748 0.291632 0.311947 0.100000 0.820040 0.837653 0.100000 0.647633 0.283828 0.100000 0.339501 0.628573 1.065311 0.100000 0.185845 0.100000 0.100000 1.058771 0.100000 0.238099 0.696178 0.725764 0.100000 0.217381 0.240024 0.542091 0.630463 0.503871 0.809290 0.100000 0.221012 0.100000 0.100000 0.471192 0.196724 0.102240 0.249886 0.650514 0.422378 
0.437232 0.100000 0.602430 0.249349 0.646075 0.100000 0.745411 0.152680 0.132101 0.677901 0.317727 0.100000 0.719321 0.881712 0.775634 0.551704 0.405478 0.875669 0.211758 0.150870 0.480200 0.216486 0.394647 0.427390 0.579108 0.774301 0.346892 0.353293 0.328261 0.491118 0.406848 0.257749 0.621338 0.737445 0.136416 0.393742 0.100000 0.455194 1.058655 0.541075 0.200980 0.805725 0.772965 0.639766 0.582769 0.185591 0.252854 0.930099 0.829678 0.466135 1.242515 0.714938 0.576323 0.641763 0.100000 0.716374 0.140667 1.056755 1.113503 0.546672 1.094360 0.100000 0.471972 0.851969 0.800086 0.715425 1.045539 0.578477 0.615430 0.259538 0.283629 0.721505 0.100000 0.444717 0.551573 0.404207 0.100000 
0.525952 0.191924 0.427014 0.322973 0.125986 0.100000 0.349109 0.405157 0.880162 0.470023 0.348358 0.520631 0.688043 0.113189 0.802832 0.796572 0.441282 0.538262 0.100000 0.591076 0.657363 0.974436 0.951256 1.104099 0.494486 0.575079 0.540597 0.424927 0.743591 0.530168 0.271384 0.436939 0.521457 0.261495 0.100000 0.504043 0.307308 0.300028 0.107046 0.307159 0.287708 1.068441 1.128869 0.480039 0.989269 0.783603 0.252908 0.598772 0.987309 0.480205 1.017773 0.529370 0.193088 0.947495 0.552190 1.516791 0.735054 0.470616 0.399404 0.637672 1.103818 0.567548 0.100000 0.100000 0.859226 0.451168 0.487532 0.718199 0.768107 0.150567 0.511022 0.369952 0.978257 0.871903 0.579526 0.350640 0.100000 
0.100000 0.345742 1.077798 0.177787 0.835850 0.100000 0.100000 0.265011 1.136026 0.219724 0.100000 1.075461 0.432261 0.100000 0.880443 0.100000 0.254378 1.662496 0.461232 0.774168 0.100000 0.882788 1.022722 1.321916 0.509616 1.383549 0.512229 0.178861 0.100000 0.644600 0.218002 0.231437 0.360117 1.092442 0.900944 0.100000 0.165161 0.415947 0.100000 0.100000 0.100000 0.649018 0.878719 0.134470 0.591821 0.916446 0.577797 0.879129 0.411967 0.749525 0.936649 0.286433 0.141908 0.326448 0.823133 0.722642 1.012168 0.798634 1.135283 0.100000 0.498195 0.100000 0.196213 0.259940 1.133121 0.837037 0.849496 0.797225 0.828381 0.185864 0.295216 0.874913 0.392329 0.349578 0.967153 0.645248 0.100000 
0.100000 0.100000 0.100000 0.564339 0.588868 0.100000 0.535372 1.193490 0.783063 0.370388 0.111995 0.100000 0.973719 0.256314 0.100000 0.100000 0.100000 0.636094 0.100000 0.976686 0.100000 0.309201 0.744978 0.449712 0.100000 0.106642 0.100000 0.247297 0.576306 0.178948 0.100000 0.722445 0.682714 0.328952 0.216889 1.022774 1.247713 0.100000 0.314058 0.115486 1.754512 0.215674 0.501025 0.434670 0.149918 0.504387 0.894793 0.100000 0.463996 0.100000 0.391672 0.100000 1.232848 0.951823 0.512831 0.603273 0.263829 0.524162 0.599093 0.156896 0.100000 0.323171 0.100000 0.853299 0.498947 0.417113 0.324087 0.387417 0.967494 1.626430 0.100000 0.100000 2.000270 0.439541 1.451686 0.100000 0.444446 
0.457207 0.644078 0.449220 0.750661 0.471694 0.254182 0.447818 0.306066 0.668628 0.857835 0.100000 0.543971 1.119600 0.263876 0.469522 0.319903 0.344640 0.917271 0.682501 0.864586 1.066725 0.100000 1.000713 0.527368 0.144243 0.514836 0.896189 0.294096 0.833633 0.677650 0.587817 0.437237 0.730270 0.874852 0.126224 0.891711 0.360130 0.755483 0.735204 0.124730 0.697486 0.589921 0.929184 0.810737 0.485349 0.365442 0.100000 0.295069 0.735754 0.489915 0.572044 0.438669 0.367367 0.651617 0.331065 0.477793 0.354985 0.617479 1.483550 0.877208 0.622429 0.100000 0.136966 0.123019 0.836854 0.861175 1.249557 0.561919 1.209131 0.436233 0.396020 0.635828 0.196439 0.673779 0.700029 0.100000 0.351493 
0.315992 0.446379 0.494444 0.207141 0.650521 0.430858 0.300299 0.100000 0.885184 0.490792 0.100000 0.100000 0.919417 0.566671 0.538597 0.100000 1.185576 0.232392 0.958380 0.781768 0.347051 0.802724 1.096172 0.100000 0.231067 0.546607 0.463662 0.100000 0.284224 1.211995 0.512274 0.769436 0.100000 0.676408 0.100000 0.542801 0.287650 0.662565 0.289972 0.137766 0.386805 0.504804 1.217939 0.491496 0.319751 0.154693 0.100000 0.333477 1.511757 0.221958 0.881146 0.243049 0.748297 0.100000 0.251587 0.906983 0.471138 0.100000 1.238349 0.517217 0.260200 0.681360 0.449091 0.100000 0.376802 1.103392 0.717721 0.334486 0.771442 0.440937 0.258441 0.315392 0.707025 0.160266 0.812370 0.497362 0.100000 
0.674203 1.272130 0.750299 0.547468 0.364692 0.153767 0.702075 0.100000 0.875849 0.100000 0.100000 0.100000 0.477682 0.672443 0.362004 0.100000 0.100000 0.855486 0.449141 0.333342 1.274194 0.100000 0.618693 1.312188 0.100000 0.575409 0.100000 0.764095 0.103205 0.100000 0.363928 0.366504 0.100000 0.441560 0.100000 0.626911 0.310502 0.100000 0.100000 0.100000 0.128166 0.100000 0.969498 1.284781 0.460319 0.706337 0.737879 0.535639 0.535936 1.518807 1.150088 0.100000 0.534443 0.100000 0.441699 0.171070 0.973541 0.100000 1.134092 1.325415 1.017215 0.282890 0.502009 0.723571 0.254228 1.445946 0.330624 0.322544 1.200761 0.175292 0.950469 0.462059 0.651659 0.100000 1.463165 0.562277 0.100000 
0.823520 0.100000 0.857732 0.772752 0.557115 0.100000 0.782520 0.775974 1.323712 0.100000 0.672007 0.100000 0.225604 0.100000 0.100000 0.548893 0.630518 1.177290 0.801152 0.785960 0.812214 0.456649 0.462029 0.448141 0.755432 0.398970 0.100000 0.494087 0.852686 0.343144 0.100000 0.100000 0.100000 0.593526 0.381977 0.130965 1.157586 0.858490 1.577990 0.797644 0.321381 0.100000 0.695250 0.654439 1.142926 0.488406 0.115009 0.100000 0.100000 0.100000 0.987577 0.512151 0.100000 0.100000 0.558837 1.774513 0.611466 0.114248 0.675567 0.650867 0.832958 0.163593 0.440085 0.100000 1.089150 0.479158 0.934277 0.100000 0.551786 0.586478 0.100000 0.409610 0.818516 0.321863 1.865087 1.071084 0.100000 
0.538259 0.100000 1.051591 0.276379 0.141189 0.238429 0.230941 0.259173 0.100000 0.349960 0.100000 0.100000 0.805522 0.415246 0.611574 0.100000 0.336512 0.391449 0.100000 0.100000 0.100000 0.800192 0.535068 1.169512 0.100000 0.100000 0.353293 0.680567 0.100000 1.016934 0.145580 0.100000 0.100000 0.649007 0.433073 0.100000 0.158846 0.300156 0.100000 0.100000 0.495957 0.593672 0.100000 0.616515 0.156849 0.333334 0.534944 0.100000 0.448903 0.100000 0.874757 0.100000 0.100000 0.183824 0.100000 0.784579 0.100000 0.563855 0.775688 0.500013 0.100000 0.342103 0.908645 0.120911 0.822450 0.855648 0.714944 0.188302 0.161362 0.513141 0.462223 0.427133 0.100000 0.100000 0.489906 0.339619 0.339140 
0.410443 0.100000 0.864672 0.100000 0.499968 0.100000 0.100000 0.100000 0.126297 0.100000 0.199446 0.131959 0.388276 0.100000 0.826023 0.357933 0.100000 0.225172 0.247504 1.262162 0.100000 0.100000 0.431789 0.401385 0.100000 0.171795 0.100000 0.239608 0.100000 0.343749 0.421399 0.234359 0.100000 0.100000 0.100000 0.100000 0.100000 0.100000 0.336027 0.100000 0.193141 0.100000 0.100000 0.592973 0.188359 0.100000 0.100000 0.202810 0.791889 0.343046 0.956003 0.107960 0.109083 0.191579 0.100000 0.847976 0.152181 0.584339 0.723761 0.532057 0.608346 0.519082 0.340092 0.539947 0.579621 0.205276 0.410707 0.194170 0.502788 0.303913 0.160738 0.100000 0.999420 0.844200 0.911750 0.209191 0.150964 
0.390975 0.224087 1.041049 0.100000 0.829515 0.822458 0.434498 1.142835 1.056726 0.335472 0.986121 0.100000 0.889588 0.258964 0.166615 0.210121 0.428146 0.367358 0.257388 0.671182 0.854939 0.100000 0.600702 1.328805 0.327549 0.501979 0.465399 0.100000 0.100000 0.688196 0.506477 0.444884 0.100000 0.527178 0.364722 0.864091 0.553415 0.100000 0.355587 0.822232 0.554353 0.861709 0.499067 0.580354 0.257404 0.219156 0.867234 0.195647 0.934573 0.529148 1.008430 0.758923 0.983866 0.244526 0.175190 0.929430 1.020732 1.061879 0.501659 0.765142 0.749641 0.100000 0.418581 0.590089 0.410615 0.990335 0.969054 0.450204 0.668973 0.655251 0.448816 1.077171 0.662988 0.445623 0.654871 0.600886 0.362061 
0.499588 0.100000 0.720599 0.100000 0.340994 0.622957 0.496696 0.956734 0.917951 0.100000 0.100000 0.230459 0.574340 0.723807 0.118261 0.393930 0.571625 0.611140 0.305164 0.589544 0.132589 0.163016 0.839621 0.955169 0.211119 0.413075 0.100000 0.100000 0.350842 0.308919 0.279251 0.828274 0.307992 0.953146 0.100000 0.376087 0.377024 0.430179 1.047106 0.100000 0.813021 0.776845 0.622296 0.803970 0.903855 0.600681 0.570902 0.447074 0.329887 0.566490 0.666211 0.743114 0.913177 0.697438 0.100000 0.371132 0.341152 0.170796 0.662959 0.629980 0.691967 0.100000 0.100000 0.616333 1.119889 0.399472 0.781312 0.256239 0.798772 0.344212 0.198587 0.538713 1.044821 0.829907 1.006609 0.100000 0.498519 
0.342302 0.370092 0.732494 0.800403 0.767567 0.140481 0.100000 0.457346 0.896312 0.221491 0.374041 0.287489 0.680439 0.669391 0.913322 0.100000 0.487808 0.550801 0.638713 0.461930 0.285417 0.178908 0.616494 0.810754 0.147933 0.100000 0.222714 0.134327 0.347452 1.129727 0.762795 0.379125 0.189907 0.431447 0.105699 0.178803 0.577552 0.324903 0.394171 0.353297 0.207565 1.135394 0.902146 0.907217 0.498783 0.539014 0.470549 0.100000 0.474488 0.697663 1.204216 0.100000 0.331617 0.100000 0.100000 0.757407 0.775129 0.793654 0.936568 0.777989 0.451351 0.100000 0.833261 0.433964 0.542061 0.814900 0.732412 0.574892 1.278913 0.551136 0.100000 0.531522 0.704904 0.825386 0.295364 0.814410 0.737753 
0.487790 0.100000 0.497166 0.404480 0.906324 0.100000 0.100000 0.136862 1.048153 0.134623 0.100000 0.158513 0.100000 1.139298 0.504231 0.100000 0.100000 0.441470 0.531070 0.616569 0.357036 0.176229 1.451338 0.147320 0.100000 0.176740 0.565786 0.100000 0.100000 1.237724 0.807165 0.100000 0.100000 0.100000 0.100000 0.243245 0.636011 0.593689 0.100000 0.100000 0.100000 1.090281 1.171175 0.722745 0.100000 0.409451 0.100000 0.530532 1.310067 0.819174 1.273803 0.238608 0.167446 0.270493 0.100000 1.257913 0.100000 0.738815 1.472880 0.746627 0.745596 0.149236 0.846241 1.379178 0.688916 1.209397 0.100000 0.827418 0.587438 0.116568 0.817778 0.425026 0.842138 0.602982 0.622225 0.757704 0.100000 
0.637266 0.302950 0.847246 0.100000 0.452122 0.241759 0.100000 0.100000 0.497581 0.324998 0.912330 0.634194 1.084583 1.312046 0.181936 0.781834 0.366670 0.848061 0.253888 0.649439 1.005754 0.261687 0.690660 0.376565 0.374406 0.704853 1.082843 0.533578 0.787134 1.097081 0.570899 0.262310 0.364591 0.341463 0.132293 0.520696 0.340724 0.636325 0.819294 0.383932 0.643776 0.438743 0.547648 1.322586 0.651105 0.622744 0.227838 0.308384 0.988023 0.534003 1.172474 0.673852 0.949884 0.801489 0.311908 1.030752 0.157941 0.957380 0.525078 0.484214 0.530824 0.353966 0.463308 0.219386 0.361960 1.349963 0.893430 0.100000 0.973821 0.228321 0.100000 1.186286 0.996972 0.560438 1.047547 0.305619 0.617440 
0.100000 0.100000 0.682661 0.100000 0.727445 0.100000 0.100000 0.273666 0.803524 0.866541 0.100000 0.232796 0.937402 0.593270 0.140244 0.100000 0.173722 0.433347 0.102654 0.970590 0.440812 0.443312 0.987838 1.063097 0.100000 0.222057 0.100000 0.419515 0.185890 0.441934 0.100000 0.193408 0.100000 0.573810 0.469732 0.100000 0.310620 0.100000 0.287890 0.100000 0.259837 0.346761 0.859336 0.429019 0.262614 0.100000 0.491309 0.104174 0.502807 0.531938 0.968397 0.100000 0.331616 0.242740 0.100000 1.143065 0.100000 0.659427 0.479270 0.458987 0.557596 0.129061 0.477246 0.272042 0.670779 0.574116 0.265931 0.263050 0.726467 0.113154 0.100000 0.215389 0.599594 0.887382 0.669668 0.373120 0.100000 
0.641790 0.100000 0.316165 0.606106 0.445782 0.100000 0.100000 0.608539 0.579016 0.100000 0.181027 0.100000 0.100000 1.078017 0.613436 0.424559 0.280841 0.615728 0.100000 0.493937 0.100000 0.100000 0.737384 0.578690 0.100000 0.261755 0.133709 0.899337 0.100000 0.151594 0.721212 0.196643 0.425231 0.201510 0.100000 0.579855 0.951772 0.100000 0.100000 0.144290 0.517758 0.271086 0.998515 0.926018 0.910016 0.218292 0.728789 0.494676 0.686425 0.852669 0.659920 0.100000 0.100000 0.795661 0.100000 0.215654 0.151840 0.560051 0.715657 0.403805 0.813420 0.274307 0.140626 0.100000 0.124728 1.021841 0.100000 0.396178 0.220041 0.100000 0.320922 0.100000 0.622543 0.141352 0.563371 0.100000 0.100000 
0.569508 0.563974 1.259339 0.100000 0.122972 0.100000 0.873075 0.100000 1.013903 0.318207 0.302962 0.904869 0.305257 0.773251 0.614280 0.287998 0.100000 0.310640 0.106603 0.636545 0.100000 0.100000 1.623744 0.682984 0.938093 0.364836 0.602927 1.091743 0.100000 0.143807 0.496408 0.611694 0.100000 0.790716 0.100000 1.343111 1.352284 0.477893 0.349463 0.100000 0.472684 0.384866 0.100000 0.100000 0.100000 0.726188 0.752521 0.306699 1.941398 0.612071 1.324198 0.893633 0.219440 0.416491 0.100000 1.156542 0.121148 1.341439 0.932568 0.359154 0.660711 0.913147 0.674127 0.705222 0.100000 0.645158 0.130649 0.424619 0.281293 0.227376 0.100000 0.100000 0.554031 0.323575 0.139556 0.100000 0.100000 
0.100000 0.100000 0.617398 0.225708 0.427185 0.777271 0.261744 0.100000 1.178830 0.407641 0.146991 0.100000 0.218899 0.318652 0.624731 0.100000 0.100000 0.146063 0.100000 0.828802 0.511146 0.612127 0.388291 0.479946 0.100000 0.460766 0.445091 0.100000 0.438670 0.166689 0.317554 0.100000 0.100000 0.614331 0.323768 0.589375 0.242917 0.331324 0.100000 0.100000 0.568584 0.232259 0.212689 1.188964 0.567818 0.100000 0.150114 0.100000 0.722605 0.100000 1.168354 0.273179 0.448378 0.453390 0.261263 0.750683 0.334746 0.867665 0.647098 0.863773 0.806133 0.100000 0.100000 0.277806 0.747126 0.883970 0.348388 0.137230 0.625526 0.324007 0.133716 0.100000 0.266028 0.329536 0.626127 0.307887 0.177560 
0.100000 0.349905 1.271302 0.100000 0.842786 0.394307 0.135408 1.216662 1.332320 0.100000 0.100000 0.162632 0.810468 0.637648 0.411762 0.122696 0.817064 0.420285 0.118788 0.665406 0.570614 0.624996 0.684659 0.620896 0.436714 0.825154 0.100000 0.212847 0.705881 1.006772 0.296963 0.324661 0.112934 0.471432 0.100000 0.363312 0.929922 0.320159 0.124610 0.238939 0.393889 0.224443 0.680891 0.456704 0.677443 0.100000 0.100000 0.278933 0.251008 0.100000 1.464437 0.590431 0.660814 1.027822 0.586045 0.978670 0.507115 0.680192 0.774771 0.556476 0.507968 0.685809 0.200810 0.117493 0.380319 0.620866 0.474654 0.100000 0.315906 0.100000 0.243251 0.253534 0.779768 0.100000 0.833733 0.182476 0.189905 
