85 Number of operations
27 Number of workers
Standard production times
0.395487 0.532490 0.222502 0.307822 0.261232 0.472611 0.856732 0.348992 0.510849 0.592732 0.929213 0.391227 0.206876 0.575733 0.100000 0.623915 0.189126 0.198222 0.386496 0.383715 0.967043 0.350765 0.541102 0.253267 0.159032 0.456081 0.295062 0.100000 0.627160 0.519564 0.619080 0.716055 0.419631 0.380416 0.100000 0.410165 0.555420 0.278717 0.305743 0.100000 0.571778 0.269913 0.412373 0.663896 0.543813 0.237312 0.591981 0.366152 0.400966 0.541476 0.611755 0.607141 0.514341 0.395286 0.100000 0.249166 0.430479 0.769328 0.427803 0.599307 0.100000 0.665435 0.232499 0.665336 0.283636 0.157893 0.336602 0.575480 0.716322 0.403792 0.756102 0.159809 0.168989 0.100000 0.420959 0.465930 0.486587 0.338208 0.671367 0.487711 0.500298 0.406885 0.239311 0.920120 0.766699 
Production times: workers row and ops columns
0.404261 1.408078 0.873102 0.540028 0.145456 0.397587 0.859217 0.280922 0.340175 0.515441 0.946360 0.336162 0.100000 0.397065 0.965131 0.281963 0.100000 0.427940 0.389422 0.610862 1.306797 0.829549 0.866692 0.100000 0.591775 0.100000 0.360736 0.100000 0.408920 0.797064 0.664103 1.122012 0.100000 0.734310 0.349382 0.548116 0.229777 0.303185 0.100000 0.100000 1.655702 0.661171 1.050151 0.635192 0.852672 0.546537 0.872435 0.467250 0.432492 0.100000 0.894798 0.834191 0.949707 0.413013 0.722544 0.214916 0.153851 1.150777 0.387299 0.322891 0.237447 0.992386 0.404931 0.914564 1.616244 0.504230 0.896130 0.100000 0.925838 0.736017 0.746758 0.100000 0.387945 0.105615 0.342832 0.910781 0.987256 0.528997 0.635098 0.742022 0.849135 0.696071 0.100000 0.918714 0.974439 
0.583722 0.660001 0.100000 0.100000 0.100000 0.913954 0.810855 0.414942 0.720757 0.394032 0.483913 0.163270 0.100000 0.926164 0.260879 0.197788 0.288393 0.318687 0.100000 0.251160 0.311922 0.349911 0.346394 0.100000 0.100000 0.428066 0.100000 0.100000 0.692959 0.167431 0.425399 1.259459 0.355963 0.100000 0.100000 0.100000 0.795244 0.289808 0.531485 0.270654 0.588867 0.462565 0.369845 0.365234 0.136758 0.100000 0.100000 0.813950 0.100000 0.418484 0.116485 0.100000 0.389667 0.203886 0.100000 0.313850 0.144966 0.782967 0.481779 0.398854 0.100000 0.726962 0.149674 0.613062 0.100000 0.100000 0.349566 0.434836 0.717094 0.875105 0.681711 0.259409 0.100000 0.100000 0.176964 0.100000 0.384306 0.100000 0.518867 0.100000 0.100000 0.104186 0.100000 0.624240 0.483071 
0.918226 1.216998 0.585179 0.128084 1.009708 0.100000 0.100000 0.482979 0.509746 0.523087 0.945496 0.100000 0.100000 1.192750 0.614092 0.262975 1.155705 0.100000 0.100805 0.529931 0.369543 0.106800 0.454567 0.100000 0.594452 0.752484 0.100000 0.100000 0.717193 0.486099 0.225205 0.928432 0.829574 0.100000 0.494530 0.100000 0.100000 0.528687 0.100000 0.100000 0.440084 0.100000 0.575907 0.100000 0.358053 1.817795 0.646956 0.100000 0.700876 0.816168 1.303646 0.681316 0.187570 1.099703 0.456031 0.100000 0.804278 0.652880 0.983126 0.412637 0.493073 0.762519 0.525601 0.655142 0.100000 0.191549 0.652501 0.784276 1.523910 0.616595 1.073784 1.210924 0.202052 0.367779 0.119389 0.486909 1.307544 0.494057 1.396951 0.100000 0.100000 0.560647 0.100000 2.255288 1.390924 
0.100000 0.448905 0.100000 0.515832 0.232308 0.938555 1.590898 0.238332 0.100000 0.874067 0.846956 0.963655 0.130817 0.990627 0.268033 0.529393 0.100000 0.554984 1.651363 0.802523 0.901202 0.704561 0.598129 0.100000 0.313955 1.230226 0.137148 0.100000 0.871408 1.435038 1.089168 1.225414 1.570820 1.190962 0.456342 0.305813 0.624229 0.227041 0.729919 0.100000 1.344472 0.342833 0.212320 1.071499 0.100000 0.100000 0.263121 0.776434 0.156387 1.253959 0.388326 0.867696 0.160244 0.973051 0.100000 0.508628 0.183981 0.226054 0.312345 1.148312 0.100000 0.100000 0.100000 1.055713 0.100000 0.100000 0.428753 0.410142 0.859926 0.998556 0.766702 0.127104 0.552047 0.100000 0.100000 0.100000 0.100000 1.294509 0.648735 0.776166 0.859200 0.100000 0.553699 0.637873 0.100000 
0.190108 0.367975 0.100000 0.106430 0.264196 1.057373 0.607998 0.199804 0.522335 0.548689 0.781685 0.100000 0.100000 0.420720 0.100000 0.326585 0.100000 0.435567 0.100000 0.854320 0.692928 0.100000 0.100000 0.387111 0.367011 0.101481 0.294524 0.100000 0.454428 0.464923 0.748601 0.100000 0.100000 0.342423 0.100000 0.515593 0.100000 0.100000 0.668804 0.100000 0.580808 0.100000 0.190787 0.150569 0.799627 0.100000 0.132539 0.100000 0.653902 0.531239 0.715535 0.501843 0.485153 0.443497 0.463883 0.223223 0.100000 1.013458 0.356470 0.167075 0.100000 0.270608 0.758504 0.461949 0.100000 0.148863 0.100000 0.862111 0.656799 0.100000 0.505864 0.100000 0.100000 0.100000 0.100000 0.424809 0.123818 0.100000 0.796937 0.956791 0.211574 0.850510 0.100000 0.988931 0.492078 
0.273286 0.136541 0.100000 0.113378 0.100000 0.496044 1.454649 0.100000 0.364526 0.100000 0.100000 0.708576 0.100000 0.252054 0.100000 0.797190 0.183709 0.658084 0.231746 0.100000 0.908730 0.286600 0.195432 0.100000 0.100000 0.876436 0.100000 0.100000 0.610990 0.100000 0.647185 0.738151 0.100000 0.112470 0.100000 0.794627 0.573906 0.100000 0.100000 0.100000 0.467776 0.100000 0.399744 0.504697 0.766862 0.268535 0.464021 0.306841 0.100000 0.706899 0.626716 0.382043 0.449680 0.134280 0.746155 0.100000 0.486130 0.778663 0.100000 0.501004 0.100000 0.640289 0.209391 0.795623 0.418542 0.100000 0.100000 0.298537 0.357562 0.100000 0.837203 0.100000 0.100000 0.100000 0.100000 0.100000 0.355698 0.438977 0.749659 0.364279 0.100000 0.304190 0.140019 1.031845 0.896460 
0.682153 0.622084 0.531360 0.544978 0.310021 0.100000 0.757178 0.700606 0.655797 0.978686 0.925641 0.515308 0.544933 0.882080 0.317505 1.050573 0.689720 0.715325 0.100000 0.337819 0.968473 0.341380 0.149818 0.743604 0.100000 0.585931 0.100000 0.100000 0.649745 0.338804 0.939703 1.530200 0.256957 0.220853 0.725545 0.678777 0.560592 0.100000 0.625538 0.263948 1.137532 0.108627 0.460305 0.671516 0.578763 0.654602 0.944691 0.274026 0.473269 0.572232 0.978492 0.654268 0.278953 0.391693 0.185667 0.624332 0.913227 1.256559 0.637036 0.543927 0.374386 0.708158 0.144923 0.852112 0.503725 0.516952 0.165137 0.173389 0.966077 0.212393 1.153147 0.100000 0.100000 0.100000 1.131954 0.424688 0.557796 0.276164 0.695013 0.831814 0.626737 0.498204 0.691116 0.608992 1.200758 
0.968554 0.210480 0.398386 0.100000 0.100000 0.312473 1.108341 0.670588 0.494861 0.427359 0.892021 0.270535 0.112115 0.100000 0.122863 0.682822 0.937865 0.495487 0.438417 0.499623 1.159550 0.234079 0.100000 0.127855 0.184589 0.584152 0.173180 0.100000 0.640849 0.628582 0.883259 0.736160 0.643862 0.173519 0.436857 0.485941 0.239270 0.295717 0.430590 0.100000 0.882382 0.263072 0.641970 0.458538 0.730137 0.548647 0.553121 0.401816 0.323076 0.734957 0.714765 0.850783 0.590249 0.107619 0.100000 0.208214 0.662541 1.542127 0.782450 0.509328 0.100000 0.913783 0.331913 0.395837 0.646343 0.254660 0.307501 0.100000 1.101058 0.519064 0.776295 0.100000 0.153846 0.566555 0.673127 1.162881 0.901103 0.538037 1.036674 0.632377 0.161494 0.321831 0.435712 0.736186 0.707657 
1.234259 0.100000 0.100000 0.100000 0.741784 1.030869 0.574172 0.631553 0.100000 0.588911 2.231063 0.859185 0.181443 0.100000 0.100000 0.100000 0.100000 0.497954 0.674633 0.480679 1.463796 0.100000 1.237167 0.100000 0.346177 0.681798 0.832243 1.098055 0.799884 0.328163 0.100000 0.845057 0.100000 0.100000 0.100000 0.745738 0.400429 0.100000 0.376564 0.100000 0.100000 0.999398 0.533810 1.654006 0.100000 0.755771 0.503553 1.705974 0.293254 0.319248 0.823665 0.701622 0.284774 0.851160 0.445090 0.692012 0.630688 0.414501 0.100000 0.895803 0.100000 1.514457 0.248746 0.268247 0.802419 0.147796 0.935192 0.681373 1.600470 0.212050 0.100000 0.100000 0.100000 0.394947 1.325532 0.368411 0.100000 0.679669 0.898217 0.297129 0.704272 0.410090 0.100000 1.262928 0.514315 
0.117725 0.561593 0.792904 0.996532 0.781273 0.424110 0.648581 0.552175 0.562248 0.734442 0.690092 0.225361 0.100000 0.907544 0.518696 0.519128 0.463911 0.490684 0.264516 0.486678 1.311073 0.146366 1.014987 0.291416 0.276842 0.482776 0.100000 0.301711 0.725112 0.496523 0.653098 0.941248 0.475406 0.321343 0.224129 0.736413 0.666198 0.139862 0.655007 0.111077 0.847386 0.326123 0.229084 0.381363 0.373663 0.267069 0.100000 0.581054 0.830849 0.568827 0.378903 0.207048 0.681936 0.618879 0.217276 0.558074 0.328753 0.793565 0.610529 0.631497 0.346160 0.914111 0.250953 0.476146 0.166323 0.586555 0.100000 0.693399 0.517424 1.195927 0.665739 0.449922 0.100000 1.157570 0.120091 0.672861 0.210667 0.683970 0.394623 0.454657 0.121757 0.387573 0.339500 1.542487 0.175789 
0.100000 0.804945 0.243467 0.100000 0.155135 0.667960 0.837972 0.326967 0.120541 0.392219 1.171205 0.100000 0.100000 0.612447 0.262984 0.816914 0.100000 0.100000 0.767238 0.884451 1.564298 0.520495 0.962799 0.104680 0.100000 0.368416 0.170216 0.595830 1.023655 0.258237 0.404574 0.689623 0.451128 1.082681 0.100000 1.046287 0.100000 0.100000 1.129681 0.286613 0.612744 0.554275 0.295132 0.681452 0.642206 0.336187 0.760399 0.100000 0.569934 0.176462 0.891766 0.513069 0.627322 0.523057 0.100000 0.100000 0.348414 0.981729 0.884556 0.562186 0.100000 0.774533 0.211534 1.029865 0.872934 1.115732 0.100000 0.328987 0.668280 0.780621 1.080920 0.177776 0.539796 0.100000 0.228692 0.604791 0.100000 1.107576 0.267384 0.100000 0.648645 0.100000 0.100000 0.827466 1.393483 
1.900203 0.608313 0.100000 0.428340 0.582709 0.100000 1.019897 1.125160 0.746499 0.195657 0.644907 0.100000 0.100000 0.280620 0.781913 0.100000 0.100000 0.285364 0.672012 0.103216 1.054614 0.673940 0.899543 0.427408 0.419510 0.100000 0.684245 0.161342 0.208694 0.315836 0.466046 0.436489 0.329763 0.178542 0.100000 1.470557 0.736174 1.369582 0.159389 0.892468 0.498307 1.039619 0.862318 1.034022 0.447211 0.338311 1.247634 0.100000 0.100000 0.100000 0.148451 0.907297 0.923266 0.290600 0.656708 0.100000 0.128250 0.827237 0.624165 0.530538 0.100000 0.944791 1.077440 0.475842 0.293889 0.100000 0.332242 0.117700 0.799846 1.174436 1.015020 0.100000 0.568394 0.100000 1.021078 0.614176 0.100000 0.174086 0.215932 1.478793 0.780880 0.100000 0.100000 0.994233 0.477655 
0.215616 0.542468 0.100000 0.387776 0.658293 0.464512 0.939118 0.100000 0.255475 0.580216 0.563054 0.100000 0.350522 0.278843 0.100000 0.554094 0.207375 0.273138 0.439954 0.192861 1.107034 0.139654 0.543559 0.100000 0.100000 0.100000 0.606459 0.100000 0.304844 0.100000 0.298638 1.001425 0.123258 0.568513 0.100000 0.206118 0.135676 0.258090 0.507227 0.225681 0.620817 0.100000 0.333503 0.214538 0.180983 0.237690 0.163731 0.399690 0.195286 0.857573 0.449984 0.638083 0.697402 0.451018 0.171577 0.100000 0.576590 0.166222 0.103095 0.100000 0.100000 0.339795 0.100000 0.245983 0.106888 0.100000 0.151913 0.693951 0.100000 0.261604 0.582275 0.100000 0.100000 0.396290 0.401363 0.169188 0.577281 0.317553 0.159744 0.250387 0.359911 0.283866 0.214860 0.795665 0.654731 
0.309879 0.496128 0.141262 0.533870 0.300478 0.372359 1.156189 1.149624 0.544495 1.048843 0.849184 0.536874 0.562231 0.996529 0.823813 0.570167 0.305280 0.697347 0.870292 0.225650 1.062789 0.750273 1.006562 0.100000 0.365433 0.100000 0.699050 0.727319 0.399360 0.554087 0.294707 0.678527 0.682522 0.655939 0.321587 0.100000 0.403033 0.938395 0.475139 0.100000 0.747656 0.196307 0.562008 0.535129 0.442074 0.100000 1.217430 0.681952 0.688332 0.902302 0.674713 0.383266 0.768261 0.702508 0.361518 0.232430 0.100000 1.107531 0.651447 0.682283 0.130574 0.727568 0.165004 0.325061 0.352542 0.129314 0.533054 0.583467 0.902517 0.143383 0.992276 0.880422 0.240201 0.389291 0.784213 0.673254 0.660129 0.100000 0.527762 1.051612 0.662698 0.571312 0.922198 0.508307 1.183407 
0.691997 0.100000 0.134209 0.536575 0.152087 0.344844 1.139863 0.393985 0.669150 0.645612 1.070739 0.583393 0.970821 0.798511 0.100000 0.839709 0.368302 1.291426 0.100000 0.692700 1.146427 0.911072 0.336394 0.100000 0.365922 0.808565 0.528348 0.391014 0.714776 0.921735 0.758878 0.666097 0.961001 0.222855 0.100000 0.392690 0.615078 0.360168 0.316742 0.313328 0.570747 0.110075 0.932530 0.712379 0.972441 0.390177 0.838254 0.929315 0.100000 0.979974 0.731854 0.969440 0.480341 0.498339 0.154583 0.100000 0.511973 1.412488 0.909870 1.120803 0.133070 0.713478 0.200623 0.149302 0.312232 0.100000 0.699105 0.955332 0.948254 0.237150 0.678898 0.663267 0.367278 0.503062 0.388138 0.856632 0.490379 0.294003 0.853776 0.371906 0.256691 0.916183 0.548643 0.879493 0.861518 
0.835950 0.479812 0.100000 1.088004 0.100000 0.435828 0.299159 0.100000 0.709112 0.299382 1.219138 0.443489 0.257055 0.860324 0.395575 1.131703 0.100000 0.100000 0.688325 0.713738 0.906020 0.100000 0.641968 0.100000 0.100000 0.892647 0.100000 0.812275 0.761392 0.699739 1.527708 1.085407 0.423707 0.313282 0.100000 0.100000 0.765511 0.384931 0.197874 0.460820 0.488643 0.100000 0.176925 0.742753 0.731910 0.890499 0.564009 0.612714 0.796516 0.811924 0.790417 0.356649 0.486136 1.134660 0.242046 0.327748 0.170456 0.933686 1.034632 0.509718 0.100000 0.734392 0.171251 0.555102 1.018276 0.475929 0.100000 0.638924 1.073781 0.395116 1.079873 0.100000 0.405618 0.165532 0.670175 0.528111 0.368777 0.536253 0.889018 0.761339 0.170436 0.336450 0.251014 0.914572 0.735560 
0.507332 1.175500 1.046474 0.853676 0.498312 0.100000 0.495699 0.582388 0.100000 1.117695 0.562454 0.435001 0.100000 0.673624 0.100000 0.436218 0.100000 0.100000 0.100000 0.838356 0.375991 0.671499 0.431583 0.441591 0.107573 0.386066 0.100000 1.375569 1.099205 0.963359 0.100000 0.323532 0.100000 0.418740 0.100000 0.667180 0.549289 0.619519 0.808990 0.100000 0.205066 0.100000 0.766637 0.554587 0.265923 0.100000 0.709990 0.295390 0.395038 0.301668 0.100000 1.172066 0.455462 0.461202 0.100000 0.853776 0.100000 0.475489 0.100000 0.100000 0.422972 0.373970 0.100000 0.523205 0.100000 0.114274 0.100000 0.633013 0.100000 0.100000 1.050066 0.517538 0.100000 0.226154 0.342304 0.978428 0.100000 0.470470 1.034298 0.100000 0.114746 0.817165 0.100000 1.309052 0.794551 
0.500789 0.189041 0.321869 0.492136 0.163527 0.847748 0.532544 0.402027 0.484195 0.419277 0.564203 0.100000 0.100000 0.592067 0.100000 0.648115 0.190599 0.129528 0.521870 0.705306 0.590855 0.496725 0.121001 0.978185 0.100000 0.410842 0.624681 0.295496 0.976893 1.013907 0.601781 1.376995 0.300816 0.368390 0.435698 0.100000 0.441609 0.289099 0.627149 0.100000 0.902487 0.100000 0.781611 0.970097 0.471519 0.231951 0.614500 0.331250 0.309318 1.026185 0.816502 0.821306 0.133647 0.466110 0.506003 0.366530 0.354449 0.820722 0.748159 0.628828 0.100000 0.517604 0.356326 0.280483 0.364190 0.377673 1.080669 1.091453 0.912554 0.100000 0.923983 0.100000 0.100000 0.512842 0.268328 0.747982 0.626509 0.697726 0.698173 0.524898 1.042301 0.699862 0.433644 1.010655 1.023241 
0.322290 0.819161 0.160127 0.100000 0.100000 0.125638 1.842410 1.028403 0.304639 0.182483 0.671403 0.272445 0.804061 0.281854 0.100000 0.360682 0.100000 0.942312 0.303009 0.423261 0.934207 0.100000 0.653286 0.489397 0.100000 0.625755 0.113450 0.100000 1.018105 0.310144 0.865323 0.751695 0.414995 0.122102 0.100000 0.407079 1.147114 0.466095 0.905698 0.109975 0.100000 0.860157 0.385601 1.216034 0.922092 0.661821 0.820134 0.100000 0.819717 0.686679 0.992479 1.058270 0.680263 0.726761 0.100000 0.303433 0.789818 1.099329 0.100000 0.100000 0.100000 0.688690 0.369932 1.483062 0.903418 0.100000 0.652261 0.370025 1.112922 0.100000 1.403900 0.100000 0.100000 0.100000 0.829293 0.498842 0.700407 0.710779 0.252110 1.316787 0.885971 0.523963 0.240325 0.793003 0.502461 
0.554159 0.627022 0.156605 0.459554 0.973621 0.711737 0.362769 0.100000 0.824999 0.281756 1.116216 0.678510 0.515674 1.271555 0.100000 0.792626 0.111390 0.100000 0.255955 0.921415 1.507887 0.209569 0.885451 0.304162 0.530657 0.293624 0.492599 0.246277 0.468589 0.455793 0.574132 0.825403 1.024754 0.964814 0.687388 0.697882 0.953128 0.100000 0.431594 0.542217 0.788473 0.181834 0.667442 0.839084 0.709042 0.186224 0.904189 0.428869 0.281893 0.650283 0.895186 1.124488 0.970433 0.100000 0.529992 0.532969 0.685692 1.299492 1.048021 0.913764 0.183157 0.621046 0.418131 0.903339 0.198660 0.800189 0.922544 0.961459 1.414511 0.798788 0.774195 0.556956 0.903400 0.157668 0.166096 0.885224 0.100000 0.159905 0.905028 0.490534 1.141591 0.535804 0.555354 1.378834 0.906698 
0.856743 0.100000 1.278154 0.391328 0.167186 0.193418 0.992777 0.100000 0.642462 0.290976 0.232587 0.100000 0.100000 0.776772 0.174171 0.376402 0.357884 0.100000 0.369306 0.244142 1.175894 0.100000 0.467875 0.237827 0.100000 0.481845 0.273599 0.560352 0.100000 0.100000 0.100000 0.822916 0.152960 0.100000 0.218196 0.838656 1.494656 0.896208 0.100000 0.823225 0.199112 0.479046 0.797882 0.100000 0.610275 0.285954 1.681355 0.100000 0.778634 0.454869 0.653802 0.142667 1.004356 1.017904 0.693707 0.100000 0.100000 0.732585 0.991500 1.000689 0.100000 0.321209 1.070303 1.374650 0.100000 0.125666 0.289775 1.613093 1.069444 0.965429 0.318920 0.298649 0.116464 0.175000 0.625359 0.430942 0.100000 0.919538 0.202337 0.100000 0.100000 0.583191 0.302123 0.591411 0.332704 
0.346014 0.343918 0.100000 0.343737 0.432985 0.482393 1.010805 0.322322 0.874728 0.765667 0.729975 0.621780 0.216664 0.324982 0.100000 0.439049 0.100000 0.100000 0.141559 0.100000 0.608610 0.100000 0.100000 0.112839 0.121780 0.459476 0.536691 0.100000 0.384431 0.421099 0.893359 1.092096 0.153368 0.401239 0.100000 0.482763 0.100000 0.100000 0.100000 0.100000 0.585667 0.100000 0.698182 0.800384 0.822456 0.384510 0.354174 0.379336 0.100000 0.100000 0.661762 1.043511 0.479926 0.100000 0.100000 0.331104 0.639351 0.716297 0.848232 0.825938 0.122723 0.462591 0.857076 0.436953 0.100000 0.100000 0.315053 0.100000 0.781363 0.100000 0.851520 0.100000 0.100000 0.100000 0.366772 0.284838 0.100000 0.170251 0.731771 0.100000 0.771481 0.289134 0.100000 0.856653 0.596263 
0.674952 0.519833 0.185732 0.628538 0.413199 0.752229 0.886042 0.834746 0.560715 0.868727 0.978555 0.447005 0.574785 0.929320 0.219067 0.763665 0.185329 0.494598 0.596336 0.742303 1.134252 0.453947 0.901656 0.316712 0.485898 0.868057 0.839317 0.261778 0.820591 0.901700 0.771773 0.998066 0.581197 0.486697 0.100000 0.578342 0.851334 0.480559 0.359236 0.301142 1.145942 0.398097 0.356439 1.291852 0.534460 0.817315 0.893809 0.106625 0.490162 0.619851 0.686875 0.675733 0.857369 0.650244 0.657495 0.336588 0.561243 1.123288 0.561594 0.635121 0.357927 0.534086 0.100000 0.687487 0.602849 0.563933 0.203230 0.574405 0.973591 0.635611 0.670941 0.573472 0.237209 0.221216 0.381472 0.940707 0.948630 0.417483 1.182339 0.933877 0.849973 0.545704 0.638970 0.873695 0.764385 
0.463763 0.844884 0.740909 0.100000 0.367664 0.386886 1.131615 0.100000 1.159735 0.559646 1.473744 0.152551 0.483292 1.183346 0.603370 0.416799 0.100000 0.100000 0.643539 0.100000 1.630670 0.710416 1.096163 0.232331 0.224251 0.586326 0.100000 0.100000 0.789038 0.520872 0.716456 0.482556 0.712008 0.893308 0.327285 0.376570 0.909594 0.633513 0.492119 0.100000 0.104478 0.922417 0.662128 0.663472 0.441532 0.100000 1.009459 0.446468 0.592157 0.611045 0.692412 0.865798 0.226412 0.302258 0.361103 0.692346 0.650795 1.021306 0.268209 0.507091 0.284456 0.807657 0.280616 0.767623 0.100000 0.100000 0.629670 0.684581 0.582392 0.593844 1.903665 0.100000 0.387238 0.187121 0.354365 0.339519 0.917081 0.282081 0.248069 1.117901 0.409484 0.735264 0.423741 0.923264 1.384196 
0.543729 0.757958 0.100000 0.100000 0.673839 1.489279 1.192993 0.100000 1.066463 0.100000 0.478573 0.374172 0.296837 0.497058 0.100000 1.816994 0.100000 0.337908 0.914123 0.733326 0.142356 1.042371 1.204808 0.100000 0.100000 1.138646 0.385269 0.100000 0.873451 0.101354 0.100000 0.100000 0.603772 0.100000 0.100000 0.162560 0.941017 0.221328 0.753480 0.100000 1.135513 1.108754 0.406937 0.627975 0.100000 0.100000 1.449073 0.723312 0.100000 0.100000 0.285869 0.622966 0.546425 0.368644 0.294139 0.240468 0.121875 0.876123 0.100000 0.118228 0.100000 0.969308 0.518225 1.304332 0.866350 0.258906 0.406439 0.845937 0.455599 0.173040 0.856289 0.100000 0.257280 0.224558 1.137748 0.100000 0.176502 0.939362 0.364940 0.631831 0.129742 1.051123 0.100000 0.644608 0.353128 
0.215787 0.656574 0.100000 0.898828 0.100000 0.629739 1.217294 0.271719 0.382603 0.283148 0.527750 1.247098 0.612588 1.042016 0.100000 0.541818 0.100000 0.512748 1.019047 0.275211 0.826952 0.856142 0.280736 0.535840 0.100000 0.773421 0.233441 0.100000 0.774769 0.153881 0.847611 1.386040 0.904070 0.100000 0.100000 0.100000 0.331913 0.100000 0.100000 0.784576 0.779080 0.399626 0.296908 0.798612 0.795001 0.378826 0.953397 0.751043 0.295071 0.315306 1.107250 0.275776 0.721800 0.580070 0.698294 0.127282 0.100000 1.326790 0.262659 0.100000 0.100000 0.750039 0.702366 0.915288 0.351885 0.100000 0.450844 0.868314 0.576493 0.572445 1.377967 0.205326 0.185683 0.126035 0.584318 0.371820 0.853581 0.573199 0.988495 0.466475 0.858287 1.003777 0.277009 0.930328 0.849808 
0.148372 0.233198 0.100000 0.558992 0.251392 0.274150 0.627064 0.100000 0.670397 0.229875 0.834181 0.312368 0.100000 0.393512 0.122522 0.100000 0.100000 0.100000 0.181559 0.381746 1.192263 0.233334 0.521848 0.213856 0.100000 0.207581 0.114985 0.258275 0.362289 0.567145 0.681412 0.218866 0.100000 0.605165 0.100000 0.611379 0.471795 0.378245 0.100000 0.633814 0.100000 0.100000 0.391609 0.891651 0.643193 0.394278 0.160234 0.377626 0.704170 0.100000 0.165817 0.567536 0.833911 0.512148 0.100000 0.100000 0.220574 0.205518 0.940012 0.350501 0.100000 0.100000 0.187721 0.541472 0.555825 0.316665 0.199430 0.651123 1.196426 0.100000 0.538487 0.285173 0.100000 0.142595 0.100000 0.612782 0.598018 0.100000 0.190384 0.485369 0.414019 0.100000 0.445392 0.600801 1.115713 
