88 Number of operations
25 Number of workers
Standard production times
0.316753 0.329536 0.601187 0.574200 0.148199 0.342140 0.477528 0.440681 0.548592 0.328550 0.344599 0.412236 0.184530 0.788143 0.631702 0.746284 0.295558 0.409962 0.523515 0.638310 0.325394 0.463310 0.597757 0.734223 0.101388 0.538690 0.404399 0.345633 0.371326 0.699244 0.394193 0.100000 0.483669 0.511984 0.376845 0.100000 0.380657 0.602008 0.518858 0.322163 0.501007 0.472310 0.100000 0.406794 0.260166 0.248443 0.719591 0.207792 0.642205 0.550050 0.324206 0.136377 0.834115 0.634234 0.253970 0.167713 0.558518 0.408329 0.391247 0.202385 0.368464 0.551609 0.351636 0.317824 0.470953 0.567863 0.565785 0.462698 0.270132 0.363038 0.597331 0.244849 0.224071 0.280922 0.348663 0.517629 0.717372 0.517625 0.354004 0.491447 0.562327 0.483009 0.229795 0.657157 0.590868 0.207363 0.429089 0.603739 
Production times: workers row and ops columns
0.100000 0.493708 1.174203 1.471747 0.987747 0.100000 0.279376 0.481955 0.139837 0.265581 0.830317 1.011677 0.100000 0.683998 0.854461 0.624198 0.100000 0.821173 0.238310 0.100000 0.388238 0.432193 0.681219 0.337806 0.100000 0.928792 0.554754 0.100000 0.100000 1.050955 0.697285 0.239000 0.261789 1.068596 0.306681 0.100000 0.262055 0.205106 0.764028 0.934816 1.031400 0.900035 0.148511 0.292019 0.365673 0.100000 0.823550 1.123691 1.295172 0.189281 0.100000 0.931959 0.262865 0.628453 0.578584 0.100000 0.660412 0.521274 0.527225 0.100000 0.100000 0.697780 0.254614 0.391523 0.594387 0.840090 0.100000 0.223099 0.100000 0.719959 0.871315 0.100000 0.324002 0.100000 0.546389 0.100000 0.221999 1.144932 0.100000 1.136671 0.621927 0.605504 0.100000 0.220487 0.113621 1.055259 0.100000 0.698816 
0.187576 0.406847 0.959435 0.304028 0.100000 0.308462 0.417149 0.469706 1.118739 0.669422 0.514908 0.200578 0.100000 1.374878 1.098924 0.577221 0.670180 0.442043 0.622035 1.052211 0.664957 0.609990 0.575875 0.470798 0.100000 0.493031 0.442528 0.355624 0.306282 0.662727 0.639561 0.240619 0.582607 0.326106 0.811052 0.100000 0.331827 0.448761 0.277118 0.672615 0.521540 0.503453 0.259452 0.356838 0.428522 0.641628 0.939456 0.439094 0.733748 0.684288 0.100000 0.851849 1.317366 0.833487 0.672258 0.227549 1.008519 0.585089 0.100000 0.100000 0.377594 0.741682 0.807594 0.700735 0.487581 0.748077 0.514108 0.396557 0.208210 0.580468 0.290666 0.579656 0.713245 0.202766 0.637998 0.642964 0.610330 1.029973 0.519291 0.647519 0.734533 1.254183 0.331986 0.841760 1.028937 0.100000 0.272106 0.631905 
0.315658 0.623242 0.845500 0.472351 0.282558 0.380798 0.965743 0.100000 1.085449 0.673301 0.513197 0.691046 0.554646 0.446615 0.552013 0.491562 0.293226 0.100000 0.646269 0.722272 0.614906 1.059155 0.924992 0.630152 0.100000 1.147222 0.863114 0.416452 0.347344 1.082952 1.136546 0.100000 0.520984 0.908829 0.457513 0.100000 0.362705 0.100000 1.150708 0.169340 0.707014 0.820901 0.100000 0.596723 0.407490 0.100000 0.807718 0.280130 1.003514 0.100000 0.100000 0.248214 0.879492 0.493956 0.100000 0.290388 0.782826 0.398488 0.962060 0.157188 0.278699 0.539440 0.808350 0.480166 0.826789 1.140329 0.206131 0.896677 0.350439 0.370845 0.936151 0.308840 0.282453 0.320878 0.541563 1.042780 1.064252 0.793016 0.100000 0.787205 0.576447 0.614320 0.848150 0.786631 1.263081 0.307457 1.157320 0.743209 
0.613556 0.616873 0.974204 0.668987 0.350528 0.981139 0.551785 0.433840 0.964222 0.100000 0.263738 0.525857 0.743468 1.400973 0.512182 0.800905 0.482903 0.489504 0.828485 0.747988 0.817286 0.233751 0.423791 0.835592 0.100000 1.223652 0.107785 0.252525 0.578921 0.716220 0.649380 0.188743 0.380866 0.164743 0.274069 0.234819 0.311987 0.514701 0.355366 0.485372 0.970013 0.696033 0.191157 0.740142 0.437344 0.457676 0.464925 0.280825 1.192854 0.345377 0.520070 0.495210 0.493416 0.329175 0.292839 0.100000 0.541826 0.645776 0.587705 0.545122 0.724716 0.346898 0.722871 0.387613 1.084440 0.677722 0.745376 0.100000 0.377797 0.563107 1.034843 0.100000 0.129881 0.287674 0.635866 0.359939 1.267484 1.057962 0.699665 1.052073 0.226400 0.931403 0.487027 0.675480 0.790483 0.259936 0.986606 0.935056 
0.100000 0.100000 1.044137 0.637269 0.100000 0.573379 0.497461 0.100000 1.622956 0.100000 0.100000 0.486319 0.100000 0.803467 0.770943 0.845809 0.100000 0.100000 0.100000 0.275724 0.100000 1.018241 0.247100 0.786185 0.100000 1.469671 1.358740 0.213418 0.525823 0.835391 0.100000 0.100000 1.205014 1.407120 0.508052 0.100000 0.450982 0.811101 0.764635 0.389287 0.263740 0.697045 0.154536 0.100000 0.688546 0.400130 1.131810 0.783413 0.377192 1.096167 0.642319 0.100000 0.882273 0.835975 0.100000 0.606669 0.781424 0.100000 0.668005 0.100000 0.100000 0.100000 0.492038 0.487290 0.100000 0.503676 0.283661 0.100000 0.100000 0.100000 0.956692 0.620165 0.672087 0.100000 0.677186 0.100000 0.941028 0.854962 0.100000 0.549239 0.901928 0.100000 0.337931 0.194320 1.275930 0.100000 0.513006 0.100000 
0.690636 0.276850 0.512222 0.890917 0.100000 0.602491 0.344400 0.100000 0.693166 0.364428 0.252573 0.470226 0.447098 0.612930 0.792610 0.249937 0.240990 0.100000 0.407412 0.100000 0.100000 0.304360 0.236633 0.749508 0.100000 0.382078 0.172008 0.100000 0.359507 0.528342 0.243090 0.100000 0.628822 0.294775 0.100000 0.100000 0.100000 0.100000 0.596259 0.392224 0.323775 0.305373 0.100000 0.179454 0.100000 0.200758 0.552108 0.100000 0.926083 0.492130 0.329522 0.100000 0.844426 1.010922 0.293308 0.100000 0.100000 0.416717 0.500023 0.100000 0.430179 0.272431 0.716866 0.320638 0.379721 0.541382 0.488175 0.404766 0.364816 0.976932 0.100000 0.100000 0.100000 0.100000 0.321068 0.265204 0.735904 0.634377 0.312448 0.460796 0.577160 0.418799 0.100000 0.396121 0.586994 0.100000 0.466178 1.087883 
0.354622 0.100000 0.499673 0.982457 0.100000 0.346288 0.668202 0.512037 0.691583 0.200292 0.100000 0.100000 0.100000 0.371743 0.558161 0.698672 0.100000 0.205178 0.340389 0.742265 0.100000 0.617567 0.595454 0.446227 0.103220 0.100000 0.187611 0.369584 0.644764 0.657867 0.703003 0.100000 0.849963 0.355790 0.640328 0.100000 0.603657 0.892208 0.829169 0.100000 1.021750 0.300181 0.100000 0.267797 0.100000 0.100000 0.864895 0.543210 0.337541 0.100000 0.100000 0.100000 1.183492 0.635353 0.660208 0.309263 0.100000 0.100000 0.100000 0.165787 0.388489 0.284012 0.464532 0.234413 0.723431 0.533103 0.773008 0.712578 0.151890 0.365409 0.927064 0.193046 0.519255 0.126122 0.100000 1.053069 0.596115 0.100000 0.452416 0.100000 0.100000 0.306468 0.425977 0.675817 1.286484 0.100000 0.733691 0.579735 
0.100000 0.100000 0.352053 0.212666 0.100000 0.218863 0.239695 0.406087 0.165623 0.405739 0.109053 0.171290 0.100000 0.569298 0.585773 0.568388 0.100000 0.517279 0.406464 0.344448 0.100000 0.241878 0.100000 0.551570 0.258394 0.100000 0.489019 0.100000 0.470459 0.164569 0.100000 0.100000 0.205451 0.100000 0.250902 0.100000 0.100000 0.672208 0.495990 0.100000 0.222359 0.369269 0.100000 0.100000 0.100000 0.100000 0.823566 0.194733 0.520106 0.100000 0.517753 0.100000 1.069204 0.100000 0.873397 0.446407 0.566765 0.291334 0.412172 0.384968 0.170026 0.187404 0.287025 0.607757 0.475157 0.480250 0.884505 0.421126 0.100000 0.609422 0.743855 0.100000 0.443776 0.203119 0.108285 0.622249 0.659204 0.100000 0.100000 0.468211 0.330692 0.351865 0.193676 0.834321 0.134540 0.158460 0.100000 0.732752 
1.447631 0.825905 0.190033 0.100000 0.172927 0.499413 0.694039 0.381835 0.117195 1.190648 0.100000 0.276111 0.100000 0.100000 1.004215 0.100000 0.100000 1.249076 1.119370 0.185373 0.359343 0.636814 0.756852 0.552367 0.550234 0.575391 0.468249 0.100000 1.576406 1.041901 0.386927 0.100000 0.334576 0.758255 0.393451 0.329840 0.100000 1.247893 0.944111 0.100000 0.752312 0.100000 0.653763 0.220905 0.532024 0.100000 1.318791 0.662262 0.360615 0.374429 0.100000 0.100000 1.709448 0.100000 0.100000 0.100000 0.962092 0.100000 0.848320 0.100000 0.100000 0.745789 0.100000 0.207074 0.905343 0.100000 0.100000 0.381205 0.216050 0.286868 0.100000 0.100000 0.100000 0.226490 0.338029 1.150043 1.817293 1.610586 0.753937 1.056137 0.669076 0.560351 0.236264 0.399040 1.300470 0.100000 0.535149 0.510772 
0.752487 0.545139 0.989443 0.794330 0.593691 0.631744 0.356677 0.436988 0.750274 0.633241 0.585989 0.958830 0.100000 0.392509 0.861550 0.831509 0.818750 0.598449 1.140654 0.702293 0.125914 0.855924 0.976962 1.416140 0.414740 0.880109 0.204858 0.771575 0.333395 1.529081 0.616710 0.100000 0.973514 0.682067 0.395255 0.268646 0.487906 0.244623 0.476017 0.236139 0.801561 0.560423 0.578223 0.503815 0.755482 0.100000 1.308376 1.053181 0.293078 0.100000 0.305210 0.252202 0.669589 0.759635 0.579479 0.100000 0.905857 0.475685 1.021863 0.166394 0.421954 0.100000 0.461553 0.100000 0.579382 0.393427 0.530237 0.672085 0.401428 0.685483 0.694150 0.100000 0.297251 0.471478 0.448039 0.341350 0.484728 0.146126 0.401427 0.125468 0.797240 0.576066 0.370467 0.622420 1.119321 0.133924 0.675990 0.804411 
0.533017 0.100000 0.758417 0.362680 0.235893 0.100000 0.501719 0.100000 0.389299 0.100000 0.921736 0.455940 0.100000 0.938350 1.023581 0.653273 0.100000 0.197754 0.100000 0.611672 0.100000 0.254029 0.211892 0.547277 0.100000 0.575847 0.100000 0.434148 0.100000 0.715344 0.100000 0.100000 0.686310 0.571055 0.331625 0.449742 0.100000 0.429777 0.100000 0.100000 0.100000 0.547552 0.100000 0.100000 0.871700 0.180577 0.100000 0.100000 0.974910 0.125033 0.138452 0.100000 0.205489 0.443358 0.837381 0.304647 0.597239 0.242540 0.412594 0.445622 0.100000 0.584337 0.502100 0.100000 0.527864 0.802499 0.679955 0.199937 0.618050 0.207100 0.241164 0.222531 0.100000 0.100000 0.481038 0.100000 0.647577 1.237174 0.166050 0.701107 0.517741 0.236538 0.391993 0.422000 0.878236 0.442778 0.157465 1.004326 
0.264049 0.232492 0.166362 0.761572 0.100000 0.517246 0.320097 0.990927 0.209133 0.717600 0.100000 0.390715 0.406439 0.372515 0.898191 0.877332 0.534981 0.290337 0.794133 0.734944 0.732874 0.228416 0.195409 0.780333 0.126557 0.643772 0.572360 0.489245 0.100000 1.335629 0.470981 0.100000 0.350790 0.179485 0.100000 0.100000 0.781636 0.331229 0.709397 0.100000 0.563567 1.028182 0.226209 0.280858 0.100000 0.100000 0.163552 0.121968 0.233180 0.188677 0.343935 0.175845 0.588490 0.749563 0.192745 0.151111 0.847065 0.100000 0.113789 0.100000 0.100000 0.678521 0.389987 0.632839 0.428184 0.572303 0.635015 0.613423 0.100000 0.883253 0.100000 0.340999 0.208188 0.631478 0.329489 0.227608 0.813016 0.379369 0.413001 0.275833 0.100000 0.100000 0.202957 1.328498 0.675150 0.100000 0.268527 0.664791 
0.421413 0.496761 0.363427 0.451672 0.151841 0.331402 0.499384 0.496410 0.151163 0.100000 0.248641 0.128157 0.100000 1.056152 0.335776 0.520127 0.100000 0.100000 0.384560 0.792464 0.143792 0.450240 1.065269 0.383961 0.262215 0.415105 0.324560 0.100000 0.623347 0.146051 0.144861 0.100000 0.470471 0.336280 0.679396 0.119307 0.100000 0.777781 0.100000 0.285434 0.354949 0.367385 0.386806 0.481892 0.261882 0.455567 0.811172 0.438416 0.839015 0.712504 0.555624 0.349238 0.125176 0.340992 0.203471 0.100000 0.100000 0.596169 0.660701 0.192810 0.100000 0.848605 0.100000 0.100000 0.318512 0.647561 0.658541 0.459225 0.428573 0.489333 0.815122 0.273918 0.316770 0.468744 0.404922 0.241003 0.964071 0.100000 0.100000 0.413890 0.686531 0.100000 0.100000 0.537356 0.412900 0.100000 0.100000 0.542629 
0.477243 0.825707 0.522722 0.385763 0.234749 1.003307 0.484303 0.312930 0.545229 0.100000 0.100000 0.100000 0.100000 0.585184 1.002497 0.839483 0.437812 0.626261 0.100000 0.870573 0.655189 1.289785 0.551810 0.313712 0.139421 0.891667 0.100000 1.366922 0.100000 1.068605 0.493478 0.100000 0.407260 1.368886 0.738272 0.492772 0.100000 0.772004 0.886905 0.884050 1.197355 1.366825 1.128666 0.534729 0.354367 0.748613 0.470650 0.661274 0.100000 0.228950 0.100000 0.337312 1.244935 0.100000 0.674194 0.100000 1.085947 0.100000 0.216139 0.100000 0.732314 0.451464 0.760803 0.421691 0.520176 0.501828 0.377374 0.120914 0.138809 0.100000 1.153642 0.100000 0.100000 0.695419 0.316727 1.116081 0.370956 0.729277 0.592297 0.310758 1.070222 0.480533 0.296845 0.153767 0.436828 0.100000 0.100000 0.181327 
0.100000 0.808804 0.760720 0.573671 0.100000 0.692417 0.462529 0.455248 0.158131 0.392458 0.100000 0.119121 0.188728 0.677843 0.611678 0.518163 0.100000 0.627136 0.100000 0.577916 0.100000 0.100000 0.619228 0.950069 0.201174 0.740303 0.100000 0.590341 0.100000 0.475935 0.573737 0.325197 0.232801 0.961660 0.100000 0.100000 0.369907 0.764151 0.855079 0.651058 0.201841 0.101681 0.100000 0.100000 0.100000 0.178957 0.300987 0.100000 1.157095 0.309633 0.318496 0.107790 0.926437 0.673476 0.100000 0.131422 0.672854 0.621117 0.414470 0.112136 0.642704 0.291426 0.656827 0.100000 0.256122 0.140662 0.541554 0.584604 0.639482 0.100000 0.444961 0.260489 0.100000 0.686487 0.100000 0.100000 0.680514 0.583542 0.100000 0.243381 0.266802 0.652176 0.100000 0.536901 0.691172 0.216645 0.441503 0.812924 
0.375210 0.328226 0.470339 0.358527 0.263637 0.562260 0.706805 0.563947 0.655978 0.351033 1.098064 0.344100 0.100000 0.946276 0.743410 0.968138 0.573997 0.318969 0.809209 0.484543 0.450105 1.035282 0.837059 1.360847 0.586588 0.857677 0.483297 0.480246 0.339090 0.853178 0.206830 0.100000 0.838397 0.851629 0.292740 0.329139 0.888817 1.208521 0.291481 0.382774 0.307530 0.124066 0.100000 0.536112 0.250214 0.321503 0.926999 0.514154 0.768835 0.795771 0.562889 0.100000 0.855952 1.214023 0.641541 0.310909 1.031431 0.155138 0.154726 0.541963 0.971157 0.472910 0.378589 0.421350 0.740872 0.411904 0.894062 0.585544 0.265295 0.780222 0.677110 0.263425 0.280423 0.517452 0.679167 0.877546 0.602019 0.512120 0.100000 0.100000 0.395791 0.576398 0.306029 0.829482 0.278989 0.414368 0.656436 0.456858 
0.323552 0.627772 2.235145 1.301715 0.100000 0.100000 0.454131 0.831020 0.679039 0.779705 0.100000 0.568712 0.100000 0.581011 0.369329 0.100000 0.100000 0.101571 1.332689 0.100000 0.100000 0.922225 0.465749 0.663977 0.100000 0.734914 0.100000 0.210493 0.832433 1.697891 0.493397 0.551757 1.135799 0.100000 0.100000 0.100000 0.100000 0.750724 0.178881 1.270646 0.345528 0.207915 0.573958 0.100000 0.576843 1.466957 1.066376 0.100000 1.258668 0.544541 0.201332 0.536350 0.539681 1.159471 0.100000 0.188168 0.849585 0.100000 0.596622 0.566862 0.628558 1.068082 0.939150 0.802350 0.366353 0.616499 0.650660 0.361704 0.100000 1.500948 0.623520 1.681472 0.450487 0.100000 0.687990 0.100000 0.573148 0.394170 0.983353 0.100000 0.495888 0.418283 0.388227 1.223260 0.448343 0.100000 0.100000 0.873249 
0.217254 0.231525 0.100000 0.100000 0.414047 0.457195 0.147569 0.658299 0.549229 0.100000 0.250730 0.391804 0.100000 0.518341 0.172590 0.826948 0.100000 0.894464 0.651255 0.781065 0.100000 0.565118 0.100000 1.103724 0.355880 0.587790 0.250885 0.588994 0.100000 0.748423 0.285459 0.100000 0.432095 0.257113 0.233695 0.100000 0.159668 0.100000 0.694533 0.100000 0.100000 0.606087 0.100000 0.100000 0.576775 0.100000 0.591138 0.100000 0.400214 0.252226 0.324644 0.100000 1.201081 0.317246 0.100000 0.100000 0.131349 0.653146 0.106134 0.100000 0.533928 0.116349 0.100000 0.179384 0.645143 0.434570 0.278062 0.100000 0.100000 0.252273 0.262584 0.323964 0.100000 0.480930 0.252669 0.406126 0.733267 0.100000 0.791157 0.314478 1.114817 0.325464 0.100000 0.892872 0.424029 0.100000 0.253303 0.212493 
0.707606 0.187754 0.762829 0.670177 0.100000 0.377814 0.556143 0.500302 0.275316 0.354022 0.898776 0.100000 0.430226 0.933609 0.630817 0.763168 0.636350 0.798092 0.132150 0.365393 0.420408 0.660676 0.839212 1.180749 0.100000 0.793264 0.368577 0.684941 0.459879 0.470290 0.185810 0.691458 0.462082 0.703236 0.468382 0.480108 0.462252 0.930089 0.740385 0.624917 0.642398 0.788595 0.181970 0.100000 0.443890 0.100000 0.763136 0.100000 0.894268 0.671818 0.780106 0.301741 0.960430 0.326183 0.911395 0.100000 0.680607 0.914787 0.100000 0.446289 0.653887 0.423187 0.639259 0.619340 0.444680 0.794976 0.135650 0.484810 0.140761 0.696523 0.952737 0.210650 0.466564 0.756343 0.724649 0.589106 0.666139 0.819730 0.129031 0.859383 1.029175 0.100000 0.158859 0.601344 0.680550 0.410744 0.824491 0.281239 
0.758192 0.699325 1.316379 0.402831 0.477930 0.100000 0.363970 0.220089 0.100000 0.368141 0.944485 0.414174 0.100000 0.100000 1.050146 1.274168 0.617600 0.273495 0.589135 1.033143 0.100000 0.860806 1.432917 0.100000 0.317877 1.280782 0.835777 0.313274 0.294082 1.533881 0.385419 0.596429 0.532626 0.100000 0.100000 0.216039 0.919187 0.100000 0.100000 0.619195 0.458910 0.713728 0.100000 0.343647 0.100000 0.400746 0.589378 0.100000 0.446759 0.100000 0.200466 0.100000 0.340839 1.062849 0.100000 0.455726 1.037557 1.129720 1.535732 0.100000 0.100000 0.633322 0.485183 0.809197 1.248714 0.161444 1.082395 0.943798 0.100000 0.195455 0.977572 0.471616 0.100000 0.244287 0.100000 0.100000 0.380067 1.397051 0.100000 1.388807 0.518415 0.164395 0.281410 0.433807 1.099488 0.395648 0.100000 0.100000 
0.481273 0.723470 0.659261 0.300067 1.177514 0.984020 0.100000 0.333129 0.344136 0.362081 0.849934 0.307925 0.100000 1.101398 0.527563 0.100000 0.100000 0.405700 0.100000 0.351823 1.312174 1.443960 0.817584 1.021441 0.100000 0.317041 0.100000 0.100000 0.161485 0.739067 0.768128 0.100000 0.747481 0.826316 0.480756 0.100000 0.100000 0.100000 0.620479 0.100000 0.100000 0.452888 0.365065 0.774703 0.751481 0.100000 0.284057 0.100000 1.229139 0.530338 0.100000 0.174551 0.738337 1.107969 0.100000 0.100000 0.237725 0.100000 0.475094 0.100000 0.100000 0.901504 0.100000 0.838706 0.970350 0.206289 0.246549 0.917624 0.100000 0.100000 0.708245 0.538022 0.100000 0.430065 0.310795 0.843030 0.209423 0.933568 1.142615 0.791146 0.947601 1.465510 0.100000 1.967139 0.100000 0.642330 0.283961 1.280205 
0.100000 0.405388 0.820968 0.634164 0.100000 0.689975 0.213919 0.108613 0.332692 0.539989 0.767557 0.360438 0.100000 0.405960 0.671200 0.938123 0.268759 0.470537 1.005149 1.059944 0.100000 1.279193 0.861582 0.989260 0.270936 0.354506 0.432650 0.376172 0.824727 0.768634 0.677480 0.349095 0.861212 0.887548 0.269317 0.100000 1.313098 0.318081 0.798571 0.100000 0.272500 0.718853 0.285142 0.564534 0.100000 0.100000 0.528495 0.516297 0.553568 0.747286 0.478024 0.100000 0.100000 0.520468 0.718979 0.100000 0.654519 0.554125 0.100000 0.100000 0.737605 0.100000 0.232784 0.582845 0.786317 0.565670 1.190582 0.762362 0.100000 0.829542 0.626577 0.346510 0.100000 0.183497 0.800829 0.628846 1.037272 0.722467 0.100000 0.144598 0.805372 0.533720 0.128958 0.564610 0.948395 0.265906 1.025886 0.394356 
0.567186 0.100000 0.446689 0.893316 0.416390 0.100000 0.780487 0.308088 0.794836 0.928941 0.183493 0.760047 0.132873 1.002756 0.514014 0.947010 0.446173 0.885080 0.488234 0.570504 0.129114 0.554423 0.256929 1.380109 0.100000 0.582287 0.771205 0.622447 0.142859 0.294385 0.141734 0.100000 1.130794 0.523371 0.621803 0.447944 0.418383 0.769412 1.180348 0.374774 1.104426 0.416556 0.100000 0.327623 0.193915 0.100000 0.520393 0.338636 0.783546 0.878319 0.818012 0.210523 1.003205 0.411080 0.419079 0.593872 0.239536 0.489588 0.518056 0.306142 0.551238 0.814667 0.619710 0.100000 0.176017 0.213023 0.234067 1.062247 0.589402 0.873417 0.577093 0.603664 0.337871 0.887629 0.502288 0.499012 0.780162 0.530771 0.281862 0.185568 0.955389 0.494514 0.299018 1.333151 0.899387 0.432912 0.123260 0.456766 
0.791591 0.737281 0.690227 1.066506 0.100000 0.869585 0.919589 0.483750 0.909436 0.100000 0.508153 0.570894 0.946654 0.887023 0.907565 0.688045 0.310250 0.572122 0.381994 0.196522 0.677860 0.450398 0.631954 1.123789 0.100000 0.388559 0.699690 0.245139 0.447054 1.248570 0.670495 0.935252 0.337104 0.678593 0.490117 0.710482 0.331480 1.186301 0.474452 0.550071 0.810559 1.074233 0.100000 0.683736 0.630175 0.164399 0.856115 0.287579 1.064708 0.683666 0.354825 0.196792 0.793398 1.129041 0.586575 0.597109 0.395934 0.292553 0.391394 0.705401 0.975796 0.301604 0.557609 0.345954 0.251073 0.685558 0.775442 0.571275 0.301216 1.007340 0.569534 0.122755 0.803839 0.341433 0.792049 0.561660 0.971049 0.805316 0.385927 0.759488 0.914459 0.622065 0.166352 0.742676 0.581914 0.414391 1.075437 0.451621 
0.764704 0.388853 1.019105 1.018057 0.563064 0.689704 0.962372 0.491742 0.794572 0.172148 0.482868 0.606769 0.278793 0.897349 0.668327 1.299992 0.100000 0.557142 0.785301 0.714097 0.343163 0.100000 0.100000 0.723212 0.100000 0.449599 1.091606 0.524773 0.401231 1.379949 0.414462 0.113270 0.576162 0.644701 0.891317 0.174562 0.457980 0.626518 0.561638 0.675311 0.698462 0.755528 0.446650 0.402634 0.163662 0.100000 0.727763 0.100000 0.560311 0.713901 0.100000 0.100000 0.708250 0.576400 0.100000 0.465090 1.118451 0.431612 0.493224 0.851751 0.353748 0.989056 0.255571 0.658275 0.480647 1.185734 1.004447 0.444304 0.855172 0.527765 1.052475 0.302620 0.100000 0.578585 0.560396 0.879906 0.829530 0.649946 0.662401 0.588560 0.377568 0.415994 0.352727 1.254714 0.904759 0.435591 0.158053 1.149805 
