78 Number of operations
29 Number of workers
Standard production times
0.395487 0.532490 0.222502 0.307822 0.261232 0.472611 0.856732 0.348992 0.510849 0.592732 0.929213 0.391227 0.206876 0.575733 0.100000 0.623915 0.189126 0.198222 0.386496 0.383715 0.967043 0.350765 0.541102 0.253267 0.159032 0.456081 0.295062 0.100000 0.627160 0.519564 0.619080 0.716055 0.419631 0.380416 0.100000 0.410165 0.555420 0.278717 0.305743 0.100000 0.571778 0.269913 0.412373 0.663896 0.543813 0.237312 0.591981 0.366152 0.400966 0.541476 0.611755 0.607141 0.514341 0.395286 0.100000 0.249166 0.430479 0.769328 0.427803 0.599307 0.100000 0.665435 0.232499 0.665336 0.283636 0.157893 0.336602 0.575480 0.716322 0.403792 0.756102 0.159809 0.168989 0.100000 0.420959 0.465930 0.486587 0.338208 
Production times: workers row and ops columns
0.316883 0.937843 1.357058 0.728318 0.473721 1.033656 1.028059 0.100000 1.997424 0.259662 0.409499 0.799167 0.193292 0.564801 0.100000 1.078459 0.100000 0.100000 0.265496 0.100000 1.561424 0.436012 0.874061 0.100000 0.512699 0.100000 0.856726 0.387555 0.369873 0.647215 0.579119 0.584753 0.124500 0.439592 0.916197 0.100000 0.702814 0.160426 1.295147 0.100000 0.985586 0.100000 0.378080 0.963164 0.368693 0.100000 0.793483 0.100000 0.106309 0.558047 0.520384 0.100000 0.998314 0.757883 0.107703 1.017352 0.373778 0.923369 1.260288 0.537159 0.100000 1.204098 0.139890 1.247904 0.430555 0.100000 0.100000 0.252701 1.061256 0.313355 1.160496 0.228005 0.174710 1.051306 0.100000 0.482347 0.998578 0.424377 
0.847825 0.767139 0.100000 0.419366 0.100000 0.171790 1.012952 0.545320 0.947920 0.100000 1.164066 0.606321 0.539571 0.151418 0.100000 0.153015 0.382727 0.100000 0.874282 0.886799 0.610281 0.919593 0.843382 0.100000 0.493800 0.390534 0.100000 0.887550 0.456152 1.028998 0.879670 0.418429 0.100000 0.282669 0.483886 0.100000 0.323190 0.439055 0.236356 0.714612 0.623389 0.100000 0.100000 0.389241 1.504285 0.100000 0.715657 0.129599 0.712699 0.714083 0.174656 0.583534 0.100000 0.514930 1.320330 0.410510 0.181973 1.239147 0.696327 1.050391 0.397877 0.850915 0.100000 0.768054 0.100000 0.787814 0.390049 1.227334 0.265550 0.100000 0.449828 0.100000 0.100000 0.100000 0.100000 0.343793 1.185908 0.100000 
0.213834 0.259453 0.241173 1.351634 0.100000 0.100000 0.907854 0.468515 0.214665 0.614858 0.100000 0.794108 0.100000 0.310791 0.100000 0.331729 0.100000 0.195277 0.100000 0.100000 0.465135 0.100000 0.197534 0.100000 0.334915 0.100235 0.100000 0.625025 0.489601 0.979972 0.867716 1.908181 0.672703 0.277405 0.211569 0.524049 0.919265 0.272169 0.111812 0.100000 1.586287 0.298695 0.100000 0.128875 0.367387 0.942915 1.312141 0.818249 0.181777 1.108383 1.167055 0.108626 0.234341 0.900966 0.100000 0.100000 0.679354 0.336490 0.215389 0.271423 0.100000 1.138493 0.946872 1.617180 0.100000 0.100000 0.673495 0.387000 0.138683 0.100000 1.490459 1.329564 0.100000 0.100000 1.166699 0.495759 0.557816 1.016014 
0.635717 0.437029 0.100000 0.113624 0.100000 0.899373 0.892305 0.682424 0.714101 1.033901 1.019025 0.754478 0.333592 0.835419 0.221003 0.877380 0.100000 0.518285 0.537259 0.639972 1.231701 0.466224 1.057218 1.101824 0.277141 0.378373 0.176795 0.605299 0.925599 1.174648 0.787899 0.386761 0.100000 0.387706 0.100000 0.563775 0.346947 0.100000 0.100000 0.314909 0.100000 0.100000 0.490120 0.971611 0.764446 0.616176 0.934368 0.100000 0.100000 0.935606 0.754048 0.956557 0.651153 0.705141 0.400646 0.734743 0.626724 0.486840 0.842350 1.216868 0.892032 1.077837 0.625064 0.990976 0.935509 0.116501 0.274740 0.634969 0.463403 0.933689 0.353736 0.373407 0.100000 0.100000 0.503266 0.664771 0.406537 0.586386 
0.149890 0.901696 0.100000 0.340423 0.100000 0.716308 0.628390 0.100000 0.274296 1.024967 0.602321 0.100000 0.416349 0.880295 0.100000 0.355532 0.100000 0.100000 0.100000 0.257494 0.314050 0.182955 0.119134 0.100000 0.100000 0.513393 0.194579 0.100000 0.800763 0.593304 0.765426 0.924821 0.152080 0.100000 0.100000 0.272869 0.184576 0.129360 0.174401 0.100000 0.646102 0.219518 0.100000 0.395357 0.330630 0.353647 0.272751 0.126829 0.100000 0.347632 0.100000 0.153633 0.141510 0.922811 0.100000 0.465758 0.562803 0.438007 0.626530 0.902591 0.100000 0.620513 0.100000 1.251787 0.100000 0.100000 0.764290 0.706912 1.009078 0.100000 0.473288 0.100000 0.176810 0.100000 0.100000 0.100000 0.225679 0.195240 
0.545698 0.793889 0.561635 0.158144 0.100000 0.426361 1.030893 0.100000 0.100000 0.788002 1.713973 1.644465 0.134183 0.100000 0.342247 0.100000 0.919138 0.100000 0.313812 0.198546 0.463832 0.311396 0.802964 1.333768 0.100000 1.086542 0.100000 0.100000 0.335873 1.075396 0.155744 0.657784 1.204724 0.686966 0.100000 0.100000 0.243789 1.228705 0.100000 0.213248 0.454501 0.358534 0.100000 0.534909 0.471257 0.100000 0.100000 0.725303 1.745647 0.100000 0.100000 0.193971 0.713152 0.275865 1.052096 0.293995 0.100000 0.912935 1.085245 0.555869 0.100000 0.100000 0.947757 1.122722 0.100000 0.100000 0.100000 0.171569 1.385827 0.472398 0.492696 0.568611 0.449568 0.100000 0.100000 0.302435 0.100000 0.460172 
0.464199 0.195909 0.600752 0.402653 0.438970 0.805016 1.170749 0.197701 0.630076 0.682252 0.893495 1.237747 0.735693 0.840020 0.202688 1.053086 0.100000 0.601574 0.418145 0.561804 0.867693 0.125099 0.223346 0.225317 0.224767 0.797430 0.817078 0.155997 0.719330 0.695798 0.929878 0.801709 0.100000 0.100000 0.198708 0.698340 0.100000 0.385903 0.100000 0.172592 0.652733 0.577405 0.831045 0.190016 0.353515 0.768760 1.230900 0.575496 0.616320 0.873770 0.347034 1.167106 0.183255 0.663830 0.100000 0.185348 0.100000 0.662519 0.264694 1.151687 0.100000 0.778450 0.408304 0.621635 0.326509 0.100000 0.945846 0.952654 0.332377 0.317013 0.943403 0.497480 0.511134 0.100000 0.100000 0.895412 0.536159 0.365136 
0.590441 0.442526 0.199146 0.883233 0.100000 0.483839 0.352803 0.100000 0.903354 1.224600 1.178629 0.634180 0.569983 0.585184 0.100000 0.971823 0.429156 0.788598 0.773935 0.192552 0.787392 0.100000 0.722111 0.100000 0.886042 0.311286 0.388806 0.167512 0.755270 0.364180 0.100000 0.779781 0.226718 0.100000 0.100000 0.645587 0.138064 1.007969 0.729246 0.100000 0.453953 0.517161 0.344540 0.645134 0.365686 0.211979 0.479377 0.100000 0.100000 0.581026 0.732869 0.482237 1.044636 0.863326 0.100000 0.438900 0.505898 0.648815 0.956564 0.364747 0.100000 0.407625 0.338876 0.703667 0.183604 0.894725 0.404159 0.907937 0.621228 0.621768 0.281192 0.343507 0.385593 0.236668 0.143356 0.879565 0.682132 0.619086 
0.106567 0.644212 0.100000 0.258218 0.532787 0.203373 0.427646 0.510112 0.664436 1.110800 0.741919 0.356420 0.100000 0.675162 0.196847 0.981875 0.211493 0.476109 0.927086 0.100000 0.836872 0.394624 1.141491 0.100000 0.928361 0.813783 0.433859 0.100000 0.663336 0.868284 0.545260 0.700413 0.145341 0.642603 0.100000 0.100000 0.794442 0.416718 0.677211 0.100000 0.338475 0.646299 0.507488 0.337042 0.660293 0.100000 0.308761 0.549625 0.294713 0.635811 0.574337 0.560706 0.984327 0.100000 0.628364 0.100000 0.100000 1.224093 0.785000 0.830666 0.355496 1.139162 0.100000 0.830893 0.720309 0.810108 0.298918 0.458831 0.474734 0.349251 0.556451 0.151782 0.100000 0.100000 0.128382 0.612578 0.626179 0.282056 
1.158456 0.100000 1.366814 0.509581 0.657032 0.100000 2.145450 0.274840 0.480574 0.573788 1.448206 0.100000 0.683147 0.327244 0.371232 0.328284 0.100000 0.397344 0.882894 0.778380 1.252094 0.100000 0.182521 0.173918 0.100000 2.120255 0.374012 0.600924 0.543750 1.126710 0.599359 0.522104 1.138473 0.200376 0.125460 0.256655 0.460640 0.100000 0.729138 0.808138 0.191897 0.100000 0.425167 1.259217 0.244071 0.100000 1.153948 0.100000 1.574626 0.100000 0.100000 0.782124 0.100000 0.100000 0.100000 0.405049 0.952237 0.380821 0.956643 0.980013 0.100000 0.385063 0.100000 0.831804 1.231823 0.181887 0.922270 0.100000 0.398870 0.100000 0.570887 0.100000 0.100000 0.100000 0.468509 0.771821 0.499437 0.100000 
0.348037 0.515969 0.246374 0.130992 0.368635 0.261212 0.717315 0.279376 0.100000 0.266409 0.574298 0.100000 0.483774 0.459670 0.234322 0.591320 0.100000 0.161413 0.601460 0.100000 0.996721 0.100000 0.628739 0.100000 0.100000 0.100000 0.111002 0.162915 0.313971 0.108829 0.323195 0.626238 0.301049 0.527089 0.100000 0.453782 0.440159 0.100000 0.100000 0.100000 0.100000 0.342775 0.100000 0.804194 0.453369 0.100000 0.460881 0.100000 0.427117 0.451404 0.197652 0.355486 0.425962 0.447780 0.100000 0.246008 0.305060 0.434135 0.685802 0.474491 0.188901 0.378569 0.100000 0.435599 0.100000 0.278069 0.266998 0.713848 1.023368 0.100000 0.716417 0.100000 0.100000 0.127216 0.135707 0.327304 0.600545 0.100000 
0.100000 0.879203 0.100000 0.100000 0.100000 0.983668 1.553910 0.810338 1.384864 0.100000 1.326468 0.474449 0.641492 1.059872 0.257888 0.375907 0.465396 0.100000 0.554498 0.236849 0.282916 1.062641 0.303654 0.341655 0.100000 0.100000 0.659325 0.100000 0.244213 1.468449 0.100000 1.492101 0.100000 0.398709 0.100000 0.505266 0.100000 0.997027 0.100000 0.219120 0.442641 0.100000 0.555370 1.224003 0.746013 0.100000 0.554986 0.100000 0.481811 0.100000 1.636603 1.502972 0.261420 0.126111 0.499263 0.486926 0.100000 0.824832 0.100000 1.081345 0.100000 0.539746 0.100000 0.100000 0.414839 0.189047 0.142940 0.226224 0.735596 0.705040 0.399748 0.100000 0.936544 0.581343 0.254880 0.728557 1.276972 1.304337 
0.427243 0.796246 0.232297 0.362846 0.571780 0.100000 1.565330 0.222508 1.096835 0.738272 1.482389 0.412708 0.835471 0.614672 0.356225 0.845158 0.439891 0.100000 0.481544 0.459516 0.932579 0.469516 1.049111 0.100000 0.134413 0.184497 0.310939 0.392249 0.867634 1.055606 0.625210 0.584913 0.563301 0.602668 0.100000 0.417553 0.644185 0.483490 0.213896 0.320410 0.397198 0.374505 0.427925 0.763231 0.720963 0.447581 0.313695 0.499646 0.250443 0.850206 0.663775 0.592089 1.112226 1.015678 0.100000 0.691979 0.562430 0.762384 0.134075 0.619371 0.476794 1.272451 0.391271 0.610023 0.890810 0.421146 0.706352 0.728604 0.655302 0.343775 0.797155 0.211932 0.390502 0.577360 0.716285 0.467417 0.706119 0.749313 
0.818217 0.659781 0.714725 0.100000 0.801754 0.222096 0.942181 0.100000 0.105491 0.450084 0.516367 1.311494 0.100000 0.100000 0.100000 1.342074 0.675450 0.100000 1.161853 0.718790 1.012433 0.966708 0.359122 0.100000 0.100000 0.216338 0.100000 0.342878 0.557892 1.077471 0.836916 0.906328 0.938446 0.641044 0.288684 1.099187 0.114523 0.100000 0.227114 0.100000 0.100000 0.100000 0.308234 0.196998 0.363248 0.100000 0.464471 0.100000 0.100000 0.576492 0.373761 0.100000 0.746175 0.100000 0.380204 0.557786 0.128748 0.477498 0.100000 1.043388 0.100000 0.605299 0.100000 1.105188 0.592511 0.100000 1.013746 0.100000 1.328045 0.459964 1.768874 0.100000 0.638373 0.393754 0.375191 0.100000 0.637422 0.503375 
0.100000 0.687087 0.486838 0.504421 0.667542 0.568210 0.827744 0.180469 0.347663 1.102063 1.669367 0.583912 0.100000 1.243200 0.121231 0.404630 0.483466 0.128055 0.295095 0.678811 1.604881 0.730072 0.394847 0.310368 0.132890 0.624762 0.230092 0.271250 0.252224 0.813669 0.776488 0.804728 0.550191 0.657937 0.494122 0.692219 0.454619 0.497663 0.780692 0.152460 0.422641 0.605251 0.605668 1.063980 0.574204 0.303637 0.562130 0.947429 0.494291 0.630064 0.572749 0.678319 0.195597 0.312639 0.112443 0.439963 1.076305 1.141740 0.726391 0.714837 0.775461 0.506338 0.225703 0.913830 0.484377 0.266624 0.673696 0.975560 1.134324 0.405620 0.790750 0.618279 0.814164 0.414847 0.439926 0.995686 0.326225 0.316518 
0.871842 0.959800 0.406907 0.149165 0.435614 0.292851 1.028255 0.100000 0.100000 0.622694 1.406987 0.776176 0.197114 1.071880 1.173268 0.748692 0.100000 0.588928 0.825495 1.230068 1.243842 0.100000 0.492530 0.839405 0.193790 0.766630 0.451927 0.332055 0.100000 0.136462 0.100000 0.165641 0.100000 0.182563 0.603911 0.100000 1.030459 0.104118 0.649659 0.100000 0.195302 0.422102 0.291884 0.163227 0.921241 1.547966 0.413681 0.100000 0.100000 1.920518 0.729787 0.100000 0.100000 1.478066 0.100000 0.100000 0.100000 0.592920 0.564905 0.406382 0.531269 0.100000 0.100000 1.060328 0.434946 0.100000 0.100000 1.142525 1.097194 0.552582 0.642183 0.100000 0.372325 0.423729 0.318501 0.312215 1.045428 0.100000 
0.460210 1.133524 0.264787 0.586947 0.390578 0.985454 1.180622 0.436894 0.605828 0.662628 0.972360 0.100000 0.100000 0.633056 0.100000 1.119205 0.702476 0.107737 0.100000 0.905933 1.159168 0.399024 0.806154 0.176230 0.100000 0.755590 0.132912 0.100000 1.487719 0.619951 1.052058 0.307942 0.703200 0.455057 0.263524 1.091496 0.369685 0.424784 0.691225 0.100000 0.802362 0.357202 0.544896 1.153199 0.771770 0.184211 0.414006 0.142692 0.232339 0.100000 0.825843 0.549513 0.888265 0.186277 0.569978 0.385060 0.690498 0.582834 0.405550 0.811720 0.100000 0.797378 0.478909 0.449925 0.100000 0.187314 0.463893 0.874624 0.735831 0.152001 0.744382 0.804317 0.358984 0.100000 0.403132 1.237533 0.400206 0.100000 
0.186232 0.589630 0.100000 0.676372 0.489806 0.137541 0.732613 0.150023 0.446687 0.585583 0.880801 0.244689 0.100000 0.913801 0.100000 0.406143 0.115756 0.100000 0.303740 0.221598 1.363366 0.617110 0.439078 0.314243 0.100000 0.325854 0.449430 0.108550 0.460090 0.270122 0.100000 0.738535 0.100000 0.314203 0.100000 0.100000 0.565338 0.156065 0.100000 0.100000 0.132284 0.581963 0.250861 0.768427 1.050731 0.100000 0.100000 0.683243 0.100000 0.511272 0.441357 0.466216 0.166411 1.204467 0.100000 0.446041 0.545577 0.357462 0.506606 0.100000 0.100000 0.514639 0.100000 0.896301 0.100000 0.100000 0.218011 0.691888 0.688069 0.383629 0.516583 0.100000 0.100000 0.325485 0.100000 0.550154 0.716335 0.100000 
0.100000 0.214191 0.100000 0.478851 0.100000 0.268479 1.877102 0.435442 0.221599 0.100000 0.158710 0.580408 0.100000 0.182590 0.100000 0.757943 0.100000 0.976536 0.100000 0.100000 1.009032 0.870524 0.540723 0.646461 0.101305 0.414761 0.100000 0.605404 0.933486 0.614667 0.100000 0.178275 0.100000 0.100000 0.100000 0.316752 0.159467 0.104682 0.520730 0.100000 0.541276 0.204675 0.100000 0.983058 0.100000 0.729194 1.126348 0.547907 0.710435 0.365507 0.100000 1.491126 0.363083 1.077718 0.503778 0.432998 0.267142 0.100000 0.100000 0.479559 0.494592 0.501131 0.614863 0.129621 0.610379 0.100000 0.100000 0.970269 0.441507 0.709240 1.016823 0.100000 0.100000 0.476806 0.920500 0.542454 0.189941 0.314471 
0.792746 0.574663 0.100000 0.100000 1.709188 0.100000 0.846289 0.100000 0.867376 0.100000 2.211601 0.915224 0.271705 1.299781 0.100000 0.464948 0.100000 0.100000 0.100000 0.100000 1.256278 1.089097 0.381926 0.100000 0.259997 0.595598 0.549438 0.100000 0.882312 0.100000 0.403631 0.458887 0.100000 0.345441 0.400973 0.476999 0.100000 0.100000 0.100000 0.100000 1.001803 0.100000 0.444420 0.441168 0.100000 0.453703 0.100000 0.100000 0.288730 0.209764 0.286037 0.941650 0.463293 0.128988 0.480531 0.100000 0.650573 0.708989 0.835562 1.091028 0.100000 0.516293 0.699197 0.657911 0.630740 0.257639 0.823902 0.913167 0.527472 0.100000 0.724765 0.100000 0.270090 0.643705 1.529254 0.402029 0.485886 0.245147 
0.339776 0.243418 0.129560 0.602501 0.264712 0.690072 1.021663 0.139690 0.879734 0.461771 0.720804 0.784019 0.792474 0.517410 0.163773 0.329935 0.254979 0.195081 0.351898 0.860140 1.059825 0.100000 0.254848 0.489170 0.392950 0.100000 0.100000 0.100000 0.284267 0.100000 0.273346 0.880871 0.666826 0.525930 0.100000 0.687749 0.658278 0.378345 0.360282 0.100000 0.402141 0.334700 0.620032 0.902159 0.664578 0.100000 0.598713 0.100000 0.691818 0.446163 0.372289 0.100000 0.432302 0.100000 0.332346 0.334818 0.316823 0.503187 0.100000 0.449382 0.100000 0.727617 0.316802 0.619498 0.296144 0.128754 0.562344 0.866361 1.111240 0.417381 0.619186 0.100000 0.100000 0.100000 0.470336 0.139222 0.100000 0.100000 
0.108644 0.922724 0.100000 0.328120 0.423356 0.678216 0.721350 0.366585 0.447125 0.103474 0.861553 0.456442 0.582093 0.998008 0.100000 0.821832 0.298094 0.227591 0.100000 0.307565 1.144092 0.568092 0.271897 0.228065 0.100000 0.100000 0.218172 0.100000 0.100000 0.805368 0.707206 0.656671 0.396196 0.100000 0.165910 0.108729 0.909489 0.723765 0.100000 0.100000 0.726001 0.497530 0.916182 0.190485 0.324411 0.185333 0.524564 0.100000 0.100000 0.524592 0.432077 0.100000 0.793165 0.641494 0.100000 0.100000 0.100000 0.453048 0.337920 0.820881 0.281683 0.801706 0.268892 0.613994 0.559912 0.678365 0.100000 0.432101 0.777744 0.569018 0.737551 0.100000 0.100000 0.100000 0.100000 0.201766 0.619407 0.100000 
0.474357 0.316618 0.203364 0.100000 0.100000 0.559453 0.853701 0.621505 0.334728 1.155607 0.819963 0.440745 0.578439 1.193681 0.304845 0.472626 0.100000 0.585936 0.314563 0.880718 0.826408 0.624691 0.717150 0.925032 0.308726 0.411301 0.351149 0.200600 0.814182 0.517799 0.975316 0.523413 0.800677 0.108129 0.100000 1.052635 0.979866 0.316487 0.100000 0.100000 0.762541 0.547622 0.100000 0.386747 0.521586 0.407349 0.767619 0.100000 0.100000 0.960730 0.454487 1.060561 0.100000 0.411884 0.488499 0.641319 1.087253 0.619177 0.462786 0.660291 0.437093 1.152115 0.468384 0.457656 0.476248 0.554120 0.580444 1.052464 1.071415 0.646722 0.555292 0.175154 0.100000 0.539387 0.480831 0.299002 0.218403 0.206196 
0.100000 0.483170 0.303310 0.103818 0.412340 0.538206 0.852800 0.930518 0.615877 1.044033 1.049233 0.424586 0.721613 0.852791 0.100000 0.100000 0.525850 0.100000 0.480140 0.671073 0.724778 0.442089 1.034672 0.749908 0.467540 0.704101 0.644229 0.403480 0.621180 0.314922 1.092449 0.584612 0.602104 0.645382 0.100000 0.565277 0.832079 0.405540 1.004804 0.100000 0.744161 0.662858 0.170800 0.933373 0.624958 0.684451 0.409748 0.547862 0.100000 0.407741 0.188077 0.785976 0.142747 0.645378 0.100000 0.709736 0.447259 0.822550 0.371416 1.169127 0.100000 0.998671 0.100000 1.611319 0.387605 0.630005 0.201670 0.630343 1.070905 0.352088 0.990973 0.100000 0.100000 0.100000 0.496094 0.812383 0.428594 0.806828 
0.986905 0.100000 0.824587 0.798391 0.390122 0.946340 1.255985 0.353727 1.422445 0.245772 1.321353 0.514613 0.354674 0.672962 0.250935 0.100000 0.337054 0.598206 0.805835 0.398489 0.289713 0.843140 0.262205 0.286265 0.100000 1.589403 0.628563 0.897983 0.583109 1.431405 1.424008 0.539792 0.668711 0.425708 0.370305 0.100000 0.100000 0.100000 0.541874 0.100000 0.100000 0.100000 0.637953 0.819606 0.224366 0.100000 0.468170 1.179489 1.332217 0.946930 1.126459 0.886186 0.354723 0.390131 0.812744 0.100000 0.687007 0.932325 0.100000 0.747381 0.100000 0.642717 0.100000 0.100000 0.100000 0.214706 1.334345 0.661320 0.348254 1.449492 0.293235 0.888430 0.785839 0.586611 0.100000 0.933169 0.100000 0.557794 
0.391545 0.854787 0.100000 0.218891 0.773161 1.150047 0.703651 1.017443 0.809438 0.851665 0.925913 0.234821 0.100000 0.597945 0.100000 0.838260 0.441265 0.297284 0.599936 0.647723 0.730003 0.572206 0.817069 0.576789 0.100000 0.728425 0.690962 0.809143 0.258925 0.504085 0.636278 1.093868 0.100000 0.100000 0.100000 0.761868 0.100000 0.116007 0.646200 0.388495 0.962071 0.487070 0.295810 1.035814 0.835809 0.100000 0.703012 0.686376 0.650083 0.100000 0.755090 0.836468 0.611534 0.199175 0.100000 0.685041 0.289824 0.480751 0.622530 1.087202 0.603355 0.664354 0.223591 1.141251 0.608307 0.355186 0.638691 0.832063 0.732755 0.236758 1.125552 0.100000 0.100000 0.523735 0.100000 0.695173 0.477393 1.178166 
0.546561 1.009698 1.662406 0.100000 0.506556 1.151644 0.100000 0.100000 0.972662 1.013124 0.474634 0.241291 0.100000 0.692766 0.100000 1.402990 0.100000 0.135417 0.100000 1.003303 0.847653 0.100000 0.487224 0.641179 0.294086 0.820430 0.100000 0.100000 0.930560 0.100000 0.194960 1.514927 0.100000 0.100000 0.107044 0.252733 0.526718 0.790155 0.264085 0.725909 0.923844 0.219618 1.058112 0.384280 1.034890 1.257401 0.100000 0.614840 0.572124 1.038727 1.068318 0.681074 0.222301 1.016456 0.689747 0.566390 0.648692 0.360132 0.548522 0.404085 0.100000 0.100000 0.608947 0.243865 0.100000 0.100000 0.100000 0.703015 1.137917 0.511723 0.489730 0.211126 0.100000 0.100000 0.248146 0.973613 0.847312 0.100000 
0.100000 1.085111 0.100000 0.569295 1.065592 0.100000 1.205009 0.408874 0.224412 0.284396 0.550269 0.100000 0.100000 0.895885 0.100000 1.010715 0.238805 0.845104 0.419252 0.162206 1.196218 0.100000 0.100000 0.995724 0.100000 0.100000 0.100000 0.100000 0.268026 0.357772 0.661363 1.205201 0.197925 0.474518 0.387312 0.447919 0.960505 0.383021 0.100000 0.370602 0.905897 0.786694 0.844608 0.100000 0.901987 0.100000 0.100000 0.524646 0.100000 0.327438 0.542487 0.876349 0.332026 1.327706 0.100000 0.207190 0.765681 0.584413 0.100000 0.414346 0.115558 0.957897 0.672830 1.127178 0.100000 0.191218 0.669545 0.295686 0.991207 0.908679 1.123001 0.100000 0.518364 0.313015 0.235591 0.100000 0.211667 1.090664 
0.350888 0.174021 0.337478 0.100000 0.163971 0.209500 0.577907 0.479809 0.708372 0.500345 0.805812 0.100000 0.100000 0.462717 0.360630 0.503656 0.100000 0.346704 0.100000 0.100000 1.449700 0.289173 0.358813 0.100000 0.183777 0.481226 0.100000 0.377407 0.251337 0.358921 0.353237 0.893543 0.362532 0.781962 0.100000 0.541088 0.177251 1.014977 1.062070 0.209749 0.657118 0.100000 0.101679 0.810625 0.745503 0.328409 0.100000 0.690666 0.577799 0.326373 0.100000 0.579433 0.100000 0.551477 0.100000 0.100000 0.100000 0.604129 0.370104 0.100000 0.221271 0.415143 0.100000 0.265523 0.263783 0.248104 0.100000 0.619402 0.340269 0.100000 0.513914 0.197132 0.462598 0.229688 0.119087 0.571196 0.697888 0.100000 
