71 Number of operations
26 Number of workers
Standard production times
0.290051 0.119425 0.716550 0.190971 0.451519 0.100000 0.100000 0.336942 0.571636 0.414269 0.100000 0.116889 0.577166 0.526380 0.408052 0.219375 0.435065 0.438886 0.292950 0.555470 0.434268 0.311430 0.740981 0.584869 0.139028 0.323885 0.251275 0.312576 0.314710 0.676281 0.419674 0.326109 0.145356 0.602997 0.103788 0.342580 0.388635 0.242379 0.413542 0.192219 0.347265 0.507650 0.705652 0.791335 0.495640 0.423869 0.228507 0.247610 0.527861 0.409505 1.022967 0.293508 0.469117 0.314897 0.100000 0.751079 0.347161 0.569259 0.817347 0.505296 0.596762 0.100000 0.221035 0.466013 0.609718 0.669980 0.649135 0.261762 0.656215 0.254587 0.240166 
Production times: workers row and ops columns
0.663493 0.100000 0.100000 0.100000 0.409443 0.374339 0.100000 0.100000 0.239420 0.497274 0.100000 0.100000 0.100000 0.438846 0.316102 0.100000 0.224270 0.100000 0.200314 0.160757 0.243393 0.100000 0.361754 0.252495 0.100000 0.100000 0.100000 0.100000 0.100000 0.840882 0.553326 0.675818 0.508229 0.368678 0.100000 0.100000 0.100000 0.100000 0.474419 0.482154 0.275519 0.322699 0.486938 0.477606 0.100000 0.100000 0.100000 0.105177 0.165460 0.623568 1.003918 0.316182 0.267916 0.248121 0.172320 0.857068 0.764292 0.100000 0.266992 0.419215 0.473802 0.252628 0.231255 0.212624 0.289081 0.491724 0.901249 0.241157 0.104532 0.471935 0.192755 
0.171769 0.373916 0.607775 0.824563 0.825985 0.444724 0.413425 0.385549 0.610594 0.640919 0.607065 0.153523 1.073980 0.148115 0.479397 0.227720 0.603753 0.389025 0.385534 0.566139 0.505732 0.490819 0.551329 0.664378 0.544690 0.426323 0.100000 0.496779 0.646491 0.691229 0.497851 0.571237 0.523191 0.148855 0.283874 0.409616 0.276784 0.104979 0.398862 0.449815 0.502930 1.007225 0.916001 0.507847 0.558557 0.357860 0.642803 0.413378 0.420274 0.751675 1.006438 0.100000 0.964954 0.113272 0.100000 0.915122 0.376324 0.157244 0.534033 0.398452 0.705219 0.100000 0.373825 0.248371 0.624048 0.409422 0.408284 0.640183 0.784423 0.806871 0.678723 
0.428357 0.197997 0.642765 0.440072 0.892594 0.422847 0.495621 0.643481 0.547865 0.578303 0.100000 0.246048 0.268144 0.609432 0.783533 0.392599 0.610070 0.576593 0.100000 0.206210 0.481703 0.137715 0.100000 1.302290 0.258511 0.100000 0.632847 0.471490 0.493942 0.584063 0.338542 0.158920 0.385594 0.795802 0.205758 0.531646 0.653698 0.100000 0.100000 0.223777 0.253241 0.759458 0.441968 0.799414 0.559384 0.803782 0.569673 0.835254 0.404257 0.636866 1.146119 0.100000 0.228067 0.626089 0.100000 0.871848 0.904678 0.521469 0.954840 0.750720 0.680013 0.436089 0.100000 0.701136 0.684017 1.091509 0.914749 0.659777 0.724014 1.087335 0.661924 
0.717431 0.100000 0.780930 0.343677 0.538740 0.100000 0.100000 0.295409 0.831122 0.283901 0.100000 0.100000 0.254650 0.617978 0.374819 0.205044 0.267513 0.865181 0.112964 0.423268 0.100000 0.214842 0.260340 0.530926 0.100000 0.438949 0.100000 0.340376 0.100000 0.477577 0.100000 0.229613 0.100000 0.378598 0.565922 0.577090 0.141787 0.105283 0.163339 0.599404 0.158026 0.331870 0.745109 0.846879 0.711838 0.811482 0.408840 0.631669 0.980649 0.427599 0.887185 0.191174 0.379184 0.741407 0.262907 0.560244 0.277342 0.758862 1.054633 0.145368 0.568586 0.277597 0.100000 0.374121 0.808204 0.446829 0.612051 0.491417 0.668738 0.308395 0.687706 
0.496900 0.423972 1.666392 0.694596 0.951060 0.100000 0.619629 1.233912 0.575543 1.129758 0.100000 0.277246 0.864836 0.298423 0.330069 0.100000 0.100000 0.636059 0.632160 0.385215 0.454148 0.816824 1.029306 0.408306 0.100000 0.311192 0.180456 0.407162 0.508379 0.858957 0.100000 0.368076 0.237760 1.083386 0.858157 0.100000 0.263533 0.100000 0.100000 0.100000 0.100000 0.400621 0.675918 1.314651 0.100000 0.100000 0.100000 0.509937 0.890571 0.480195 0.964844 0.100000 0.230023 0.100000 0.416600 1.409922 0.100000 0.877411 1.286861 0.100000 0.546278 0.372904 0.100000 0.251382 0.335117 0.747221 0.299761 0.588214 0.100000 1.277004 0.100000 
0.783072 0.100000 0.368833 1.277706 0.154168 0.100000 0.544573 0.847335 0.426496 0.372049 0.470619 0.350316 1.338336 0.663987 0.244643 0.100000 0.100000 1.442160 0.819713 1.227686 0.344241 0.100000 0.100000 0.692642 0.823449 0.100000 0.100000 0.100000 0.663441 0.100000 0.655529 0.531612 0.123777 0.689156 0.100000 0.316303 0.100000 0.100000 0.706643 0.307501 0.650263 0.100000 0.962875 1.236743 1.308336 0.546316 1.300871 0.224292 0.144145 1.598128 0.869157 0.203416 0.155522 0.100000 0.802655 0.778763 0.715653 0.100000 0.514854 0.307788 0.528704 0.551367 0.163507 0.539213 0.698934 0.654783 0.685290 0.100000 0.550780 0.145593 0.526437 
0.625743 0.511521 0.297745 0.156709 0.610104 0.381660 1.171576 0.100000 0.895985 0.100000 0.213763 0.693295 0.996525 0.637898 0.520953 0.661752 0.762606 0.761530 1.520287 1.014567 0.100000 0.100000 1.702450 0.100000 0.311324 0.512619 0.145800 0.587327 0.800718 1.342921 0.756145 0.100000 0.115113 0.774189 0.100000 0.139464 0.693328 0.100000 0.157075 0.206935 0.127255 1.256581 0.981943 0.347885 0.100000 0.760978 0.305631 0.100000 1.201493 0.100000 0.567505 0.323839 0.823109 0.190955 0.100000 0.504020 0.195461 0.449337 1.063397 0.576204 0.574753 0.100000 0.296941 0.117965 0.100000 1.227623 0.211620 0.100000 0.558184 0.672360 0.460222 
0.100000 0.100000 0.709663 0.100000 0.858868 0.366929 0.315026 0.255468 0.693886 0.667681 0.100000 0.386309 0.979562 1.247715 0.478935 0.110142 0.492920 0.293513 0.712806 0.733278 0.729907 1.102969 0.992420 0.893634 0.100000 0.190347 0.691919 0.896524 0.363490 0.581191 0.810391 0.453030 0.100000 0.757609 0.100000 0.584822 0.544479 0.303427 0.466486 0.193275 0.567122 0.326901 0.675310 0.645663 0.621609 0.882034 0.550515 0.100000 0.335041 0.241091 0.445911 0.113420 0.458735 0.441673 0.197911 0.847311 0.205862 0.723103 1.225303 0.435517 1.296915 0.741368 0.100000 0.197965 0.661847 0.959793 0.227658 0.190895 1.229825 0.430129 0.389483 
1.188606 0.100000 0.839167 0.965777 0.220397 0.100000 0.100000 1.690126 1.355337 0.627957 0.100000 0.100000 0.345752 0.555598 0.100000 0.323950 0.100000 0.278096 0.430215 0.471774 0.664657 0.843546 1.374574 0.742101 0.287856 1.282544 0.555870 0.185768 0.314345 0.713252 1.344632 0.496105 0.100000 0.899238 0.523908 0.364971 0.488442 0.240865 0.387503 1.364224 1.092314 0.618894 1.016831 0.704883 0.302110 0.100000 0.105965 0.183158 0.100000 0.503745 0.580721 0.420340 0.829832 0.100000 0.442452 0.744688 1.893532 0.100000 1.679149 0.891116 1.268847 0.216648 0.502957 0.291302 0.100000 0.910639 0.654770 0.608021 1.265545 0.100000 0.100000 
0.427844 0.100000 0.479671 0.723313 0.386899 0.100000 0.100000 0.100000 0.433640 1.254384 0.100000 0.100000 1.350442 0.946840 0.927147 0.100000 0.100000 0.100000 0.100000 0.281345 0.215821 0.538057 0.394039 0.877907 0.687200 0.100000 0.100000 1.092384 0.681192 0.100000 0.100000 0.100000 0.885081 0.367753 0.128361 0.908177 0.100000 0.100000 1.224219 0.355383 0.100000 1.036042 0.506930 1.243090 0.431274 1.148643 0.100000 0.123511 0.379163 0.162214 1.761717 0.100000 0.444584 0.100000 0.100000 0.134077 0.532694 0.336022 0.527122 0.420820 0.159179 0.752372 1.157895 0.415332 0.100000 0.808945 0.427441 1.031801 0.644507 0.100000 0.166659 
0.246747 0.100000 0.734668 0.134183 0.384223 0.100000 0.100000 0.399034 0.165831 0.449387 0.349620 0.100000 0.514170 0.299843 0.510881 0.289026 0.870919 0.220966 0.306442 0.128147 0.100000 0.100000 0.503099 0.679241 0.100000 0.100000 0.100000 0.220238 0.100000 0.464947 0.100000 0.310653 0.100000 0.663518 0.100000 0.100000 0.100000 0.100000 0.353798 0.178757 0.224272 0.289165 0.235271 0.937430 1.005836 0.341386 0.106634 0.886237 0.422467 0.219330 1.193228 0.100000 0.807134 0.279706 0.518100 0.847198 0.279847 0.843073 0.682779 0.488537 0.533135 0.496480 0.100000 0.221533 0.956230 0.948324 0.499037 0.100000 0.561721 0.100000 0.314614 
0.463896 0.100000 0.578174 0.694619 0.944304 0.360123 0.291094 0.272270 0.100000 0.683623 0.100000 0.721039 0.188928 0.100000 0.638877 0.341426 0.972660 0.780295 0.100000 0.422889 1.105597 0.100000 0.762486 0.886783 0.312524 0.617328 0.269707 0.629987 0.427584 0.901877 0.800517 0.711462 0.362131 0.671293 0.424542 0.463187 0.294563 0.471119 0.404998 0.386857 0.495865 0.851732 0.797129 1.219167 0.528332 0.202853 0.288947 0.259346 0.100000 0.811754 1.542132 0.100000 0.173157 0.428153 0.100000 0.465968 0.588154 0.937332 1.315299 0.747972 1.071697 0.284081 0.844409 0.160367 1.047215 0.632508 0.742288 0.524007 0.729839 0.684405 0.100000 
0.100000 0.360580 0.662575 0.100000 0.100000 0.343878 0.530842 0.422774 0.736332 0.931836 0.370547 0.100000 0.585594 1.060393 0.391495 0.668291 0.859304 0.530449 0.502017 0.785693 0.933955 0.417328 1.201916 0.670632 0.104994 0.888583 0.329609 0.100000 0.613911 0.713317 0.584319 0.479065 0.385768 1.079555 0.310954 0.562434 0.424248 0.100000 0.100000 0.234306 0.405642 0.341358 0.857595 0.607083 0.386839 0.431817 0.754490 0.676439 0.120754 0.980109 0.584902 0.405513 0.411318 0.616892 0.127921 0.667954 0.955112 0.474808 1.014908 0.476585 0.526198 0.100000 0.320834 0.687106 0.488906 0.490232 0.100000 0.467770 0.686848 0.100000 0.707537 
0.719271 0.100000 0.453389 0.447629 0.709695 0.100000 0.330329 0.421877 0.765930 0.736094 0.320598 0.207011 0.378141 0.305102 0.565184 0.360966 0.351269 0.478648 0.214678 0.543697 0.592982 0.100000 0.500874 1.229061 0.100000 0.100000 0.763529 0.316267 0.573314 0.935679 0.100000 0.208251 0.100000 0.784927 0.100000 0.347215 0.436409 0.672502 0.129174 0.332982 0.197470 0.100000 0.844344 0.916797 0.100000 0.100000 0.655290 0.557852 0.745507 0.628788 1.173653 0.213500 1.175935 0.615959 0.120680 0.755445 1.227062 1.101435 1.250025 0.416230 1.360209 0.837401 0.325968 0.866846 1.048790 1.345147 1.090086 0.213158 0.630549 0.453484 0.157585 
0.100000 0.860282 0.808472 0.910950 0.239615 0.229157 0.100000 0.100000 0.603427 0.339440 0.511840 0.439479 1.235965 0.901767 0.686121 0.100000 0.347648 0.100147 0.100000 0.878686 0.347904 0.100000 0.242017 0.206749 0.132362 0.976749 0.464875 0.888629 0.849304 0.554684 0.965638 0.515837 0.100000 0.829601 0.497608 0.100000 0.174286 0.175111 0.906505 0.606472 0.100000 0.893648 0.276723 1.643913 0.656584 0.772063 0.100000 0.175327 0.629850 0.100000 1.615342 0.293540 0.844879 0.586898 0.100000 0.142002 0.100000 0.100000 1.086327 0.100000 1.709040 0.100000 0.559871 1.148975 0.470443 0.604724 0.938689 0.100000 1.601758 0.702706 1.363553 
0.100000 0.334411 0.842775 0.100000 0.100000 0.113374 0.100000 0.100000 0.443603 0.739566 0.146156 0.339327 0.404896 0.100000 0.100000 0.285962 0.100000 0.427914 0.100000 0.107677 0.100000 0.100000 0.245028 0.100000 0.299110 0.200485 0.100000 0.180492 0.100000 0.528259 0.323860 0.100000 0.100000 0.376746 0.100000 0.503911 0.408026 0.100000 0.624915 0.100000 0.287848 0.624775 1.043110 0.239527 0.191741 0.834841 0.263625 0.100000 0.267634 0.100000 0.975047 0.100000 0.238074 0.369200 0.100000 0.651956 0.885940 0.485438 0.100000 0.100000 0.990509 0.368385 0.154423 0.443606 0.380617 0.450335 0.172082 0.100000 0.246450 0.100000 0.100000 
0.100000 0.400774 0.965566 0.100000 0.443893 0.160115 0.218898 0.206520 0.327774 0.655444 0.100000 0.100000 0.266308 0.611649 0.100000 0.460333 0.307153 0.100000 0.100000 0.517057 0.215484 0.100000 0.601185 0.671454 0.403626 0.135244 0.100000 0.100000 0.208670 0.418842 0.811486 0.100000 0.100000 0.112570 0.100000 0.257883 0.334631 0.758445 0.319679 0.264745 0.471481 1.022825 0.741249 0.425015 0.743726 0.100000 0.187989 0.183201 0.451237 0.422567 1.146213 0.306944 0.157822 0.369142 0.100000 1.103988 0.439795 0.589054 1.140825 0.463645 0.690634 0.100000 0.455245 0.642115 0.122365 0.462933 0.467564 0.780815 0.335315 0.197260 0.523242 
0.153034 0.664795 0.368327 0.718699 0.401025 0.520246 0.787074 0.100000 1.026407 0.306362 0.100000 0.365158 0.236770 0.874118 0.539513 0.223312 0.673841 0.842948 0.299562 0.840625 0.561133 0.145055 0.968243 0.997353 0.115324 0.171111 0.328296 0.604387 0.329711 0.100000 0.623865 0.735994 0.420482 1.331199 0.100000 0.611001 0.400391 0.341180 1.114333 0.100000 0.100000 0.386850 0.276923 0.676943 1.004728 0.100000 0.100000 0.414444 0.885527 0.652246 1.242874 0.100000 0.215646 0.830537 0.100000 0.983134 0.526007 0.100000 0.871725 0.889157 0.712292 0.397110 0.667097 1.377035 0.881347 0.103964 0.779085 0.493543 0.997726 0.565373 0.526273 
0.320669 0.450284 0.734063 0.581899 0.148980 0.100000 0.100000 0.100000 0.373708 0.763928 0.410899 0.126250 0.395515 0.100000 0.609657 0.164580 0.541661 0.855235 1.269650 0.100000 0.100000 0.100000 1.109031 0.129459 0.971353 1.061242 0.100000 0.100000 0.489195 0.634624 0.100000 0.100000 0.734241 0.709759 0.100000 0.100000 0.913857 0.100000 0.370489 0.889606 0.458927 0.100000 0.601889 0.483186 0.100000 0.723592 0.100000 0.267713 0.275769 0.100000 0.100000 0.100000 1.082106 0.100000 0.333321 0.304486 0.401445 0.601337 0.820736 0.516432 0.100000 0.100000 0.209950 0.699561 1.471036 0.973201 0.672985 0.104451 1.124861 0.908368 0.411271 
0.604691 0.144449 0.298356 0.100000 0.666137 0.226080 0.100000 0.521164 0.283028 0.514265 0.399329 0.206082 0.366910 0.413584 0.100000 0.100000 0.265721 0.512028 0.100000 0.100000 0.175578 0.361592 0.967486 0.100000 0.100000 0.571141 0.457233 0.201571 0.100000 1.009338 0.419962 0.190535 0.175938 0.252002 0.100000 0.100000 0.251945 0.100000 0.283827 0.664608 0.455832 0.100000 0.775534 0.463054 0.100000 0.516834 0.100000 0.100000 0.128576 0.100000 0.855820 0.100000 0.100000 0.576877 0.100000 0.803417 0.116412 0.820226 0.769119 0.100000 0.262330 0.100000 0.100000 0.385748 0.799937 0.690326 0.691515 0.210161 0.803539 0.481299 0.508660 
0.131189 0.232459 0.732595 0.555624 0.380913 0.100000 0.589967 0.100000 0.433424 1.023730 0.550861 0.100000 0.590630 0.100000 0.495421 0.764870 0.712403 0.424308 0.242229 0.706858 0.829738 0.175480 0.440156 0.151244 0.354707 0.100000 0.100000 0.271464 0.100000 0.396822 0.100000 0.288751 0.100000 0.100000 0.236746 0.333781 0.100000 0.529908 0.100000 0.100000 0.691797 0.425323 0.663708 0.292314 0.211660 0.639350 0.181308 0.100000 0.136961 0.564841 0.610334 0.507095 0.688906 0.100000 0.367910 0.554504 0.788051 0.743506 0.317340 1.002121 0.518579 0.100000 0.100000 0.484222 0.834330 0.707966 0.634103 0.393745 1.021771 0.208487 0.100000 
0.226683 0.317124 1.243559 0.205005 0.139418 0.100000 0.100000 0.377656 1.217617 0.100000 0.508934 0.942927 0.409374 1.292722 0.100000 0.100000 0.788179 0.690772 1.471753 0.669721 0.560955 0.589804 1.642022 0.139564 0.478982 0.172395 0.100000 0.537139 0.188797 0.924970 0.418587 0.100000 0.100000 0.100000 0.100000 1.198496 0.254724 0.618821 0.283377 0.100000 0.463763 0.393550 0.100000 1.045284 0.217166 0.312428 0.100000 0.780395 0.838752 0.514264 1.354046 0.100000 0.972971 0.406844 0.511207 0.938234 0.784543 0.412199 1.047830 0.567405 0.963382 0.244133 0.100000 0.852416 0.452446 1.012667 0.120706 0.100000 1.202187 0.100000 0.100000 
1.181290 0.100000 2.290358 0.100000 0.122204 0.100000 0.100000 0.385676 0.680818 0.446814 0.100000 0.100000 1.129707 1.270330 0.473989 0.100000 0.100000 0.836290 0.100000 1.232651 0.408158 0.363237 0.831161 1.019580 1.103310 0.528401 0.273410 0.100000 0.100000 1.320925 0.100000 0.374808 0.100000 0.171959 0.100000 0.100000 0.264970 0.722137 0.206522 0.100000 0.511988 0.132503 0.433963 0.969908 0.100000 0.100000 0.387229 0.100000 0.101389 0.336937 1.465886 1.434696 0.686248 0.351303 0.100000 1.808431 0.949269 0.100000 0.691867 0.864082 0.340194 0.100000 0.439357 0.277262 1.310389 0.100000 1.127021 0.752727 0.100000 0.148425 0.100000 
0.334241 0.100000 0.945019 0.255163 0.365847 0.100000 0.391561 0.594365 0.599847 0.376720 0.100000 0.100000 0.699661 0.450449 0.283877 0.100000 0.400977 0.614110 0.100000 0.100428 0.148915 0.100000 0.452630 1.348769 0.265682 0.100000 0.385052 0.340173 0.196055 1.081892 0.330225 0.394553 0.223085 0.674810 0.100000 0.210016 0.506570 0.100000 0.118594 0.397912 0.100000 0.228354 1.024196 0.590010 0.100000 0.503193 0.100000 0.100000 0.196159 0.100000 1.232919 0.461045 0.100000 0.100000 0.100000 0.478844 0.240606 0.985863 0.666438 0.223857 0.531339 0.100000 0.100000 0.100000 0.436191 0.100000 0.446888 0.307800 0.708321 0.622846 0.293222 
0.258539 0.790792 1.628163 0.132536 1.063618 0.100000 0.687771 0.476384 0.713034 0.100000 0.100000 0.365811 0.508726 0.295564 0.538423 0.275829 0.330160 0.822875 0.821660 1.222860 0.724832 0.324978 1.093692 0.289556 0.141471 0.484268 0.100000 0.986164 0.922147 1.373771 0.674966 0.502771 0.226326 0.924695 0.100000 0.112391 0.292541 0.336620 0.646901 0.272599 0.326170 0.385743 0.970969 1.179145 0.463333 0.590757 0.953957 0.752700 0.785144 0.638834 1.395087 0.541400 0.614597 0.315491 0.354821 0.708476 0.587377 0.981611 1.008823 0.719881 0.583354 0.514524 0.100000 0.450401 0.863972 0.946174 1.009729 0.567808 0.693888 0.100000 0.690555 
0.400062 0.100000 1.383742 0.541417 0.243670 0.345542 0.474188 0.725073 0.475686 0.100000 0.380953 0.100000 0.535169 0.482244 0.577103 0.100000 0.151725 0.451698 0.100000 0.926831 0.623724 0.715749 1.552408 0.310114 0.100000 0.100000 0.250230 0.580803 0.100000 1.230104 0.525825 0.994462 0.380781 1.002012 0.266317 0.638379 0.100000 0.457243 0.778351 0.265629 0.278384 1.066469 1.332364 0.846520 0.689827 0.363787 0.639110 0.314527 0.502653 0.558810 1.235089 0.100000 0.188413 0.501660 0.153338 0.456558 0.285349 1.132629 0.702812 1.026902 0.513837 0.201509 0.100000 0.743244 0.449108 1.015378 0.361385 0.100000 0.469994 0.463456 0.762985 
