74 Number of operations
23 Number of workers
Standard production times
0.290051 0.119425 0.716550 0.190971 0.451519 0.100000 0.100000 0.336942 0.571636 0.414269 0.100000 0.116889 0.577166 0.526380 0.408052 0.219375 0.435065 0.438886 0.292950 0.555470 0.434268 0.311430 0.740981 0.584869 0.139028 0.323885 0.251275 0.312576 0.314710 0.676281 0.419674 0.326109 0.145356 0.602997 0.103788 0.342580 0.388635 0.242379 0.413542 0.192219 0.347265 0.507650 0.705652 0.791335 0.495640 0.423869 0.228507 0.247610 0.527861 0.409505 1.022967 0.293508 0.469117 0.314897 0.100000 0.751079 0.347161 0.569259 0.817347 0.505296 0.596762 0.100000 0.221035 0.466013 0.609718 0.669980 0.649135 0.261762 0.656215 0.254587 0.240166 0.399291 0.502519 0.366428 
Production times: workers row and ops columns
0.178887 0.100000 0.809831 0.395996 0.550669 0.159504 0.100000 0.525723 0.632546 0.979011 0.699459 0.209468 0.389523 0.207015 0.619799 0.258045 0.263138 0.460685 0.100000 0.904486 0.210703 0.923684 0.942727 0.881658 0.100000 0.408576 0.621553 0.100000 0.181601 0.692589 0.100000 0.483688 0.568436 0.173239 0.279061 0.100000 0.369287 0.100000 0.974251 0.396669 0.334956 0.120069 1.342530 1.774886 0.100000 1.041951 1.042332 0.416616 0.100000 0.841178 0.932507 0.100000 0.100000 0.590166 0.496403 0.439314 0.607449 0.100000 1.218277 0.528579 0.503477 0.100000 0.655478 0.841218 0.874451 0.738830 0.688046 0.570952 0.772462 0.595863 0.100000 0.100000 1.021931 1.459918 
0.510733 0.100000 0.648328 0.131444 0.460223 0.100000 0.100000 0.100000 0.696035 0.265948 0.347606 0.100000 1.070333 0.633147 1.503402 0.100000 0.111606 0.889630 1.557113 0.431153 0.456102 0.198273 1.406709 0.441215 0.479063 0.163984 0.100000 0.469350 0.566302 1.322894 0.364451 0.100000 0.426737 0.723366 0.244121 0.306024 0.968804 0.427125 1.365871 0.747747 0.676789 0.100000 1.006812 1.001476 0.901116 0.946090 0.100000 0.659613 0.246708 1.386944 0.356991 0.100000 0.100000 0.100000 0.100000 1.729119 0.183912 0.100000 1.374538 0.212034 0.100000 0.537919 0.532716 0.248534 1.313488 0.734531 1.457610 0.513132 1.435617 0.309288 0.100000 1.623975 0.229632 0.267009 
0.100000 0.100000 0.689351 0.151520 0.549825 0.537647 0.100000 0.100000 0.116940 0.114542 0.100000 0.264398 0.327702 0.333085 0.307485 0.100000 0.100000 0.541300 0.378512 0.322519 0.877428 0.100000 0.537485 0.415617 0.100000 0.805143 0.261174 0.100000 0.830062 0.751980 0.448532 0.100000 0.100000 0.100000 0.242296 0.130249 0.328850 0.502995 0.398966 0.170959 0.330214 0.187669 0.856453 1.154343 0.623282 0.589342 0.100000 0.100000 0.100000 0.679181 0.846713 0.613461 0.134543 0.100000 0.100000 0.927514 0.265386 0.532596 0.722305 0.458452 0.161821 0.100000 0.100000 0.348965 0.657419 0.365776 0.523783 0.100000 0.681405 0.390018 0.100000 0.475064 1.022254 0.100000 
0.140999 0.100000 0.732821 0.777825 0.555525 0.100000 0.386541 0.257000 1.008659 0.605849 0.616634 0.100000 1.586423 0.873756 0.704426 0.304019 0.317385 0.278556 0.352157 0.416289 0.619070 0.163600 1.027306 0.971706 0.100000 0.781691 0.279892 0.759162 0.546160 1.112980 0.220568 0.394070 0.680785 0.517586 0.100000 0.100000 0.100000 0.100000 0.390050 0.675777 0.314596 0.704708 0.772655 0.893900 0.545180 0.471615 0.466856 0.100000 0.930899 0.785511 1.064450 0.635126 0.358713 0.253730 0.246879 0.794013 0.312540 0.467524 0.750098 0.887046 0.113765 0.305748 0.250104 0.784357 0.864240 0.100000 0.924529 0.459044 0.762774 0.213985 0.596151 0.375382 1.152934 0.635743 
1.031399 0.100000 0.289773 0.505408 0.807330 0.210608 0.100000 0.302573 0.857031 0.459016 0.165204 0.164252 0.396991 0.466474 0.100000 0.849763 0.392453 0.682169 0.100000 0.893829 0.100000 0.687614 0.830370 1.318051 0.100000 0.446799 0.461444 0.782445 0.287853 0.802221 0.100000 0.177058 0.380841 1.034250 0.119267 1.059487 1.016710 0.324183 0.100000 0.100000 0.213907 0.942402 0.898734 0.263061 0.527010 1.007877 0.216066 0.122620 1.244248 0.525528 0.979220 0.498558 0.574266 0.286155 0.562537 1.185790 0.699420 0.638393 1.261417 0.590385 0.836755 0.510106 0.563688 1.102939 0.845103 0.264762 0.401084 0.766794 0.656830 0.470549 0.100000 0.799555 0.487069 0.903860 
0.230381 0.554865 1.018869 0.100000 0.881218 0.100000 0.100000 0.653455 0.484033 0.336116 0.100000 0.100000 0.990664 0.808935 0.487253 0.286858 0.670111 1.068487 0.654241 0.502933 0.767493 0.375798 0.781281 1.244811 0.113346 0.280130 0.100000 0.100000 0.550047 0.567805 0.674298 0.100000 0.100000 0.905369 0.642056 0.620322 0.847984 0.853757 0.825569 0.100000 0.415661 0.796709 0.681198 1.026919 0.121893 0.275281 0.487171 0.100000 0.295547 0.504190 0.607148 0.410644 0.329252 0.327419 0.122305 0.907867 0.278025 0.696165 0.736999 0.772118 1.204905 0.259061 0.371996 0.216810 0.917728 0.542560 0.506481 0.528994 0.810526 0.686740 0.773029 0.337386 0.641032 0.994552 
0.773320 0.475950 1.369653 0.100000 0.769810 0.804627 0.910456 0.100000 0.445799 0.605626 0.100000 0.100000 0.919167 0.349675 0.100000 0.400299 0.222818 0.100000 0.100000 1.062381 0.100000 0.100000 0.603058 1.199347 0.793881 0.100000 0.162458 0.100000 0.820314 0.100000 0.348076 0.842600 0.100000 1.338078 0.100000 0.527175 0.815276 0.172523 1.106699 0.466284 0.100000 2.486952 1.029974 0.845007 0.100000 0.464753 0.100000 0.569787 0.713696 1.336010 1.094092 0.550260 0.655345 0.240652 0.100000 1.301580 0.737175 0.254538 0.260628 0.471591 1.177482 0.100000 1.094252 0.100000 0.680539 0.100000 0.351301 0.107201 0.911684 1.109918 0.257638 1.126250 0.833359 0.859604 
0.100000 0.434923 0.294661 0.239518 0.100000 0.100000 0.100000 0.100000 0.576971 0.293637 0.100000 0.458111 0.578332 0.728800 0.543620 0.100000 0.100000 0.100000 0.560497 0.139406 0.579081 0.100000 0.758914 0.100000 0.389150 0.211984 0.417022 0.269534 0.454129 0.545702 0.542681 0.100000 0.100000 0.720640 0.100000 0.173954 0.234751 0.292897 0.135539 0.245311 0.100000 0.285474 0.901138 1.012711 0.100000 0.575459 0.100000 0.367517 0.100000 0.100000 0.770275 0.143562 0.796201 0.486097 0.472640 1.013062 0.162302 0.389361 1.038038 0.417407 0.449664 0.100000 0.100000 0.100000 0.372883 0.276013 0.756907 0.100000 0.457499 0.558719 0.100000 0.394289 0.100000 0.293347 
0.313130 0.277387 0.346945 0.186868 0.446965 0.100000 0.100000 0.376002 0.591000 0.100000 0.100000 0.768684 1.053104 0.100000 0.443117 0.307607 0.560466 0.381005 0.100000 0.400744 0.186930 0.251742 0.560469 0.445366 0.344593 0.593052 0.100000 0.100000 0.100000 0.943398 0.301864 0.660805 0.100000 0.510797 0.100000 0.633341 0.179852 0.100000 0.135804 0.100000 0.237719 0.441396 0.692075 1.140768 0.305347 0.566106 0.222179 0.100000 0.100000 0.593756 0.771775 0.198894 0.100000 0.299796 0.100000 0.659905 0.206723 0.784024 1.007213 0.623071 1.493085 0.100000 0.100000 0.100000 0.640514 0.363734 0.100000 0.100000 0.577890 0.457523 0.100000 0.115558 0.360713 0.100000 
0.549400 0.220626 0.912930 0.100000 1.012480 0.199887 0.588065 0.305242 0.848648 0.310453 0.100000 0.100000 0.663406 0.560760 0.969814 0.100000 0.207963 1.048943 0.575585 0.100000 0.683448 0.482630 0.197648 0.574000 0.233791 0.643306 0.637623 0.441300 0.724745 0.732399 0.262425 0.145854 0.408150 0.115547 0.407130 0.110608 0.380868 0.493994 0.878924 0.100000 0.205411 0.622369 0.626826 1.149822 0.100000 0.632410 0.456283 0.362335 0.958532 0.140633 1.455552 0.182632 0.786782 0.317636 0.444303 1.085220 0.100000 0.622912 0.889617 0.533933 0.470063 0.755431 0.383764 1.032517 0.538974 0.451441 0.788809 0.192791 1.473258 0.428214 0.685946 0.432020 0.504701 0.457154 
0.467909 0.544219 0.655473 0.100000 0.100000 0.100000 0.386481 0.565915 0.562727 0.114199 0.173383 0.402792 0.558757 0.582565 0.332800 0.677125 0.215964 0.531654 0.490164 0.918232 1.182210 0.649157 1.040587 0.100000 0.442230 1.470744 0.100000 0.100000 0.207383 1.186906 0.682049 0.100000 0.127361 1.121517 0.440098 1.557018 0.891478 0.419163 0.720905 0.100000 0.100000 0.593629 0.950933 0.100000 0.234462 0.239241 0.361328 0.117377 0.750409 0.458561 1.553130 0.100000 1.297679 1.023734 0.125159 1.076241 0.650436 0.200614 0.899679 0.894383 0.751670 0.625660 0.268533 0.506388 0.225816 0.487711 0.419276 1.114503 0.776467 0.100000 0.439465 0.303289 0.100000 0.606354 
0.100000 0.192965 0.328171 0.100000 0.499821 0.100000 0.100000 0.298255 0.655306 0.537734 0.100000 0.100000 1.054311 0.244586 0.849129 0.100000 0.683450 0.659876 0.100000 0.562056 0.560885 0.421724 0.581300 0.575457 0.100000 0.100000 0.446478 0.100000 0.628637 0.757017 0.100000 0.177749 0.100000 0.241731 0.154217 0.100000 0.778143 0.400646 0.100000 0.100000 0.179236 0.100000 0.885029 0.976278 0.673290 0.186773 0.449203 0.100000 0.708405 0.853264 0.965000 0.100000 0.274046 0.407193 0.365962 0.310942 0.189997 0.539261 0.847846 0.678423 0.212230 0.100000 0.423425 0.483713 0.644232 0.907577 0.580351 0.320163 0.461846 0.100000 0.100000 0.321587 0.342651 0.100000 
0.285455 0.100000 0.649952 0.100000 0.100000 0.100000 0.436958 0.331933 0.100000 0.186340 0.118136 0.100000 0.651265 0.134400 0.360602 0.103330 0.280146 0.272578 0.252878 0.735287 0.175232 0.100000 0.689150 0.448824 0.154708 0.439372 0.538631 0.177642 0.100000 0.555394 0.425835 0.170022 0.100000 0.100000 0.156183 0.145370 0.100000 0.100000 0.100000 0.274844 0.415756 0.862075 0.800029 0.285841 0.100000 0.663087 0.598513 0.100000 0.595502 0.100000 0.339790 0.100000 0.261960 0.100000 0.100000 0.503775 0.450952 0.897523 0.728206 1.014295 0.306440 0.100000 0.237355 0.259573 0.862834 0.377648 0.945943 0.220014 1.325851 0.100000 0.100000 0.342986 0.100000 0.447107 
0.530474 0.174085 0.100000 0.100000 0.744828 0.687589 0.897232 0.100000 0.100000 0.278299 0.100000 0.100000 1.003061 1.343682 0.547630 1.039652 0.640501 0.534568 0.207230 0.648939 0.306841 0.240974 0.410035 0.714385 0.146252 0.100000 0.130924 0.100000 0.100000 0.918223 1.199018 1.510974 0.926566 0.167597 0.691411 0.902530 0.100000 0.673023 0.727130 0.273623 0.491573 0.536804 1.521620 0.590441 0.395670 0.427564 0.366339 0.100000 1.221848 0.522605 1.307529 0.392166 0.375896 0.137276 0.148057 0.827106 0.924792 0.742288 0.750602 1.498578 0.100000 0.100000 0.398336 0.359826 0.100000 0.513865 0.293807 0.827326 0.345589 0.779894 0.470057 0.296125 0.513105 0.580757 
0.100000 0.282960 0.526991 1.089930 0.105884 0.671282 0.100000 0.744254 0.709687 0.290760 0.100000 0.100000 0.788667 0.459256 0.100000 0.126470 1.552425 0.462309 0.438344 0.336443 0.521295 0.400402 0.610380 1.016501 0.100000 0.258787 0.503801 0.179074 0.100000 0.955414 0.100000 0.102454 0.100000 0.547633 0.100000 0.105285 0.729125 1.123683 0.234785 0.453546 0.169558 0.557121 1.269528 0.816482 0.100000 0.100000 0.100000 0.240958 0.956867 0.100000 0.504322 0.100000 0.100000 0.977859 0.100000 1.701469 0.100000 1.216350 0.466522 0.301611 0.102280 0.100000 0.100000 0.574179 0.100000 0.549079 0.644534 0.595067 0.706411 0.415250 0.497372 0.390665 0.684193 0.100000 
0.100000 0.588679 0.613030 0.100000 0.765483 0.100000 0.100000 0.100000 0.705483 0.100000 0.100000 0.210119 0.532256 0.400452 0.243856 0.463154 1.004147 0.174258 0.363621 1.034110 0.657985 0.100000 0.511777 0.305479 0.100000 0.100000 0.229837 0.100000 0.477570 0.613258 0.200536 0.491935 0.141048 0.582458 0.315800 0.414560 0.255966 0.423645 0.406337 0.967411 0.576871 0.753614 0.992950 0.715287 0.789509 0.330876 0.100000 0.100000 0.586246 0.100000 0.985473 0.100000 0.584582 0.100000 0.561691 0.881425 0.100000 0.996887 0.649171 0.187053 0.189622 0.170329 0.572392 0.192484 0.210432 0.228070 0.998057 0.662980 0.451673 0.315899 0.139295 0.281102 0.691726 0.398715 
0.488898 0.131652 1.061231 0.206369 0.566495 0.265843 0.100000 0.347213 0.577855 0.544630 0.100000 0.100000 1.164205 0.973313 0.774764 0.866821 0.660943 0.511563 0.537603 0.100000 0.204843 0.639021 0.850765 0.301578 0.436589 0.723555 0.551638 0.403487 0.163895 0.808560 0.647751 0.318532 0.426267 0.797327 0.303722 0.100000 0.812963 0.859696 0.392802 0.100000 0.638943 0.467952 0.515548 1.256650 0.180626 0.739098 0.100000 0.786291 0.782827 0.432287 1.167778 0.568134 0.818085 0.663235 0.364019 0.707865 0.646385 0.275862 1.218574 0.867197 1.114986 0.100000 0.376898 0.823498 0.805076 0.641980 0.841334 0.382171 1.054926 0.166048 0.442013 0.587170 0.829717 0.444560 
0.428245 0.198141 0.826770 0.293478 0.453495 1.048190 0.100000 0.100000 0.432948 0.301253 0.203431 0.646169 1.183681 0.697578 0.100000 0.434683 0.141868 0.388676 0.100000 0.783157 0.346285 0.643066 0.984171 0.612848 0.263196 0.699111 0.239635 0.687261 0.408915 0.857101 0.759446 0.825568 0.401600 0.720509 0.419994 0.100000 0.980324 0.100000 0.784655 0.122970 0.599440 0.572680 0.896729 0.651099 0.100000 0.645866 0.148356 0.153020 0.410264 1.104829 0.948309 0.491552 0.220984 0.871826 0.100000 0.100000 1.260746 0.339814 1.310026 0.825217 0.892416 0.130555 0.377795 0.933193 0.619439 0.845373 1.027622 0.386778 0.628720 0.790091 0.442673 0.461739 0.369750 0.164749 
0.736943 0.594060 0.100000 0.100000 0.933963 1.312153 1.175177 0.807875 1.258302 0.150559 0.487267 0.100000 0.296228 0.686866 1.492021 0.593357 0.571978 0.353844 0.100000 0.856902 0.259721 0.430952 0.296315 0.645497 0.100000 0.575838 0.911138 0.769551 1.371622 0.838558 0.672356 0.583541 0.100000 1.679614 0.598077 0.221167 0.100000 0.533134 0.842316 0.261161 0.440302 0.413592 0.704278 1.458906 1.195949 0.100000 0.297946 0.100000 0.100000 0.702482 0.602182 0.100000 0.791693 0.955968 1.119389 0.552933 1.069884 0.100000 0.295647 0.764780 0.832529 0.760209 0.699380 0.425228 1.374342 1.013221 1.507679 0.100000 0.806342 0.100000 0.643123 0.289515 0.376593 0.100000 
0.444153 0.677170 1.220648 0.100000 0.100000 1.102570 0.100000 0.262471 1.154303 0.512591 0.100000 0.100000 1.525746 0.100000 1.058664 0.100000 0.299450 1.370343 0.100000 0.972999 0.252741 0.100000 0.657971 1.169332 0.100000 0.598596 0.345551 0.335991 0.105961 0.742173 0.100000 0.101948 0.100000 0.737847 0.281118 0.100000 0.789289 0.440294 0.560328 0.100000 0.583661 1.034754 0.375430 0.382913 1.090146 0.100000 0.100000 0.100000 0.618731 0.485692 1.271219 0.331496 1.237807 1.102789 0.679505 0.173179 0.528950 0.136158 0.566991 0.100000 0.602118 0.372062 0.260381 0.100000 0.100000 0.288937 0.260316 0.653898 0.496574 0.160254 0.161699 0.947715 1.320577 0.579957 
0.315559 0.640176 0.948023 0.164642 0.854691 0.262169 0.100000 0.625013 0.761583 0.100000 0.100000 0.257780 0.882173 0.808954 0.100000 0.215272 0.735042 0.100000 0.418535 0.719469 0.811395 0.100000 0.884477 1.290306 0.100000 0.329013 0.637472 0.183633 0.761796 0.938441 0.100000 0.456287 0.100000 0.988762 0.100000 0.100000 0.147444 0.101457 0.908024 0.286742 0.534566 0.930120 0.596309 0.717838 0.341404 0.759340 0.818490 0.425233 0.440877 0.353397 0.789272 0.612851 0.250238 0.338507 0.100000 0.281240 0.100000 0.402270 0.982770 0.509951 0.629689 0.100000 0.100000 0.245702 0.773088 1.384276 0.708223 0.100000 1.138002 0.100000 0.507426 0.366494 0.626844 1.496227 
0.165793 0.100000 0.929121 0.284387 0.429697 0.100000 0.377148 0.760155 0.386011 0.173339 0.748972 0.100000 0.891766 0.758119 0.177161 0.547224 0.204100 0.212021 0.100000 0.905755 0.399464 0.737005 0.597939 0.869268 0.661251 0.398081 0.100000 0.309804 0.791731 0.998010 0.403878 0.100000 0.460017 1.192269 0.698366 0.572417 0.431326 0.106543 0.341761 0.100000 1.087630 0.599561 1.520974 0.868986 0.110145 1.082339 0.100000 0.216238 1.122426 0.947137 0.515105 0.393824 0.242256 0.576639 0.743653 0.695832 0.895128 0.390666 1.569028 0.357600 0.557760 0.289087 0.100000 1.030895 0.388713 0.954165 0.362396 0.394697 0.753057 0.238115 0.486932 0.164241 1.059079 0.527162 
0.100000 1.122206 0.942907 0.967753 0.363050 0.100000 0.100000 0.100000 0.552395 0.172905 0.204506 0.100000 0.604057 0.296589 0.724807 0.100000 0.222529 1.268086 0.100000 0.924497 1.099521 0.306385 1.235236 1.105589 0.923906 0.139969 0.195125 0.714637 0.100000 0.700307 0.100000 0.100000 0.312814 1.454212 0.100000 0.384729 0.162083 0.100000 0.481594 0.728684 1.455186 0.920888 0.224970 0.100000 1.149055 0.582227 0.100000 0.100000 0.124000 1.026218 1.011787 0.100000 0.905406 0.469948 0.100000 1.054937 0.100000 1.051211 0.104916 0.100000 0.100000 0.100000 0.100000 0.284690 0.612102 0.947106 0.722401 0.387692 1.458377 0.121342 0.100000 0.874982 1.420454 0.460072 
