79 Number of operations
25 Number of workers
Standard production times
0.395487 0.532490 0.222502 0.307822 0.261232 0.472611 0.856732 0.348992 0.510849 0.592732 0.929213 0.391227 0.206876 0.575733 0.100000 0.623915 0.189126 0.198222 0.386496 0.383715 0.967043 0.350765 0.541102 0.253267 0.159032 0.456081 0.295062 0.100000 0.627160 0.519564 0.619080 0.716055 0.419631 0.380416 0.100000 0.410165 0.555420 0.278717 0.305743 0.100000 0.571778 0.269913 0.412373 0.663896 0.543813 0.237312 0.591981 0.366152 0.400966 0.541476 0.611755 0.607141 0.514341 0.395286 0.100000 0.249166 0.430479 0.769328 0.427803 0.599307 0.100000 0.665435 0.232499 0.665336 0.283636 0.157893 0.336602 0.575480 0.716322 0.403792 0.756102 0.159809 0.168989 0.100000 0.420959 0.465930 0.486587 0.338208 0.671367 
Production times: workers row and ops columns
0.248325 0.675701 0.803236 0.460119 0.288725 0.709238 0.859528 0.100000 1.302794 0.292890 0.517385 0.535991 0.100000 0.469174 0.100000 0.796641 0.100000 0.100000 0.213896 0.100000 1.223671 0.301913 0.640878 0.100000 0.271232 0.108031 0.532060 0.172533 0.372788 0.496155 0.495103 0.537274 0.142552 0.315921 0.489718 0.100000 0.543857 0.107742 0.799385 0.100000 0.720063 0.100000 0.291797 0.743457 0.338741 0.100000 0.612882 0.100000 0.124172 0.451418 0.456932 0.137512 0.704725 0.512844 0.100000 0.610077 0.296458 0.761752 0.827294 0.462018 0.100000 0.888633 0.100000 0.914877 0.271787 0.100000 0.100000 0.281813 0.823282 0.249530 0.898738 0.100727 0.100000 0.570783 0.100000 0.375780 0.693781 0.289910 0.842769 
0.265381 0.644034 0.100000 0.100000 0.417452 0.668938 1.293803 0.100000 0.745702 0.807826 1.261908 0.100000 0.129055 0.104833 0.293600 0.481943 0.676913 0.701306 0.100000 0.952543 1.269323 0.100000 0.875870 0.187721 0.100000 1.243631 0.124054 0.609434 0.887750 0.221938 0.100000 0.618309 0.803517 0.100000 0.100000 0.570504 0.486033 0.893329 0.357354 0.100000 0.134090 0.100000 1.372845 0.187010 0.667490 0.100000 0.903714 0.538759 0.100000 0.517868 0.100000 0.726785 1.734671 0.556630 0.100000 0.718984 0.699003 1.220413 0.725681 0.784787 0.100000 0.768153 0.100000 1.295257 0.337083 0.809746 0.100000 0.100000 0.410048 0.100000 0.608627 0.140550 0.100000 0.100000 1.120280 0.100000 0.304934 0.100000 0.690037 
0.100000 0.290939 0.353175 0.479535 0.183521 0.585886 0.351002 0.690721 0.397850 0.533768 0.692941 0.315916 0.100000 0.673966 0.100000 0.422508 0.100000 0.100000 0.280355 0.213151 1.172573 0.237257 0.230304 0.668283 0.176496 0.832326 0.544244 0.915276 0.879003 0.557758 0.786021 0.884385 0.737938 0.476487 0.100000 0.343354 1.264126 0.395986 0.100000 0.100000 0.565923 0.793275 0.944469 1.035155 0.512300 0.677456 1.025160 0.167043 0.332966 0.944884 0.507670 0.376418 0.763666 0.235583 0.100000 0.152436 0.343810 1.153163 0.956427 1.270414 0.100000 0.514796 0.534635 0.652248 0.100000 0.100000 0.877216 1.377333 0.241043 0.490401 1.303546 0.277706 0.311727 0.606683 0.661189 0.370470 0.121253 0.144010 0.192436 
0.822249 0.568063 0.555934 0.511074 0.702400 0.562422 1.219982 0.475708 0.770535 0.713735 1.182678 0.238893 0.526940 0.726497 0.356257 0.888573 0.304586 0.714337 1.235052 0.501824 0.889335 0.232497 1.046401 0.551706 0.814116 0.624900 0.100000 0.100000 0.634449 0.474905 0.772690 0.507582 0.100000 0.166118 0.314909 0.100000 0.354264 0.356463 0.613458 0.320633 0.950643 0.612300 0.100000 0.100000 0.937943 0.379604 0.941396 0.502964 0.710821 0.842122 1.097332 0.803387 0.231852 0.809833 0.717561 1.041198 0.842881 1.161894 0.753444 1.251179 0.100000 0.603573 0.291988 0.412417 0.813533 0.100000 0.550199 0.480086 0.532405 0.486099 0.954943 0.100000 0.417167 0.100000 0.990166 0.449172 0.719188 0.362389 1.115063 
0.367145 0.394922 0.185949 0.940056 0.134339 0.340940 1.266205 0.853554 0.489441 0.524350 1.030508 0.390624 0.100000 0.649512 0.100000 0.656105 0.100000 0.100000 0.450924 0.641027 1.066560 0.400114 0.914706 0.527007 0.505378 0.864847 0.227511 0.100000 0.393070 0.582268 0.448236 0.766698 0.488289 0.100000 0.374324 0.559770 0.377930 0.210178 0.292560 0.416336 0.452549 0.230590 0.100000 0.670053 0.227148 0.100000 0.419149 1.093677 0.146656 0.958068 0.944080 0.475820 0.913068 0.898570 0.106473 0.404244 0.169646 1.555780 0.100000 0.554629 0.727688 0.996867 0.725256 0.222374 0.200822 0.100000 0.544423 0.399806 0.567411 0.100000 0.695194 0.216840 0.359116 0.356839 0.724439 0.476124 0.292099 0.410458 0.875864 
1.439300 0.100000 0.417772 1.092581 1.514469 0.399918 0.366682 0.591240 0.100000 1.322744 0.783190 0.318543 0.100000 0.100000 0.100000 0.885777 1.269627 0.100000 1.016956 0.100000 0.392720 0.100000 1.096934 0.100000 0.100761 1.241174 0.601613 0.100000 0.100000 0.207933 1.569069 0.100000 0.532880 0.263138 0.188622 0.100000 0.426433 0.206161 0.100000 0.100000 0.930930 1.614593 0.100000 0.100000 0.130642 0.436123 0.472559 1.318248 0.445795 0.100000 0.755362 1.264583 0.470903 0.100000 0.100000 0.964424 0.887865 0.100000 0.220442 0.100000 0.100000 1.334940 0.301105 0.401931 0.692438 0.438471 0.100000 0.100000 0.552826 0.100000 0.878065 0.107663 0.100000 0.563750 0.412345 0.595493 0.873928 0.694903 0.252548 
0.436277 0.451716 0.112022 0.100000 0.907751 0.801428 0.921019 0.251680 0.740020 0.100000 1.132565 0.222876 0.184965 0.276383 0.100000 0.106159 0.100000 0.100000 0.527845 0.705731 0.823041 0.242935 0.517336 0.364065 0.100000 0.100000 0.100000 0.100000 0.715335 0.100000 0.526266 0.217644 0.292223 0.261371 0.207492 0.628837 0.100000 0.100000 0.637191 0.538919 0.581123 0.285267 0.544667 0.199175 0.903777 0.100000 0.660525 0.162088 0.137148 0.100000 0.304945 0.244032 0.866722 0.100000 0.100000 0.224971 0.186778 0.612201 0.100000 1.008551 0.277175 0.100000 0.100000 0.652637 0.421308 0.300038 0.100000 0.100000 0.945803 0.253365 0.583029 0.154763 0.100000 0.100000 0.796370 0.100000 0.297815 0.100000 0.100000 
0.882996 1.418935 0.471527 0.546077 0.699743 0.321696 0.489876 0.762172 0.744232 1.410027 1.408279 0.100000 0.100000 0.100000 0.235015 0.100000 1.234144 0.100000 0.376068 0.329569 1.013893 0.100000 0.100000 0.192810 0.100000 0.100000 0.100000 0.325704 0.100000 1.568319 1.158252 0.518993 0.100000 0.625830 0.100000 0.212227 0.100000 0.100000 0.100000 0.100000 0.100000 0.169163 0.447564 0.289055 1.260972 0.850711 0.238734 0.515709 0.359997 0.173954 1.326357 0.100000 0.100000 0.100000 0.110628 0.146384 0.100000 1.830715 0.373733 0.986735 0.100000 0.862061 0.100000 0.804833 0.477977 0.219006 0.100000 1.098205 0.875564 0.705255 0.107901 0.179347 0.100000 0.100000 0.706884 0.100000 0.100000 0.440075 0.760679 
0.335056 0.345195 0.187695 0.100000 0.360661 0.569459 1.214692 0.371359 0.788736 1.133323 0.209609 0.261056 0.250735 1.176122 0.100000 1.393244 0.546829 0.337018 0.246989 0.419891 1.315763 0.276945 0.525460 0.100000 0.421219 0.148776 0.100000 0.339022 0.765162 0.891032 0.428846 0.482752 0.796018 0.475531 0.100000 0.526645 0.386127 0.100000 0.489216 0.100000 0.666114 0.232495 0.365938 1.133882 0.100000 0.765676 0.301652 0.100000 0.855731 0.898672 0.843114 0.862638 0.988069 0.148071 0.265557 0.685838 1.082694 0.731644 0.311155 0.357720 0.100000 0.465784 0.224472 0.425319 0.277865 0.100000 0.483249 0.715072 0.660169 0.961574 0.559203 0.946396 0.390044 0.437480 0.100000 1.339161 0.542095 0.420043 0.760000 
1.092267 1.051482 0.100000 0.784092 0.100000 0.743843 0.561101 0.100000 0.709971 1.089131 1.323879 0.676278 0.100000 0.217152 0.100000 0.100000 1.853300 0.277171 0.887420 0.300305 1.574188 0.331044 0.347152 0.972110 0.100000 0.481541 0.141552 0.100000 0.100000 0.942959 1.327219 0.336174 0.100000 0.393209 0.695321 0.110423 0.306727 0.840684 0.100000 1.273661 0.100000 0.100000 0.587356 0.100000 0.100000 0.100000 0.747863 0.887910 0.100000 1.070316 0.992461 0.339135 0.233969 0.150658 0.266469 1.197353 0.454474 1.354997 0.100000 0.281855 0.100000 0.480220 0.100000 0.545889 0.100000 0.205442 0.642492 0.588330 0.429772 0.491375 0.895234 0.366263 0.100000 0.445672 0.235294 0.400235 0.537226 0.100000 0.294161 
0.240571 0.222084 0.699400 0.391759 0.595553 0.640016 0.890320 0.512184 0.925813 0.100000 1.158892 0.100000 0.494513 0.546126 0.100000 0.436552 0.205066 0.461137 0.273307 0.172980 0.871158 0.460948 0.622520 0.599940 0.100000 0.699698 0.379801 0.100000 0.321086 0.649396 0.257995 0.988918 0.145025 0.720714 0.209556 0.100000 0.624320 0.120820 0.531894 0.209928 0.357675 0.218258 0.523994 0.916391 0.612773 0.434154 0.666561 0.230958 0.858964 0.616659 0.900656 0.520275 0.559126 0.365549 0.100000 0.569343 0.560875 1.107697 0.934850 0.418610 0.260316 0.788268 0.100000 0.892552 0.198385 0.219266 0.650561 0.387656 0.590751 0.711820 0.746853 0.100000 0.129389 0.506634 0.939266 0.842738 1.110996 0.100000 1.009719 
0.830103 1.016629 0.380390 0.100000 0.537501 0.127501 1.024734 0.202126 0.100000 1.304609 0.691766 0.479615 0.100000 0.100000 0.464262 0.245372 0.100000 1.147106 0.100000 1.159761 0.590995 0.369058 0.485614 0.348369 0.100000 1.174391 0.100000 0.219120 0.498022 0.177238 0.762077 1.276162 0.621831 0.151490 0.100000 0.100000 0.636266 0.100000 1.330592 0.995831 0.318857 0.100000 0.811637 0.901656 0.124334 0.292815 0.100000 0.848190 0.100000 0.415787 0.289867 0.100000 0.645544 0.426440 0.100000 0.100000 0.449753 1.070576 0.100000 0.283906 0.867555 1.146778 0.100000 0.927962 1.074021 1.124021 0.222861 0.848407 0.565980 0.328834 1.107016 0.100000 1.183319 0.100000 1.230936 0.541829 1.241879 0.207342 1.552359 
0.545420 0.788714 0.443745 0.558587 0.132410 0.567659 0.932533 0.314528 0.629599 1.100741 0.734343 0.366608 0.100000 0.591609 0.392249 0.864390 0.725168 0.204351 0.255353 0.527385 1.189295 0.342811 0.548490 0.342032 0.363805 0.364233 0.515473 0.100000 0.731752 0.535116 0.718415 0.893205 0.629901 0.102130 0.233494 0.259643 0.864151 0.330737 0.290692 0.697885 1.192171 0.258090 0.855186 0.795847 0.536869 0.100000 0.612045 0.742946 1.007982 0.700248 0.556442 1.214315 0.777594 0.765036 0.253124 0.188146 0.370461 0.810382 0.479926 0.820820 0.577360 0.960761 0.233985 0.884869 0.694741 0.511531 0.512977 0.970813 0.607297 0.828106 0.705793 0.311078 0.100000 0.100000 0.435370 0.318223 1.138747 0.117842 0.342535 
0.145731 0.863385 0.414296 0.118480 0.626446 0.573656 0.783965 0.618558 0.301661 0.260020 0.618198 0.147382 0.100000 0.621460 0.100000 0.858659 0.219828 0.212385 0.597784 0.440092 0.980254 0.664178 0.176564 0.100000 0.100000 0.100000 0.100000 0.100000 0.464676 0.139425 0.410741 0.329299 0.243125 0.100000 0.100000 0.331175 0.312624 0.100000 0.344844 0.100000 0.639900 0.355085 0.131335 0.388798 0.100000 0.403760 0.376542 0.230070 0.107931 0.705387 0.697080 0.280386 0.820627 0.100000 0.367034 0.182869 0.938143 0.323141 0.609434 0.675559 0.100000 0.279532 0.223000 0.664436 0.100000 0.112490 0.400938 0.572079 0.922632 0.299391 0.527114 0.100000 0.100000 0.409330 0.961112 0.458615 0.100000 0.805676 0.492597 
0.293720 0.856389 0.100000 0.100000 0.586393 1.369007 1.322243 0.100000 0.439349 0.382497 1.043682 0.116277 0.325626 0.100000 0.423508 0.719595 0.170249 0.249155 0.682364 0.873918 1.270467 0.100000 0.739346 0.878182 0.100000 0.100000 0.687293 0.255491 1.127298 0.403549 0.562957 0.499638 1.221761 0.369292 0.100000 0.178489 0.507384 0.100000 0.100000 0.100000 0.723107 1.179623 0.866393 0.994875 0.569697 1.196414 0.160152 0.188158 0.648457 0.709376 0.626308 1.002298 1.014475 0.925290 0.100000 0.140246 1.027930 1.677954 0.785881 0.464252 0.816259 0.231499 0.100000 1.141691 0.710946 0.342297 0.177945 0.749862 0.536562 0.575316 0.308434 0.100000 0.198951 0.577773 0.805908 0.456168 0.982733 1.411477 0.796144 
0.281798 0.923196 0.661501 1.154175 0.538031 0.100000 0.808160 0.935130 0.545607 0.903282 1.086079 0.623282 0.100000 0.192630 0.100000 0.100000 0.100000 0.100000 0.890407 0.100000 1.442082 0.176167 0.885017 0.208724 0.100000 0.608270 0.174573 0.100000 1.004588 1.830219 0.440780 0.337359 0.100000 1.759458 0.218032 0.100000 0.129301 1.361497 0.189400 0.100000 0.179935 0.100000 0.549475 0.470971 0.975082 0.100000 0.354785 0.761143 0.552276 0.100000 0.332717 1.174186 0.895213 0.544075 0.100000 0.100000 0.633815 1.093058 0.325345 0.445592 0.658841 0.100000 0.173705 1.500393 0.187444 0.456435 0.385511 1.263552 1.089473 0.383628 0.747733 0.109634 0.100000 0.100000 0.100000 0.394803 0.100000 0.997025 1.360283 
0.100000 0.100000 0.544720 0.299946 0.109491 0.537663 0.579694 0.100000 0.610358 0.230582 0.200223 1.051786 0.107263 0.808711 0.100000 0.707484 0.100000 0.161745 0.867827 0.100000 0.913111 0.536246 0.129689 0.283851 0.100000 0.388604 0.584365 0.127957 0.374059 0.141589 0.195620 0.347428 0.100000 0.394504 0.100000 0.584089 0.146411 0.548695 0.241637 0.160019 0.185284 0.100000 0.424787 0.377588 0.475756 0.283721 0.176570 0.100000 0.230388 0.468767 0.710899 0.426651 0.100000 0.183566 0.544508 0.239161 0.100000 0.551501 0.999406 0.312927 0.100000 0.456180 0.289639 0.226976 0.652187 0.386467 0.100000 0.451361 0.517352 0.339631 0.748952 0.111397 0.100000 0.100000 0.759027 0.198954 0.268815 0.264838 0.150356 
0.312732 0.370372 0.618824 0.574167 0.159207 0.533586 0.380509 0.218765 0.665216 0.601283 0.762144 0.141785 0.100000 0.598213 0.100000 0.557702 0.100000 0.100000 0.396413 0.261063 0.743843 0.100000 0.101608 0.565318 0.100000 0.560612 0.801981 0.100000 0.100000 0.836655 0.100000 0.685851 0.249234 0.239490 0.100000 1.219347 0.125891 0.475592 0.420841 0.100000 0.650581 0.100000 0.246598 0.513101 0.406158 0.468277 0.161564 0.196346 0.282375 0.657884 0.583502 0.586978 0.274822 0.313949 0.100000 0.474651 0.100000 0.853552 0.657551 0.100000 0.100000 0.374456 0.100000 0.667953 0.100000 0.100000 0.848824 0.527350 0.442772 0.100000 0.193800 0.173317 0.100000 0.100000 0.138974 0.446347 0.100000 0.705197 0.301035 
0.520680 0.944345 0.322274 0.643738 0.326596 0.547819 0.594259 0.752235 0.794645 0.749794 0.654225 0.168559 0.100000 0.100000 0.100000 0.667867 0.100000 0.193801 0.615488 0.100000 1.048742 0.411622 0.184883 0.544765 0.100000 0.851210 0.715683 0.309053 0.912841 0.513983 0.396398 1.346446 0.428876 0.889875 0.442267 0.620464 0.557418 0.100000 0.125666 0.128151 0.908534 0.271330 0.741792 0.442467 0.839859 0.210411 0.429001 0.703025 0.336077 0.824744 0.868188 0.249537 0.434376 0.721369 0.499725 0.395080 0.352492 0.855086 0.766158 0.724611 0.100000 0.444306 1.201273 0.412511 0.377370 0.100000 0.650518 0.303119 1.585754 0.818191 0.894999 0.694238 0.100000 0.104620 0.457105 0.350365 0.215824 0.128175 0.944908 
0.938486 0.536984 0.100000 0.468401 0.444942 0.725236 0.943507 0.602084 0.346273 0.563463 0.874913 0.198758 0.285891 0.856316 0.240100 0.288111 0.100000 0.100000 0.325367 0.741730 0.911146 0.469993 0.507465 0.100000 0.388867 0.208336 0.100000 0.132658 0.528133 0.424133 0.919785 0.785426 0.359853 0.708734 0.100000 0.642221 0.619217 0.623372 0.700776 0.161859 0.582293 0.649932 0.507918 0.972159 0.703661 0.629692 0.894593 0.352842 0.230511 0.622673 0.667414 0.767802 0.940564 1.160263 0.161659 0.348746 0.474642 0.913617 0.338732 0.706365 0.594679 0.868916 0.649960 1.030267 0.274334 0.726778 0.405641 0.567070 1.309114 1.189390 0.897779 0.423582 0.100000 0.365852 0.617818 0.631333 1.163011 0.630990 0.558151 
0.100000 0.222066 0.782339 0.864353 0.100000 0.268884 0.874502 0.100000 0.100000 0.183175 1.370574 0.969886 0.616066 0.317539 0.729307 0.962012 0.521841 0.455785 0.100000 0.267652 1.241689 0.863530 1.104873 0.621209 0.100000 0.633968 0.100000 0.751421 0.634973 0.287121 0.100000 0.745990 0.100000 0.934326 0.409420 0.387405 0.278518 0.100000 0.222535 0.100000 0.842082 0.577084 0.502643 0.851409 0.661914 0.780215 1.243449 1.191017 0.590281 0.479949 0.519751 0.356076 0.443953 0.644247 0.100000 0.100000 0.100000 0.457922 1.244860 0.485691 0.300498 1.102309 0.741840 0.606367 0.479625 0.218353 0.100000 0.629379 0.991679 1.195820 1.626560 0.100000 0.665517 0.448279 0.636574 0.100000 0.526337 0.799956 1.200244 
0.326282 0.707287 0.100000 0.100000 0.384342 0.162146 0.485276 0.834796 0.798974 0.733348 1.105778 0.298361 0.472786 0.474297 0.654068 1.268963 0.121512 0.278260 0.740719 0.811333 1.670852 0.100000 0.521700 0.401289 0.291615 0.337241 0.145442 0.283116 0.647481 0.100000 1.097905 1.162263 0.268902 0.100000 0.100000 0.293884 0.665537 0.700291 0.687427 0.436271 0.808171 0.418570 0.888649 1.384369 0.319368 0.293933 0.853403 0.731377 0.582415 0.476074 0.655745 0.617944 0.211770 0.331121 0.432820 0.100000 0.509349 0.553457 0.408665 0.243013 0.100000 0.752277 0.229468 0.937848 0.107515 0.720767 0.227352 0.624998 1.087884 1.021741 0.960946 0.100000 0.100000 0.487714 0.349027 0.962933 0.345951 0.612135 0.847414 
0.478311 0.291189 0.149314 0.308821 0.406269 0.303003 1.283791 0.100000 0.979258 0.100000 0.531952 1.295344 0.747619 0.472016 0.100000 0.412644 0.340398 0.494404 0.100000 0.100000 0.763332 0.467494 0.667167 0.100000 0.100000 0.988172 0.100000 0.689033 0.100000 0.380561 1.099912 1.202976 1.347588 0.100000 0.100000 0.345138 0.950575 0.923184 0.532219 0.100000 0.726131 0.763624 0.652111 1.292203 0.968969 0.475528 0.100000 0.225060 0.100000 1.107121 0.544874 0.162260 0.100000 0.100000 0.100000 0.100000 0.398492 0.262655 0.512983 0.541965 0.100000 1.467977 0.240880 1.250837 0.317003 0.100000 1.027830 0.870577 0.526699 0.100000 1.150641 0.100000 0.158395 0.412263 0.100000 0.451471 1.142537 0.999276 1.018881 
0.642187 0.947767 0.561635 0.131188 0.100000 1.094893 0.470993 0.486447 0.785792 0.100000 1.021066 0.685659 0.251581 1.574166 0.100000 0.744553 0.677368 0.100000 0.668957 0.352291 1.545608 0.100000 0.677287 0.100000 0.100000 0.100000 0.426453 0.100000 0.877313 0.100000 1.220030 0.577355 0.341668 0.119771 0.883034 0.207282 0.944148 0.100000 1.715715 0.106615 1.191965 0.100000 0.337145 1.088203 0.290973 0.462097 0.100000 0.100000 0.100000 0.500034 1.022510 0.343821 1.128707 0.986704 0.100000 0.851251 0.921048 0.898219 0.901532 0.998560 0.104735 1.577031 0.100000 1.057475 0.407022 0.305691 0.433831 0.726415 0.100000 0.551720 1.156086 0.579148 0.183763 0.100000 0.913334 0.187034 0.519584 0.100000 1.804688 
0.100000 0.632590 0.601292 0.181391 0.708336 0.855568 0.650974 0.398440 0.438024 0.654915 0.272487 0.100000 0.100000 0.617411 0.100000 0.114556 0.100000 0.233570 0.379922 0.100000 0.733795 0.176479 0.929104 0.712018 0.302304 0.664904 0.362489 0.100000 0.524067 0.847211 0.189714 0.769972 0.417429 0.100000 0.100000 0.209182 0.441790 0.100000 0.100000 0.100000 0.505866 0.768558 0.363878 0.343056 1.071233 0.100000 0.929153 0.636262 0.592932 0.100000 0.792098 0.266494 0.546093 0.191344 0.222297 0.100000 0.141548 1.081258 0.905239 0.246226 0.568451 0.764024 0.291431 0.462035 0.100000 0.100000 0.158814 0.311373 0.730667 0.455931 0.655164 0.173250 0.232997 0.100000 0.442400 0.541897 0.610108 0.100000 0.743710 
