77 Number of operations
24 Number of workers
Standard production times
0.407764 0.913830 0.278436 0.133431 0.450664 0.493629 0.468427 0.100000 0.416520 0.178724 0.176342 0.511390 0.186799 0.279786 0.321623 0.537441 0.463676 0.335712 0.314926 0.464298 0.822386 0.630746 0.280052 0.592073 0.516606 0.493553 0.306295 0.172191 0.457336 0.617851 0.550346 0.271236 0.139107 0.446024 0.281809 0.357027 0.437984 0.702246 0.100000 0.158891 0.119737 0.504850 0.204685 0.435966 0.294762 0.333371 0.158494 0.520085 0.235046 0.405669 0.401530 0.447945 0.445971 0.646733 0.472539 0.315385 0.100000 0.477240 0.508772 0.734631 0.350025 0.505599 0.316646 0.779414 0.552401 0.263131 0.696771 0.157452 0.882816 0.592426 0.248530 0.584859 0.605004 0.368719 0.340246 0.442812 0.419283 
Production times: workers row and ops columns
0.608618 0.236371 0.194514 0.100000 0.505372 0.305223 0.183185 0.100000 0.973362 0.420273 0.517896 0.407282 0.100000 0.100000 0.309083 0.481431 0.155856 0.866722 0.838312 0.100000 2.072197 0.100000 0.480438 0.588960 0.758682 0.795759 0.100000 0.391693 2.081642 1.073529 0.100000 0.100000 0.100000 0.685546 0.814790 0.223083 1.062539 0.699268 0.965254 0.154691 0.100000 0.782796 0.100000 0.100000 1.035374 0.282460 0.107091 0.189769 1.343655 0.858059 0.806911 0.250451 1.327248 1.033728 0.100000 0.607921 0.100000 0.100000 0.100000 0.143006 0.100000 0.804596 0.100000 1.101805 0.183174 0.100000 0.427484 0.518701 0.762936 0.100000 0.130650 0.193307 0.170940 0.640101 1.002049 0.100000 0.100000 
0.320336 0.423406 0.100000 0.222131 0.267952 0.550850 0.470330 0.189961 0.336404 0.100000 0.100000 0.322953 0.100000 0.100000 0.100000 0.864309 0.397098 0.595948 0.111152 0.161974 0.148340 0.477387 0.644715 0.352111 0.713083 0.696373 0.558259 0.296370 0.190775 0.760229 0.100000 0.100000 0.100000 0.776206 0.385894 0.414771 0.298318 0.167494 0.100000 0.100000 0.333451 0.314213 0.100000 0.543574 0.100000 0.163639 0.252464 0.367873 0.100000 0.360442 0.313695 0.583051 0.629317 0.481605 0.512992 0.100000 0.100000 0.440407 0.438437 0.514210 0.100000 0.100000 0.100000 0.632536 0.258132 0.100000 0.686728 0.100000 0.633609 0.512380 0.100000 0.245829 0.765192 0.748628 0.136606 0.445700 0.625098 
0.951427 0.688060 0.100000 0.100000 0.425036 0.321227 0.100000 0.280765 0.100000 0.100000 0.100000 0.716999 0.100000 0.343089 0.106009 0.543266 0.100000 0.247267 0.100000 0.507821 1.160453 0.834818 0.170602 0.560949 0.526077 0.233159 0.291843 0.225083 0.273925 0.691741 0.512984 0.100000 0.100000 0.487443 0.100000 0.100000 0.100000 0.780901 0.227937 0.100000 0.100000 0.178567 0.100000 0.498298 0.100000 0.396680 0.173512 0.404341 0.183757 0.735653 0.528625 0.386647 0.170128 0.442759 0.477438 0.435234 0.100000 0.481445 0.412003 0.749132 0.100000 0.160649 0.100000 0.100000 0.590933 0.100000 0.713254 0.100000 0.580555 0.379691 0.100000 0.871032 1.158146 0.100000 0.100000 0.100000 0.560901 
0.100000 1.232364 0.106973 0.266167 0.685359 0.796989 0.898353 0.100000 0.749816 0.617630 0.100000 0.541148 0.213983 0.714562 0.100000 0.100000 0.285487 0.801638 0.100000 0.429262 1.240934 0.518169 0.100000 0.989563 0.367027 1.022041 0.344530 0.114322 0.409318 0.787440 0.545195 0.197258 0.534983 0.687996 0.479713 0.585110 0.547979 0.685779 0.677807 0.658917 0.100000 0.596726 0.828122 0.751142 0.188539 0.457442 0.100000 0.762377 0.100000 0.556145 0.100000 0.560215 0.554461 0.712933 0.419506 0.215545 0.435735 0.473837 0.107767 0.896259 0.576951 0.536817 0.241455 1.112746 0.693346 0.656987 0.487023 0.100000 1.492459 0.100000 0.717613 0.323983 0.906319 0.678530 0.880285 0.235036 0.487784 
0.107410 1.188258 0.520672 0.454831 0.970349 0.145141 1.020979 0.100000 0.736629 0.364561 0.100000 0.408275 0.126568 0.412477 0.100000 0.350275 0.391456 0.100000 0.170268 0.164950 0.920898 0.100000 0.100000 0.404374 0.645262 0.637494 0.144674 0.100000 0.534645 0.100000 0.475954 0.175264 0.438235 0.100000 0.226911 0.100000 0.100000 0.814702 0.100000 0.100000 0.230646 0.100000 0.100000 0.373151 0.980258 0.122752 0.586756 0.154867 0.227158 0.100000 0.253571 0.530838 0.383848 1.075641 0.585882 0.100000 0.100000 0.437179 0.491619 0.640585 0.100000 0.100000 0.252387 0.769002 0.525985 0.268293 0.996367 0.100000 0.849013 0.326926 0.735910 0.460222 0.246965 0.427952 0.100000 0.146404 0.175332 
1.011179 0.794754 1.027508 0.100000 0.568539 0.546337 0.100000 0.100000 0.534121 0.685193 0.100000 1.005860 0.521280 0.100000 0.424809 0.440867 0.705108 0.100000 0.555570 0.660191 1.059151 1.626104 0.295973 1.362962 0.528711 0.468483 0.286461 0.100000 0.100000 0.910166 0.945343 0.100000 0.207277 0.375058 0.392198 0.355576 0.541401 0.985584 0.279035 0.777799 0.100000 0.866287 0.100000 0.541759 0.100000 0.100000 0.100000 0.589104 0.693981 0.928340 0.593493 1.022412 0.764341 0.725159 0.848986 0.100000 0.380782 0.110361 0.839260 0.737087 0.565061 0.583060 0.627471 0.885396 0.566887 0.803289 0.922542 0.100000 0.695512 1.117359 0.644729 0.875291 1.066934 0.720406 0.131298 0.154350 0.553418 
0.180326 1.438502 0.797865 0.100000 0.300829 0.861829 0.100000 0.510721 0.100000 0.287717 0.100000 0.177273 0.571386 0.733243 0.100000 0.752551 0.501652 0.100000 0.858049 0.614458 0.100000 1.284646 1.378717 0.425544 0.753877 0.378074 0.904377 0.160125 0.318501 0.760535 1.120078 0.206200 0.100000 0.100000 1.297369 1.055787 0.258259 0.155583 0.723480 0.100000 0.224012 0.199629 0.120845 0.100000 0.395801 0.100000 0.387246 0.447642 0.473539 0.439041 0.558393 0.542033 0.493914 1.259818 0.100000 0.100000 0.100000 0.813469 0.100000 1.089364 0.762832 0.797174 0.814118 1.182487 0.100000 0.100000 0.100000 0.777265 1.088765 0.728595 0.586921 1.310587 1.210649 0.562513 0.731626 0.555722 0.100000 
0.836000 0.777757 0.100000 0.100000 0.469358 1.271634 0.182218 0.100000 0.427010 0.100000 0.527759 0.429180 0.100000 0.355646 0.437627 0.368601 0.724423 0.564888 0.491826 0.398360 0.939327 1.233919 0.224168 0.551862 0.604823 0.584134 0.421284 0.212985 0.424616 0.311339 0.298404 0.132364 0.304604 0.105122 0.343655 0.181452 0.227975 1.050095 0.398771 0.442012 0.100000 0.562841 0.394013 0.100000 0.125720 0.314216 0.100000 0.426919 0.115170 0.100000 0.222231 0.533487 0.100000 1.023164 0.810729 0.293850 0.265032 0.459024 0.481509 0.100000 0.523334 0.185488 0.100000 0.541807 0.100000 0.418631 0.100000 0.329988 0.374560 1.066661 0.358489 0.889748 1.042801 0.276301 0.645483 0.361788 0.531924 
0.100000 0.100000 0.358639 0.100000 0.817269 1.425640 0.100000 0.100000 0.220536 0.100000 1.000453 1.430825 0.100000 0.837757 0.120045 0.100000 0.100000 0.100000 0.100000 0.322132 0.576516 0.100000 0.238975 0.100000 1.244128 0.488503 0.210172 0.100000 1.592654 0.342840 0.938392 0.500172 0.100000 0.100000 0.100000 0.100000 0.588962 0.526279 0.100000 0.100000 0.290576 0.886271 0.447231 0.100000 0.301779 0.691958 1.016555 0.302588 0.100000 0.571755 0.574269 0.218474 0.100000 0.426064 0.150602 0.659458 0.976914 0.708730 0.705630 0.100000 0.275142 1.636539 0.100000 1.043237 0.100000 0.492853 0.100000 1.294411 1.627658 0.483516 0.597827 0.100000 0.220074 0.327793 0.567776 1.094401 0.690897 
0.612805 0.842546 0.100000 0.403460 0.100000 1.691221 1.123003 0.687386 0.210566 0.100000 0.702138 0.292870 0.223458 0.307183 0.769404 0.423355 0.568723 0.179756 0.887418 1.176017 0.702491 1.250516 0.246452 0.506274 1.439042 1.463630 0.100000 0.100000 1.019663 0.258764 1.256883 0.109226 0.117090 0.100000 0.100000 0.100000 0.125841 0.862782 0.316890 0.100000 0.787437 0.604799 0.100000 0.153170 0.500368 0.100000 1.408124 0.914070 0.100000 0.410100 0.489038 0.717244 1.108891 0.646191 0.538311 0.988392 0.214694 0.100000 0.940089 0.988177 0.804691 0.873361 0.200119 1.439789 0.531088 0.100000 0.236160 0.230852 0.982543 0.544000 0.100000 0.100000 0.853533 0.981691 0.274259 0.100000 0.140741 
1.168452 0.100000 0.100000 1.164071 0.197939 0.378143 0.674183 0.100000 0.798368 0.486151 0.369418 0.227808 0.410622 0.103885 0.100000 0.628526 0.100000 0.765288 1.114347 0.100000 0.892395 0.201676 0.561072 1.140436 0.100000 0.462472 1.124601 0.100000 0.100000 0.648301 0.762146 0.408279 1.261137 0.100000 0.100000 0.100000 0.455050 0.448162 0.100000 0.100000 0.100000 0.329030 0.110767 1.235349 0.100000 1.511837 0.100000 0.813896 0.100000 0.100000 0.149014 0.783684 1.115398 1.024404 0.452255 1.128011 1.172524 0.100000 0.511901 0.796991 0.100000 0.603163 0.599588 1.262603 0.100000 1.302133 0.100000 0.664991 1.904035 0.588858 0.100000 0.510040 0.457398 0.100000 0.735738 0.732792 0.174247 
0.361499 1.466788 0.100000 0.100000 0.417349 0.603971 0.742202 0.100000 1.561263 0.100000 0.100000 0.683212 0.320327 0.100000 0.100000 0.200118 0.136375 0.953314 0.552420 0.100000 1.465838 0.365354 0.618158 1.083535 0.295529 0.479603 0.289155 0.192464 0.100000 0.655453 0.100000 0.614841 0.295723 0.100000 0.100000 0.100000 0.100000 0.996380 0.364506 0.295276 0.100000 0.288950 0.100000 0.100000 0.528752 0.988445 1.155959 0.320356 0.743652 0.746013 1.056930 1.660045 0.488715 0.670730 1.342440 0.100000 0.100000 0.100000 1.082490 0.188621 0.734433 0.480324 0.389917 0.394868 0.992987 0.772027 0.776878 0.100000 0.876646 0.973591 0.100000 1.006113 1.006504 1.128749 0.288961 0.863926 0.611282 
0.100000 1.298991 0.100000 0.100000 0.450896 0.500684 0.100000 0.213293 0.214487 0.100000 0.100000 0.536137 0.464414 0.387559 0.783559 0.445280 0.100000 0.100000 0.364780 0.456957 0.100000 0.995799 0.995362 0.100000 1.298372 0.657769 0.181882 0.100000 0.599666 1.104238 0.180995 0.439679 0.100000 0.553855 0.100000 0.844940 0.866584 1.446083 0.132461 1.136804 0.932072 0.100000 0.100000 0.100000 0.636908 0.874754 0.100000 0.100000 0.100000 1.363668 0.277981 0.100000 0.913337 0.937884 1.232469 0.645514 0.100000 0.111376 0.227030 0.805089 0.100000 0.100000 0.100000 1.164964 0.186599 0.100000 0.443317 0.122301 0.483339 1.692028 0.100000 1.189555 0.501784 0.711535 0.351206 1.281329 0.813192 
0.455992 1.109876 0.369815 0.755646 0.100000 1.013973 0.994345 0.100000 0.640501 0.546269 0.100000 0.760721 0.306615 0.195196 0.858104 0.639744 0.421864 0.187800 0.140791 0.768714 0.903876 0.100000 0.477867 1.004843 0.718538 1.020785 0.343281 0.695805 0.404518 0.932421 0.745811 0.500479 0.377752 0.235269 0.928209 0.100000 0.589801 0.864125 0.468439 0.920766 0.309197 0.340143 0.567347 0.180586 0.969410 0.463075 0.100000 0.259283 0.234915 0.658285 0.525368 0.801182 0.787578 0.579078 0.319727 0.265022 0.343683 0.511224 0.625090 0.607798 0.789511 0.569228 0.150573 0.332664 0.450329 0.144141 0.573893 0.435311 0.926629 0.446854 0.415036 0.716595 0.164515 0.637817 0.100000 0.415599 0.443718 
0.342293 0.646508 0.471505 0.591431 0.100000 0.890068 0.395607 0.100000 0.100000 0.100000 0.100000 0.342848 0.100000 0.100000 0.100000 0.392052 0.100000 0.100000 0.456032 0.100000 0.832439 0.117141 0.528117 0.694457 0.434504 0.186958 0.546700 0.308932 0.100000 0.932682 0.427602 0.100000 0.100000 0.446991 0.100000 0.249991 0.133396 0.689418 0.100000 0.427452 0.149976 0.100000 0.587335 0.217901 0.725400 0.648458 0.955465 0.510215 0.291145 0.442398 0.129737 0.100000 0.170030 0.529401 0.177345 0.100000 0.275551 0.500081 0.477432 0.610252 0.380569 0.226819 0.124947 0.440012 0.514210 0.100000 0.333664 0.100000 0.303813 0.902959 0.526581 0.100000 0.729630 0.288887 0.702896 0.705160 0.213459 
0.421330 0.674211 0.100000 0.100000 0.125294 0.628836 0.673049 0.100000 0.807085 0.100000 0.275512 0.100000 0.452812 0.406187 0.816484 0.914353 0.481960 0.113792 0.478077 0.355476 0.668140 0.847752 0.100000 0.541737 0.277603 0.595555 0.100000 0.421616 0.559911 0.319461 0.803705 0.171973 0.278695 0.974267 0.153388 0.359970 0.697180 0.929174 0.100000 0.341913 0.100000 0.670845 0.351942 0.135764 0.100000 0.556250 0.522726 0.703822 0.100000 0.155637 0.113585 1.038644 0.413509 0.721074 0.217468 0.935436 0.100000 0.628755 0.688400 0.902853 0.830329 0.867899 0.969832 0.615956 0.666567 0.100000 0.513442 0.689678 0.766809 1.075342 0.273522 0.670223 0.890827 0.925368 0.100000 0.560326 1.045886 
0.481870 1.285576 0.100000 0.687637 0.760537 0.100000 0.870347 0.749688 0.100000 0.574613 0.191109 0.506137 0.792095 0.100000 0.459688 0.100000 0.432912 0.100000 0.571242 0.222475 1.774712 0.750412 0.100000 0.854576 0.560469 0.279955 0.233686 0.802094 1.074791 0.530731 0.143778 0.100000 0.475280 0.100000 0.324252 1.032705 1.211454 0.646813 0.100000 1.134783 0.527819 0.825558 0.665638 0.368909 0.100000 0.164101 0.100000 1.172737 0.100000 0.100000 1.469905 1.071613 0.100000 0.522851 1.004751 0.122135 0.100000 0.638855 1.444951 0.895745 1.433016 0.390727 0.100000 0.381139 0.341542 1.169440 0.224699 0.811199 1.983207 0.952603 0.598745 0.422489 0.570066 1.397445 0.177826 0.353120 0.100000 
0.336648 1.172267 0.258401 0.378342 0.277468 1.089409 0.751109 0.100000 0.100000 0.359178 0.100000 0.401624 0.100000 0.288117 0.100000 0.392579 0.659449 0.430214 0.100000 0.638524 0.669024 0.471266 0.784848 0.824436 0.580130 0.662785 0.100000 0.479740 0.134122 0.279603 0.391565 0.349154 0.294219 0.904912 0.125187 0.423929 0.377284 0.531478 0.100000 0.711637 0.100000 1.219914 0.643267 0.640403 0.641232 0.746647 0.431113 0.284832 0.260921 0.791157 0.666484 0.645954 0.851461 0.439431 0.458705 0.360457 0.100000 0.716758 0.275233 0.334655 0.690399 0.327270 0.156018 0.934861 0.502418 0.466785 1.762609 0.100000 0.652264 0.510562 0.494511 1.226524 0.766171 1.107465 0.100000 0.219196 0.497915 
0.115237 0.655075 0.100000 0.100000 1.006991 0.100000 0.758724 0.100000 0.100000 0.100000 0.100000 0.847352 0.100000 0.201316 0.132095 0.100000 0.100000 0.458608 0.852117 0.284702 0.218365 1.237940 0.100000 0.686418 0.633838 0.100000 0.100000 0.100000 0.263601 0.638760 0.462532 0.390717 0.585673 0.368310 0.963061 0.251534 1.317732 1.145080 0.100000 0.100000 0.100000 1.722589 0.279775 0.309294 0.100000 0.963535 1.037894 0.100000 0.100000 0.100000 1.597972 0.564696 0.502668 1.767215 0.197723 0.529204 0.100000 1.506877 0.264373 0.275228 0.705579 0.100000 0.421228 0.461506 0.527284 0.474162 0.762009 0.105353 0.308030 0.644310 0.100000 0.100000 1.428735 0.503137 0.214551 0.390650 0.100000 
0.250782 0.565444 0.328211 0.100000 0.305770 0.818503 0.652650 0.100000 0.287841 0.100000 0.100000 0.493409 0.114021 0.134056 0.136412 0.772592 0.256639 0.100000 0.342046 0.100000 0.237321 0.291111 0.100000 0.811356 0.214751 0.244488 0.100000 0.100000 0.324659 0.672105 0.662597 0.100000 0.238031 0.100000 0.806970 0.327129 0.144491 0.398692 0.100000 0.263689 0.100000 0.100000 0.160307 0.634507 0.271074 0.305591 0.100000 0.330743 0.100000 0.374804 0.100000 0.100000 0.270833 0.554446 0.266027 0.447534 0.100000 0.348938 0.474746 0.483396 0.953784 0.327150 0.100000 1.001310 0.495724 0.393858 0.100000 0.100000 1.298468 0.534182 0.100000 0.600403 0.513512 0.610975 0.100000 0.559187 0.278822 
0.549647 0.100000 0.442654 0.100000 0.596032 0.575855 0.677222 0.295736 0.566951 0.100000 0.481335 0.100000 0.184158 0.100000 0.198131 0.809557 0.658713 0.515478 0.263245 0.100000 1.307303 1.179169 0.128494 1.280169 0.974051 0.451204 0.100000 0.552254 0.852537 0.587429 0.702044 0.379554 0.287317 0.495432 0.707374 0.196848 0.895898 0.796751 0.220229 0.144037 1.274943 0.456852 0.100000 0.204187 0.166144 0.289500 0.100000 0.832633 0.585211 1.013422 0.544053 0.771909 0.412182 0.863659 0.369172 0.100000 0.650329 0.360689 0.969810 0.379984 1.162060 0.891616 0.112744 0.897811 0.885037 0.100000 0.635293 0.100000 0.845637 1.141732 0.292892 0.923588 0.743958 0.434987 0.531604 0.474189 0.623040 
1.178061 1.114589 0.100000 0.100000 0.450494 0.487017 0.100000 0.252071 0.817983 0.907288 0.166720 0.409863 0.497342 0.540482 0.100000 0.100000 0.100000 0.100000 0.100000 0.100000 0.100000 0.953620 0.968007 0.391760 1.192119 0.525771 0.205545 0.316278 1.371302 0.344898 0.470558 0.100000 0.355105 0.487363 0.100000 0.100000 0.100000 0.304962 0.100000 0.231381 0.296184 0.732950 0.100000 0.707776 0.100000 0.170064 0.308710 0.832694 0.103601 0.211347 0.100000 0.352812 0.100000 0.446355 0.641817 0.271147 0.100000 0.810107 0.749517 0.640076 1.173781 0.353950 0.548431 0.475841 0.986966 0.100000 0.665363 0.454940 1.243636 0.851552 0.100000 0.316449 0.407154 1.053511 0.220348 0.550184 0.640865 
0.100000 0.933333 0.100000 0.100000 0.843158 0.100000 0.954085 0.575767 0.702928 0.466913 0.100000 0.840547 0.817524 0.112314 0.100000 0.656459 0.100000 0.100000 0.309054 0.100000 0.547031 0.434977 0.100000 0.100000 0.792842 0.100000 0.785015 0.340195 0.845927 0.630425 0.576967 0.100000 0.212537 0.100000 0.152052 1.009431 0.275299 1.359756 0.213455 0.100000 0.198796 0.100000 0.100000 1.241046 0.100000 0.100000 0.100000 0.183908 0.527268 0.429205 0.100000 0.508113 0.100000 1.437435 0.347113 0.256043 0.100000 0.835213 0.476749 0.391561 0.348407 1.242346 0.650925 0.947752 1.152125 0.100000 0.100000 0.100000 1.035410 0.582290 0.417761 0.432408 0.100000 0.647208 0.100000 0.626843 0.100000 
0.627598 0.722621 0.765871 0.628257 0.100000 0.813480 0.819203 0.100000 0.305536 0.496121 0.448680 0.573222 0.100000 0.533425 0.443970 1.258757 0.827727 0.170125 0.100000 0.229460 0.800808 0.161247 0.264386 0.342855 0.398882 0.274796 0.100000 0.100000 0.706571 0.410731 0.469907 0.630213 0.588416 0.975952 0.515015 0.215182 0.499731 0.674124 0.308669 0.100000 0.622023 1.171114 0.811987 0.351080 0.100007 0.695151 0.267767 0.549366 0.163841 0.827130 0.100000 0.358242 0.100000 0.825121 0.562698 0.100000 0.485424 0.456508 0.594547 1.068536 0.846785 0.339659 0.559483 0.854257 1.140216 0.436777 0.463135 0.100000 1.309672 1.073885 0.643734 0.682018 0.719708 0.349733 0.274709 0.552843 0.130780 
