68 Number of operations
29 Number of workers
Standard production times
0.395487 0.532490 0.222502 0.307822 0.261232 0.472611 0.856732 0.348992 0.510849 0.592732 0.929213 0.391227 0.206876 0.575733 0.100000 0.623915 0.189126 0.198222 0.386496 0.383715 0.967043 0.350765 0.541102 0.253267 0.159032 0.456081 0.295062 0.100000 0.627160 0.519564 0.619080 0.716055 0.419631 0.380416 0.100000 0.410165 0.555420 0.278717 0.305743 0.100000 0.571778 0.269913 0.412373 0.663896 0.543813 0.237312 0.591981 0.366152 0.400966 0.541476 0.611755 0.607141 0.514341 0.395286 0.100000 0.249166 0.430479 0.769328 0.427803 0.599307 0.100000 0.665435 0.232499 0.665336 0.283636 0.157893 0.336602 0.575480 
Production times: workers row and ops columns
0.100000 0.777240 0.363397 0.501244 0.646862 0.793913 0.110096 0.464922 0.595293 0.976470 0.294691 0.100000 0.128272 0.981086 1.234556 1.044411 0.401615 0.759267 0.557823 0.100000 2.453618 0.100000 0.100000 0.661207 0.145448 0.445149 0.100000 0.554543 0.166301 0.169980 0.498080 0.100000 1.014012 0.465663 0.432959 0.100000 0.909087 0.100000 0.867407 0.387555 0.314491 0.397563 0.372412 0.532595 0.248681 0.296487 1.408178 0.100000 0.548360 0.423184 1.601158 0.100000 0.928149 0.100000 0.100000 0.548434 0.255359 0.100000 0.629305 0.100000 0.100000 0.682006 0.141128 0.100000 0.767610 0.520490 0.344305 1.343665 
0.338786 0.686530 1.054987 0.245674 0.132467 1.011274 0.764123 0.931561 0.657768 0.231837 0.483697 0.100000 0.551810 0.485295 0.504394 0.692112 0.194848 1.149527 0.100000 0.400132 1.479034 0.436934 0.993440 0.487917 0.100000 0.567626 0.100000 0.100000 0.783380 0.715892 1.056152 0.100000 0.654484 0.595510 0.432695 0.100000 0.477599 0.100000 0.499344 0.100000 1.059565 0.772997 0.100000 1.232724 0.846092 0.100000 0.926748 0.300605 0.100000 1.329026 0.440747 1.116575 0.774931 0.100000 0.100000 0.151419 0.814365 0.433715 0.195573 0.759646 0.100000 1.280047 0.284110 0.133913 0.100000 0.100000 1.297074 0.100000 
0.519164 0.295937 0.534235 0.480429 0.100000 0.449003 0.209609 0.468636 1.731178 0.754077 0.680708 0.861046 0.475400 1.026817 0.397877 0.809395 0.100000 0.300940 0.100000 1.013636 1.020490 1.002619 0.100000 0.100000 0.100000 0.100000 0.147588 0.100000 0.238835 0.397427 1.318402 0.322944 0.237979 0.107379 0.118671 1.453978 0.100000 0.100000 0.356866 0.219523 0.275594 0.292038 0.100000 1.066777 0.188815 0.100000 0.100000 0.100000 0.100000 0.538530 0.100000 0.104796 0.100000 0.100000 0.100000 0.100000 0.606362 0.413482 0.100000 1.124332 0.100000 1.125843 0.481135 1.857462 0.536708 0.100000 0.448170 0.689363 
0.713794 0.628561 0.206143 0.241011 0.969937 0.589880 0.585054 0.127980 0.504993 1.116095 1.461309 0.762486 0.175363 1.015877 0.533180 0.424806 0.121126 0.601630 0.282410 0.152992 1.216368 0.191062 0.513653 0.156537 0.100000 0.839916 0.823686 0.771107 0.458666 0.368925 0.921216 0.702968 0.173048 0.283654 0.640615 1.212018 0.100000 0.365326 0.853188 0.217897 0.714516 0.776596 0.652603 0.568436 0.178480 0.100000 0.113050 0.792913 0.436540 0.874907 0.815008 1.048310 0.604152 0.758536 0.226716 0.508852 0.551482 1.022793 0.275469 0.919371 0.250764 0.921692 0.497157 0.780795 0.799752 1.006449 0.454711 0.497772 
0.100000 1.207988 0.553233 1.232962 0.375931 0.100000 0.100000 0.194475 0.269750 0.682083 0.415091 0.100000 0.100000 0.767248 0.100000 0.121988 0.152037 0.544413 0.587551 0.848489 1.371023 0.100000 0.100000 0.743485 0.229520 0.871773 0.356415 0.449758 0.961570 1.162192 0.779489 0.100000 0.943876 1.243018 1.253387 0.930835 1.043029 0.654784 1.225531 0.100000 0.302008 0.202395 0.100000 1.380391 0.100000 0.426641 0.266324 0.100000 0.371478 0.706210 0.311672 0.854104 0.271679 1.177297 0.100000 0.470168 0.304114 1.342156 0.213901 0.203361 0.100000 1.552493 0.100000 0.279218 0.799425 0.832163 0.134255 0.294842 
0.496782 0.531886 0.100000 0.381601 0.100000 0.504801 0.634763 0.210244 0.575277 0.850045 1.028730 0.440577 0.580480 0.849472 0.446346 1.032681 0.121575 0.100000 0.152406 0.446419 0.796199 0.401408 0.609760 0.100000 0.433356 0.605686 0.117572 0.100000 0.613976 0.835900 0.499851 0.676733 0.100000 0.386573 0.100000 0.156657 0.382589 1.006242 0.100000 0.516592 0.904103 0.138592 0.811100 1.167181 0.550286 0.392389 0.331147 1.152603 0.100000 0.496798 1.239443 0.938573 1.007098 0.100000 0.100000 0.100000 0.638300 0.593654 0.278892 0.150058 0.100000 0.722466 0.422626 0.922175 0.587116 0.168086 0.142114 0.647730 
0.569649 0.265104 0.100000 0.503091 1.045991 1.725849 0.784039 0.100000 0.753096 0.100000 1.659226 0.245204 0.134192 0.390564 0.100000 0.584546 0.450988 1.278723 0.275155 1.014176 0.451199 0.100000 0.249816 0.809099 0.100000 0.397810 1.080156 0.406550 0.467526 0.100000 0.307449 1.666043 0.100000 0.493664 0.100000 0.498787 0.100000 0.149729 0.233188 0.100000 0.100000 0.629064 1.757054 0.100000 0.100000 0.100000 0.790792 0.246731 1.353062 0.586305 0.100000 0.750748 1.171782 0.351848 0.100000 0.100000 1.145737 1.226715 0.100000 0.391946 0.100000 0.261524 0.902004 0.733942 0.100000 0.566694 0.617181 0.170042 
0.119468 0.534392 0.100000 0.481000 0.329944 0.136031 1.234982 0.443824 0.688587 0.925137 1.243231 0.239936 0.326103 0.665252 0.100000 1.470434 0.717943 0.462509 0.489183 0.812886 0.638713 0.754117 0.572751 0.431357 0.100000 0.230415 0.100000 0.100000 0.692895 0.860913 1.141096 0.772052 0.511801 0.556650 0.410797 0.495819 0.137288 0.100000 0.404451 0.388175 0.100000 0.377098 0.113962 0.736489 0.624768 0.544804 1.010652 0.100000 0.210668 1.072923 1.250674 0.816486 0.729695 0.727580 0.100000 0.809130 0.100000 1.037873 0.423739 0.535489 0.100000 0.558625 0.100000 1.217717 0.100000 0.270908 0.512407 0.531778 
0.300275 0.100000 1.071242 0.769779 0.100000 0.161312 1.002233 0.745111 0.914424 0.213426 0.100000 0.940363 0.122831 0.453945 0.258256 0.307308 0.100000 0.990574 0.100000 0.235762 0.100000 0.100000 1.028611 1.139713 0.408057 0.694336 0.733573 0.100000 0.260304 0.932744 0.852463 1.533350 0.898697 0.100000 0.100000 0.100000 0.690436 0.100000 1.350761 0.100000 0.561351 0.215766 0.459223 0.238256 0.100000 0.176855 0.103792 0.100000 0.100000 0.767179 0.100000 1.655896 1.053513 0.198223 0.100000 0.494580 0.150757 0.571391 0.100000 0.390419 0.100000 0.100000 0.100000 0.564587 0.318827 0.100000 1.053761 1.188879 
0.100000 0.682047 0.181533 0.100000 0.975834 0.100000 0.371656 0.100000 0.521477 0.489951 0.595827 1.452614 0.152805 0.963161 0.100000 0.820541 0.100000 0.337719 0.580836 0.444828 0.337705 0.873490 0.700345 0.554730 0.100000 0.475619 0.100000 0.100000 0.913085 0.100000 0.100000 0.817921 0.508944 1.077196 0.100000 0.185486 0.100000 0.277765 0.300489 0.529933 0.442389 0.566392 1.146691 0.100000 0.160194 0.143744 1.425962 0.100000 1.516515 0.970980 0.676416 0.207964 0.407967 0.809819 0.100000 0.100000 0.100000 1.039640 0.100000 0.100000 0.331703 0.728771 0.684945 0.181612 0.100000 0.618537 0.328460 0.100000 
0.422954 0.100000 0.100000 0.446943 0.100000 0.463171 0.627702 0.104933 1.127492 0.100000 1.643154 0.100000 0.100000 1.167007 0.528661 0.842847 0.448287 0.821101 0.100000 0.492977 1.528164 1.271124 0.311629 0.100000 0.100000 0.198512 0.100000 0.100000 0.100000 0.343280 0.100000 0.793801 0.485618 0.120162 0.862969 0.100000 1.699733 0.480476 0.701544 0.100000 1.860497 0.195760 0.382099 0.644952 1.062805 0.100000 1.068251 0.117663 0.672198 0.245844 0.284216 0.806264 1.010739 0.789951 0.385051 0.100000 0.100000 0.689979 0.100000 2.263481 0.178949 1.166359 0.149089 1.272481 0.263915 0.100000 1.055444 0.395440 
0.420948 0.378979 0.127722 0.100000 0.684627 1.180750 0.476851 0.100000 0.523642 1.188053 0.629471 0.142533 0.768843 0.201200 1.273661 0.100000 0.100000 0.373204 0.100000 0.100000 0.128354 0.506648 1.062860 0.100000 0.687872 0.836787 0.100000 0.100000 0.382532 0.686033 1.567267 0.740050 1.005300 0.100000 0.100000 0.100000 0.370205 0.100000 0.186297 0.100000 0.619328 0.575803 0.425224 0.377346 0.631396 0.376444 0.798434 0.238103 0.746638 0.355811 0.546060 0.657781 0.100000 0.100000 0.100000 0.100000 1.058642 0.742557 0.818339 0.711649 0.100000 0.770754 0.757440 0.100000 0.499767 0.100000 0.649331 0.359468 
0.169664 0.345126 0.238442 0.570736 0.148043 0.261876 0.760847 0.459175 0.592267 0.939405 0.656099 0.634844 0.291615 0.226305 0.100000 0.753747 0.100000 0.471084 0.111890 0.724013 1.076599 0.100000 0.610002 0.100000 0.385183 0.566009 0.100000 0.100000 0.738780 0.772059 0.688040 0.912898 0.494212 0.245223 0.557998 0.485349 0.844321 0.191850 0.350528 0.100000 0.216231 0.590089 0.542769 1.002265 1.050860 0.100000 0.752296 0.488985 0.210693 0.768692 0.526503 0.668515 0.828300 0.207463 0.100000 0.557194 0.421230 0.505761 0.388204 1.005941 0.618307 1.042242 0.856908 0.322927 0.621989 0.307826 0.697371 0.965964 
0.553375 0.284481 0.498771 0.100000 0.429234 0.325745 0.172605 1.060869 0.273401 0.681120 0.100000 0.100000 0.571138 0.197190 0.100000 1.572799 0.100000 0.974268 0.100000 0.402008 0.911555 0.445866 0.100000 0.971577 0.100000 0.575201 0.165925 0.100000 0.770157 1.079671 0.821280 0.487129 0.382636 0.100000 0.180845 0.100000 1.580269 1.174547 0.100000 0.100000 0.971042 0.507672 0.100000 0.719400 0.100000 0.719350 0.100000 0.240463 0.100000 0.100000 0.742958 0.638295 0.320680 0.100000 0.119274 0.550414 0.100000 0.453927 1.195359 1.080649 0.100000 0.928061 1.022884 1.631465 0.169896 0.430819 0.186261 0.500521 
0.506036 0.100000 0.731100 0.100000 0.647218 0.418151 1.209907 0.170473 0.939444 0.431672 0.985438 0.412470 0.257641 0.246911 0.100000 0.499716 0.100000 0.116972 0.694504 0.100000 0.742424 0.100000 0.356979 0.345517 0.199506 0.792122 0.101192 0.100000 0.570830 0.541816 0.411126 0.523443 0.308396 0.385189 0.100000 0.430576 0.180841 0.183309 0.121295 0.100000 0.548929 0.280182 0.100000 0.597391 0.193290 0.346042 0.444001 0.151100 0.798851 0.961868 0.399933 0.849954 0.446292 0.188342 0.100000 0.100000 0.607273 1.176345 0.386576 0.343994 0.507174 0.728688 0.402249 0.618460 0.100000 0.100000 0.177655 0.427603 
0.598008 1.161423 0.548045 0.143632 0.460453 0.991119 1.279462 0.476284 1.003072 0.244359 1.469736 0.140712 0.292325 0.100000 0.100000 0.481266 0.100000 1.118489 0.100000 0.100000 0.717449 1.068924 1.027426 0.104365 0.934389 0.791156 0.340452 0.715943 0.445180 0.131710 0.267388 0.476312 0.100000 0.623294 0.100000 0.968072 0.773257 0.468989 0.824558 0.360628 0.760462 0.958935 0.100000 0.100000 0.465183 0.100000 0.100000 0.100000 0.296827 0.100000 0.431190 0.129214 0.386831 0.100000 0.100000 0.284182 0.192485 0.100000 0.659637 0.100000 0.380204 0.974055 0.100000 0.373506 0.100000 0.601973 0.144204 0.515343 
0.102452 0.696401 0.307827 0.100000 0.567518 0.100000 1.123766 0.282696 1.018512 0.146545 1.110844 0.467479 0.100000 0.189830 0.100000 0.623015 0.100000 0.152819 0.450831 0.380314 1.173354 0.246364 0.312115 0.100000 0.100000 0.765411 0.835216 0.100000 0.100000 0.987032 0.440311 0.296770 0.513971 0.110249 0.100000 0.505262 0.993258 0.458023 0.100000 0.100000 0.345637 0.238594 0.147403 0.635146 0.100000 0.331417 0.549389 0.254825 0.331526 0.618996 0.805877 0.689196 0.213540 0.414232 0.374949 0.101626 0.100000 0.904666 0.421098 0.799390 0.100000 0.531761 0.100000 1.046614 0.176962 0.100000 0.100000 0.446658 
0.100000 0.449843 0.234945 0.498619 0.907058 0.845023 1.155319 0.464523 1.186310 0.433635 0.922417 0.639722 0.407617 0.684465 0.437094 1.023995 0.607129 0.200049 0.421144 0.842185 1.612218 0.665612 0.560069 0.783023 0.100000 0.434390 0.680875 0.456386 0.837803 0.524370 0.823710 0.708199 0.622545 0.211815 0.100000 0.528142 0.942084 0.609686 0.399886 0.497688 1.315739 0.444779 0.444160 0.998320 0.907212 0.845124 0.858060 0.181211 0.471823 0.993158 0.732610 0.893471 0.708460 0.634519 0.100000 0.119304 0.100000 0.539080 0.156197 0.580595 0.502347 0.467480 0.617522 0.660577 0.589985 0.231166 0.210716 0.766793 
0.223193 0.132088 0.348959 0.994214 0.100000 0.145394 0.335137 1.076418 0.481668 0.183767 0.573542 0.940895 0.100000 0.100000 0.100000 0.418070 0.171387 0.100000 0.545257 0.100000 0.724726 0.487760 0.531888 0.100000 0.100000 0.696308 0.423586 0.100000 0.458808 0.189079 0.641082 0.810293 0.258156 0.188187 0.335305 0.100000 0.420144 0.679751 0.148028 0.179125 0.501124 0.582756 0.536264 0.551798 0.438792 0.107207 0.435127 0.100000 0.100000 0.398799 0.100000 0.902431 0.827691 0.104801 0.100000 0.571384 0.422604 0.617587 0.492855 0.322270 0.100000 0.764944 0.100000 0.100000 0.944195 0.100000 0.569580 0.100000 
0.701436 0.490224 0.328375 1.276706 0.100000 0.549391 1.332534 0.100000 0.728488 0.571549 0.983418 1.040065 0.420138 0.320564 0.100000 0.100000 0.100000 0.100000 0.576642 0.121001 1.423583 0.100000 1.157733 0.313090 0.425730 0.100000 0.100000 0.287356 0.316646 0.572803 0.863096 0.190371 0.100000 0.262785 0.145486 0.742072 0.421270 0.100000 0.119543 1.007513 0.721770 0.100000 0.215994 1.783234 0.233179 0.100000 0.409889 0.628052 0.100000 1.322393 1.159378 0.215358 0.474144 0.230336 0.159730 0.403917 0.516459 0.691765 0.128511 1.329421 0.100000 0.469149 0.276882 0.100000 0.312377 0.100000 1.163806 1.186055 
0.493463 0.793465 0.100000 0.377594 0.615599 0.681161 0.889662 0.299550 0.184729 0.815213 0.691590 0.525015 0.100000 0.268526 0.309917 0.701263 0.165926 0.100371 0.147001 0.895765 1.005531 0.655296 1.248021 0.100000 0.100000 0.973172 0.100000 0.269796 0.656762 0.578639 0.471150 1.725237 0.190102 0.777291 0.415098 0.198299 0.834223 0.100000 0.339968 0.149204 0.634123 0.700878 0.181957 0.694091 0.625222 0.553720 0.763728 0.545989 0.361447 0.660139 0.519805 1.032626 0.355329 0.679509 0.529748 0.100000 0.325514 0.678349 0.333044 0.801924 0.100000 0.642955 0.944721 0.817206 0.210086 0.100000 0.100000 0.788988 
0.356993 0.396604 0.140517 0.488238 0.100000 1.039600 0.686400 0.100000 0.636042 1.004588 1.028986 0.727143 0.272240 0.650941 0.100000 1.027158 0.472922 0.355283 0.111507 0.161047 0.756179 0.100000 0.386656 0.297220 0.100000 0.451660 0.524055 0.100000 0.708858 0.580422 0.262861 1.007552 0.100000 0.775545 0.520620 0.619218 0.841102 0.273135 0.100000 0.730391 0.581023 0.779372 0.754640 0.874196 0.545811 0.100000 0.411903 0.394303 0.737721 0.542893 0.941173 0.385712 0.810387 0.368385 0.100000 0.586039 0.365590 1.052597 0.684236 0.241702 0.100000 0.991518 0.632224 0.811250 0.205649 0.243650 0.674957 0.700784 
0.100000 0.100000 1.670458 0.100000 0.250789 0.100000 1.213259 0.100000 1.793236 1.116730 0.994042 1.115276 0.100000 0.416765 0.100000 0.264640 0.100000 0.100000 0.675731 1.122047 0.807867 0.100000 0.642067 0.392784 0.413407 0.434039 0.550215 0.100000 0.411711 0.262396 0.131631 0.681080 0.720604 0.447250 0.100000 0.100000 0.100000 0.100000 0.735768 0.100000 0.603825 0.100000 0.100000 0.880288 0.100000 0.100000 0.479744 0.100000 0.100000 0.875984 0.560707 0.340844 0.894872 0.100000 0.320094 0.188826 0.838237 1.261049 0.364234 0.450165 0.566699 0.658010 0.579603 0.765082 0.770937 0.495580 0.147753 0.124722 
0.476685 0.588149 0.383162 0.734045 1.026209 0.534270 0.956311 0.393156 0.655137 0.503661 1.036271 0.885906 0.410357 0.993194 0.464931 0.614613 0.758012 0.267260 0.378086 0.976507 1.752641 0.492442 0.804875 0.159288 0.424884 0.652940 0.460465 0.776425 0.919941 0.406349 0.532826 1.151958 0.853550 0.100000 0.100000 0.520827 0.412528 0.100000 0.160009 0.464816 1.018973 0.615427 0.357457 1.141480 0.846671 0.536940 0.846519 0.100000 0.431328 0.806263 1.019414 1.045404 0.835106 0.445627 0.306732 0.100000 0.921331 0.874016 0.388337 0.130618 0.217961 0.552593 0.664845 0.950988 0.369980 0.100000 0.100000 0.625555 
0.191005 0.594672 0.306805 0.261983 0.273740 0.443472 1.082474 0.639874 0.905768 0.606321 0.792298 0.236025 0.100000 0.433500 0.149376 0.297206 0.100000 0.100000 0.100000 0.773949 0.798874 0.371064 0.703227 0.458872 0.100000 0.473674 0.231339 0.100000 0.559499 0.584779 0.994297 1.138330 0.100000 0.578333 0.208968 0.439534 0.129718 0.202567 0.482792 0.317327 0.302573 0.244710 0.100000 0.100000 0.466923 0.100000 0.100000 0.651955 0.489092 0.482091 0.588320 0.314275 0.580251 0.100000 0.454068 0.694214 0.162864 0.649366 0.582026 0.826924 0.603809 0.192024 0.100000 0.613358 0.216219 0.100000 0.100000 0.558596 
0.215809 0.100000 0.501326 0.554030 0.100000 0.100000 0.431555 0.100000 0.420965 0.814306 1.110897 0.527499 0.243269 0.524390 0.376276 1.144387 0.100000 0.100000 0.447918 0.548941 0.948492 0.100000 0.385092 0.100000 0.100000 0.191916 0.427882 0.100000 0.506030 0.103693 0.399942 0.159761 0.100000 0.267258 0.100000 0.482678 0.179299 0.641591 0.100000 0.100000 0.743341 0.687861 0.417218 0.312608 0.100000 0.425026 0.320048 0.663155 0.100000 0.615402 0.587803 1.078906 0.464035 0.150506 0.100000 0.149766 0.417501 0.567563 0.584039 0.206665 0.281046 0.193148 0.100000 1.107806 0.508082 0.100000 0.100000 0.348717 
0.546758 0.828671 0.100000 0.100000 0.100000 0.589341 0.982796 0.100000 0.100000 1.124824 0.500434 0.980260 0.100000 0.436729 0.580832 1.110836 1.117083 0.100000 0.278133 0.318688 1.362198 0.995232 0.767577 0.100000 0.313384 0.949793 0.534800 0.728307 1.052315 0.757780 0.117731 0.574963 0.100000 0.946062 0.100000 0.100000 0.100000 0.100000 0.100000 0.100000 0.539792 0.100000 0.497553 0.606555 0.370594 1.039854 0.600362 0.951653 0.434332 0.430407 1.302983 0.902238 0.324718 0.100000 0.494540 0.100000 0.419885 1.081591 0.100000 0.584847 0.755950 1.326502 0.580013 0.912036 0.698914 0.497026 0.159968 0.100000 
0.868856 0.401046 0.404975 0.572788 0.100000 0.627723 1.133391 0.475815 1.209909 0.136794 1.101596 0.784172 0.100000 0.845210 0.181146 1.071054 0.100000 0.379932 0.100000 0.249981 0.543366 0.529599 0.169508 0.503359 0.100000 0.916651 0.311842 0.153222 0.570773 1.089384 0.597351 1.049292 0.270717 1.326399 0.203969 0.882277 0.420489 0.333580 0.660327 0.100000 0.806649 0.100000 0.291189 0.412665 0.618948 0.583765 0.533988 0.834771 0.855817 0.100000 1.073006 1.001483 0.691675 0.779523 0.439552 0.352007 1.077437 0.661152 0.763087 0.773338 0.288679 0.823772 0.423060 0.377027 0.472393 0.497883 0.688206 0.684344 
0.100000 1.024864 0.100000 0.340819 0.100000 1.605933 1.190232 1.146975 0.466798 1.504573 1.734141 0.214964 0.455956 0.621024 0.370305 0.100000 0.100000 0.100000 0.622626 0.251444 0.284778 0.100000 0.766682 0.408977 0.100000 0.234001 0.171252 0.913337 1.558411 0.925019 1.133785 0.995099 0.260013 0.375261 0.812744 0.100000 0.811949 0.441713 0.100000 0.248074 0.403473 0.247195 0.142480 0.100000 0.277157 0.294125 1.589724 0.451992 0.100000 1.587175 0.148888 1.335762 1.131191 0.881897 0.100000 0.716404 0.100000 0.988914 0.254567 0.969802 0.100000 0.350550 0.919048 1.627728 0.100000 1.105311 0.667584 0.840367 
