76 Number of operations
24 Number of workers
Standard production times
0.290051 0.119425 0.716550 0.190971 0.451519 0.100000 0.100000 0.336942 0.571636 0.414269 0.100000 0.116889 0.577166 0.526380 0.408052 0.219375 0.435065 0.438886 0.292950 0.555470 0.434268 0.311430 0.740981 0.584869 0.139028 0.323885 0.251275 0.312576 0.314710 0.676281 0.419674 0.326109 0.145356 0.602997 0.103788 0.342580 0.388635 0.242379 0.413542 0.192219 0.347265 0.507650 0.705652 0.791335 0.495640 0.423869 0.228507 0.247610 0.527861 0.409505 1.022967 0.293508 0.469117 0.314897 0.100000 0.751079 0.347161 0.569259 0.817347 0.505296 0.596762 0.100000 0.221035 0.466013 0.609718 0.669980 0.649135 0.261762 0.656215 0.254587 0.240166 0.399291 0.502519 0.366428 0.669267 0.276902 
Production times: workers row and ops columns
0.164022 0.246409 1.321064 0.233768 0.503793 0.100000 0.214410 0.100000 0.283069 0.536632 0.100000 0.147018 0.390636 0.633445 0.216967 0.100000 0.455521 0.487010 0.100000 1.137857 0.877858 0.266354 1.146802 0.389109 0.100000 1.001044 0.218389 0.876233 0.100000 0.477806 0.397258 0.456799 0.100000 0.811368 0.100000 0.100000 0.386971 0.288602 0.441258 0.217909 0.396709 0.779763 0.518620 0.695879 0.811423 0.894189 0.248567 0.817005 0.332793 0.533544 1.131716 0.100000 0.241131 0.381141 0.100000 1.053223 0.316689 0.362208 0.955617 0.820678 0.813443 0.521433 0.674502 0.293977 1.224451 0.819400 0.900057 0.100000 1.245774 0.197819 0.168619 0.928767 0.349754 0.310474 0.756588 0.251192 
0.241122 0.568303 0.692069 0.320196 0.359512 0.133752 0.365524 0.422426 0.567647 0.100000 0.202275 0.100000 0.704098 0.928535 0.241218 0.100000 0.458039 0.656961 0.100000 0.396325 0.228417 0.474543 0.803883 0.774443 0.412124 0.304317 0.553971 0.242280 0.100000 0.834314 0.350815 0.459308 0.672446 0.144395 0.301925 0.568617 0.396638 0.288359 0.386075 0.142051 0.100000 0.313150 1.125782 1.215314 0.648440 0.562020 0.100000 0.195851 0.301531 0.537450 0.753514 0.461865 1.096035 0.189722 0.100000 0.855032 0.559457 0.114394 0.833915 0.700650 0.589133 0.187418 0.698417 0.754518 0.408840 1.006373 0.431999 0.524409 1.032038 0.369807 0.700572 0.473485 0.558078 0.508166 0.198395 1.075944 
0.136918 0.100000 0.100000 0.100000 0.453008 0.100000 0.100000 0.415577 0.741103 0.100000 0.451533 0.100000 0.257292 0.855169 0.716148 0.100000 0.453491 0.100000 0.100000 1.114649 0.100000 0.217328 0.134094 0.837219 0.100000 0.846701 0.100000 1.038275 0.662570 1.508997 0.100000 0.100000 0.697995 0.944450 1.305434 0.474579 0.353533 0.100000 0.369951 0.337486 0.100000 1.160208 0.613477 1.472097 0.539417 0.923517 0.626084 0.321202 1.093165 0.100000 0.977277 0.993013 1.085849 0.292451 0.100000 0.953911 0.100000 0.516434 1.141723 0.100000 0.550109 0.618278 0.100000 1.005108 0.100000 0.643184 1.392767 0.269510 0.581440 0.362187 0.100000 0.835255 0.100000 0.459520 0.316375 0.168691 
0.772824 0.100000 0.100000 0.100000 0.102640 0.100000 0.123405 0.307957 0.719143 0.140891 0.196976 0.464825 0.720834 0.948831 0.100000 0.421143 0.668462 0.226956 0.208085 0.540964 0.149873 0.287610 0.915212 0.958961 0.100000 0.100000 0.255052 0.286044 0.763785 0.603262 0.377344 0.100000 0.195026 0.760945 0.336014 0.293224 0.100000 0.411177 0.263457 0.768386 0.371403 0.699913 0.119662 0.881753 0.863335 0.326679 0.100000 0.402536 1.081075 0.241254 0.791529 0.100000 0.100000 0.249038 0.100000 0.964869 0.464479 0.377552 0.881353 0.253650 0.521811 0.372332 0.100000 0.717951 0.241648 0.671466 0.100000 0.100000 0.577552 0.133706 0.100000 0.100000 0.100000 0.108891 0.680145 0.100000 
0.286167 0.100000 0.257663 0.100000 0.663609 0.100000 0.432672 0.497087 0.364401 0.540258 0.152697 0.100000 0.100000 0.317751 0.430197 0.100000 0.286772 0.213906 0.312531 0.100000 0.952099 0.100000 0.426072 0.385179 0.100000 0.100000 0.100000 0.244542 0.385324 0.462577 0.547644 0.342658 0.100000 0.100000 0.131742 0.229315 0.602724 0.387518 0.100000 0.159657 0.470289 0.100000 0.380142 1.351136 0.219515 0.542753 0.523616 0.100000 0.100000 0.401148 1.117451 0.100000 0.421366 0.100000 0.100000 0.620104 0.194956 0.827781 0.603069 0.283996 0.100000 0.100000 0.643583 0.350976 0.893480 0.893146 0.702376 0.100000 1.055677 0.482718 0.100000 0.308795 0.100000 0.100000 0.323002 0.249618 
0.780723 0.100000 1.017324 0.248103 0.100000 0.649983 0.100000 0.100000 0.650952 0.332136 0.336177 0.155378 0.638139 0.499401 0.842254 0.133339 0.467469 1.031710 0.270148 1.174191 0.129909 0.514978 1.064643 0.826865 0.830207 0.804636 0.753962 0.554893 0.574026 0.847058 0.536422 0.196866 0.100000 1.105018 0.100000 0.100000 0.844788 0.391378 0.338701 0.523496 0.822868 0.305923 0.457864 1.069445 0.345412 0.472165 0.100000 0.121573 0.658762 0.891458 0.749334 0.304867 0.803956 0.899117 0.133416 0.816976 0.162193 1.080988 0.981689 1.137785 0.618773 0.100000 0.157127 0.397232 0.801989 0.501115 0.520124 0.342726 1.251931 0.826486 0.100000 0.257040 0.786959 0.381395 1.253323 0.154041 
0.100000 1.113989 0.242065 0.146711 0.371268 0.398546 1.130746 0.229233 0.885026 0.461312 0.319476 0.501835 0.793053 0.100000 0.100000 0.265869 0.988016 0.345366 1.238974 0.100000 0.595345 0.816834 1.363829 0.644884 0.100000 0.910514 0.623273 0.100000 0.100000 0.759314 0.785602 0.100000 0.304182 0.100000 0.309010 0.100000 0.100000 0.100000 0.100000 0.390143 0.460760 0.460475 0.244874 0.820214 0.363971 0.100000 0.100000 0.350515 0.376041 0.100000 1.776350 0.100000 0.756428 0.100000 0.100000 0.484930 0.518205 0.100000 0.313683 1.844117 0.955913 0.100000 0.100000 0.403704 0.390334 0.100000 0.833510 0.100000 0.812227 0.354545 0.417387 1.141507 0.363847 0.100000 1.978283 0.100000 
0.100000 0.100000 0.233829 0.291293 0.245723 0.100000 0.100000 0.239965 0.871922 0.387683 0.109745 0.100000 0.859661 0.107905 0.608628 0.267989 0.391096 0.691589 0.187897 1.073147 0.100000 0.222804 0.723780 0.580167 0.100000 0.257728 0.886361 0.100000 0.451397 0.610669 0.159840 0.281369 0.100000 0.100000 0.100000 0.100000 0.100000 0.136503 0.190692 0.169852 0.498690 0.460052 1.017684 1.050159 0.476070 0.789581 0.100000 0.147490 0.519771 0.100000 1.386414 0.100000 0.568530 0.279580 0.100000 0.865467 0.393478 0.100000 1.041110 0.560617 0.288866 0.100000 0.440102 0.508357 0.150692 0.386708 0.100000 0.121119 0.963906 0.100000 0.100000 0.278123 0.722987 0.100000 0.786648 0.295890 
0.366129 0.140171 0.550442 0.351126 0.100000 0.100000 0.100000 0.113249 0.643537 0.108473 0.100000 0.100000 0.950778 0.697366 0.100000 0.100000 0.293443 0.433442 0.100000 1.000881 0.100000 0.100000 0.804613 0.602596 0.100000 0.266040 0.406606 0.480157 0.447039 0.446695 0.656457 0.100000 0.100000 0.448930 0.100000 0.100000 0.100000 0.482459 0.663958 0.100000 0.187982 0.321201 0.320488 0.578509 0.227280 0.699851 0.162954 0.100000 0.379023 0.100000 1.035782 0.738621 0.617973 0.100000 0.198075 0.618393 0.100000 0.456388 0.379069 0.329643 1.079251 0.201817 0.100000 0.485560 0.831148 0.577187 0.776001 0.100000 0.421509 0.100000 0.527662 0.495448 0.343896 0.664026 0.327834 0.327839 
0.766645 0.270039 0.625625 0.684977 0.812710 0.100000 0.100000 0.242713 0.941992 0.100000 0.100000 0.100000 0.622675 0.100000 0.634554 0.173540 0.100000 0.492223 0.100000 0.100000 0.682783 0.258455 1.088525 0.511126 0.386291 0.830120 0.269403 0.100000 0.806010 1.471609 0.263370 0.325068 0.100000 0.495674 0.308947 1.280924 0.572427 0.941096 0.839305 0.444209 0.662802 0.528236 1.253787 0.381145 0.100000 0.441920 0.688675 0.100000 0.230131 0.511943 0.720755 0.222922 0.100000 0.339797 0.100000 1.519065 0.885856 0.100000 1.473395 0.938186 0.470764 0.518603 0.820115 0.417178 0.434395 0.896417 0.100000 1.149424 1.243198 1.364107 0.719988 0.100000 0.100000 0.420389 1.347694 0.889482 
0.100000 0.100000 0.965729 0.100000 0.100000 0.694062 0.119820 0.100000 0.856395 0.198704 0.726230 0.792681 0.260930 0.482612 0.100000 0.331303 0.661381 0.800134 0.279766 0.939802 0.327629 0.100000 0.669050 1.149259 0.100000 0.100000 1.209846 0.167671 0.100000 1.148672 0.100000 0.145422 1.368966 0.771279 0.322486 0.100000 0.959993 0.524120 1.150589 0.562807 1.406929 0.768605 0.571937 0.100000 0.463958 0.222197 0.133836 0.462372 1.017306 1.206661 0.770226 0.100000 0.642685 0.100000 0.100000 0.100000 0.488530 0.742326 0.160481 0.601476 1.089339 0.449290 0.852553 0.350119 0.949738 0.583662 0.642060 0.100000 0.667766 0.977720 0.211729 1.064297 0.731894 0.684364 0.158865 0.178335 
0.100000 0.100000 0.492907 0.405013 0.451753 0.120217 0.321278 0.340241 0.430402 0.347299 0.285373 0.100000 0.467056 0.605112 0.529060 0.100000 0.100000 0.292389 0.100000 0.679491 0.416677 0.100000 0.902204 0.998798 0.165884 0.197557 0.158471 0.100000 0.452642 0.414242 0.100000 0.100000 0.100000 0.621322 0.100000 0.495310 0.100000 0.141042 0.315940 0.100000 0.100000 0.277304 0.304752 0.652168 0.552598 0.100000 0.100000 0.385412 0.750276 0.145078 0.990827 0.601624 0.884564 0.100000 0.100000 0.605040 1.091510 0.294074 0.594570 0.191297 0.289329 0.100000 0.520806 0.105309 0.471399 0.338772 0.170358 0.100000 1.014453 0.536743 0.387865 0.210607 0.352519 0.239369 0.438315 0.100000 
0.100000 0.353328 0.400757 0.523342 0.485056 0.100000 0.100000 0.512335 0.858403 1.337374 0.100000 0.100000 1.575816 0.670248 0.977503 0.100000 0.650897 0.769378 0.817603 0.288140 0.993958 0.331605 0.895163 0.932687 0.108153 0.420878 0.694841 0.100000 0.741791 1.218716 0.157170 0.387578 0.245883 0.512573 0.582173 0.732131 0.697751 0.874837 0.139896 0.451951 0.289764 0.512865 0.896604 1.436250 0.477160 0.942792 0.229876 0.415754 0.638989 0.994420 1.294822 0.315944 1.018247 0.286392 0.613104 1.072742 0.279672 0.919480 0.899618 0.728828 0.616164 0.100000 0.162608 0.176762 0.657177 0.877872 0.729545 0.100000 0.801376 0.152838 0.576886 0.630356 0.229233 0.374252 0.717488 0.943106 
0.661963 0.145092 0.231496 0.106902 0.108525 0.327136 0.291195 0.937363 0.871793 0.967184 0.281646 0.272744 0.813703 0.220301 0.715403 0.250137 0.100000 0.538987 0.318891 0.882424 0.212161 0.327600 0.939983 0.915727 0.339327 0.100000 0.564823 0.389099 0.100000 0.176866 0.761925 0.366399 0.275900 0.432832 0.854299 0.136086 1.054065 0.468676 0.326325 0.683513 0.702455 0.100000 0.797691 1.014057 0.708027 0.146218 0.198021 0.783324 0.620461 0.852832 0.693400 0.366918 0.306089 0.515118 0.100000 1.171266 0.223592 0.514806 0.856887 0.502449 1.109049 0.100000 0.100000 0.196837 0.181816 0.755847 1.633031 0.100000 0.514394 0.204129 0.519347 0.175072 0.654106 0.522331 0.793244 0.100000 
0.825056 0.100000 0.100000 0.993238 0.664946 0.100000 0.100000 0.892628 0.519279 0.368810 0.125378 0.260807 0.440957 0.219882 0.582229 0.100000 0.506902 0.639654 0.100000 0.557010 1.586973 0.345178 1.097478 0.498043 0.192795 0.925960 0.100000 0.616789 0.100000 0.458272 0.183528 0.226624 0.291419 0.556949 0.100000 0.100000 0.805235 0.398570 0.191414 1.032145 0.100000 0.385362 1.432971 0.555859 0.747164 0.100000 0.680026 0.100000 0.100000 0.353759 1.063363 0.100000 0.307679 0.153208 0.384331 0.672946 0.100000 0.100000 0.100000 0.286197 0.120583 0.363846 0.714481 0.430692 0.892186 1.179352 0.937164 0.269837 1.765517 0.381709 0.100000 0.464617 0.272718 0.708127 0.100000 0.903281 
0.100000 0.436171 1.536669 0.611424 0.634409 0.380974 0.357558 0.100000 1.347602 0.100000 0.160782 0.661436 0.497871 1.236683 0.470820 0.368515 0.139869 1.232784 0.578326 0.100000 0.967737 0.279980 0.882162 1.166651 0.244624 0.100000 0.933794 0.751608 1.066786 0.100000 0.991681 0.103208 0.100000 0.100000 0.100000 0.672098 0.584088 0.980783 0.921744 0.422708 0.725210 0.652870 0.426700 0.654607 1.112044 0.498954 0.100000 0.429122 1.065837 0.100000 0.100000 0.100000 0.124985 0.305426 0.378189 0.539465 1.116112 1.185370 1.981795 1.110720 0.570879 0.100000 0.210633 0.329117 1.257004 0.734517 0.535637 0.100000 0.200369 0.100000 0.204776 0.617934 0.100000 0.100000 1.128104 1.300335 
0.548634 0.100000 0.731483 0.378314 0.693236 0.238156 0.331430 0.161980 0.959295 0.399776 0.371085 0.100000 0.614508 0.825515 0.324206 0.325567 0.724663 0.512147 1.110442 1.131980 0.100000 0.530073 1.189189 0.717818 0.674069 0.609294 0.140945 0.651005 0.645651 0.798513 0.100000 0.461800 0.100000 0.422581 0.532144 0.431445 0.792157 0.100000 0.514990 0.344782 0.100000 0.244814 0.411722 1.480098 0.489727 1.208512 0.100000 0.211333 0.829879 0.977497 0.654763 0.834160 0.395023 0.100000 0.194913 0.997089 0.876446 0.100000 0.787557 0.763072 0.126685 0.187707 0.569727 0.752034 0.100000 0.695160 0.510344 0.371226 1.162652 0.100000 0.361209 0.100000 0.554310 0.100000 0.386767 0.345828 
0.104803 0.352925 0.609166 0.385567 0.609860 0.294717 0.100000 0.779045 1.459246 0.269167 0.512731 0.502558 0.842975 0.652921 0.113199 0.677930 0.857121 0.666728 0.100000 0.207157 0.454906 0.574147 1.028728 0.905262 0.100000 0.672007 0.250375 0.561025 0.100000 0.770677 0.369318 0.100000 0.100000 0.902443 0.318857 0.353690 0.153743 0.860350 0.752100 0.100000 0.333550 0.662204 1.612343 0.635250 0.183272 0.314677 0.245023 0.100000 0.575771 0.215083 1.149999 0.196921 0.336584 0.516623 0.208250 0.722553 0.100000 0.422010 0.457626 0.138353 0.395231 0.222485 0.265777 0.511889 0.341049 0.256980 0.650773 0.154481 0.315297 0.100000 0.395366 0.863319 0.636060 0.499464 0.683719 0.116868 
0.251187 0.100000 1.044712 0.100000 0.643319 0.110690 0.311269 0.522915 1.436772 0.779364 0.389890 0.233394 0.100000 0.295668 0.462066 0.130332 0.683940 0.473173 0.100000 1.550306 1.397221 0.882235 0.794796 0.584155 0.146797 0.698049 0.100000 0.775902 1.352140 1.067112 1.596163 0.967925 0.100000 1.913200 0.100000 0.696617 0.100000 0.100000 0.231452 0.100000 0.100000 0.281713 0.731838 1.325788 0.100000 0.100000 1.301733 0.395145 0.658017 0.599713 0.300580 0.100000 0.322307 0.292901 0.131293 0.100000 0.100000 0.837483 1.519864 0.613262 0.107284 0.100000 1.104390 0.644494 1.033149 0.159004 0.130833 0.100000 0.148360 1.152466 0.100000 0.910477 0.535257 0.175533 1.278292 0.968150 
0.100000 0.100000 0.847135 1.146922 1.105885 0.100000 0.366411 0.425074 0.396612 0.576845 0.140127 0.100000 0.944424 0.892913 0.555456 0.100000 0.936171 0.619970 1.256084 0.656252 0.399594 0.120770 1.114288 0.602649 0.321590 0.100000 0.100000 0.100000 0.100000 1.381210 0.914167 1.192429 0.555881 0.100000 0.100000 0.365197 0.217259 0.404756 0.100000 0.316477 0.408198 0.628073 0.559342 0.681459 0.100000 0.100000 0.226240 0.698110 0.481346 0.391488 0.463464 0.100000 0.362670 0.100000 0.100000 1.421355 0.451555 0.986173 0.170916 0.394473 0.410744 0.246333 1.110308 0.100000 1.219313 0.951971 0.343541 0.116152 1.169906 0.382608 0.644158 0.565064 0.100000 0.461402 0.100000 0.859579 
0.534112 0.301966 0.361740 0.100000 0.245509 0.100000 0.100000 0.261626 0.466841 0.107030 0.100000 0.100000 0.887337 0.100000 0.340229 0.100000 0.377622 0.328511 0.100000 0.494893 0.776570 0.574909 0.878323 0.108445 0.186155 0.176136 0.301941 0.128519 0.724143 0.792330 0.260155 0.117269 0.100000 0.727674 0.100000 0.416621 0.359235 0.145652 0.356553 0.497489 0.100000 0.360394 0.617567 0.937098 0.202100 0.100000 0.100000 0.100000 0.553746 0.218410 0.532164 0.100000 0.100000 0.147639 0.353446 0.894200 0.200178 0.413810 0.445796 0.307207 0.232984 0.100000 0.103559 0.246641 0.570797 0.330280 1.076878 0.258256 0.572096 0.100000 0.155312 0.441333 0.100000 0.113055 0.757425 0.258151 
0.100000 0.100000 0.226342 0.100000 0.257846 0.327968 0.124395 0.256163 0.644329 0.100000 0.100000 0.529115 0.345117 0.258723 0.352972 0.102652 0.548194 0.861585 0.389499 0.100000 0.366499 0.313815 0.999939 0.100000 0.476536 0.610245 0.100000 0.100000 0.342816 0.849164 0.254093 0.100000 0.100000 0.788908 0.100000 0.100000 0.313609 0.100000 0.681292 0.149926 0.100000 0.100000 0.607202 0.834207 0.432300 0.277530 0.100000 0.573825 0.165332 0.267732 0.834680 0.382215 0.169723 0.100000 0.336866 0.883574 0.100000 0.322321 0.138407 0.106097 0.437161 0.148425 0.331821 0.100000 0.177569 0.298590 0.898714 0.441075 0.515060 0.100000 0.131516 0.127720 0.572272 0.735751 0.815068 0.327403 
0.357111 0.100000 0.789908 0.100000 0.855619 0.100000 0.301734 0.830261 0.816434 0.603569 0.229541 0.592013 1.225065 0.673899 0.831702 0.100000 0.874459 0.497620 0.310139 1.002037 0.549709 0.615201 0.982913 0.656644 0.527509 0.103956 0.598490 0.496100 0.445405 0.552141 0.420277 0.467867 0.100000 0.135233 0.100000 0.253310 1.200965 0.759684 0.920959 0.977884 0.121149 1.070108 0.637258 1.200510 0.456578 0.517837 0.799993 0.197868 0.477540 0.201201 1.258345 0.674475 1.300685 0.535899 0.572424 1.171879 0.498386 0.505460 1.036582 0.243761 0.625266 0.278116 0.173124 0.859959 1.015470 0.861693 0.945647 0.192855 0.498211 0.785838 0.395631 0.598166 0.501850 0.427202 1.129430 0.401399 
0.439558 0.499770 1.197318 0.677562 0.663427 0.379673 0.100000 0.725063 0.279367 0.393187 0.100000 0.370855 0.819439 0.279754 0.160294 0.899359 0.679359 0.203987 0.610557 0.529205 0.285107 1.098425 1.235434 0.778879 0.517307 0.352603 0.617322 0.100000 0.127366 0.680628 0.585785 0.289130 0.621282 0.705453 0.100000 0.479304 0.820523 0.894652 0.493262 0.508125 0.907500 0.774539 0.637844 0.126423 0.434298 0.618329 0.238210 0.862730 0.734406 0.741388 1.469824 0.971735 0.566913 0.413070 0.100000 1.058019 0.418342 0.534911 0.596003 0.572595 0.746151 0.270812 0.786979 0.401659 0.731703 0.100000 0.723483 0.300481 0.768787 0.293698 0.593851 0.236974 0.469493 0.100000 1.132069 0.333465 
