71 Number of operations
27 Number of workers
Standard production times
0.436826 0.198809 0.331604 0.391055 0.455688 0.283821 0.369697 0.170513 0.277800 0.162097 0.574453 0.396892 0.633336 0.100000 0.551241 0.100000 0.330241 0.100000 0.539262 0.512992 0.495972 0.340811 0.315938 0.228077 0.318417 0.649516 0.100000 0.100000 0.538062 0.585624 0.717307 0.480261 0.146062 0.493841 0.660772 0.646257 0.445896 0.454722 0.266643 0.360484 0.497204 0.572092 0.100000 0.238532 0.100000 0.618461 0.282133 0.597837 0.392383 0.644536 0.657231 0.431644 0.169275 0.413947 0.588501 0.278597 0.308175 0.396599 0.569202 0.402256 0.238324 0.288863 0.302463 0.464080 0.450278 0.274325 0.171269 0.118233 0.100000 0.577667 0.456585 
Production times: workers row and ops columns
0.580345 0.649174 0.424373 0.224458 0.100000 0.100000 0.292373 0.115588 0.100000 0.375285 0.502041 0.464055 0.937058 0.100000 0.561179 0.847445 0.692527 0.100000 0.615340 0.782338 0.966014 0.485507 0.256764 0.108919 0.611936 0.843434 0.100000 0.143279 0.513203 0.903022 0.610319 0.726186 0.501518 0.739716 0.510500 1.149754 0.342433 0.682652 0.140643 0.100000 0.664929 0.758202 0.176768 0.421352 0.100000 0.497221 0.331706 1.270620 0.736827 0.588539 0.924845 0.388135 0.132097 0.771732 0.530921 0.100000 0.136227 0.523124 0.707605 0.874741 0.123516 0.608303 0.530253 0.519376 0.801031 0.521960 0.100000 0.539738 0.100000 0.695552 0.557318 
0.664216 0.100000 0.421121 0.448869 0.854815 0.145047 0.491521 0.192141 0.100000 1.064930 0.653087 0.100000 1.155925 0.100000 0.762502 0.458850 0.235712 0.100000 0.477181 0.574184 0.109234 0.100000 0.373702 0.639763 0.607940 1.268341 0.408216 0.100000 0.601209 0.100000 0.529075 0.274153 0.327240 0.788190 0.592660 0.569706 0.100000 0.516393 0.441094 0.594218 0.362392 1.268639 0.558517 0.309961 0.100000 0.621985 0.427472 0.692249 0.637441 0.975226 1.167104 0.875823 0.236207 0.630422 0.572362 0.202431 0.981423 0.358645 1.266424 0.397546 0.414172 0.715686 0.409640 0.682018 0.477862 0.231667 0.221536 0.100000 0.689415 0.627358 1.073386 
0.100000 0.208019 0.612580 0.244145 1.003015 0.603667 0.232397 0.388018 1.683739 0.288094 0.724204 0.176896 0.700085 0.100000 0.452096 1.328794 0.863849 0.420710 1.091223 1.453870 0.792766 1.376250 0.850837 0.311337 1.178155 0.100000 0.100000 0.232894 0.100000 0.507595 0.397912 0.153054 1.502025 0.807578 0.633798 1.303840 0.327228 0.897391 0.442051 1.173771 0.100000 0.954952 0.161125 0.100000 0.632710 0.182273 1.091752 0.854383 0.740125 0.684765 1.109495 0.100000 0.206639 0.100000 0.729831 0.255019 0.616464 0.100000 1.488778 1.560185 0.134182 0.281376 0.446242 1.096123 1.398728 0.100000 0.100000 0.100000 0.100000 0.100000 0.637987 
0.987804 0.571305 0.122691 0.181993 0.371973 0.803811 0.214815 0.100000 0.362973 0.374114 0.477276 0.982721 0.805473 0.335911 0.394581 0.188081 0.383286 0.100000 0.725559 0.100000 0.587337 0.100000 1.021833 0.425956 0.676824 1.025218 0.100000 0.100000 0.539189 0.954769 0.844618 0.815891 0.527052 0.146122 0.847077 1.336199 0.374737 0.100000 0.297072 0.321084 0.722719 0.404370 0.227215 0.100000 0.456189 1.194521 0.771496 0.243272 0.588142 0.100000 0.842187 0.512336 0.100000 0.617085 0.729905 0.660448 0.446368 0.567107 0.100000 0.154339 0.195554 0.477916 0.400574 1.014347 0.289230 0.302435 0.347793 0.148784 0.348674 0.506498 0.982688 
0.440949 0.633593 0.422513 0.938512 0.136253 0.538860 0.339924 0.339933 0.735642 0.100000 0.277844 0.197382 0.809653 0.100000 0.680219 0.100000 0.100000 0.100000 0.753442 0.425068 0.448359 0.428258 0.334118 0.100000 0.289387 0.775005 0.529334 0.813900 0.838159 0.709352 0.527878 0.606977 0.479731 0.973235 0.496618 0.817178 0.790578 1.112965 0.443320 0.298033 0.390324 0.564859 0.100000 0.586493 0.520792 0.935918 0.739789 0.561706 0.606483 0.629138 0.770329 0.899140 0.260355 0.100000 0.612656 0.164742 0.100000 0.259489 0.957390 1.006529 0.191622 0.689624 0.755930 0.216143 0.538469 0.360987 0.322985 0.100000 0.100000 0.995014 0.935246 
0.100000 1.114490 0.162849 1.325809 0.788641 0.100000 0.750502 0.100000 0.537338 0.110835 1.178572 0.525172 0.492084 0.582483 0.679352 0.100000 0.968878 0.100000 0.220695 0.243205 0.100000 0.100000 1.246377 0.100000 0.322627 0.100000 0.100000 0.859346 0.986240 0.280499 0.720417 0.100000 0.100000 0.100000 0.212202 0.809231 0.744293 0.698843 0.181925 0.100000 0.463649 0.109945 0.540651 0.516753 0.473446 0.444277 0.100000 1.076785 1.005544 0.100000 0.726189 1.028270 0.100000 1.297788 0.413984 0.100000 0.994004 0.543865 0.242633 0.842150 0.100000 1.196516 0.100000 0.607072 0.250970 0.492441 0.615232 0.100000 0.493181 0.430651 0.112655 
0.469613 0.100000 0.192904 0.775795 0.510441 0.726281 0.599224 0.100000 0.100000 0.100000 0.753691 0.499536 0.484308 0.503844 0.127524 0.100000 0.468430 0.858129 0.763443 0.311420 0.773769 0.645830 0.697295 0.205118 0.178499 0.784981 0.324582 0.679471 1.264957 0.465703 0.660416 0.561189 0.171131 0.739578 0.906493 0.823626 0.949118 0.507168 0.100000 0.100000 0.288762 0.358814 0.100000 0.537488 0.255580 0.591623 0.115166 0.223553 0.216467 1.298909 0.100000 0.574187 0.492367 0.554787 0.593459 0.609019 0.100000 0.663263 1.098412 0.189844 0.100000 0.429645 0.699335 0.965825 0.754466 0.173474 0.100000 0.291126 0.319477 0.347501 0.574522 
0.636497 0.612328 0.134435 0.658145 0.204905 0.255845 0.446214 0.725888 1.372091 0.338160 0.823041 0.799154 0.324840 0.429699 0.278719 0.688734 0.863289 0.350462 0.397253 1.113400 0.673879 0.473884 0.589801 0.100000 0.546967 1.048348 0.301700 0.243578 0.351965 0.878691 0.877448 0.582980 0.100000 0.850693 1.134927 0.862701 0.814921 0.952529 0.843092 0.528179 0.533206 0.547608 0.204124 0.504122 0.481455 0.590438 0.427090 0.398863 0.871572 0.627098 0.864608 0.315833 0.179793 0.308148 1.199991 0.486406 0.358242 0.212306 0.486113 0.672868 0.838101 0.100000 0.127349 0.511344 0.361797 0.100000 0.277062 0.443546 0.100000 0.740955 0.845987 
0.926989 0.100000 1.483978 0.668612 0.100000 0.775971 0.100000 0.618148 0.100000 0.557368 0.282672 0.963036 1.003675 0.323604 0.580557 0.643508 0.100000 0.316277 0.745979 0.794067 0.909086 2.192040 0.374329 0.630327 0.394601 1.435850 0.100000 0.948974 0.196159 0.100000 0.178214 0.393002 0.243185 0.470896 1.069181 0.628668 0.414298 0.100000 0.510315 0.865605 0.286868 0.100000 0.100000 1.075313 0.100000 0.286169 0.100000 0.938279 0.100000 0.210020 0.100000 0.377745 0.669749 0.339981 1.029610 0.366310 0.382094 0.486086 0.586423 0.915359 0.482250 0.100000 0.366773 0.426098 0.692744 0.364483 0.378558 0.100000 0.289796 1.234473 0.100000 
0.625947 0.236484 0.100000 0.817334 0.264823 0.230464 0.633468 0.100000 0.100000 0.100000 0.641045 0.673453 0.854238 0.322221 0.547987 0.242141 0.223229 0.799303 0.697680 0.100000 0.275180 0.921202 0.100000 0.196769 0.539505 0.420529 0.519981 0.703725 0.390641 1.024413 0.549940 0.280876 0.319768 0.665221 0.581961 0.998864 0.105142 0.298022 0.100000 0.687993 0.838375 0.872174 0.100000 0.378362 0.337296 0.233367 0.135625 0.891596 0.703479 0.821107 0.919854 0.628873 0.314251 0.481170 0.427071 0.304933 0.287301 1.191932 0.747275 0.499048 0.268731 0.354301 0.320783 0.727492 0.541444 0.617649 0.100000 0.323303 0.463147 0.331389 0.606916 
0.610946 0.198385 0.285456 0.100000 0.900335 0.103944 0.100000 0.467887 0.100000 0.551078 0.804719 0.676319 0.684136 0.100000 0.100000 0.637044 0.288659 0.100000 1.113911 0.423572 0.524584 0.369712 0.374700 0.100000 0.250353 1.135162 0.428328 0.100000 0.100000 0.785716 0.783421 0.467903 0.558884 0.100000 1.120649 0.785734 0.710418 0.630732 0.620485 0.385385 0.434527 0.906563 0.252531 0.100000 0.604884 1.081690 0.814565 0.721746 0.597543 0.630074 0.465382 0.551286 0.322228 0.315119 1.237409 0.100000 0.163572 0.295188 1.056564 0.425279 0.240843 0.123216 0.173115 0.172694 0.854939 0.556992 0.568279 0.100000 0.953575 0.383274 0.100000 
0.449193 0.339945 0.658506 0.185826 0.732945 0.896177 0.214120 0.100000 0.100000 0.334379 0.931677 0.726974 0.983423 0.624844 0.689474 0.485832 0.144756 0.100000 0.711522 0.367586 0.767483 0.853327 0.536999 0.106848 0.193874 1.159126 0.100000 0.226795 0.560394 0.701531 1.146218 0.418623 0.100000 1.029362 0.827676 0.963975 0.540083 0.788008 0.746064 0.870382 0.515168 0.566446 0.318460 0.400683 0.369739 0.505179 0.100000 0.832843 0.726757 0.937441 1.255064 0.787313 0.152775 0.809575 0.663020 0.755183 0.479572 0.632652 0.737520 0.518608 0.100000 0.406185 0.100000 0.713421 0.847853 0.989656 0.383492 0.100000 0.100000 1.261998 0.128704 
1.237292 0.100000 0.305859 0.732667 0.618306 0.263051 0.100000 0.100000 0.782114 0.379961 0.494159 0.500305 0.169985 0.611145 1.181728 0.100000 0.381252 0.624124 0.218348 1.530281 1.251287 0.201373 0.805324 1.059176 0.100000 0.959128 0.100000 0.100000 0.893216 0.347086 0.100000 0.100000 0.136195 0.808292 0.648833 0.569959 0.430498 1.099378 0.531870 0.100000 0.352812 1.174436 0.100000 0.100000 0.100000 0.100000 0.733317 0.100000 1.118069 0.426957 0.100000 0.572776 0.100000 0.682622 0.975313 0.100000 0.113728 0.870972 0.233830 0.413507 0.412132 1.068843 0.100000 0.481421 1.016281 0.100000 0.100000 0.100000 0.100000 1.556152 0.562225 
0.781872 0.100000 0.393740 0.161555 0.191603 0.161430 0.308197 0.530494 0.118752 0.176048 0.397376 0.340352 0.139983 0.327427 0.294978 0.100000 0.165996 0.295394 0.595762 0.416890 0.448472 0.343843 0.442902 0.280165 0.603979 1.035043 0.184325 0.100000 0.962415 1.130597 0.508077 0.256061 0.100000 0.627614 0.258414 1.095098 0.100000 0.376441 0.368988 0.139798 0.158566 0.546862 0.100000 0.100000 0.100000 0.351266 0.113730 0.733893 0.175072 0.594317 0.330498 0.605624 0.100000 0.600879 0.100000 0.100000 0.100000 0.600725 0.549760 0.100000 0.100000 0.589886 0.182234 0.529342 0.100000 0.100000 0.237868 0.704796 0.100000 0.648782 0.100000 
0.197402 0.100000 0.100000 0.169833 0.534648 0.958374 0.100000 0.645716 0.100000 0.100000 0.100000 0.100000 0.100000 0.893373 0.100000 0.100000 0.860961 0.100000 0.737255 0.231990 0.563292 0.747245 0.213181 0.102910 0.654720 0.941743 0.100000 0.100000 0.100000 1.204791 0.100000 0.546882 0.992607 0.870757 0.490111 0.257412 0.108492 0.891162 0.414920 0.337366 1.780639 0.136234 0.100000 0.100000 0.191656 0.756606 0.129551 0.950142 0.646026 0.476633 0.100000 0.808068 0.100000 0.100000 0.491078 0.100000 0.100000 0.396853 0.360270 0.521645 0.100000 0.129891 0.100000 0.276799 0.549013 0.106445 0.100000 0.100000 0.129095 1.099312 0.392036 
0.805483 0.100000 1.003083 0.180623 0.191774 0.313209 0.100000 0.567509 0.407776 0.384307 0.356529 0.320476 0.967012 0.448134 1.479303 0.507580 0.100000 0.205379 0.509977 0.921328 0.549604 0.568545 0.301551 0.492614 0.839112 0.548081 0.100000 0.100000 1.089714 0.735413 0.712070 0.274758 0.544577 0.664005 0.710828 0.567771 0.483263 0.442821 0.522457 0.826752 0.100000 0.220678 0.155019 0.346713 0.100000 0.516168 0.245449 0.548628 0.336973 0.702452 1.006242 0.737515 0.430895 0.580328 0.457385 0.217298 0.599828 0.514767 0.892900 0.565781 0.340585 0.505232 0.100000 0.500287 0.357839 0.611902 0.100000 0.271791 0.100000 0.803026 0.754621 
0.187801 0.100000 0.353591 0.448230 0.811651 0.100000 0.357154 0.100000 0.100000 0.215405 0.752365 0.100000 1.385036 0.100000 0.887732 0.250516 0.100000 0.100000 0.100000 0.421258 0.795446 1.226238 0.669854 0.100000 0.103707 1.361805 0.151370 0.944909 0.135808 0.267064 0.100000 0.248217 0.735060 0.100000 1.038390 0.835621 0.800261 0.284684 0.237835 1.389890 0.100000 0.911953 0.820859 0.428595 0.888134 0.100000 0.100000 0.100000 0.140214 0.546431 0.853909 0.100000 0.561236 0.100000 1.023282 0.105244 0.100000 0.100000 0.100000 0.100000 0.243002 0.894987 0.640746 0.100000 0.100000 0.100000 0.100000 0.100000 0.100000 1.801829 0.100000 
0.530106 1.063141 0.100000 0.100000 1.229516 0.100000 0.100000 0.100000 0.407572 0.479753 0.440856 1.422064 0.461930 0.100000 0.330823 0.651960 0.272802 0.100000 1.326505 1.104295 0.946371 0.100000 0.100000 0.100000 0.138817 0.385638 0.100000 0.381511 0.100000 0.667362 0.476801 0.197709 0.100000 0.828753 0.766077 0.217284 0.580244 0.492911 0.447105 0.202290 0.975716 0.743113 0.100000 0.100000 0.100000 0.803906 0.100000 0.409121 0.345430 1.251358 1.746098 0.367328 1.164039 0.684077 1.189292 0.134002 0.100000 0.636350 1.215020 0.100000 0.205155 0.396272 0.599874 0.100000 0.167351 0.738803 1.076247 0.167718 0.589739 0.661469 0.671775 
0.705260 0.100000 0.100000 0.319920 0.687085 0.240027 0.466132 0.100000 0.392603 0.100000 0.100000 0.193885 0.100000 0.168591 0.511658 0.100000 0.256575 0.100000 0.163800 0.294459 0.100000 0.553743 0.100000 0.434116 0.172102 0.641267 0.100000 0.100000 0.309206 0.554660 1.029844 0.209327 0.100000 0.500865 0.818561 0.511645 0.229483 0.177994 0.168073 0.332561 0.190564 0.379098 0.227831 0.130445 0.100000 0.731022 0.396042 0.681592 0.492680 0.425389 0.618493 0.426139 0.105869 0.100000 0.482866 0.284172 0.356806 0.207112 0.478985 0.100000 0.100000 0.100000 0.133734 0.851971 0.876065 0.100000 0.266868 0.396509 0.100000 0.100000 0.784133 
0.429607 0.181281 0.945953 0.632850 0.810128 0.866350 0.426865 0.100000 0.617608 0.266564 0.903018 0.623834 0.511995 0.216613 0.559674 0.139086 0.428128 0.315966 0.712832 0.241788 0.797654 0.100000 1.094187 0.111473 0.413343 1.164833 0.153336 0.100000 0.221772 0.783815 0.954531 0.842796 0.341310 0.462791 0.916245 1.192507 0.318905 1.642308 0.254737 0.850328 1.177657 0.959836 0.304553 0.569295 0.614653 0.100000 0.533369 0.588942 0.296552 0.792146 0.822964 0.691628 0.104348 0.863150 0.100000 0.100000 0.100000 0.534073 0.523853 0.665528 0.105630 0.778201 0.627646 0.411212 0.100000 0.100000 0.100000 0.590972 0.427258 0.296221 1.122995 
0.100000 0.425675 0.623520 0.293177 0.100000 0.555113 0.118095 0.100000 0.319266 0.154181 0.336586 0.100000 0.759928 0.100000 0.551028 0.100000 0.388920 0.100000 0.506071 0.652192 0.100000 0.257805 0.331106 0.100000 0.100000 1.025540 0.312854 0.100000 0.656064 0.609522 1.040601 0.724619 0.100000 0.305203 0.975941 1.039141 0.161903 0.100000 0.245098 0.100000 0.393702 0.121949 0.231480 0.311445 0.139415 0.189774 0.100000 0.115085 0.442685 0.100000 0.755981 0.865401 0.100000 0.259144 0.785349 0.454608 0.100000 0.245471 0.507407 0.224242 0.313927 0.290089 0.597093 0.100000 0.708341 0.422231 0.100000 0.146193 0.296084 0.570986 0.285189 
0.424560 0.100000 0.100000 0.100000 0.127369 0.244104 0.511330 0.147453 0.618470 0.100000 0.285289 0.100000 0.267203 0.100000 0.868423 0.100000 0.401114 0.100000 0.697224 0.279519 0.621975 0.100462 0.414999 0.100000 0.377085 0.784237 0.100000 0.267298 0.110569 0.796037 0.630587 0.601496 0.173710 0.100000 1.042227 0.928872 0.100000 0.543102 0.324424 0.100000 0.105129 0.877401 0.100000 0.432028 0.592924 0.686453 0.100000 0.815949 0.100000 0.295300 1.459271 0.116358 0.197830 0.100000 0.475521 0.262440 0.100000 0.123007 0.691025 0.585513 0.262291 0.100000 0.343213 0.238341 0.140242 0.195501 0.775849 0.100000 0.332997 0.574540 0.100000 
0.447929 0.100000 0.400642 0.369100 0.653966 0.105825 0.184643 0.591386 0.387376 0.100000 0.693330 1.066470 0.577405 0.100000 0.950333 0.807469 0.825913 0.100000 0.100000 1.007627 0.557325 0.606949 0.374024 0.845606 0.453147 0.666926 0.254132 0.100000 0.697833 0.668689 0.191465 0.245803 0.100000 0.129371 0.874022 1.090195 0.647508 0.113855 0.100000 0.697869 0.506718 0.643548 0.100000 0.100000 0.864434 0.535466 0.322813 0.352352 0.948764 0.635072 0.705284 0.540754 0.260573 0.933909 0.136558 0.560883 0.215200 0.366952 0.476397 0.622135 0.100000 0.218347 0.561771 0.383117 0.397592 0.477451 0.287866 0.107587 0.205807 0.401457 0.802651 
0.100000 0.100000 0.347352 0.100000 0.100000 0.105670 0.467975 0.100000 0.100000 0.100000 0.571512 0.127609 0.588337 0.389990 0.366085 0.100000 0.100000 0.100000 0.100000 0.100000 0.201863 0.321174 0.340691 0.100000 0.293517 0.139088 0.598419 0.719724 0.381274 0.615653 0.625676 0.592273 0.100000 0.100000 0.781615 0.198381 0.430108 0.100000 0.100000 0.534112 0.859234 0.404954 0.100000 0.207293 0.100000 0.100000 0.155137 0.100000 0.400034 0.372608 0.593148 0.100000 0.100000 0.462742 0.875674 0.408422 0.302151 0.100000 0.618754 0.320466 0.100000 0.557381 0.100000 0.869436 0.134929 0.100000 0.100000 0.100000 0.100000 0.479564 0.100000 
0.100000 0.145084 0.750889 0.338616 0.477015 0.428863 0.114480 0.316098 0.199618 0.100000 0.139044 0.284880 1.020748 0.539434 0.540145 0.198535 0.281429 0.100000 0.100000 1.102201 0.278888 0.483153 0.860526 0.193815 0.350336 0.811360 0.100000 0.259092 0.521918 1.010562 0.950161 0.212852 0.100000 0.390137 0.567440 0.515034 0.814591 0.330179 0.221975 0.495586 0.100000 0.794692 0.367618 0.751928 0.100000 0.574633 0.441017 0.581446 0.100000 1.012793 0.669614 0.633769 0.100000 0.798989 0.582512 0.162086 0.643279 0.826907 0.388723 0.799657 0.823001 0.467076 0.100000 0.734535 0.869799 0.100000 0.772764 0.160505 0.165420 1.007364 0.620746 
0.912693 0.297144 0.550055 0.499966 0.629270 0.560695 0.616680 0.182057 0.660780 0.238189 1.037015 0.684165 0.708972 0.100000 0.666093 0.618125 0.489953 0.493974 0.616146 0.521380 0.389628 0.100000 0.511811 0.340957 0.404864 0.984820 0.100000 0.709692 0.200240 0.761542 0.460990 0.498861 0.593045 0.146656 0.814235 0.778393 0.598870 0.630215 0.606218 0.607613 0.709051 0.938509 0.397519 0.298720 0.100000 0.955108 0.277166 1.189173 0.322515 0.380990 1.094664 0.305989 0.100000 0.864434 0.249835 0.770428 0.119033 0.615680 0.732782 0.100000 0.330192 0.259229 0.436536 0.719691 1.019671 0.299180 0.237450 0.860171 0.413402 0.902042 0.100000 
0.113735 0.128903 0.371193 0.633647 1.371957 0.100000 0.342314 0.454575 0.454568 0.594061 0.583333 0.222901 1.355416 0.327063 0.287228 0.100000 0.405965 0.100000 0.864690 0.651046 0.478434 0.236683 0.900985 0.295011 0.175943 0.125054 0.100000 0.396530 1.073738 0.324491 0.191334 0.577615 0.219046 0.839431 0.534389 0.765312 0.100000 0.170307 0.189033 0.313358 0.742979 1.025235 0.100000 0.830243 0.100000 0.578823 0.707321 0.100000 0.100000 0.483699 0.769466 0.844566 0.587130 0.228648 0.902608 0.242051 0.844457 0.403305 0.977414 0.184133 0.561890 0.100000 0.426037 0.100000 0.498601 0.129472 0.100000 0.282682 0.428727 0.705474 0.642666 
