88 Number of operations
25 Number of workers
Standard production times
0.395487 0.532490 0.222502 0.307822 0.261232 0.472611 0.856732 0.348992 0.510849 0.592732 0.929213 0.391227 0.206876 0.575733 0.100000 0.623915 0.189126 0.198222 0.386496 0.383715 0.967043 0.350765 0.541102 0.253267 0.159032 0.456081 0.295062 0.100000 0.627160 0.519564 0.619080 0.716055 0.419631 0.380416 0.100000 0.410165 0.555420 0.278717 0.305743 0.100000 0.571778 0.269913 0.412373 0.663896 0.543813 0.237312 0.591981 0.366152 0.400966 0.541476 0.611755 0.607141 0.514341 0.395286 0.100000 0.249166 0.430479 0.769328 0.427803 0.599307 0.100000 0.665435 0.232499 0.665336 0.283636 0.157893 0.336602 0.575480 0.716322 0.403792 0.756102 0.159809 0.168989 0.100000 0.420959 0.465930 0.486587 0.338208 0.671367 0.487711 0.500298 0.406885 0.239311 0.920120 0.766699 0.107835 0.345230 0.236004 
Production times: workers row and ops columns
1.187432 0.232648 0.100000 0.452585 0.153081 0.366052 0.324898 0.521719 0.134334 0.282982 0.756613 0.100000 0.463504 0.526881 0.199776 0.150489 0.301326 0.100000 0.623494 0.456248 0.712671 0.327355 0.417125 0.100000 0.100000 0.391586 0.684781 0.100000 0.615596 0.348590 1.112722 0.280581 0.567916 0.100000 0.100000 0.489726 0.350349 0.100000 0.326645 0.100000 0.294984 0.179855 0.257550 0.194267 0.734197 0.354870 0.496603 0.727063 0.266945 0.533900 1.011246 0.469853 0.337082 0.618484 0.100000 0.498707 0.418630 0.452791 0.100000 0.305640 0.206961 0.511173 0.375135 0.606254 0.187069 0.628676 0.100000 0.485330 0.923516 0.355494 0.927504 0.200599 0.100000 0.100000 0.100000 0.185438 0.480319 0.356005 0.833609 0.100000 0.541209 0.435941 0.338928 0.565531 0.620007 0.100000 0.361391 0.100000 
0.588159 0.734340 0.100000 0.549118 0.342600 0.100000 0.957592 0.209664 0.100000 0.965263 0.726609 0.596887 0.263230 0.297157 0.100000 0.465267 0.319458 0.100000 0.147157 0.379918 0.825410 0.619532 0.472069 0.100000 0.100000 0.191288 0.771346 0.100000 0.601366 0.277633 0.706120 0.719620 0.100000 0.266251 0.100000 0.381951 1.187618 0.275523 0.100000 0.281891 0.632893 0.440563 0.491100 0.675184 0.257309 0.198943 0.100000 0.644104 0.333034 0.832588 0.241292 0.100000 0.230577 0.100000 0.100000 0.137611 0.100000 0.596046 0.747396 0.263440 0.100000 0.401613 0.143701 1.191623 0.100000 0.100000 0.267275 0.547193 0.438611 0.317067 0.100000 0.301537 0.100000 0.100000 0.100000 0.190619 0.154210 0.236441 0.100000 0.100000 0.100000 0.100000 0.100000 0.549555 0.772229 0.100000 0.100000 0.451019 
0.412952 0.908734 0.471683 1.123097 0.513075 0.510805 1.023673 0.517323 0.829155 0.688804 0.912855 0.324417 0.915582 0.693002 0.100000 0.402902 0.183271 0.721584 0.918592 0.754974 0.935530 0.790909 0.974282 0.100000 0.100000 0.859489 0.190977 0.100000 0.876485 0.359861 0.591631 0.619325 0.332963 0.764251 0.628624 1.081272 0.386926 0.128077 0.607879 0.100000 0.325195 0.173151 0.952988 1.465750 0.100000 0.323921 1.139425 0.484049 0.543704 1.048159 0.851985 0.511681 0.149008 0.201088 0.100000 0.675928 0.466053 1.102760 0.631056 1.040475 0.189811 1.028685 0.359214 0.925022 0.404639 0.411358 0.184268 0.895543 0.867085 0.660050 1.020760 0.275268 0.685104 0.948556 0.539068 0.388222 0.368319 0.843507 0.969805 1.142795 0.669117 0.100000 0.100000 0.927409 0.722040 0.261445 0.136757 0.100000 
0.181189 0.747399 0.100000 0.106665 0.338978 0.780326 1.077365 0.727857 0.853236 0.175077 0.238440 0.785358 0.349169 0.925148 0.236812 0.933770 0.489772 0.683798 0.582741 0.101226 1.381590 0.968326 1.333135 0.665669 0.551597 0.781721 0.946935 0.100000 0.565298 0.579054 0.366161 1.245952 0.100000 0.594014 0.100000 0.226248 0.637727 0.477558 0.225694 0.348178 0.526181 0.839119 0.395615 0.896498 0.567994 0.681008 0.563639 0.228584 0.364413 1.173710 0.484862 0.475471 0.923814 0.899848 0.100000 0.180783 0.531773 0.768725 0.243905 0.673086 0.100000 0.697625 0.100000 0.526588 0.348064 0.415205 0.436118 0.624829 1.089925 0.677532 1.102447 0.568575 0.101438 0.100000 0.186869 0.528634 0.315742 0.388851 0.740024 0.205282 0.774621 0.556490 0.100000 0.851581 0.753516 0.424171 0.226001 0.196681 
0.100000 0.376084 0.100000 0.100000 0.100000 1.518487 0.266215 0.876646 0.898056 0.207197 1.427091 1.063368 0.100000 0.667529 0.100000 1.768001 0.100000 0.100000 1.265976 0.769435 1.621638 0.100000 0.236412 0.100000 0.338733 0.100000 0.100000 0.100000 0.358981 0.447950 0.769291 0.977454 0.758764 0.230739 0.100000 0.363915 0.729582 0.100000 0.100000 0.295270 1.356538 1.523150 0.339681 0.173846 0.786060 0.100000 1.321993 0.220128 0.328282 0.356306 0.108543 0.567773 0.776203 1.475787 0.100000 0.879627 0.100000 0.195006 0.136517 1.155139 0.100000 0.607164 1.017592 0.971886 0.124002 0.100000 0.100000 1.525468 0.100000 0.517041 0.638824 0.248430 0.100000 0.100000 0.348403 0.100000 0.100000 0.697360 2.016047 0.100000 0.100000 0.100000 0.438122 0.800698 1.718795 0.152664 0.100000 0.379610 
0.889952 0.606427 0.133089 0.100000 0.790387 0.847043 0.496068 0.324576 0.156737 0.450386 1.430917 0.532391 0.148833 0.921014 0.368347 0.480653 0.100000 0.200125 0.214768 0.556893 1.035756 0.100000 0.919352 0.348099 0.336770 0.788486 0.609079 0.100000 0.746387 0.609084 0.583362 1.562575 0.948448 0.644703 0.202688 0.839336 0.227090 0.682069 0.337392 0.278089 0.472429 0.100000 0.100000 0.635946 0.609548 0.578661 1.113997 0.422149 0.493136 0.717710 0.922552 0.692795 0.100000 0.100000 0.198708 0.537341 0.100000 0.876514 0.129392 0.671899 0.180955 0.972927 0.651171 0.191456 0.100000 0.689341 0.975521 0.784825 0.931676 0.736086 0.491381 0.719773 0.100000 0.368544 0.416895 0.402112 0.100000 0.231399 0.508257 1.040091 0.100000 0.519900 0.415116 0.876418 0.809572 0.100000 0.954474 0.613179 
0.100000 0.221190 0.368003 0.703941 0.664807 0.100000 0.100000 0.898128 0.426804 0.470945 1.087470 0.100000 0.100000 1.368085 0.100000 0.475962 0.100000 0.100000 0.874005 1.270161 1.216068 0.589020 0.979613 0.102352 0.100000 0.869261 0.528445 0.917295 1.106226 0.100000 0.152994 0.100000 0.554646 0.100000 1.145018 0.100000 0.544993 0.224571 0.352594 0.100000 0.100000 0.209456 0.100000 0.100000 0.100000 0.463015 0.100000 1.414906 0.940138 0.344413 0.248714 0.852555 0.234619 0.197348 0.100000 0.100000 0.100000 0.100000 0.100000 0.498558 0.135191 0.290594 0.949658 1.278735 0.100000 0.307450 0.295633 0.207958 1.430923 0.100000 0.271026 0.100000 0.179617 0.100000 0.100000 1.527317 0.432516 0.725636 0.346210 0.684337 0.100000 0.546382 0.433652 0.981233 0.137361 0.630560 0.504473 0.537467 
0.100000 0.552028 0.100000 0.100000 0.547157 0.100000 0.100000 0.450859 0.600161 1.289512 0.450389 0.166548 0.100000 0.574782 0.100000 1.053848 0.100000 0.494701 1.120814 0.100000 0.583424 0.257197 1.375084 0.100000 1.274581 0.885585 0.359723 0.100000 0.520786 0.934098 0.329380 0.523318 0.100000 0.650728 0.100000 0.100000 0.787123 0.342053 0.758190 0.100000 0.100000 0.730557 0.404231 0.100000 0.571280 0.100000 0.100000 0.505273 0.100000 0.532035 0.382726 0.363082 1.130984 0.100000 0.813941 0.100000 0.100000 1.360603 0.856464 0.818239 0.359160 1.288314 0.100000 0.774598 0.844757 1.078252 0.107129 0.214399 0.147010 0.146223 0.256683 0.100000 0.100000 0.100000 0.100000 0.543676 0.552574 0.100000 1.434336 0.100000 1.644610 0.608644 0.635111 0.100000 2.055418 0.100000 0.314956 0.217059 
0.606883 0.101334 0.408264 0.100000 0.323971 0.195232 0.560208 0.368466 0.708688 0.729531 1.000244 0.100000 0.100000 0.428123 0.100000 1.522419 0.136496 0.398776 0.236450 0.648002 0.855211 0.134395 0.872408 0.100000 0.100000 0.263975 0.138194 0.100000 0.781197 0.844447 0.291152 0.419686 0.327307 0.637608 0.100000 0.160949 0.792601 0.100000 0.909940 0.100000 0.112898 0.274902 0.100000 0.268241 0.100000 0.230841 0.805035 0.100000 0.618270 0.669899 0.350951 0.338918 0.267564 0.395167 0.568912 0.163563 0.681880 0.244087 0.137332 0.100000 0.100000 0.378319 0.100000 0.376695 0.212166 0.241427 0.244312 0.303550 0.668871 0.387272 0.779974 0.100000 0.276392 0.100000 0.281542 0.396314 0.100000 0.100000 0.316451 0.100000 0.777195 0.290822 0.373633 0.887525 0.600288 0.100000 0.560195 0.100000 
0.625165 0.154669 0.510139 0.278214 0.100000 0.285248 0.872672 0.611907 0.397660 0.381998 0.833328 0.501410 0.288294 0.922406 0.100000 0.867532 0.273865 0.100000 0.100000 0.513547 0.605958 0.623628 0.266496 0.593565 0.268588 0.100000 0.363962 0.100000 0.853311 0.629493 0.404977 0.664400 0.531252 0.632910 0.168960 0.607008 0.630001 0.143524 0.763742 0.175184 0.860679 0.183046 0.457158 0.634159 0.188266 0.557489 0.722376 0.704520 0.908013 0.360778 0.772071 0.729975 0.324068 0.622502 0.100000 0.310539 0.744438 0.581505 0.302233 0.907335 0.100000 0.401868 0.192899 1.071970 0.801943 0.534700 0.961011 0.233070 1.054674 0.553726 1.116871 0.550293 0.363721 0.100000 0.686721 0.358864 0.687388 0.350089 0.360890 1.014837 0.457829 0.559917 0.100000 0.683633 1.085257 0.100000 0.215462 0.905334 
0.100000 1.098117 0.100000 0.418797 0.327939 0.629672 0.440301 0.879978 0.467715 0.764204 0.951731 0.285831 0.392674 1.011797 0.321320 0.586559 0.266930 0.100000 0.535003 0.100000 1.681952 0.988263 0.489349 0.191763 0.498590 0.698737 0.143375 0.233302 0.415978 0.908787 0.377546 0.740642 0.326498 0.100000 0.278722 0.528858 0.539223 0.169163 0.417308 0.380749 0.457966 0.180672 0.972907 1.052702 0.544165 0.494888 1.166212 1.045829 0.432722 0.805232 0.621550 0.662166 0.824890 0.100000 0.808598 0.122682 1.016465 0.914868 0.980979 0.620787 0.728595 0.704375 0.488724 0.886578 0.534401 0.100000 0.431650 0.651281 0.681857 0.522543 1.264111 0.100000 0.144370 0.100000 0.436835 0.758180 0.727061 0.874250 0.677496 0.356568 0.643967 0.629137 0.231357 0.927508 0.855464 0.312608 0.253383 0.456414 
0.220907 0.637082 0.238054 0.407156 0.438382 0.682881 0.578446 0.482487 0.360326 0.901463 0.981234 0.376175 0.804761 1.196125 0.100000 1.066728 0.321077 0.191278 0.100000 0.403779 1.343837 0.957781 0.699874 0.197955 0.766206 0.719334 0.664812 0.253124 0.566140 0.459547 0.660134 0.768178 0.641144 0.857776 0.395326 0.411652 0.774953 0.689822 0.659382 0.276375 0.967112 0.160888 0.836687 0.613588 0.695082 0.100000 0.448766 0.380562 0.253258 1.193636 0.391389 0.278310 0.464585 0.926181 0.491794 0.259824 0.995693 1.070373 0.555037 1.068872 0.100000 0.532722 0.121484 0.621490 0.100000 0.403620 0.395041 1.010224 0.947023 0.617956 1.167390 0.416186 0.382199 0.613413 0.256421 0.100000 0.539409 0.100000 0.266100 0.294259 0.537814 0.226745 0.230972 0.733363 0.790193 0.100000 0.208063 0.357014 
0.157493 0.100000 0.454336 0.100000 0.541435 0.781231 0.555001 0.100000 0.100000 1.036813 0.736816 0.331091 0.100000 1.015585 0.408874 0.245989 0.866270 0.100000 0.998219 0.439887 1.979816 0.100000 1.010487 0.547021 0.113264 0.100000 0.445897 0.265167 0.100000 0.610559 0.892973 0.877054 0.930148 0.373081 0.100000 0.100000 0.116777 0.960934 1.372666 0.254475 0.100000 1.215692 0.281092 0.131755 0.867712 0.100000 0.272979 0.691312 1.297362 1.006987 0.201329 0.535642 0.304105 0.509755 0.100000 0.367915 0.100000 1.092836 0.523484 0.580429 0.150933 0.961303 0.722702 0.968759 0.100000 0.356136 0.961516 0.496246 0.301093 0.796023 0.911593 0.659947 0.100000 0.100000 0.204542 1.268060 0.475462 0.319188 0.439690 0.439674 0.100000 0.102474 0.100000 1.071449 1.676410 0.561855 0.676209 0.261888 
1.070948 0.373392 0.215706 0.556316 0.461972 0.581343 1.193826 0.749073 0.928851 0.594560 0.963862 0.849698 0.852051 0.890579 0.118967 1.153671 0.100000 0.176531 0.772309 0.740101 1.177686 0.355571 0.745732 0.245411 0.361946 0.287480 0.100000 0.217977 1.013824 0.850534 0.713223 1.113743 1.163592 0.555282 0.131787 0.744589 0.918820 0.886529 0.571823 0.100000 0.642635 0.721595 0.533228 0.950226 0.737932 0.476545 0.186677 0.236290 0.100000 0.311227 0.340149 0.588430 0.916688 0.197331 0.485023 0.244407 0.736828 0.842602 0.301918 0.790620 0.127706 0.465033 0.558956 1.551729 0.276656 0.100000 0.100000 1.502905 0.887141 0.194827 0.600430 0.909477 0.199183 0.100000 0.285853 0.460085 0.668847 0.322453 1.030128 0.218935 0.457980 0.743880 0.430097 0.632172 0.699277 0.548062 0.673754 0.425277 
0.281568 0.148347 0.425838 0.631551 0.158773 0.318896 1.415573 0.100000 0.452054 1.427789 0.833022 0.689769 0.255786 1.263805 0.473151 0.603751 0.180758 0.148047 0.291739 0.100000 0.276724 0.279638 0.100000 0.912084 0.847948 0.138606 0.100000 0.803696 0.780701 0.433329 0.894167 0.420993 0.100000 0.712931 0.100000 0.100000 1.823019 0.279362 0.860707 0.100000 0.877727 0.227647 0.518246 1.632781 0.100000 0.314091 1.067783 0.100000 0.618605 0.520292 0.665959 1.255979 0.727603 0.140118 0.100000 0.100000 0.100000 0.100000 0.617950 0.336592 0.556540 0.150420 0.849130 0.725159 0.550335 0.100000 0.132846 0.762836 0.405808 0.457031 1.000118 0.100000 0.100000 0.100000 0.466445 0.797838 0.352436 0.100000 0.485166 1.395224 0.650289 0.100000 0.100000 2.039457 0.456066 0.100000 0.163138 0.497904 
0.157127 1.101040 0.651076 0.172752 0.337113 0.473641 0.992570 0.541843 0.662437 0.646195 0.849638 0.929296 0.139899 0.557961 0.226630 0.302905 0.306371 0.236104 0.982818 0.850060 1.065019 0.611740 0.264879 0.323040 0.513399 0.664631 0.327993 0.100000 0.301040 0.742044 0.381456 0.849842 0.124924 0.100000 0.309917 0.487513 0.532220 0.180866 0.100000 0.612050 0.610266 0.574444 1.119292 0.100000 0.100000 0.754403 0.219237 0.535948 0.430568 0.600550 0.463825 1.616323 0.284812 0.792161 0.415098 0.100000 0.709281 0.281096 0.462028 0.648511 0.162345 1.096400 0.100000 0.695530 0.365045 0.474301 0.508349 0.755317 0.676802 0.522455 0.664152 0.585294 0.100000 0.384223 0.850707 0.155106 0.381621 0.247229 0.576607 0.690328 0.100000 0.384405 0.951533 1.071989 0.693149 0.100000 0.100000 0.449512 
0.164664 0.139347 0.100000 0.441849 0.100000 1.250925 0.406179 0.100000 0.552838 1.112492 0.928834 0.784421 0.149149 0.534413 0.100000 1.129319 0.495453 0.293324 0.100000 0.100000 0.448936 0.100000 0.117026 0.159855 0.100000 0.282046 0.510049 0.100000 0.596658 0.454326 0.100000 1.035217 0.100000 0.872299 0.634367 0.591921 0.864889 0.102748 0.100000 0.983984 0.420520 0.952345 0.816152 0.847729 0.380476 0.100000 0.125184 0.246404 0.795558 0.377172 0.994119 0.100000 0.841084 0.183784 0.100000 0.643955 0.155665 1.074776 0.688525 0.100000 0.100000 1.042241 0.732040 0.741860 0.100000 0.134155 0.733860 0.617653 0.100000 0.100000 2.204058 0.100000 0.158546 0.100000 0.777486 0.100000 1.768974 0.862205 0.736195 1.211759 0.205895 0.247917 0.132889 0.560845 0.148762 0.100000 0.634466 0.974336 
0.199981 0.124430 0.183081 0.291532 0.313857 0.359386 0.909823 0.100000 0.281579 0.338431 0.536744 0.270242 0.287460 0.515833 0.100000 0.313820 0.100000 0.100000 0.544510 0.127818 0.886271 0.117128 0.100000 0.283102 0.100000 0.100000 0.127721 0.100000 0.331729 0.620269 0.488451 0.456277 0.547950 0.100000 0.132056 0.273961 0.700075 0.473749 0.167602 0.100000 0.751797 0.165457 0.520636 0.623744 0.736193 0.339924 0.378671 0.100000 0.282164 0.397135 0.572415 0.833364 1.079318 0.256945 0.100000 0.100000 0.374767 0.480257 0.334861 0.893986 0.103481 0.882896 0.397430 0.456033 0.652522 0.100000 0.128192 0.968272 1.301919 0.345470 0.819875 0.100000 0.234841 0.100000 0.386361 0.942355 0.579368 0.100000 0.385112 0.723613 0.734216 0.100000 0.100000 0.830782 0.423807 0.100000 0.100000 0.400820 
0.842682 0.878004 0.167586 0.785406 0.564090 0.772240 1.111270 0.100000 0.541211 0.857520 1.336872 0.829490 0.527641 0.626074 0.306732 0.418724 0.679979 0.302910 0.347030 0.100000 1.085004 0.237923 0.973448 0.538920 0.245376 0.389940 0.100000 0.150075 0.622678 0.781746 0.903383 0.870217 0.632139 0.551277 0.525742 0.901046 1.150339 0.492306 0.368828 0.144798 0.521139 0.327680 0.661750 0.537188 0.198554 0.100000 0.505137 0.956386 0.432796 0.761774 0.973880 1.012746 0.578960 0.612879 0.236276 0.100000 0.562818 1.034543 1.003020 1.221582 0.100000 1.063352 0.541467 0.894705 0.100000 0.281743 0.713650 0.992806 0.647116 0.578590 0.608123 0.100000 0.292099 0.100000 0.100000 0.951734 0.774712 0.478824 0.847932 0.394845 0.766207 0.305448 0.793379 1.565168 0.699085 0.187873 0.699453 0.663621 
1.099296 0.259079 0.203100 0.455843 0.393815 0.353771 0.707111 0.532109 0.531170 0.100000 1.408038 0.837435 0.100000 0.198322 0.100000 0.507634 0.299243 0.619796 0.768179 0.719986 1.203436 0.499423 1.017378 0.973740 0.100000 0.512702 0.556484 0.465226 0.808609 0.454163 0.663070 0.726858 0.117060 0.316251 0.432820 0.153775 0.634291 0.100000 0.286605 0.100000 0.270954 0.356754 0.409342 0.936409 0.367692 0.800186 0.482731 0.415669 0.772528 1.159424 0.816600 0.455853 0.100000 0.783000 0.100000 0.746169 0.289843 1.043255 0.603851 1.271071 0.249694 0.620655 0.288586 0.765936 0.470658 0.156128 0.692838 0.382838 1.097367 0.131505 0.617745 0.802279 0.593435 0.137770 0.100000 0.439168 0.677349 0.615917 0.225450 0.210562 0.478071 0.576922 0.414950 0.579054 0.451729 0.527090 0.187963 0.689424 
0.100000 0.393486 0.703334 0.794743 1.189189 0.100000 0.748369 0.283966 0.906003 1.237200 1.155689 0.100000 0.361228 1.069445 0.339737 1.252222 0.614282 0.436438 0.100000 0.242623 0.602557 0.916411 0.474221 0.100000 0.100000 0.100000 0.100000 0.100000 0.595173 0.100000 0.704260 0.658714 0.246412 1.182958 0.108381 0.995667 0.588787 0.167648 0.996971 0.395097 0.382155 0.100000 0.806913 0.319074 0.533219 0.549575 0.100000 0.351692 1.056916 1.202543 0.959269 0.853841 0.929619 0.734419 0.100000 0.100000 1.052761 0.383589 0.565258 0.874250 0.100000 0.757288 0.526931 0.710041 1.282070 0.100000 0.457240 1.063722 0.147033 0.686254 0.724678 0.738374 0.100000 0.236184 0.100000 0.100000 0.100000 0.469599 0.100000 0.737864 0.100000 1.007835 0.100611 0.842156 0.506054 0.890868 0.142348 0.624731 
0.246573 1.478472 0.326471 0.779934 0.126300 0.527474 1.211316 0.297288 0.745720 0.297190 0.808029 0.139996 0.282011 0.922186 0.100000 1.092534 0.643977 0.100000 0.847746 0.778057 1.144378 0.735002 0.880654 0.356108 0.805990 0.347905 0.630346 0.274031 0.815839 0.677902 0.809641 0.427746 0.608388 0.720406 0.451604 0.519030 0.249023 0.674141 0.238405 0.219799 0.300985 1.049906 0.712474 1.242686 0.617383 0.884416 1.174937 0.360394 0.650414 0.668651 0.873938 0.150415 0.276742 0.275934 0.341678 0.269803 0.121120 0.575988 0.663151 0.792733 0.100000 0.632187 0.258213 1.253338 0.942387 0.501165 0.745424 0.842906 0.720551 0.500699 1.283748 0.100000 0.422906 0.297798 0.100000 0.654775 0.485603 0.424578 0.609431 0.197370 0.440304 0.540973 0.937957 1.071624 0.645859 0.835254 0.167510 0.773176 
0.665597 0.724456 0.100000 0.488165 0.100000 0.504363 0.652790 0.471290 0.100000 0.303802 1.241143 0.868663 0.100000 1.044184 0.198589 0.682848 0.100000 0.100000 0.100000 0.205928 0.702936 0.365110 0.593241 0.152330 0.172472 0.520089 0.100000 0.121441 0.703127 0.643085 0.297287 0.788399 0.615530 0.889559 0.100000 0.194685 0.372618 0.456530 0.100000 0.100000 0.368724 0.421615 0.100000 0.301186 0.684270 0.325807 0.782273 0.383309 0.100000 0.713394 0.703751 0.242419 0.425372 0.515510 0.149117 0.100000 0.373814 0.798655 0.324997 0.203196 0.100000 0.901310 0.100000 0.176759 0.278363 0.445788 0.639957 0.374399 0.507413 0.679708 0.880773 0.157102 0.271078 0.156583 0.237393 0.100000 0.656037 0.100000 0.100000 0.711446 0.100000 0.436127 0.100000 1.560078 0.757343 0.294160 1.109173 0.100000 
0.642682 1.039909 0.100000 0.100000 0.638320 0.824846 0.683984 0.359031 0.255058 0.762952 0.775917 0.958672 0.100000 0.638050 0.100000 1.095668 0.217492 0.100000 0.454168 0.716462 1.148076 0.669375 0.119138 0.100000 0.441072 0.100000 0.140590 0.679323 0.409286 0.448625 0.723307 0.721596 0.502410 0.787279 0.175005 0.885711 0.866660 0.348540 0.793187 0.100000 0.966425 0.981966 0.133560 0.913109 0.746508 0.635662 0.965918 0.510511 0.325742 1.014177 1.065603 0.897476 0.745269 0.249768 0.272431 0.232033 0.162287 0.389122 0.753672 0.446424 0.100000 0.484716 0.100000 0.841857 0.636594 0.322651 0.276779 0.706270 0.655441 0.348519 0.752414 0.564418 0.485424 0.100000 0.100000 0.897503 0.133251 0.595092 1.253983 0.315541 0.809264 0.542814 0.167449 0.835118 0.639333 0.100000 0.111239 0.528095 
0.100000 0.919289 0.272181 0.954704 0.293988 0.251102 1.085907 0.100000 0.100000 1.335189 0.614508 0.100000 0.100000 0.100000 0.100000 0.462122 0.231410 0.687368 0.164790 0.477817 1.254355 0.388519 0.946187 0.357572 0.100000 0.726683 0.629181 0.616781 1.059395 0.100000 0.977254 0.302036 0.100000 0.538911 0.100000 0.196128 0.486152 0.547925 0.123429 1.032420 0.294341 0.227936 0.747576 0.478982 0.100000 0.100000 0.607538 0.658614 0.841297 1.003318 0.162632 0.640467 0.847284 0.115492 0.374885 0.754053 0.797378 0.544257 0.777178 0.812322 0.100000 0.100000 0.100000 1.417792 0.375971 0.100000 0.694895 0.141423 0.720887 0.131941 0.458060 0.544504 0.664861 0.112688 0.381957 0.107021 0.351516 0.316515 1.272417 0.453946 0.100000 0.821022 0.100000 0.314536 1.737795 0.171849 0.208081 0.100000 
