68 Number of operations
24 Number of workers
Standard production times
0.570413 0.314287 0.656134 0.441509 0.265404 0.478484 0.554064 0.646802 0.417185 0.100000 0.177274 0.411920 0.108547 0.540271 0.482063 0.377783 0.423546 0.223095 0.511545 0.534713 0.202600 0.585193 0.406447 0.459806 0.673949 0.419267 0.231110 0.237832 0.814598 0.487512 0.270824 0.623899 0.626860 0.100000 0.556770 0.113685 0.100000 0.360678 0.145214 0.248178 0.303471 0.393635 0.373817 0.539484 0.344940 0.100000 0.256534 0.727191 0.681275 0.159684 0.416850 0.128270 0.424186 1.019132 0.577642 0.501283 0.594024 0.448942 0.210647 0.381596 0.492138 0.421191 0.177056 0.377214 0.248891 0.512449 0.301579 0.529127 
Production times: workers row and ops columns
0.826978 0.935039 0.727240 0.832954 0.861329 0.337457 0.749945 1.126668 0.620045 0.173506 0.239514 0.160988 0.633974 0.704165 0.499135 0.396385 0.276378 0.100000 0.708844 1.335242 0.577338 0.737065 0.879445 0.437889 0.976770 0.700988 0.100000 0.200395 1.306363 0.913301 0.690622 0.572082 0.308650 0.100000 0.561993 0.469982 0.229232 0.493544 0.100000 0.506373 0.687781 0.692687 0.900656 0.583299 0.333505 0.227779 0.777034 0.702908 0.510391 0.127376 0.761265 0.100000 0.184452 1.185958 1.074804 0.707429 0.356804 0.315970 0.100000 0.312742 0.415884 0.697246 0.103844 0.667545 0.328658 0.890261 0.390856 0.616282 
0.100000 0.500333 0.396939 0.110489 1.199545 0.139909 0.100000 0.296997 0.438490 1.451567 0.592856 0.736971 0.609103 0.169018 0.122882 0.100000 1.136072 0.100000 0.389908 0.100000 0.100000 0.191613 0.831948 1.204776 0.707324 0.100000 0.752664 0.688869 0.100000 0.100000 0.900374 0.686362 0.100000 0.100000 0.401238 0.100000 0.100000 0.363681 0.100000 0.801575 0.100000 0.136152 0.100000 0.452976 0.861577 0.692114 0.100000 0.965702 0.672587 0.756537 1.337047 0.801061 0.100000 1.414934 0.623028 0.191890 0.868484 0.100000 0.562476 0.100000 0.451287 0.100000 0.535664 0.100000 0.556927 0.100000 0.100000 0.591150 
0.243790 0.100000 1.118266 0.783183 0.557035 0.802516 0.352904 0.602840 0.947968 0.198452 0.100000 0.482998 0.100000 0.533645 0.100000 0.100000 0.100000 0.403454 0.127878 1.012554 0.100000 0.277957 0.605651 0.100000 0.319730 0.457097 0.486930 0.100000 0.535530 0.984051 0.677085 0.780794 0.809094 0.100000 0.700541 0.255165 0.100000 0.163652 0.100000 0.933382 0.100000 0.288256 0.243362 0.350690 0.100000 0.100000 0.100000 0.686636 0.647568 0.107619 0.100000 0.100000 0.504541 0.919511 0.316777 0.522919 0.276249 0.395213 0.374906 0.465287 0.499035 0.462040 0.100000 0.487643 0.244029 0.798079 0.151795 0.400163 
0.537301 0.121685 0.546929 0.729923 0.573129 0.470146 0.977514 0.334052 0.282341 0.100000 0.100000 0.715994 0.218074 0.100000 0.341053 0.100000 0.546259 0.100000 0.590251 0.471509 0.100000 0.679844 0.500199 0.429881 0.100000 0.596840 0.100000 0.452962 1.144672 0.350955 0.183223 0.913430 0.559625 0.184311 0.225463 0.100000 0.375202 0.155435 0.100000 0.434763 0.325771 0.218859 0.544418 0.825016 0.100000 0.100000 0.100000 0.364504 1.191789 0.100000 0.493581 0.100000 0.100000 1.098141 0.838827 0.380880 1.090138 0.750285 0.294819 0.375021 0.322321 0.909361 0.381517 0.100000 0.338655 0.100000 0.253133 0.682180 
0.460961 0.144360 1.173874 0.159543 0.100000 0.459851 0.146249 0.864454 0.567431 0.100000 0.100000 0.579039 0.100000 0.810752 0.641598 0.802359 0.100000 0.100000 0.590757 0.482876 0.129123 0.351656 0.382715 0.731273 0.100000 0.509267 0.336665 1.134648 1.351228 1.018566 0.238191 0.217427 1.016756 0.100000 0.592662 0.207185 0.100000 0.876475 0.100000 0.569131 0.358448 0.117055 0.531239 0.951662 0.646386 0.354040 0.728902 0.341835 0.740669 0.100000 0.101965 0.448332 0.773557 1.124121 1.384751 0.891178 0.879635 0.339818 0.100000 0.594174 0.242411 0.234126 0.472523 0.600502 0.100000 0.658984 0.100000 0.809670 
0.623524 0.389038 0.718462 1.077458 0.148901 0.747326 0.383410 0.424730 0.637082 0.379826 0.801286 0.356259 0.179158 0.991777 1.062775 0.550781 1.120980 0.100000 0.142324 0.393028 0.100000 0.740405 0.528374 0.797143 1.511066 0.397847 0.100000 0.609692 1.098170 0.353687 0.100000 0.862141 0.759061 0.350157 0.318189 0.376958 0.239401 0.975397 0.100000 0.100000 0.347626 0.970799 0.955185 0.464313 0.138484 0.472424 0.100000 1.293480 0.588340 0.856733 0.901571 0.688653 0.634192 1.345252 0.414269 0.657550 0.747024 0.673568 0.258064 1.104195 1.031689 0.591614 0.545114 0.100000 0.100000 0.486409 0.311814 0.314525 
0.510852 0.452022 0.943196 0.296316 0.100000 0.513932 0.626553 0.948042 0.110979 0.100000 0.100000 0.489535 0.100000 0.461294 0.100000 0.736740 0.143026 0.100000 0.508871 0.568875 0.100000 0.759752 0.492989 0.620412 1.121532 0.369884 0.357359 0.388640 0.462602 0.348617 0.100000 0.967610 0.318361 0.100000 0.474766 0.100000 0.502390 0.498152 0.100000 0.100000 0.707536 0.478990 0.100000 0.159218 0.100000 0.100000 0.620488 0.412952 0.158449 0.460601 0.623536 0.100000 0.488174 1.216834 0.492315 0.603310 0.910624 0.138860 0.100000 0.185890 0.138225 0.460159 0.100000 0.100000 0.219607 0.144069 0.100000 0.768006 
0.875564 0.100000 0.900092 0.857098 0.100000 0.736465 0.587892 0.525819 0.790029 0.100000 0.559519 0.456256 0.100000 0.689849 0.563958 0.680250 0.444970 0.301385 0.252632 0.434293 0.507626 0.471386 0.528325 0.612322 0.526269 0.343359 0.167235 0.212327 0.920147 1.121177 0.609225 0.968217 0.533117 0.100000 0.573224 0.696088 0.100000 0.210899 0.219200 0.100000 0.125434 0.202220 0.446842 0.355683 0.106041 0.215716 0.303796 1.009249 1.120557 0.546243 0.716682 0.253203 0.377555 1.484951 0.814220 0.457958 0.359775 0.789489 0.100000 0.600148 0.738376 0.326689 0.357361 0.435916 0.821838 0.486881 0.504623 0.840709 
0.200907 0.674380 0.254851 0.478982 0.330600 0.465293 0.709957 0.470446 0.302996 0.114523 0.100000 0.498390 0.100000 0.639235 0.595792 0.100000 0.100000 0.100000 0.588167 0.478127 0.100000 0.462576 0.486129 0.100000 0.535678 0.514078 0.100000 0.416459 0.592628 0.100000 0.100000 0.694982 0.820218 0.100000 0.424281 0.472799 0.100000 0.100000 0.116185 0.438394 0.338997 0.100000 0.260828 0.870650 0.100000 0.100000 0.188680 1.127324 0.326798 0.100000 0.323624 0.183162 0.363739 0.135860 0.760242 0.100000 0.804894 0.877728 0.157168 0.137573 0.805002 0.266600 0.100000 0.361179 0.100000 0.481841 0.711386 0.763743 
0.720786 0.100000 0.783684 0.105097 0.176075 0.100000 0.724698 0.997412 0.352750 0.100000 0.100000 0.100000 0.101380 0.100000 0.830319 0.153365 0.628210 0.100000 0.623013 0.474042 0.419197 0.100000 0.289475 0.100000 0.567828 0.381706 0.203261 0.185368 1.081779 0.439921 0.228909 0.100000 0.310544 0.188167 0.100000 0.100000 0.100000 0.538990 0.312219 0.100000 0.100000 0.100000 0.100000 0.741535 0.281384 0.100000 0.114976 0.531709 0.432734 0.100000 0.452673 0.100000 0.100000 1.248580 0.750548 0.419904 0.253232 0.100000 0.619836 0.100000 0.495512 0.160714 0.100000 0.483923 0.339609 0.529916 0.294106 0.522475 
0.481760 0.901207 1.102923 0.849164 0.469233 0.615932 0.390083 0.591689 0.177645 0.463897 0.100000 0.665756 0.100000 0.553910 0.987753 0.835752 1.001857 0.427474 0.528892 0.408066 0.675088 0.733534 0.527197 0.456454 0.732126 0.755461 0.100000 0.334234 0.271655 0.100000 0.342781 0.210958 0.580436 0.235933 0.425339 0.500960 0.414035 0.436958 0.527949 0.555867 0.568596 0.590315 0.735257 0.312180 0.424862 0.301546 0.376565 0.693700 0.790230 0.214378 0.907715 0.100000 0.193298 1.661903 0.913662 0.517063 0.522756 1.347033 0.926337 0.460051 0.595949 0.625223 0.335713 0.210359 0.139615 0.827380 0.743692 0.483943 
0.388080 0.379212 0.746709 0.379982 0.425207 0.264689 0.323490 1.200594 1.157276 0.437031 0.284416 0.707529 0.859359 0.560671 0.543621 0.668205 1.302966 0.878636 0.278611 0.609842 0.574654 0.597732 0.838348 0.350424 0.658939 0.140640 0.506560 0.465667 1.100200 0.852820 0.611973 0.923320 0.112777 0.100000 0.112905 0.100000 0.536008 0.449975 0.368567 0.117966 1.019994 0.877908 0.456312 0.729345 0.558008 0.103094 0.291480 0.642255 0.809496 0.100000 0.429868 0.100000 0.148521 0.881613 1.028647 0.806244 0.403483 0.615192 0.646450 0.755958 0.447533 0.384148 0.148518 0.296728 0.547624 0.812469 0.100000 0.869436 
0.240103 0.241884 0.896198 0.420972 0.280905 0.792215 0.698559 0.100000 0.120874 0.100000 0.100000 0.100000 0.100000 0.166630 0.100000 0.474286 0.100000 0.378698 0.204680 0.707467 0.838592 0.562163 0.554513 0.576454 0.600412 0.292382 0.787111 0.100000 0.812468 0.186727 0.100000 0.264913 0.756833 0.100000 0.460572 0.100000 0.100000 0.100000 0.100000 0.100000 0.192437 0.676741 0.259476 0.503890 0.586412 0.395811 0.274832 0.793274 0.973529 0.100000 0.218948 0.100000 0.102504 1.263362 0.270342 0.691065 0.389116 0.597518 0.218340 0.148306 0.145966 0.254438 0.174510 0.100000 0.464713 0.790196 0.155791 0.522874 
0.822335 0.548646 0.626488 0.267483 0.507978 0.403115 1.189449 0.753773 0.194986 0.686189 0.114420 0.261880 0.100000 0.592095 1.188312 0.424527 0.599027 0.488399 0.533795 0.461257 0.151489 0.155507 0.362716 0.364869 0.793094 0.572826 0.100000 0.100000 0.754033 1.077293 0.610611 0.685728 0.165361 0.279697 0.231111 0.100000 0.347962 0.669634 0.100000 1.071256 0.508092 0.381803 0.290506 0.491083 0.100000 0.100000 0.261668 0.563230 0.990594 0.440050 0.289535 0.709054 0.582120 0.827224 0.871962 0.265765 0.717858 0.100000 0.282445 0.336621 0.482023 0.766623 0.178072 0.822937 0.374988 0.398937 0.349212 0.229697 
0.100057 0.413209 0.599595 0.427206 0.100000 0.100000 0.668714 0.777597 0.127498 0.100000 0.229611 0.107705 0.312100 0.581766 0.630632 0.712267 0.394964 0.100000 0.239733 0.519154 0.100000 0.910354 0.391432 1.005629 0.422649 0.341813 0.100000 0.100000 0.765644 0.891099 0.114558 0.173440 1.082039 0.108943 0.689780 0.480249 0.100000 0.380500 0.100000 0.208794 0.100000 0.222478 0.461836 0.286615 0.100000 0.100000 0.100000 0.555255 0.771420 0.100000 1.031028 0.407060 0.831463 1.262897 0.648714 0.434750 0.214690 0.678140 0.100000 0.437355 0.596451 0.617908 0.100000 0.310477 0.100000 0.100000 0.330019 0.249487 
1.045396 0.100000 0.305777 0.100000 0.993237 1.232977 0.100000 0.100000 0.666903 0.788348 0.100000 0.100000 0.281772 0.555159 0.936489 0.999975 0.133220 0.346573 0.546992 0.848034 0.808408 0.792645 0.682345 0.822781 0.679740 1.062837 0.299972 0.676360 0.680214 0.100000 0.915449 0.233737 0.100000 0.100000 0.337603 0.755231 0.100000 1.416085 0.352894 0.100000 0.445361 0.380826 0.774586 1.077024 0.129318 0.100000 0.553241 0.303389 0.503328 0.586686 0.692084 0.289440 0.100000 1.077212 0.100000 1.351114 0.100000 0.869671 0.100000 0.353417 0.686859 0.340509 0.903831 0.607363 0.354907 0.810730 0.968650 0.100000 
0.929788 0.131784 0.161689 0.549413 0.795464 0.890852 0.715842 0.922200 0.595055 0.100000 0.398881 0.100000 0.632155 0.301640 0.100000 0.100000 0.376453 0.177410 0.100000 0.128595 0.100000 0.820270 1.111076 0.508785 0.225924 0.100000 0.100000 0.100000 0.100000 1.227498 0.407625 0.100000 1.178247 0.100000 0.761618 0.100000 0.308556 0.520118 0.542124 0.296512 0.171139 0.975205 0.100000 0.992788 0.100000 0.100000 0.680090 0.801690 0.492103 0.100000 1.373650 0.596129 0.659510 1.582181 0.100000 0.777871 0.241706 1.327544 0.458955 0.459886 0.905599 0.100000 0.100000 1.128285 0.100000 0.284613 0.446438 0.155602 
0.778152 0.447407 0.823223 0.100000 0.584267 0.190987 0.623019 0.452275 1.062056 0.100000 0.718224 0.497844 0.260588 0.406787 0.202203 0.573771 0.301488 0.360436 0.810654 0.597316 0.188421 0.941261 0.688032 0.100000 1.146378 0.100899 0.537839 0.846040 0.938379 0.847765 0.518843 0.530171 0.880206 0.123324 0.739633 0.115641 0.100000 0.480838 0.514710 0.100000 0.535542 0.617367 1.212543 0.491606 0.447952 0.100000 0.108609 0.941082 0.949123 0.100000 0.688082 0.100000 0.595607 0.849979 0.496345 0.855046 0.676056 0.615900 0.280596 0.334153 0.897195 0.375141 0.160819 1.123198 0.699347 0.512484 0.154875 0.941045 
0.748166 0.531128 0.661238 0.100000 0.100000 0.108840 0.100000 0.605310 0.100000 0.373110 0.298942 0.609209 0.100000 0.100000 0.265106 0.603728 0.533761 0.460501 0.100000 0.873222 0.100000 0.366960 0.562680 0.366419 0.623983 0.100000 0.100000 0.117584 0.449583 0.444641 0.100000 0.100000 0.966550 0.685536 0.252931 0.100000 0.100000 0.100000 0.117600 0.100000 0.479989 0.100000 0.938923 0.128198 0.100000 0.374625 0.100000 0.716501 0.100000 0.100000 0.381064 0.100000 0.100000 1.023777 0.286312 0.410515 0.798372 0.173695 0.499304 0.100000 0.408459 0.368971 0.100000 0.100000 0.100000 0.393383 0.290143 0.601653 
0.100000 0.100000 1.186476 0.285635 0.666644 0.443402 0.712924 0.316206 0.100000 0.100000 0.428801 1.044260 0.100000 0.464300 0.100000 0.357306 0.100000 0.454226 0.408023 0.874237 0.100000 0.684504 0.621654 0.235319 0.163245 0.277896 0.100000 0.549505 0.963468 0.100000 0.271183 0.675542 1.044468 0.656995 0.267031 0.100000 0.100000 0.100000 0.424896 0.100000 0.100000 0.100000 0.383684 0.534775 0.276637 0.241048 0.100000 0.800369 0.369510 0.100000 0.471213 0.120826 0.130205 0.701594 0.184858 0.416301 0.708882 0.233366 0.268587 0.386394 0.531051 0.316408 0.100000 0.461370 0.200150 0.199104 0.323304 0.693624 
1.002294 0.661813 0.390786 0.449510 0.342904 0.100000 1.004171 0.100000 0.258136 0.100000 0.660378 0.100000 0.100000 0.342516 0.701594 0.722879 0.100000 0.982929 0.593081 0.480690 0.100000 1.244789 0.473447 1.060995 0.734928 1.079091 0.100000 1.221362 0.200633 1.018420 0.624233 1.399239 0.695128 0.265426 0.297415 0.100000 0.789348 0.141470 0.100000 0.100000 0.588778 0.974434 0.694739 0.709260 0.774473 0.412378 0.793917 0.174501 0.200599 0.100000 0.100000 0.480533 0.100000 0.820218 1.645580 0.100000 0.100000 0.226705 0.564275 0.798955 0.784779 0.283098 0.549411 0.100000 0.488057 0.882107 0.759420 0.803566 
0.557449 0.214220 0.971826 0.204393 0.784498 0.100000 0.550136 1.240027 0.700444 0.100000 0.501810 0.296424 0.100000 0.673912 0.582821 0.707412 0.299671 0.435403 0.894996 0.914847 0.409798 0.753745 0.377213 0.705031 0.943905 0.730203 0.100000 0.952482 1.055325 0.735720 0.321280 0.533097 0.481124 0.100000 0.372180 0.396597 0.100000 0.270587 0.320550 0.100000 0.722779 0.100000 0.657032 0.693760 0.547038 0.100000 0.100000 1.011316 0.738722 0.100000 0.557772 0.100000 0.690400 1.130398 0.455786 0.127045 0.100000 0.350728 0.113492 0.100000 0.741099 0.632307 0.544551 0.666443 0.218536 0.650550 0.361397 1.145144 
0.507622 0.100000 0.739493 0.498787 0.131192 0.326702 0.106377 0.591176 0.614377 0.100000 0.100000 0.257673 0.425466 0.262616 0.240115 0.142308 0.437362 0.100000 0.420611 0.399035 0.338914 0.794923 0.348866 0.493504 0.326159 0.243067 0.100000 0.100000 0.875815 0.100000 0.655567 0.654365 0.857302 0.673058 0.345967 0.100000 0.495355 0.100000 0.433433 0.262745 0.100000 0.100000 0.878066 0.186616 0.100000 0.100000 0.100000 0.638549 0.456374 0.519127 0.289969 0.100000 0.100000 0.731591 0.654604 0.706211 0.397896 0.123409 0.100000 0.100000 0.417522 0.100000 0.188632 0.272479 0.337155 0.100000 0.119055 0.563771 
0.783029 0.100000 0.100000 1.249579 0.763292 0.100000 0.563109 0.249638 0.750858 0.100000 0.100000 0.497021 0.147515 0.891089 0.100000 0.273095 1.031820 0.435378 0.952408 0.424534 0.100000 1.355270 0.972606 0.403498 0.119787 0.100000 0.176790 0.100000 0.574861 0.142552 0.970559 0.683447 0.480624 1.243098 0.100000 0.122494 0.442891 0.853865 0.740039 0.294819 1.015693 0.100000 0.100000 0.330025 0.100000 0.549478 0.100000 0.777434 0.679025 0.100000 0.405893 0.650442 0.200575 0.806091 1.006664 0.619704 0.409795 0.100000 0.100000 0.100000 0.628340 1.415559 0.611839 0.590370 0.100000 0.878415 0.100000 0.303209 
