24 Number of operations 
12 Number of workers 
Standard production times 
0.415283 0.437981 0.448010 0.660233 0.561221 0.606308 0.567088 0.287199 0.244669 0.407927 0.254359 0.341707 0.737506 0.288043 0.453764 0.637389 0.180651 0.519927 0.604265 0.247212 0.602196 0.234735 0.762665 0.337543 
Production times: workers row and ops columns 
0.290478 0.174964 0.330557 0.063703 1.118730 1.115418 0.100000 0.892510 0.213553 0.100000 0.771574 0.910729 0.528580 0.424709 1.634578 0.731197 0.100000 0.108666 0.363452 0.100000 1.131206 0.211434 0.005006 0.100000 
0.655408 0.392674 0.577906 1.714003 1.199314 0.235908 1.650304 0.079797 0.616083 0.792747 0.100000 0.408696 0.439771 1.250131 0.100000 0.354499 0.100000 0.100000 0.783109 0.100000 0.243429 0.509662 0.775249 0.336820 
0.811742 0.557306 0.727168 1.063148 0.479711 0.349901 0.481086 0.136155 0.100000 0.197696 0.105939 0.100000 1.235020 0.100000 0.883804 0.100000 0.575901 1.874293 1.089582 0.100039 0.116426 0.988047 1.670198 1.553941 
0.406316 0.100000 0.498805 1.274663 0.100000 0.878376 0.360285 0.507334 0.100000 1.158687 0.420088 0.137613 0.073573 0.100000 0.803847 0.989148 0.996291 0.242807 0.646283 0.100000 0.100000 0.100000 1.007558 0.498627 
0.544246 1.326947 0.874787 0.100000 1.249964 0.728547 0.544491 0.900652 0.100000 1.250012 0.288004 0.207879 0.175534 0.460510 0.349233 0.391047 0.100000 0.655116 0.108243 0.361399 1.130614 0.100000 0.100000 0.292808 
0.100000 0.716493 0.380108 1.153189 0.048914 0.267198 0.586131 0.247897 0.100000 0.163023 0.749635 0.847039 0.905921 0.186134 0.100000 1.235261 0.100000 0.211366 0.211656 0.399097 0.317557 0.035776 0.593186 0.644028 
0.787315 0.400835 0.662410 0.704652 1.473961 0.857454 0.735344 0.169170 0.820377 0.965858 0.684163 0.675224 0.100000 0.017352 0.215183 1.288978 1.283015 0.679967 0.100000 0.025322 0.100000 0.135951 0.792255 0.175715 
0.460629 0.231028 0.901009 0.125428 1.606774 1.419459 0.565117 0.959718 0.345687 0.768107 0.543708 0.597912 1.797893 0.664064 1.016635 1.265977 0.696866 1.079058 0.447241 0.409848 0.561862 0.650593 1.242970 0.532258 
0.046066 0.070924 0.983832 0.100000 0.100000 1.206995 0.283649 0.591302 0.600770 0.473615 0.121720 0.083565 0.454682 0.447173 0.100000 0.330962 0.100000 0.187716 0.502698 0.554822 0.186321 0.540816 0.872428 0.100000 
0.443404 0.004771 1.823778 1.023041 1.157691 0.705683 1.496293 0.100000 0.100000 0.195454 0.100000 0.663894 1.449372 0.100000 0.584393 0.450332 0.100000 0.194670 1.212044 0.546518 0.831864 0.622537 1.200756 0.100000 
0.719262 0.100000 0.100000 0.381804 0.996980 0.613293 1.232340 0.244724 0.100000 1.300024 0.100000 0.100000 0.776040 0.100000 0.256207 0.791927 0.837689 0.934907 0.290548 0.085049 0.959344 0.100000 0.768755 0.100000 
0.534267 0.724991 0.100000 1.482713 0.100000 0.100000 0.887034 1.419177 0.100000 0.639786 0.155396 0.563377 1.138034 0.100000 0.109311 0.104766 0.826294 0.753353 0.732956 0.771227 0.100000 0.292251 1.571277 0.100000 
