22 Number of operations 
12 Number of workers 
Standard production times 
0.174092 0.549000 0.192738 0.498229 0.399633 0.379914 0.319987 0.187876 0.708567 0.364968 0.443400 0.368592 0.100000 0.100000 0.465879 0.538258 0.226726 0.377047 0.672459 0.148444 0.441774 0.404618 
Production times: workers row and ops columns 
0.100000 0.100000 0.159637 0.100000 0.475557 0.100000 0.100000 0.052891 1.022154 0.172874 0.852571 1.253704 0.100000 0.100000 1.084939 0.100000 0.654207 0.083339 0.303057 0.392438 0.579818 0.282922 
0.681017 0.921445 0.100000 0.100000 0.234958 1.154754 0.881957 0.299852 0.815340 0.100000 0.123717 0.270552 0.140922 0.100000 0.856412 0.163405 0.100000 0.916517 0.450528 0.100000 0.784032 0.309699 
0.479874 0.415929 0.202257 0.855919 0.100000 0.325439 0.055654 0.100000 0.100000 0.100000 0.100000 0.133654 0.426205 0.792028 0.479894 0.490833 0.100000 1.367411 0.730756 0.184453 0.100000 0.100000 
1.356013 0.508516 0.100000 0.298064 0.100000 0.470835 0.553479 0.376915 0.060211 0.902210 0.431869 0.100000 0.100000 0.437143 1.176887 1.032146 0.684244 0.694693 0.279549 0.373756 0.417711 0.794478 
0.100000 0.187720 0.100000 1.143853 0.128881 0.100000 0.095437 0.100000 0.249906 0.523340 1.084927 0.737069 0.100000 0.332462 0.100000 0.729800 0.058476 1.098815 1.101222 0.100000 0.534776 0.877875 
0.100000 0.397256 1.172630 0.158796 0.861172 0.687660 0.276118 0.124779 0.931829 0.925683 0.100000 1.424689 0.268133 0.100000 0.481239 0.435565 0.135129 0.930025 0.933906 1.069163 0.871749 0.212811 
0.100000 0.696008 0.410785 0.715739 0.100000 1.304495 0.662335 0.181543 1.039670 0.434978 0.265062 1.007795 0.639074 0.100000 0.100000 1.479921 0.160522 0.800879 0.369168 0.598830 0.547373 0.100000 
0.206755 0.100000 0.266973 0.885813 1.095551 1.099465 0.924301 0.004511 0.538005 1.156714 0.673880 0.952651 0.186047 0.217832 0.649818 0.532978 0.100000 0.041627 0.458862 0.100000 0.504122 0.090758 
0.300360 1.718016 0.100000 0.753921 0.365830 0.928229 0.308460 0.140661 0.100000 0.893933 0.100000 0.100000 0.167390 0.100000 0.378610 1.555699 0.232072 0.799384 0.557315 0.830221 0.100000 0.100000 
0.100000 0.578998 0.336843 0.921026 0.984921 0.673310 0.100000 0.309687 0.616031 0.100000 1.105023 0.833184 0.100000 0.840532 0.907604 0.074561 0.100000 0.939114 0.469507 0.062402 0.565150 0.602252 
0.100000 0.100000 0.560099 0.100000 0.032738 0.257542 0.100000 0.749133 0.937335 0.737316 0.182915 0.619318 0.100000 0.100000 1.161394 1.426555 0.268237 0.194537 1.030422 0.100000 0.977087 0.226670 
0.650209 0.100000 0.702881 0.621078 0.839388 1.075891 0.406396 0.100000 0.777930 0.008804 0.693551 0.100000 0.411481 0.100000 1.046488 1.125648 0.340508 0.634319 0.879962 0.100000 0.100000 0.100000 
