18 Number of operations 
15 Number of workers 
Standard production times 
0.472126 0.263270 0.514696 0.417308 0.446396 0.499959 0.351004 0.217305 0.100000 0.431163 0.292026 0.100000 0.327930 0.245524 0.496960 0.405126 0.459846 0.667692 
Production times: workers row and ops columns 
0.101761 0.100000 1.030025 1.192907 1.343570 0.074717 0.700986 0.100000 0.100000 0.100000 0.223219 0.491118 0.399909 0.100000 0.625709 0.100000 0.623331 0.729007 
0.150245 0.100000 0.010846 0.643164 0.247954 0.592157 0.099868 0.350448 0.327692 0.732604 0.100000 0.100000 0.134537 0.711085 0.439137 0.100000 0.493034 1.162837 
0.774930 0.544701 1.095853 0.475396 1.188059 1.002391 0.531580 0.101461 0.584142 0.593474 0.100000 0.100000 0.565871 0.058715 0.100000 0.100000 0.050230 0.198323 
0.138038 0.100000 0.086294 0.006229 0.212502 0.481080 0.678003 0.240173 0.334850 1.141873 0.210959 0.459385 0.797527 0.685469 0.100000 0.033287 0.472953 0.271869 
1.348718 0.100000 0.524682 0.100000 0.911344 0.278983 0.236762 0.026484 0.100000 0.619787 0.100000 0.100000 0.052493 0.284086 0.100000 1.128576 0.884528 0.512017 
0.629924 0.381018 0.215498 0.283888 0.044832 0.217459 0.834106 0.100000 0.026274 0.100000 0.982772 0.100000 0.100000 0.100000 0.514078 0.100000 0.521845 0.100000 
0.019357 0.999262 1.190815 0.100000 0.337964 0.420789 0.329452 0.100000 0.308137 1.543425 0.100000 0.732944 0.097410 0.582337 0.667143 0.392618 1.385547 1.057218 
0.779876 0.189239 0.488729 0.053613 0.811445 0.570348 0.834868 0.100000 1.178805 0.615630 0.359862 0.061272 0.100000 0.779895 0.561360 0.188755 0.708810 0.761552 
0.425470 0.193876 0.200694 0.376860 0.106189 0.470200 0.100000 0.496777 0.100000 0.349745 0.229885 0.100000 0.705689 0.100000 0.651225 0.112597 0.166433 0.314521 
1.182543 0.373756 0.542553 0.541097 0.477626 0.510285 0.424842 0.980861 0.100000 0.532220 0.070389 0.214681 0.100000 0.160236 0.608504 0.100000 0.980897 0.536965 
0.375149 1.006544 0.095703 0.765280 0.100000 0.119548 0.561815 0.169505 0.267742 0.693222 0.100000 0.047414 0.100000 0.508647 0.052097 1.279263 0.472864 2.262730 
0.236089 0.100000 0.800985 1.391075 0.100000 0.966637 0.529313 1.084810 0.100000 0.835863 0.557109 1.028276 0.593794 0.567733 0.601630 0.007280 0.423835 0.813931 
0.135304 0.582051 0.904795 0.552551 1.107371 0.411078 0.100000 0.100000 0.100000 0.474039 0.030511 0.100000 0.415324 0.100000 0.100000 0.423022 0.100000 0.334550 
0.329666 0.866343 0.100000 0.970172 0.547078 0.119724 0.280659 0.100000 1.050242 0.100000 0.100000 0.100000 0.430204 0.359755 0.187649 1.372539 0.100000 0.060314 
0.376823 0.873666 0.295577 0.199909 0.100000 0.444641 0.100000 0.105733 0.408477 0.351027 0.051454 0.616219 0.616346 0.436094 0.100000 0.063277 0.100000 0.234380 
