20 Number of operations 
15 Number of workers 
Standard production times 
0.353320 0.403221 0.467587 0.288713 0.334641 0.216659 0.127090 0.100000 0.100000 0.192421 0.294716 0.100000 0.385118 0.205252 0.516897 0.359478 0.484544 0.591710 0.329346 0.372986 
Production times: workers row and ops columns 
1.427720 0.028354 0.708156 0.109701 0.969516 0.496819 0.100000 0.100000 0.100000 0.336083 0.452982 0.100000 0.100000 0.601340 0.266957 0.635277 1.029996 1.276732 1.167713 0.700270 
0.287558 0.100000 0.100000 0.527969 0.047731 0.043359 0.100000 0.100000 0.100000 0.372889 0.100000 0.524525 0.663396 0.100000 0.608864 0.100000 0.121389 0.342795 0.716450 0.317284 
1.303855 0.072677 1.019332 0.404794 0.406490 0.100000 0.100000 0.549771 0.100000 0.327410 0.790081 0.100000 0.100000 0.100000 0.017000 0.826628 0.100000 0.100000 0.751795 0.506018 
0.100000 0.254476 0.934679 0.988388 0.295585 0.645231 0.100000 0.167233 0.100000 0.006133 0.528349 0.100000 0.100000 0.143823 0.513853 0.378542 0.638753 0.100000 1.316896 0.457079 
0.739327 0.185502 0.089664 0.277918 0.611206 0.100000 0.468048 0.418342 0.438324 0.100000 0.100000 0.118018 0.100000 0.592998 0.596713 1.045990 0.623093 0.237880 0.100000 0.982415 
0.627939 0.667143 0.545386 0.250502 0.157498 0.378314 0.661605 0.100000 0.084087 0.100000 0.100000 0.164984 0.042675 0.069719 0.100000 1.426115 0.100000 0.100000 0.113762 1.435882 
1.066174 0.100000 1.022541 0.416258 0.437218 0.983007 0.314868 0.497723 0.100000 0.209943 0.100000 1.159409 0.028709 0.092015 0.496661 1.091929 0.227845 1.042367 0.511581 1.389710 
0.100000 0.672603 0.934896 0.100000 0.571103 0.585470 0.100000 0.256888 0.283957 0.100000 0.100000 0.692911 0.263536 0.683909 0.179666 0.730171 0.052352 1.594953 1.349149 0.100000 
0.534135 0.126192 1.149598 0.100000 0.967363 0.100000 0.100000 0.102671 0.207582 0.398617 0.335587 0.100000 0.100000 0.100000 0.232230 0.558696 0.915899 1.064937 0.789664 0.376650 
0.814722 0.868742 0.657686 0.217557 0.128990 1.043291 0.100000 0.595632 0.435310 0.100000 0.845207 0.100000 0.022067 1.173298 1.204720 0.100000 0.145112 0.570469 0.100000 0.100000 
0.314421 0.382118 0.648349 1.205783 1.048985 0.327958 0.076747 0.100000 0.100000 0.509204 0.511333 0.335050 0.421003 0.100000 0.989916 0.169976 0.100000 1.156767 0.281455 1.212190 
0.225245 0.998952 0.084571 0.129768 0.160447 0.100000 0.540924 0.100000 1.000436 0.466921 0.100000 0.042011 0.171304 0.073924 0.245128 0.122127 0.431548 1.099220 1.213269 0.312461 
0.643867 0.500454 0.872798 0.400946 0.328980 0.537777 0.100000 0.100000 1.068490 0.100000 0.813165 0.420280 0.426141 0.884556 0.309602 0.453838 0.841263 0.125301 0.925547 0.864487 
1.347240 1.144393 0.799462 0.100000 1.553754 0.100000 0.663605 0.573409 0.003863 0.826999 0.100000 0.720634 1.360253 0.100000 1.488171 0.911049 0.155504 0.503399 0.100000 0.471101 
0.782442 0.198780 0.482781 0.193104 0.100000 0.100000 0.146178 0.199393 0.100000 0.694898 0.100000 0.793914 0.129108 0.100000 1.220680 0.753424 0.100000 0.527291 0.100000 1.222643 
