19 Number of operations 
9 Number of workers 
Standard production times 
0.427999 0.488468 0.341231 0.246730 0.686021 0.261106 0.420850 0.201626 0.544484 0.290155 0.470199 0.309720 0.706401 0.445405 0.383821 0.297477 0.203542 0.650331 0.217697 
Production times: workers row and ops columns 
0.100000 1.235646 0.444299 0.723171 0.100000 0.100000 0.136722 0.435426 0.879331 0.100000 0.331850 0.237673 0.621506 0.759773 0.400274 0.094528 0.721808 0.658060 0.383204 
0.198722 0.617374 0.100000 0.100000 0.733414 0.364293 0.331591 0.394452 1.201747 0.775076 0.731552 0.868479 0.611499 1.686278 0.067760 0.609379 0.521074 1.061154 0.069544 
0.100000 0.174044 0.511507 0.091769 0.745598 0.083862 0.814572 0.789959 0.862545 0.100000 0.460573 0.147514 1.385213 1.088625 0.829026 0.750660 0.475119 1.203616 0.966752 
0.321024 0.112674 0.100000 0.100000 0.963845 0.791960 0.275809 0.109393 0.751793 0.859170 0.100000 0.307268 0.788707 0.065500 0.943060 0.100000 0.100000 0.784399 0.444799 
1.611982 0.895369 0.978276 0.274145 0.043236 0.696496 1.000111 0.100000 0.549324 0.325289 0.778077 0.851150 0.458775 0.871986 0.091787 0.838766 0.848940 0.090429 0.001764 
0.043874 0.294327 0.219970 0.668359 0.918671 0.100000 0.262054 0.538365 0.100000 0.100000 0.221305 0.441372 0.204174 0.389522 0.100000 0.625070 0.100000 0.402071 0.100000 
0.100000 0.100000 0.100000 0.463524 0.100000 1.228046 0.100000 0.445297 0.100000 0.100000 0.173712 1.416116 1.051176 0.100000 0.704902 0.589730 0.315834 0.433337 0.909391 
0.786527 0.108403 0.100000 0.373708 0.591014 0.284735 0.506813 0.666070 1.191231 1.277923 0.899335 0.260941 1.265710 0.130418 0.100000 0.685686 0.100000 0.100000 1.086989 
0.100000 0.568101 0.921752 0.100000 0.560233 0.100000 1.239210 0.100000 0.670221 0.231620 0.752053 0.065957 0.492254 0.494929 0.315599 0.603994 0.635871 0.592165 0.997335 
