33 Number of operations 
15 Number of workers 
Standard production times 
0.339946 0.503281 0.392494 0.323153 0.650638 0.385057 0.559530 0.501201 0.224400 0.195850 0.436967 0.453237 0.175532 0.518888 0.947787 0.242410 0.221601 0.372858 0.186191 0.607414 0.720422 0.236847 0.718379 0.511126 1.028628 0.310678 0.787323 0.696366 0.528273 0.347177 0.257850 0.705769 0.285304 
Production times: workers row and ops columns 
0.122947 0.876995 1.075494 0.100000 0.257347 0.700786 0.081655 0.733191 0.772809 0.100000 0.635567 1.389496 0.439049 0.376302 1.195974 0.349847 0.196102 0.169842 0.093984 0.088200 1.376079 0.239286 0.664768 0.432308 1.408803 0.979921 0.699911 0.100000 0.976172 1.233648 0.100000 1.443357 0.022860 
0.335577 0.994482 0.100000 1.056577 0.604843 0.876771 0.100000 0.135379 0.358428 0.253928 0.424574 0.098034 0.869599 1.100614 0.584936 0.731136 0.100000 0.363442 0.928323 0.522459 1.081720 0.542790 0.190082 0.509783 0.752880 0.370752 0.574263 0.541859 0.607567 0.248596 0.195314 0.861995 0.100000 
1.186615 1.012313 1.352368 0.088370 0.166120 0.494092 0.020354 0.594209 0.100000 0.709939 0.093458 0.100000 0.100000 0.062481 1.601800 0.100000 0.942661 0.438438 0.100000 0.100000 0.363389 0.100000 0.010642 0.288811 1.438762 0.100000 0.778981 0.798970 0.650990 0.005852 0.346542 0.488760 0.100000 
1.265698 0.088611 0.063897 0.100000 0.723485 0.661477 1.007826 0.449627 0.040716 0.468886 0.314804 0.100000 0.295549 1.371695 1.223429 0.100000 0.140497 0.239609 0.766886 0.541124 0.069469 0.100000 0.100000 0.479872 1.872554 0.487633 0.100000 0.516725 0.698433 1.266672 0.452891 0.771902 0.582987 
0.991604 1.112702 0.486088 0.889113 0.709767 0.299201 0.808586 0.723507 0.334815 0.773443 1.283382 1.584558 0.311994 0.368835 0.857672 0.219437 0.100000 0.100000 0.100000 0.569914 0.768579 0.367852 0.565939 1.028344 1.167419 0.782103 1.503717 1.376248 0.537926 0.935052 0.248088 0.424129 0.540643 
0.100000 0.980081 0.134693 0.119719 0.214442 0.100000 1.459824 0.346217 0.605509 0.716446 0.345160 0.138380 1.394349 0.946341 1.353405 0.645511 0.421292 0.103183 0.100000 0.904424 0.406208 0.269066 0.364050 0.061948 0.645743 0.118048 0.181735 0.614351 0.526477 0.380308 0.100000 0.566576 0.100000 
0.100000 0.688186 0.215463 0.100000 0.698732 1.294369 0.557056 0.196827 0.231892 0.042872 0.281151 0.585421 0.100000 0.300564 1.694877 0.267722 0.100000 0.100000 0.009200 0.743016 0.461897 0.565705 0.707043 0.752445 1.275429 0.778169 0.141310 0.851032 0.559014 0.833428 1.053119 1.067104 0.100000 
0.865340 0.100000 0.113333 0.100000 0.100000 1.321255 0.184801 1.696188 0.100000 0.404432 0.943653 0.522799 0.143402 0.497661 1.117984 0.100000 0.852157 0.371225 0.100000 0.131853 0.826532 0.313609 0.603701 0.100000 0.440876 0.100000 0.100000 0.749866 0.533932 0.333633 0.300726 2.293413 0.100000 
0.179577 0.507302 1.105954 0.100000 0.456935 1.285828 1.078490 0.883550 0.100000 0.100000 0.795640 1.019346 0.100000 0.198395 0.950638 0.115727 0.527881 0.433961 0.491371 0.100000 0.621092 0.618565 0.895690 0.289394 1.587635 0.212168 1.197074 1.359257 0.594793 1.776860 0.100000 0.268297 0.259977 
0.424784 0.173466 0.100000 0.153571 0.174108 0.844130 1.093004 0.751136 0.572924 0.100000 0.129224 0.304645 0.487271 0.443316 0.380498 0.318147 0.352072 0.271293 0.231255 0.277766 0.732445 0.152248 0.100000 0.048583 0.768980 0.044037 1.016573 0.892275 0.261297 0.596569 0.693382 1.153176 0.100000 
0.062650 0.240263 0.664874 0.387164 0.129364 0.646602 0.964708 0.743999 0.970337 0.100000 0.241029 0.100000 1.159714 0.532525 1.162106 0.100000 0.100000 0.783035 0.770805 0.496035 0.733196 0.381052 0.789648 0.255365 0.884380 0.993090 0.997522 0.100000 1.053870 0.564408 0.100000 0.077423 0.100000 
0.465430 0.603799 0.950535 0.766226 0.887817 1.504255 0.949540 0.185906 0.100000 0.601303 0.767328 0.178234 0.236163 0.334384 0.527025 0.680047 0.062309 0.100000 0.377891 0.146617 1.036987 0.097197 0.573286 0.359610 1.086756 0.457883 0.487544 1.009326 0.589543 0.074243 0.100000 1.171725 0.154551 
0.100000 1.998811 0.609244 0.660817 0.472813 0.516072 0.689460 0.049473 0.159759 0.610381 0.698195 0.415086 0.853463 0.963643 1.300697 1.373617 0.606372 0.249627 0.453954 0.959397 0.873245 0.600581 1.162256 0.149892 0.921653 0.784280 1.513229 0.796223 0.439945 0.100000 0.363820 1.072252 0.100000 
0.519898 0.235565 0.341859 1.056992 0.801941 0.430868 0.033190 0.129363 0.404367 0.166871 0.985673 0.021975 0.514554 0.040146 1.558529 0.346870 0.319985 0.100000 0.531817 1.094950 0.590323 0.507817 1.599109 0.419922 1.790314 0.127224 1.074229 0.549798 0.569378 1.010509 0.644442 0.604072 1.667188 
0.100000 0.033644 0.221059 0.100000 0.034597 0.845495 0.874711 0.023519 0.958688 0.177774 0.677287 0.100000 0.167103 0.333402 1.154535 0.100000 0.100000 0.448596 0.360405 1.038468 0.835842 0.100000 0.358495 0.654570 2.001912 0.248026 0.392231 0.507251 0.145998 0.394183 0.100000 1.543608 0.135723 
