29 Number of operations 
14 Number of workers 
Standard production times 
0.368183 0.390388 0.100000 0.353835 0.314234 0.552722 0.297353 0.319430 0.246427 0.476935 0.447040 0.527225 0.486915 0.480218 0.619983 0.695685 0.380598 0.507869 0.250363 0.219368 0.701358 0.450068 0.291731 0.348268 0.329470 0.269260 0.620825 0.473270 0.599268 
Production times: workers row and ops columns 
1.008727 0.714704 0.100000 0.100000 0.793221 0.462873 0.488531 0.100000 0.153283 0.390680 0.743780 1.507983 0.870469 0.389848 0.387360 1.011576 0.829816 0.100000 0.198474 0.100000 0.798433 1.230463 0.100000 0.055814 0.891636 0.073466 1.296164 0.100000 0.020311 
0.052481 1.353385 0.100000 0.142919 0.100000 0.328113 0.554553 0.329863 0.100000 0.266703 0.603436 0.224263 0.803780 0.986602 1.270464 0.906163 0.695599 0.318971 0.376396 0.100000 0.996356 0.100000 0.100000 0.230858 0.896666 0.430868 0.100000 0.100000 0.501373 
0.577583 0.339460 0.100000 0.351653 0.100000 0.100000 0.679669 0.650180 0.017434 0.100000 1.125932 0.221764 0.100000 0.882299 1.332438 0.100000 0.011811 0.407093 0.648379 0.100000 1.261585 0.100000 0.100000 0.100000 0.481445 0.687403 0.004863 0.519714 0.738072 
0.955552 0.303214 0.100000 1.016403 1.096075 0.795237 0.100000 0.746898 0.328470 1.216116 0.346467 0.522647 0.632291 0.635257 0.100000 1.718184 0.334025 0.597949 0.121995 0.269656 1.599752 0.100000 0.449848 1.034144 0.341763 0.390562 0.536858 0.288399 0.530179 
0.918244 0.543163 0.100000 0.364405 0.399938 1.155138 0.137174 0.100000 0.100000 0.203587 0.243096 0.736680 0.384258 0.100000 0.697078 0.741580 0.829707 0.954206 0.100000 0.627206 0.925770 0.521573 0.229448 0.233863 0.780546 0.595380 0.231331 0.429862 0.004023 
0.058433 0.393895 0.039687 0.811169 0.298334 0.168615 0.079824 0.793405 0.578269 0.100000 1.161508 0.100000 0.523172 0.403157 0.066397 0.382670 0.156603 0.818404 0.563003 0.873422 0.661080 0.071699 0.786797 0.100000 0.657401 0.100000 0.363176 0.073710 1.469758 
1.293602 0.094712 0.695616 0.100000 0.253550 0.201651 0.140331 0.493751 0.055469 0.626799 1.291358 1.066730 0.431452 1.007169 0.128721 1.020342 0.606651 0.863361 0.100000 0.100000 1.395114 0.445330 0.134839 0.656746 0.100000 0.396547 0.582167 0.324410 0.271771 
0.407036 0.565196 0.100000 0.626566 0.100000 0.786919 0.100000 0.126867 0.080819 0.410635 0.100000 0.604904 0.758497 0.526281 0.281094 1.485364 0.298245 0.666009 0.217184 1.174026 0.169485 0.030749 0.479140 0.175630 0.953163 0.100000 0.178796 0.406543 0.100000 
0.100000 0.430796 0.194952 0.100000 0.146847 0.477714 0.351655 0.795098 0.100000 0.416958 0.211947 0.343033 0.571842 0.158025 0.488639 0.594988 0.983506 1.660671 0.411626 0.082522 0.738238 0.723591 0.364330 0.100000 0.100000 0.485285 0.655404 0.100000 1.168070 
0.574531 0.175148 0.712815 0.147425 0.781721 0.100000 0.409276 1.481073 0.301005 0.325247 0.209341 0.503116 0.253054 0.089721 0.547209 1.107247 0.657196 1.079118 0.802363 0.176737 1.321057 0.258317 1.171549 0.191315 0.767490 0.598266 0.694411 0.861442 0.100000 
0.464973 0.100000 0.100000 1.092347 0.100000 0.363521 0.100000 0.100000 0.023240 1.139572 0.887838 0.100000 0.100000 1.215017 0.412182 0.891087 0.874271 0.001498 0.577075 0.583783 0.414115 0.026586 0.100000 0.679399 0.100000 0.100000 0.100000 0.554883 0.571569 
0.786884 1.565895 0.100000 0.703471 0.464412 1.111856 0.100000 0.343447 0.052947 0.954030 0.492546 0.190159 0.500841 0.377590 0.244100 0.111112 0.902045 0.427975 0.100000 0.100000 1.217307 0.294199 0.100000 0.146059 0.100000 0.225877 0.020760 0.020729 0.498705 
0.368614 0.734413 0.100000 0.310626 0.276955 0.872475 1.205138 0.089938 0.420924 0.100000 0.591742 1.049717 0.267913 0.100000 1.302622 0.444645 0.599919 1.009872 0.543939 0.487049 0.588438 0.374369 0.403394 0.285278 0.546785 0.100000 0.310383 1.186103 0.420915 
0.776634 0.184588 0.258858 1.024624 0.100000 0.805940 0.885578 0.007770 0.672840 0.299084 0.169212 0.255521 0.157428 0.598680 1.169317 0.530527 0.136198 1.150458 0.959256 0.078616 0.214668 0.849968 0.457300 0.697235 0.694748 0.100000 0.074805 0.139955 1.197159 
