36 Number of operations 
15 Number of workers 
Standard production times 
0.169749 0.465265 0.325013 0.472882 0.306229 0.100000 0.100000 0.227030 0.342963 0.715461 0.178088 0.578386 0.389985 0.499554 0.709844 0.444833 0.467614 0.162172 0.130449 0.369458 0.358538 0.138158 0.435984 0.349327 0.264537 0.285241 0.353874 0.569644 0.254142 0.193805 0.695140 0.495558 0.351195 0.587061 0.525426 0.263359 
Production times: workers row and ops columns 
0.947151 0.542922 0.100000 0.100000 0.100000 0.717403 0.699013 0.417587 0.100000 1.188078 0.100000 0.100000 0.968467 0.344658 0.285290 0.891954 0.222276 0.100000 1.330287 0.714364 0.051092 0.559015 0.100000 0.916143 0.100000 1.301820 0.657134 0.255583 0.124531 0.100000 0.039614 0.473552 0.233194 0.100000 0.874440 0.338051 
0.100000 0.977174 0.927509 0.100000 0.864430 0.100000 0.100000 0.100000 0.792956 0.606128 0.100000 0.318142 0.061566 0.722113 0.768841 0.262605 0.392642 0.100000 0.489611 0.168012 1.226089 0.678659 0.465235 1.299015 0.100000 0.234538 0.709910 0.452738 0.100000 0.425538 0.335130 0.061174 0.100000 0.764914 0.074336 0.293027 
0.105398 0.559400 0.352919 0.322065 0.515869 0.441662 0.100000 1.493362 0.100000 0.100000 1.043340 0.317881 0.100000 0.410606 0.612622 0.909593 0.189400 0.100000 0.100000 0.340403 0.100000 0.283543 0.567416 0.357279 0.191596 0.458088 0.191186 0.492093 0.228201 0.100000 0.583111 1.325293 0.864885 0.100000 0.701510 0.083956 
0.100000 0.100000 0.603750 0.173390 0.503729 0.661009 0.100000 0.189986 0.100000 0.696964 0.100000 0.100000 0.100000 1.464093 0.506090 1.000598 0.696585 0.100000 0.090604 0.100000 0.176868 0.657062 0.100000 0.002782 0.146993 0.082473 0.201389 0.719115 0.100000 0.173466 1.377779 0.612513 0.100000 0.530846 1.387617 1.678296 
0.523633 0.847820 0.514999 0.100000 0.689490 0.222173 0.100000 0.460549 0.100000 0.116655 0.334423 0.339118 0.156357 0.726440 0.784717 0.100000 0.236872 0.100000 0.100000 0.778005 0.100000 0.784900 0.100000 0.100000 0.469984 0.297423 0.100000 0.518193 1.122541 0.100000 1.008601 0.079493 0.338443 0.100000 0.462165 1.005278 
0.435110 0.652042 0.312375 0.100000 0.159489 0.790955 0.257828 1.178853 0.059347 0.483071 0.062496 0.704731 1.195483 0.478890 0.100000 0.619689 0.744393 0.738611 0.050828 0.391901 0.100000 0.100000 0.555949 0.887447 0.100000 0.015321 0.647421 0.539312 0.360797 0.100000 1.604203 0.420000 0.970597 1.275960 0.362044 0.206052 
0.100000 0.100000 0.960800 0.100000 0.045431 0.100000 0.039339 0.127374 1.217324 0.760953 0.289185 0.100000 0.384145 0.253279 0.344279 0.177107 0.699795 0.100000 0.633141 0.100000 0.628713 0.833138 0.965032 0.676199 0.100000 0.452964 0.100000 1.117027 0.100000 0.470765 0.907865 0.503246 0.100000 0.100000 1.135965 0.042325 
0.264232 0.579868 0.364954 0.226147 1.107477 0.100000 0.123350 0.308735 0.488144 1.002911 0.443175 0.312375 0.348379 0.772088 1.259284 0.435419 0.597074 0.100000 0.179197 0.653783 0.100000 0.100000 0.313857 0.700513 0.100000 0.100000 0.711015 0.638533 0.050998 0.100000 1.135380 0.553169 0.100000 0.878876 0.279968 0.100000 
0.100000 0.595552 0.194116 0.077225 0.871817 0.100000 0.100000 0.545487 0.516460 0.497729 0.029019 0.513692 0.100000 1.230199 0.705432 0.126882 0.057267 0.911419 0.100000 0.029885 0.100000 0.115936 0.100000 0.279763 0.406637 0.858317 0.629565 0.809448 0.306576 0.500574 0.706673 0.100000 0.622338 0.932793 0.747199 0.109703 
0.100000 0.619332 0.225838 0.405272 0.504329 0.153557 0.313516 0.660980 0.353820 1.164646 0.127433 0.481289 0.100000 0.729644 0.582030 0.030152 0.169642 0.229442 0.100000 1.371107 0.100000 0.130478 0.144131 0.558759 0.100000 0.774313 1.173920 1.054980 0.100000 0.681783 1.253450 0.181746 0.447185 0.381888 1.118053 0.100000 
0.048798 1.021247 0.532394 0.489784 0.100000 0.274936 0.443806 0.959131 0.455204 0.722094 0.342377 0.704948 0.100000 0.376467 0.649215 0.122180 0.100000 0.393928 0.018983 0.100000 1.167924 0.693154 0.327830 0.234469 0.100000 0.207472 0.536191 0.100000 0.100000 0.030135 0.471689 0.048871 0.100000 1.216466 0.848947 0.232840 
0.100000 0.491991 0.191690 0.838199 0.597051 0.026877 0.446539 0.167190 1.223090 0.720181 0.344576 0.006699 1.096336 0.386859 1.227111 1.272599 0.396986 0.100000 0.030274 0.188497 0.100000 0.100000 1.572544 1.059769 0.248738 0.100000 0.077121 0.873899 0.100000 0.823177 1.800525 0.830909 0.600707 0.963603 0.670766 0.697346 
0.559657 1.007392 0.082502 0.439511 0.603930 0.108671 0.100000 0.231997 0.125105 0.551240 0.085267 0.678120 0.100000 1.198527 1.042361 0.649069 0.100000 0.327240 0.556230 0.231260 1.069373 0.240083 0.405082 0.793188 0.771271 0.100000 0.195864 0.100000 0.100000 0.160244 0.521250 0.100000 0.523733 1.201739 0.205089 0.100000 
0.041106 0.100000 0.100000 0.363957 0.353449 0.072968 0.015468 0.432009 0.312497 0.914019 1.145918 0.100000 1.033458 1.510155 0.330308 0.277431 0.454075 0.165819 0.051072 0.237069 0.868198 0.100000 0.100000 0.961989 0.551578 0.100000 0.319806 0.614795 0.100000 0.100000 1.456469 0.383242 0.655056 1.651787 0.566433 0.100000 
0.376593 1.007593 0.398128 0.100000 0.100000 1.131883 0.770245 0.667019 1.580363 0.805649 0.120010 0.766700 1.250444 0.554394 0.833723 0.259682 0.061180 0.177036 0.770562 0.578710 0.233891 0.462285 1.310789 0.616945 0.170686 0.100000 0.100000 0.628361 0.007865 0.100000 0.100000 0.625922 0.324122 0.954374 0.581717 0.100000 
