28 Number of operations 
11 Number of workers 
Standard production times 
0.333938 0.303768 0.352969 0.100000 0.640232 0.526547 0.746455 0.286845 0.100000 0.210796 0.358331 0.404010 0.100000 0.265373 0.321092 0.888284 0.734036 0.733688 0.187197 0.233349 0.100000 0.479491 0.477856 0.661362 0.629559 0.100000 0.618133 0.684234 
Production times: workers row and ops columns 
1.209024 0.641996 1.067197 0.903155 0.291208 1.288454 1.166152 0.716910 0.408148 0.814612 0.206669 0.231013 0.100000 0.100000 0.017329 0.046782 0.401615 0.188882 0.236984 0.178737 0.100000 0.323391 0.025612 0.698642 1.403902 0.100000 1.050412 1.407593 
0.033942 0.100000 0.975108 0.262515 0.371777 0.644645 1.034264 0.100000 0.100000 0.386660 1.148584 0.100000 0.100000 0.356028 0.838910 0.127003 0.183295 0.833927 0.100000 0.061694 0.171759 0.515690 0.815759 0.329215 0.256160 0.100000 1.017346 1.046693 
1.015893 0.762462 0.384602 0.471528 2.038956 0.334590 0.100000 0.111650 0.601745 0.100000 0.447429 0.638799 1.317526 0.068053 1.135363 1.292662 0.817897 1.073613 0.360549 0.163019 0.100000 0.895782 0.815876 0.895904 0.283233 0.222525 0.643612 0.793914 
0.914006 0.498155 0.100000 0.100000 0.259342 0.432668 1.720651 0.767630 0.222937 0.001868 0.618640 0.908810 1.047397 0.382104 0.732132 1.139881 1.073375 1.351210 0.096497 0.508759 0.338559 0.743752 0.100000 0.196776 0.631800 0.410148 0.280284 0.390982 
0.809124 0.623819 0.691320 0.657583 0.909368 0.217693 0.455640 0.098992 0.100000 0.406036 0.018766 0.263230 0.474378 0.100000 0.538236 0.931716 1.689366 1.314556 0.589116 0.544005 0.526852 0.430812 0.100000 0.953503 0.100000 0.100000 0.503400 0.100000 
0.100000 0.067177 0.030654 0.879098 0.100000 1.102452 0.515622 0.100000 0.100000 0.100000 0.235567 0.741957 0.100000 0.100000 0.407066 0.141031 0.629314 0.894791 0.009066 0.100000 0.100000 0.597742 0.838872 0.100000 1.036235 0.100000 0.021856 1.436855 
1.054602 0.114699 0.100000 0.108406 1.008852 0.524008 0.615478 0.100000 0.673710 0.758616 0.100000 0.698078 0.100000 0.193526 1.048303 1.679872 1.685154 1.254107 0.100000 0.576499 0.100000 0.454554 0.485051 0.787332 0.868342 0.100000 1.107642 0.084741 
1.767331 0.575779 0.100000 0.259280 0.100000 0.250405 1.763699 0.100000 0.100000 0.048188 0.413752 0.251447 0.493101 0.537695 0.670901 0.563677 0.090768 0.367452 0.844834 0.100000 0.100000 0.275675 1.197167 0.100000 0.794664 0.235532 0.219864 0.630924 
0.418700 0.100000 0.117464 0.183294 0.164788 0.227269 0.145323 0.304368 0.402778 0.429986 0.283858 0.512779 0.100000 0.234017 0.536941 0.715548 0.696019 0.877792 0.100000 0.491757 0.286424 0.864065 0.120505 0.012383 0.765336 0.100000 0.360773 1.413941 
0.100000 0.658922 0.273554 0.100000 1.004081 0.552066 0.754013 0.489333 0.355005 0.132519 0.430945 0.860051 0.748429 0.818137 0.075530 1.083764 0.317114 0.639732 0.100000 0.100000 0.100000 0.888176 0.100000 0.015642 0.690437 0.100000 0.989571 0.747848 
0.364570 0.249784 0.441408 0.100000 0.315144 1.140168 1.518179 0.100000 0.100000 0.351872 0.892036 0.177628 0.100000 0.443636 0.657117 0.876669 0.894485 0.227922 0.747108 0.532957 0.639614 0.100000 0.217419 0.646406 0.100000 0.100000 0.288344 0.602249 
