19 Number of operations 
12 Number of workers 
Standard production times 
0.486371 0.100000 0.448907 0.549542 0.189268 0.313803 0.659044 0.214999 0.100000 0.344110 0.313662 0.315117 0.373110 0.169793 0.100000 0.398229 0.530171 0.225066 0.412004 
Production times: workers row and ops columns 
0.298071 0.097696 0.556020 0.920895 0.247255 0.100000 1.413690 0.100000 0.100000 0.669161 0.072611 0.100000 1.158731 0.100000 0.100000 1.695922 0.009404 0.670153 0.100000 
0.100000 0.472438 0.592803 0.638422 0.002005 0.315706 1.072799 0.100000 0.264235 1.631265 0.175384 0.395695 0.158640 0.738260 1.377920 0.031526 0.712362 0.100000 0.538366 
0.451314 0.100000 1.748707 0.437057 0.100000 0.032002 0.364588 0.100000 0.100000 0.100000 0.410458 0.656944 0.212030 0.167739 0.100000 0.211917 1.329962 0.398649 0.651584 
0.582218 0.117926 0.641021 0.176718 0.090355 0.547321 0.100000 0.100000 0.100000 0.100000 0.653098 0.190391 0.014971 0.083369 0.100000 0.100000 0.007162 0.100000 0.100000 
0.054608 0.741022 1.010303 0.559429 0.100000 0.100000 0.427211 0.100000 0.100000 0.100000 0.139604 0.295499 0.210106 0.100000 0.100000 0.282672 0.874106 0.100000 0.891783 
0.188190 0.100000 0.337443 1.093736 0.463643 0.046385 0.645815 0.616766 0.300993 0.163888 0.938639 0.454162 0.348023 1.225495 0.934957 0.381316 0.307155 0.100000 0.483276 
0.919819 0.100000 0.197037 0.397024 0.100000 0.100000 0.108216 0.073893 0.313600 0.989521 0.100000 0.100000 1.052171 0.100000 0.147471 0.596499 0.150702 0.568526 0.213507 
0.376453 0.313368 0.100000 0.100000 0.498516 0.812845 0.399977 0.100000 0.126362 0.100000 1.439625 0.161236 0.041074 0.100000 0.490967 0.519936 0.323296 0.100000 0.204476 
1.553010 0.100000 0.249285 0.647467 0.100000 0.100000 1.426673 0.459768 0.363186 0.717170 0.754191 0.104302 0.100000 0.650473 0.052018 0.100000 0.885880 0.179017 0.496176 
0.943622 0.181644 1.024395 0.615513 0.465313 0.574455 0.887757 0.742751 0.100000 0.965279 0.100000 0.060166 0.534230 1.021514 0.254650 0.129980 0.449740 0.194748 0.338235 
0.188470 0.278477 0.100000 0.290037 0.608815 0.100000 0.088659 0.100000 0.302201 0.598695 0.308134 1.146998 0.878642 0.100000 0.244808 0.044806 0.100000 1.359636 0.967022 
1.133668 0.868017 2.056415 0.022310 0.653876 0.066589 0.386748 0.624857 0.643342 1.419551 0.436591 0.082646 0.632410 0.349315 0.272158 0.100000 0.864771 0.198621 0.406103 
