38 Number of operations 
14 Number of workers 
Standard production times 
0.494561 0.222577 0.741017 0.673598 0.100000 0.554993 0.635835 0.521519 0.100000 0.726251 0.100000 0.548330 0.498425 0.593811 0.100000 0.512368 0.617471 0.235376 0.304614 0.251118 0.409754 0.566919 0.144726 0.290820 0.727628 0.465313 0.769895 0.100000 0.286434 0.322678 0.316999 0.657759 0.292333 0.216157 0.356040 0.443228 0.370021 0.520817 
Production times: workers row and ops columns 
0.569461 0.100000 1.617431 0.866702 0.100000 0.669228 0.129713 1.091338 0.527421 0.442425 0.083743 0.598685 0.451092 0.376186 0.040395 0.791036 0.474481 0.100000 0.533779 0.100000 0.623113 0.530100 0.100000 0.668906 1.414642 0.394781 0.987535 0.017891 1.119144 0.708440 0.396718 0.504033 1.139929 0.553416 0.395695 0.511691 0.429243 0.100000 
0.688534 0.348637 0.767140 0.721140 0.816660 0.100000 0.719123 0.549633 0.640171 0.100000 0.145393 0.376674 1.186472 0.830576 0.177207 0.047309 0.606267 1.147733 0.100000 0.100000 0.979086 1.372948 0.100000 0.901496 0.342473 0.507759 0.230045 0.100000 0.236075 0.100000 0.094600 0.108885 0.499482 0.503319 0.676894 0.337710 0.100000 1.271929 
0.217334 0.185686 1.170828 1.939627 0.110064 1.098827 1.584455 0.100000 0.100000 0.100000 0.441986 0.786998 0.831095 1.231567 0.192549 0.321244 0.100000 1.013202 0.519206 0.100000 0.100000 0.634892 0.100000 0.100000 0.752302 0.638326 1.366188 0.100000 0.540046 1.351331 0.928631 0.564363 0.260652 0.070110 0.428447 0.543114 1.043529 0.407674 
1.574344 0.096110 0.862337 0.867250 0.100000 0.100000 0.456585 0.642307 0.232513 0.535098 0.100000 0.442634 0.802706 0.161026 0.100000 0.100000 1.199977 0.170126 0.960262 1.166728 0.588328 0.587941 0.549251 0.643009 0.887552 0.556795 0.690268 0.279241 0.075732 0.149654 0.222131 0.906106 0.873930 0.410531 1.094841 0.575906 0.100000 0.100000 
0.332926 0.430343 0.560522 0.739585 0.100000 0.445553 0.182393 0.100000 0.100000 1.179403 0.415915 0.185648 0.245772 1.269344 1.049446 0.251657 0.100000 0.018434 0.918980 0.037195 1.323584 0.194931 0.298945 0.803081 0.325325 0.621370 1.758978 0.145182 0.025777 0.100000 0.100000 0.550169 0.731665 0.100000 1.536535 0.735624 0.461018 0.605757 
0.574472 0.129509 1.031528 0.573966 0.036267 0.601017 1.306044 0.100000 0.100000 1.157569 0.100000 0.554403 0.553406 0.516579 1.232907 1.124076 0.473622 0.100000 0.100000 0.806505 0.157210 0.588972 0.089071 0.161083 0.100000 0.100000 0.817700 0.194191 0.763333 1.050278 1.006502 0.289154 0.283790 0.047112 0.100000 0.551883 0.381001 0.436018 
0.847857 0.100000 0.973885 0.697406 0.550712 0.192910 0.006451 0.100000 0.100000 0.894360 0.201069 0.039462 0.527041 1.404261 0.100000 0.734563 1.231635 0.100000 0.573695 0.111706 0.955918 1.089631 0.488167 0.100000 0.560222 0.884342 0.371308 0.097533 0.953352 0.100000 0.332824 0.100000 1.044357 0.639271 0.100000 1.486271 0.100000 0.259593 
0.100000 0.380950 0.285999 0.100000 0.100000 0.874133 0.388485 0.728203 0.503697 0.740925 0.434686 0.400586 0.854059 0.029605 0.408690 0.379758 1.122124 0.778189 0.806482 0.442273 0.197031 0.452887 0.100000 0.969556 1.259504 1.308732 0.437801 0.100000 0.100000 0.733486 0.895846 0.538604 0.523063 0.100000 0.100000 0.017806 0.603337 0.374932 
0.139058 0.319279 0.628377 0.462929 0.979609 0.490720 0.759585 0.069444 0.100000 0.885820 0.311049 0.522828 0.571830 0.100000 0.358797 0.257066 0.433565 0.180243 0.166678 0.169762 0.100000 0.787849 0.894882 0.068772 1.503493 0.665564 1.220786 0.078194 1.232963 0.309584 0.100000 1.290783 0.197897 0.460726 0.036677 0.100000 0.452334 0.100000 
1.455991 0.162269 0.803350 0.965193 0.100000 0.517475 0.969325 0.670551 0.446630 0.100000 0.250372 0.784761 0.100000 0.599424 0.177657 0.100000 0.129989 0.100000 0.100000 0.558041 0.743798 0.325608 0.100000 0.326086 0.802013 0.738896 0.100000 0.100000 0.503537 0.132621 1.103453 0.968742 0.320032 0.582172 0.100000 1.255346 0.354776 0.857076 
0.314412 0.451501 0.897078 0.331075 0.100000 0.879552 1.995172 0.694615 0.738523 0.722589 0.100000 0.661676 0.100000 0.552272 0.100000 0.932626 0.075213 0.100000 0.448596 0.100000 0.776258 0.581659 0.464944 0.365233 0.533363 0.598410 1.674675 0.100000 1.061608 0.100000 0.516252 0.152127 0.703518 0.531030 0.100000 1.019283 0.709013 0.100000 
0.419629 0.547220 0.583683 0.421704 0.100000 0.100000 1.487473 0.781773 0.100000 0.677699 0.100000 0.943176 0.403773 1.020901 0.316098 0.194883 0.481040 0.309645 0.240478 0.546030 1.447787 0.100000 0.100000 0.100000 1.459557 0.386236 1.208315 0.100000 0.328291 0.521924 0.681756 0.407446 0.510733 0.100000 0.100000 1.433548 0.156299 0.076388 
0.100000 0.343751 0.100000 0.611900 0.155615 0.219237 1.372839 0.254655 0.100000 0.840650 0.100000 0.378295 0.872973 1.501094 0.133163 0.446676 0.595496 0.750353 0.113110 0.577569 2.181211 0.100000 0.633002 0.095836 0.935304 0.606761 0.488747 1.040064 0.768494 0.100000 0.368820 0.584443 0.100000 0.100000 0.467842 0.873588 0.747424 0.467594 
0.801367 0.100000 0.880738 0.598478 0.267032 0.768925 0.641994 0.376054 0.100000 1.084837 0.202503 0.481472 0.123342 0.888385 0.306119 0.735935 0.287825 0.100000 0.216041 0.076867 0.448637 0.220524 0.100000 0.100000 1.087941 0.575810 1.569168 0.100000 0.100000 0.100000 0.604948 0.512315 0.855126 0.764370 0.267854 0.100000 0.665569 0.100000 
