40 Number of operations 
10 Number of workers 
Standard production times 
0.100000 0.319060 0.597793 0.266429 0.408163 0.769136 0.275937 0.400821 0.100000 0.372168 0.558291 0.332278 0.373804 0.250792 0.291994 0.443824 0.171772 0.231891 0.240905 0.165101 0.383839 0.640220 0.252336 0.390477 0.100000 0.218298 0.627152 0.283302 0.106797 0.265773 0.100000 0.387338 0.100000 0.177902 0.449251 0.171795 0.238250 0.387198 0.359816 0.651242 
Production times: workers row and ops columns 
0.100000 0.100000 0.047747 0.203553 0.426524 0.100000 0.221786 1.139793 0.100000 0.964013 0.242592 0.087935 0.100000 0.100000 0.377357 0.286989 0.100000 0.100000 0.100000 0.741676 0.100000 1.014181 0.100000 0.908281 0.100000 1.735729 0.802908 0.450653 0.214077 0.161002 0.623844 1.043974 0.100000 0.100000 1.164693 0.100000 0.100000 0.040659 0.476037 1.675391 
0.100000 0.053158 1.424500 0.814250 0.100000 0.100000 0.671673 0.618822 0.118347 0.128248 1.135743 0.705255 0.688726 0.707635 0.100000 0.100000 0.120691 0.100000 0.688683 0.100000 0.100000 0.169743 0.783304 0.618894 0.420823 0.021484 0.426375 0.334237 0.100000 0.724389 0.598017 0.086585 0.664955 0.554112 0.350836 0.100000 0.087185 0.252187 0.968050 0.100000 
0.100000 0.186272 1.310812 0.391216 1.095089 1.033748 0.100000 0.163693 0.100000 1.210014 1.449265 0.368260 0.100000 1.105408 0.864804 0.631973 0.100000 0.100000 0.390317 0.667189 0.586378 0.871352 0.808449 0.082623 0.504913 0.568859 0.653349 0.283933 0.245363 0.882206 0.144234 0.100000 0.134125 0.100000 1.065739 0.100000 1.664907 0.521853 0.461960 1.224164 
0.832328 0.353798 0.100000 0.787735 0.138904 0.875458 0.341888 0.183690 0.202268 0.774100 1.155400 1.197655 0.235169 0.221648 0.165156 0.498691 0.063879 0.763145 0.100000 0.514176 0.100000 1.229824 0.076498 0.566106 0.116939 0.100000 0.686796 0.374072 0.484948 0.364079 1.142324 0.423515 0.100000 0.577412 0.605054 0.100000 0.100000 1.112031 0.955019 0.888398 
0.100000 0.200290 0.302568 0.749380 0.605150 0.134675 0.461270 0.904174 0.055697 0.649905 1.110360 0.049864 0.389788 0.460626 1.201911 0.576726 0.629278 0.100000 0.763017 0.610647 0.100000 1.435143 0.031631 0.668375 0.100000 0.096726 0.100000 0.488538 0.610867 0.018027 1.114184 0.046130 0.287268 0.100000 0.624681 0.344733 0.831196 0.473424 1.130049 1.405895 
0.100000 0.945354 0.548190 0.083727 0.427302 0.015339 0.715999 0.876518 0.100000 0.100000 0.314036 0.100000 0.100000 0.100000 0.100000 1.027986 0.100000 0.504636 1.103244 0.143661 0.103081 0.382946 0.100000 0.641503 0.100000 0.100000 0.100000 0.281537 0.190735 0.299195 0.190869 0.563838 0.905472 0.100000 0.387873 0.043490 0.100000 1.189913 0.100000 0.520674 
0.104712 0.994132 0.638489 0.503883 0.050741 0.297352 0.418273 0.386035 0.100000 1.681219 0.834701 0.100000 0.215935 0.376637 0.592433 0.368618 0.840781 0.299460 0.100000 0.210876 0.520859 0.100000 0.364856 0.653682 0.100000 0.135203 0.766498 0.108548 0.873784 0.731652 0.465762 1.038480 1.159912 0.525614 0.452868 0.497697 0.971579 0.278585 0.016795 0.081226 
0.436761 0.484154 0.942120 1.523171 0.843055 1.126574 0.822442 0.100000 0.246100 0.251408 0.686328 0.100000 0.276914 0.381968 0.100000 0.100000 0.100000 0.458396 0.100000 1.135704 0.100000 1.099968 0.100000 0.100000 0.100000 1.246605 0.540624 0.100000 0.100000 0.651820 0.465445 1.010047 1.061589 0.100000 1.050192 0.336646 0.100000 0.513168 0.432029 0.984338 
0.100000 0.100000 1.181732 0.100000 1.105715 1.173821 0.100000 0.891744 0.345572 0.926770 0.566891 0.792703 0.330454 0.481486 1.162158 0.825375 0.100000 0.100000 0.748975 0.100000 0.613211 0.100000 0.270179 0.100000 0.100000 0.791585 0.492085 0.100000 0.131843 0.271070 0.250141 0.324892 0.106055 0.044284 1.481531 0.100000 0.419121 0.253873 0.792588 1.343512 
0.100000 0.527124 1.081068 0.719185 0.246582 0.364854 0.100000 0.753278 0.549276 0.100000 0.388013 0.020853 0.100000 0.896621 0.756878 0.907168 0.657605 0.399774 1.247635 0.114370 1.089938 1.401874 0.373959 0.100000 0.546886 0.196597 2.052022 0.100000 0.711775 0.100000 0.715569 0.607890 0.100000 0.235379 0.662939 0.100000 0.100000 0.604987 0.100000 0.302226 
