21 Number of operations 
9 Number of workers 
Standard production times 
0.358635 0.346381 0.107830 0.517730 0.527161 0.674830 0.240919 0.362304 0.100000 0.652019 0.146255 0.157761 0.267688 0.268804 0.539305 0.468115 0.655174 0.337678 0.100000 0.468297 0.460438 
Production times: workers row and ops columns 
0.031515 0.100000 0.035616 0.839246 0.796621 0.449580 0.100000 0.555446 0.080467 1.090263 0.100000 0.403413 0.498163 0.100000 0.100000 0.670374 1.201834 0.012200 0.041161 0.100000 1.409281 
0.437336 0.100000 0.693860 0.948837 0.939784 0.297740 0.241863 0.386721 0.100000 1.042220 0.100000 0.100000 1.108330 0.849942 0.002827 0.336278 0.148463 0.100000 0.223532 0.256784 0.534222 
0.872299 0.279282 0.433549 1.061958 1.432243 0.493332 0.574502 0.037637 0.100000 1.702584 0.100000 0.100000 0.194829 0.525366 0.318194 0.438064 0.951702 0.100000 0.053613 0.343693 0.207287 
1.027422 0.081643 0.071384 0.100000 0.846812 0.771611 0.100000 0.217690 1.114350 0.212784 0.128756 0.884501 0.022377 1.037922 0.100000 0.495982 0.392053 0.863286 0.048333 2.011647 0.100000 
1.132280 0.712638 0.353741 0.100000 0.717182 1.180407 0.363791 0.391693 0.100000 1.112580 0.100000 0.756631 0.100000 0.100000 0.968485 0.100000 0.869968 0.657623 0.100000 0.100000 0.987311 
0.232877 0.100000 0.100000 0.363775 0.046580 0.003411 0.693559 0.111343 0.084098 1.182405 0.100000 0.034307 0.100000 0.470057 0.197037 0.463170 1.001026 1.110643 0.100000 0.247209 0.627489 
0.648409 0.100000 0.100000 0.492238 1.235530 0.035691 0.100000 1.372031 0.100000 0.798028 0.100000 0.397706 0.487327 0.655340 0.100000 0.100000 0.442193 0.607856 0.375453 0.184661 0.404106 
1.595614 0.160387 0.100000 0.924559 0.567127 0.061662 0.001136 0.100000 0.100000 1.062107 0.279559 1.000938 0.236944 0.100000 0.100000 0.454160 0.169988 1.628596 0.458492 0.300266 0.835887 
0.717278 0.100000 0.100000 0.683920 0.958398 1.213382 0.139163 0.100000 0.242467 0.302529 0.425971 0.449870 0.067158 0.562612 0.790962 1.009604 1.212361 0.919080 0.100000 0.403717 0.100000 
