18 Number of operations 
10 Number of workers 
Standard production times 
0.571761 0.448794 0.372900 0.643093 0.524637 0.288806 0.695697 0.100000 0.441936 0.237076 0.391444 0.309908 0.136090 0.384508 0.576695 0.677473 0.371609 0.674076 
Production times: workers row and ops columns 
0.323388 0.231207 0.256694 1.319550 1.004884 1.004798 0.561569 0.100000 0.169533 0.310565 0.100000 0.596912 0.666870 0.683329 0.006554 1.047673 0.296527 1.543257 
1.004488 0.402245 0.425102 1.101599 0.031391 0.100000 1.534038 0.100000 0.630755 0.299375 0.030470 0.163221 0.192140 0.364936 1.389727 0.335336 0.306010 0.441793 
1.033505 1.052478 1.144913 0.398572 0.050297 0.232237 0.100000 0.400837 0.270113 0.364952 0.851846 0.180590 0.668464 0.734171 0.100000 1.078966 0.113767 2.106064 
0.451766 0.608820 0.436820 0.101140 0.360481 0.100000 1.112031 0.444267 0.100000 0.100000 0.412876 0.100000 0.100000 0.831094 0.438296 0.656903 0.100000 0.971353 
0.930021 0.999573 0.100000 0.486625 0.778512 0.309468 0.048257 0.100000 0.772829 0.867646 0.517855 0.197315 0.672325 0.779364 0.100000 1.205775 0.760607 1.169337 
0.580977 0.607475 0.964020 0.100000 1.410459 0.100000 0.881753 0.100000 1.428101 0.575145 1.017221 1.220065 0.435132 0.641527 0.519171 1.471190 0.596630 0.439905 
0.045311 0.681397 0.146288 1.313909 0.798744 0.811482 0.662198 0.780753 0.130393 0.354074 0.100000 0.776413 0.100000 1.488159 0.100000 1.076133 0.553923 0.354855 
0.613823 0.503568 0.493493 0.705222 0.663926 0.100000 0.122031 0.100000 0.100000 0.100000 0.276189 0.559363 0.507710 0.393314 0.902867 1.193851 0.818189 0.564816 
0.084613 0.627837 0.377726 1.155148 0.463804 1.565494 1.089665 0.470376 0.100000 1.182408 0.624270 0.818262 0.218223 0.406598 0.792266 0.903588 0.017100 0.247215 
0.576029 0.461429 0.497028 0.703977 1.676638 0.342162 1.039324 0.087480 0.602323 0.147477 0.100000 0.471630 0.085634 0.395056 0.338437 0.393305 0.569373 1.586681 
