39 Number of operations 
15 Number of workers 
Standard production times 
0.586984 0.372536 0.361612 0.397265 0.629022 0.100000 0.138434 0.251086 0.524941 0.233209 0.681460 0.167030 0.328978 0.284302 0.460846 0.304742 0.495492 0.634998 0.281089 0.455915 0.133329 0.372839 0.560406 0.278427 0.483470 0.395766 0.531363 0.421122 0.327440 0.421080 0.168067 0.399178 0.493768 0.255334 0.149068 0.637044 0.584948 0.379546 0.381846 
Production times: workers row and ops columns 
0.100000 0.545365 0.655727 1.077950 1.538576 0.890305 0.461306 0.100000 1.678570 0.018903 1.019800 1.209059 1.092965 0.037074 0.428794 0.251744 1.357045 0.724833 1.488664 1.099288 0.114156 0.100000 0.100000 0.100000 1.403041 0.227773 0.100000 0.199554 0.054465 0.196845 0.100000 1.200966 0.100000 0.100000 0.100000 0.564223 0.100000 0.263905 0.100000 
0.477044 0.620711 0.052680 0.399952 0.758301 0.295508 0.145196 0.488651 0.419041 0.575391 0.100000 0.138013 1.191112 0.962960 1.681874 0.100000 0.271326 0.841447 0.602253 0.100000 0.000449 0.311215 0.615097 0.186296 0.358277 0.551396 0.507724 0.043974 0.864405 0.168071 0.227440 0.294547 1.434338 0.781351 0.145950 0.224633 0.232246 0.560590 0.100000 
0.684557 0.826596 0.238445 0.200494 0.443923 0.100000 0.552802 0.590635 0.725856 0.035604 1.028709 0.368784 0.999319 0.100000 1.360193 0.100000 0.721854 0.675382 1.406106 0.264278 0.100000 1.566285 0.792976 0.146344 0.506968 0.257162 0.100000 0.100000 1.107446 0.050297 0.099773 0.100000 0.268875 0.211647 0.100000 1.464018 1.154548 0.847854 0.459241 
0.121781 0.099117 0.655252 0.462942 0.570423 0.100000 0.051361 0.734675 0.776991 0.749228 0.736950 0.040023 0.100000 0.100000 0.520553 0.685808 0.524201 0.862245 0.701176 0.745830 0.852108 0.802602 0.450526 0.023522 0.365757 0.417317 0.218962 0.327972 0.592192 0.100000 0.230811 0.100000 0.405487 0.097753 0.242602 0.100000 0.100000 0.776679 0.802846 
0.570661 0.100000 0.384232 0.161356 1.032229 0.100000 0.641842 0.603778 1.019363 0.364886 0.513663 0.100000 0.218373 0.355661 0.100000 0.100000 0.274083 0.993183 0.400573 0.100000 0.100000 0.719895 1.030294 0.706439 1.049837 0.311636 0.100000 0.672025 0.887974 1.037409 0.152741 0.491422 0.100000 0.582043 0.100000 0.100000 1.787523 0.086198 0.718548 
0.558273 0.027589 1.690731 0.276612 0.666344 0.267224 0.100000 0.211378 0.155244 0.100000 0.333023 0.761389 0.659810 0.984975 1.524565 0.261854 0.059165 0.064093 0.281139 0.005444 0.073630 0.589157 0.740000 0.827852 0.959077 0.215229 0.720174 1.012272 0.058262 0.005744 0.100000 0.762326 0.784353 0.920606 0.100000 0.564368 0.044972 0.100000 0.100000 
0.100000 0.302248 0.219462 0.750669 1.479964 0.100000 0.242874 0.100000 0.422678 0.447058 0.498255 0.100000 0.084021 0.635561 0.100000 0.049644 0.571158 1.834050 0.100000 1.766836 0.344296 0.874760 0.279830 0.100000 1.058015 0.351028 1.134568 0.703279 0.357731 1.119629 0.022516 0.580626 1.168888 0.248434 0.100000 0.474111 1.280275 1.345741 0.510380 
0.630844 0.100000 0.100000 0.100000 0.825374 0.125585 0.100000 1.100015 0.125567 0.400331 0.825225 0.100000 0.686370 0.240505 0.389230 0.100000 0.100000 1.111360 1.231562 0.055836 0.477049 0.100000 0.392027 0.100000 1.038033 0.100000 0.571279 0.100000 0.815098 1.063600 0.100000 0.906747 0.148727 0.209468 0.503583 0.552427 0.454770 0.637649 0.628059 
0.499615 0.484627 0.100000 0.100000 0.878552 0.100000 0.199309 0.802116 0.272983 0.775372 0.170954 0.100000 0.100000 0.244486 0.237380 0.339563 1.637149 0.837343 0.100000 0.847579 0.100000 0.135985 0.590138 0.100000 0.457577 1.017994 0.100000 0.963191 0.081431 0.762813 0.050175 0.035950 0.100000 0.408209 0.238794 0.207187 0.191551 0.758219 0.369072 
0.487803 0.522981 0.100000 0.100000 1.300925 0.695250 0.849101 0.100000 0.517845 1.077494 1.471328 0.488329 1.397217 0.978273 0.100000 0.299813 0.834599 0.418790 0.301110 0.115878 0.662867 0.749533 0.100000 0.700309 0.100000 1.066484 0.731871 0.100000 0.300379 0.100000 0.100000 0.100000 0.100000 0.100000 0.326910 1.061521 0.304836 0.094945 0.100000 
1.363393 0.049591 0.100000 0.100000 0.818369 0.914922 0.838380 0.271977 0.637358 0.622217 0.223827 0.162259 0.751946 0.834990 0.653266 0.448863 1.448867 0.233432 1.053864 0.331693 0.729804 0.100000 0.790503 0.391922 0.561064 0.280166 0.694218 0.100000 0.365967 0.975865 0.100000 0.850082 1.248569 0.131813 0.240280 0.958873 0.625945 0.809481 0.475021 
0.337578 0.504716 0.303119 0.100000 0.321111 0.433116 0.100000 0.100000 0.100000 0.198553 1.024593 0.450812 0.098027 0.267368 0.229303 0.100000 0.100000 1.232005 0.755914 0.100000 0.636878 0.977107 0.509232 0.826953 0.100000 0.100000 1.069307 1.361215 0.225046 0.429225 0.411008 0.957110 0.693148 0.100000 0.100000 0.875973 0.055159 0.100000 0.664710 
0.805494 0.918779 0.093132 0.220985 0.689584 0.100000 0.100000 0.185383 0.698124 0.100000 0.100000 0.799809 0.546080 0.100000 0.433873 0.550847 0.225402 0.574209 1.027741 0.070479 0.004177 1.139532 1.045732 0.585808 0.292821 0.298274 0.437406 0.100000 0.547841 0.143864 0.818989 0.460683 0.100000 0.523229 0.053229 0.548393 0.182237 0.475583 0.015255 
0.567647 0.100000 0.106099 1.017476 0.688424 0.311099 0.314938 0.546725 0.271819 0.737865 0.439998 1.414030 0.000561 0.524355 0.493596 0.410590 0.100000 0.100000 0.235848 0.100000 0.339423 0.804808 0.100000 0.552532 0.235685 0.013402 0.100000 0.539887 0.430659 0.451062 1.008809 0.065146 0.850515 0.100000 0.100000 0.827252 1.043269 0.749739 0.729850 
0.500851 0.100000 1.445680 0.468197 0.804125 0.911168 0.178847 0.100000 0.740031 0.368378 0.983191 0.327166 0.624373 0.787418 0.497681 0.161905 0.339535 0.629988 0.258493 0.252198 0.100000 1.027568 0.626520 0.290189 0.699604 0.281152 1.116105 0.100000 0.129807 0.100000 0.100000 1.350118 0.120422 0.100000 0.276429 0.647920 0.399480 0.100000 0.174871 
