37 Number of operations 
13 Number of workers 
Standard production times 
0.558204 0.420765 0.490184 0.181646 0.803120 0.658435 0.100000 0.468716 0.611093 0.511354 0.266763 0.364531 0.432516 0.321815 0.501880 0.253003 0.100000 0.714595 0.449996 0.290373 0.434744 0.614833 0.274514 0.333778 0.100000 0.361497 0.314850 0.415148 0.483273 0.911222 0.318858 0.245614 0.580990 0.531805 0.452337 0.323364 0.100000 
Production times: workers row and ops columns 
0.423654 0.283088 0.401749 0.537266 0.659383 0.187169 0.726688 0.100000 1.501611 0.100000 0.299022 0.265373 0.408561 0.012306 0.100000 1.357203 0.893916 1.045484 0.100000 0.447577 0.100000 0.100000 0.642908 0.161556 0.222289 1.049944 1.222469 0.100000 0.580845 0.985271 1.864559 0.124676 0.366306 0.498465 1.570959 0.692720 0.607364 
0.869255 0.726535 0.139632 0.100000 0.406066 0.424875 1.391138 0.819067 0.792095 0.458505 0.569375 0.480167 0.808194 0.100000 1.074828 0.923875 0.100000 0.221318 0.647856 1.036310 0.354233 0.523441 0.803523 0.527607 0.364845 0.415553 0.100000 0.057583 0.727878 0.737818 0.652523 0.784421 0.841741 1.164389 0.267074 0.100000 1.062979 
0.572249 0.949738 0.586244 0.100000 0.804295 0.518671 0.078673 0.774149 0.385562 0.859574 0.138032 0.106480 1.527984 0.415206 0.100000 0.133900 0.289637 0.970430 0.761422 1.243011 0.219962 0.122468 0.673184 0.100000 0.089253 0.828612 0.690065 1.023505 0.223692 0.559279 1.125790 0.363079 0.357954 0.377114 0.087226 0.002081 0.077594 
0.773920 0.228788 0.115829 0.363470 2.006115 0.767712 0.332513 1.066157 0.587722 1.212666 0.100000 0.100000 0.182856 0.100000 0.947802 0.100000 0.405775 1.018406 0.676851 0.552494 0.119828 0.605882 0.100000 0.436218 0.100000 0.962646 0.100000 0.976239 0.100000 1.223247 0.585397 0.257549 0.289149 0.833516 0.426481 0.441588 0.100000 
0.100000 0.250595 0.589650 0.436220 0.690579 1.396425 0.100000 0.830534 0.644896 0.100000 0.100000 0.226418 0.100000 0.767794 0.956787 0.414027 0.100000 0.564348 1.210821 0.883664 0.558584 0.552752 0.622719 0.100000 0.115932 0.069594 1.551684 0.279594 0.100000 1.097523 0.100000 1.329288 1.280115 0.098221 0.442129 0.473180 0.100000 
0.766733 0.081720 0.794455 0.100000 1.075815 1.521521 0.132180 0.395028 0.100000 0.100000 0.100000 0.100000 0.951540 0.100000 0.980411 0.369661 0.373938 0.662027 1.083990 0.472567 0.720664 0.563668 0.638337 0.470541 0.013354 0.570563 0.100000 0.298356 0.510770 1.140620 0.778996 0.196933 1.292942 0.100000 0.402502 0.569648 0.980543 
0.357801 0.236615 0.473655 0.262793 0.100000 0.100000 0.100000 0.428089 1.694532 0.100000 0.583089 0.327736 0.100000 0.100000 0.100000 0.070174 0.997952 1.211436 1.214322 0.100000 0.452432 0.565002 0.351045 0.629129 0.100000 0.356196 0.114589 1.360129 0.100000 1.028605 0.886417 0.100000 0.997328 0.627691 0.585411 0.404629 0.412620 
0.100000 0.547307 0.615576 0.100000 0.566854 0.672745 0.099588 0.100000 0.100000 1.031771 0.100000 0.143497 0.152893 0.375519 0.100000 0.088041 0.394794 0.100000 0.526791 0.100000 0.100000 0.449829 1.199344 0.797251 1.510302 0.592457 0.667199 0.553175 0.225428 1.185482 0.516557 0.589015 0.100000 0.490431 0.835605 0.100000 0.057046 
0.983934 0.261846 1.231931 0.884645 0.423723 0.455395 0.365500 0.100000 1.151994 0.605645 0.392618 0.747435 0.664120 0.790678 0.539219 0.413247 0.100000 0.797657 0.328296 0.321891 0.606485 0.683920 0.340310 0.619162 0.405280 0.022599 1.070977 0.113888 0.100000 0.100000 1.238311 0.100000 0.799720 0.777482 0.099338 0.098271 0.230929 
0.789876 0.166174 0.100000 0.223350 1.259682 0.415396 0.100000 0.268183 0.180231 0.328989 0.100000 0.384930 0.831347 0.607636 0.100000 0.706883 0.100000 1.114479 0.228185 0.495110 0.195735 0.271490 0.126910 0.311468 0.783895 0.390367 0.731954 0.372603 0.754047 0.853063 0.100000 0.100000 0.185096 0.565500 0.536702 0.686774 0.100000 
0.749664 0.291782 0.404903 0.444787 0.100000 0.183903 0.100000 0.562395 1.088673 1.194003 0.100000 0.100000 0.388049 0.100000 0.238763 0.281265 0.308395 0.858590 0.606299 0.016527 0.575453 0.436060 0.741274 0.994668 0.670449 0.868317 0.099896 0.863107 0.168342 0.100000 0.615704 0.100000 0.042430 0.100000 0.267699 0.130255 0.424713 
0.100000 0.100000 0.314032 0.507438 0.362484 0.345224 0.797920 0.100000 0.770617 0.688759 0.165577 0.935507 1.060342 0.269227 0.514151 0.695363 0.839036 0.100000 0.100000 0.011191 1.292022 0.100000 0.100000 1.259202 0.100000 0.407771 0.994697 0.658166 0.349541 0.894319 0.848602 0.100000 1.862418 0.534835 0.584303 0.847889 0.945105 
1.306493 0.065853 0.091090 0.310499 0.794966 0.129894 0.630383 0.100000 0.443096 0.245461 0.052134 0.750293 0.156868 0.925495 0.100000 0.100000 0.100000 0.223969 0.100000 0.100000 0.404933 1.124190 0.100000 0.626568 0.100000 0.100000 0.100000 0.100000 0.415234 1.021791 0.359019 0.100000 0.748070 0.100000 0.890559 0.233397 0.100000 
