42 Number of operations 
15 Number of workers 
Standard production times 
0.399920 0.339122 0.390584 0.474510 0.399579 0.107332 0.585994 0.508188 0.670116 0.358220 0.725834 0.440066 0.796050 0.100000 0.100000 0.236619 0.637607 0.487112 0.392558 0.100000 0.434782 0.357797 0.100000 0.266868 1.106879 0.773931 0.396855 0.250193 0.300288 0.930357 0.600254 0.422592 0.100000 0.413926 0.128419 0.232140 0.736974 0.551528 0.103077 0.583323 0.796142 0.597738 
Production times: workers row and ops columns 
0.100000 0.177711 0.051711 1.330418 0.705283 0.358884 1.100676 1.470683 0.797662 0.719012 0.574715 0.100000 0.100000 0.100000 0.710394 0.157896 0.808350 0.683632 0.635097 0.277944 1.078622 0.906027 0.100000 0.106037 1.237542 1.235853 0.227995 0.100000 0.100000 0.828418 1.207689 1.330312 0.437818 0.543834 0.544038 0.355605 0.153043 1.109909 0.466635 0.794922 1.148706 0.077877 
1.494760 0.746453 0.409173 0.703582 0.262740 0.100000 0.786943 0.254484 1.531016 0.473928 0.101072 0.340565 0.872268 0.100000 1.259389 0.021921 1.016618 0.100000 0.100000 0.670814 0.339980 0.100000 0.385642 0.094192 1.861249 0.293465 1.017333 1.447188 0.100492 1.075405 0.980066 1.018780 0.357555 0.393532 0.100000 0.143703 1.347011 0.821728 0.100000 1.137722 1.451042 0.256319 
0.100000 0.049392 0.763136 0.595502 0.319479 0.100000 0.856405 0.172596 0.760829 0.100000 0.452688 1.721817 0.405888 0.453643 0.677230 1.644546 0.383740 0.257515 0.100000 0.178283 0.785056 0.219592 0.489563 0.039130 1.533924 0.987226 0.100000 0.727210 1.034235 1.095003 0.430261 0.100000 0.403487 1.030181 0.167296 1.046670 1.131550 0.732001 0.101137 0.887601 0.300286 0.399092 
0.234212 0.746175 0.243010 0.100000 0.438860 0.100000 0.780355 1.630757 1.166276 0.689412 1.153339 0.102779 1.211757 0.100000 0.100000 0.100000 0.353142 0.538112 0.946108 0.100000 0.598105 0.329281 0.681053 0.818034 1.290171 0.955937 0.100000 0.380084 0.277024 1.382566 0.728202 0.041206 0.491643 0.713193 0.186182 0.100000 0.556481 1.789819 0.100000 0.423996 0.314555 0.771903 
0.100000 1.322269 0.747269 0.100000 0.269108 0.655726 0.738920 0.833037 0.342479 0.496252 0.131533 0.681859 0.835877 0.100000 0.128986 0.040619 0.572081 0.463826 0.272977 0.100000 0.100000 0.062508 0.436602 0.769507 0.993274 1.784515 0.679826 0.100000 1.394936 1.671487 1.105250 0.240793 0.516346 0.100000 0.515650 0.773706 0.616777 0.100000 0.100000 0.576378 1.295603 0.579882 
0.266209 0.100000 0.064430 0.356047 0.785828 0.219028 0.459595 0.525738 1.265543 0.821239 0.191450 0.597852 0.100000 0.100000 0.100000 0.083543 0.665608 0.338002 0.746551 0.337024 0.264471 0.587831 0.100000 0.259632 0.981271 0.817253 1.278874 0.673687 0.862258 1.869813 0.462559 1.739347 0.495221 0.701655 0.122074 0.827544 0.824044 0.923048 0.100000 0.559661 1.258663 0.882404 
0.689407 0.403822 0.222242 0.504633 0.100000 0.100000 0.579880 0.100000 0.639300 0.095454 0.793900 0.588655 0.776073 0.143184 0.100000 0.498093 0.509871 0.490369 0.227998 0.613966 0.296887 0.314711 1.096749 0.251540 0.568148 0.100000 1.520191 0.498931 0.371632 1.077604 1.393966 1.144115 0.524023 0.517096 0.100000 0.100000 1.488013 1.069914 0.100000 2.095453 0.100000 1.052665 
0.100000 1.144547 0.100000 1.315956 0.994273 0.100000 1.653641 0.363458 0.218376 0.143726 0.500591 0.100000 0.578454 0.264545 0.348202 0.394800 0.100000 0.831036 0.896463 0.253097 0.588129 0.300226 0.832344 0.100000 0.894489 1.168090 0.527719 0.100000 0.100000 0.880872 0.428232 1.159089 0.100000 0.175272 0.100000 0.582138 0.554222 1.218447 1.295024 0.109949 1.485335 1.075825 
0.485471 0.475849 0.018789 0.360790 0.449896 0.049475 1.692664 0.868971 0.376736 0.959205 2.072213 0.075043 0.646974 0.100000 0.100000 0.400342 0.843523 0.879766 0.293911 0.100000 0.840033 0.100000 0.425357 0.623217 0.724716 0.131226 0.100000 0.026491 0.011700 0.883729 0.928348 0.269338 0.494449 0.665721 0.264388 0.674487 0.923883 0.609187 0.100000 0.807340 0.202616 0.145386 
0.100000 0.326896 0.600481 0.278197 0.475422 0.545060 0.675898 0.133084 0.737369 0.471690 0.817744 0.100000 0.565754 0.070253 0.696314 0.100000 0.007768 0.166939 0.441374 0.100000 0.732991 0.100000 0.100000 0.100000 1.420845 0.917182 0.660094 0.544998 0.033589 0.922702 0.227235 0.100000 0.287167 1.542434 0.331293 0.100000 0.661703 0.695289 0.100000 0.100000 0.631888 1.098665 
0.100000 0.237855 0.100000 0.208151 0.100000 0.309412 0.276954 0.299395 0.619138 1.213153 1.061875 0.100000 0.965250 0.136158 0.564783 0.091624 0.153716 0.100000 0.495848 0.100000 0.659546 0.100000 0.100000 0.100000 1.428148 0.244511 0.420564 0.714051 1.145366 1.773882 0.844382 0.288631 0.312637 0.100000 0.100000 0.398162 0.100000 0.446444 0.973465 1.330698 0.402269 0.344406 
0.039363 1.031456 0.467073 1.001367 0.622710 0.100000 0.120701 0.242342 0.966733 0.437698 0.402670 1.007890 0.958683 0.005280 0.095617 0.596450 0.303738 0.090550 0.140610 0.161643 0.743211 1.283248 0.109379 1.709695 0.857958 0.582431 0.184825 0.702140 0.448195 0.679090 0.205942 0.669382 0.324506 0.450143 0.100000 0.169862 0.449754 0.273922 0.160049 0.367847 0.203804 0.464091 
0.187092 0.535701 0.850681 1.495124 0.244369 0.100000 0.483909 0.141632 0.616835 0.241702 1.253179 0.843289 0.952821 0.375317 0.618212 0.100000 1.109764 1.028734 0.869979 0.100000 1.399945 0.522557 0.227200 0.009436 0.807005 0.118435 0.992314 0.100000 0.413361 1.032774 0.100000 0.656116 0.737778 0.411242 0.592113 0.560842 1.137879 0.414188 0.282613 1.439020 0.556121 0.883671 
0.058388 1.211940 0.805565 0.377290 0.248833 0.861303 0.425345 0.524984 1.094776 0.837395 1.377639 0.291942 0.100000 0.112584 0.784416 0.100000 0.565994 0.937668 0.536796 0.753390 0.286784 0.100000 0.447402 0.100000 2.025069 0.632750 0.626379 0.178220 0.243776 1.419358 0.798172 0.100000 0.151580 0.796044 0.100000 0.079695 0.797287 0.994646 0.185438 0.100000 0.683441 0.205495 
0.328978 0.130483 0.352234 0.384189 0.421225 0.100000 0.189721 1.294083 0.828951 1.170084 0.006694 1.067031 1.317030 0.100000 0.100000 1.092548 0.128474 0.046767 0.529671 0.134191 0.501845 0.596542 0.097107 0.376271 1.430403 1.137679 0.689487 0.100000 0.100000 1.065895 1.247501 0.666252 0.294746 0.100000 0.100000 0.363695 0.994490 0.798754 0.281148 1.041279 0.612341 0.595516 
