20 Number of operations 
11 Number of workers 
Standard production times 
0.346450 0.253902 0.545689 0.100000 0.237804 0.346026 0.317196 0.677452 0.562874 0.750213 0.435078 0.352967 0.304680 0.359589 0.675888 0.247699 0.602242 0.388439 0.510715 0.100000 
Production times: workers row and ops columns 
0.803380 0.465544 0.100000 0.100000 0.100000 0.488304 0.100000 0.289910 0.774701 1.348964 0.100000 0.100000 0.825815 0.886998 0.104697 0.100000 1.165447 0.379019 0.808020 0.100000 
0.383801 0.100000 0.100000 1.177518 0.839746 0.780071 0.120467 0.995369 1.061505 0.839429 0.100000 0.100000 1.050361 0.030286 0.728535 0.747676 0.615064 0.577484 1.565136 0.100000 
0.239998 0.150952 0.100000 0.251434 0.167393 1.034158 0.549534 1.304023 1.259465 0.103588 0.349838 0.100000 0.109655 0.707218 1.160338 0.100000 0.191670 0.171236 0.100000 0.163394 
0.100000 0.100000 0.053606 0.100000 0.830380 0.100000 0.514967 0.313252 0.843883 0.992617 0.174366 0.100000 0.271830 1.104038 0.462414 0.155075 1.297695 1.065357 0.773974 0.931593 
0.492940 0.519361 0.715145 0.366144 0.301126 1.167043 0.100000 0.381944 0.464699 0.654352 0.872545 0.100000 1.039898 0.607313 0.100000 0.100000 0.038280 0.100000 0.571772 0.100000 
0.100000 1.312046 0.970579 0.333202 0.100000 0.701250 0.760172 0.903576 0.100000 0.423890 0.839150 0.100000 0.100000 0.100000 1.022439 0.100000 0.825172 0.240115 1.014184 0.100000 
0.033696 0.464958 1.133188 0.100000 0.100000 0.896998 0.100000 0.182233 0.712116 1.220532 1.097639 0.100000 0.119431 0.350068 0.542964 0.592530 0.853746 1.387814 1.154047 0.713326 
0.477717 0.182930 0.555274 0.189963 0.302216 0.219732 0.100000 0.946048 0.327658 1.012188 1.914772 0.100000 0.100000 0.542885 0.226669 0.510401 0.657915 0.767819 0.539859 0.305851 
1.307727 0.095597 1.197948 0.100000 0.017502 0.354892 0.708086 0.390282 0.100000 0.382029 0.041970 0.141541 0.100000 1.085135 0.100000 0.344348 0.751192 0.138916 1.871904 0.100000 
0.100000 0.132490 0.153022 0.372527 0.578504 0.412231 0.759207 0.068031 0.876057 1.551586 0.100000 0.426641 0.153665 0.521076 1.064258 0.100000 0.240484 0.739953 0.544883 0.100000 
0.100000 0.100000 0.731991 0.191593 0.522344 0.633123 0.614282 0.953167 0.037538 0.963110 0.100000 0.310420 0.507544 0.100000 1.083216 0.471438 0.297700 1.214089 0.214922 0.100000 
