25 Number of operations 
11 Number of workers 
Standard production times 
0.420461 0.519205 0.629360 0.355500 0.100000 0.621335 0.282182 0.132137 0.581620 0.318759 0.187765 0.569733 0.342608 0.100000 0.253978 0.440831 0.392214 0.312428 0.627949 0.581733 0.291833 0.545960 0.527043 0.389636 0.577924 
Production times: workers row and ops columns 
0.100000 0.035935 0.288462 0.794718 0.250896 0.100000 0.792170 0.886981 1.472417 1.077578 0.076894 1.806562 0.286078 0.125194 0.803452 0.843172 1.192083 0.100000 1.321335 0.916030 0.322021 0.816816 0.560028 0.264403 0.801159 
0.090511 0.994900 0.233916 0.552427 0.824077 0.018299 0.100000 0.100000 0.981667 0.394972 0.038191 0.121191 0.651079 0.918480 0.132943 0.811188 0.100000 0.967743 0.100000 0.956522 0.100000 0.026614 0.749765 0.599656 0.257607 
0.375335 0.447428 1.368412 0.106815 0.324028 1.059192 0.540476 0.044969 1.458503 0.560362 1.063395 0.854779 0.100000 0.100000 0.688207 0.508831 0.143656 0.005315 0.490149 0.780803 0.319115 0.916224 0.254652 0.251910 0.163714 
0.393906 0.732219 0.100000 0.672324 0.433403 1.150619 0.296770 0.100000 0.715605 0.188623 0.261389 0.669224 0.779558 0.088519 0.779260 0.100000 0.776354 0.180561 0.840217 0.552086 0.645559 0.790146 0.806648 0.100000 0.783363 
0.661957 1.300483 1.049773 0.100000 0.100000 1.180163 0.100000 0.541212 0.430987 0.100000 1.024915 0.241003 1.474066 0.248504 0.100000 0.555978 0.746456 0.652812 0.100000 0.761436 0.097068 0.734062 0.928953 0.429283 1.172844 
0.397807 1.044454 1.119437 0.330406 0.769712 0.100000 1.092435 0.600755 0.454266 0.327976 0.065729 1.087218 0.100000 0.100000 0.100000 0.498107 0.702470 0.353758 0.830235 0.373313 0.154860 0.537669 0.640103 0.143606 1.639319 
0.440759 0.270420 0.211522 1.167126 0.100000 0.100000 0.352888 0.913891 0.948416 0.736544 0.253822 0.795446 0.541261 0.223474 0.885740 0.473990 0.100000 0.005311 0.185181 0.059782 0.259039 0.393773 0.966110 0.715063 0.435115 
1.528432 0.289760 1.037709 0.212911 0.193097 0.800093 0.100000 0.100000 1.136693 0.728396 0.538847 1.919067 0.100000 0.100000 0.455383 0.100000 0.622860 0.130998 0.689083 0.894486 0.862379 0.100000 0.349721 0.100000 0.263376 
0.509487 0.547464 0.598563 0.100000 0.100000 0.476694 0.523549 0.534332 0.174971 0.013966 0.004273 0.100000 1.118735 0.100000 0.100000 0.849121 1.088152 0.551803 0.523556 0.100000 0.921079 0.417763 0.702985 0.926401 0.049828 
1.203729 0.323613 0.100000 0.100000 0.889723 0.204421 0.694503 0.226476 0.408825 0.100000 0.876630 0.264198 0.967127 0.478786 0.732851 0.100000 0.137204 0.534530 0.624901 0.346142 0.630346 0.714478 0.047157 0.616239 1.506415 
0.100000 0.620160 0.743549 0.100000 0.100000 1.276436 0.100000 0.216748 0.895143 0.091547 0.855453 1.644960 0.746654 0.249288 0.100000 0.329108 1.070599 0.359662 0.847431 0.100000 0.740240 0.290359 1.172584 0.100000 0.907059 
