30 Number of operations 
10 Number of workers 
Standard production times 
0.350730 0.354490 0.100000 0.550411 0.745162 0.116521 0.542184 0.972244 0.280172 0.867837 0.321071 0.551086 0.815887 0.329135 0.335668 0.265312 0.439629 0.157059 0.495122 0.269440 0.439813 0.116604 0.744796 0.100000 0.273682 0.566670 0.742524 0.357333 0.180215 0.415879 
Production times: workers row and ops columns 
0.100000 0.623021 0.602979 1.170048 0.050848 0.100000 1.058763 0.830835 0.905234 1.336691 0.524735 0.888963 0.524167 0.100000 0.137835 1.395490 0.164536 0.261397 0.314003 0.100000 0.100000 0.100000 0.629237 0.100000 0.904131 0.437968 0.663391 0.874443 0.566219 0.100000 
1.656209 0.382267 0.100000 0.548530 0.588183 1.355954 1.156040 0.835999 0.100000 1.392496 0.010421 0.515408 0.790952 0.512100 0.100000 0.100000 0.455362 0.100000 0.256644 0.162117 0.100000 1.232389 0.323451 0.010707 0.154435 1.074586 1.451873 0.100000 1.006312 0.257790 
0.100000 0.597993 1.265602 0.023072 1.287137 0.296240 1.158354 0.953231 0.605838 0.100000 0.100000 0.124308 1.133616 0.796506 0.224794 0.613976 1.134913 0.313109 0.301944 0.242803 0.917980 0.100000 0.523838 0.457150 0.100000 0.767616 0.855862 0.100000 0.100000 1.046622 
0.100000 0.931403 0.100000 0.250898 0.666741 0.448524 0.486599 0.412191 0.613636 0.862176 0.738709 0.114870 1.056895 0.312208 0.100000 0.242246 0.205174 0.100000 0.426889 0.100000 0.138878 1.037685 1.220392 0.100000 0.068717 0.963537 0.555748 0.100000 0.070723 0.078806 
0.671271 0.282377 0.100000 0.574105 1.060085 0.421668 0.047963 0.506411 0.100000 1.279663 1.550597 1.367267 0.628703 0.570431 0.184421 0.074522 0.100000 0.100000 0.336724 0.321393 0.613844 0.551016 1.241885 0.891591 0.651481 0.100552 0.456442 1.050488 0.905361 0.100000 
1.014882 0.100000 0.118294 0.664653 0.509673 0.100000 0.360479 1.087841 0.100000 0.286234 0.920813 1.071312 1.035840 0.334102 0.951233 0.215750 0.370870 0.275818 0.100000 0.100000 0.756806 0.100000 1.549500 0.090847 0.522731 0.379056 0.628521 0.906176 0.007407 1.145563 
0.799897 0.686199 0.100000 0.774750 0.497785 0.247385 0.610134 0.966296 0.100000 0.729471 0.819193 0.712963 1.148510 1.167107 0.848431 0.100000 0.100000 0.525367 0.371958 0.612591 0.519658 0.026846 1.508906 0.213076 0.344921 0.761777 0.577057 0.100000 0.711780 0.373011 
0.100000 0.462197 0.100000 0.267012 0.517950 0.100000 0.249204 0.782405 0.710557 0.802817 0.477156 0.100000 1.485391 0.007088 0.083738 0.100000 0.294146 0.273844 0.449815 0.100000 0.855245 0.731641 1.670913 0.001429 0.900729 0.229149 1.857599 0.100000 0.100000 1.189197 
1.540375 1.071055 0.100000 0.359487 0.394275 0.167983 0.100000 1.527316 0.994425 0.100000 0.737408 0.542785 1.080688 0.169883 0.122667 1.102246 0.100000 0.100000 0.875438 0.630230 1.195222 0.840538 0.099014 0.100000 0.100000 1.495370 0.553403 1.252115 0.100000 0.834169 
0.203967 0.241374 0.550305 0.077302 0.679851 0.637742 0.525871 1.013118 0.478537 1.223145 1.040022 0.556071 0.100000 0.908240 0.245149 0.136721 0.572222 0.805153 0.101379 0.100000 0.100000 0.100000 0.100000 0.102152 0.100000 0.047045 0.744913 0.100000 0.614404 1.110011 
