27 Number of operations 
14 Number of workers 
Standard production times 
0.603896 0.123031 0.516062 0.779660 0.236369 0.100000 0.826186 0.694948 0.476009 0.501813 0.100000 0.328516 0.432757 0.498616 0.283459 0.691202 0.547933 0.258418 0.287248 0.100000 0.432517 0.359906 0.245707 0.100000 0.603149 0.310096 0.237512 
Production times: workers row and ops columns 
0.870398 0.100000 0.861902 0.700916 0.329926 0.638479 0.316859 0.303446 0.882772 0.566185 0.541431 0.312625 0.387862 1.269728 0.881173 1.213445 0.818891 0.335826 0.310164 0.100000 0.088739 0.100000 0.100000 0.728555 0.319006 0.905488 0.190090 
1.127755 0.100000 0.240318 0.820455 0.100000 0.122169 1.129675 0.295786 0.575120 0.908030 0.100000 0.622518 0.552535 0.841292 0.295045 1.639184 0.100000 0.607012 1.397540 0.277496 0.113088 0.356937 0.421707 0.007304 0.796737 0.237172 0.373265 
0.806000 0.100000 0.322430 0.458429 0.100000 1.433694 0.810513 1.258981 0.342741 0.543420 0.100000 0.100000 0.060027 0.100000 0.100000 0.100000 0.791138 0.100000 0.100000 0.100000 0.574930 0.503942 0.760259 0.053993 0.887908 0.119023 0.100000 
0.796325 0.502520 0.748842 0.100000 0.443258 0.100000 1.006749 0.751354 0.321226 0.100000 0.100000 1.044611 0.171395 0.707247 0.391139 0.087023 0.414395 0.105888 0.100000 0.424420 1.097068 0.137713 0.328674 0.100000 1.026863 0.773677 0.100000 
0.835140 0.218645 0.882522 1.077746 0.717048 0.100000 0.794487 0.859144 0.354227 0.834786 0.100000 0.117068 0.479794 1.049485 0.500681 0.100000 0.287246 0.841705 0.213655 0.100000 0.548726 0.514728 1.072899 0.100000 0.053057 1.173911 0.101216 
0.231389 0.067928 0.094363 1.779462 0.105989 0.460439 1.303310 0.335510 0.855368 0.100000 0.015112 0.556579 0.560257 0.154347 1.810578 0.864975 0.688293 0.353487 0.898400 0.080989 1.249208 0.347131 0.552995 0.100000 0.979557 0.633006 1.781895 
0.627971 0.100000 0.385309 1.025081 1.095130 0.100000 2.087209 0.960371 0.837317 0.129616 0.100000 0.046687 0.056656 0.100000 0.344049 0.602628 0.100000 0.100000 0.749707 0.652555 1.018657 0.100000 0.735885 0.100000 0.373251 0.571425 0.100000 
1.031792 0.100000 0.453261 0.731072 0.485228 0.100000 0.658880 0.815281 0.111799 0.358887 0.086470 0.397121 1.246496 0.966882 0.100000 1.116191 0.395301 0.357944 0.551890 0.068148 0.100000 0.625626 0.749314 0.136769 0.100000 0.048035 0.380025 
0.035632 0.789133 0.933672 0.824251 0.226323 0.100000 1.171470 0.214574 1.064352 2.236385 0.109654 0.652916 0.801491 1.318396 0.912865 1.352209 0.092374 0.995345 0.312635 0.361976 0.100000 0.234674 0.100000 0.056076 0.634540 0.314985 0.735477 
0.192678 0.100000 0.100000 0.591544 0.163472 0.356263 1.203270 0.215305 0.321240 0.422638 0.100000 0.356587 0.100000 1.257232 0.497857 0.827384 0.001794 0.643473 0.094905 0.632039 0.550506 1.315476 1.091282 0.100000 1.043779 1.353617 0.100000 
0.181130 0.100000 0.707754 0.943055 0.473977 0.213450 0.100000 0.615656 0.623163 0.467865 0.387111 0.100000 0.534502 0.330255 0.523795 0.886769 0.528855 0.548822 0.862485 0.416359 0.270244 0.389586 0.040924 0.430809 2.084599 0.618407 0.100000 
0.914819 0.492061 0.719897 0.755929 0.813149 0.985829 0.447264 0.100000 0.295149 0.420155 1.545960 0.100000 0.100000 0.178736 0.262855 0.277512 1.368548 0.100000 0.100000 0.100000 0.145534 0.306057 0.100000 0.100000 0.381861 0.568057 0.426444 
0.829294 0.100000 0.435511 0.496775 0.092780 0.516772 0.940294 0.100000 0.100000 0.482808 0.100000 0.100000 0.100000 0.100000 0.002869 1.292440 0.684750 0.070108 0.819823 0.100000 0.100000 0.730815 0.151976 0.727088 1.153248 0.619903 0.100000 
0.119841 0.411669 1.213424 1.760848 0.464216 0.889026 1.317104 0.100000 0.100000 1.298728 0.338360 0.100000 1.159631 0.100000 0.592130 1.049186 0.594486 0.100000 0.304440 0.584357 0.197798 0.208048 0.024042 0.100000 0.100000 0.269025 0.100000 
