28 Number of operations 
14 Number of workers 
Standard production times 
0.427555 0.464673 0.209769 0.479290 0.301691 0.502559 0.306026 0.158509 0.316776 0.340199 0.247781 0.164655 0.826878 0.333812 0.395398 0.409024 0.258730 0.504346 0.450276 0.482684 0.545695 0.948590 0.703927 0.727978 0.360909 0.567694 0.218141 0.553614 
Production times: workers row and ops columns 
1.143396 0.100000 0.100000 0.454912 0.100000 0.715086 0.018034 0.003219 0.472038 0.336432 0.224057 0.005150 1.086322 0.345414 0.986785 0.530772 0.793188 1.171160 0.389389 1.321431 0.328798 1.042647 0.749199 0.666343 0.100000 1.769355 0.058102 0.095556 
0.883398 0.421380 0.100000 0.634402 0.117916 0.159097 0.758510 0.487857 0.091138 1.054040 0.765092 0.100000 0.853135 1.696613 0.239029 0.100000 0.340352 0.245082 0.520220 0.452910 0.100000 1.768483 0.637805 1.012224 0.092322 0.646195 0.100000 0.100000 
0.491805 0.501212 0.100000 1.328334 0.100000 0.394901 0.100000 0.524381 0.200953 0.100000 0.100000 0.270953 1.647736 0.330312 0.444470 1.377005 1.428200 0.100000 0.348914 0.392254 0.898420 0.697056 0.100000 1.501400 0.100000 0.455442 0.906647 0.300299 
0.744036 0.100000 0.181778 0.100000 0.317738 0.968852 0.100000 0.609350 0.100000 0.519149 0.100000 0.220122 0.869088 0.507967 0.100000 0.100000 0.154457 1.017722 1.962890 0.155551 1.349333 1.755704 0.846682 1.326376 0.100000 0.100000 0.501553 0.398498 
0.340802 1.482028 0.271030 0.281838 0.703729 0.100000 0.763924 0.100000 0.648625 0.100000 0.100000 0.100000 1.761212 0.547585 0.223927 0.304286 0.289121 0.540431 0.212633 0.359895 0.620128 0.100000 0.236236 0.100000 0.186576 0.514788 0.742584 0.194531 
0.881702 0.032858 0.678740 0.214264 0.139824 1.077820 0.643259 0.100000 0.567516 0.161615 0.489863 0.100000 1.612378 0.100000 0.173316 0.983793 0.100000 0.555935 0.100000 0.609934 0.476318 1.016168 0.354473 0.752037 0.898388 0.100000 0.100000 0.577891 
0.500868 0.499893 0.100000 1.353408 0.244392 0.793558 1.113010 0.100000 1.130158 0.933116 0.100000 0.682959 0.969979 0.419370 0.745769 0.152841 0.100000 0.826510 0.704288 0.770036 0.313339 0.699884 0.769591 0.155053 1.017344 0.008107 0.100000 0.100000 
0.412577 0.252256 0.100000 0.656896 0.100000 1.126620 0.136814 0.100000 0.021272 0.100000 0.329712 0.100000 0.117445 0.927608 0.413228 0.100000 0.440088 1.337664 0.195239 0.371198 0.333158 0.922362 0.631719 1.837775 0.100000 0.939667 0.558788 0.498296 
0.941928 0.386050 0.588700 0.642184 0.706918 0.100000 0.768996 0.602205 0.686683 0.440168 0.007215 0.551545 1.457462 0.030661 0.611055 0.100000 0.563517 0.149903 0.816290 0.384098 0.359409 0.656523 0.942831 1.005646 0.087038 0.535964 0.521565 1.004742 
1.349292 0.227049 0.333523 0.626247 0.103128 0.580096 0.385707 0.227023 0.100000 0.100636 0.090242 0.377566 1.068316 0.449495 1.174350 0.100000 0.563495 0.944682 1.125797 1.366806 0.519784 1.394267 1.049414 0.622824 0.218562 0.199381 0.235713 0.128773 
0.289801 1.500073 0.870818 0.128879 0.846859 0.528143 1.525979 0.100000 0.100000 0.504795 0.100000 0.282290 1.352443 0.405782 0.518442 0.054740 0.100000 0.676677 0.112757 0.100000 1.234665 1.583839 1.296334 1.764866 0.100000 0.331089 0.100000 0.465261 
0.100000 0.675166 0.100000 1.047296 0.299800 0.247705 0.501769 0.434395 0.428673 0.100000 0.684454 0.084541 1.323563 0.406308 0.100000 0.293289 0.100000 1.482074 0.100000 0.653287 0.100000 0.373720 0.391540 1.316884 0.100000 0.768570 0.100000 1.068031 
0.074370 0.456906 0.100000 0.278182 0.943115 0.764563 0.293120 0.100000 0.603507 0.321508 1.422750 0.296434 1.544735 0.524804 0.478491 0.905344 0.596644 0.100000 0.278960 0.574561 0.761790 0.100000 0.943121 0.872802 0.165783 0.065915 0.100000 0.463905 
0.930269 0.685774 0.471350 0.383327 0.100000 0.422109 0.100000 0.149000 0.100000 0.398188 0.046990 0.100000 1.887957 1.275217 0.100000 0.150583 0.863492 1.614541 1.028720 0.340379 0.183202 0.808647 1.481742 0.818183 0.100000 0.452818 0.100000 0.587600 
