26 Number of operations 
10 Number of workers 
Standard production times 
0.399980 0.727271 0.324414 0.499304 0.522973 0.343249 0.100000 0.484363 0.259075 0.626146 0.277307 0.418953 0.531994 0.420964 0.103337 0.683063 0.306710 0.520328 0.466141 0.202261 0.480404 0.100000 0.221847 0.457403 0.386865 0.100000 
Production times: workers row and ops columns 
0.100000 0.889731 1.381264 0.108844 0.520082 0.100000 0.379511 0.539598 0.100000 0.681855 0.100000 1.465233 0.839473 0.012646 0.100000 0.434794 0.219993 0.172175 0.250712 0.695406 1.165888 0.712125 0.416937 0.358348 0.100000 0.319235 
0.177368 0.626505 1.327707 0.451977 0.097932 0.012041 0.100000 0.397391 0.865896 0.451419 0.100000 0.698348 0.629779 0.279459 0.290589 0.267596 0.100000 1.386470 1.083258 0.039883 0.848729 0.100000 0.041718 1.697698 0.485655 0.100000 
0.172157 0.918663 0.100000 0.100000 0.318562 0.100000 0.100000 0.100000 0.322482 1.088105 1.066936 0.100000 1.032895 0.267836 0.100000 0.239601 1.191413 0.100000 0.899626 1.025080 1.296313 0.100000 0.390517 0.186321 0.100000 0.373139 
0.163150 0.670427 1.382651 0.961005 0.709758 0.006790 0.100000 0.458477 0.186924 0.560464 0.106859 0.768308 0.240765 1.207204 1.160465 0.094919 0.009933 1.000550 1.121793 0.100000 0.596248 0.847843 0.100000 0.512677 0.842922 0.100000 
0.937679 0.474311 0.100000 1.255426 0.618912 0.171691 0.100000 0.866085 0.334211 1.368485 0.455717 0.408903 0.278542 0.835021 0.100000 0.778874 0.309800 0.150780 0.166100 0.239209 0.259184 0.221239 0.100000 0.078892 0.428093 0.887829 
0.100000 0.522244 0.679051 0.100000 0.875575 0.311986 0.314034 0.100000 0.580351 0.682491 0.163913 0.100000 0.843181 0.739880 0.220471 0.447790 0.928203 0.100000 0.865419 0.100000 0.552232 0.100000 0.100000 0.738976 0.100000 0.384780 
0.272306 1.301108 0.100000 0.514651 0.668480 0.525959 0.100000 1.112945 0.359348 0.245072 0.422552 0.100000 0.697399 0.236591 0.404435 0.278523 0.689849 0.839080 0.758767 0.100000 0.664225 0.484403 0.157614 0.842093 1.124433 0.417088 
0.100000 0.872953 0.262629 0.539414 0.278108 0.337049 0.100000 0.253210 0.076361 0.829464 1.557841 0.322521 0.226224 0.640623 0.231504 0.909236 0.100000 0.100000 0.705672 0.011098 0.382807 0.719100 0.490098 0.290192 0.952208 1.006570 
0.541435 0.100000 0.100000 1.139449 1.125568 0.100000 0.100000 1.725212 0.143565 1.252856 0.040975 0.100000 0.686201 0.265524 0.194414 1.247806 0.100000 0.203697 0.175636 0.081285 0.550328 0.100000 0.029359 0.259458 0.100000 0.100000 
0.423930 0.172752 0.538491 0.493577 0.058149 0.100000 0.769909 0.631263 0.525752 0.246292 0.379209 0.211328 0.989301 0.494015 0.100000 1.191326 0.100000 0.100000 1.101591 0.363483 0.582786 0.017032 0.064733 0.576887 0.927771 0.035102 
