22 Number of operations 
10 Number of workers 
Standard production times 
0.347704 0.647374 0.379649 0.100000 0.347897 0.502285 0.100000 0.324725 0.673614 0.429404 0.250620 0.136490 0.834959 0.552090 0.799179 0.235264 0.306833 0.263342 0.519558 0.564831 0.277685 0.336338 
Production times: workers row and ops columns 
0.854243 0.445551 0.225857 0.345977 1.067226 1.398393 0.100000 0.319517 0.945677 0.100000 0.622075 0.003792 1.189711 0.683954 0.100000 0.123582 0.340065 0.100000 1.016027 0.778120 0.667868 0.100000 
0.761436 0.100000 0.100000 0.100000 0.422043 0.100000 0.848844 0.653565 0.467096 0.831754 0.594344 0.329844 0.409311 0.232460 0.195315 0.100000 0.825391 0.034279 0.955991 0.307298 0.464829 0.100000 
1.062120 0.514119 0.322766 0.112019 0.100000 0.964152 0.091486 0.805089 1.113347 0.153136 0.532711 0.329541 0.558361 0.458266 0.800070 0.368583 0.100000 0.430859 0.321824 0.919590 0.529201 0.013785 
0.480859 1.000354 0.171776 0.108161 0.481803 1.019739 0.064568 0.100000 1.171272 0.669797 0.100000 0.100000 0.100000 1.001774 1.657286 0.722138 0.699868 0.256328 1.118654 0.269439 0.311740 0.100000 
0.291469 1.122973 0.477636 1.032148 1.066983 0.020791 0.100000 0.100000 0.888235 0.499919 1.521929 0.100000 0.312995 0.412430 0.145661 0.315904 0.602823 0.661462 1.551337 1.140663 0.805358 0.240336 
0.847313 0.367246 1.095924 0.520408 0.945391 0.100000 0.100000 1.268933 1.544518 0.240516 0.635060 0.417640 0.606793 0.168377 0.100000 0.318965 0.100000 0.780121 1.709584 0.985118 0.259337 0.033170 
0.895910 0.176372 0.624887 0.100000 0.136460 0.246035 0.316406 0.005355 1.267489 0.664287 0.100000 0.234282 0.010433 0.183064 1.118948 0.131966 0.139187 0.505151 0.336196 0.782517 0.257365 0.011343 
0.719935 0.706957 0.045136 0.561595 0.100000 1.409708 0.100000 0.100000 1.099802 0.100000 0.100000 0.100000 1.103822 0.100000 1.091801 0.253606 0.112543 0.261156 0.322317 0.467412 0.100000 1.079065 
0.458302 0.176703 0.100000 0.258664 0.277645 1.250984 0.134327 0.100000 1.193520 0.100000 0.100000 0.100000 0.925345 0.779256 0.689143 0.100000 0.341129 0.100000 0.723043 0.224803 0.100000 0.100000 
0.173034 1.465600 0.760869 0.468196 0.876818 0.100000 0.711015 0.715719 0.723942 0.100000 0.100000 0.069182 0.822245 0.614714 1.260329 0.699046 0.100000 0.100000 1.133178 0.100000 0.571661 0.525725 
