29 Number of operations 
11 Number of workers 
Standard production times 
0.586463 0.100000 0.100000 0.404754 0.114173 0.252837 0.632636 0.249809 0.723783 0.188956 0.203461 0.444859 0.387562 0.444614 0.548615 0.100000 0.459727 0.378045 0.797122 0.771088 0.165913 0.359156 0.291790 0.271110 0.100000 0.520415 0.435165 0.654126 0.315419 
Production times: workers row and ops columns 
0.126655 0.061794 0.625209 0.100000 0.100000 0.100000 0.271076 0.392818 0.728524 0.037656 0.100000 0.214099 0.688974 0.487227 0.299776 0.010458 0.203914 0.899581 0.085469 1.693049 0.085244 0.612612 0.403483 0.369230 0.100000 0.015582 0.100000 0.756312 0.058245 
1.413371 0.100000 0.100000 0.965654 0.100000 1.334796 0.637427 0.518354 0.907504 0.012717 1.259353 0.290912 0.160500 0.313926 0.594900 0.673048 0.731505 0.698469 0.710476 0.100000 0.083679 0.100000 0.384725 0.176783 0.359534 0.100000 0.031201 1.015726 0.385952 
0.100000 0.100000 0.100000 0.100000 0.100000 0.316409 1.521040 0.036271 1.042998 0.100000 0.456905 0.487068 0.021279 0.299922 0.717325 0.219128 0.545827 0.239516 0.288434 0.853050 0.236279 0.201696 0.100000 0.991290 0.594397 0.050165 0.406893 1.580835 0.838856 
1.929682 0.100000 0.073873 0.100000 0.524452 0.100000 0.614094 0.285533 0.190317 0.406756 1.271916 0.515248 0.183718 0.611997 0.066855 0.606653 0.670906 0.100000 0.881409 0.203733 0.977213 0.605287 0.631827 0.521702 0.041382 0.163153 0.909135 0.818346 1.314434 
0.367233 0.793896 0.269481 0.100000 0.100000 0.100000 0.646467 0.847009 0.734127 0.100000 0.423508 1.274153 0.435566 0.100000 1.002192 0.100000 0.456473 0.521277 1.026696 0.694788 0.441274 0.126377 0.100000 0.613661 0.738475 0.433714 0.398440 0.291311 0.131204 
0.713672 0.341096 0.529656 0.098720 0.100000 0.100000 1.053379 0.548413 1.134385 0.749525 0.100000 1.206198 0.538705 0.654914 0.505352 0.743499 0.100000 0.531758 0.926959 0.844226 0.436592 0.100000 0.426520 1.155705 0.137221 0.684978 0.436099 0.423983 0.100000 
0.779733 0.356408 0.100000 1.009216 0.380602 1.279383 1.660148 0.512193 1.340822 0.719588 0.168740 0.498498 1.047114 0.613722 0.728815 0.100000 0.100000 0.433245 0.944719 1.621645 1.045655 0.908496 1.067248 0.371610 0.839246 0.618729 1.041648 0.642170 0.315144 
0.002354 0.100000 0.397933 0.246611 0.017500 0.100000 1.263792 0.100000 2.155860 1.113765 1.046073 0.499243 0.554403 0.505908 0.407022 0.100000 0.231016 0.583833 0.433482 0.741081 0.497740 0.604380 0.100000 0.100000 0.100000 0.276000 0.100000 0.471307 0.322446 
1.366772 0.100000 0.115369 0.100000 1.133418 0.430277 0.806100 0.100000 1.422764 0.100000 0.292076 1.140383 1.119938 1.038509 0.321877 0.274553 1.220797 0.100000 0.900959 0.941254 0.100000 0.284379 0.100000 0.100000 0.398253 0.758642 0.448951 1.365208 0.122267 
0.100000 0.817488 0.853077 1.207236 0.057379 0.459391 1.248370 1.146076 0.374210 1.232783 0.688572 1.162139 0.041186 0.956326 0.617256 0.100000 0.148028 0.100000 0.881663 0.573996 0.100000 1.193271 0.509710 0.141726 1.084047 0.624694 0.593688 0.797489 1.170492 
0.060808 1.399341 0.146257 0.871549 0.100000 0.262147 0.012735 0.203546 0.361024 0.100000 0.638204 0.627133 0.522380 0.372866 0.299471 0.100000 0.100000 0.389171 1.112014 0.726027 0.100000 0.163585 0.008852 0.988151 0.100000 0.772104 0.168943 0.100000 0.921390 
