24 Number of operations 
14 Number of workers 
Standard production times 
0.674837 0.100000 0.153859 0.555857 0.712839 0.769092 0.252647 0.551306 0.593768 0.726309 0.583340 0.100000 0.295344 0.171145 0.619245 0.420999 0.100000 0.429676 0.342050 0.473564 0.841403 0.291705 0.272122 0.196800 
Production times: workers row and ops columns 
1.144795 0.100000 0.100000 0.457508 1.018098 1.328496 0.233757 0.764887 0.167087 0.288346 0.579862 0.509939 0.025075 0.100000 0.057065 1.229514 0.100000 0.571319 0.410959 0.100000 0.887871 0.079163 0.100000 0.116713 
1.325137 0.100000 0.920813 0.612890 1.146744 0.410512 0.100000 0.976456 0.410347 1.412371 0.213438 1.009096 1.067420 0.150473 0.054332 0.593798 1.101211 0.585136 0.217933 0.100000 1.284677 0.336561 0.100000 0.202664 
0.745637 0.977793 0.100000 0.221862 0.818355 0.436907 0.186308 1.495693 0.546115 0.100000 0.998104 0.100000 0.481073 0.100000 0.675504 0.100000 0.642408 1.045217 1.088614 0.483233 0.663996 0.100000 0.100000 0.100000 
0.100000 0.100000 0.100000 1.031823 0.451366 0.417083 0.779073 1.723254 0.709555 0.967504 0.100000 0.128871 0.100000 0.100000 0.642341 0.540725 0.100000 1.049132 0.100000 0.834545 1.009735 0.401675 0.608119 0.882445 
1.785133 0.100000 0.100000 1.122686 0.703246 0.860936 0.100000 1.028317 1.315001 1.079290 0.516710 0.100000 0.100000 0.100000 0.891556 0.925539 0.100000 0.314778 0.100000 0.717115 0.408279 1.405301 0.693900 0.392998 
0.735166 0.146154 0.100000 0.340486 1.150327 0.868506 0.498112 0.041514 0.619573 0.986591 0.830979 0.100000 0.100000 0.382069 0.393817 0.100000 0.247951 0.867727 1.069865 0.326255 1.393039 0.216011 0.100000 0.100000 
0.083606 0.100000 0.100000 0.901449 1.095277 1.742181 0.393988 0.570756 0.507087 1.050551 0.922228 0.100000 0.537256 0.005387 1.197152 1.246399 0.839724 1.319907 0.969467 1.751124 0.007745 0.466146 1.346096 0.053582 
1.579782 0.036257 0.100000 0.926711 1.172662 1.109906 0.537420 0.143351 0.143290 1.396842 0.687645 0.100000 0.495030 0.100000 0.327225 0.444507 0.240225 0.183573 0.745673 0.052117 1.539744 0.149478 0.863905 0.411151 
0.100000 0.259426 0.100000 0.966311 0.429289 1.276310 0.100000 0.400745 0.782606 0.488772 1.149987 0.139567 0.400647 0.784790 0.936978 0.989696 0.100000 1.169063 0.199644 0.789145 0.208256 0.482483 0.100000 0.100000 
0.100000 0.100000 0.300826 0.102395 1.608201 1.389411 0.100000 0.100000 0.100000 1.259970 0.875902 0.100000 0.497541 0.162736 0.341282 0.208961 0.411707 0.100000 0.100000 0.244006 0.813046 0.373924 0.465739 0.100000 
0.793899 0.265114 0.180426 0.520522 0.100000 0.399337 0.433603 0.865127 1.361722 1.006366 0.997125 0.100000 0.100000 0.100000 0.172501 0.577080 0.100000 0.234467 0.470323 0.722771 0.033538 0.766325 0.100000 0.139470 
1.002100 0.273440 0.133267 0.142342 0.159723 0.296689 0.748319 0.633553 0.837952 0.100000 1.072331 0.100000 0.100000 0.100000 0.076105 0.100000 0.100000 0.208756 0.265720 0.833296 0.100000 0.100000 0.213890 0.687259 
0.821977 0.100000 0.611680 0.100000 1.443715 1.146958 0.100000 0.929964 0.100747 0.991243 0.100000 0.049210 0.387981 0.100000 0.582040 0.194766 0.100000 0.714839 0.881779 0.100000 1.022378 0.575374 0.385272 0.100000 
1.273103 0.100000 1.183246 0.652061 1.081797 0.938615 0.225816 0.969694 0.041385 0.609033 0.100000 0.100000 0.525161 0.246499 0.882922 0.124372 0.415196 0.100000 0.100000 1.429101 0.543739 0.100000 0.100000 0.059267 
