36 Number of operations 
9 Number of workers 
Standard production times 
0.418913 0.654454 0.174183 0.453544 0.726196 0.563752 0.743366 0.100000 0.323150 0.100000 0.462685 0.276625 0.289017 0.384415 0.100000 0.425320 0.189607 0.187875 0.254552 0.302272 0.280448 0.237391 0.262715 0.569327 0.244075 0.100000 0.166305 0.321873 0.418492 0.264123 0.150941 0.356851 0.363303 0.689021 0.330624 0.280054 
Production times: workers row and ops columns 
0.100000 1.097533 0.100000 1.015055 1.778671 0.916290 1.168971 0.100000 0.327622 0.298789 0.820328 0.391886 0.523613 0.100000 1.633321 0.627915 1.433208 1.461554 0.100000 0.100000 0.008442 0.032545 0.144606 0.141775 0.212422 0.195974 0.434416 0.364100 0.100000 0.841474 0.100000 0.778109 0.100000 1.174897 0.393756 0.763370 
0.732973 1.428681 0.100000 1.175490 1.041955 0.731235 0.807986 1.133573 0.100000 0.525710 0.870025 0.100000 0.100000 0.100000 0.100000 0.700116 0.254254 0.100000 0.360536 0.412973 1.373658 0.100000 0.100000 0.444627 1.074632 0.894241 0.100000 0.543709 0.100000 0.673002 0.494293 0.100000 0.152660 0.543119 0.012804 0.694324 
0.100000 1.097117 0.388394 0.615719 0.973883 0.187835 0.483177 0.100000 0.733890 0.100000 0.783011 0.878654 0.100000 0.100000 0.015531 1.326575 0.100000 0.150031 0.619209 0.446069 0.178591 0.687504 0.318399 0.446615 0.235970 0.722280 0.416661 0.416717 1.166712 0.100000 0.023229 0.340368 0.279076 0.100000 0.665971 0.100000 
0.100000 0.525940 0.100000 0.830402 0.354129 0.166772 1.095059 0.100000 0.873300 0.100000 1.096976 1.254472 0.615999 0.100000 0.502368 0.420703 0.100000 0.100000 0.076833 1.358198 0.164726 0.111516 0.579430 1.038093 0.525082 0.222071 0.236995 0.561281 0.521779 0.100000 0.100000 1.127840 0.100000 0.737276 0.393032 0.100000 
0.798535 1.456590 0.372483 1.300766 0.467722 0.290573 1.229946 0.148555 0.657377 0.065551 0.967493 0.679054 0.251562 0.161963 0.100000 0.419726 0.667702 0.061200 0.070001 0.878411 0.837436 0.704507 0.100000 0.102788 0.037247 0.018199 0.100000 1.006903 0.703649 0.569255 0.100000 0.518009 0.100000 0.876358 0.870035 0.100000 
0.344765 1.336266 0.100000 0.100000 1.305131 0.581360 0.021978 0.100000 0.100000 0.019309 1.272142 0.398902 1.125549 0.934210 0.545891 0.100000 0.298857 0.100000 1.244229 0.100000 0.024396 0.191733 0.471879 0.267342 1.233653 0.100000 0.113445 0.100000 0.100000 0.275757 0.212799 1.089332 0.229718 1.086661 0.509623 0.192448 
1.466979 0.444812 0.311449 0.962822 1.420054 0.493943 0.914371 0.102906 0.235293 0.174201 0.331934 0.280463 0.100000 0.170391 0.100000 0.011508 0.100000 0.472314 0.100000 0.100000 0.142147 0.100000 0.028341 0.796883 0.679217 0.100000 0.157136 0.597416 0.629579 0.919790 0.100000 0.456199 0.100000 0.078721 0.355448 0.293175 
0.081247 0.732031 0.202627 0.831871 0.234078 0.597564 0.100000 0.100000 1.021025 0.100000 0.100000 0.050854 0.100000 0.517522 0.100000 0.436000 0.803481 0.355628 0.100000 0.100000 0.004187 0.100000 0.100000 0.846607 0.482379 0.131390 0.366054 0.941308 0.571734 0.332061 0.614506 0.354076 0.065074 0.100000 0.311787 0.100000 
1.156582 0.632525 0.063134 0.100000 0.899691 0.870451 0.790314 0.100000 0.542597 1.002994 0.867276 0.100000 0.297696 0.293271 0.403403 0.100000 0.100000 0.100000 0.640473 0.900286 1.380317 0.322637 0.229649 0.548379 0.004273 0.388127 0.100000 0.100000 0.100000 0.643754 0.412433 0.707930 0.610405 1.133484 0.148997 0.825026 
