35 Number of operations 
9 Number of workers 
Standard production times 
0.196333 0.215865 0.591547 0.222859 0.531812 0.414353 0.540371 0.790544 0.391925 0.589457 0.545962 0.400541 0.438408 0.246454 0.704657 0.355232 0.193103 0.363941 0.664716 0.272666 0.447781 0.653491 0.424539 0.243590 0.665192 0.428150 0.547059 0.297897 0.210878 0.491324 0.223508 0.100000 0.457942 0.468194 1.008310 
Production times: workers row and ops columns 
0.100000 0.009654 0.910284 0.197230 0.477042 0.535637 0.027219 0.469642 0.785237 0.217367 1.003745 0.784663 0.100000 0.024772 1.431591 1.164296 0.997186 0.734988 0.335196 0.100000 0.269762 0.496688 1.332793 0.517526 0.608502 0.892234 0.557093 0.100000 0.268369 0.600621 0.056383 0.980723 0.100000 0.220293 1.753851 
0.100000 0.100000 0.913269 0.091465 1.340065 0.799653 1.044234 1.066964 0.536202 0.100000 0.173961 0.568557 0.667547 0.218027 0.100000 0.690396 0.031914 0.160050 0.383365 0.057549 0.268339 1.088265 0.869432 0.810456 0.100000 0.328832 0.281877 0.015693 0.206802 0.606807 0.224747 0.302508 1.039081 1.063595 1.516807 
0.975306 0.100000 0.100000 0.100000 1.549166 0.100000 0.221671 0.529020 0.155222 0.874609 1.103313 1.746574 0.468285 0.136473 0.465324 0.215714 0.284105 0.915103 0.133906 0.100000 0.635211 0.507119 0.453042 0.733249 0.668196 0.095598 0.129908 0.473002 0.433146 0.100000 0.100000 0.100000 0.718512 0.100000 0.764588 
0.581369 0.249048 1.339551 0.387915 0.049825 0.612518 0.806161 0.680023 0.481039 0.697990 0.208413 0.623203 0.995417 0.314810 0.570173 0.100000 0.192488 0.193461 0.359697 0.339136 1.195613 0.288542 0.723575 0.100000 0.307340 0.291059 0.703378 0.100000 0.733169 0.523365 0.029003 0.100000 0.100000 0.028822 0.432650 
0.100000 0.100000 1.223808 0.402829 0.225008 0.444722 0.409545 0.965036 0.732618 0.408655 0.287694 0.452677 0.858278 0.629030 0.270615 1.101468 0.185287 0.100000 0.645893 0.390842 0.100000 0.497230 1.421086 0.328496 0.799270 0.383800 0.613137 0.100000 0.100000 0.100000 0.100000 0.366595 1.297654 0.451640 0.914694 
0.100000 0.015304 0.100000 0.037178 0.039170 0.262675 0.353176 0.991716 0.100000 0.608447 1.052643 0.828388 0.064972 1.531731 0.719190 1.488890 0.035553 0.100000 1.270419 0.727352 0.329115 0.481758 0.675596 0.100000 0.802963 0.471453 1.053960 0.100000 1.223647 0.252307 0.499439 0.829959 0.405244 0.428806 1.054950 
0.972891 0.928875 0.141763 0.100000 0.763646 0.100000 0.100000 0.100000 1.066247 0.331228 0.952865 0.100000 1.413761 0.100000 0.066070 0.100000 0.416107 0.596637 0.802876 0.679480 0.649603 0.817030 1.259796 0.513672 0.100000 0.381992 0.100000 1.358565 0.883889 0.622056 0.003497 0.146011 0.254718 0.896893 1.080469 
0.100000 0.305380 0.414427 0.603432 0.411392 0.568095 0.100000 0.247862 0.565952 0.344797 0.414610 1.108231 0.430032 0.691523 1.689795 0.181224 0.290404 0.100000 1.321457 0.076398 0.100000 0.421426 0.258883 1.032916 0.452443 0.674238 0.476146 1.240375 0.818692 0.416092 0.100000 1.075575 0.100000 1.266017 0.940151 
0.259316 0.072663 0.071171 0.172551 0.160865 0.100000 0.335853 1.019858 0.534664 1.302625 0.486453 0.100000 0.474727 0.525380 0.736346 0.100000 0.100000 0.591195 0.544966 0.100000 1.083015 0.195351 0.745277 0.100000 0.459359 0.100000 0.429784 0.197348 0.100000 0.628019 0.096755 0.242688 0.270006 0.483982 1.998482 
