38 Number of operations 
15 Number of workers 
Standard production times 
0.187514 0.606112 0.408151 0.632761 0.100000 0.263819 0.347804 0.411639 0.190643 0.174411 0.348059 0.373461 0.433086 0.159557 0.324888 0.384211 0.382547 0.100000 0.254556 0.366689 0.587785 0.384239 0.618146 0.565859 0.693827 0.343032 0.332431 0.352519 0.462545 0.464412 0.691158 0.552324 0.532704 0.426667 0.602873 0.100000 0.552320 0.327866 
Production times: workers row and ops columns 
0.100000 0.558404 0.758838 0.100000 1.475201 0.100000 0.268324 0.891283 0.100000 1.230873 0.763487 0.377906 0.029019 0.100000 0.100000 0.325116 0.935304 0.100000 1.043013 0.153854 0.106549 0.338034 0.202670 0.857167 0.884512 0.767241 0.347981 0.186658 1.410064 1.906919 0.750978 0.475571 0.349386 0.400746 0.116858 0.831894 0.758650 0.026491 
0.932435 0.862859 0.100000 0.361824 0.495967 0.370343 0.362098 0.100000 0.210354 0.226328 0.881858 1.260359 0.361847 0.100000 0.787538 0.297039 0.600085 0.599973 0.373759 0.431859 0.383811 0.100000 0.475265 0.042139 1.155869 0.398461 0.717751 0.100000 0.849008 0.519423 0.122861 1.027280 0.677028 0.404940 0.796636 0.100000 0.100000 0.283201 
0.670225 0.577379 1.003489 0.100000 0.100000 0.051184 0.100000 1.541358 0.100000 0.100000 0.400541 0.309714 0.032403 0.100000 0.100000 0.100000 1.102396 0.631179 0.100000 0.487834 1.467037 0.317064 1.639679 0.584368 0.811908 0.352229 1.076388 1.172726 0.536238 0.207131 1.067348 0.569049 0.665791 1.985602 0.100000 0.100000 0.703409 0.100000 
0.270225 0.100000 0.411972 0.450677 0.100000 0.161382 0.756087 0.202913 0.282489 0.100000 0.860089 0.640335 0.697440 0.831982 0.153464 0.100000 0.897430 0.016085 0.032140 1.333572 0.100000 0.255224 0.206121 0.100000 1.194158 0.427719 0.100000 0.571683 0.404893 0.100000 0.846040 0.558104 0.305794 0.677513 0.811340 0.100000 0.189000 1.277772 
0.471666 0.803420 0.936541 0.108090 0.334172 0.100000 0.100000 0.790167 0.100000 0.100000 0.100000 0.100000 0.377098 0.100000 0.144779 0.675462 0.380896 0.025813 0.582023 0.156225 0.388276 0.308142 0.021097 0.648197 1.387724 0.077499 0.957068 0.913857 0.709221 0.100000 0.405644 0.620823 1.082664 0.833164 0.577522 0.100000 0.531697 1.218497 
0.531627 1.301646 0.348932 1.161122 0.100000 0.100000 1.626575 0.188863 1.086865 0.770533 0.100000 1.275741 1.014034 0.621384 0.100000 0.897930 0.164886 0.713745 0.100000 0.100000 0.100000 1.127921 0.296713 0.084266 0.889713 0.066007 0.569854 0.426713 1.093287 0.840567 0.517099 1.167922 1.076272 0.638604 0.732101 0.759680 0.445407 0.026396 
1.006252 1.158142 1.428076 0.249785 0.353829 0.359284 0.100000 0.858726 0.440017 1.764255 0.409000 0.100000 0.100000 0.298277 0.517627 0.574177 0.310237 0.079709 0.526356 0.100000 0.278219 0.548559 0.689076 0.470300 0.597960 0.094962 0.100000 1.268038 1.325869 0.622196 0.361826 0.458311 0.868028 0.702701 0.800726 0.100000 0.336950 0.826816 
0.270412 0.100000 0.844949 1.046361 0.219039 0.830953 1.283779 0.479417 0.319761 0.100000 0.247411 0.133349 0.861744 0.100000 0.563958 1.010122 0.904163 0.100000 0.704110 0.265124 1.472571 0.390324 0.860662 0.100000 0.903533 0.845644 0.100000 0.793420 0.674502 0.328374 1.043968 1.207001 0.389227 0.266090 0.293281 0.100000 0.422742 0.533309 
0.932711 0.887745 0.197691 0.460953 0.256536 0.100000 0.858882 0.155265 0.819156 0.100000 0.754920 0.865213 0.420834 0.100000 0.100000 0.573886 0.205730 0.500334 0.100000 0.100000 0.570269 0.148210 1.192656 0.796423 0.387934 0.100000 0.577000 1.017134 1.300881 0.146621 1.577628 0.884334 1.630256 0.179697 1.839697 0.165373 1.489107 0.100000 
0.691300 0.540090 0.245144 0.100000 0.100000 0.481155 0.250831 0.100000 1.042295 0.100000 0.461466 0.943482 0.100000 0.100000 0.501758 0.061479 1.617930 0.203990 0.511203 0.100000 0.590558 0.182817 0.100000 0.383627 0.832704 0.100000 0.722473 0.087983 0.386776 0.100000 0.832778 0.442652 0.933123 0.100000 0.583454 0.100000 0.971771 0.427173 
0.201199 0.400631 0.801366 1.003322 0.410334 0.100000 0.447601 0.955582 0.100000 0.100000 0.100000 0.022595 0.100000 0.137011 0.100000 0.964555 0.221444 0.435609 0.100000 0.023939 0.581866 1.548119 1.052770 0.332189 0.509713 0.398955 0.203729 0.100000 0.883490 0.018615 1.070798 0.078423 0.622627 0.129778 0.617269 0.131817 1.422891 0.855392 
0.100000 0.241970 0.958225 0.399880 0.100000 0.534028 0.741648 0.100000 0.100000 0.100000 0.386907 0.830734 0.992779 0.555112 0.817989 0.444817 0.484111 0.907742 0.100000 0.100000 1.215014 0.096775 0.100000 0.523946 0.881938 0.777702 0.360697 0.030513 0.439320 0.066538 0.464210 0.703792 0.014043 0.233606 0.952565 0.389308 0.435359 0.266010 
0.100000 1.090174 0.930531 1.099477 0.055433 0.055932 0.841780 0.100000 0.100000 0.100000 0.311935 0.100000 0.693790 0.100000 0.100000 0.488279 0.654892 0.100000 0.111455 0.264356 0.843072 0.100000 1.087006 0.895278 0.686565 0.100000 0.764534 0.027641 0.368947 0.785104 0.863974 0.417868 0.100000 0.168799 0.909653 0.094928 0.848636 0.100000 
0.244233 0.769534 0.285618 0.594806 0.409646 0.385235 0.354478 0.021307 0.414349 1.058310 0.482804 0.100000 1.168720 0.466978 0.102853 0.282943 0.698933 0.100000 0.243842 0.543471 0.610430 1.105424 0.579423 0.653443 0.961600 0.946840 0.477521 0.104252 0.990470 1.094500 0.100000 0.642104 1.264977 0.367237 1.827280 0.100000 0.121022 0.100000 
0.531747 0.941294 0.102272 0.861634 0.177499 0.179972 0.466138 0.100000 0.100000 0.019097 0.100000 0.100000 0.100000 0.100000 0.475290 0.742212 0.633951 0.100000 0.824973 0.371100 1.807957 0.100000 0.168049 0.862354 0.756417 0.100000 0.715112 0.100000 0.100000 0.760305 1.411456 0.100000 0.100000 0.288282 0.100000 0.100000 0.202902 1.324757 
