39 Number of operations 
15 Number of workers 
Standard production times 
0.570571 0.555643 0.310257 0.499271 0.593582 0.370323 0.378131 0.486377 0.256790 0.423884 0.279803 0.201861 0.211344 0.434834 0.367738 0.627018 0.500996 0.100000 0.369721 0.877215 0.421729 0.279348 0.358001 0.100000 0.437473 0.256056 0.459649 0.489137 0.357089 0.528261 0.130786 0.646193 0.569789 0.448945 0.501149 0.627387 0.499416 0.563461 0.558555 
Production times: workers row and ops columns 
0.037251 1.160924 0.273932 0.007540 0.469893 1.002969 0.326688 1.321749 0.399864 0.223030 0.677121 0.656209 0.099290 1.198382 0.591402 0.148025 0.100000 0.100000 0.100000 0.100000 0.543585 0.100000 0.348501 0.100000 0.606643 0.810382 1.037646 0.791396 0.037565 0.175184 0.473121 0.763812 1.420400 0.532482 0.895234 0.487008 0.517991 0.775051 0.100000 
0.423491 0.010023 0.303724 1.067189 0.712305 0.100000 0.617788 0.100000 0.817773 0.127183 0.100000 0.100000 0.100000 0.100000 0.276169 0.100000 0.327324 0.100000 0.100000 1.546638 0.100000 0.100000 0.814324 0.100000 0.100000 0.661964 0.100000 0.774368 0.778356 0.100000 0.150002 0.679580 0.646362 1.481709 0.489850 1.351017 0.389668 0.972867 0.592557 
0.741735 0.779827 1.084193 0.100000 0.419787 0.100000 0.065276 0.706797 0.215711 0.684683 0.100000 0.392084 0.100000 1.218540 0.481351 0.729690 0.978823 1.058980 1.248517 0.903058 0.100000 0.100000 0.411896 0.100000 0.844353 0.417295 0.892030 0.306448 0.440217 0.100000 0.100000 0.367791 0.502630 0.762449 0.100000 0.700433 0.432617 1.142669 0.100000 
0.627721 0.329321 0.208963 0.442369 0.862212 0.230932 0.920778 0.411938 0.055022 1.282730 0.585007 0.100000 0.100000 0.437493 0.100000 0.140532 0.876921 0.122928 0.292516 1.269596 0.006218 0.295565 0.100000 0.100000 0.354794 0.100000 0.835410 0.774082 0.463642 1.826641 0.218060 0.794623 0.100000 0.815922 1.207303 0.711342 0.309295 0.114322 1.366178 
0.451772 0.798330 0.100000 0.436058 1.031669 0.689993 0.555467 0.437909 0.100000 0.294935 0.105342 0.100000 0.253689 0.398082 0.100000 0.420162 0.011505 1.061707 0.168023 0.043134 0.183877 0.266009 0.100000 0.100000 0.100000 0.111047 0.190957 0.751077 1.139425 1.258069 0.171397 0.451827 0.293798 0.709047 0.943455 0.640755 0.100000 0.046248 0.566910 
0.196729 0.397786 0.836347 0.653084 0.450876 0.568024 0.380253 0.924445 0.066665 0.183155 0.100000 0.100000 0.342554 1.066356 0.469784 0.524928 0.301723 0.100000 0.432847 0.298664 0.490314 0.050703 0.421981 0.100000 0.217271 0.267111 1.061667 1.019968 0.100000 0.100000 1.130709 1.362517 0.100000 0.247427 0.629357 0.898239 0.888908 0.628900 1.178021 
0.648598 0.290693 0.100000 0.928042 0.334228 0.100000 0.436466 0.430531 0.283219 0.445074 0.257117 0.674325 0.100000 0.402755 1.088791 0.445687 0.858473 0.100000 0.444643 1.642476 0.340672 0.637925 0.731110 0.100000 1.415557 0.843080 0.094837 0.261644 0.158114 1.353619 0.100000 0.886674 0.440459 1.235122 0.779088 0.065814 0.465889 0.100000 0.126129 
0.591050 0.062918 0.686786 0.715865 0.473129 0.076862 0.100000 0.100000 0.115969 0.100000 0.202677 0.359139 0.469839 0.100000 0.741577 0.471130 0.100000 0.100000 0.019534 0.308841 1.029079 1.715248 0.690953 0.100000 0.468031 1.358536 1.278140 0.702590 0.407154 0.100000 0.339052 0.729642 0.122415 0.572157 0.201620 0.560350 0.100000 0.059613 0.210186 
0.701690 0.783823 0.100000 0.667102 1.028478 0.253919 0.048971 0.905084 0.159974 0.169973 1.462330 0.047948 1.140897 0.137486 0.883391 1.305141 0.476743 0.177444 0.557282 1.595390 0.100000 0.446388 0.357231 0.100000 0.249159 0.396973 0.968522 0.806476 0.006701 0.759119 0.100000 1.329734 0.183525 1.849974 0.178368 0.464270 0.910747 0.487117 0.350944 
0.460023 1.177637 0.123003 0.100000 0.883076 0.588924 0.100000 0.866580 0.043461 0.500936 0.871748 0.293483 0.479543 1.020091 0.100000 1.172660 0.811999 0.801987 0.100000 1.413865 0.606008 0.392508 0.022943 0.608825 0.206642 1.749003 1.491673 0.986509 0.173602 0.373445 0.100000 0.511893 1.459735 0.100000 0.698853 0.425442 0.100000 0.100000 0.630440 
0.100000 0.243761 0.943559 0.878737 0.990775 1.313362 0.100000 0.179425 0.063234 0.350479 0.631654 0.100000 0.418679 0.870052 1.286590 0.100000 0.072826 0.100000 0.302255 0.642990 0.100000 1.013944 1.097881 0.100000 0.748591 0.290676 0.112300 0.302242 0.808421 0.100000 0.100000 1.146720 0.490969 1.102231 1.118959 0.371076 0.258814 0.682634 1.062502 
0.906026 0.149237 0.100000 0.100000 0.100000 0.495761 0.100000 0.705355 1.030674 0.497916 0.174503 0.100000 0.396473 0.612323 0.216362 0.901670 1.008198 0.119903 0.470433 0.822273 0.074800 0.100000 0.326997 0.100000 0.252736 0.546113 0.879299 0.100000 0.122995 0.100000 0.338859 1.438965 0.100000 0.253572 0.126270 0.977772 0.253698 1.042322 1.173940 
0.453596 0.611106 0.345640 0.100000 0.242549 0.432996 0.837661 0.100000 0.352742 0.317175 0.562418 0.332432 0.754670 0.201644 0.100000 0.997218 0.100000 0.306564 0.708410 0.100000 0.100000 0.080998 0.029625 0.100000 1.205258 0.063739 0.526318 0.486351 0.100000 0.100000 0.296414 0.246763 1.242492 0.091174 1.069725 0.461972 0.339494 0.100000 0.829133 
0.115541 0.666859 0.100000 0.100000 0.083487 0.762089 0.207372 1.582126 0.100000 0.364595 0.297614 0.351461 0.159990 0.500420 0.713767 0.648052 0.896905 1.124303 0.805831 0.674920 0.100000 0.100000 0.100000 0.023011 0.509971 0.116391 0.100000 0.899959 0.226960 0.434372 0.093929 0.604164 0.464029 0.280645 0.346713 0.636618 0.763120 0.170067 0.544876 
1.264421 1.106305 0.100000 0.931241 0.100000 0.764980 0.653611 1.278627 0.229533 0.366508 0.100000 0.267492 1.098712 0.100000 0.738724 0.708710 0.237693 0.954514 0.874289 0.563114 0.493705 1.182703 0.121410 0.100000 0.100000 0.311583 0.100000 1.187697 0.535141 1.438003 0.590537 1.468474 0.100000 0.365391 0.445925 0.787653 1.235601 0.721033 0.100000 
