23 Number of operations 
14 Number of workers 
Standard production times 
0.762401 0.334436 0.421219 0.475219 0.801116 0.585626 0.746004 0.138427 0.317530 0.331050 0.325966 0.459859 0.493114 0.665024 0.520314 0.413160 0.655504 0.204762 0.333407 0.100000 0.351859 0.460956 0.453119 
Production times: workers row and ops columns 
1.298273 0.313908 0.914096 0.581583 0.166997 0.100000 1.407870 0.196967 0.390493 0.061257 1.102229 0.761058 0.472291 1.217216 0.810757 0.724967 0.026452 0.797395 0.229585 0.100000 0.918848 0.594284 0.337296 
0.418974 0.336405 1.000401 0.516254 0.100000 0.286689 0.845511 0.100000 0.100000 0.100000 0.115579 0.573746 0.766948 0.702488 0.125205 0.307243 1.107866 0.951652 0.176369 0.288603 1.066974 0.588364 0.481477 
1.686928 1.131704 0.475300 0.359239 0.568452 0.053999 0.420280 0.216559 0.100000 0.100000 0.326265 0.271248 1.336873 0.729850 0.782324 0.100000 1.578225 0.892608 0.669334 0.461868 0.175124 0.020964 1.160168 
0.358195 0.388899 0.488617 0.703505 1.100359 0.799114 0.454840 0.100000 0.349752 0.208058 0.496630 0.687364 0.771234 0.801570 0.559210 0.100000 0.811114 0.840853 0.773614 0.072349 0.392703 0.491157 0.454445 
1.081472 0.100000 0.298800 0.254555 1.202245 0.100000 1.343758 0.100000 0.245293 0.588974 0.100000 0.155914 0.152517 0.882345 0.432865 0.100000 0.314168 0.408179 0.878836 0.100000 0.667086 0.374847 0.426220 
0.670928 0.479047 0.723737 1.184191 0.702710 0.570658 0.100000 0.449978 0.035227 1.079460 0.100000 0.938276 0.835410 1.123169 0.925344 0.789987 0.904797 0.226560 0.402625 0.807836 0.464229 0.227813 0.526457 
1.944484 0.100000 0.530228 1.398303 1.726402 0.707419 0.386907 0.142900 0.100000 1.180940 0.066561 0.345659 0.547490 1.096575 0.219797 0.100000 0.677962 0.739140 0.078165 1.042680 0.498807 1.051982 0.059950 
0.141256 0.176221 0.246611 0.238126 1.027976 0.695682 0.742976 0.100000 0.826456 0.360282 0.887736 0.046315 0.100000 0.100000 0.634427 0.100000 0.100000 0.100000 1.420435 0.833548 0.100000 0.871400 1.407942 
0.758703 0.388246 0.100000 0.893217 1.319568 0.526552 1.714992 1.226908 0.284565 0.549269 0.363605 0.846900 0.044115 0.100000 0.100000 0.100000 2.148587 0.065953 0.663667 0.059024 0.686314 0.915094 0.197993 
0.927577 1.438330 0.223234 0.732149 0.927427 0.273195 1.029892 0.100000 0.387369 0.161405 0.057312 0.015093 0.100000 0.319114 1.490124 0.191958 1.074737 0.383289 0.478982 0.134243 0.100000 0.271976 0.296014 
0.594771 0.300904 0.100000 0.989628 1.279497 0.918756 1.341562 0.959006 0.100000 1.018356 0.100000 1.418688 1.000730 0.171404 0.621425 0.137950 1.421571 0.100000 0.938604 0.372185 0.833554 0.903523 0.100000 
0.774769 0.678630 0.261478 1.331350 0.788842 1.333832 0.811136 0.349968 0.597726 0.756269 0.100000 0.100000 0.515912 0.013431 0.044333 0.100000 0.991140 0.182726 0.637058 0.577315 0.553970 0.499754 0.432453 
0.528955 0.295597 0.361019 1.547739 0.693349 1.165143 1.119476 0.100000 0.090744 1.239711 0.141533 0.332949 0.100000 0.158675 0.540167 0.100000 0.100000 1.025241 1.057450 0.082123 0.100000 0.147273 0.306011 
0.523534 0.100000 0.200852 0.522375 1.599481 0.540062 0.467773 0.100000 0.399794 1.340923 0.100000 0.690371 0.208361 0.387994 0.793327 0.983998 1.002119 0.663133 0.954246 0.100000 0.082003 0.100000 1.657502 
