24 Number of operations 
11 Number of workers 
Standard production times 
0.393162 0.198599 0.588608 0.480154 0.452058 0.622010 0.193781 0.314825 0.847179 0.480687 0.117279 0.184195 0.542063 0.468637 0.560819 0.467128 0.191050 0.214483 0.306906 0.100000 0.850984 0.124581 0.337590 0.274013 
Production times: workers row and ops columns 
0.456620 0.100000 0.893206 1.287675 0.297833 0.374133 0.116933 1.164841 1.724022 0.319510 0.100000 0.153851 0.193125 0.495124 1.554551 0.100000 0.985488 0.625220 0.687348 0.280365 2.227761 0.376015 0.591602 0.159539 
0.524613 0.100000 0.656319 0.394274 0.375608 0.371536 0.776714 0.325260 1.183619 0.970115 0.100000 0.978754 0.861552 0.278183 1.542633 0.100000 0.323599 0.878532 0.385902 1.052458 0.686975 0.100000 0.912324 0.283585 
1.259287 0.646189 0.154765 1.059227 0.100000 0.100000 0.641506 0.100000 0.016119 1.294482 0.100000 0.100000 0.792877 0.328717 0.923528 1.351786 0.100000 0.514400 0.291711 0.100000 0.674189 0.548089 0.305282 0.778279 
0.402710 1.201437 1.185804 0.100000 0.529232 0.579671 0.771758 0.100000 0.681402 0.819525 1.952187 0.100000 1.532199 0.376629 0.178723 0.207755 0.287481 0.729859 0.033771 0.100000 0.100000 0.742624 0.612004 0.138571 
0.100000 1.071476 0.627226 0.936819 0.812997 0.444267 0.100000 0.650801 0.100000 1.294666 0.100000 0.171723 0.415698 0.232510 0.100000 0.575015 0.371005 0.302363 0.100000 0.100000 0.768590 0.100000 0.033838 0.931569 
0.384347 0.100000 1.288778 0.637210 1.108160 1.275046 0.100000 0.449974 0.951503 0.252370 0.022702 0.343979 0.113084 0.568180 0.717613 0.559336 0.123884 0.157659 0.254487 0.100000 0.872403 0.100000 0.149522 0.661509 
0.996336 0.100000 1.268222 0.677954 0.100000 0.927797 1.300510 0.506568 0.346248 0.441887 0.100000 0.100000 1.216724 0.890129 1.054538 0.100000 0.100000 0.100000 0.100000 0.335708 0.390443 0.063707 0.100000 0.486734 
0.415472 0.803151 0.650509 0.300669 0.907230 0.593475 0.186989 0.766118 0.991985 0.176403 1.119836 1.184482 0.989066 1.217510 0.203250 0.443436 1.364141 0.100000 0.426310 1.454672 0.747789 0.100000 0.749636 0.539848 
0.185347 0.111946 0.564896 0.757199 0.220712 0.100000 0.100000 0.100000 0.873792 0.627086 0.439847 0.409715 0.100000 0.608982 1.579161 0.866490 0.100000 0.713746 0.676232 0.616376 0.530707 0.429584 0.100000 0.100000 
0.100000 0.028641 0.100000 1.263665 0.021627 0.400934 0.669007 0.117033 0.100000 0.100000 0.264283 0.100000 0.166754 0.527751 0.095798 0.393002 0.100000 0.445325 0.100000 0.885833 0.838039 0.100000 0.564193 0.100000 
0.245891 0.069721 0.444492 0.736997 0.207251 1.244008 1.093893 0.697048 1.257130 0.832788 0.100000 0.425790 0.497455 0.596853 0.629943 0.963390 0.113990 0.100000 0.623467 0.628102 1.213074 0.100000 1.089311 0.259790 
