26 Number of operations 
14 Number of workers 
Standard production times 
0.533371 0.278591 0.248634 0.100000 0.562432 0.100000 0.527398 0.538676 0.441140 0.431146 0.169056 0.315502 0.230025 0.307800 0.202602 0.711821 0.528454 0.460633 0.100000 0.194331 0.100000 0.100000 0.618558 0.296806 0.650110 0.496696 
Production times: workers row and ops columns 
0.100000 0.160763 0.285318 0.308664 1.088386 0.100000 0.216275 1.621642 0.283016 0.100000 0.522181 0.512196 0.059546 0.435368 0.100000 0.278435 0.100000 0.911540 0.100000 0.100000 0.100000 0.100000 0.103676 0.408411 0.090154 0.934841 
0.721314 0.590245 0.100000 0.184615 0.535918 0.721739 0.124429 1.411720 0.019428 0.547828 0.100000 0.382149 1.005944 0.279340 0.100000 1.200493 0.378434 0.743974 0.100000 0.782278 0.100000 0.100000 0.786443 0.395792 0.484711 0.703227 
0.100000 0.278852 0.405650 0.120484 0.480932 0.563057 0.100000 1.843342 0.839796 0.945936 0.100000 0.921420 0.150224 0.100000 0.862045 0.985432 1.134132 0.100000 0.339672 0.100000 0.100000 0.100000 1.111397 0.238994 0.044891 0.824321 
1.043891 0.171121 0.100000 0.612689 0.100000 0.255321 0.389970 0.994503 0.161492 0.427845 0.100000 1.073500 1.112912 0.352558 0.100000 1.372782 1.036889 0.440453 0.100000 0.123994 0.100000 0.295219 0.100000 0.390220 1.641903 0.501741 
1.186934 0.900754 0.432457 0.289224 0.999685 0.298075 0.201880 0.075792 0.890880 1.063048 0.123856 0.692593 0.100000 1.305660 0.417432 1.136270 0.100000 0.597122 0.100000 1.085902 0.574018 0.100000 0.998966 0.100000 0.100000 0.967813 
0.211358 0.447779 0.565028 0.100000 0.878456 0.100000 0.403731 0.917923 0.100000 0.406265 0.100000 0.387529 0.100000 0.654196 0.245473 0.233784 0.839236 0.299945 0.100000 0.006926 0.100000 0.100000 0.525997 1.666799 0.852316 1.246754 
0.100000 0.701503 0.100000 0.895636 0.370806 0.100000 1.541577 0.100000 0.100000 0.101631 0.402847 0.887904 0.608151 0.401712 0.661896 0.687086 0.321379 0.917014 0.100000 0.217900 0.100000 0.100000 0.385147 0.603553 0.848934 0.182404 
0.100000 0.805590 0.100000 0.100000 0.783657 1.011985 0.276646 0.703808 0.198303 1.057219 0.649990 0.504763 0.042648 0.223989 0.100000 0.479085 0.456043 0.637076 0.100000 0.919459 0.100000 0.740428 1.781919 0.303960 0.169436 0.028680 
0.820094 0.100000 0.145968 0.100000 0.100000 0.401960 0.019322 0.229286 0.508741 0.354601 0.969710 0.024676 0.197775 0.305596 0.045713 1.248762 0.404975 0.237224 0.100000 0.100000 0.100000 0.328079 0.739166 1.274609 0.100000 0.268671 
0.388575 0.222524 0.100000 0.442709 1.294560 0.100000 0.232828 0.100000 0.988100 0.174781 1.217879 1.165791 0.659383 0.971709 0.100000 0.102324 0.008358 0.884332 0.100000 0.100000 0.289256 0.100000 0.596849 0.445222 0.635089 0.176672 
0.034346 0.628219 0.342753 0.100000 0.100000 0.100000 1.063553 0.212820 0.068582 0.194866 0.316266 0.100000 0.076528 0.100000 0.100000 0.632952 0.357506 1.275248 0.388457 0.611187 0.244448 0.314397 1.101479 0.100000 0.379340 0.737102 
0.291116 0.100000 0.209309 0.108641 0.618134 0.351878 1.128035 0.399914 0.864151 0.949456 0.100000 0.819643 0.670345 0.416939 0.298602 0.100000 0.595855 0.515839 0.100000 0.808393 0.573975 1.105121 1.451235 0.287813 1.012416 0.527151 
0.355961 0.265223 0.100000 0.100000 0.248327 0.318327 0.957751 0.100000 0.100000 0.100000 0.100000 0.610792 0.400236 0.823799 0.151899 1.010643 0.726586 0.794218 0.529800 0.009606 0.881334 0.100000 0.939606 0.787072 0.716869 0.148098 
0.100000 0.242671 0.422685 0.824143 0.516280 0.100000 0.606455 0.211011 0.383443 0.447862 0.100000 0.540074 0.242219 0.134983 0.718509 0.245851 0.396257 0.555567 0.100000 1.075748 0.100000 0.822173 0.419350 0.100000 0.872903 0.615077 
