20 Number of operations 
12 Number of workers 
Standard production times 
0.520254 0.198939 0.102211 0.704998 0.338974 0.409171 0.354640 0.486594 0.355713 0.323742 0.449014 0.297691 0.337968 0.287072 0.306731 0.100000 0.616271 0.197530 0.327363 0.205841 
Production times: workers row and ops columns 
0.661846 0.156950 0.100000 0.641291 0.074523 0.100000 0.100000 0.358411 0.077054 0.645954 0.472719 0.699893 1.048540 0.428619 0.437949 0.096385 0.100000 0.627906 0.286558 1.016245 
0.811535 0.643972 0.095276 0.666232 0.046382 0.534770 0.554725 0.067261 0.602002 1.105953 0.359373 0.573446 0.100000 0.472679 0.408863 1.029449 0.003253 0.178199 0.237076 0.530931 
0.100000 0.100000 0.162543 1.076099 0.829339 0.308248 0.631228 1.053439 0.100000 0.648214 1.279160 0.406629 0.540495 0.154096 1.139543 0.803344 0.870651 0.100000 0.100000 0.333300 
0.430041 0.784229 0.100000 1.431871 0.155106 0.263201 0.777370 0.012109 0.100000 0.185704 0.562125 0.352638 0.306754 0.024249 0.091063 0.001478 0.198755 0.554356 0.372065 0.100000 
1.151558 0.343723 0.096430 0.783385 0.100000 0.100000 0.100000 0.100000 0.211604 0.271004 0.212905 0.100000 0.063618 0.466456 0.840477 0.100000 0.551007 0.100000 0.100000 0.647760 
0.100000 0.514237 0.436719 1.094025 0.100000 0.436253 0.132016 0.988761 0.100000 1.501432 0.100000 0.572691 0.100000 0.755953 0.680701 0.446642 1.394683 0.542555 0.841479 0.066915 
0.100000 0.519795 1.025486 1.277526 0.303704 0.813245 0.433327 0.388497 0.381423 0.100000 0.100000 0.330882 0.100000 0.520749 0.100000 0.259721 0.344772 0.230680 0.100000 0.538333 
0.445770 0.766427 0.100000 1.225502 0.173607 1.152636 0.307669 0.122435 0.992638 0.363574 0.242960 0.100000 0.485939 1.293993 0.100000 0.143050 0.100000 0.358633 0.033101 1.030132 
0.258096 0.100000 0.458407 0.712293 0.704667 1.014907 0.245100 0.215097 0.930189 0.571487 1.359793 0.103466 0.859899 0.198798 0.100000 0.241914 1.102941 0.464817 0.100000 0.448137 
0.100000 0.817320 0.100000 1.281487 0.947214 0.890484 0.100000 0.019691 0.957796 0.958671 1.586237 0.796100 0.100000 0.159247 0.100000 0.100000 0.644859 0.016806 0.100000 0.366813 
0.806639 0.831292 0.017188 0.433612 0.100000 0.100000 0.297259 0.100000 1.082638 0.096736 0.100000 0.779141 0.452565 0.324172 0.100000 0.852815 0.394522 0.100000 1.337800 0.100000 
0.951426 0.237838 0.149442 0.526857 0.592366 0.100000 0.100000 0.451185 0.242681 1.577590 0.578336 0.777211 0.545190 0.413316 1.362882 0.100000 0.054771 0.100000 1.458772 1.223403 
