36 Number of operations 
10 Number of workers 
Standard production times 
0.211166 0.234749 0.388290 0.100000 0.767050 0.185869 0.164374 0.494643 0.346961 0.490668 0.243902 0.262181 0.437369 0.142208 0.245318 0.100000 0.222492 0.526202 0.241297 0.449822 0.227535 0.427167 0.603041 0.347167 0.435486 0.100000 0.695076 0.323202 0.279344 0.126723 0.512779 0.276025 0.516246 0.427403 0.311244 0.610858 
Production times: workers row and ops columns 
0.547390 0.100000 0.725715 0.073902 0.743802 0.911199 0.100000 1.308306 0.269657 0.968008 0.052651 0.321149 0.663214 0.851182 0.211657 0.415442 0.093378 0.637506 0.100000 0.641259 0.331092 0.003870 0.100000 0.640548 0.158423 0.492660 0.777445 0.100000 0.145529 0.100000 1.162480 0.804803 0.390421 0.100000 0.100000 0.677151 
0.885250 1.139869 0.492033 0.317092 0.440959 0.100000 1.047016 0.268059 0.083178 1.054036 0.723637 0.975628 0.776345 0.846444 0.820831 0.100000 0.827262 0.065527 0.105194 0.450239 0.100000 1.041090 0.417071 0.165080 0.524560 1.176232 1.032850 0.361698 0.430143 0.968982 0.100000 0.138460 0.224477 0.100000 0.562489 0.851992 
0.100000 0.834791 0.977913 0.535653 1.061527 0.763932 0.100000 0.227256 0.765427 0.100000 0.695662 0.100000 0.856955 0.510335 0.654517 0.829909 0.952401 0.530832 0.100000 0.901270 1.002591 0.348766 1.465567 0.671696 1.494035 0.358263 1.861281 0.992673 0.610952 0.100000 0.410619 0.015145 0.688026 0.182005 0.598151 0.468790 
0.027908 0.579933 1.114288 0.100000 1.161387 0.100000 0.264268 0.100000 0.158488 0.678242 0.100000 0.100000 0.387278 0.277536 0.132161 0.100000 1.087401 0.890472 1.245360 1.409831 0.178533 0.750419 0.235948 0.823269 0.064494 0.809504 0.627737 0.161383 0.508764 0.682211 0.601571 0.365268 0.439019 0.812581 1.171273 0.282454 
0.211110 0.100000 0.100000 0.100000 1.782045 0.319261 0.100000 0.490613 0.100000 1.299075 0.100000 0.244802 0.197521 0.154762 0.371311 0.100000 0.100000 0.546213 0.096632 0.138257 0.018538 0.811543 0.493463 0.809839 0.189685 0.403372 0.777365 0.179299 0.061249 0.236249 1.183119 0.916265 1.166214 0.100000 0.612531 0.393912 
0.100000 0.100000 0.463728 0.253002 0.327384 0.468705 0.113025 0.126803 0.430905 0.111967 0.250853 0.155288 0.686621 0.100000 1.106987 0.167668 0.385389 0.304546 0.101888 0.100000 0.334178 0.420439 0.769023 0.100000 0.100000 0.017698 0.811166 1.292407 0.853964 0.537089 1.316773 0.755047 0.377009 1.025306 0.289802 0.100000 
0.100000 0.023580 0.429047 0.408176 0.553376 0.405686 1.308496 0.100000 0.392934 0.113942 0.252053 0.100000 0.041947 0.100000 0.278336 0.813706 0.545450 0.187829 0.008458 0.982013 0.434103 0.435116 0.012314 0.815162 0.159013 0.581281 0.453568 0.094405 1.255682 0.100000 0.025575 0.100000 0.472006 0.134736 0.528038 2.356599 
0.072287 0.100000 0.137647 0.122515 1.366981 0.445717 0.100000 0.100000 0.154069 0.934372 0.100000 0.720063 0.800278 0.100000 0.159456 0.389845 0.306670 0.696211 0.893681 0.774164 0.157834 0.306169 0.147752 0.100000 0.956398 0.298579 0.100000 0.922832 0.100000 0.100000 0.483008 0.808587 0.747252 0.370127 0.056390 0.100000 
0.100000 0.100000 0.473367 0.245810 1.152287 0.946137 0.100000 0.100000 0.051487 0.554882 1.151344 0.081154 0.493574 0.288264 0.929174 0.135890 0.100000 0.527027 0.100000 0.100000 0.364274 0.000115 1.047989 0.525576 1.097878 0.743865 0.283847 0.100000 0.349360 0.100000 0.440408 0.483687 1.378580 0.468153 0.667800 0.767454 
0.839563 0.986766 0.493517 0.528976 0.496721 0.100000 0.457005 0.214299 0.729198 0.574552 0.100000 0.100000 0.756432 0.100000 0.589646 0.357401 0.100000 0.858733 0.647324 1.344105 0.485505 0.109981 1.324465 0.010721 1.348892 0.499058 0.960581 0.281904 0.100000 0.100000 0.827400 0.100000 0.732284 0.684353 1.020305 0.655239 
