35 Number of operations 
12 Number of workers 
Standard production times 
0.117400 0.339089 0.818301 0.290725 0.536515 0.536574 0.635149 0.527911 0.100000 0.443054 0.332123 0.491216 0.244789 0.256475 0.616748 0.709027 0.885748 0.568967 0.691337 0.646864 0.698806 0.140319 0.441883 0.191634 0.335342 0.711284 0.347038 0.357595 0.488742 0.393618 0.100000 0.100000 0.615746 0.411910 0.576081 
Production times: workers row and ops columns 
1.571233 0.052961 0.100000 0.008495 1.397665 0.754697 1.357571 0.594528 1.118304 1.243448 0.100000 0.341118 0.100000 1.055795 0.857347 1.055824 0.573679 0.658393 1.412652 1.216836 0.483682 0.017411 0.664858 0.204729 0.100000 0.429416 0.100000 0.228104 0.872727 0.058653 0.381533 0.100000 0.026845 0.153227 0.386444 
0.150788 0.100000 0.773989 0.968159 0.299385 0.125377 1.159308 0.223081 0.315950 1.013865 0.100000 0.100000 0.100000 0.546233 1.276403 1.899798 1.008593 0.379110 1.885340 0.013055 0.100000 0.291300 0.759418 0.315264 0.857872 2.084627 0.137203 0.100000 1.196170 0.468044 0.315588 0.100000 0.418954 0.932117 0.226087 
0.341519 1.618501 1.586624 0.733145 0.035992 0.867746 1.680315 0.695723 0.344866 0.651880 1.247652 0.601764 0.100000 1.023357 0.805086 0.315720 1.266037 1.024674 0.542270 0.100000 1.090250 0.100000 0.413561 0.100000 0.229563 0.200977 0.200969 0.838224 0.660772 0.784924 0.763641 0.100000 0.100000 0.915185 0.376025 
0.012151 0.511973 1.278170 0.100000 0.279876 0.290740 0.532617 0.538566 0.100000 0.191887 0.441997 0.580899 0.265298 0.122794 0.976079 1.036486 0.976262 0.268820 0.611501 0.852210 1.210461 0.196396 0.257139 0.100000 0.100000 0.871394 0.931236 0.100000 0.100000 1.402367 0.100000 0.661188 0.100000 0.467673 0.371285 
0.483202 0.100000 0.158294 0.650385 0.662480 0.579106 0.158899 1.234511 1.181335 0.064103 1.108895 0.599270 0.862250 0.237880 1.206526 0.296926 0.308821 1.095466 0.772325 1.034270 0.333743 0.100000 0.715922 0.100000 0.452972 1.399651 0.100000 1.157744 0.709707 1.196767 0.594844 0.844559 0.098976 0.100000 0.347128 
0.017425 0.482231 1.487844 0.100000 0.157732 0.081177 1.005836 0.100000 0.100000 0.036094 0.100000 0.100000 0.407252 0.100000 0.568048 0.094254 0.387607 0.369278 0.837914 0.262937 0.600883 0.358130 0.138873 0.004040 0.179176 1.151058 0.100000 0.827931 0.773683 0.427981 0.037386 0.100000 0.949278 0.473275 0.641207 
0.100000 0.481951 0.806894 0.100000 0.242357 0.377585 0.100000 0.839444 0.100000 0.740134 0.610745 0.602981 0.342536 0.100000 0.442010 1.432318 0.855638 0.100000 1.386537 0.100000 0.498243 1.158673 0.100000 0.100000 0.188164 0.100000 1.329796 0.100000 0.139443 0.372299 0.100000 0.039298 0.325158 0.508125 0.571223 
0.453204 0.100000 1.186489 0.529531 0.062181 0.832273 0.100000 0.773067 0.435430 0.100000 0.291387 0.520577 0.180295 0.100000 0.219781 0.253997 1.421526 1.127264 1.375194 1.009766 0.855726 0.100000 0.198586 0.670893 0.866155 0.677921 0.762917 0.599505 0.009579 1.170073 0.666204 0.100000 1.294300 0.569280 0.301848 
0.118275 0.100000 0.100000 0.290460 1.265231 0.856442 0.957984 1.640762 0.100000 0.100000 0.100000 0.100000 0.611314 0.404592 0.412792 0.840940 0.646016 1.087210 1.301261 0.100000 0.903972 0.429450 0.579043 0.100000 0.100000 0.100000 1.107224 0.100000 0.530473 0.099040 0.100000 0.105051 0.249437 0.100000 1.524171 
0.567784 0.817053 0.618695 0.859002 1.191696 0.156399 1.255314 0.100000 0.100000 1.288540 0.100000 0.100000 0.210797 1.039435 0.988235 0.659928 0.583810 0.100000 0.726081 0.100000 0.997398 0.100000 0.660690 0.100000 0.180157 1.208579 0.054804 0.061405 0.563133 0.163463 0.100000 0.100000 1.607490 0.135614 0.432465 
0.207157 0.568889 0.638443 0.234540 0.960317 0.390445 0.404991 0.542479 1.412194 1.045245 0.100000 0.779260 0.031087 0.100000 0.543303 0.475849 0.575170 1.612073 1.237097 0.726988 0.250628 0.596436 0.475415 0.100000 0.100000 0.993634 1.259040 0.203662 0.808001 0.005047 0.365095 0.100000 1.072664 0.784630 0.097427 
0.100000 0.463327 1.251004 0.237351 1.122699 0.698915 0.397668 0.007660 0.059328 0.537694 0.685586 0.240516 0.317122 0.100000 0.694195 1.690779 0.929163 0.619563 0.730376 1.014210 0.569787 0.884159 0.893026 0.320331 0.848089 0.828123 0.170437 0.463194 0.100000 0.422973 0.100000 0.679348 0.783630 0.370691 1.232899 
