29 Number of operations 
11 Number of workers 
Standard production times 
0.431339 0.546432 0.345521 0.153880 0.625663 0.290983 0.339342 0.423135 0.251316 0.279037 0.516715 0.557596 0.338681 0.745965 0.156094 0.323435 0.163027 0.599224 0.513588 0.247078 0.454345 0.398392 0.100000 0.352632 0.365231 0.294627 0.663082 0.467926 0.324249 
Production times: workers row and ops columns 
0.245233 1.204043 0.139826 0.100000 0.997714 0.580181 0.100000 0.056184 0.012458 0.127930 0.100000 0.024570 1.345644 0.771998 0.100000 0.100000 0.019598 0.079984 0.329438 0.326837 0.604116 0.122187 0.100000 0.100000 0.911512 0.882302 0.779015 1.146550 0.131679 
0.100000 1.194567 0.349525 0.100000 0.346557 0.601515 0.100000 0.100000 0.337154 0.100000 0.343305 0.100000 0.100000 1.437135 0.590313 0.481335 0.100000 0.791188 0.812373 0.932304 0.100000 0.466608 0.451104 0.380502 0.014204 0.100000 0.424422 0.495762 0.561946 
0.364920 1.109288 0.330414 0.934098 1.222320 0.628806 0.843908 0.881786 0.100000 1.429000 0.478234 0.294951 0.830855 0.563607 0.648957 0.064318 0.100000 0.514979 0.587845 0.335080 0.168243 0.992446 0.699347 0.650053 0.270246 0.879730 0.707809 0.001469 1.072786 
0.533458 1.379837 0.279154 0.100000 0.209123 0.215341 0.100000 0.873371 0.435711 0.071806 0.100000 0.667869 0.479054 1.765901 0.100000 0.100000 0.361453 0.429281 0.116271 0.100000 1.254638 0.255404 0.286057 0.806611 0.100000 0.100000 0.556469 0.839468 0.100000 
0.549935 0.594049 0.701663 0.313374 0.100000 1.254653 0.135013 0.258431 0.003777 0.407586 0.828545 0.366513 0.153789 0.791412 0.274809 0.100000 0.100000 0.704217 0.771084 1.161799 0.670927 0.100000 0.024105 0.922419 0.002431 0.592688 0.493315 0.097552 0.296961 
0.267258 0.783339 0.807569 0.466995 0.424653 0.461264 0.100000 0.012357 0.362709 0.100000 0.100000 1.094042 0.424447 1.077922 0.100000 0.219325 0.114329 0.100000 1.194919 0.100000 0.120549 0.675874 0.786914 1.020407 0.153397 0.818550 1.099083 0.100000 0.077654 
1.317596 0.508075 0.032688 0.100000 0.878484 0.058564 0.100000 0.266209 0.779896 0.365286 0.256884 0.256444 1.107773 1.527989 0.964759 0.634167 0.100000 0.902543 0.990961 0.096757 0.100000 0.171691 0.349837 0.369777 0.492690 1.413650 0.100000 0.160475 0.772931 
0.500339 0.177396 1.112367 0.012862 0.248407 0.045208 1.132047 0.086877 1.018984 0.386980 0.554214 0.771736 0.100000 0.930269 0.025212 0.344263 0.126034 0.653799 0.100000 0.320281 0.347208 0.220838 0.618697 0.567459 0.656932 0.858824 0.742891 0.349460 0.953174 
0.121024 0.312575 0.644364 0.924755 0.457348 0.085468 1.320483 0.762721 0.676699 0.825100 0.758221 0.510470 0.405890 1.298675 0.236837 0.450152 0.886785 0.100000 0.438814 0.517021 0.296288 0.310340 0.149356 0.153266 0.188073 0.045606 1.301536 0.415142 0.100000 
0.236500 0.653065 0.100000 0.174471 0.100000 0.100000 0.373904 0.320323 0.914561 0.728361 0.001313 0.652369 0.424098 0.639664 0.450899 0.100000 0.100000 0.407413 0.971324 0.199747 0.312183 0.179457 0.800046 1.136749 0.463263 0.054301 0.638090 0.491587 0.994622 
0.174699 0.100000 0.100000 0.100000 0.827474 0.915066 0.317947 0.301900 0.379925 0.666160 0.193498 0.823391 0.100000 1.173003 0.100000 0.561481 0.100000 0.220655 0.464498 0.100000 0.352889 0.100000 0.100000 0.730176 0.409500 0.541246 0.368888 0.902146 0.100000 
