28 Number of operations 
11 Number of workers 
Standard production times 
0.392170 0.540458 0.407895 0.100000 0.378711 0.586967 0.880098 0.286428 0.159616 0.534518 0.571598 0.550191 0.292315 0.331034 0.467345 0.180209 0.186139 0.387433 0.271996 0.262882 0.100000 0.532717 0.261217 0.275700 0.557619 0.127779 0.202530 0.292263 
Production times: workers row and ops columns 
0.747504 0.100000 1.536277 0.179018 0.100000 0.100000 0.100000 0.240520 0.100000 1.151446 0.473503 0.100000 0.771929 0.353545 0.100000 0.100000 0.100000 0.282975 0.498570 0.097418 0.175918 1.108322 0.347741 0.100000 1.100408 0.100000 0.100000 0.100000 
0.137375 1.097639 0.147135 0.081436 0.389342 0.495521 0.660492 0.272566 0.100000 0.592753 0.905827 0.611745 0.384373 0.673249 0.713514 0.143697 0.292614 0.100000 0.789067 0.746982 0.100000 0.768940 0.831835 0.630179 0.703549 0.062219 0.181253 0.296507 
0.474243 1.201131 0.632672 0.567413 0.100000 1.065018 1.650533 0.748346 0.154747 0.654210 1.384058 0.641080 0.795908 0.100000 0.335483 0.662869 0.542212 0.501711 0.100000 0.464341 0.393439 0.100000 0.786126 0.723226 1.445413 0.328235 0.100000 0.570258 
1.858076 0.100000 0.892068 0.366954 0.105251 0.205259 0.572277 0.355483 0.100000 0.632862 0.572201 1.462424 0.234485 0.756260 0.116852 0.285015 0.100000 0.100000 0.188575 0.100000 0.397657 0.100000 0.068383 0.100000 0.939154 0.100000 0.169641 0.100000 
0.100000 1.292173 1.279981 0.100000 0.072592 0.543400 1.210950 0.322512 0.016253 0.971282 0.779653 0.173581 1.229017 0.772651 0.100000 0.368205 0.376945 0.861192 0.600368 0.757425 0.100000 0.734047 1.031583 0.205072 0.763908 0.173442 0.856989 0.364466 
0.225507 1.009979 0.551725 0.100000 0.100000 0.752542 0.963833 0.273312 0.455541 0.390920 0.938377 0.194675 0.371910 0.994642 0.100000 0.769584 0.125442 0.484472 0.057047 0.100000 0.875722 0.333982 0.100000 0.454715 1.358496 0.841545 0.065570 0.414116 
0.100000 0.960159 0.934357 0.211132 0.697357 0.100000 0.648585 0.000933 0.575479 0.124782 0.437870 0.100000 0.362196 0.483931 0.288490 0.293106 0.100000 0.068234 0.100000 0.842028 0.504284 0.100000 0.707440 0.503501 0.803794 0.539968 0.235243 0.100000 
0.106305 0.001433 0.296579 0.741014 0.157170 1.168595 0.326311 0.100000 0.111748 0.483599 0.100000 0.264793 0.100000 0.100000 1.141721 0.100000 0.600815 0.387552 0.054496 1.244283 0.100000 0.807040 0.100000 0.125615 1.106555 0.250312 0.501076 0.100000 
0.868859 0.498731 0.512247 0.523941 0.238694 0.616575 1.232014 0.100000 0.100000 0.100000 0.707480 0.862069 0.100000 0.100000 0.033551 0.100000 0.444078 1.449704 0.100000 0.424970 0.341043 0.762149 0.100000 0.093591 1.523120 0.282851 0.100000 0.109738 
0.689045 0.979278 1.313158 0.100000 1.037526 0.794852 1.541535 0.503694 0.513339 0.723387 1.148380 0.885402 0.289328 0.463470 0.562430 0.979028 0.100000 0.160450 0.100000 0.010237 0.259540 0.053125 0.100000 0.100000 0.623281 0.100000 0.100000 0.100000 
0.344035 1.976551 0.100000 0.100000 0.100000 0.100000 1.011480 0.100000 0.100000 0.100000 0.066675 0.877189 0.100000 0.541687 0.443216 0.100000 0.812312 1.188137 0.752855 0.100000 0.100000 0.100000 0.100000 0.278064 1.056660 0.209506 0.008068 0.100000 
