31 Number of operations 
15 Number of workers 
Standard production times 
0.756338 0.383483 0.601785 0.553879 0.100000 0.473251 0.430338 0.331384 0.613436 0.468621 0.100000 0.465632 0.715098 0.427716 0.100000 0.221456 0.462882 0.338336 0.545635 0.466095 0.252034 0.375980 0.738775 0.413378 0.233427 0.170761 0.537335 0.941665 0.100000 0.149487 0.357817 
Production times: workers row and ops columns 
0.100000 0.296502 1.008504 0.549383 0.100000 0.483479 0.100000 0.752694 1.753972 0.568277 0.100000 0.998255 1.388692 0.415642 0.100000 0.905952 0.642730 0.670301 0.100000 0.571341 0.391013 0.100000 0.100000 0.711341 0.292203 0.849137 0.100000 1.385269 0.204341 0.100000 0.903289 
0.189281 0.144505 0.195611 0.100000 0.100000 0.685566 0.519083 0.084568 1.035171 1.390832 0.100000 0.738035 0.595080 0.772172 0.086410 0.100000 1.519317 0.366411 1.254023 0.696298 0.758823 0.804500 0.100000 0.100000 0.589399 0.100000 1.056836 0.654630 0.100000 0.100000 0.996792 
0.687786 0.792734 1.506173 0.510030 0.100000 0.218153 0.028609 0.409580 0.095891 0.738449 0.815088 0.215255 0.950093 0.100000 0.899734 0.872305 0.428451 0.100000 0.487773 0.769160 0.867032 0.318194 0.980345 0.527841 0.098142 0.162254 0.100000 1.663410 0.592113 0.100000 0.100000 
0.420055 0.362018 0.925279 1.198587 0.144106 0.661027 0.273291 0.100000 0.100000 0.259914 0.100000 0.945229 0.297916 0.712377 0.100000 0.721600 0.536489 0.640138 0.100000 0.997197 0.673605 0.491063 0.704037 0.100000 0.310474 0.160359 0.855627 1.640894 0.733323 0.798063 0.696853 
0.100000 0.100000 0.274103 0.778587 1.669017 0.993672 1.015337 0.323263 0.100000 0.743538 0.174225 0.529858 0.084366 0.666214 0.324447 0.100000 0.818391 0.100000 0.771109 0.535659 0.100000 0.100000 0.869814 0.100000 0.369774 0.100000 0.967065 0.938809 0.175677 0.191163 0.302310 
1.584900 0.261349 0.645114 0.738221 0.100000 0.424366 0.114365 0.714944 0.249510 0.100000 0.100000 0.315246 0.498896 1.160872 0.100000 0.023975 0.152139 0.100000 0.183305 0.100000 0.100000 0.100000 1.065874 0.840165 0.798115 0.100000 0.051868 1.383643 0.100000 0.135219 0.100000 
0.248945 0.412501 0.100000 0.082941 0.483977 0.516308 0.692298 1.411283 1.067627 0.162676 0.100000 0.872198 1.617922 0.596267 0.100000 0.785667 0.127374 0.100000 0.192967 1.033607 0.100000 0.100000 0.317806 0.892260 0.100000 0.766061 0.388335 1.109214 0.297475 1.404185 0.100000 
1.563147 0.212758 1.107934 1.187737 0.623326 0.596834 0.362443 0.324305 0.540371 0.332751 0.100000 0.732954 0.459979 0.911550 0.100000 0.775713 0.661734 0.138687 1.044202 1.005630 0.100000 0.235338 0.649521 0.293124 0.302800 0.456233 1.261801 1.834598 0.100000 1.633301 0.210234 
0.888085 0.100000 0.778829 0.561933 0.100000 0.851640 0.351805 0.100000 0.545390 0.224622 0.762848 0.549990 1.594286 1.377307 0.050986 0.248479 0.328751 0.340350 0.947620 0.100000 0.218193 0.100000 0.100000 1.003829 0.009741 0.747977 0.048160 0.063108 0.156916 0.100000 0.869054 
0.633021 0.100000 0.758780 0.733559 0.495424 0.991102 0.836034 0.216565 0.048658 0.406121 0.235162 0.220278 0.962469 0.100000 0.887407 0.544569 0.406398 1.075889 0.775780 0.484971 0.413438 0.203658 0.949474 0.469342 0.126660 0.002274 0.930616 0.603361 0.100000 0.807628 0.184875 
1.098597 0.100000 0.614341 0.274957 0.100000 0.100000 1.224298 0.080020 0.781995 0.216791 0.529307 0.575456 0.100000 0.624036 0.100000 0.627777 0.373718 0.448759 0.480137 1.395464 0.573298 0.009906 0.111330 0.902845 0.202438 0.100000 0.100000 1.202085 0.100000 0.100000 0.475145 
0.725342 0.774415 0.210945 0.100000 0.239655 0.189098 0.368170 0.357923 0.805948 0.813494 0.275474 0.321353 1.017415 0.693638 0.100000 0.100000 0.257751 0.100000 0.814263 1.674739 0.161880 0.100000 0.575151 0.100000 0.202581 0.215953 0.474752 1.185124 0.100000 0.100000 0.100000 
0.663737 0.643744 0.146146 1.161687 0.100000 0.420837 0.381598 0.100000 0.766006 0.100000 0.505554 0.542828 1.058198 0.833743 0.100000 0.234216 0.514449 0.100000 0.481995 0.555903 0.100000 0.281042 1.669900 0.050220 0.100000 0.628865 0.906224 1.750258 0.446454 0.899647 0.100000 
0.521999 1.161181 0.694435 1.709282 0.056610 0.836527 0.399879 0.919578 0.795607 0.100000 0.100000 1.024828 0.604366 0.983277 0.738713 0.126849 0.334982 1.202247 0.958549 0.811788 0.100000 0.244786 0.897302 0.551102 0.100000 0.637881 0.427748 0.560711 0.100000 0.049049 0.100000 
0.900878 0.564481 0.689462 0.539006 0.447514 0.713261 0.003215 0.460486 0.555015 0.192173 0.835417 0.148716 1.164430 0.370678 0.443127 0.788584 0.519519 0.211591 0.404448 1.622831 0.827548 0.100000 0.869908 0.148145 0.472853 0.447438 1.531959 0.864990 0.102798 0.208947 0.423273 
