33 Number of operations 
14 Number of workers 
Standard production times 
0.451597 0.582826 0.350454 0.178209 0.408617 0.535409 0.453149 0.362889 0.701222 0.344174 0.201829 0.222379 0.534237 0.389863 0.405214 0.200701 0.583913 0.161106 0.901456 0.689590 0.316474 0.384394 0.631604 0.235451 0.673780 0.440134 0.282460 0.178035 0.100000 0.288996 0.523478 0.826329 0.409611 
Production times: workers row and ops columns 
0.100000 0.100000 0.503943 0.100000 0.100000 0.673512 1.007343 1.049718 0.445367 0.609593 0.841512 0.286659 0.772610 0.953215 0.611186 0.287297 0.225166 0.100000 1.204047 1.723818 0.100000 0.100000 0.843928 0.476137 0.643473 0.151472 0.523686 0.953923 0.100000 0.100000 0.299707 1.548284 0.100000 
0.944584 0.100000 0.100000 0.631273 0.183471 1.221169 1.062634 0.100000 0.144710 0.497560 0.100000 0.100000 1.848570 0.389932 0.100000 0.100000 0.621271 0.089667 1.061153 1.083239 0.100000 0.321571 1.449886 0.100000 0.534716 0.763544 0.884467 0.100000 0.030503 0.361400 0.041368 0.100000 0.570924 
1.648573 0.503007 0.341324 0.436858 1.040461 0.166824 0.217942 0.596426 1.156348 0.458576 0.169478 0.700715 0.127650 0.734087 0.100000 0.305863 1.571189 0.100000 1.002544 1.148810 0.813949 0.048251 1.514507 0.586082 0.147076 0.837661 0.183401 0.100000 0.100000 0.038665 1.179364 0.349985 1.020574 
0.726692 0.100000 0.542562 0.962806 0.162416 0.616337 0.691000 0.100000 1.162727 0.100000 0.263800 0.291907 0.267204 1.184603 0.257815 0.456161 0.478289 0.200993 1.063068 1.122773 0.100000 0.481446 0.777958 0.483167 0.506806 0.377114 0.799444 0.100000 0.100000 0.100000 0.438234 0.100000 0.527696 
0.100000 1.318071 0.160191 0.100000 0.026038 0.695746 0.120281 1.204746 0.739315 0.100000 0.100000 0.100000 0.889448 0.657558 1.371561 0.100000 0.640936 0.249724 0.650962 0.611979 0.155405 0.805061 0.673754 0.100000 1.329271 1.153176 0.324109 0.568275 0.100000 0.100000 0.521053 0.805799 0.665266 
0.296776 0.018989 0.811075 0.092197 0.505322 0.602168 0.360859 0.030675 0.960477 0.374203 0.129577 0.100000 1.011896 0.369360 0.089464 0.135708 0.011287 0.100000 0.446129 1.508724 0.305175 0.100000 0.100000 1.677206 0.405878 0.318962 0.611991 0.407973 0.082372 1.267222 0.859924 0.648378 0.989093 
0.503919 0.206442 0.669135 0.884603 0.735949 0.100000 0.100000 0.100000 0.849012 0.100000 0.100000 0.903045 0.878743 0.244976 0.087880 0.098515 0.827771 0.100000 0.636296 0.738795 0.100000 0.581174 1.272704 0.100000 1.280991 0.531187 0.813587 0.506279 0.230716 1.033173 1.445635 0.446288 0.935000 
0.163381 0.100000 1.091189 0.417130 0.330339 1.254358 0.169641 0.315041 0.780309 0.100000 0.273669 0.100000 0.924918 0.100000 0.726218 0.100000 1.329933 0.517308 0.496266 0.100000 0.100000 0.415413 0.127001 0.207277 0.994517 1.166117 0.021250 0.100000 0.297776 0.054657 0.475045 0.713237 0.806428 
0.100000 0.100000 0.225486 0.412649 0.938445 0.759538 0.310983 0.363575 0.858782 0.611650 0.194212 0.100000 1.479655 0.284003 0.042995 0.100000 1.438355 0.100000 0.968129 1.720679 0.100000 0.100000 0.172032 0.181091 0.614282 0.100000 0.175487 0.454215 0.935504 0.280334 1.331068 1.528747 0.485413 
0.024299 0.100000 0.482078 0.212976 0.435613 0.312725 0.100000 0.963328 0.657532 0.100000 0.016200 0.079951 0.209735 0.581178 1.359335 0.626404 0.847512 0.100000 1.566787 0.406451 0.182419 0.100000 0.221115 0.938407 1.351528 0.893060 0.835269 0.022876 1.033998 0.100000 0.688408 1.022030 0.087551 
1.072145 0.100000 0.232338 0.233836 0.100000 0.084617 0.100000 0.565523 0.100000 0.081110 0.138647 0.020334 0.633761 0.573608 0.961381 0.792428 0.416985 0.100000 0.292850 0.470076 0.229051 0.018917 0.695691 0.303107 1.233475 0.287062 0.100000 0.100000 0.283282 0.406959 0.886618 0.696717 0.629767 
0.017257 0.641432 0.745541 0.100000 0.100000 1.010247 0.100000 1.060992 0.378730 1.132311 0.100000 1.040659 0.408429 0.100000 0.914306 0.098901 0.037229 0.356533 0.393818 0.726131 0.028342 0.244694 0.447054 0.909727 1.076055 0.469293 0.884270 0.996500 0.100000 0.188510 0.359804 0.413499 0.353358 
0.219162 0.769607 0.618153 0.007984 0.100000 1.344238 0.100000 0.502641 0.827723 0.797993 1.379590 0.083376 0.328595 0.100000 0.488649 0.196354 0.588796 0.100000 0.047611 1.021077 0.474431 0.817137 1.532972 0.213055 1.101589 1.582000 0.100000 0.879287 0.100000 0.351835 0.766157 0.100000 0.499932 
0.522169 0.100000 0.555541 0.327332 0.251827 0.432090 0.015859 0.635573 1.055357 0.100000 0.100000 0.173550 0.147247 0.835092 0.117205 0.100000 0.563209 0.710402 1.340478 0.978212 0.076635 0.100000 0.100000 0.696601 0.177422 0.241545 0.499410 0.100000 0.241830 0.824127 1.222090 0.644499 0.520354 
