27 Number of operations 
13 Number of workers 
Standard production times 
0.843543 0.474507 0.492781 0.575040 0.379527 0.613370 0.497501 0.265546 0.422046 0.316297 0.378983 0.336084 0.618914 0.451647 0.109167 0.737268 0.156169 0.772895 0.496470 0.624968 0.419151 0.100000 0.636244 0.574355 0.100000 0.212790 0.360220 
Production times: workers row and ops columns 
0.983504 0.100000 1.406759 0.100000 0.128208 0.170770 0.100000 0.032459 0.743308 0.100000 0.228631 0.207390 0.833100 0.848497 0.271436 0.954509 0.100000 0.853148 0.268146 1.100386 0.206335 0.160879 1.084882 0.962546 0.988430 0.380578 0.655309 
1.368689 0.080304 1.171082 0.100000 0.535552 0.791563 1.609829 0.423762 1.092447 0.116555 0.327518 0.024092 0.401791 1.065785 0.079894 0.100000 0.752984 0.869412 0.626171 0.050198 1.340658 0.924486 0.301594 1.290483 0.374157 0.100000 0.030227 
0.415598 0.100000 0.223786 0.812987 0.840195 0.146921 0.780021 0.048910 0.286932 0.282572 0.879132 0.759051 0.331522 0.100000 0.445415 0.422068 0.319343 0.397008 0.556069 0.417160 0.152523 0.031006 0.493184 0.539963 0.100000 0.259707 0.554767 
1.442143 0.695434 0.847604 0.851356 0.392970 0.504895 0.100000 0.100000 0.594523 1.114905 0.100000 0.777045 0.221361 0.100000 0.290602 0.556080 0.100000 0.342156 0.096688 0.378765 0.100000 1.008926 0.100000 0.865582 0.100000 0.989782 0.607988 
1.875976 0.007082 0.914191 0.895045 1.260698 0.220967 0.100000 0.100000 0.482430 0.100000 1.354770 0.544692 0.161848 0.637343 0.100000 0.781591 0.322441 0.914050 1.089283 0.388083 0.100000 0.429834 0.857932 0.587334 0.100000 0.100000 1.392609 
1.423720 1.039168 0.505753 0.317895 0.100000 0.542148 0.646325 1.615048 0.098688 0.100000 0.636624 0.259319 0.368071 0.668082 0.645288 0.439336 0.100000 0.939297 0.429867 0.911819 0.100000 0.238061 1.065820 0.525382 0.376609 0.349205 0.100000 
1.078109 0.165136 0.100000 0.098734 0.022490 0.563210 1.201686 0.100000 0.752274 0.100000 1.114312 0.615884 0.158040 1.611702 0.379952 0.983145 0.438614 0.444633 0.100000 0.346251 0.404581 0.100000 0.813754 0.100000 0.589275 0.100000 0.625450 
1.449671 0.453410 0.143044 0.979773 0.246932 1.026548 0.440531 0.238100 1.536226 0.100000 0.596551 0.720367 1.409128 0.700730 0.100000 1.106768 0.688380 1.144165 0.181646 1.452223 0.100000 0.334709 0.100000 0.638681 0.351666 0.100000 0.100000 
0.982764 1.209890 1.182011 0.561607 0.851918 0.711275 0.929751 0.100000 0.763202 1.113677 1.102357 0.162201 0.720189 0.100000 0.100000 1.043556 0.014715 0.722055 0.100000 0.791533 0.025172 0.131773 0.555181 0.876717 0.100000 0.092346 0.203380 
0.943085 0.412107 0.100000 0.243530 0.464097 0.774654 0.191213 0.645810 0.767446 0.100000 1.060015 0.419030 0.478752 1.884677 0.652122 1.329954 0.100000 0.871573 0.624940 1.167665 0.436040 0.100000 0.543737 0.473223 0.446280 0.100000 0.100000 
0.472686 0.362074 0.061172 0.485909 0.892814 0.904975 0.101155 1.080560 0.746810 0.322257 0.100000 0.100000 0.695025 0.243970 0.172377 0.996232 0.529584 0.483970 0.100000 1.008093 0.506070 0.202680 0.100000 1.069251 0.137283 0.529766 1.025986 
0.100000 1.019463 0.696875 0.100000 0.746171 0.985291 0.037385 0.100000 0.074496 0.100000 0.577002 0.527952 0.841244 0.293179 0.100000 1.608572 0.029397 0.207620 1.072419 0.775506 0.221942 0.100000 0.715292 0.100000 0.100000 0.100000 0.190612 
0.590025 0.100000 0.866239 0.281732 0.094228 1.406728 0.240686 0.206688 0.100000 0.463354 0.655523 0.100000 0.402557 0.014878 0.928976 0.081595 0.407663 0.464885 0.258685 1.013621 0.173947 0.100000 0.691241 0.781144 0.187214 0.430459 1.513504 
