32 Number of operations 
14 Number of workers 
Standard production times 
0.247474 0.450288 0.424888 0.100000 0.678972 0.295987 0.495873 0.301039 0.170258 0.197491 0.454407 0.270890 0.277178 0.478962 0.255392 0.100000 0.576450 0.515883 0.318839 0.578731 0.303597 0.246381 0.456234 0.542779 0.717885 0.467200 0.599867 0.414816 0.541646 0.526340 0.361960 0.435814 
Production times: workers row and ops columns 
0.913524 0.100000 0.100000 0.386110 1.315655 0.100000 0.100000 0.100000 0.513009 0.491525 1.187000 0.156699 0.100000 0.610066 0.100000 0.100000 0.822150 0.132626 0.656635 1.045301 1.159295 0.972924 0.337854 0.792154 1.104662 0.941660 0.405316 0.576714 0.100000 0.591251 0.601879 0.100000 
0.100000 1.044686 0.378862 0.100000 0.650683 0.100000 0.978839 0.245604 0.469483 0.566174 0.470708 0.803554 0.674837 0.861146 0.100000 0.028441 0.302952 0.400037 0.629608 0.531160 0.413676 0.577576 0.995505 0.258169 1.135979 2.019170 0.662835 0.969275 0.413458 0.142563 0.876970 0.726572 
0.194449 0.217453 0.100000 0.100000 0.256058 0.100000 0.757395 0.100000 0.895143 0.100000 0.512345 0.782613 0.558438 0.584470 0.100000 0.012713 0.982741 1.026966 0.150160 0.544871 0.100000 0.222745 0.252417 0.679497 0.611471 0.429837 0.600024 0.100000 0.287119 0.415964 0.759369 1.169529 
0.100000 1.016662 0.344012 0.797367 0.509752 0.111882 1.038902 0.100000 0.100000 0.100000 0.100000 0.333001 0.866265 0.604043 0.386896 0.100000 0.807857 1.239405 0.100000 0.638810 0.100000 0.014474 0.219907 0.253196 0.739124 0.504034 1.559993 0.792938 0.533430 0.136910 0.451503 0.162242 
0.999206 0.155359 1.268679 0.100000 0.356978 0.027075 0.100000 0.100000 0.378544 0.727727 0.558529 0.100000 0.049510 0.940745 0.100000 0.100000 2.106923 0.623910 0.100000 0.342683 0.268241 0.100000 0.673150 0.457865 0.651344 0.367647 0.597317 0.420671 0.898655 0.451727 0.275212 0.338330 
0.312915 0.430895 0.100000 0.887305 1.953225 0.474080 0.908991 0.666495 0.415149 0.134754 0.235446 0.100000 0.100839 0.536005 1.365338 0.331452 0.361874 0.580695 0.472694 0.465850 0.834551 0.346471 0.100000 0.519350 0.322891 0.335778 1.395236 0.484033 0.100000 0.658527 0.124249 0.490428 
0.045897 0.483348 0.029044 1.709359 0.360645 0.254270 0.151596 0.100000 0.905044 0.100000 0.702763 0.404165 0.156247 0.507027 0.242895 0.094569 0.667685 0.592070 1.431645 0.830825 0.474061 0.143352 0.978059 0.637547 1.338927 0.100000 0.100000 0.100000 0.659218 0.219169 0.965099 0.948537 
0.501425 0.195424 0.407203 0.100000 1.335000 0.095792 0.375449 0.037615 0.565966 0.100000 0.329066 0.288179 0.100000 0.100000 0.344254 0.100000 0.845732 0.100000 0.100000 1.142943 0.110053 0.100000 0.747017 0.009894 1.356667 1.109121 0.551911 0.299344 0.464640 0.773349 0.603786 0.886505 
0.580616 0.524062 0.100000 0.268070 0.820316 0.618106 0.793372 0.227070 1.164773 0.455220 0.514830 0.482898 0.100000 0.869513 0.100000 0.175757 1.282210 0.679471 0.100000 0.361791 0.218166 1.240248 0.131168 0.184683 0.020577 0.124239 1.127538 0.810109 1.038407 0.209365 0.042192 0.100000 
0.131442 0.084300 0.376931 0.760662 1.161701 0.100000 1.282236 0.607590 0.100000 0.100000 0.100000 1.010559 0.165015 0.193664 0.342248 0.100000 1.008489 0.912335 0.422133 1.363214 0.100000 0.677519 0.637238 0.407491 0.721768 0.721477 0.215171 0.375362 0.826366 0.587055 1.514477 0.707511 
0.248554 0.298133 0.207746 0.100000 1.532903 0.100000 0.671248 0.358514 0.100000 0.100000 0.742529 0.672723 0.100000 0.100000 0.333421 1.037420 1.911649 0.126062 0.837283 0.724040 0.795822 0.100000 0.801642 0.813258 0.537709 0.987931 0.592718 0.669795 0.191790 0.870607 1.086098 1.224250 
0.100000 1.002780 0.100000 0.314840 0.041680 0.547370 0.483278 0.265914 0.100000 0.100000 0.468568 1.070739 0.100000 0.201790 0.443940 0.129946 0.529436 0.660099 0.977591 0.632900 0.927084 1.149190 0.100000 0.517204 0.979047 0.100000 0.558474 0.172836 0.653736 0.738743 0.869930 0.749664 
0.155980 0.317444 0.508806 0.495028 0.542710 0.069972 1.195983 0.100000 0.308766 0.611478 0.100000 0.349851 1.110252 0.215907 0.512636 0.561973 0.876695 0.100000 0.224201 0.100000 0.856844 0.910981 0.858916 0.219950 1.238851 0.100000 0.983072 0.251929 0.297438 0.111731 0.100000 0.100000 
0.764910 0.565627 0.602828 0.703235 0.249453 0.100000 0.984502 0.100000 0.100000 0.100000 0.522691 0.100000 0.302046 0.788261 0.045569 0.100000 1.124583 0.986574 0.809839 1.130325 0.840657 0.100000 0.100000 0.610245 1.218870 0.286999 0.494033 1.086120 0.850871 1.201093 0.193590 0.209079 
