34 Number of operations 
11 Number of workers 
Standard production times 
0.272005 0.251027 0.230827 0.406929 0.385647 0.579599 0.346364 0.424346 0.416687 0.157689 0.239119 0.190354 0.100335 0.323595 0.484526 0.260499 0.350688 0.329227 0.501057 0.405535 0.499232 0.325785 0.100000 0.184669 0.648211 0.728020 0.195418 0.517508 0.697509 0.238926 0.690545 0.387608 0.511405 0.121800 
Production times: workers row and ops columns 
0.171359 0.146805 0.563953 0.710021 0.119193 1.025934 0.226386 0.100000 0.801056 0.100000 1.130138 1.206356 0.131876 0.362038 1.531863 0.020998 0.033567 0.389319 0.479342 0.595637 0.776935 0.100000 0.412724 0.100000 0.100000 0.658616 0.100000 0.984491 0.665264 0.401840 0.985247 0.683037 1.087252 0.571412 
0.100000 0.616388 0.539712 0.885464 0.412060 0.127974 0.100000 0.514845 0.025390 0.105699 0.316096 0.100000 0.058668 0.100000 1.381610 0.784895 0.894984 0.169308 0.506059 0.268947 0.162527 1.018196 0.100000 0.817232 0.396558 1.291628 0.100000 0.625901 0.942014 0.588077 1.199908 0.763866 0.317846 0.118444 
0.177132 0.247861 0.100000 0.611430 0.100000 0.784617 1.043907 0.100000 1.112131 0.100000 0.100000 1.299010 0.103722 0.100000 0.484760 0.302403 0.469176 0.943764 0.298829 0.100000 0.464781 0.100000 0.125353 0.100000 0.515688 0.846235 1.003814 0.100000 0.396416 0.100000 0.542313 0.956055 0.165506 0.413902 
0.021428 1.207390 0.100000 0.027903 0.097994 0.871423 0.140255 0.963682 0.655410 0.100000 0.389713 0.084465 0.100000 0.544126 0.705386 0.034848 0.335541 0.100000 0.565127 0.802402 0.241585 0.248173 0.839329 0.100000 1.249485 0.349688 0.100000 0.206829 0.591299 0.072568 0.805538 0.123320 0.372474 0.100000 
0.100000 0.420811 0.100000 1.187294 0.100000 0.382288 1.183466 0.652381 0.740770 0.100000 0.100000 0.100000 0.099019 0.230509 1.134720 0.100000 0.857380 0.294340 0.028127 0.224239 1.303031 0.546625 0.100000 0.216006 0.022963 0.484149 0.100000 0.820612 0.100000 0.728580 0.232117 0.100000 1.013256 0.581838 
0.100000 0.750916 1.119226 0.984971 0.221144 0.347166 0.273408 0.100000 1.034556 0.587755 0.388332 0.506796 0.100000 0.012503 0.100000 0.450071 0.417750 0.100000 0.072210 0.569144 0.789801 0.100000 0.071889 0.100000 0.931318 1.853768 0.520174 0.512541 0.450103 0.686846 0.289427 0.282018 0.148450 0.372309 
0.282376 0.514349 0.184951 0.100000 0.100000 0.342947 1.016212 1.047744 0.751854 0.100000 0.852498 0.100000 0.100000 1.170996 0.869899 0.355705 0.100000 0.783298 0.840973 0.095497 0.100000 0.100000 0.100000 0.100000 0.952517 0.651460 0.699466 0.646314 0.423102 1.256077 0.656348 0.945464 0.307311 0.100000 
0.100000 1.575160 0.804916 0.035581 0.122150 0.534189 0.373133 0.563999 0.555058 0.222518 0.100000 0.100000 0.277669 0.863308 0.382591 0.295944 0.915160 0.100000 0.390608 0.286497 0.100000 0.100000 0.309746 1.052889 0.807899 1.392848 0.220299 0.450892 0.744543 0.100000 0.470330 0.830681 1.184460 0.408041 
0.328336 0.100000 0.162105 0.661054 0.096968 0.100000 1.202538 1.180520 1.210362 0.891512 0.545623 0.419748 0.216914 0.479523 0.137457 0.305197 0.100000 0.521885 0.381688 0.100000 0.546788 0.702659 0.870777 0.466179 0.121338 0.100000 0.123490 0.456127 0.296334 0.232381 0.746757 0.100000 0.906089 0.100000 
0.327527 0.252821 0.235751 0.926580 0.243986 0.920870 0.845334 0.007554 0.657354 0.100000 0.159333 0.100000 0.100000 0.847957 0.102756 0.256523 0.821877 0.774053 0.187272 1.459623 0.096990 0.259120 1.117598 1.200879 0.749321 1.311940 0.002486 0.049039 0.376298 0.441190 0.392225 0.325344 1.002751 0.100000 
0.027683 0.834834 0.238152 0.715500 0.416832 0.100000 1.122760 0.608308 0.504757 0.232493 0.377606 0.617312 0.853381 0.176024 0.540797 0.100000 0.105300 0.716935 1.479440 1.118410 0.849338 0.410911 0.027954 0.164652 0.679971 0.206740 0.634957 1.071585 0.402280 0.772509 1.639245 0.677914 1.108276 0.012136 
