19 Number of operations 
10 Number of workers 
Standard production times 
0.246720 0.362229 0.782709 0.551977 0.552293 0.258215 0.374059 0.100000 0.689346 0.729481 0.772869 0.242449 0.351753 0.358657 0.358926 0.543601 0.324945 0.508266 0.549992 
Production times: workers row and ops columns 
0.100000 0.558345 1.160527 0.635027 1.062014 0.100000 0.736919 0.100000 0.431180 1.445734 1.026447 0.553355 0.652809 0.381661 1.001685 1.465694 0.369116 0.834072 0.634840 
0.921384 0.343766 0.668574 0.300574 0.100000 0.280385 0.100000 0.352724 1.438150 0.100000 0.575268 0.190741 1.332792 0.319236 0.383139 0.402303 0.049756 0.404796 0.100000 
0.087021 0.875444 1.233279 0.531276 1.242450 0.288216 0.100000 0.671173 0.583666 0.080203 0.057452 0.099563 0.100000 0.358055 0.100000 1.367090 0.454991 1.065277 1.023647 
0.274486 0.654946 0.566319 0.568263 0.100000 0.100000 0.557967 0.100000 1.565046 1.212620 0.840939 0.100000 0.219093 0.928872 0.692791 0.204077 0.097618 0.470690 1.128644 
0.100000 0.465811 0.241834 1.302583 0.215910 0.184810 0.100000 0.399616 0.100000 1.094753 0.693544 0.100000 0.100000 0.084505 0.363227 0.033518 0.926362 0.265849 0.643535 
0.100000 0.346198 0.730318 0.227223 0.781802 0.100000 1.004037 0.186113 0.590976 0.713652 0.209066 0.630409 0.100000 0.507998 0.006578 0.055902 0.100000 1.212310 0.685781 
0.120631 0.661856 0.430864 1.024367 0.100000 0.762751 1.422235 0.158741 0.700773 1.078536 0.967555 0.646395 0.100000 0.100000 0.830855 0.082501 0.895331 0.432992 1.075899 
1.102759 0.100000 0.091892 1.334517 1.306110 0.100000 0.918143 0.221873 1.278261 0.100000 0.885381 0.261081 0.903653 0.809652 0.654563 0.351994 0.416541 1.028930 0.100000 
0.100000 0.097951 0.496232 0.142122 0.100000 0.195304 0.359909 0.081495 0.722506 1.777622 0.409585 0.100000 0.229824 0.538675 0.100000 1.155484 0.198015 0.100000 0.693915 
0.972262 0.513040 0.934175 0.479659 1.630077 0.039950 0.100000 0.100000 0.782730 1.355673 0.295870 0.901734 0.396538 0.657787 0.649514 0.649369 0.680671 0.431228 0.649242 
