39 Number of operations 
11 Number of workers 
Standard production times 
0.100000 0.188290 0.109714 0.457158 0.293327 0.449820 0.370552 0.452635 0.539069 0.172019 0.740912 0.402388 0.175002 0.402554 0.267779 0.411828 0.601164 0.352647 0.535501 0.100000 0.303667 0.887338 0.489031 0.498892 0.267324 0.686998 0.233767 0.297745 0.193342 0.445549 0.591251 0.563066 0.641276 0.225153 0.100000 0.379600 0.100000 0.359106 0.647427 
Production times: workers row and ops columns 
0.851802 0.014993 1.195207 0.577271 0.888532 0.100000 0.605089 0.100000 0.717761 0.044123 0.819124 0.100000 0.773562 0.107316 0.272646 0.686211 1.676091 1.241360 0.239584 0.100000 0.762754 0.486331 1.320864 0.310927 0.090179 0.049837 0.036038 0.100000 0.127234 0.799110 0.489214 0.268824 0.385895 0.642345 0.100000 0.103695 0.046082 0.226034 0.074752 
0.057828 0.055234 0.598833 0.009498 0.100000 1.615405 0.103286 0.929200 1.446987 0.653998 1.086174 0.925738 0.316368 1.191148 0.793572 0.776281 0.335007 0.292400 0.111719 0.100000 1.455592 1.159302 0.100000 0.687174 0.100000 0.615920 0.669216 0.100000 0.004356 0.653523 0.098293 0.533388 0.899277 0.100000 0.348538 0.310784 0.100000 0.408102 0.982938 
0.034905 0.823229 0.645974 0.781234 0.446748 0.464628 0.873344 0.189832 1.321212 0.763497 0.623104 0.182431 0.459782 0.215677 0.551135 0.192598 0.369163 0.651789 0.100000 0.308341 0.965039 1.030841 0.421515 0.358645 0.100000 0.863915 0.012674 0.100000 0.282660 0.204204 0.100000 0.721718 0.435872 0.663551 0.753338 0.103257 0.100000 0.685914 1.970373 
0.210245 0.503896 0.100000 1.523024 0.244941 0.519251 0.100000 0.536991 0.363133 0.044253 0.112576 1.061278 0.126335 1.032122 1.149374 0.269081 0.633619 0.528051 1.311135 0.875188 0.532357 0.484621 0.340687 1.000556 0.100000 1.433060 0.490371 0.152962 0.107266 0.350211 0.100000 0.100000 0.236078 0.100000 0.538590 0.784574 0.421722 0.060296 0.979691 
0.100000 0.301803 0.100000 1.568636 0.100000 0.014430 0.116930 0.100000 0.100000 0.567391 0.157140 0.268508 0.431684 0.100000 0.262837 0.100000 0.387867 0.100000 0.293392 0.000157 1.237260 1.141012 0.033496 1.045383 0.721231 0.195582 0.100000 0.515966 0.292410 0.921914 0.609457 0.622042 0.244467 0.100000 0.342845 0.413004 0.100000 0.492789 0.709590 
0.755026 0.404373 0.419675 0.624821 0.100000 0.402348 0.100000 0.911703 0.883343 0.343918 0.100000 0.510395 0.895685 0.560020 0.100000 0.100000 0.485678 0.358022 0.705122 0.100000 0.492727 0.923621 1.100665 0.470046 0.313040 0.776425 0.431844 0.100000 0.623590 0.100000 0.276613 0.661263 0.993556 0.048655 0.100000 0.273610 0.296431 0.626849 0.511024 
0.100000 0.100000 0.100000 0.263343 0.643911 0.034004 0.745069 0.100000 1.255801 0.020520 1.217643 0.638743 0.752931 1.547184 1.032076 0.100000 0.623603 0.478456 0.968027 0.100000 0.637065 0.749386 0.715563 0.277282 0.100000 0.418449 0.100000 0.120604 0.804245 0.100000 0.714185 0.981704 0.271454 0.100000 0.100000 0.100000 1.139421 0.371225 0.617247 
0.492490 0.296084 0.560908 0.085195 0.100000 0.408768 0.727381 1.080737 0.474524 0.100000 0.951382 0.496918 0.100000 0.516415 0.479050 0.462478 0.165167 0.973482 0.665176 0.100000 0.709876 0.819197 0.569696 0.100000 0.100000 0.903152 0.010537 0.880188 0.299268 0.972374 0.451211 0.100000 0.100000 0.090929 1.498620 0.100408 0.061112 0.653625 1.114227 
0.100000 0.100000 0.750873 0.100000 0.285050 0.100000 0.100000 0.100000 0.461484 0.100000 0.593209 0.100000 0.274750 0.100000 0.100000 0.100000 0.867189 0.642610 1.812266 0.100000 0.100000 0.499414 0.100000 1.313191 0.139226 0.909127 0.354147 0.100000 0.078121 1.123964 0.471666 0.795733 0.402145 0.100000 0.206984 0.043276 0.275576 0.558761 0.406343 
0.100000 0.375068 1.143262 0.107165 0.117512 0.100000 0.256181 0.100000 1.271002 0.039669 0.602187 1.015337 0.141068 0.328599 0.563827 0.100000 0.100000 0.125835 1.377034 0.441736 0.100000 0.991273 1.241503 0.382767 0.100000 0.516232 0.706266 0.760737 0.043432 0.100000 0.254465 0.237043 0.218388 0.795473 0.102891 0.249036 0.538988 0.202311 0.870610 
0.965055 0.100000 1.243782 0.471569 0.100000 0.100000 0.277788 0.100000 0.772878 0.810045 1.136233 1.165441 0.689314 0.270983 0.681565 0.078516 0.414452 0.100000 0.066242 0.984073 0.757716 0.528472 0.238677 0.862246 0.166981 1.174596 0.738758 0.689294 0.100000 0.226746 0.545595 0.897448 0.850027 0.100000 0.215362 0.100000 0.100000 0.448609 0.100000 
