41 Number of operations 
14 Number of workers 
Standard production times 
0.100000 0.100000 0.502320 0.202208 0.264287 0.411534 0.159904 0.540445 0.525435 0.761124 0.723750 0.503560 0.602962 0.538920 0.465256 0.343776 0.446431 0.561091 0.330447 0.728997 0.190450 0.425091 0.306395 0.398271 0.357744 0.644536 0.427512 0.256453 0.177909 0.722292 0.577437 0.366580 0.631355 0.607148 0.492938 0.230602 0.588030 0.319223 0.425676 0.396078 0.367773 
Production times: workers row and ops columns 
0.266574 0.755639 0.100000 0.459743 0.100000 1.652069 0.100000 0.914845 0.561736 0.483153 0.100000 0.100000 0.620698 0.778714 0.719587 0.100000 1.944334 0.276110 0.561339 0.985040 1.197716 1.085045 0.100000 0.240032 0.100000 0.096249 1.115183 0.282665 0.477303 1.428275 0.864394 0.483730 1.217469 0.413267 0.500409 0.209207 0.513321 0.100000 0.934367 0.207069 0.347668 
0.056777 0.710964 1.335100 0.122369 0.100000 1.802093 0.225014 0.100000 0.431204 0.716426 0.100000 0.529106 1.173189 0.100825 0.880507 0.100000 0.458752 0.910188 0.100000 0.391930 0.022111 0.988358 0.100000 0.691632 0.024907 0.183930 0.677617 0.100000 0.060562 1.214351 0.874171 0.339118 0.991980 0.134774 1.058254 0.100000 0.790649 0.100000 0.218845 0.100000 0.371478 
0.100000 0.922971 0.925678 0.792409 0.100000 0.399284 0.393973 0.327567 0.528787 1.192068 0.902825 0.458612 0.290749 0.221085 0.975345 0.298641 0.509173 0.360912 0.349496 0.574686 0.744071 0.063081 0.311295 0.100000 0.100000 0.481320 1.012533 0.867345 1.194094 0.160958 0.100000 0.100000 1.149582 0.772274 0.687009 0.115391 0.888129 0.528811 0.110515 0.056003 0.052677 
0.100000 0.097603 0.084909 0.426138 0.144202 0.100000 0.288431 0.463915 0.712655 0.731385 0.100000 1.212980 0.100000 0.426494 0.100000 0.292837 0.141009 0.611851 0.100000 1.098102 0.100000 0.100000 0.100000 1.169638 0.100000 0.127070 1.201705 0.548158 0.100000 0.188907 1.082093 0.714855 1.238547 1.148001 0.623975 0.404674 0.100000 0.100000 1.910256 0.100000 0.100000 
0.705206 0.299735 0.139913 0.272353 0.100648 0.544513 0.100000 0.410347 0.643754 0.605375 0.738957 1.500832 0.762180 0.483625 0.100000 0.871277 0.100000 0.100000 0.305042 0.545909 0.100000 0.100000 0.485753 0.667982 0.111541 1.419882 0.359559 0.440706 0.100000 0.425938 0.547989 0.167771 0.155997 0.100000 0.610983 0.113396 0.577753 0.100000 0.512525 0.474664 0.100000 
0.072238 0.802631 0.724733 0.652137 0.842404 0.717949 0.100000 0.944192 1.204687 1.273333 0.369041 0.100000 0.782699 0.100000 0.100000 0.604496 0.100000 0.461134 0.100000 1.588711 0.100000 0.282253 0.100000 0.923611 0.170154 0.281344 0.100000 0.659435 0.680290 0.153119 1.193081 0.100000 1.550529 0.550376 0.642942 0.266480 0.459408 0.033366 0.314372 1.309216 0.420984 
0.005485 0.100000 0.081588 0.112269 0.310389 0.872991 0.127748 1.052366 0.612446 0.204427 0.849195 0.955959 0.426150 0.362938 0.490003 1.361554 0.226866 0.612916 1.281822 0.978950 0.100000 0.100000 0.256854 0.547174 0.120292 0.540369 0.937920 0.100000 0.222336 0.104436 0.020621 0.551443 0.671285 0.965446 0.100000 0.490504 0.971082 0.112772 0.411616 0.100000 0.100000 
0.192112 0.100000 0.100000 0.100000 1.533139 0.671057 0.408248 1.032958 0.748890 0.953592 0.986270 0.724239 0.385531 0.843439 0.227440 0.100000 1.064917 1.389691 1.118832 0.929280 0.976726 0.313572 0.201659 0.630810 0.909903 0.152657 0.378470 0.100000 0.216108 0.711951 0.129981 0.301240 1.338668 0.959027 1.104326 0.290623 0.425327 0.633267 1.140569 0.406664 0.100000 
0.189244 0.207562 0.130510 0.614155 0.224730 0.356844 0.164096 0.809736 0.529474 0.293531 0.946519 0.057045 1.683358 1.375685 0.100000 0.100000 1.221564 0.097191 0.399782 0.100000 0.100000 0.102835 0.803214 0.100000 0.310651 1.076601 0.534332 0.353460 0.058531 0.100000 0.769588 0.298565 1.561619 1.886979 1.103598 0.576549 0.947813 0.031130 0.100000 0.685512 0.503313 
0.267827 0.100000 0.733271 0.100000 0.100000 0.534174 0.060005 0.273068 1.000798 1.100210 1.325543 0.200965 1.089857 0.334074 0.761200 0.100000 0.823087 0.828068 1.032988 0.594446 0.440797 0.077532 0.100000 0.149791 0.356731 1.397502 0.354657 0.200787 0.156769 0.090583 0.710878 0.236262 1.047300 1.253444 1.246140 0.411676 1.062855 0.100000 0.721786 0.133739 0.657024 
0.419603 0.100000 0.509710 0.504939 1.147543 0.100000 0.440120 1.142701 0.555163 1.378069 1.594140 0.744079 1.101704 1.418585 0.100000 0.100000 0.823099 0.796080 0.100000 0.353560 0.100000 1.044989 0.770877 0.512708 0.762683 0.716613 0.637274 0.698923 0.100000 0.940301 0.098478 0.070017 0.577848 0.749827 0.971054 0.826242 0.289180 1.038344 0.891380 0.381722 1.171122 
0.100000 0.171468 0.976965 0.239151 0.703137 0.100000 0.375100 0.723481 0.028749 1.246818 1.200375 0.059741 0.685985 1.492479 0.514708 0.713094 0.916379 0.100000 0.576872 0.595623 0.212099 0.100000 0.330804 0.074284 0.160349 0.244616 0.100000 0.341945 0.122513 0.132458 0.336680 0.447648 1.058396 0.670013 0.546513 0.100000 0.473598 0.100000 0.475571 0.100000 0.787792 
0.496587 0.602001 1.310736 0.839619 0.674101 0.042517 0.936703 0.559442 0.100000 1.486210 1.081195 0.195201 1.374643 0.100000 0.892799 0.819824 1.140500 0.653956 0.100000 0.234835 0.448759 0.286464 0.100000 0.100000 0.464491 0.338454 0.198758 0.804996 0.987634 0.147394 1.633832 0.046179 0.771340 0.140507 1.189156 0.277321 1.122927 0.708936 0.407250 0.195030 0.780366 
0.657850 0.867374 0.100000 0.602138 0.100000 0.217639 0.355688 0.100000 0.476110 1.011236 0.998600 0.646443 1.169292 1.297781 0.100000 1.091100 0.650703 0.488320 0.100000 1.224429 0.100000 0.286117 0.919623 0.225376 0.215356 0.179249 0.974638 0.100000 0.408784 0.984670 0.771395 0.301450 0.735226 0.549940 0.424297 0.540836 1.086567 0.372321 0.056017 0.467341 0.353459 
