42 Number of operations 
15 Number of workers 
Standard production times 
0.341198 0.443372 0.168796 0.447002 0.411238 0.279135 0.528846 0.465044 0.615105 0.494337 0.242546 0.580233 0.455596 0.491382 0.295149 0.459610 0.311652 0.312092 0.529773 0.402329 0.348330 0.435902 0.374687 0.411612 0.602454 0.375652 0.274965 0.523056 0.587876 0.865154 0.399835 0.307670 0.439952 0.680753 0.523773 0.356303 0.459680 0.637588 0.768411 0.448560 0.600233 0.418233 
Production times: workers row and ops columns 
0.569789 0.586337 0.862491 0.769185 1.162933 0.160879 0.303496 0.100000 0.100000 0.907935 0.683028 0.463333 0.341492 0.639777 0.100000 1.198055 0.188945 0.100000 0.100000 0.652065 0.963430 0.097778 0.667248 1.095400 1.099031 0.446309 0.232263 1.347246 0.543319 0.970696 0.100000 0.100000 0.378351 0.246160 0.840432 0.221155 0.100000 1.107255 1.147181 0.246489 1.340175 0.329347 
0.100000 0.100000 0.830548 1.068356 0.329748 0.172788 0.009785 0.100000 1.163626 0.906788 0.100000 0.005335 0.467247 0.425614 0.100000 0.431602 0.100000 0.495702 0.998690 0.870796 1.119050 0.100000 0.341126 0.100000 0.286239 0.339366 0.118302 0.272869 0.382272 1.215931 1.261239 0.535716 1.032190 0.638271 1.339286 0.100000 0.100000 0.400582 0.725400 0.100000 0.215927 0.300437 
0.216523 0.057851 0.013795 0.380317 0.279430 1.035772 0.496898 0.623411 0.050301 0.557064 0.503533 0.515444 0.465827 0.100000 0.281783 0.761716 0.599246 0.100000 0.271215 0.029143 0.663835 0.177599 0.100000 0.100000 0.634036 0.100000 0.691740 1.036186 0.494285 0.787721 0.400047 0.223132 0.480053 0.880215 0.605660 0.470348 0.100000 1.538249 0.629627 1.070558 0.156427 0.991426 
0.313323 0.445334 0.100000 0.100000 0.306925 0.086962 0.876833 0.690507 0.987441 0.811594 0.641694 0.436638 0.518549 0.905201 0.100000 0.713151 0.345208 0.472964 1.395239 0.879561 0.349555 0.100000 0.100000 0.126704 1.593837 1.267728 0.700454 0.770179 0.925793 0.960619 0.100000 0.576903 1.077553 0.208428 0.100000 0.758910 0.410461 0.743961 0.443452 0.214101 0.263945 0.342590 
0.100000 1.189386 0.282219 1.088686 0.124612 0.107829 1.181861 0.457303 0.100000 0.077021 0.071852 0.864696 0.495282 0.056130 0.981779 0.084609 0.863678 0.308921 0.515949 0.081031 0.365723 0.735616 0.210344 0.507750 0.100000 0.084390 0.088323 0.675043 1.092455 0.619005 0.467461 0.181698 0.867904 0.624300 0.594946 0.603813 0.600703 0.296192 1.472852 0.217248 0.278473 0.230552 
0.460867 1.276800 0.100000 0.100000 0.613965 1.032172 1.352115 0.100000 0.449626 0.321605 0.444543 1.013219 1.156613 0.601707 0.061879 0.100000 0.100000 0.269847 0.186497 0.100000 0.492430 1.277112 0.319758 0.994196 0.346519 0.100000 0.091299 0.134693 1.392268 1.212682 0.474619 0.969332 0.587749 1.161594 1.167717 1.019564 0.541969 0.120035 0.450805 0.027307 1.174552 0.100000 
0.100000 0.100000 0.100000 0.355525 0.102737 0.688793 0.294908 0.160295 1.017010 0.939676 0.594252 0.917494 0.083205 0.449679 0.382866 0.234065 0.691725 0.100000 0.282609 0.205372 0.167400 0.601385 1.279575 0.150659 1.178716 0.100000 0.274623 0.945993 1.139024 1.045348 0.100000 0.709151 0.420763 0.547264 0.100000 0.556416 0.252420 0.529534 1.145896 0.100000 0.772014 0.100000 
0.100000 0.100000 0.244996 1.227120 0.555485 0.100000 0.351610 0.107294 0.169868 0.249785 0.367656 1.709979 0.401633 0.100000 0.996806 0.898444 0.226012 0.863460 0.762461 0.341946 0.123237 1.156906 0.100000 0.586329 0.469851 0.376291 0.926780 1.055778 0.100000 1.105229 0.659195 0.100000 0.570064 0.962881 0.493599 0.749652 0.402176 0.100000 1.070591 1.091216 0.905407 0.765252 
0.100000 1.205530 0.100000 0.421768 1.140676 0.100000 0.061116 1.096343 0.544135 0.013927 0.902376 1.188239 0.275229 0.421866 0.264147 0.100000 0.183846 0.535463 0.890593 0.633561 0.082903 0.100000 0.921824 0.430984 1.483833 0.686018 0.671219 0.100000 1.354529 0.889185 1.025816 0.100000 0.634271 0.100000 0.100000 0.473690 0.100000 1.599363 1.218908 0.362488 0.963080 0.100000 
0.261816 0.442578 0.100000 0.100000 0.995977 0.326805 0.150943 1.671510 0.960999 0.088198 0.100000 1.172445 0.529587 1.065865 0.334887 0.755305 0.699338 0.462548 0.393875 0.869089 0.100000 0.208222 0.398907 0.100000 1.075954 0.683928 0.613020 1.025608 0.100000 0.691578 0.504499 1.041827 0.790782 0.831394 0.358404 0.657738 0.638957 1.606662 0.684845 0.570743 2.212919 0.360580 
0.052969 0.020917 0.672177 0.100000 1.043782 0.744803 0.474170 0.954479 0.811964 0.100000 0.803726 0.134172 0.085171 1.362894 0.100000 0.100000 0.957500 0.662744 1.012390 0.100000 0.141162 1.134638 0.334844 1.564452 0.291462 0.096394 1.078481 0.781626 0.217348 0.028795 0.866707 0.393154 0.675885 1.111037 0.681207 0.100000 0.998443 0.100000 0.692241 0.506022 1.307217 0.100000 
0.770725 0.385059 0.909903 0.502957 0.988401 1.027623 0.535207 0.295973 1.039629 0.368875 0.100000 0.491334 0.111221 1.087916 0.726453 0.412842 0.039829 0.100000 0.100000 1.012369 0.497265 0.862402 0.961607 1.075232 0.437839 0.764022 0.100000 0.161778 0.100000 1.031756 0.499376 0.083056 0.495315 0.912692 0.100000 0.100000 0.128333 1.436550 0.984424 0.125542 0.728156 1.246135 
0.100000 0.214100 0.960938 0.100000 0.546118 0.238212 0.321285 1.555551 1.159455 0.139557 0.100000 0.954836 0.100000 0.100000 0.910311 0.676400 0.132163 0.458637 0.332358 0.591161 0.100000 0.153510 0.100000 0.018003 0.474539 0.296526 0.215898 0.962613 0.047826 1.367995 0.937603 0.100000 0.100000 0.587661 0.516994 0.330937 1.554164 0.667830 0.100000 1.305606 0.809642 1.094243 
0.056322 0.100000 0.837265 0.706232 0.608303 0.100000 0.100000 0.100000 0.280612 0.836852 0.720828 0.969412 0.100000 1.139765 0.752064 0.100000 0.679946 0.100000 0.995381 0.517987 0.162455 0.784008 0.453987 1.003157 0.952442 0.359001 0.801383 0.490452 0.368469 0.983966 0.154218 0.740866 0.147191 0.593262 1.612956 0.532775 0.100000 0.100000 1.367666 0.195660 1.076188 0.100000 
0.100000 1.079816 0.100000 0.100000 1.065462 1.396460 0.347043 0.524017 1.176526 0.572763 0.682110 0.189603 0.100000 0.501425 0.228399 0.100000 0.100000 0.277444 1.021732 0.435597 0.334981 0.005939 1.198375 1.136861 0.402409 0.313097 0.607469 1.176643 0.250420 0.479989 0.695809 1.278082 0.490040 0.913242 0.552956 0.100000 1.017135 0.864581 0.400307 0.680590 0.157353 0.042311 
