38 Number of operations 
12 Number of workers 
Standard production times 
0.445516 0.501658 0.199489 0.100000 0.430307 0.550576 0.442767 0.193344 0.416256 0.556625 0.691758 0.452977 0.526405 0.183712 0.353479 0.280744 0.474941 0.764808 0.110005 0.344716 0.499751 0.435715 0.441575 0.159591 0.491763 0.324206 0.842786 0.709165 0.494482 0.417397 0.601174 0.567655 0.171576 0.680218 0.558955 0.346657 0.214097 0.436581 
Production times: workers row and ops columns 
0.455522 0.642811 0.405464 0.100000 0.110561 0.190629 0.100000 1.097511 0.519932 1.024578 0.241240 0.100000 1.596047 0.779705 0.609218 0.273600 0.145496 0.256403 0.059209 0.181934 0.100000 0.794062 0.805575 1.062952 0.975129 0.275375 0.652165 0.327970 0.289339 0.118852 0.343458 1.052275 0.287973 1.118806 0.395631 0.017454 0.142392 0.100000 
1.016045 0.500236 0.730295 0.100000 0.249808 0.474547 0.039250 0.055070 0.007462 0.889235 1.040791 0.018166 0.208701 0.524078 0.793927 0.635866 1.439406 0.479612 0.277424 0.100000 0.284618 0.647838 0.043388 0.100000 0.032835 0.575063 0.104188 0.681079 0.250963 0.806332 0.518254 0.356939 0.327900 1.354846 1.555526 0.816037 0.315695 0.396865 
1.009212 0.821547 0.100000 0.179220 0.100000 0.210228 0.969393 1.478545 0.290433 0.416296 0.639657 0.734437 0.100000 0.436448 0.226428 0.462654 0.248640 1.315003 0.041734 0.100000 0.140632 0.100000 0.434818 0.100000 0.155618 0.100000 0.100000 1.040309 0.217867 0.738014 1.253804 0.911167 0.100000 0.766397 0.293220 0.865894 0.231784 0.976634 
0.100000 0.903245 0.100000 0.260590 0.197667 0.100000 1.063118 0.029724 0.100000 0.785798 0.510063 0.391347 0.708584 0.016625 0.100000 0.336807 0.065722 1.425961 0.100000 0.100000 0.100000 0.100000 0.292389 1.418502 0.636773 0.666188 0.693582 0.127514 1.592206 0.100000 0.661973 1.036388 0.324994 0.851164 1.109935 0.268389 0.181104 0.218602 
0.731842 0.291796 0.349853 0.321565 1.109325 0.596421 0.267865 0.100000 0.100000 0.830859 0.341142 0.604853 1.043923 0.100000 1.312306 0.514369 0.100000 1.282943 0.151775 0.476556 0.287757 0.408799 1.397505 0.385261 0.100000 0.100000 0.501253 1.034896 0.698234 1.298655 0.643672 0.282287 0.287415 0.857263 0.048074 0.118345 0.186821 0.015927 
1.215509 0.595105 0.100000 0.100000 0.746191 0.831162 0.532929 0.100000 0.100000 0.684006 0.123496 1.183580 0.754551 0.209422 0.365905 0.365344 0.463442 2.025396 0.100000 0.128946 0.269612 0.100000 0.100000 0.715799 0.376454 0.100000 0.511435 0.917747 0.519034 0.644494 0.666743 1.750990 0.100000 0.227297 0.718729 1.056904 0.100000 1.554604 
0.100000 0.100000 0.653960 0.374780 0.277642 1.600655 1.143664 0.057735 0.463767 0.100000 0.467481 0.548270 0.618547 0.046244 0.435731 0.036094 0.100000 1.012770 0.758131 0.100000 0.417525 0.236374 0.655547 0.421602 0.055506 0.373780 1.941875 1.122479 0.379685 1.210018 1.077947 0.203814 0.959805 0.199429 0.086947 0.313036 0.205548 0.100000 
0.293797 0.100000 0.417481 0.772542 0.100000 0.100000 0.449288 1.373262 0.316364 0.063265 0.224843 1.515982 0.817218 0.049647 0.645904 0.692238 0.467652 0.100000 0.100000 0.078361 0.100000 1.117872 0.397444 0.274810 0.736719 0.100000 1.226948 0.085240 1.237699 0.144204 0.632212 0.804849 0.377004 0.786660 0.523807 0.247114 0.791735 0.625336 
0.026228 0.823834 0.100000 0.100000 0.001373 0.912902 0.295717 0.630421 0.308893 0.620081 0.270576 0.668453 0.665702 0.100000 0.952116 0.482627 1.151035 0.100000 0.808653 0.855041 0.100000 0.962812 0.100000 0.229739 0.537035 0.509699 0.136864 0.916362 0.100000 0.935913 0.891259 1.059484 0.659092 0.467614 0.877186 0.420455 0.267233 0.252484 
0.100000 1.596116 0.244339 0.065785 0.851869 0.547610 0.100000 0.100000 0.881190 0.308803 0.665389 0.100000 1.043569 0.454225 0.100000 0.429461 0.341208 1.373750 0.105360 0.467227 0.100000 1.439897 0.882953 0.058504 1.085816 0.227497 0.427836 0.682024 0.841164 0.830417 1.589173 0.100000 0.100000 0.889344 0.510050 0.407717 0.100000 0.524447 
0.350527 0.404771 0.100000 0.301212 0.358947 1.191083 0.572224 0.067171 0.927808 1.392241 0.641099 0.540319 0.930947 0.611001 0.472306 0.401895 0.198123 0.443003 0.090944 0.101759 0.204417 0.338643 0.799092 0.300393 0.976139 0.170365 0.636048 0.532753 1.268636 0.817864 1.172626 0.574981 0.100000 0.350572 0.741790 0.100000 0.100000 0.168473 
0.535659 0.702595 0.100000 0.100000 0.800675 0.383320 1.044968 0.100000 0.879979 1.206890 0.393708 0.564726 0.517447 0.100000 0.056550 0.100000 0.720108 1.162621 0.118862 0.991813 0.687898 0.422732 0.979357 0.638066 0.180121 0.100000 0.634667 1.950574 0.623731 0.509641 0.718365 0.907373 0.100000 0.197091 0.316747 0.164634 0.561063 0.830243 
