27 Number of operations 
12 Number of workers 
Standard production times 
0.401732 0.402436 0.338662 0.298528 0.213877 0.254923 0.100000 0.431816 0.259673 0.378743 0.100000 0.393790 0.415191 0.559185 0.353622 0.641152 0.434203 0.602359 0.358818 0.422483 0.435090 0.517655 0.357517 0.820685 0.405115 0.684533 0.284326 
Production times: workers row and ops columns 
0.453607 0.895203 1.084825 1.198004 0.100000 1.169581 0.060659 0.727299 0.100000 0.100000 0.293153 0.457387 1.090912 0.487936 0.165099 0.100000 1.300864 0.203521 0.100000 0.088946 0.502642 0.379949 0.210330 1.050042 0.297522 0.320834 0.151089 
0.037706 0.483577 0.100000 0.024538 0.584421 0.325294 0.316665 0.076616 0.133057 0.100000 1.034205 0.453006 0.364166 0.748192 0.123751 0.834046 0.654236 1.412811 0.311912 1.092131 0.568704 0.996764 0.364899 1.560734 0.318393 0.100000 1.071732 
0.100000 0.519299 1.159724 0.678267 0.100000 0.100000 0.100000 0.402508 0.100000 0.747419 0.526180 0.100000 0.100000 0.204661 0.357266 0.264122 0.385910 0.631962 0.833417 0.790318 0.528323 0.008616 0.810750 0.100000 0.133186 1.395334 0.235523 
0.803321 0.763436 0.100000 0.170157 0.100000 0.100000 0.465524 0.100000 0.100000 0.598109 0.151152 0.767294 0.100000 1.270040 0.685015 0.911099 1.137116 1.244174 0.340501 0.021554 0.668852 0.561393 0.485426 0.737184 0.100000 1.215167 0.100000 
0.002682 0.752181 0.100000 0.134674 0.130688 0.166881 0.100000 0.005000 0.357776 0.100000 0.100000 0.267143 1.472743 0.489279 0.651204 0.837619 0.647234 0.799738 1.249872 0.571123 0.100000 0.484093 0.100000 1.508752 0.328162 0.698449 0.100000 
0.017464 0.482644 0.206583 0.712784 0.112814 0.100000 0.134030 0.831194 0.100000 0.891464 0.580351 0.686126 0.100000 0.078741 0.207253 1.356228 1.544247 1.512327 0.411768 0.134803 0.303551 0.462733 0.407309 1.422722 0.552168 1.973115 0.871821 
0.100000 0.009591 0.100000 0.993815 0.850401 0.100000 0.473007 0.100000 0.948936 0.266645 0.456883 0.119680 0.881433 0.401928 0.687429 0.463781 0.373970 1.063127 1.288438 0.026374 0.398527 0.000472 0.023822 0.776627 0.538040 0.117248 0.100000 
0.100000 0.635418 0.433357 0.100000 0.100000 0.856997 0.100000 0.428877 0.333776 0.209137 0.100000 0.539337 1.002490 0.100000 0.384061 0.271195 0.929806 0.869397 0.862298 0.707033 1.180522 0.100000 0.355446 0.964259 0.392836 0.476746 0.100000 
0.616890 0.100000 0.346504 0.820298 0.494526 0.100000 0.590468 0.829191 0.483813 0.374071 0.570227 0.264946 0.953347 0.717107 1.022178 0.895760 0.415099 1.175592 0.103231 0.205411 0.230227 1.170138 0.220101 1.288876 0.406235 0.098400 0.100000 
0.601646 0.331287 0.161744 0.120991 0.576402 0.100000 0.148466 0.324614 0.100000 1.067237 0.100000 0.100000 0.685764 0.594322 0.246044 0.826865 0.196552 1.407472 0.683851 0.569985 0.100000 1.556287 0.100000 0.724767 1.240403 1.394345 0.867948 
0.446193 0.901145 0.100000 0.657492 0.765949 0.100000 0.557975 0.639505 0.763830 0.100000 0.568657 1.038612 1.032111 0.509342 0.515586 0.100000 0.611160 0.649919 0.100000 0.766436 0.100000 0.314893 0.100000 1.132861 0.735221 0.271505 0.430851 
1.282741 0.430225 0.122340 0.100000 0.363775 0.100000 0.281543 0.368182 0.100000 1.261737 0.345755 0.653534 0.877241 0.100000 1.170330 1.892360 0.509412 0.503742 0.433805 0.973516 0.099591 0.928940 0.100000 0.328290 0.326603 0.210710 0.317909 
