22 Number of operations 
15 Number of workers 
Standard production times 
0.100000 0.309845 0.433149 0.403683 0.820017 0.424259 0.342894 0.297768 0.434975 0.479751 0.100000 0.473087 0.100000 0.592385 0.416299 0.808673 0.660013 0.161762 0.100000 0.349409 0.669865 0.398741 
Production times: workers row and ops columns 
0.100000 0.100000 0.397738 0.037533 0.369641 0.887937 0.353074 0.100000 0.006971 0.080339 0.773040 0.577783 0.100000 0.580329 0.305738 1.175569 0.957931 0.366540 0.100000 0.446741 1.074347 0.859461 
0.100000 0.412482 0.571367 0.875734 1.833133 0.948532 0.100000 0.764297 0.825629 0.036369 0.062936 1.045184 0.561447 0.829899 0.854832 1.007855 0.517758 0.559807 0.100000 0.152716 0.046289 1.502496 
0.100000 0.497640 0.593677 0.100000 0.954223 0.777062 0.056070 0.954216 0.100000 0.100000 0.100000 0.086715 0.100000 0.968429 1.118398 1.724404 1.240722 0.597454 0.128786 1.551118 0.100000 1.129084 
0.100000 0.842489 1.291127 0.562846 0.100000 0.008658 0.100000 0.757542 0.680999 0.578106 0.904453 1.290046 0.100000 0.307003 0.247295 1.034475 0.767781 0.815811 0.100000 0.748527 0.566732 0.147558 
0.557174 1.326666 0.995973 0.273713 0.683676 0.336174 0.762078 0.181944 1.305439 0.984219 0.100000 0.809133 0.006587 0.356811 0.184787 0.808621 1.069748 0.100000 0.100000 0.386951 0.744712 0.410344 
0.100000 1.029224 0.448430 1.529951 0.402932 0.626567 0.543009 0.311323 0.100000 0.991639 0.439248 0.432077 0.100000 1.404971 0.168206 0.375319 0.091332 0.100000 0.198470 0.260475 0.479696 0.123285 
0.100000 0.762342 1.143032 0.105954 0.100000 0.015117 0.150068 0.100000 0.321518 0.975810 0.100000 0.931019 0.533373 0.497661 0.423843 0.835915 0.627007 0.100000 0.100000 0.100000 1.108723 0.662713 
0.100000 0.660018 0.212633 0.100000 0.125857 0.290973 0.728496 0.308739 0.007081 0.355854 0.735748 0.100000 0.100000 0.971344 0.100000 0.100000 0.831979 0.158210 0.721333 0.028599 1.049093 0.330833 
0.042668 0.460504 0.626417 0.312621 0.209275 0.571178 0.661096 0.381939 0.100000 1.452925 0.100000 0.278333 0.025680 0.924499 1.250802 0.726634 0.618942 0.873035 0.038998 0.324943 0.370991 0.930183 
0.100000 0.057187 0.100000 0.081522 1.088620 0.536499 0.538531 0.196467 0.920108 1.074360 0.159411 0.997117 0.299614 0.532854 0.968654 0.747819 0.835326 0.063239 0.100000 0.453046 0.467704 0.100000 
0.383786 0.100000 0.100000 0.378112 0.629379 0.100000 0.307374 0.100000 0.100000 0.601888 0.998407 0.100000 0.099586 0.833856 0.100000 0.207879 0.614394 0.100000 0.100000 0.801216 0.367788 0.362179 
0.019714 0.340133 1.250180 0.211151 0.889096 0.074491 0.270179 0.662073 0.147069 0.100000 0.526985 0.350532 1.039212 0.871610 0.745446 0.933616 0.100000 0.226212 0.100000 0.014305 0.950333 0.333562 
0.100000 0.395215 0.594415 0.100000 0.661613 0.783461 0.426983 1.222478 0.100000 0.100000 0.100000 0.374444 0.022450 0.555674 0.235103 1.291309 0.451725 0.100000 0.100000 0.696199 0.605376 0.497661 
0.543385 0.504458 0.526798 0.141072 0.867543 0.826879 0.721342 0.157067 0.547217 0.847190 0.017710 0.376192 0.100000 0.721086 0.191085 0.100000 0.463770 0.100000 0.457805 0.100000 0.969522 0.252409 
0.100000 0.518263 0.100000 0.658767 0.892788 0.885272 0.377206 0.100000 0.337079 0.908407 0.100000 0.700532 0.767425 0.884386 0.756565 0.392437 0.311715 0.719812 0.100000 0.618427 0.431776 0.100000 
