30 Number of operations 
13 Number of workers 
Standard production times 
0.102150 0.305099 0.516266 0.593978 0.656509 0.415165 0.413369 0.305385 0.736214 0.648862 0.195507 0.282010 0.500330 0.185839 0.401889 0.605331 0.369798 0.401589 0.301405 0.588515 0.298543 0.450538 0.281553 0.100000 0.454820 0.137228 0.213825 0.152212 0.580517 0.500940 
Production times: workers row and ops columns 
0.220333 0.864905 1.134795 1.189325 0.464628 1.172752 0.100000 0.697547 1.465331 0.412958 0.385420 0.100000 0.100000 0.808963 0.248481 0.100000 0.704325 0.100000 0.916062 0.339970 0.100000 0.100000 0.436519 0.100000 0.316096 0.382056 0.100000 0.100000 0.630287 0.100000 
0.100000 0.984447 0.619744 1.013234 0.100000 1.652736 0.368350 0.100000 1.276157 0.570668 1.048783 0.100000 0.100573 0.100000 0.236392 1.012064 0.100000 0.244071 0.343474 0.995796 0.690256 0.733420 0.100000 0.072284 1.421119 0.126104 0.359113 1.033674 1.255054 0.508570 
0.100000 0.100000 0.606039 0.114767 0.187751 0.529881 0.804142 0.235089 0.249793 0.283906 0.100000 0.089408 1.235639 0.849181 0.390664 0.282175 0.915864 0.374772 0.028713 0.691880 0.365405 0.186526 0.019263 0.100000 0.187142 0.822889 0.703404 0.437552 1.050873 0.290205 
0.851995 0.100000 1.293688 0.104808 0.897208 0.721028 0.936877 0.132893 0.100000 1.057509 0.100000 0.340801 0.100000 1.015453 0.586420 0.878649 0.741971 0.323227 1.416201 0.560607 0.100000 1.353350 0.687984 0.100000 0.562709 0.652662 0.139215 0.100000 0.220251 0.432055 
0.100000 0.938071 0.271644 0.445241 1.172142 1.587125 0.100000 0.100000 1.106478 0.668088 0.555775 0.044292 1.537563 0.100000 0.300331 0.541317 0.920654 0.976349 0.100000 0.702372 0.453744 0.060642 0.244925 0.913857 0.835292 0.100000 0.298209 0.100000 0.616588 0.100000 
0.757383 1.062959 0.485280 0.415823 0.553899 0.822238 0.006687 0.100000 0.121415 0.037567 0.100000 0.202475 1.086257 0.100000 0.483945 0.352765 0.542016 0.402274 0.137200 0.734162 0.003568 1.404318 0.396892 0.489312 1.171357 0.100000 0.100000 0.100000 0.100000 1.251652 
0.178039 0.100000 0.864413 0.449477 0.657567 0.100000 0.375753 0.100000 0.423624 0.100000 0.100000 0.337043 0.116478 0.472171 0.100000 0.920556 0.100000 0.100000 0.524918 0.100000 0.320892 0.050069 0.462295 0.100000 0.436272 0.100000 0.100000 0.100000 0.505986 0.691426 
0.100000 1.120439 0.329581 0.819335 1.289835 0.100000 0.106833 0.452829 0.720715 0.572951 0.529648 0.100000 0.100000 0.100000 0.100000 0.724264 0.200637 0.755059 0.519865 0.100000 0.572671 1.209694 0.819393 0.177477 0.776172 0.100000 0.100000 0.100000 0.448033 0.365426 
0.100000 0.599632 0.100000 0.100000 0.793532 0.308307 0.739240 0.698516 0.449286 0.100000 0.326556 0.387523 1.009274 0.317004 1.821461 0.502108 0.100000 0.302557 0.100000 0.100000 1.175974 0.325003 0.243956 0.100000 0.497006 0.399493 0.100000 0.100000 0.805426 0.900636 
0.729972 0.155632 0.224037 0.506150 0.844692 0.638640 0.100000 0.268406 0.276065 1.497834 0.100000 0.350058 0.038828 0.100000 0.188224 0.100000 0.484072 1.369569 0.100000 1.335205 0.015080 0.100000 0.741977 0.100000 0.992184 0.853277 0.670074 0.790422 0.100000 1.953874 
0.295797 0.100000 0.715372 0.100000 0.100000 0.672939 0.250983 0.669059 0.422830 0.279806 0.245662 0.100000 1.405758 0.367795 0.275311 1.148148 0.229107 0.100000 0.474532 0.030184 0.100000 0.392644 0.140569 0.100000 0.100000 0.303524 0.403219 0.100000 1.324045 0.038498 
0.100000 0.100000 0.457905 0.944488 1.069333 0.033786 0.100000 0.117772 1.303429 0.100000 0.291676 0.100000 0.784405 0.162922 1.400720 1.072846 0.329659 0.678308 0.512999 0.213345 0.822576 0.964427 0.100000 0.100000 0.425470 0.016195 0.100000 0.100000 0.576238 0.325423 
0.552678 0.252919 0.035342 0.306420 0.345993 0.698069 0.100000 0.382095 0.537426 1.070880 0.100000 1.532315 0.100000 0.100000 0.107168 0.735663 0.633288 1.654011 0.797077 1.091961 0.258301 0.100000 0.887514 0.078215 0.425005 0.100000 0.253232 1.023803 0.869615 1.623063 
