25 Number of operations 
15 Number of workers 
Standard production times 
0.274206 0.200557 0.702910 0.107520 0.779968 0.324791 0.495129 0.386579 0.312738 0.358611 0.560757 0.443117 0.347744 0.285696 0.478918 0.214393 0.362091 0.760902 0.167911 0.518225 0.292766 0.758314 0.808073 0.639668 0.497283 
Production times: workers row and ops columns 
0.274624 0.100000 1.439608 0.502929 0.833705 0.457385 0.283046 0.100000 0.186114 0.373599 0.377951 0.959776 0.690138 0.266662 0.674183 0.331435 0.076707 0.774434 0.167909 1.229187 0.100000 1.015683 1.236291 0.718868 0.061736 
0.100000 1.328217 0.812725 0.011826 1.221516 0.010876 0.100000 0.183683 0.326359 0.100000 1.180388 0.660622 0.100000 0.100000 1.038898 0.100000 0.172292 0.585310 0.026607 1.243177 0.669626 0.100000 0.117102 1.832344 1.380008 
0.981105 0.100000 0.623264 0.522144 1.347409 0.333198 1.296164 0.856744 0.100000 0.100000 0.809220 0.321380 0.351966 0.278086 0.100000 0.175706 0.635428 0.133954 0.975254 0.354878 0.202569 1.734804 0.100000 1.096294 0.500733 
0.011978 0.100000 0.441394 0.100000 0.324554 0.415980 0.770036 0.100000 0.504445 0.037330 0.773341 0.261618 0.100000 0.401693 1.001509 0.374898 0.445866 0.322868 0.100778 0.831284 0.015749 0.398912 0.793035 1.468489 0.326742 
0.732590 0.171557 0.836810 0.100000 1.382338 0.560138 0.100000 0.665214 0.100000 0.100000 1.003643 0.452017 0.235139 0.909005 0.100000 0.514193 0.176794 0.679632 0.287382 1.070069 0.386153 0.871524 0.325467 0.502224 0.353096 
0.100000 0.445255 0.933806 0.335053 0.624820 0.100000 0.340642 0.100000 0.100000 0.100000 0.795249 0.119703 0.100000 0.100000 0.630504 0.929055 0.237612 0.100000 0.100000 1.041104 0.100000 1.449293 0.994450 0.507839 0.838942 
1.214328 0.182107 0.870786 0.100000 0.504798 0.092296 0.143968 0.709258 0.100000 0.371268 0.724193 0.395150 0.603322 0.600897 0.641892 0.877249 0.763565 0.374428 0.100000 0.948090 0.100000 0.757987 0.434694 0.128233 0.516300 
0.876875 0.467551 0.583565 0.100000 1.201872 1.079493 0.788031 0.372251 0.021257 0.413046 1.261764 0.363386 1.165735 0.100000 0.526283 0.003451 0.621362 0.949663 0.100000 0.632823 0.843277 0.463626 0.879625 1.009927 0.322186 
0.165775 1.291305 0.100000 0.100000 0.781448 0.731683 0.100000 0.261111 0.606173 0.961420 1.780937 0.100000 0.703042 0.066790 1.565363 0.144819 0.100000 1.471515 0.518122 0.100000 0.100000 0.781374 0.385576 1.333182 0.100000 
0.100000 0.100000 0.447528 0.243004 0.955101 0.100000 0.100000 1.052996 0.269786 0.074890 0.100000 0.732156 0.156943 0.440409 0.100000 1.025897 1.425686 0.100000 0.100000 1.517552 0.337129 0.300402 0.879485 0.578374 0.222989 
0.100000 0.100000 0.242773 0.010685 1.278255 0.100000 0.100000 0.308233 0.100000 0.098176 0.644116 0.700161 0.147005 0.729083 0.539537 0.645591 1.113011 0.989540 0.100000 0.833249 0.275012 0.460979 1.221794 1.161353 0.921670 
0.161771 0.326557 0.086923 0.100000 0.450687 0.217676 0.317008 0.183639 0.433170 0.595275 0.423883 0.100000 0.249650 0.560545 1.292350 0.347955 0.100000 1.478657 0.740319 0.975517 0.365034 0.682304 1.569366 1.653501 0.142773 
0.243354 0.476828 0.462361 0.115012 0.499575 0.100000 0.963632 0.100000 0.411291 0.437494 0.295948 0.100000 0.794111 0.227543 0.340952 0.100000 0.787859 0.484637 0.027827 0.100000 0.980078 0.529968 0.608654 0.149240 0.968524 
0.100000 0.157761 0.086156 0.100000 0.612187 1.300630 1.073212 1.063559 0.541927 0.332122 0.412276 0.869024 0.593162 0.100000 0.100000 0.126951 0.391231 0.535881 0.100000 0.539241 0.421934 0.650983 0.799885 0.665039 0.252119 
0.348922 0.516884 0.963118 0.260879 0.897496 0.608494 0.100000 0.595436 0.100000 0.718188 0.100000 0.890918 0.021902 0.856259 0.406721 0.100000 0.100000 0.954743 0.683688 0.100000 0.100000 0.258233 0.100000 1.063285 0.119253 
