29 Number of operations 
9 Number of workers 
Standard production times 
0.134020 0.518154 0.603508 0.408978 0.779452 0.170232 0.339568 0.774816 0.704163 0.706856 0.100000 0.313312 0.203617 0.356576 0.601294 0.376615 0.318074 0.623228 0.449612 0.397487 0.107565 0.485955 0.344105 0.565308 0.364770 0.596216 0.933672 0.102610 0.510276 
Production times: workers row and ops columns 
0.100000 1.594177 0.552681 0.425234 1.022502 0.612129 0.295236 0.742429 1.258853 0.016262 0.194209 0.292443 0.100000 0.100000 0.326603 0.424526 0.707152 0.831873 0.802750 1.123280 0.111061 0.861324 0.100000 0.166798 0.045898 0.100000 0.993867 0.968106 0.156848 
0.269724 0.430378 1.505741 1.290202 0.998604 0.100000 0.470153 0.405368 0.781400 0.272825 0.100000 0.081540 0.100000 0.866250 1.105408 0.100000 0.100000 1.020854 0.770966 0.620226 0.100000 0.919655 0.665867 0.294472 0.738283 0.728292 0.725562 0.100000 0.318298 
0.997945 0.702470 0.449761 0.100000 0.443196 0.234917 0.074278 0.782647 0.678936 0.124981 0.582314 0.100000 0.835883 1.230699 1.199197 1.077200 0.535632 0.167235 0.691524 0.100000 0.100000 0.649907 0.334716 1.212102 0.452962 0.248418 0.749507 0.517811 0.950817 
0.144063 0.226289 0.518826 0.277644 0.766306 0.100000 0.227276 1.263310 0.699336 1.429443 0.624655 0.050494 0.100000 0.129646 0.203628 0.905067 0.499787 0.410956 0.100000 0.692709 0.100000 0.391159 0.255254 0.100000 0.100000 0.484556 0.912364 0.100000 0.257986 
0.344735 0.619483 0.747124 0.100000 1.529965 0.215097 0.253887 1.045318 1.427467 0.063877 0.197928 0.019256 0.678704 0.633194 0.714438 0.719157 0.607793 0.821926 0.823358 0.127297 0.526985 0.237098 0.100000 0.060104 0.356709 0.092654 0.725799 0.100000 0.100000 
0.100000 0.100000 0.217280 0.555730 0.453674 0.100000 0.967003 0.837076 0.422401 1.466051 0.605981 0.285499 0.100000 0.100000 0.062580 0.155012 0.719848 1.192906 0.027123 1.138390 0.152248 0.394297 0.488245 0.044905 0.620280 0.283608 0.100000 0.060171 0.100000 
0.230992 0.558142 0.531883 0.889336 0.681550 0.346907 0.815040 1.614379 0.140457 0.166226 0.437797 0.906423 0.478242 0.100000 0.655128 0.100000 0.324779 0.415624 1.388288 0.287349 0.406909 0.100000 1.075967 0.993276 0.757110 0.431508 1.809188 0.030158 1.211381 
0.349777 0.531460 1.154989 0.094495 0.100000 0.100000 0.407794 1.108960 0.739091 0.100000 0.100000 0.123475 0.651701 0.100000 0.225975 0.200725 0.100000 0.908968 0.255240 1.204453 0.100000 0.345159 0.611521 0.093997 0.100000 0.100000 0.404451 0.021685 1.050588 
0.100000 0.717459 0.822152 1.169289 1.807051 0.100000 0.409115 1.965261 0.258274 0.891814 0.132461 0.064196 0.984021 0.165998 0.684411 0.100000 0.981752 0.368908 0.183934 0.182287 0.100000 0.550745 1.019028 0.677234 0.054213 0.100000 1.109192 0.315618 0.100000 
