31 Number of operations 
13 Number of workers 
Standard production times 
0.230640 0.354080 0.603398 0.333323 0.766658 0.407226 0.189025 0.486263 0.292919 0.361413 0.372104 0.364250 0.411034 0.410205 0.328983 0.430046 0.362317 0.253192 0.733461 0.244727 0.587435 0.381316 0.604593 0.602268 0.100000 0.354889 0.296283 0.100000 0.395643 0.364083 0.670978 
Production times: workers row and ops columns 
0.723915 0.100000 0.353832 0.162261 2.251995 0.791000 0.617452 0.479020 0.381294 0.293167 0.825026 0.100000 0.076787 0.661776 0.186471 0.983808 1.017977 0.100000 0.930153 0.568201 0.507968 0.519000 0.358472 0.725868 0.100000 0.100000 0.100000 0.100000 0.100000 0.673807 0.409689 
0.780308 0.535042 1.336749 0.511819 1.416099 0.100000 0.494609 0.845459 0.362690 0.100000 0.282424 0.032245 0.569790 0.100000 0.080281 1.079317 0.904600 0.165614 0.240523 0.100000 0.100000 1.032827 2.239922 1.330621 0.100000 0.487536 0.100000 0.100000 0.100000 1.275359 0.297221 
0.043401 0.056494 0.752336 1.154861 1.185584 0.100000 0.859004 0.032112 0.290797 0.637867 0.100000 0.243131 1.498478 0.100000 1.874548 0.100000 0.282039 0.100000 0.332554 0.365832 1.179332 0.100000 0.100000 0.105488 0.100000 0.261102 0.170488 0.100000 0.241540 0.100000 0.562877 
0.739473 1.442601 0.560153 0.396246 1.578965 0.798982 0.275135 0.100000 0.882652 1.018351 0.701555 0.100000 1.613984 0.046421 0.162347 0.359384 0.675937 0.465305 0.963455 0.100000 0.160765 0.837051 1.454517 0.480108 0.100000 0.154209 0.100000 0.359793 1.031143 0.100000 0.798665 
1.584691 1.439256 0.287479 0.100000 1.141509 0.028791 0.259709 0.100000 0.161962 0.100000 1.083965 0.100000 0.671824 1.138314 0.347589 0.144740 0.539913 0.100000 0.118986 0.471491 0.436233 0.939322 1.508735 0.216469 0.363643 0.236955 0.160518 0.100000 0.550205 0.147565 0.367081 
0.100000 0.496219 0.152010 0.259551 0.111661 0.306164 0.994413 0.723447 0.100000 0.323185 0.045036 0.100000 0.100000 0.005675 0.100000 0.309582 0.764477 0.387316 1.491430 0.737264 0.071053 0.077437 1.086704 1.196347 0.859934 0.100000 0.313478 0.420756 0.100000 0.258690 0.141895 
0.100000 0.100000 0.923479 0.100000 1.398341 0.100000 0.926454 0.445859 0.921886 0.537675 0.100000 0.100000 0.100000 1.095627 0.379017 0.412598 0.006828 0.241328 1.054462 0.620754 0.947943 0.696565 0.587931 0.405638 1.159264 0.649460 0.800227 0.100000 0.776912 0.696321 1.042613 
0.421904 1.260935 0.100000 0.757926 2.143551 0.605624 0.100000 0.100000 0.763033 0.433827 1.310703 0.100000 0.762200 0.100000 0.867922 1.164534 0.438872 0.100000 0.282387 0.100000 0.562393 0.251235 1.118596 0.643643 0.100000 0.168222 0.100000 0.309578 0.100000 0.247309 0.662257 
0.000677 0.100000 0.576281 0.675970 1.472447 0.756657 0.667212 0.882749 0.100000 0.100000 0.486040 0.100000 0.100000 0.321670 0.385649 0.135831 1.126113 0.227050 1.868259 0.100000 0.689546 0.109942 0.665594 0.714532 0.278023 0.100000 0.794329 0.275629 0.333086 0.811559 0.100000 
0.096792 0.525523 0.771457 0.062353 0.999043 0.641623 0.100000 0.685224 0.681192 0.294843 0.157339 0.321282 0.335569 0.440666 0.633748 0.751827 0.291847 0.361694 0.812373 0.912255 0.489979 0.307154 0.126706 0.997836 0.100000 0.545217 0.395574 0.997487 0.413612 0.172620 0.422673 
0.746757 0.398135 0.100000 0.100000 0.534094 1.137306 0.496711 0.191548 0.418450 0.966680 0.100000 0.394391 0.745882 0.170857 0.666175 0.798203 0.100000 0.100000 0.225191 0.702653 0.536466 0.518303 0.102733 0.506027 0.845203 0.236000 0.028657 0.100000 0.201300 0.661874 0.862051 
0.100000 0.969664 1.300709 0.100000 0.100000 0.503321 0.761649 0.100000 0.562597 0.277718 0.702136 0.491734 0.525406 0.157119 0.621224 0.601802 0.703148 0.100000 0.346513 0.715527 0.215702 0.834597 1.211004 0.825946 1.009484 1.086416 0.313564 0.100000 0.100000 0.100000 1.609919 
0.477402 0.734200 0.765000 0.668542 0.166544 1.477375 0.100000 0.036116 0.735833 0.274350 0.100000 0.692791 0.787844 0.100000 0.251129 1.215182 0.267424 0.383090 0.031705 0.759529 0.639226 0.945491 0.555490 0.854038 0.307401 0.553199 0.144033 0.043421 0.507242 0.100000 0.003200 
