23 Number of operations 
13 Number of workers 
Standard production times 
0.552922 0.387157 0.560639 0.647564 0.320201 0.459406 0.391652 0.340784 0.100000 0.405276 0.147369 0.456798 0.170660 0.458460 0.562998 0.372639 0.627902 0.496174 0.413073 0.802168 0.173011 0.546704 0.438351 
Production times: workers row and ops columns 
0.625062 0.100000 0.135270 0.917455 0.851247 0.650267 0.194672 0.100000 0.100000 0.100000 0.200696 0.756391 0.130131 0.152387 1.588062 0.489471 0.487498 0.100000 0.231189 0.396622 0.075665 0.640468 0.500336 
0.100000 0.100000 1.052017 0.774863 0.100000 1.383116 0.271287 0.323108 0.100000 0.665845 0.100000 0.827269 1.578629 0.629643 0.100000 0.017559 0.474252 0.867409 1.108730 1.237942 0.286207 0.202296 1.346655 
0.795641 1.149865 0.043155 0.241899 0.064319 0.755910 0.100000 0.100000 0.532854 1.041175 0.358203 0.343628 0.100000 1.122489 0.592248 0.522677 0.100000 1.006792 0.350036 0.592468 0.024992 0.939370 0.504292 
0.287159 0.584655 1.514566 0.773020 0.706456 0.100000 0.382959 0.100000 0.100000 0.100000 0.100000 0.818683 0.075261 0.027092 0.100000 0.637270 0.012692 0.105000 0.100000 0.448965 0.708706 0.100000 0.184878 
0.544991 0.531945 1.623627 0.810034 0.016305 0.992412 0.100000 0.746589 0.100000 1.007158 0.097922 0.468292 0.100000 0.920762 0.338617 0.139261 1.097630 0.122606 0.973991 0.100000 0.100000 0.153742 1.503739 
0.829196 1.125573 0.957574 0.644004 0.328250 0.451558 0.861778 0.100000 0.100000 0.100000 0.100000 0.875972 0.510485 0.472432 0.777876 0.181661 0.397504 0.844909 0.723442 0.222072 0.100000 0.061725 0.203391 
0.100000 0.100000 0.770371 1.132568 0.100000 0.581287 0.028366 0.100000 0.442319 0.335623 0.100000 0.157262 0.044564 0.100000 0.333950 0.479234 0.772932 0.100000 0.166010 0.814452 0.573003 0.971731 0.634180 
0.505877 0.740165 0.100000 0.042462 0.393689 0.094446 0.372528 0.100000 0.515285 1.590930 0.100000 0.755820 0.100000 0.068845 0.855206 0.849463 0.100000 0.521996 0.728893 1.287422 0.100000 0.962374 0.061273 
0.362789 0.100000 1.529547 0.100000 0.705036 0.006412 0.637295 0.352335 0.608198 0.790736 0.768268 0.340262 0.100000 0.303271 0.100000 0.100000 1.131764 0.481533 0.261163 0.694493 0.250239 1.074690 1.169414 
0.502630 0.785876 0.144536 0.712686 0.275278 0.100000 0.595535 1.119368 0.157025 0.977108 0.100000 0.169660 0.999078 0.829628 0.486960 0.683913 1.226204 0.740279 0.289844 0.557484 0.100000 0.121591 1.158032 
0.789123 0.100000 0.329821 0.899583 0.202388 0.768082 0.100000 0.872157 1.152770 1.082635 0.080382 0.100000 0.228278 0.886170 0.801954 0.694582 1.139687 0.699567 0.745228 0.328074 0.536930 0.100000 0.624612 
0.354885 0.548225 0.152612 0.893102 0.704842 0.992720 0.100000 0.777422 1.746984 0.173681 0.203035 0.048819 0.018982 0.109890 0.965357 0.091664 0.100000 1.077992 0.499359 1.188270 0.419397 1.119228 0.762211 
1.259238 0.728940 0.100000 0.100000 0.100000 0.100000 0.639275 0.220657 0.100000 0.341415 0.100000 0.748933 0.216691 0.015884 1.323907 1.004994 1.113576 1.097342 0.434823 1.288599 0.202071 0.983623 0.632361 
