41 Number of operations 
14 Number of workers 
Standard production times 
0.442307 0.393722 0.100000 0.298146 0.585622 0.433919 0.643749 0.545487 0.880634 0.372410 0.531974 0.100000 0.128557 0.505953 0.272408 0.412778 0.443439 0.367221 0.448007 0.479934 0.402828 0.707570 0.350531 0.100000 0.776520 0.561357 0.609613 0.280095 0.748320 0.485159 0.427857 0.656408 0.314704 0.424219 0.282727 0.487051 0.578580 0.479761 0.323834 0.436308 0.511626 
Production times: workers row and ops columns 
0.100000 0.010209 0.100000 0.213413 0.100000 0.653745 0.332828 0.616829 2.082119 0.126725 0.100000 0.100000 0.305400 0.272393 0.100000 0.100000 1.623366 0.571259 0.710714 0.925087 0.265246 0.664465 0.440741 0.197092 0.698592 1.535649 0.700080 0.145278 1.464425 0.696485 0.100000 0.437367 0.372797 0.622069 0.956129 0.674272 1.441599 0.946599 0.100000 0.815546 0.100000 
0.100000 0.388078 0.208461 0.445669 0.100000 0.431120 0.985241 0.767433 1.148384 0.232496 1.431153 0.528024 0.100000 0.616217 0.753059 1.527566 0.147467 0.033122 0.100000 1.273762 0.100000 1.283817 0.216049 0.342385 1.088569 1.217279 1.594741 0.100000 0.750149 0.447525 0.044192 0.943129 0.687795 0.591266 0.195782 0.853870 0.004316 0.950112 1.040854 1.558011 0.100000 
0.100000 0.100000 0.100000 0.100000 0.138720 0.100000 0.565021 1.301776 1.014293 0.036470 1.180127 0.100000 0.567746 0.076389 0.100000 0.100000 0.467038 0.900635 0.426323 1.231455 0.100000 0.357267 0.309579 0.100000 0.363082 1.070818 0.562969 0.100000 0.420692 0.081831 0.773927 1.154202 0.100000 0.100000 0.100000 0.150474 0.100000 0.720326 1.000769 0.347336 0.476175 
0.100000 0.303648 0.384226 0.316105 0.100000 0.634122 0.227846 0.939339 0.965362 0.820794 0.100000 0.297909 0.100000 0.872361 0.570650 1.067127 0.703690 0.100000 0.100000 0.570773 0.100000 0.346777 0.100000 0.100000 1.073299 1.029196 1.199976 0.100000 0.432418 0.970060 0.320371 1.124379 1.269228 0.699043 0.080931 0.568919 0.110407 0.692534 0.100000 0.499809 1.708306 
0.412937 0.100000 0.315438 0.100000 1.036125 0.397661 0.505892 0.277655 1.035063 0.401558 0.823940 0.030064 0.131696 0.583632 0.435063 0.799137 0.530750 0.100000 1.214737 0.169087 0.100000 0.220581 0.100000 0.202074 0.913449 0.622636 0.350739 0.100000 0.556686 0.858276 0.454619 0.349129 0.831138 0.100000 0.100000 0.826963 0.820971 1.113694 0.676999 0.369440 0.338564 
0.100000 0.100000 0.100000 0.132004 0.484680 1.050546 0.100000 1.159700 0.552135 0.937878 0.100000 0.065217 0.223275 0.622867 0.100000 0.078427 0.685887 0.485776 1.596536 0.574338 0.243014 1.332347 0.100000 0.505881 0.634501 1.101862 0.412859 0.141688 2.627850 0.100000 0.100000 0.846120 1.110131 0.757781 0.100000 0.200043 0.109068 0.100000 0.573679 0.010214 0.639155 
0.100000 0.100000 0.100000 0.100000 1.173730 0.677335 0.444920 0.824356 0.562044 0.283526 0.794805 0.424095 0.821527 0.387686 0.877691 0.906080 0.100000 1.048185 0.682532 0.100000 0.661669 1.065465 0.108684 0.469662 0.100000 0.332891 0.788112 0.207999 0.318185 0.043129 0.380883 0.542972 0.516231 1.061097 0.937951 0.077799 0.876095 0.100000 1.149395 0.100000 0.630463 
0.108502 0.100000 0.100000 0.100000 1.002050 0.404224 0.806882 0.474446 0.661779 1.188748 0.701523 0.255454 0.343511 1.018032 0.100000 0.619078 0.622838 0.476640 0.943670 1.101472 0.311655 0.545024 0.669965 0.609245 0.100000 0.347186 0.992898 0.338037 0.754308 0.351019 0.628649 0.850857 0.370233 0.696111 1.158795 1.497006 0.831797 0.274991 0.100000 0.367507 0.656212 
0.742160 0.503500 0.100000 0.100000 0.416391 0.628061 0.135035 1.725400 0.807945 0.455597 1.209432 0.075465 0.354464 0.241522 0.357075 0.841732 0.315732 0.720770 0.234811 0.111647 0.656061 0.216151 0.635386 0.182838 0.882439 0.932847 0.100000 0.962228 0.516607 0.615124 1.064661 1.277752 0.907624 0.522754 0.944041 0.087969 0.157400 0.752816 0.336248 0.294448 0.278906 
0.912661 0.386688 0.009664 0.051372 0.441258 1.300949 1.179218 0.806016 2.199798 0.100000 0.100000 0.834959 0.757050 0.237442 0.715651 0.100000 1.266755 0.888171 0.354895 0.100000 0.363674 0.999174 0.406726 0.100000 0.712393 1.201401 1.285173 0.100000 1.122864 0.791779 0.405510 0.153538 0.100000 0.485441 0.100000 0.792932 0.809892 0.100000 0.100000 0.657797 1.051445 
0.100000 0.619450 0.056110 1.939945 0.100000 0.792598 1.066080 1.370834 1.018772 0.100000 1.100346 0.100000 0.100000 0.974048 0.459046 0.100000 0.106868 1.125854 0.049428 0.765476 0.100000 0.974649 0.555755 0.100000 1.106101 0.750387 0.567946 0.100000 0.126243 0.350444 1.345768 1.103042 0.509936 0.739485 0.512038 0.100000 0.274163 0.071961 0.464098 0.578080 0.100000 
1.108231 0.908444 0.493724 0.170007 0.100000 0.357511 0.938405 0.481738 0.481356 0.228597 1.478713 0.100000 0.100000 0.333103 0.533036 0.114158 0.364176 0.100000 0.100000 0.133460 0.308326 1.503951 0.462091 1.363226 0.517732 0.100000 0.100000 0.640809 0.674143 0.489907 0.242136 0.426966 0.550387 0.410883 0.220765 0.203806 1.093202 0.733637 0.003819 0.250343 0.876795 
0.471219 0.716591 0.102560 0.190628 1.176671 0.248483 0.259409 0.071875 1.526031 0.295386 0.798543 0.844580 0.100000 0.291535 0.792914 0.397083 1.056145 0.100000 1.535464 0.652649 0.909837 0.250248 0.875274 0.063098 0.992064 0.765405 0.652989 0.373455 1.344066 0.100000 0.397516 0.033664 1.106940 0.100000 0.151867 0.100000 0.100000 0.100000 0.177205 0.088910 0.281833 
0.308497 0.481007 0.590340 0.425601 0.446908 0.838579 0.344680 0.958471 1.019152 0.396917 0.928704 0.515539 0.100000 0.266779 0.343131 0.977770 0.100000 0.657878 0.911262 0.346685 0.749692 0.864445 0.261871 0.161407 1.251614 0.875617 1.124393 0.100000 0.896307 0.437007 0.100000 0.667979 1.395681 1.453410 0.282999 1.390841 0.079625 0.149871 0.100000 0.149748 0.100000 
