37 Number of operations 
12 Number of workers 
Standard production times 
0.456591 0.281034 0.324772 0.326274 0.164375 0.100000 0.627069 0.333665 0.403871 0.526141 0.294578 0.312135 0.509956 0.393316 0.739838 0.385658 0.437554 0.100000 0.228283 0.391214 0.518831 0.495919 0.452117 0.487553 0.404297 0.100000 0.422859 0.211277 0.355210 0.291654 0.432079 0.418760 0.600170 0.304583 0.233247 0.117277 0.228463 
Production times: workers row and ops columns 
0.663207 0.100000 0.636140 0.100000 0.367880 0.100000 0.283091 1.055729 0.255186 0.570862 0.240654 0.230802 1.120787 0.100000 0.688893 0.552451 0.218980 0.609852 0.100000 0.100000 0.100000 0.644354 0.700999 0.738095 0.513596 0.100000 0.100000 0.100000 0.355253 0.552166 0.564067 0.792501 0.100000 0.575969 0.536731 0.236848 0.359526 
0.859944 0.100000 0.100000 1.047656 0.450117 0.149206 0.907645 1.555300 0.751548 0.431480 0.168306 0.962135 0.416588 0.100000 0.462352 0.115473 0.250854 0.100000 0.842967 0.423194 0.040496 0.889645 0.912750 0.545920 0.100000 0.100000 0.867772 0.227811 0.100000 0.558474 0.057406 0.943788 0.906077 1.045279 0.100000 0.149864 0.100000 
0.541064 0.578828 0.100000 0.197200 0.100000 0.100000 0.768393 0.522099 0.435261 0.159010 0.546646 0.416105 0.526914 0.377383 1.053030 0.735704 1.052997 0.100000 0.175897 0.472231 0.100000 0.757605 0.274126 0.309791 0.100000 0.355440 1.752465 0.887669 0.054938 0.401421 1.071844 0.100000 0.548734 0.516634 0.100000 0.100000 0.250283 
0.828056 0.391833 0.001564 0.002232 1.240591 0.185852 1.250893 0.100000 0.100000 0.780697 0.603709 0.059162 0.492236 0.873982 1.449363 0.044443 0.619209 0.281954 0.589214 0.100000 0.631346 0.045006 0.189672 0.445316 0.428644 0.482348 0.508654 0.182797 0.100000 0.525901 1.349316 0.302163 0.607163 0.827524 0.650788 0.159568 1.237370 
1.245446 0.151461 0.100000 0.064217 0.469869 0.100000 1.349106 0.963443 1.378212 0.424594 0.997165 0.458033 0.219656 0.100000 1.197893 0.100000 0.086319 0.569280 0.361600 0.229643 1.334033 0.263906 0.480042 0.827149 0.197458 0.100000 0.423177 0.382798 0.653764 0.501544 0.644529 0.100000 0.317269 1.585355 0.335907 0.485035 0.100000 
0.392951 0.519986 0.108351 0.100000 0.100000 0.603642 1.036473 0.294867 0.662440 0.414531 0.844053 1.230498 0.100000 0.236512 0.987132 0.100000 0.012483 0.991129 0.581961 0.269707 0.920770 0.553689 0.220038 0.530823 0.986130 0.229888 0.232124 0.100000 0.365695 0.535484 0.762822 0.820397 0.259646 0.579807 0.100000 0.100000 0.403391 
0.110898 0.100000 0.542040 0.111300 0.500787 0.100000 0.268164 0.359804 0.888606 0.393083 0.100000 0.729382 0.245700 0.292837 0.204753 1.287132 0.587611 0.100000 0.310704 0.070429 1.155892 0.552899 0.717406 0.237904 1.552452 0.100000 0.100000 0.008719 0.244785 0.100000 0.100000 0.987699 0.092259 0.479605 0.408285 0.100000 0.179890 
0.559547 0.576727 0.445166 0.100000 1.088926 0.482232 0.707214 1.023589 0.100000 0.276646 0.349989 0.665897 1.375383 0.808707 1.284502 0.499095 0.643882 0.800572 0.703817 0.100000 0.100000 0.304864 0.518236 0.100000 0.260297 0.100000 0.100000 0.100000 0.151987 0.422181 0.100000 1.084890 0.793737 0.773800 1.107148 0.100000 0.277417 
0.270323 0.481468 0.100000 1.648833 0.794146 0.100000 0.237391 0.434787 0.689138 0.724255 0.024114 0.781442 0.793411 0.100000 0.477990 0.034926 0.456289 0.041787 0.100000 0.974005 0.771307 0.096517 1.182175 0.100000 0.926028 0.100000 1.328139 0.911901 0.871396 0.100000 1.212761 0.100000 0.618964 0.127943 0.299155 0.571885 0.100000 
0.658992 0.100000 0.100000 0.654159 1.163545 0.354153 0.100000 1.053110 0.312531 0.274146 0.117455 0.417136 0.290527 0.751558 0.258127 1.209677 0.591098 0.545739 0.394300 0.617723 0.860689 0.100000 0.675399 0.097185 0.192209 0.100000 0.100000 0.100000 0.177427 1.086584 0.757430 0.210411 1.051286 0.100000 0.125504 0.100000 0.100000 
0.078598 0.728037 0.148369 0.089237 1.176438 0.197272 0.100000 0.052914 1.090600 0.376109 0.100000 0.100000 0.031231 0.141692 1.042695 0.321885 1.002394 0.100000 0.100000 0.618328 0.100000 0.351204 0.550867 0.635038 0.100000 0.298525 1.404438 0.246438 0.942486 0.157828 1.055468 0.100000 1.657480 0.408740 0.011349 0.100000 0.100000 
1.093679 0.767525 0.100000 0.448836 0.450053 0.971055 0.068034 0.230432 0.100000 0.139862 0.562738 0.819431 0.080196 0.100000 0.314434 0.878403 0.100000 0.602263 0.078351 1.638753 1.373702 0.731845 0.654831 0.562131 0.844726 0.100000 0.100000 0.508675 0.625264 0.897438 0.667223 0.006690 1.909052 0.100000 0.945940 0.853171 0.100000 
