38 Number of operations 
14 Number of workers 
Standard production times 
0.397459 0.332338 0.612091 0.427172 0.250318 0.745090 0.547092 0.440455 0.706036 0.462533 0.404544 0.100000 0.320432 0.485297 0.240388 0.100000 0.637939 0.455234 0.656299 0.182386 0.100000 0.511291 0.411092 0.521626 0.399492 0.437780 0.311001 0.260749 0.536292 0.558643 0.225609 0.360102 0.743520 0.694793 0.433258 0.263339 0.380843 0.489595 
Production times: workers row and ops columns 
0.350786 0.469573 1.302865 0.688463 0.134543 0.697732 0.296162 0.672197 0.097820 0.108959 0.113217 0.310368 0.100000 0.101318 0.252742 0.100000 0.392195 0.084724 0.285566 0.100000 0.100000 0.264398 0.100000 0.233512 0.017749 0.546471 0.166535 0.284453 0.928020 0.100000 0.088111 0.199204 0.318109 0.100000 0.018652 0.344454 0.483694 0.832441 
0.100000 0.416226 1.019840 0.781066 0.240163 0.190507 0.850685 0.954298 1.272312 0.581634 0.965859 0.841347 0.593974 0.628604 0.234392 0.929532 0.671627 0.356378 0.622998 1.164309 0.348837 0.652105 0.872205 0.855821 0.938178 0.321695 0.100000 0.546904 0.423705 0.743318 0.382243 0.100000 0.100000 0.832355 0.008146 1.542216 0.566433 0.351258 
0.335880 0.145492 1.515311 1.048575 0.017460 0.080854 0.351009 0.753147 0.652840 1.605781 0.985662 0.100000 0.100000 0.512482 0.100000 0.092218 0.965296 0.327941 0.100000 0.100000 1.527295 0.619414 0.191284 0.571467 0.100000 0.087881 0.273318 0.100000 0.688395 0.930534 0.100000 0.100000 0.869839 1.450313 0.993303 0.170935 0.100000 0.016362 
0.682901 0.970109 0.460268 1.271125 0.100000 0.318059 0.100000 0.981791 1.114605 0.100000 0.446418 0.100000 0.100000 0.100000 0.358977 0.100000 0.425130 0.100000 0.658541 0.248547 0.398073 0.817728 0.896177 0.294321 0.949083 0.100000 0.398353 0.480791 0.100000 0.100000 0.100000 0.100000 0.746621 0.091324 0.747682 0.370252 0.239413 0.645532 
0.100000 0.100000 0.570224 0.220951 0.577208 0.129451 0.100000 1.113883 0.495374 1.297836 0.156513 0.443909 0.173577 0.373232 0.412672 0.100000 0.701645 0.336090 0.022835 0.119189 0.105801 0.321762 0.860049 1.224535 0.069115 0.923806 0.874116 0.249442 0.649952 0.822213 0.100000 0.432692 0.935583 0.697476 0.772378 0.874215 1.686536 0.904608 
0.763736 0.571624 0.156862 0.040950 0.548626 0.797142 0.905874 0.655062 0.616450 0.192703 0.100000 0.100000 0.100000 0.100000 0.583162 0.457175 0.331855 0.643455 0.330574 0.504626 0.597192 0.824770 0.100000 1.098897 0.058240 0.100000 0.100000 1.180984 0.065769 1.669798 0.466189 0.192853 0.037692 0.400220 0.078794 0.800218 0.100000 1.297918 
0.100000 0.100000 0.275862 0.100000 0.582563 1.433650 0.906552 0.795220 0.299234 0.100000 0.047297 0.100000 1.453153 0.615666 0.893986 0.100000 1.401112 1.114992 0.361459 0.813780 0.100000 0.688609 0.400907 0.852665 0.574307 0.125949 0.222327 0.100000 0.910679 0.252476 0.100000 0.100000 0.236576 1.216899 1.348215 0.100000 0.718117 0.100000 
0.100000 0.100000 0.730384 0.100000 0.644217 1.147772 0.269901 0.467431 1.007159 0.750731 0.786121 0.457738 0.226828 0.406813 0.474138 0.100000 0.738228 0.139448 0.721158 0.792533 0.100000 0.260021 0.852356 0.107833 0.270886 0.466459 0.162719 1.102890 0.919177 0.438467 0.262903 0.148876 0.493015 0.384909 1.331163 0.231067 0.845519 0.785911 
1.009042 0.466715 0.237307 0.432767 0.100000 0.849093 1.108759 0.218882 1.165184 0.390553 0.231956 0.917345 0.169000 1.106869 0.118537 0.100000 1.199980 0.100000 1.398836 0.298215 0.187044 0.565874 0.703931 0.923578 0.194752 0.320311 0.296992 0.507017 0.573028 0.313419 0.123476 0.100000 0.100000 1.228449 0.100000 0.100000 0.238796 1.074214 
0.365779 0.799777 1.197313 0.100000 0.272495 0.805650 0.924899 0.839873 1.151323 0.528082 0.081331 0.100000 0.331174 0.678424 0.100000 0.100000 1.131387 0.246476 0.100000 0.100000 0.100000 0.216289 0.489952 0.100000 0.081644 1.124913 0.252004 1.063899 0.363753 0.639786 0.570209 0.862517 0.705457 0.953987 0.763082 0.100000 0.620518 0.323648 
0.821525 0.277742 0.100000 0.260567 0.201409 0.012462 0.100000 0.595206 1.413781 1.157485 0.100000 0.100000 0.409460 1.034534 0.326085 0.429968 0.981188 1.429776 0.696758 0.100000 0.427302 0.548368 0.708076 0.100000 0.100000 1.196438 0.827648 0.701818 0.089721 0.474933 0.100000 0.936735 0.905460 0.019763 0.100000 0.662429 0.100000 0.416485 
0.441583 0.056079 1.214438 0.100000 1.139907 1.142880 0.634037 0.339648 1.126507 0.727602 0.426745 0.710027 0.909334 0.580324 0.314991 0.299026 1.468681 0.632606 1.212865 0.029425 0.373817 0.466092 0.577030 0.214460 0.939089 1.075933 0.176092 0.497841 0.933310 0.693310 0.668528 0.791084 0.719935 0.557349 0.679860 0.221363 0.448326 0.100000 
0.100000 0.353863 0.407073 0.064009 0.214969 0.627029 1.071386 0.882485 0.100000 0.189159 0.344055 0.066734 1.154627 0.289378 0.160931 0.763196 0.515484 0.100000 1.553240 0.100000 0.100000 0.880283 0.333233 0.577959 0.100000 0.629727 0.193049 0.110738 1.057604 1.388383 0.587655 0.086214 0.857503 0.791905 1.217644 0.100000 0.432137 1.392198 
0.100000 0.100000 1.045493 0.513112 0.934260 0.903754 0.822530 1.968844 0.240148 0.374082 0.931118 0.184241 0.445064 0.520467 1.592831 0.796173 0.984002 0.759140 0.787404 0.100000 0.221868 0.100000 0.186697 0.100000 0.100000 0.399334 1.105795 0.517182 0.100000 0.464806 0.234228 0.100000 0.694263 0.100000 0.681280 0.766538 0.100000 0.675368 
