32 Number of operations 
14 Number of workers 
Standard production times 
0.258198 0.173281 0.394664 0.164035 0.374130 0.354317 0.458553 0.542807 0.202575 0.507412 0.728558 0.233186 0.639618 0.241555 0.310622 0.569519 0.100000 0.299943 0.336841 0.523101 0.527687 0.798713 0.553150 0.421780 0.514638 0.594114 0.351548 0.210410 0.584929 0.409950 0.488101 0.342690 
Production times: workers row and ops columns 
0.228846 0.600568 0.604092 0.100000 0.453595 0.815667 1.040104 0.379275 0.123516 1.274641 1.203237 0.625140 0.820150 0.469739 0.432261 1.138339 0.206211 0.084799 0.100000 0.100000 0.876869 0.216711 0.070540 0.304460 0.989819 0.077929 0.100000 0.531043 1.077418 0.467534 1.146033 0.300751 
0.220096 0.100000 0.100000 0.100000 0.100000 0.100000 0.088323 0.661459 0.100000 1.132450 1.381046 0.100000 1.118119 0.425039 0.100000 0.167348 0.100000 0.099621 0.966654 0.460861 0.556087 1.076157 0.763119 0.100000 0.651832 0.024810 0.734605 0.100000 0.097332 0.100000 0.475148 0.549216 
0.665567 0.670016 0.657221 0.807540 0.125423 0.100000 0.890609 0.688085 0.982800 0.961692 0.616645 0.091255 0.567898 0.100000 0.177372 0.940607 0.163894 0.282995 0.886177 0.539985 0.280815 0.265323 0.526987 1.198107 0.465903 0.100000 0.309312 0.779204 0.984995 0.134129 0.077923 0.167451 
0.357246 0.324025 0.140147 0.376243 0.100000 0.100000 0.583309 0.118331 0.677315 0.100000 0.180473 0.512736 0.774899 0.761634 0.394900 1.033508 0.378987 0.697274 0.648875 0.791726 0.316074 1.494300 1.086271 0.100000 0.100000 0.081097 0.100000 0.100000 0.523885 0.100000 0.356572 1.038030 
0.128500 0.100000 0.100000 0.100000 1.257502 0.287958 0.563789 1.524650 0.408930 0.100000 0.204773 0.176033 0.548024 0.100000 0.165279 1.357928 0.100000 0.242178 0.315713 1.219651 1.341410 0.886680 1.175989 0.340003 0.360132 1.319145 0.206916 0.100000 0.937264 0.100000 0.100000 0.400213 
0.259979 0.182693 0.489143 1.064043 1.017912 0.338515 1.063663 0.690204 0.100000 0.627919 0.342218 0.238833 0.100000 1.083709 1.316683 0.342145 0.100000 0.499270 1.181968 0.756572 0.931357 0.493116 0.580049 0.100000 0.344151 0.694342 1.090002 0.100000 0.457569 0.070495 0.597815 0.100000 
0.797088 0.100000 0.100000 0.100000 0.583902 0.774447 0.594882 0.100000 0.814391 0.891351 0.772444 0.082459 1.005101 0.100000 0.825258 0.072775 0.341341 0.096972 0.100000 0.287271 0.036633 0.436760 0.612373 0.505200 0.594991 1.065742 0.019712 1.252909 1.397407 0.328785 0.100000 0.014910 
1.181557 0.100000 0.100000 0.100000 1.044954 0.566320 0.232125 0.767309 0.100000 0.183441 0.863054 0.513573 0.882703 0.759923 0.100000 0.637308 0.100000 0.100000 0.196694 0.183661 0.975237 0.666133 0.592295 0.320876 0.085377 0.005984 0.084803 0.038200 0.052703 0.984339 0.482615 1.431296 
1.552100 0.198871 1.096534 0.100000 0.141393 0.236842 0.933598 1.134151 0.100000 0.261332 0.067208 0.288222 0.568953 0.257497 0.287453 0.100000 0.100000 0.100000 0.100000 1.070001 0.139565 1.255084 0.100000 1.626080 0.280726 0.046699 0.175395 0.510879 0.379112 0.100000 0.569181 0.100000 
0.480237 0.100000 0.078237 0.250891 1.555284 0.100000 0.269331 0.100000 1.165136 1.526123 0.637854 0.100000 0.223721 0.100000 0.501995 1.378974 0.100000 0.381333 1.318190 0.164495 1.287782 0.866000 1.210032 0.626636 0.024885 0.477156 0.100000 0.100000 0.698910 0.168798 0.680205 0.130954 
0.511049 0.388394 0.600659 0.876512 0.697278 0.466897 0.968418 0.100000 0.460655 0.100000 0.100000 1.013948 0.150747 0.100000 0.426395 0.100000 0.100000 0.748430 0.100000 0.444966 1.295414 1.360652 1.353889 0.388918 0.517963 0.635238 0.100000 0.735273 0.834836 0.471135 0.100000 0.609866 
0.517030 0.476885 0.212634 0.100000 1.325681 0.475303 0.691024 0.291953 0.100000 0.358651 0.199698 0.525041 0.629184 0.100000 0.058959 0.613764 0.191085 0.652066 0.100000 0.467452 1.012250 0.656575 0.318343 0.100000 0.338415 0.973145 0.687286 0.789487 0.473283 0.241945 0.364717 0.651885 
1.115781 0.484885 1.093582 0.538968 0.462596 0.986597 0.100000 0.646244 0.100000 0.687512 0.748253 0.100000 1.683560 0.100000 0.100000 0.847667 0.981057 0.281102 0.100000 0.574462 0.100000 0.967814 0.071520 0.100000 0.846499 0.100000 0.048709 0.476750 0.585671 0.206040 0.669742 0.100000 
0.888782 0.620303 0.100000 0.100000 0.805191 0.063598 0.100000 0.434964 0.669146 0.630890 0.915020 0.458868 1.069045 0.414128 0.327841 1.069464 0.065021 0.100000 0.747356 0.507088 1.476044 0.587475 0.763216 0.100000 0.288544 0.554063 0.594645 1.302206 0.478883 0.286782 0.850438 0.149927 
