36 Number of operations 
11 Number of workers 
Standard production times 
0.439304 0.361486 0.302411 0.706341 0.142775 0.466373 0.314184 0.746995 0.145448 0.224083 0.477296 0.480172 0.241524 0.639749 0.523132 0.702908 0.314273 0.439304 0.652837 0.100000 0.674530 0.270709 0.451154 0.427220 0.345372 0.272972 0.807228 0.433325 0.100000 0.460289 0.617524 0.637227 0.521319 0.150297 0.180041 0.100000 
Production times: workers row and ops columns 
1.318574 1.210686 0.100000 0.254641 0.100000 0.100000 1.177040 0.100000 0.892586 0.266036 0.798354 0.168147 0.915238 0.696843 0.362972 0.398067 1.345682 0.100000 1.217688 0.077920 0.100000 0.031769 0.820134 0.100000 0.100000 0.100000 0.258037 0.850463 0.473813 0.243601 0.773518 0.197237 0.310776 0.251316 0.316492 0.100000 
0.798484 0.684018 1.317512 1.354340 0.100000 0.345012 0.336764 0.259026 0.115186 0.100000 0.165723 0.409057 0.100000 1.197120 1.236314 0.487490 0.983235 0.907002 1.175336 0.067186 1.130743 0.996924 0.490518 0.920073 0.013767 0.031601 1.159563 0.100000 0.782848 0.302094 0.632027 1.997945 0.534813 0.100000 0.100000 0.100000 
1.213679 0.675076 0.669882 1.093071 0.076441 0.079025 0.804348 1.777026 1.312746 0.349937 0.100000 0.100000 0.328877 0.353980 0.100000 0.403208 0.676927 0.480075 1.494681 0.483655 0.653449 0.100000 0.447600 0.482224 0.100000 0.535463 0.655021 0.100000 0.100000 0.734229 1.213373 0.443071 0.692658 0.184986 0.100000 0.000387 
0.100000 0.457926 0.100000 1.716904 0.757360 0.464262 1.206109 0.047739 0.281327 0.100000 1.300915 0.674754 0.133701 1.390731 0.115125 0.619517 0.071138 0.436851 0.509417 0.100000 1.154860 0.597099 0.695649 0.698478 0.495185 0.100000 1.470659 0.391504 0.100000 1.140211 1.049465 0.587198 1.060346 0.473141 0.100000 0.100000 
0.482369 0.757152 0.509064 0.389849 0.100000 1.365459 0.074171 0.284266 0.522535 0.553392 1.227953 1.345520 0.100000 0.673669 0.100000 0.126173 0.706531 0.536251 0.100000 0.059766 1.330339 0.125821 1.037420 0.100000 0.540405 0.294831 1.203242 0.100000 0.100000 0.013988 0.420982 0.354792 0.480456 0.100000 0.100000 1.525562 
0.409058 0.261218 1.014903 0.789636 0.100000 0.100000 0.357830 0.368484 0.100000 0.100000 0.100000 0.253345 0.115554 0.972289 0.618196 0.450083 0.100000 0.455277 0.428566 0.100000 0.433972 0.131783 0.100000 0.272492 0.100000 0.100000 0.681293 1.049857 0.483264 0.003655 0.987334 0.275398 1.186758 1.094544 0.404384 0.225972 
0.100000 0.100000 0.961241 1.110022 0.100000 1.050313 1.462042 0.440021 0.100000 0.100000 0.100000 0.710762 0.655413 0.129358 0.100000 0.247184 0.100000 0.762590 1.428401 0.100000 0.112864 1.241387 0.554921 0.100000 0.100000 1.361649 1.495367 1.431223 0.579217 1.218016 1.100955 1.218378 0.902871 0.100000 0.228212 0.100000 
0.619129 0.842041 0.100000 1.664822 0.100000 0.521489 0.464732 1.116950 0.468403 0.100000 0.664590 0.100000 0.100000 0.874150 0.494038 0.422781 0.612469 0.100000 1.309028 0.100000 0.393628 0.587663 0.887035 0.383202 0.504309 0.216270 0.784908 0.100000 0.420855 0.758775 0.100000 1.040146 0.448578 0.100000 0.100000 0.647397 
0.596888 0.395283 0.181937 0.622644 0.100000 1.153800 0.546150 1.048829 0.353094 0.137185 0.100000 0.816741 0.100000 0.100000 0.100000 0.100000 0.134316 0.923625 0.007658 0.100000 1.029198 0.100000 0.100000 0.100000 0.174388 0.159423 0.742431 0.738029 0.614805 0.303598 1.245700 1.227708 0.100000 0.383711 0.818956 0.234517 
0.623726 1.013059 0.436568 0.407113 0.100000 0.217892 0.281816 0.324647 0.838481 0.100000 0.600185 0.101181 0.542518 0.529999 0.968789 0.188547 0.695270 0.691974 0.100000 0.100000 0.472181 0.233792 0.629231 0.548603 0.497971 0.100000 0.100000 0.598791 0.100000 0.829178 0.437770 0.411482 1.786105 0.584350 0.161707 0.100000 
0.215555 0.100000 0.053081 1.283146 0.194156 0.569217 0.100000 0.791250 0.100000 0.100000 0.591941 1.317253 0.798481 0.879923 0.541399 0.614095 0.398965 0.100000 1.484723 0.100000 0.205232 0.100000 0.390434 0.421983 1.016369 0.100000 1.012454 0.100000 0.467303 0.787810 0.100000 0.560410 0.100000 0.079997 0.100000 0.728242 
