39 Number of operations 
14 Number of workers 
Standard production times 
0.646066 0.165104 0.100000 0.268538 0.296915 0.417970 0.215260 0.331262 0.186666 0.195478 0.217970 0.100000 0.134051 0.753029 0.196104 0.383563 0.628205 0.554266 0.479844 0.160008 0.664383 0.732978 0.113832 0.634781 0.199299 0.703296 0.337502 0.287611 0.582773 0.302441 0.392476 0.476360 0.192435 0.420849 0.164616 0.249688 0.350764 0.236213 0.527968 
Production times: workers row and ops columns 
0.557093 0.100000 0.141137 0.100000 0.100000 0.100000 0.100000 0.100003 0.514287 0.633255 0.131571 0.712324 0.463599 0.942211 0.418685 0.093996 0.369450 0.838531 0.903845 0.183838 0.361227 1.468363 0.220710 0.640369 0.575115 0.226050 0.321338 0.100000 0.100000 0.499617 0.506814 0.100000 0.071322 0.767358 0.100000 0.014145 1.137102 0.427656 1.383148 
0.491030 0.100000 0.100000 0.141116 0.924697 0.100000 0.039284 0.100000 0.834553 0.547219 0.621757 0.478153 0.100000 1.500322 0.267180 0.146805 0.975718 0.306543 0.299324 0.100000 0.911575 1.299675 0.073615 0.246735 1.161734 1.098259 0.718770 0.526322 0.052453 0.757245 0.468881 0.515833 0.336663 0.480576 0.100000 0.100000 1.151683 0.100000 0.100000 
0.100000 0.100000 0.100000 0.100000 0.077290 0.128142 0.822322 1.274477 0.100000 0.100000 0.100000 0.130805 0.189084 0.872697 0.100000 0.217835 1.933403 0.799754 0.532712 1.042232 0.130968 0.511236 0.986523 0.079893 0.616039 0.514992 1.570778 0.460860 0.805524 0.396463 1.002199 0.100000 0.003450 1.695842 0.021867 0.100000 0.100000 0.088044 1.202699 
0.410214 0.481191 0.100000 0.301128 0.570847 0.251085 1.313173 0.116834 0.100000 0.103571 0.546637 0.100000 0.100000 0.931075 0.473121 0.282295 1.234710 0.763527 0.683119 0.100000 1.584104 1.639337 0.058406 0.932337 0.395662 1.017885 1.098907 0.100000 0.780584 0.763409 0.100000 0.100000 0.100000 0.586619 0.204729 0.100000 0.100000 0.617277 0.356054 
0.318535 0.365170 1.419659 0.100000 0.474672 0.204039 0.686264 0.100000 0.454438 0.369724 1.375532 0.100000 0.340730 1.475994 0.100000 0.023494 0.732352 0.998395 0.122987 0.100000 1.955057 1.479546 0.714381 0.405682 1.084826 0.700960 1.583745 0.639241 0.069978 0.850638 0.738007 0.100000 0.150269 0.518679 0.389755 0.586516 0.734287 0.100000 0.935398 
0.348646 0.100000 0.231037 0.580758 0.100000 1.055390 0.264500 0.512768 0.506693 0.030630 0.313549 0.417734 0.415449 0.100000 0.305219 0.100000 1.576045 0.297237 0.604735 0.916731 1.691257 0.983020 0.100000 0.403547 0.779350 0.237843 0.298406 0.764568 0.487011 0.100000 0.871288 1.023719 0.331477 0.497748 0.917345 0.100000 0.289203 0.100000 0.100000 
0.293256 1.039327 0.307048 0.418390 0.085553 0.143448 0.553570 0.104720 0.823257 0.100000 0.375366 0.233360 0.100000 1.459420 0.100000 0.100000 0.819816 0.646123 0.100000 0.792697 0.930865 0.358275 0.379829 1.206569 0.017435 0.951103 0.407530 0.338830 1.631348 0.598278 0.303332 0.330679 0.100000 0.987211 1.096246 0.736566 0.100000 0.100000 0.227661 
1.864270 0.100000 0.100000 0.445191 0.883411 0.118036 0.100000 0.300873 0.100000 0.915373 0.011861 0.100000 0.125055 0.378171 0.100000 0.373543 1.089894 0.239632 0.100000 0.448329 0.544173 0.803995 0.100000 1.286422 0.100000 1.025940 1.697644 0.129278 0.345925 0.540781 0.100000 0.588288 0.262912 0.260003 0.795425 0.100000 1.164649 0.636320 0.419375 
0.100000 0.100000 0.075093 0.396764 0.100000 0.100000 0.267946 0.100000 0.100000 0.257910 0.596728 0.603369 1.033489 0.146087 0.055656 0.725625 0.877600 0.505852 0.100000 1.108072 0.490619 0.454203 0.100000 1.030544 0.100000 0.100000 0.911154 0.100000 1.126472 1.311631 1.230670 0.620704 0.100000 0.294337 0.100000 0.354433 1.512397 0.237025 0.611241 
0.100000 0.155788 1.297456 0.312035 0.100000 0.079775 0.100000 0.702293 0.100000 0.066420 0.346695 0.755872 0.100000 0.206366 0.319002 1.167866 0.430601 1.046763 0.230375 0.100000 0.768658 0.100000 1.178867 0.324874 0.640550 0.648985 0.332485 0.284530 0.547946 0.546547 0.127749 0.821632 0.191582 1.292367 0.100000 0.321012 0.915185 1.248807 0.362695 
0.163688 0.645729 0.213918 0.776630 0.138959 0.953203 0.100000 0.100000 1.090482 0.100000 0.978467 0.100000 0.100000 0.912516 0.068018 0.100000 0.591258 0.769823 0.028810 0.382348 0.879757 0.493921 0.290117 0.100000 0.174921 0.126265 0.100000 0.159141 1.055645 0.335157 0.100000 0.318219 0.112754 1.031325 0.392910 1.221177 0.225358 0.100000 0.836751 
0.058450 0.278760 0.770512 0.100000 0.321581 0.081887 0.100000 0.859681 0.100000 0.168300 0.088633 0.306178 0.100000 1.220788 0.100000 0.318902 0.527527 0.007416 0.377210 0.783018 0.676142 0.882320 0.350899 0.726205 0.805709 0.907256 0.100000 0.100000 0.951432 0.224298 0.489229 0.100000 0.093257 0.289089 0.523276 0.100000 0.179522 0.137966 0.419488 
1.942435 0.100000 0.313039 0.622670 0.100000 0.819002 0.100000 0.596700 0.100000 0.595257 0.561126 0.293679 0.062410 1.077426 0.109571 1.279326 0.965239 0.753182 0.814997 0.100000 0.193511 1.077484 0.262648 0.139778 0.601706 0.976453 0.063907 0.134322 0.843625 0.126333 0.631031 1.099383 0.100000 0.215971 0.470858 0.100000 0.416388 1.291519 0.456125 
0.705042 0.584718 0.100000 1.073878 0.068197 0.151689 0.953307 0.039091 0.421273 0.100000 0.097159 0.100000 0.118363 0.782146 0.100000 0.558760 0.675159 0.990015 0.362191 0.478939 1.717483 1.173898 0.100000 0.344328 0.712524 0.854600 0.100000 0.418150 0.195416 0.224891 0.100000 0.244359 0.100000 0.885042 0.100000 0.851989 0.100000 0.587542 2.052054 
