33 Number of operations 
15 Number of workers 
Standard production times 
0.278334 0.389594 0.500476 0.482563 0.255053 0.446104 0.361014 0.100000 0.111124 0.228212 0.422746 0.543805 0.488642 0.706974 0.511487 0.471243 0.684894 0.480840 0.392020 0.429717 0.468086 0.482282 0.462745 0.277562 0.553652 0.612368 0.484119 0.240198 0.377626 0.305543 0.520266 0.214597 0.100000 
Production times: workers row and ops columns 
0.100000 0.495196 0.324172 0.843926 0.297657 1.100939 0.468450 0.114942 0.100000 0.536234 0.833490 0.354794 0.834555 0.264544 0.100000 0.167160 0.732065 1.034451 1.168394 0.782340 0.070836 0.411065 0.083360 0.286189 0.100000 0.100000 0.434486 0.114031 0.750302 0.184728 0.938361 0.100000 0.100000 
0.999527 0.100000 0.994350 1.432763 0.539668 0.341575 0.258140 0.377301 0.314871 0.100000 0.100000 0.490467 1.066429 1.055481 0.138605 1.199409 1.383718 0.540714 0.294744 0.214075 0.197728 0.095867 0.100000 0.396958 0.337416 0.100000 0.499877 0.512685 0.100000 0.981728 0.675055 0.475497 0.012193 
0.100000 0.100000 0.304263 1.554913 0.164497 0.075990 0.100000 0.100000 0.360260 0.100000 0.929040 0.100000 0.007985 1.710578 1.697531 0.185821 1.010777 1.524967 0.537248 0.060431 0.849898 0.725345 0.600320 0.469135 0.100000 0.502081 0.859765 0.496172 0.100000 0.130153 0.100000 0.100000 0.135720 
0.334515 0.656626 0.337685 0.100000 0.319279 0.667303 0.675580 0.236447 0.335904 0.151418 0.346545 0.617718 0.732928 0.673574 2.120571 0.100000 0.051777 0.999002 0.429881 0.748576 0.100000 0.100000 0.090705 0.100000 0.036879 0.472187 0.430340 0.101058 0.193481 0.511960 1.365823 0.206127 0.210009 
0.100000 0.011715 0.701824 0.100000 0.349627 1.423004 0.469430 0.100000 0.100000 0.100000 0.100000 0.884593 0.174316 0.252215 0.100000 0.100000 0.460441 0.411327 0.502794 0.739444 0.323897 0.689543 0.174619 1.249245 0.692699 0.100000 1.398603 1.261560 0.100000 0.698681 0.456074 0.163287 0.100000 
0.100000 0.100000 0.100000 0.442304 0.091892 0.805386 1.337441 0.150715 0.100000 0.512447 0.600114 0.360393 0.654485 0.828263 0.100000 0.540380 0.788217 0.451416 0.100000 0.100000 0.499565 0.100000 0.396789 0.100000 0.840507 0.925380 0.437017 0.569118 0.517622 0.100000 0.796257 0.100000 0.100000 
0.988677 0.100000 0.100000 0.297727 0.367540 1.156487 0.539251 0.744492 0.350436 0.100000 0.100000 0.585500 1.422715 0.594607 1.683049 0.441442 0.137776 0.775824 0.402333 0.834230 0.441585 0.406764 0.655306 0.100000 0.629974 0.100000 0.036525 0.403259 0.200294 0.100000 0.772449 0.229825 0.547287 
0.100000 0.100000 0.234955 0.021664 0.242051 1.124362 0.100000 0.067562 1.426563 0.100000 0.100000 0.534278 0.803025 0.100000 0.338614 0.188448 0.615325 1.014255 0.161588 0.100000 0.171543 0.985528 0.158372 0.409783 0.485814 1.600182 1.083887 0.100000 0.103281 0.100000 1.092370 0.100000 0.237854 
0.423349 0.476013 0.528974 0.100000 0.208240 0.301429 0.121183 0.100000 0.100000 0.100000 0.238946 0.839378 0.912153 1.021805 0.320679 1.121604 0.100000 1.211793 1.086946 0.359123 0.100000 1.100946 0.100000 0.520220 1.221045 0.804371 0.370200 0.100000 0.361987 0.435216 0.100000 0.100000 0.053486 
0.100000 0.555257 0.005746 0.735701 0.101398 0.100000 0.462688 0.523169 0.426241 0.100000 1.350620 0.100000 0.152762 0.650382 0.386628 0.688616 0.886065 0.599096 0.190411 0.100000 0.642823 1.404292 0.983502 0.617727 1.458032 0.758742 0.100000 0.562879 0.525627 1.033064 1.272417 0.100000 0.213756 
0.204909 0.444644 0.373068 0.964770 0.078942 0.531420 0.337515 0.255996 0.271776 0.206996 0.949798 0.949849 0.904029 0.850796 1.153448 0.752561 0.100000 1.998529 0.444792 0.227813 0.398477 0.591508 1.190714 0.100000 0.109582 0.414601 0.100000 0.491092 0.100000 0.100000 0.100000 0.522289 0.543803 
0.100000 0.100000 1.172537 0.557936 0.333120 0.667415 0.481206 0.417742 0.485950 0.207686 0.564785 0.100000 0.320370 0.435918 0.173342 0.100000 0.564594 0.100000 0.218225 1.225572 0.853132 0.183071 1.313897 0.100000 0.220971 0.100000 1.164989 0.308094 0.173936 0.100000 0.267838 0.059557 0.203794 
0.044222 1.056197 1.277677 0.959312 0.027087 0.407324 0.040160 1.181943 0.352155 0.229655 0.522760 0.100000 0.580817 0.100000 0.126540 0.571301 0.035335 0.392315 0.540924 0.236278 0.065950 0.100000 0.621798 0.486499 1.353358 1.109890 0.087649 0.225927 0.382904 0.401071 0.296809 0.206957 0.100000 
0.100000 0.321177 0.100000 0.417873 0.335136 1.016074 1.311273 0.100000 0.100000 0.146821 0.824204 1.149409 0.340041 0.692619 0.361658 1.171159 1.436263 0.576052 0.840844 0.462610 0.100000 0.927484 0.706645 0.099530 0.517057 0.561795 0.010274 0.100000 0.242635 0.150994 0.662092 0.100000 0.100000 
0.100000 1.568678 0.100000 0.569851 1.418471 0.100000 1.266981 0.568622 0.331643 0.100000 0.382411 0.100000 0.100000 0.881483 0.912771 0.074740 1.204579 0.828811 0.100000 0.100000 0.100000 0.100000 1.008307 0.100000 0.740921 0.797262 0.100000 0.305213 0.088093 0.133338 0.589388 0.526785 0.065016 
