24 Number of operations 
14 Number of workers 
Standard production times 
0.100000 0.600881 0.564632 0.401823 0.423900 0.353593 0.343459 0.421699 0.625156 0.298025 0.506575 0.557757 0.306638 0.117134 0.306545 0.358113 0.417525 0.129991 0.611667 0.114391 0.266498 0.450979 0.646600 0.856770 
Production times: workers row and ops columns 
0.100000 1.313580 0.248590 0.878925 0.519230 0.100000 0.398828 0.683569 1.057240 0.635562 0.607227 1.094895 0.100000 0.227685 0.100000 0.645406 0.450698 0.002847 0.963982 0.254204 0.100000 0.272831 1.017051 0.385352 
0.235265 0.100000 0.100000 0.115715 0.128538 0.685387 0.252377 0.083194 0.328263 0.147260 0.287950 0.444427 0.169367 0.161313 0.321716 0.434831 0.487298 0.379068 0.281981 0.059830 0.100000 0.535106 0.595437 0.104423 
0.100000 0.060753 0.100000 0.479061 0.287403 0.235657 0.725815 0.379011 0.100000 0.286011 0.956158 1.411579 0.798631 0.526123 0.860311 0.275889 0.914737 0.089674 0.100000 0.100000 0.526005 0.990159 0.116494 1.061783 
0.100000 0.411681 0.377411 0.179937 0.100000 0.310723 0.932128 0.101337 0.327603 0.575472 0.100000 0.050308 0.095419 0.100000 0.514589 1.006656 0.269123 0.100000 0.608548 0.100000 0.434770 0.749350 0.100000 0.825831 
0.100000 0.194360 0.866850 0.100000 0.969597 0.242922 1.131226 0.100000 1.059813 0.646384 0.208994 1.116470 0.100000 0.100000 0.100000 0.277677 0.982893 0.984817 0.276185 0.100000 0.100000 0.444505 1.291464 0.785601 
0.100000 0.540644 0.841598 0.923085 0.412721 0.100000 0.477354 0.360182 0.631704 0.100000 0.267630 0.743385 0.685186 0.100000 0.235530 0.394335 0.371239 0.100000 0.795928 0.100000 0.179559 0.171450 0.385957 0.888151 
0.267403 0.687889 1.239840 0.512111 0.538117 0.348715 0.153065 0.287486 0.597327 1.327909 0.876078 0.686035 0.184462 0.100000 0.953460 0.520487 0.845352 0.634524 0.832530 0.470725 0.362132 0.159916 0.404071 1.070172 
0.100000 0.999106 0.756625 0.790299 1.233912 0.377339 0.896715 1.173788 0.526010 0.936617 0.485024 0.286272 0.367210 0.100000 0.453905 0.419245 1.097998 0.100000 0.676401 0.216850 0.477252 0.682222 0.567345 0.790578 
1.221755 0.598151 0.100000 0.360245 0.894483 0.079840 1.127536 1.059350 0.100000 0.180638 0.992727 0.544416 0.100000 0.857527 0.905438 0.740294 0.321976 1.218690 1.212581 0.100000 0.079583 0.127024 0.956633 1.093356 
0.100000 0.772697 0.299733 0.678855 0.057263 0.100000 0.280595 0.479465 0.611727 0.595201 0.584344 1.199357 0.100000 0.208053 0.631355 0.455354 0.239484 0.100000 0.418042 0.084360 0.367873 0.100000 0.958833 0.495348 
0.100000 0.745264 0.436015 0.589960 0.447966 0.439762 0.100849 0.100000 1.002612 0.100000 0.819283 0.374111 0.100000 0.276206 0.050145 0.319015 0.368255 0.100000 0.385834 0.100000 0.082791 0.858994 0.624935 0.613563 
0.100000 0.538572 0.576982 0.100000 0.732928 0.199878 0.015668 0.100000 0.457767 0.100000 0.388698 0.563554 0.752701 0.100000 0.482582 0.100000 0.363168 0.100000 0.486582 0.076400 0.481770 0.282238 0.431198 1.445679 
0.100000 0.806731 0.756741 0.549732 0.691649 0.054763 0.671596 0.757027 0.340151 0.672389 1.152308 0.653221 0.100000 0.100000 0.285224 0.472910 0.550178 0.208468 0.707346 0.100884 0.468273 0.652940 0.293263 1.099064 
0.100000 1.231112 0.991825 0.100000 0.770898 0.725844 0.032591 0.470852 0.116178 0.807507 0.100000 1.344933 0.100000 0.100000 0.526732 0.100000 0.241002 0.582163 0.789880 1.375037 0.100000 0.146373 0.421120 1.418515 
