21 Number of operations 
12 Number of workers 
Standard production times 
0.226054 0.357470 0.100000 0.762572 0.620458 0.548990 0.805573 0.250239 0.208687 0.819570 0.346506 0.226606 0.130441 0.454434 0.884771 0.274725 0.327715 0.249808 0.226137 0.100000 0.509241 
Production times: workers row and ops columns 
0.412535 0.632132 0.402539 0.979401 1.232416 0.439945 0.082636 0.100000 0.381711 0.444994 0.352756 0.221845 0.625823 0.343359 0.891787 0.125072 0.772814 0.571339 0.100000 0.125674 0.417237 
0.100000 0.198873 0.100000 0.908313 0.841559 0.563913 0.041074 0.290122 0.100000 0.232376 0.115425 0.100000 0.080173 0.515436 0.912500 0.348290 0.021757 0.000623 0.100000 0.100000 0.100000 
0.133629 0.424638 0.297500 0.648722 0.102573 0.898863 0.100000 0.851998 0.342231 1.606833 0.569452 0.040845 0.156914 0.309181 1.215537 0.939510 0.004305 0.786422 1.235558 0.354240 0.532720 
0.365579 0.367548 0.100000 0.148199 0.401392 0.100000 0.884288 0.056380 0.050458 0.819470 0.470174 0.100000 0.214161 0.230172 0.530546 0.373500 0.424383 0.325905 0.100000 0.317976 0.358315 
0.528284 0.100000 0.100000 0.587949 0.990151 0.443605 0.589809 0.047732 0.188038 0.964146 0.220858 0.100000 0.100000 0.228323 0.698016 0.348390 0.100000 0.147661 0.229752 0.076672 0.320693 
0.037761 0.272844 0.100000 0.864806 0.283029 0.100000 0.677264 0.197847 0.100000 0.418982 0.088239 0.100000 0.100000 0.732287 0.781017 0.449431 0.068706 0.408331 0.100000 0.151446 0.482594 
0.328820 1.079483 0.100000 0.452382 0.107700 0.100000 1.029342 0.100000 0.100000 1.822460 0.272515 0.086824 0.829494 1.614237 1.336849 0.100000 0.906145 0.100000 0.489402 1.244188 1.591426 
0.100000 0.100000 0.359348 0.859129 0.266381 0.556599 0.814049 0.067008 0.022687 1.295902 0.100000 0.192135 0.100000 0.364679 0.526785 0.100000 0.399842 0.119783 0.100000 0.100000 0.842780 
0.353396 0.711436 0.548864 0.428481 1.227611 0.100000 0.691811 0.769213 0.246627 1.395214 0.453066 0.314226 0.100000 0.960950 1.351215 0.809234 0.691434 0.423794 0.614668 0.370024 0.734844 
0.002159 0.432711 1.257754 1.320322 1.234111 0.489095 1.048680 0.277007 0.521902 0.494689 0.745239 0.429048 0.100000 1.065812 1.036691 1.226962 0.851579 0.087333 0.100000 0.236663 0.560181 
0.100000 0.100000 0.255596 1.250109 0.100000 0.606860 1.172087 0.396910 1.384859 0.833635 0.119167 0.100000 0.100000 0.365145 1.687803 0.100000 0.309566 0.100000 0.752069 1.039529 0.545150 
0.406238 0.595073 0.309496 1.392404 0.624436 0.192720 0.706375 0.736296 0.710737 0.909356 0.462911 0.374841 0.365714 0.562315 1.101511 0.867491 0.719822 0.282923 0.268010 0.414372 0.814960 
