18 Number of operations 
11 Number of workers 
Standard production times 
0.244865 0.655236 0.625817 0.453413 0.246911 0.417959 0.507595 0.586968 0.354540 0.966876 0.517908 0.691364 0.270495 0.488870 0.554690 0.444748 0.390286 0.409891 
Production times: workers row and ops columns 
0.100000 0.951265 0.920393 0.847045 0.230831 0.730999 0.755240 0.721084 0.143758 1.696971 0.475637 0.275212 0.100000 0.770958 0.444714 1.004574 0.612649 0.295777 
0.100000 0.268450 0.396289 0.652334 0.501428 0.349607 1.010017 0.355225 0.616567 0.945031 0.746530 1.134025 0.280906 0.886634 1.134157 0.266631 0.012055 0.580154 
0.011434 0.818666 0.100000 0.100000 0.100000 0.699852 0.633953 0.221458 0.281424 0.492245 0.436405 1.177804 0.310858 0.427354 1.517585 0.613537 0.381578 0.271632 
0.100000 0.951582 0.857976 0.403004 0.100000 0.672514 0.312648 0.904769 0.405641 1.339318 0.973867 0.347748 0.566615 0.610508 0.350321 1.098290 0.317688 0.215274 
1.082764 0.054263 0.100000 1.070838 0.264680 1.213006 1.278575 1.705034 0.856611 0.729419 0.457063 1.782289 0.317235 0.522118 0.103754 0.667005 0.505636 0.515452 
0.326547 1.111599 0.392065 0.781831 0.408997 0.599603 1.392009 1.137464 0.683571 1.098362 0.950922 0.558950 0.433711 0.780283 0.614667 0.571670 0.562877 0.524366 
0.100000 0.443943 1.285510 0.290489 0.347853 0.750701 0.561888 1.015544 0.218600 0.760347 0.100000 0.790185 0.331959 0.073332 0.604316 0.187988 0.777588 0.100000 
0.109983 0.362542 0.284512 0.475101 0.305065 0.254268 0.724150 0.361943 0.463182 0.247356 0.378165 0.743485 0.498329 0.252492 1.002609 0.494999 0.321449 0.391256 
0.249857 0.100000 1.390822 0.794096 0.347391 0.963519 0.001277 0.951265 0.407234 1.386957 0.100000 0.105964 0.100000 0.565687 0.365011 0.100000 0.489514 0.720015 
0.382988 0.899366 0.821450 0.266825 0.582425 0.100000 0.100000 1.098244 0.882069 1.005275 1.002453 0.831343 0.881597 1.153233 1.365462 0.739445 0.683084 0.163321 
0.100000 0.158475 1.609188 0.929855 0.849246 0.527349 0.406790 0.862259 0.455327 1.879291 0.577959 0.954329 0.100000 0.365944 0.723993 0.747972 1.356923 1.397004 
