22 Number of operations 
14 Number of workers 
Standard production times 
0.413837 0.880931 0.532251 0.320969 0.129950 0.100000 0.225309 0.572756 0.427424 0.104419 0.222863 0.703254 0.623033 0.452010 0.100000 0.368426 0.538265 0.474728 0.333470 0.408376 0.514704 0.244565 
Production times: workers row and ops columns 
0.724415 0.100000 0.100000 0.058328 0.100000 0.170131 0.868181 0.418641 0.479451 0.100000 0.100000 0.995037 0.820455 0.024017 0.100000 1.038439 0.429743 0.100000 0.665345 0.080167 0.598574 0.574626 
0.754000 1.097583 0.986087 0.264751 0.283716 0.791467 0.890788 1.009128 0.245056 0.397949 0.221566 0.601629 0.603826 0.108931 0.882852 0.233419 0.904919 0.655858 0.485529 0.060999 0.718584 0.051825 
0.100000 1.184572 1.227392 0.100000 0.105407 0.428557 0.409955 0.423307 0.266583 0.100000 0.192728 0.751484 0.302155 0.308147 0.100000 0.281868 0.572770 0.295395 0.100000 0.408434 0.431774 0.024087 
0.590275 1.569286 0.621866 0.453409 0.542044 0.008914 0.839729 0.846729 0.350103 0.007564 0.289813 0.808314 0.315982 0.794712 0.100000 0.651656 0.421217 0.348084 0.404012 0.354103 0.720173 0.017324 
0.342388 0.100000 0.100000 0.796933 1.286070 0.229605 0.100000 0.100000 0.100000 0.095489 0.811944 1.770350 0.795946 0.607334 0.100000 0.476942 0.895043 0.369583 0.504259 1.357074 0.226350 0.100000 
0.819314 0.938939 0.625961 0.138451 0.221969 0.067378 0.662210 0.183283 0.110775 0.100000 0.244900 0.561938 0.079456 0.624166 0.100000 0.119005 0.093974 0.682387 0.100000 0.078768 0.173680 0.192450 
0.452528 0.907311 0.308718 0.485078 0.100000 0.100000 0.100000 0.315673 0.489183 0.424798 0.028900 0.416809 0.621604 0.100000 0.078365 0.890840 0.528135 0.245311 0.207506 0.934253 0.088044 0.407166 
0.441149 0.314850 0.459320 0.100000 0.100000 0.045258 0.100000 0.341594 0.614334 0.100000 0.155935 0.468552 0.637950 0.105718 0.100000 0.284543 0.850718 0.178707 0.140988 0.646492 0.248129 0.064202 
0.369261 1.564557 0.807024 0.404492 0.100000 0.862140 0.100000 0.311835 0.100000 0.304411 0.966049 0.514633 0.992296 0.100000 0.100000 0.687244 1.097795 0.762943 0.905860 0.100000 0.743009 0.093829 
0.117676 0.866522 0.521885 0.019292 0.100000 0.003304 0.100000 0.867647 0.314736 0.160424 0.740841 1.332422 1.299017 0.100000 0.100000 0.983825 0.339568 0.100000 0.055752 0.667160 0.940078 0.100000 
0.294947 0.874270 0.176773 0.100000 0.100000 0.248453 0.100000 1.105275 0.541907 0.215952 0.302307 0.237208 0.100000 0.430165 0.328588 1.093876 0.100000 0.679143 1.068092 0.533700 0.272231 0.212327 
0.736985 0.879135 0.829665 0.283347 0.100000 0.047172 0.100000 0.800370 0.100000 0.040074 0.292576 0.791962 0.545702 0.334022 0.100000 0.340114 0.052250 0.740177 0.100000 0.650344 0.603416 0.167875 
0.753573 1.125678 1.023508 0.582584 0.120838 0.042790 0.482131 0.346552 0.416408 0.597375 0.594103 1.011700 1.056012 1.303649 0.100000 0.447394 0.286475 0.466806 0.682328 0.403947 0.884575 0.100000 
0.370747 0.949416 0.900226 0.330153 0.100000 0.100000 0.144348 0.207894 0.817015 0.100000 0.100000 0.871285 0.300881 0.084639 0.060941 0.583521 0.589027 0.152015 0.100000 0.186371 0.114246 0.010326 
