29 Number of operations 
9 Number of workers 
Standard production times 
0.581088 0.356711 0.100000 0.338429 0.171152 0.194577 0.191122 0.597642 0.381297 0.953017 0.376962 1.020045 0.474371 0.146626 0.400728 0.161015 0.489466 0.500350 0.625173 0.439218 0.589649 0.216888 0.542253 0.345575 0.887663 0.501483 0.245169 0.383045 0.469652 
Production times: workers row and ops columns 
0.166513 0.100000 0.050058 0.702773 0.100000 0.284497 0.009795 1.501777 0.100000 1.328651 0.066610 1.445229 0.100000 0.100000 0.100000 0.282726 0.169381 1.099748 0.424676 0.688087 1.323734 0.100000 0.331046 0.642806 0.934659 1.177673 0.572010 0.269839 1.390141 
0.939819 0.220183 0.100000 0.033777 0.337073 0.240192 0.436119 0.286583 0.181541 0.762526 0.292400 1.083586 0.100000 0.100000 0.602152 0.100000 0.121012 0.246630 0.457940 0.857090 0.299754 0.138872 0.110915 0.264023 1.405131 0.100000 0.184553 0.050930 0.455530 
0.023552 1.099666 0.024290 0.465237 0.341875 0.100000 0.100000 0.689558 0.466810 1.677317 0.054049 0.387949 0.679383 0.100000 0.184641 1.131893 0.438329 0.491872 0.583357 0.205911 0.852780 0.300645 1.553486 0.262614 1.462377 0.323205 0.722863 0.100000 0.435656 
0.628509 0.534242 0.098302 0.275748 0.394060 0.100000 0.367635 0.497631 0.561971 1.087130 0.959815 0.212318 0.012724 0.171367 0.496792 0.402663 0.428632 0.324801 0.100000 0.488733 0.354394 0.657990 0.193207 0.266230 0.363781 0.918943 0.085902 0.234250 0.153488 
0.222052 0.100000 0.100000 0.100000 0.100000 0.199182 0.013321 0.776845 0.303156 0.562387 0.723205 0.748905 0.248641 0.100000 0.536802 0.100000 0.565533 0.379249 0.423613 0.049758 0.464837 0.100000 0.033192 0.429879 0.246516 0.517751 0.100000 0.111116 0.268230 
0.764960 0.417365 0.571594 0.409991 0.396985 0.215779 0.100000 0.352662 0.610204 0.895346 0.572502 0.389476 0.143737 0.610312 0.395118 0.113085 0.936931 0.663453 0.472290 0.689924 0.811154 0.429225 0.638270 0.405017 0.360806 0.641988 0.050904 0.743863 0.704715 
0.893303 0.542176 0.411459 0.100000 0.046720 0.100000 0.318655 0.558312 0.643424 0.882343 0.772311 1.019391 0.444354 0.100000 0.567285 0.100000 0.100000 0.688854 0.621414 0.122729 0.289550 0.100000 0.673882 0.100000 0.559522 0.100000 0.100000 0.191733 0.562481 
0.935568 0.276676 0.103077 0.140462 0.399891 0.058458 0.470055 0.856715 0.100000 0.900182 1.082980 0.468933 0.422211 0.100000 0.004475 0.100000 0.801038 0.085192 0.964153 0.097764 0.314495 0.807237 0.264332 0.100000 0.475173 0.575537 0.100000 0.444921 0.089274 
1.063128 0.510495 0.351327 0.263754 0.134740 0.100000 0.384712 0.394460 0.100000 1.064530 0.383043 1.074838 0.250840 0.100000 0.453732 0.056542 0.366458 0.193096 0.859315 0.390773 0.765596 0.478684 0.326984 0.145846 0.597668 0.548339 0.328983 0.300543 0.818432 
