33 Number of operations 
13 Number of workers 
Standard production times 
0.665759 0.355040 0.432569 0.293743 0.428784 0.189539 0.435765 0.465391 0.557516 0.514442 0.761861 0.298548 0.496087 0.530721 0.495826 0.737976 0.536313 0.319237 0.580785 0.293723 0.403783 0.425222 0.606777 0.100000 0.710269 0.403094 0.483653 0.406909 0.393376 0.100000 0.493427 0.334372 0.272242 
Production times: workers row and ops columns 
0.496774 0.303408 1.080135 0.806902 0.082547 0.100000 0.744953 0.321292 0.012145 0.547565 1.112117 0.339663 0.974459 0.413671 1.061793 1.229393 0.336341 0.622399 0.802095 0.347545 0.100000 0.692122 1.172340 0.399133 0.823296 0.395183 0.614233 0.100000 0.327394 0.100000 0.611167 0.529312 0.464869 
0.842482 0.487500 0.382199 0.100000 0.139346 0.167440 0.450366 0.475904 0.069839 0.656170 0.729136 0.140493 0.330943 0.674202 0.885036 0.428386 0.392058 1.044600 0.694096 0.520199 0.208709 0.100000 0.874754 0.163689 0.539012 0.191949 0.100000 0.111386 0.100000 0.100000 0.100000 0.328236 0.306586 
0.100000 0.567669 0.100000 0.424004 0.100000 0.206383 0.075792 0.748033 0.530589 0.737858 1.292601 0.185481 0.675402 0.268461 0.658939 0.170329 0.460046 0.027776 0.100000 0.089871 1.549232 0.100000 1.209674 0.251786 0.656215 0.616665 0.167851 1.199869 1.493825 0.100000 0.100000 0.100000 0.184299 
1.019802 0.253250 0.100000 0.209249 0.207904 0.100000 0.541823 0.100000 0.992510 0.084655 0.477842 0.100000 0.676346 0.233657 0.966685 0.759695 0.100000 0.100000 0.951698 0.257088 0.450638 1.215240 0.779161 0.100000 0.595026 0.893664 1.032524 0.100000 0.946353 0.535856 1.273692 0.155844 0.100000 
1.213400 0.859392 0.127329 0.882980 0.778461 1.178582 0.624360 0.100000 0.756110 0.888020 0.641480 1.507001 0.100000 0.601137 1.239268 0.100000 0.016678 1.078730 1.267835 0.100000 0.439738 0.100000 0.716854 0.100000 0.253302 0.100000 0.775940 0.462820 0.897452 0.100000 0.100000 0.166108 0.100000 
0.124296 0.416306 0.620583 0.492675 0.240658 0.754591 0.574004 0.307235 0.406804 0.756152 1.005760 0.100000 0.100000 0.135472 0.599008 0.329557 0.624578 0.100000 0.371522 0.203076 0.367140 0.749470 0.670104 0.100000 0.706391 0.171694 0.471113 0.453879 0.875621 0.100000 0.062740 0.028967 0.475000 
0.887731 0.100000 0.511549 0.100000 0.100000 0.124499 0.240058 0.704790 0.100000 0.190011 0.689097 0.566260 0.905108 0.476266 0.868611 0.445555 0.406761 0.100000 0.390661 0.242575 0.836251 0.359042 1.227855 0.024485 1.020193 0.283739 0.335942 0.537639 0.100000 0.100000 0.266478 0.046394 0.206747 
0.066888 0.100000 0.100000 0.238348 0.450572 0.100000 0.415158 0.245023 0.527997 0.339819 0.477100 0.381222 0.845259 0.100000 0.100000 0.100000 0.723253 0.075016 1.455145 0.995592 1.128584 0.701771 0.852684 0.755647 0.617018 0.836358 0.019775 0.040905 0.100000 0.888072 0.572794 0.948639 0.475293 
0.306262 0.100000 1.207215 0.076721 0.100000 0.075383 0.439901 0.126303 1.021284 0.754459 0.543642 0.871551 1.025265 0.575361 1.349065 0.636598 0.473857 0.582525 0.550407 0.437184 0.616711 0.525551 0.376486 0.100000 0.586856 0.100000 0.223946 1.358981 0.100000 0.618534 0.100000 0.990045 0.319873 
0.100000 0.665444 1.008604 0.100000 0.579997 0.285875 0.100000 0.100000 1.255445 0.411043 0.520530 0.796366 0.467815 0.624786 0.435518 1.134194 0.632695 0.369990 0.778173 1.100080 1.090398 0.661982 1.020748 0.100000 0.754503 2.038315 0.100000 0.100000 0.106126 0.100000 1.391996 0.063371 0.473090 
0.051173 0.458162 0.368105 0.629198 0.269887 0.330394 0.486087 0.619205 0.705750 0.484077 1.038253 0.769338 0.404378 0.241531 0.678353 0.894627 1.132057 0.721767 0.972425 0.432244 0.721961 0.406706 0.810909 0.100000 0.807013 0.451862 0.399255 0.364835 0.450267 0.303743 0.540317 0.374332 0.059138 
0.850389 0.472845 0.233608 0.100000 0.446170 0.563565 0.628534 0.799027 0.540693 0.295070 0.384714 0.617842 0.455866 0.620468 0.100000 1.281285 0.589429 0.100000 0.615023 0.009808 0.301920 0.654820 0.100000 0.055731 0.814441 0.159389 0.316387 0.100000 0.100000 0.190202 0.946300 0.501123 0.032887 
0.656456 0.347617 0.485968 0.472327 0.917181 0.423515 0.248071 0.767202 0.750805 0.992112 1.129999 0.259276 0.270219 0.491856 0.822457 0.936968 0.504605 0.552876 0.244864 0.168791 0.866129 0.931248 0.927918 0.076384 0.784635 0.784689 0.336813 0.530095 0.680123 0.100000 0.872896 0.485253 0.536916 
