36 Number of operations 
10 Number of workers 
Standard production times 
0.414294 0.285827 0.250615 0.439175 0.100000 0.338509 0.666399 0.100000 0.407654 0.678429 0.146195 0.417578 0.698579 0.408865 0.558048 0.470024 0.178742 0.335391 0.124290 0.402050 0.318161 0.656151 0.545579 0.827262 0.240523 0.583792 0.398275 0.252282 0.279165 0.179105 0.100000 0.181065 0.745584 0.238035 0.428745 0.317864 
Production times: workers row and ops columns 
0.607576 0.404593 0.570908 0.440619 0.055070 0.387294 0.466402 0.374309 0.718717 0.522414 0.337360 0.030034 0.563112 0.100000 1.137442 0.823639 0.100000 0.230402 0.100000 0.467121 0.126539 0.665556 0.843721 0.929275 0.100000 0.699762 0.349218 0.481846 0.392676 0.100000 0.042119 0.494303 0.565860 0.773651 0.157404 0.100000 
0.541862 0.100000 0.100000 0.732401 0.100000 0.076692 0.715159 0.100000 0.752392 0.898464 0.100000 0.755341 0.810093 0.341351 0.389434 0.135420 0.066667 0.325333 0.413820 0.593986 0.643110 0.747027 0.400180 0.924292 0.100000 0.666319 0.100000 0.100000 0.432999 0.192346 0.100000 0.135292 0.402435 0.100000 0.192765 0.100000 
0.390964 0.632509 0.340020 0.224416 0.058663 0.100000 0.181337 0.094676 0.579459 0.601972 0.364428 0.630218 0.928353 0.664810 0.562272 0.500462 0.120620 0.139675 0.743279 0.531978 0.461999 0.444690 0.452254 0.757232 0.104694 0.861740 0.349936 0.731304 0.343666 0.455971 0.521604 0.079916 0.889771 0.378338 0.079900 0.378457 
0.196205 0.100000 0.901021 0.566245 0.932460 0.671107 2.008496 0.100000 0.301479 0.100000 0.096104 0.826337 0.401168 1.151460 0.744065 0.827288 0.100000 0.049222 0.100000 0.123146 1.307925 0.154042 0.425077 0.967055 0.538285 0.866696 0.737967 0.416669 0.155815 0.224727 1.176147 0.346108 0.774700 0.679899 0.563848 0.434527 
0.100000 0.929621 0.401465 0.187122 0.092079 0.187904 0.983486 0.312963 0.699975 1.097466 0.100000 0.100000 0.076494 0.555963 0.527244 0.636271 0.489919 0.379463 0.100000 0.178264 0.594073 0.843026 0.100000 0.525867 0.100000 0.151798 0.225396 0.320350 0.100000 0.167824 0.100000 0.095606 1.023939 0.100000 0.808775 0.175356 
0.238461 0.100000 0.121829 0.191915 0.100000 0.068861 0.600591 0.300745 0.100000 0.534320 0.164007 0.100000 0.579356 0.100000 0.508177 0.473233 0.201626 0.027311 0.048461 0.317106 0.100000 0.834915 0.742637 0.988579 0.100000 0.465832 0.113746 0.100000 0.388581 0.193449 0.100000 0.009284 0.657577 0.024055 0.770259 0.605141 
0.339198 0.046702 0.318340 0.105754 0.276343 0.474992 0.310072 0.100000 0.373868 0.820768 0.027071 0.100000 0.692279 0.295105 0.425135 0.041727 0.450606 0.220932 0.403089 0.380147 0.466520 0.696634 0.727233 1.308767 0.100000 0.763805 0.008940 0.391109 0.873656 0.378235 0.365483 0.100000 1.116722 0.530131 0.578517 0.127881 
0.151217 0.479735 0.100000 1.068417 0.100000 0.100000 1.099097 0.100000 1.117766 1.729586 0.117979 0.348851 0.100000 0.100000 0.998995 0.748956 0.630345 1.711664 0.607461 0.667869 1.205846 1.366118 0.491499 0.100000 0.844964 0.215600 0.766800 0.224152 0.100000 0.103392 0.028821 0.043776 0.936992 0.134598 0.100000 0.038640 
0.399994 0.363001 0.454130 0.192130 0.233847 0.238922 1.051653 0.634334 0.666563 1.345673 0.219923 0.079548 0.895438 0.430798 0.630707 0.253431 0.144210 0.233304 0.094507 0.100000 0.607933 1.100702 1.029803 1.060112 0.638421 0.737943 0.550340 0.137894 0.525727 0.093180 0.301459 0.100000 0.387756 0.023056 0.614512 0.151226 
0.244165 0.729684 0.563603 0.518589 0.386357 0.541784 1.173373 0.434600 0.473441 0.719928 0.355523 0.974126 0.871200 1.183411 0.637541 0.864634 0.174711 0.054981 0.100000 0.912764 0.932674 0.150712 0.229609 1.132845 0.648196 1.044743 0.607375 0.800566 1.057107 0.100000 0.100000 0.561316 1.019188 0.257294 0.746688 0.593019 
