31 Number of operations 
10 Number of workers 
Standard production times 
0.379277 0.100000 0.445337 0.493300 0.274647 0.596152 0.100000 0.474609 0.100000 0.392440 0.347480 0.385585 0.209560 0.229957 0.293482 0.493674 0.517994 0.410700 0.247812 0.136801 0.347406 0.184301 0.323285 0.100000 0.399452 0.450426 0.255245 0.334657 0.328156 0.488349 0.100000 
Production times: workers row and ops columns 
0.712499 0.084458 0.134371 0.511423 0.486380 0.665208 0.372471 0.100000 0.100000 0.454637 0.208548 0.588258 0.199964 0.257309 0.094937 0.432711 0.895828 0.489823 0.260797 0.504527 0.444603 0.440095 0.936362 0.056885 0.363020 0.286274 0.823466 0.402784 0.565652 0.352668 0.100000 
0.100000 0.293266 1.357031 1.002237 0.100000 0.365010 0.760143 0.100000 0.656962 0.150615 0.798404 1.590731 0.244983 0.489571 0.247891 0.639355 0.100000 0.334133 0.694431 0.433738 0.583015 0.243931 0.389756 0.100000 1.246058 0.734061 0.851194 0.664829 0.919588 0.917171 0.473867 
0.100000 0.100000 0.503942 0.199913 0.100000 0.858072 0.043843 1.195420 0.100000 0.293008 0.347534 0.451017 0.100000 0.799786 1.382782 0.100000 0.100000 0.484977 0.274733 0.996796 0.371510 0.577102 0.100000 0.100000 0.258150 0.483437 0.359528 0.100000 0.774901 0.853961 1.000719 
0.748377 1.078669 0.155717 0.026317 0.100000 1.161168 0.100000 0.219438 0.100000 0.621623 0.767928 0.244816 0.100000 0.526635 0.061492 0.100000 1.012252 1.320861 0.743295 0.100000 0.817231 0.031188 0.289829 0.164774 0.100000 0.100000 0.562189 0.671100 0.172416 0.714081 0.136160 
0.620606 0.301987 0.668925 0.738620 0.281331 0.752603 0.245449 0.550539 0.562560 0.665910 0.532873 0.914048 0.270779 0.093887 0.737643 0.837922 0.449186 0.488471 0.100000 0.100000 0.418073 1.083817 0.100000 0.090023 0.650071 0.386407 1.015018 0.182991 0.100000 0.544708 0.397115 
0.100000 0.416311 0.358448 0.256760 0.163188 0.213120 0.143972 0.616135 0.100000 1.035289 0.148542 0.100000 0.100000 0.431047 0.125308 0.288265 0.531847 0.400239 0.100000 0.100000 0.334329 0.100000 0.038544 0.100000 0.239382 0.114213 0.178927 0.414403 0.100000 0.533621 0.056481 
0.345604 0.382623 0.192531 0.609703 1.603312 1.322502 1.164073 0.476120 0.100000 0.100000 1.100632 0.100000 0.639450 0.610222 0.115261 0.100000 0.514336 1.001750 0.327189 0.004370 0.514030 0.411672 0.031296 0.244254 0.940331 1.151645 0.167742 0.301084 0.334895 0.733213 0.143840 
1.404098 0.100000 1.126655 0.100000 0.100000 0.362860 0.100000 0.100000 0.324821 0.549293 0.644360 0.448467 0.100000 0.513828 0.585809 0.466782 0.603340 0.657097 0.431854 0.745444 0.163328 0.364018 0.380515 0.100000 0.145452 0.465414 1.001428 0.824217 0.249378 0.841646 0.100000 
1.043394 0.100000 0.356262 0.580192 0.497093 0.100000 0.100000 0.483014 0.126458 0.100000 0.587833 0.100000 0.568411 0.149045 0.100000 0.775164 0.100000 0.155127 0.100000 0.670741 0.577684 0.100000 0.664786 0.100000 0.100000 0.377476 0.139241 0.468766 0.492240 0.587161 0.317199 
0.095652 0.100000 0.723226 0.416782 0.181674 0.808843 0.404074 0.661072 0.303400 0.251302 0.428149 0.332961 0.128201 0.009547 0.100000 0.458660 0.487817 0.179314 0.125442 0.100000 0.291562 0.127954 0.100000 0.139052 1.171049 0.646503 0.201401 0.408059 0.371996 0.093079 0.100000 
