32 Number of operations 
14 Number of workers 
Standard production times 
0.216716 0.333512 0.213921 0.417792 0.590118 0.437061 0.476178 0.634382 0.458941 0.385887 0.327556 0.310198 0.460048 0.357374 0.100000 0.626372 0.407139 0.455689 0.518640 0.517043 0.494713 0.362657 0.498013 0.136339 0.214937 0.319247 0.400610 0.260636 0.562085 0.376384 0.825660 0.123488 
Production times: workers row and ops columns 
0.112088 0.938316 0.175592 0.100000 0.867099 0.162243 0.749150 0.681680 0.977397 0.618357 0.296381 0.356928 0.672048 0.559540 0.100000 0.253991 0.747027 0.705005 0.667048 0.927091 0.100000 0.912211 0.401565 0.498129 0.330014 0.152559 0.791971 0.494564 0.331565 0.266233 1.065120 0.675397 
0.896866 0.325217 0.429337 0.182326 0.773115 0.765480 0.040028 0.580394 0.518889 0.497472 0.666597 0.747813 0.609892 0.328877 0.100000 0.511546 0.576189 1.304636 0.844341 0.159975 0.307277 0.350750 0.755059 0.057812 0.662754 0.305737 0.807624 0.920045 0.156345 0.555611 0.807375 0.199016 
0.100000 1.087937 0.190557 0.608088 0.489298 0.633959 0.621114 0.237524 0.380868 0.752065 0.427466 0.100000 1.180610 1.323521 0.212202 0.125329 0.019602 0.100000 0.100000 0.100000 0.655470 0.579919 0.063443 0.100000 0.100000 0.100000 0.526953 0.100000 0.165895 0.040149 1.447721 0.530222 
0.153564 0.100000 0.487187 0.062989 0.100000 0.626233 0.361468 0.568891 0.257025 0.296470 0.100000 0.325876 0.100000 0.333208 0.100000 0.593782 0.281974 0.100000 0.657224 0.126083 0.788881 0.753161 0.600369 0.163045 0.100000 0.100000 0.341109 0.468907 0.213471 0.282882 1.050472 0.100000 
0.528213 0.100232 0.094486 0.100000 0.280265 0.708943 0.082334 0.548357 0.294780 0.868730 0.085142 0.297596 0.595228 0.329559 0.028198 1.355317 0.398205 0.830618 0.100000 0.217167 0.500832 0.722269 0.679783 0.337746 0.100000 0.051859 0.100000 0.449115 0.457581 0.364294 1.792940 0.253305 
0.475359 0.701738 0.357261 0.893395 0.769895 0.599420 1.015707 0.898358 0.294996 0.722699 0.292748 0.802958 0.682920 0.334871 0.107331 0.743643 0.535184 0.615513 0.857100 0.925485 0.697189 0.480252 0.323543 0.108947 0.390722 0.866767 0.442749 0.045771 0.100000 0.969571 1.409657 0.359654 
0.100000 0.780942 0.100000 0.245446 0.779479 0.100000 0.100000 0.243974 0.450826 0.100000 0.339063 0.019414 0.673875 0.151962 0.106350 0.164707 0.175494 0.106381 0.882544 0.374464 0.304618 0.665884 0.577780 0.100000 0.265645 0.290097 0.284377 0.407590 0.378880 0.100000 1.344665 0.100000 
0.100000 0.061487 0.181003 0.684562 1.102850 0.077022 0.715088 0.110287 0.971484 0.276893 0.431566 0.617925 0.568794 0.396498 0.473022 1.030632 0.039328 0.685524 0.705351 0.339417 0.265289 0.518045 0.583876 0.004737 0.156350 0.631334 0.383921 0.429313 0.887043 0.275680 1.099177 0.400522 
0.100000 0.474725 0.825992 0.508253 0.581774 0.800499 0.750563 0.332027 0.100000 0.436074 0.100000 0.600992 0.855786 0.258215 0.232783 1.051759 0.550865 0.239248 1.330340 0.528679 0.414367 0.191733 0.100000 0.294311 0.580007 0.100000 0.030684 0.332187 1.151788 0.538672 1.051625 0.100000 
0.374782 0.749530 0.100000 0.100000 0.106754 0.541420 0.529632 0.100000 1.217372 0.100000 0.936961 0.506464 0.853723 1.014395 0.100000 1.393216 0.088298 0.676611 0.100000 1.139058 0.950460 0.632297 0.100000 0.100000 0.347454 0.012065 1.169817 0.612531 0.724081 0.328059 1.563861 0.100000 
0.154483 0.100000 0.100000 0.038121 0.879293 0.318481 0.332474 0.698533 0.221891 0.100000 0.212934 0.100000 0.379743 0.100000 0.100000 0.549476 0.100000 0.056297 0.370723 0.334627 0.679307 0.148033 0.588761 0.100000 0.100000 0.004276 0.189439 0.459547 0.191729 0.379541 0.570634 0.400124 
0.236719 0.281326 0.100000 0.684399 0.141419 0.291936 0.314446 0.524687 0.411348 0.100000 0.247050 0.192845 0.323006 0.214059 0.100000 0.424172 0.729016 0.078781 0.827818 0.166822 0.445661 0.459094 0.790048 0.514004 0.236527 0.203910 0.554735 0.256384 0.350137 0.614422 0.498763 0.100000 
0.480100 0.394521 0.577704 0.718223 0.900131 0.100000 0.100000 0.694688 0.356565 0.256846 0.323929 0.201325 0.390100 0.100000 0.100000 0.194250 0.173529 0.236914 0.763834 0.690586 0.100000 0.090053 0.807428 0.299614 0.474929 0.265745 0.100000 0.100000 0.627730 0.114513 0.642172 0.100000 
0.100000 0.616747 0.100000 0.443316 0.100000 0.363041 0.108855 0.152384 0.100000 0.485166 0.381664 0.060663 0.361562 0.494365 0.177918 0.794671 0.391999 0.273269 0.640488 0.100000 0.042842 0.640717 1.011624 0.191137 0.100000 0.765124 0.264261 0.100000 0.748816 0.626806 1.145498 0.100000 
