38 Number of operations 
13 Number of workers 
Standard production times 
0.399870 0.322670 0.597169 0.216273 0.181611 0.460572 0.616818 0.304972 0.506059 0.361215 0.310642 0.585330 0.376058 0.559505 0.599672 0.321752 0.518778 0.100000 0.267949 0.473858 0.467891 0.172258 0.676364 0.440704 0.100000 0.203494 0.324266 0.503862 0.324924 0.623964 0.742434 0.179783 0.272259 0.237205 0.495827 0.329344 0.100000 0.100000 
Production times: workers row and ops columns 
0.571683 0.163504 0.578536 0.509064 0.296770 0.695366 0.593372 0.447449 0.259774 0.095206 0.031192 0.813474 0.736932 0.663636 0.919259 0.298078 0.361200 0.366620 0.202032 0.979930 0.517120 0.407621 0.700295 0.411563 0.324355 0.100000 0.892684 0.317911 0.336751 0.787222 0.667360 0.311055 0.549455 0.131688 0.470831 0.001837 0.100000 0.024808 
0.125184 0.934715 1.166186 0.643372 0.096485 0.217558 0.511838 0.214515 0.795914 0.280439 1.086044 0.969392 0.265436 0.943406 1.052066 0.685892 0.932965 0.100000 0.579307 0.749194 0.760812 0.703302 0.464081 0.394169 0.262467 0.503662 0.252015 0.552187 0.100000 0.659489 0.550657 0.458555 0.094684 0.753339 0.601724 0.483237 0.131496 0.523547 
0.100000 0.454741 0.520784 0.723177 0.388676 0.189175 0.463991 0.418253 0.933598 0.356735 0.745475 0.759128 0.189804 0.348235 1.249285 0.597400 0.614846 0.237566 0.233438 0.283167 0.695366 0.349680 1.119634 0.539085 0.252769 0.238886 0.141336 0.360239 0.163148 0.849429 0.822563 0.456326 0.029709 0.082725 0.163712 0.305271 0.136286 1.006852 
0.373526 0.853925 0.100000 0.386687 0.100000 0.233274 0.369459 0.100000 0.100000 0.133140 0.052054 0.147231 0.242609 0.100000 0.434724 0.196063 0.173778 0.233057 0.100000 0.294709 0.348489 0.100000 1.152934 0.100000 0.405009 0.100000 0.502484 0.189885 0.100000 0.547275 0.484356 0.120210 0.085270 0.253544 0.148303 0.100000 0.451789 0.017356 
0.654408 0.232811 0.619982 0.332326 0.049955 0.483873 0.676039 0.300503 0.367981 0.385130 0.100000 0.100000 0.100000 0.868468 0.368399 0.100000 0.310619 0.100000 0.100000 0.449712 0.326500 0.165460 0.659933 0.471600 0.320897 0.306774 0.100000 0.510267 0.191497 0.611633 0.531448 0.100000 0.294694 0.153755 0.382999 0.103470 0.100000 0.100000 
0.212630 0.100000 0.413171 0.718437 0.091125 1.013107 0.921952 0.243527 0.100000 0.100000 0.323408 0.496652 0.433504 0.342027 0.332451 0.051556 0.917606 0.229989 0.496956 1.001127 0.100000 0.459907 0.307173 0.444321 0.100000 0.374466 0.065998 0.444881 0.452538 0.272948 0.576301 0.100000 0.067733 0.049240 0.471869 0.183655 0.100000 0.100000 
0.395894 1.699302 0.175766 0.100000 0.100000 0.743525 1.254198 0.698120 0.498201 0.467342 0.505293 0.240435 0.197929 0.606683 0.801985 0.316000 0.780265 0.222744 0.125801 0.712864 0.436127 1.440542 0.499727 0.360707 0.104872 0.006331 0.653178 0.100000 0.719062 0.799446 0.473921 0.181897 0.100000 0.098525 0.468503 0.430321 0.301471 0.846893 
0.308929 0.247115 0.700501 0.100000 0.100000 0.867552 0.100000 0.098382 0.559137 0.229064 0.395018 0.855645 0.185174 0.523756 0.638631 0.508151 0.591855 0.111661 0.024640 0.100000 0.772876 0.447630 0.402380 0.741694 0.100000 0.168417 0.100000 0.675398 0.317865 0.099401 1.121049 0.100000 0.091458 0.945611 0.581960 0.174743 0.100000 0.441149 
0.699676 0.479944 0.902973 0.557393 0.185627 0.624897 0.977450 0.100000 0.900704 0.111599 0.091991 0.954486 0.650343 0.480633 1.016365 0.196669 0.777839 0.193856 0.175805 0.532137 0.340841 0.722211 0.435339 0.683633 0.141904 0.126795 0.405277 0.380868 0.719791 0.630089 0.977900 0.100000 0.310603 0.255087 0.591805 0.145116 0.077632 0.100000 
0.668813 0.146275 1.145512 0.116171 0.100000 0.443969 0.349049 0.100000 0.100000 0.131743 0.041650 0.054773 1.419858 0.197302 1.373105 0.422880 1.235247 0.100000 0.166218 0.681510 0.998237 0.549644 1.450157 0.709070 0.107353 0.100000 0.916967 0.083071 0.424058 0.269937 1.438089 0.100000 0.100000 0.491091 0.100000 0.476824 0.419661 0.636010 
0.665356 0.347462 0.100000 0.100000 0.210458 0.763505 0.448948 1.154814 0.673855 0.213873 0.100000 0.632977 0.692553 0.359623 1.052627 0.720154 0.187290 0.100000 0.814603 0.482485 0.471466 0.100000 0.749312 0.456968 0.258968 0.100000 1.209564 0.102221 0.100000 0.308996 0.911036 1.036853 0.100000 0.886319 1.068489 1.021939 0.145368 0.002976 
0.265048 0.005535 1.211964 0.147260 0.100000 0.602691 0.745360 0.224929 0.632009 0.029132 0.178605 0.122786 0.260684 0.681191 0.614680 0.146857 0.175451 0.100000 0.990886 0.394226 0.655119 0.100000 0.997535 0.640625 0.132212 0.352727 0.172410 0.358180 0.827321 0.743149 0.792194 0.569377 0.100000 0.119677 1.095026 0.343234 0.100000 0.873766 
0.091167 0.025307 0.345686 0.100000 0.738355 0.636217 0.748731 0.100000 0.170634 0.083813 0.364751 0.976367 0.490245 0.827598 0.395567 0.266251 0.837199 0.057585 0.100000 0.154101 0.641851 0.165872 0.749076 0.390410 0.100000 0.071383 0.100000 0.597680 0.485441 0.935840 0.358372 0.063163 0.019084 0.055178 0.306311 0.100000 0.100000 0.457935 
