39 Number of operations 
9 Number of workers 
Standard production times 
0.486243 0.293775 0.731798 0.339046 0.869301 0.327486 0.568166 0.375163 0.736143 0.322966 0.382918 0.461825 0.323147 0.249477 0.213933 0.291991 0.167605 0.100000 0.346807 0.259119 0.318071 0.389677 0.198817 0.587925 0.779295 0.198028 0.247573 0.769109 0.583047 0.304829 0.167646 0.370173 0.442096 0.301049 0.410817 0.482708 0.440866 0.342308 0.492765 
Production times: workers row and ops columns 
0.150181 0.182262 0.882082 1.157012 1.055844 0.065728 0.234279 1.116317 0.815931 0.675019 0.499920 0.785548 0.658846 0.172184 0.101671 0.123646 0.722952 0.277646 0.557644 0.120354 0.240376 0.293069 0.068107 0.761737 0.050484 0.375147 0.100000 0.689306 0.552775 0.515346 0.372800 0.100000 0.817053 0.572343 0.745281 0.357429 0.731664 0.715342 0.879908 
0.621204 1.105958 1.095173 1.075986 1.160224 0.813532 0.988797 0.295414 0.903620 0.324116 0.100000 0.645846 0.303172 0.507717 0.272293 0.042508 0.180601 0.348378 0.350567 0.432546 0.455795 0.880464 0.053822 0.869229 1.117260 0.633680 0.853034 0.191341 0.943403 0.346188 0.391008 0.291315 0.851962 0.056175 0.310743 1.155842 1.073238 0.628853 0.404529 
0.812616 0.381397 0.652668 0.629665 0.938437 0.539191 0.677945 0.936155 0.592910 0.406123 0.763177 0.804407 0.535867 0.469288 0.051565 0.196334 0.739390 0.100000 0.698211 0.432680 0.951220 0.413565 0.204167 0.294391 1.250010 0.073351 0.476122 0.590548 0.873284 0.168399 0.136491 0.857482 0.572755 0.408103 0.576641 0.783019 0.302991 0.161656 0.997297 
0.535805 0.100000 0.598108 0.862023 0.537975 0.774820 0.342582 0.470593 0.109946 0.337633 0.455568 0.852531 0.855100 0.100000 0.161497 1.198715 0.100000 0.409880 0.100000 0.398147 0.100000 0.249271 0.100000 0.947312 1.020006 1.241556 0.639412 0.367030 1.747449 0.217614 0.877035 0.310945 0.583243 0.970686 0.296388 0.957587 0.100000 0.109032 0.100000 
0.512014 0.100000 0.989663 0.430959 1.015624 0.100000 0.471398 0.100000 0.456155 0.100000 0.550227 0.088026 1.007401 0.127372 0.359001 0.317601 0.033187 0.423032 0.736883 0.154193 0.519599 0.023819 0.100000 0.159280 1.008255 0.439583 0.291765 0.775773 0.031948 0.267209 0.516266 0.688357 0.147263 0.011513 0.100000 0.635216 0.100000 0.100000 0.100000 
0.938706 0.100000 0.606669 0.100000 0.477893 0.333406 0.529129 0.379642 0.397492 0.107413 0.096134 0.695346 0.726961 0.093482 0.918727 0.399780 0.158877 0.100000 0.476806 0.100000 0.784458 0.482662 0.100000 0.378129 0.958773 0.198285 0.100000 0.808552 0.194168 0.092579 0.100000 0.074304 0.835401 0.266956 0.924730 0.100000 0.100000 0.435151 0.337193 
1.203919 1.371875 0.530792 0.886714 1.765237 0.100000 0.269657 0.100000 1.578438 0.837050 0.392891 1.116626 0.365064 0.618387 0.684408 0.638356 0.162523 0.348797 0.100000 1.115588 0.611797 0.919140 0.508228 0.241585 0.338368 0.100000 0.100000 0.454578 0.100000 0.648234 0.100000 0.169928 0.118339 0.765940 0.239021 1.024243 0.540421 0.709006 1.553656 
0.619010 0.145438 0.787719 0.100000 1.239453 0.958058 0.496343 0.460429 1.444939 0.204319 0.497199 0.581110 0.015954 0.271798 0.807279 0.051635 0.100000 0.489100 0.815977 0.101024 0.011824 0.516328 0.268624 0.386338 1.134427 0.507227 0.681202 0.828871 0.162263 0.553713 0.198795 0.446276 0.003877 0.320508 0.313899 0.282169 0.136716 0.025026 0.052767 
0.100000 0.100000 0.668652 0.528740 0.721520 0.556570 0.422955 0.447995 0.025044 0.043266 0.193552 0.466500 0.373711 0.100000 0.333513 0.337938 0.100000 0.068932 0.403873 0.652922 0.237976 0.522452 0.441860 0.523919 0.517071 0.316314 0.084154 0.931700 0.546731 0.061243 0.100000 0.100000 0.783328 0.325192 0.100000 0.168985 0.163073 0.353059 0.502514 
