20 Number of operations 
11 Number of workers 
Standard production times 
0.457550 0.187178 0.235595 0.571327 0.488601 0.325368 0.144316 0.492388 0.687881 0.401191 0.465172 0.302502 0.514535 0.474877 0.680127 0.509936 0.545492 0.277050 0.369635 0.140352 
Production times: workers row and ops columns 
1.226104 0.100000 0.113707 0.639295 0.429667 0.100000 0.537258 1.085238 1.554890 0.100000 0.764677 0.066997 0.795352 1.286734 0.100000 0.168088 0.100000 0.100000 0.703063 0.492058 
0.527989 0.100000 0.100000 0.077851 0.723215 0.331753 0.044249 0.671026 0.891581 0.780980 0.343307 0.998345 1.089507 0.603447 1.183625 0.286688 0.774567 0.382843 0.298089 0.124719 
0.100000 0.100000 0.062828 1.147466 1.178602 1.007523 0.142161 0.100000 0.928597 0.896849 0.100000 1.508922 0.532692 0.100000 0.661057 0.344929 0.169686 0.756561 0.100000 0.100000 
0.100000 0.100000 0.369444 0.530926 0.121891 0.100000 0.074151 0.083530 0.668375 0.427680 0.238072 0.389458 0.508320 0.100000 0.720829 0.056449 0.329586 0.253431 0.238247 0.184794 
0.986053 0.194721 0.100000 0.243327 0.444574 0.613002 0.512652 0.449441 0.598181 0.211453 0.580128 0.264465 0.906191 0.849870 1.031542 0.074063 0.410229 0.401837 0.616088 0.077064 
0.649213 0.242436 0.720338 0.575146 0.256677 0.107359 0.035130 0.979698 0.912409 0.420524 0.419568 0.220881 1.043530 0.759040 0.917128 0.967557 0.764835 0.661935 0.380985 0.318413 
0.653474 0.456095 0.064107 0.447812 0.653141 0.010079 0.100000 0.015351 0.631521 0.019051 0.523357 0.100000 0.100000 0.455448 1.126073 1.171797 0.220279 0.244528 0.693446 0.100000 
0.037164 0.100000 0.251799 0.252643 1.086734 0.497153 0.100000 0.447976 1.014747 0.898081 0.591604 0.100000 1.202674 0.497825 0.820736 0.819079 0.221981 0.301040 0.519729 0.100000 
0.100000 0.778836 0.079685 0.100000 0.513785 0.434684 0.100000 0.475841 1.261386 0.648593 0.462778 0.613530 0.757065 0.619863 0.801234 0.748276 0.223171 0.064795 0.292626 0.350118 
0.552402 0.100000 0.076386 0.409908 0.310603 0.796756 0.031420 0.355393 0.705153 0.281695 0.290070 0.393843 0.070390 0.848283 0.909024 1.002794 0.499667 0.676648 0.431091 0.170603 
0.279874 0.100000 0.004016 0.679762 0.983526 0.357425 0.100000 1.011004 0.091411 1.051961 0.100000 1.661481 0.548503 0.336158 0.790033 0.639900 0.461804 0.242077 0.100000 0.288937 
