42 Number of operations 
10 Number of workers 
Standard production times 
0.491117 0.256589 0.486915 0.284390 0.733796 0.549037 0.192833 0.403250 0.329511 0.475119 0.635870 0.202557 0.385884 0.535590 0.426925 0.295107 0.300842 0.551488 0.100000 0.152428 0.617504 0.100000 0.493751 0.158293 0.473626 0.401997 0.290685 0.105575 0.506102 0.532902 0.153847 0.693390 0.193079 0.423630 0.326058 0.433255 0.650981 0.131079 0.399690 0.407920 0.332923 0.100000 
Production times: workers row and ops columns 
0.221182 0.100000 0.554643 0.100000 0.803760 0.202252 0.632793 0.292614 0.163603 0.136519 0.850011 0.374576 0.068092 0.310879 0.360124 0.496505 0.077862 0.701508 0.100000 0.100000 0.535671 0.118640 0.433124 0.100000 0.469238 0.100000 0.503122 0.418640 0.290313 0.100000 0.296858 1.182666 0.100000 0.528581 0.100000 0.778556 0.409931 0.008950 0.872199 0.100000 0.084715 0.070956 
0.941452 0.212532 0.379135 0.159258 0.716958 0.926085 0.722182 0.525019 0.395639 0.389641 0.510952 0.383077 0.701587 0.530722 0.804606 0.137018 0.525717 0.990798 0.157650 0.530955 0.463897 0.188073 0.529721 0.285429 0.484350 0.252364 0.100000 0.358364 0.501941 0.083362 0.100000 0.857109 0.863102 0.796734 0.313736 0.588830 0.846470 0.419770 0.755403 0.100000 0.653214 0.445244 
0.285088 0.100000 0.100000 0.100000 0.625667 0.540336 0.201068 0.098735 0.100000 0.382176 0.085289 0.036776 0.071011 0.458711 0.396256 0.247048 0.616707 0.478333 0.311190 0.087889 0.146684 0.100000 0.479040 0.100000 0.405438 0.609710 0.845893 0.096590 0.100000 0.427162 0.100000 0.095999 0.142662 0.014530 0.601646 0.893828 0.021855 0.103840 0.479728 0.229076 0.272344 0.100000 
0.100000 0.100000 0.361316 0.040320 0.319473 0.800166 1.045531 0.153145 0.322351 0.566115 1.324252 0.100000 0.682045 0.919083 0.684222 0.100000 0.100000 0.429235 0.100000 0.299077 1.434188 0.094221 0.593184 0.100000 0.393368 0.100000 0.291857 0.100000 0.008686 0.351107 0.118424 0.180438 0.091074 0.094192 0.100000 0.245072 0.351685 0.100000 0.100000 0.628135 1.205572 0.542822 
0.705208 0.597870 0.768777 0.100000 0.534602 0.100000 0.115897 0.312511 0.646966 0.374188 0.444885 0.609762 0.258474 0.214341 0.223182 0.377476 0.151789 0.211317 0.182733 0.100000 0.552484 0.023407 0.231499 0.250759 0.100000 0.100000 0.105809 0.041750 0.299503 0.481596 0.100000 0.474011 0.281585 0.100000 0.375174 0.210251 0.337006 0.100000 0.211148 0.826789 0.391649 0.100000 
0.365437 0.100000 0.776519 0.100000 0.678893 0.364395 0.100000 0.154844 0.100000 0.535096 0.824476 0.100000 0.078517 0.188843 0.286657 0.375484 0.728801 0.377723 0.093290 0.100000 0.100000 0.100000 0.253386 0.100000 0.557312 0.242225 0.372212 0.100000 0.539834 0.868867 0.055156 0.100000 0.180856 0.749123 0.544542 0.100000 0.794893 0.088776 0.100000 0.100000 0.283096 0.100000 
0.981659 0.762685 0.409577 0.100000 0.100000 1.632219 0.450526 0.423499 0.284966 0.376219 1.108905 0.100000 0.457164 0.851204 0.380511 0.306630 0.089684 0.100000 0.100000 0.100000 0.653504 0.437702 0.100000 0.603287 0.412244 1.535121 0.314584 0.100000 0.121738 0.307597 0.100000 0.433135 0.740583 0.668314 1.466533 0.100000 0.096049 0.002966 0.520481 0.694414 0.581384 0.110067 
0.077974 0.497264 0.142392 0.706733 0.846229 0.219509 0.059543 1.072550 0.333168 0.100000 0.100000 0.089789 0.157065 0.228799 0.789629 0.473171 0.407970 0.821240 0.391187 0.409178 0.598038 0.100000 0.099953 0.100000 0.528004 0.895228 0.100000 0.100000 1.493909 0.300155 0.100000 0.732760 0.100000 0.514233 0.354225 0.729289 1.044278 0.217706 0.100000 1.179057 0.228176 0.100000 
0.489076 0.354386 0.728469 0.003480 0.678426 0.881991 0.100000 0.439632 0.464325 0.001459 0.143725 0.372466 0.374910 0.100000 0.406909 0.137738 0.343728 0.920736 0.345118 0.422806 0.884872 0.079020 0.320978 0.035281 0.719707 0.374371 0.690459 0.110284 1.114613 1.215460 0.210638 0.630088 0.226743 0.401640 0.138930 0.743494 0.333755 0.100000 0.446605 0.100000 0.113785 0.100000 
1.082585 0.145324 0.709745 0.280681 0.855075 0.100000 0.632406 0.683187 0.666690 1.253229 0.190068 0.100000 0.100000 0.266134 0.405401 0.911805 0.183813 0.186332 0.100000 0.457164 1.359261 0.785810 0.914451 0.100000 0.256760 0.167446 0.065118 0.402232 0.352171 0.178890 0.100000 0.492794 0.100000 0.255254 0.133120 0.240872 0.843685 0.100000 0.472904 0.100000 0.066456 0.100000 
