18 Number of operations 
10 Number of workers 
Standard production times 
0.359040 0.637299 0.332248 0.583190 0.547359 0.349134 0.186688 0.404163 0.613271 0.641001 0.167874 0.352589 0.382399 0.564120 0.185088 0.347516 0.562670 0.401330 
Production times: workers row and ops columns 
0.337508 0.363859 0.100000 0.189983 0.589106 0.100000 0.100000 0.100000 0.100000 0.523179 0.449139 0.100000 0.407592 0.355054 0.100000 0.100000 0.704375 0.260682 
0.374536 0.662446 0.213434 0.342078 0.100000 0.300355 0.100000 0.447952 0.832278 0.867645 0.920411 0.631692 0.673558 0.456704 0.023163 0.358789 0.404349 0.231660 
0.341125 0.561875 0.681945 0.809602 0.803796 0.100000 0.100000 0.100000 0.964579 0.684959 0.100000 0.966161 0.587923 1.063470 0.100000 0.499128 1.087634 0.100000 
0.701508 0.564523 0.100000 0.267158 0.552644 0.343052 0.732379 0.024405 0.770466 0.253041 0.100000 0.151773 0.506749 0.061227 0.406868 0.046111 0.770703 0.638527 
0.431062 0.335754 0.100000 0.639100 0.917024 0.483296 0.100000 0.254315 0.664289 0.509331 0.299065 0.564451 0.428799 0.686505 0.071482 0.100000 0.547169 0.701030 
0.100000 0.570106 0.580890 0.999038 1.376228 1.051498 0.100000 0.100000 0.100000 0.370984 0.864006 0.100000 0.974163 0.889683 1.011262 0.546651 0.918851 0.728492 
0.454714 0.074125 0.296976 0.956519 0.093721 0.399960 0.220129 0.341901 1.094987 0.717082 0.256755 0.218278 0.875343 0.276361 0.597387 0.814609 1.082696 0.086893 
0.435265 0.480191 0.428547 0.619014 0.368845 0.100000 0.751187 0.291917 0.370435 0.567824 0.744043 0.543011 0.136271 0.213903 0.100000 0.320765 0.712589 0.150602 
0.424675 0.848314 0.918414 0.759690 0.950284 0.321087 0.912992 0.102648 0.636399 1.260549 0.100000 0.562596 0.518908 0.809191 0.304129 0.536177 0.490242 0.100000 
0.990525 0.396115 1.019936 0.100000 0.723002 0.622194 0.598472 0.185656 0.817441 0.238486 0.154988 0.184010 0.172488 0.475188 0.100000 0.081699 0.370673 0.656984 
