25 Number of operations 
13 Number of workers 
Standard production times 
0.254949 0.400752 0.594396 0.124691 0.308412 0.100000 0.395461 0.347109 0.766293 0.440121 0.423848 0.100000 0.718021 0.255403 0.354470 0.333133 0.394999 0.557419 0.491886 0.100000 0.200369 0.271916 0.461194 0.158881 0.252698 
Production times: workers row and ops columns 
0.463493 0.256581 0.454940 0.100000 0.243280 1.099724 0.100000 0.780297 1.376401 0.433604 0.100000 0.569913 0.357298 0.419118 1.264282 0.477481 0.920175 0.100000 0.781452 0.100000 0.156295 0.100000 0.378700 0.100000 0.100000 
0.100000 0.660774 0.397741 0.010413 0.100000 0.100000 0.688918 0.145364 0.544028 0.100000 0.235041 0.100000 0.521671 0.247089 0.048686 0.100000 0.100000 0.302527 0.216642 0.429302 0.433243 0.451430 0.577953 0.543654 0.364679 
0.137264 0.785720 0.776051 0.739012 0.071133 0.100000 0.194464 0.947393 0.828615 0.462284 0.743685 0.362272 0.753004 0.418661 0.258460 0.100000 0.101687 0.424668 0.506147 0.367402 0.258931 0.158661 0.714311 0.016988 0.186979 
0.392411 0.722422 0.690419 0.100000 0.502761 0.100000 0.174459 0.811679 0.965407 0.231269 0.195917 0.092274 0.508857 0.342924 0.606391 0.590031 0.921921 1.017862 0.587182 0.100000 0.153931 1.179687 0.509904 0.050349 0.235370 
1.201456 1.400930 0.100000 0.293633 0.460730 0.257278 0.100000 0.396403 0.921334 0.676347 0.848671 0.615769 1.044129 0.109773 0.100000 0.684571 0.100000 1.405098 0.259211 0.100000 0.100000 0.100000 0.879686 0.100000 0.100000 
1.064797 0.100000 1.340970 0.100000 1.130784 0.922372 0.066319 0.512561 0.100000 0.412986 0.344403 0.677507 0.942288 0.665127 0.483801 0.100000 0.740342 0.200675 0.167568 0.792762 0.413472 1.181929 0.111286 0.297412 0.100000 
0.254751 0.656427 0.304635 0.100000 0.135243 0.330895 0.789604 0.854164 1.164225 0.220943 0.959151 0.100000 0.495601 0.152760 0.501456 0.922962 0.151799 0.638110 0.801285 0.002563 0.592250 0.066303 0.629338 0.318382 0.201368 
0.069660 0.055329 0.117762 0.197749 0.143694 0.058053 0.402489 0.175870 0.393008 0.427445 0.145754 0.100000 0.784585 0.193478 0.406248 0.457861 0.220993 0.279955 0.698149 0.462721 0.419836 0.100000 1.065610 0.488403 0.100000 
0.266276 1.214976 0.158410 0.589867 0.154076 0.100000 0.360010 0.100000 0.559838 0.100000 1.062348 0.100000 0.332069 0.038599 0.019958 0.635311 0.648184 1.116267 0.100000 0.436234 0.436140 0.100000 1.265927 0.473717 0.204978 
0.314011 0.761430 0.153176 0.735103 0.100000 0.060969 0.696225 0.283929 1.376024 0.266792 0.693587 0.064258 1.213117 0.252179 0.193423 0.100000 0.776795 0.003157 0.437829 0.089759 0.044502 0.100000 1.751466 0.100000 0.432748 
0.333532 0.610810 0.678422 0.100000 0.097134 0.100000 0.352593 0.178085 0.766404 0.654483 0.511712 0.100000 0.693344 0.092255 0.351494 0.438579 0.116117 0.738055 1.220377 0.100000 0.428112 0.573254 0.511246 0.121405 0.051642 
0.100000 0.962806 0.830214 0.976666 0.131002 0.046745 0.217386 0.453380 0.802545 0.508544 0.062518 0.100000 0.788544 0.100000 0.100000 0.100000 0.100000 0.852033 1.166327 0.100000 0.100000 0.100000 1.325034 0.051829 0.878357 
0.493977 1.298599 0.337956 0.100000 0.100000 0.100000 0.671503 0.758225 0.225816 0.100000 0.100000 0.100000 0.070153 0.100000 0.691109 0.349837 0.100000 1.145228 0.288909 0.100000 0.917641 0.122763 0.581614 0.694879 0.416394 
