30 Number of operations 
13 Number of workers 
Standard production times 
0.800645 0.100000 0.874459 0.463163 0.459386 0.231135 0.533800 0.526354 0.281942 0.458607 0.358120 0.152643 0.658641 0.186850 0.371730 0.661783 0.722777 0.308538 0.100000 0.385908 0.337772 0.369453 0.280935 0.475872 0.578943 0.100000 0.309917 0.444763 0.432075 0.111436 
Production times: workers row and ops columns 
0.877392 0.032235 0.780921 0.455107 1.000947 0.826658 0.284825 0.357369 0.100000 0.677840 0.454321 0.219453 0.871797 0.799514 0.632863 0.915595 0.854030 0.598034 0.385211 0.756966 0.195452 0.318999 0.497545 0.319176 0.499926 0.585837 0.685260 0.447802 0.208131 0.232528 
0.723009 0.100000 1.234380 0.100000 0.792930 0.253652 0.584752 0.825268 0.100000 0.545887 0.735922 0.245176 0.545820 0.100000 0.186869 0.461377 0.773341 0.590203 0.346974 1.369072 0.324457 0.336856 0.452811 0.004751 0.649112 0.100000 0.640567 0.873559 0.216550 0.292311 
0.552794 0.218818 0.677191 0.516259 0.270917 0.256184 0.100000 0.100000 0.557304 0.727833 0.008899 0.741875 0.469415 0.378462 0.619960 1.096690 0.670513 0.253424 1.321654 0.100000 0.626713 0.100000 0.217966 0.903362 0.219039 0.100000 0.100000 0.100000 0.525504 0.365073 
1.035682 0.100000 0.689207 0.323183 0.426312 0.286133 0.752392 0.115387 0.449510 0.756101 0.167478 0.175254 0.897148 0.102511 0.481067 0.484273 0.575149 0.175632 0.100000 0.273720 0.100000 0.752942 0.206808 0.469857 0.292119 0.471489 0.659554 0.384261 0.100000 0.126313 
0.636394 0.277706 1.249767 0.372321 0.320934 0.832741 0.346217 0.343317 0.763752 0.995728 0.474861 0.474809 0.871174 0.598096 0.875157 0.866801 0.766974 0.100000 0.258140 0.100000 0.212257 0.661116 0.743474 0.495897 0.446060 0.467151 0.855863 0.502133 1.223036 0.089433 
0.588288 0.478025 0.956983 0.260634 0.126718 0.616786 0.887038 0.248360 0.439840 0.600155 0.627516 0.220577 0.767244 0.305055 0.372549 0.657533 0.668223 0.314394 0.100000 0.817987 0.610700 0.461315 0.124790 0.843888 0.335272 0.100000 0.704450 0.135882 0.984200 0.180861 
0.302225 0.086448 0.654974 0.288627 0.694459 0.100000 0.100000 0.618007 0.100000 0.475118 0.186925 0.100000 0.604855 0.100000 0.100000 1.446172 0.471921 0.032149 0.100000 0.801232 0.125420 0.262044 0.100000 0.554900 0.800636 0.074181 0.953125 0.004151 0.100000 0.100000 
0.366156 0.100000 0.932857 0.719073 0.565676 0.086753 0.454344 0.236080 0.632649 0.879285 0.235152 0.100000 0.429109 0.209399 0.127927 0.492095 0.689711 0.278687 0.100000 0.168789 0.243531 0.117613 0.454745 0.181178 0.925119 0.295003 0.348631 0.657726 0.374455 0.179549 
0.597134 0.019698 0.463391 0.100000 0.572149 0.336563 0.094740 0.500899 0.612633 0.295109 0.392866 0.215050 1.100209 0.209582 0.228029 0.603283 0.680590 0.683867 0.100000 0.644987 0.651685 0.791795 0.084418 0.508737 0.366276 0.100000 0.147428 0.992291 0.265356 0.100000 
0.248280 0.100000 1.310320 0.091155 0.526988 0.258293 0.486832 0.979220 0.500999 0.268064 0.762547 0.221374 0.914946 0.511715 0.196107 1.042716 0.281792 0.130107 0.000562 0.374992 0.589964 0.325950 0.393195 0.614149 0.387228 0.100000 0.100000 0.225629 0.423296 0.100000 
0.910802 0.205873 0.286212 0.542543 0.248864 0.346256 0.822384 0.673922 0.429215 0.677828 0.525977 0.572388 0.775100 0.536487 0.239265 0.600979 0.497125 0.219761 0.648427 0.753661 0.192701 0.555033 0.100000 0.226247 0.569372 0.100000 0.207823 0.222442 0.850966 0.421007 
0.668452 0.100000 0.701518 0.093613 0.018043 0.379613 0.185805 0.440141 0.355261 0.269428 0.100000 0.013580 0.794621 0.377420 0.201307 1.307501 0.100000 0.100000 0.100000 0.588153 0.069216 0.224791 0.100000 0.476363 0.695261 0.254644 0.224268 0.357462 0.192933 0.100000 
0.728104 0.155571 0.776732 0.388196 0.902247 0.234690 0.584661 0.505533 0.100000 0.497264 1.064200 0.197730 0.982507 0.230834 0.903751 0.551484 0.575153 0.594810 0.176756 0.774199 0.584405 0.509140 0.326667 0.433030 0.992616 0.100000 1.040168 1.063179 0.561127 0.821505 
