29 Number of operations 
14 Number of workers 
Standard production times 
0.690576 0.391771 0.581085 0.608316 0.304704 0.106567 0.329142 0.676543 0.258410 0.214592 0.649389 0.699052 0.581064 0.573229 0.100000 0.388870 0.605875 0.694181 0.533619 0.490721 0.323088 0.499707 0.486787 0.138475 0.542957 0.222159 0.221167 0.252573 0.562871 
Production times: workers row and ops columns 
0.547008 1.392913 0.003890 0.100000 0.100000 1.282249 0.100000 0.413376 0.545978 0.817249 1.475391 0.161372 0.802863 0.958858 0.100000 0.382662 0.235658 0.645857 0.820401 0.816935 1.316988 1.347541 0.693285 0.332706 0.404193 0.014289 0.100000 0.252084 0.491340 
0.688122 0.100000 1.034811 0.379496 1.042418 0.287758 0.073337 0.656358 0.676591 0.295201 1.135091 0.604596 0.598105 0.233253 0.100000 0.014148 0.960209 0.991859 1.078671 0.599743 0.456720 0.543481 0.652525 0.479621 0.990417 0.100000 0.056492 0.183523 0.606795 
1.253588 0.929170 0.557559 0.779146 0.189922 0.100000 0.335458 1.344048 0.894107 0.100000 0.891012 1.130681 0.422090 0.435875 0.100000 0.783211 1.214342 0.745575 0.100000 0.333621 0.480019 0.186858 0.493776 0.064552 0.830769 0.035415 0.117904 0.046667 0.472328 
0.023446 0.007524 0.519286 0.703350 0.120460 0.019383 0.100000 0.542802 0.484425 0.840185 0.538678 0.665517 0.384923 0.512632 0.307122 0.630898 0.808727 0.073916 0.686506 0.100000 0.639836 0.712782 0.911568 0.392294 0.841056 0.100000 0.100000 0.613563 1.143597 
0.867352 0.206145 0.100000 0.100000 0.614927 0.100000 0.299837 0.760011 0.114293 0.100000 1.298217 0.441679 0.852025 1.008017 0.052631 0.284796 1.345301 1.211053 0.100000 0.799195 0.297461 1.062501 0.100000 0.632666 0.760146 0.100000 0.718731 0.281576 1.223910 
0.766291 0.145386 0.670257 0.923293 0.436788 0.100000 0.356562 0.477804 0.100000 0.463445 0.655479 0.920937 0.242009 0.775220 0.085617 0.110169 0.221611 0.782765 0.693826 0.753673 0.100000 0.226391 0.437023 0.129423 0.293918 0.403056 0.399886 0.100000 0.540674 
0.922788 0.725283 0.553336 0.663438 0.249042 0.383163 0.829327 0.578942 0.139769 0.100000 0.464393 1.492272 0.069150 0.926240 0.796889 0.013723 0.567396 0.220120 0.125617 0.538829 0.325848 0.716582 1.196091 0.423282 0.461183 0.100000 0.100000 0.545133 0.645570 
0.535306 0.100000 0.789646 1.060253 0.715516 1.032470 0.715473 0.350741 0.420975 0.676247 0.947104 0.176978 0.955809 0.816955 0.494259 0.100000 0.877635 0.434008 0.100000 0.474412 0.930860 0.609536 0.429058 0.910189 0.050310 0.641210 0.100000 0.382164 0.496659 
0.445771 0.135036 0.625666 0.371942 0.275659 0.100000 0.100000 0.625049 0.090600 0.230679 0.804182 1.045552 0.389157 0.371855 0.100000 0.668993 0.544372 0.981258 0.503287 0.293615 0.096849 0.186395 0.150678 0.100000 0.479624 0.100000 0.029857 0.418875 0.456960 
0.978189 0.338742 0.625812 0.579386 0.760095 0.100000 0.408412 0.777441 0.398934 0.006669 0.872355 0.921521 0.297595 0.100000 0.100000 0.835631 0.619392 0.883043 0.551344 0.498482 0.050357 0.331412 0.152544 0.249535 0.563160 0.429811 0.068236 0.228412 0.100000 
0.100000 0.617678 0.418176 0.531350 0.100000 0.100000 0.100000 0.610486 0.351167 0.125139 0.310483 0.418773 0.326811 0.545273 0.324013 0.431149 0.579141 0.508564 0.289371 0.602440 0.202737 0.175878 0.388475 0.616266 0.686379 0.210089 0.084684 0.493970 1.070116 
0.158437 0.100000 0.415183 0.227481 0.012318 0.320285 0.130452 1.031589 0.100000 0.160111 0.221389 0.100000 0.202913 0.668033 0.348692 0.285036 0.518045 0.524418 0.498270 0.279430 0.100000 0.365931 0.241242 0.058971 0.816482 0.100000 0.399197 0.526688 0.266867 
1.090421 0.100000 0.495186 0.579745 0.212020 0.357519 0.242868 0.719439 0.100000 0.100000 0.194195 0.497208 0.668127 1.182076 0.100000 0.542592 0.659560 0.150892 0.698297 0.671737 0.100000 0.610327 0.165235 0.100000 0.239108 0.100000 0.013499 0.100000 0.314119 
1.136031 0.277290 0.365852 0.658990 0.037869 0.100000 0.123044 0.729554 0.100000 0.167609 0.814264 1.091665 0.351329 0.100000 0.391885 0.726651 1.745659 0.597423 0.941750 0.367987 0.100000 1.297662 0.826114 0.100000 0.100000 0.109393 0.353995 0.007245 0.345051 
