26 Number of operations 
11 Number of workers 
Standard production times 
0.317473 0.407729 0.225690 0.484579 0.287325 0.174684 0.577618 0.100000 0.604440 0.429234 0.471827 0.589014 0.384213 0.248067 0.492697 0.333929 0.294299 0.497358 0.456819 0.649178 0.100000 0.176455 0.360102 0.778906 0.513923 0.553646 
Production times: workers row and ops columns 
0.547508 1.040590 0.185903 0.752488 0.316091 0.547885 0.011561 0.100000 1.266715 0.461680 1.302559 0.767695 0.303764 0.244170 1.568065 1.414045 0.443694 0.203557 0.255395 0.100000 0.100000 0.322099 0.847590 1.270489 0.258328 0.679168 
1.099015 0.795735 0.100000 0.851782 0.100000 0.100000 0.440962 0.100000 0.921140 0.473899 0.100000 1.169750 0.228047 0.100000 0.796443 0.446866 0.100000 0.631370 0.177456 0.013726 0.100000 0.437397 0.100000 0.922437 0.409242 0.320661 
0.100000 0.100000 0.100000 0.100000 0.257024 0.323856 0.651361 0.228192 1.202358 0.110277 0.707138 0.498095 0.182590 0.304923 0.101452 0.100000 0.057807 0.635400 0.441440 1.260420 0.100000 0.425563 0.157219 0.849937 0.491655 1.321396 
0.191823 0.100000 0.305810 0.413066 0.100000 0.100000 0.890821 0.182882 0.318982 0.379803 0.101851 0.920790 0.100000 0.288694 0.569197 0.055586 0.299020 0.402766 0.960394 0.820913 0.100000 0.081090 0.262393 0.659047 0.583094 0.488240 
0.929593 0.280633 0.130166 1.068916 0.100000 0.001379 0.734605 0.488614 0.887541 0.291524 0.399405 0.625537 0.815016 0.429265 0.649022 0.435208 0.378675 0.154328 0.874734 0.743974 0.323591 0.268705 0.648323 1.035638 0.658993 0.618376 
0.046678 0.135329 0.100000 0.628317 0.156426 0.285907 0.559489 0.034096 0.695358 0.100000 0.661481 0.684426 0.476621 0.117783 0.277129 0.100000 0.314694 0.268502 0.853516 0.771390 0.100000 0.100000 0.337820 0.237563 0.100000 0.584471 
0.303121 0.687554 0.100000 0.335052 0.819379 0.582596 1.156777 0.100000 0.446085 0.252542 0.549991 0.490705 0.105491 0.114785 0.378871 0.120858 0.193355 0.257889 0.555585 1.162019 0.038863 0.222251 0.637983 1.026629 0.835348 0.454435 
0.100000 0.059407 0.100000 0.171607 0.100000 0.077269 0.638886 0.100000 0.685521 0.100000 1.305418 0.100000 0.115928 0.100000 0.100000 0.874331 1.235115 0.399541 1.042836 1.059212 0.409798 0.664604 0.475606 0.602961 0.710223 0.091258 
0.404257 0.399741 0.195364 0.658653 0.529211 0.029868 0.809051 0.100000 0.714185 0.569328 0.818198 0.997562 0.063347 0.100000 0.214277 0.311437 0.258368 0.601775 0.157561 0.435832 0.100000 0.625174 0.070042 0.729970 0.181002 0.100000 
0.523391 0.150858 0.383841 0.143733 0.427350 0.073799 0.398500 0.186107 0.187639 0.748333 0.232302 0.216049 0.142638 0.053494 0.100000 0.351570 0.046528 0.375170 0.321473 0.746573 0.100000 0.100000 0.137931 0.154260 0.470840 0.895242 
0.180038 0.267812 0.482035 0.138782 0.100000 0.296207 0.889906 0.100000 0.107867 0.579733 0.214846 0.363306 0.100000 0.100000 0.827756 0.456482 0.022733 0.417909 0.364194 0.546938 0.100000 0.100000 0.247353 0.423054 0.395153 0.484518 
