22 Number of operations 
9 Number of workers 
Standard production times 
0.242204 0.336182 0.394717 0.466793 0.445890 0.128142 0.324074 0.100000 0.476797 0.100000 0.353623 0.458873 0.820086 0.271320 0.443940 0.298857 0.376692 0.825388 0.456158 0.450066 0.303174 0.737663 
Production times: workers row and ops columns 
0.100000 0.946883 0.381315 0.257290 0.308239 0.052297 0.100000 0.149835 0.072437 0.531262 0.565219 0.274511 0.153844 0.272190 0.100000 0.055416 0.868761 0.565518 0.100000 0.609977 1.176511 0.953296 
0.100000 0.757507 0.202180 0.100000 0.851538 0.368728 0.291545 0.100000 0.956542 0.100000 0.279396 0.046912 0.721708 0.100000 0.603512 0.446097 1.024654 0.921622 1.014877 0.668203 0.242602 0.039558 
0.100000 0.407601 0.873790 0.627129 1.063189 0.215440 0.381203 0.383395 0.296889 0.100000 0.717807 0.403848 1.274883 0.100000 0.707210 0.331306 0.216162 1.246384 0.410687 0.670471 0.014190 0.814886 
0.531894 0.606940 0.016143 0.603915 1.144185 0.560241 0.354005 0.407237 0.320971 0.473828 0.100000 1.087623 1.023262 0.100000 0.571905 0.207105 0.149822 0.718963 1.112883 1.584184 0.607512 0.265665 
0.481033 0.177145 0.100000 0.380606 0.667725 0.100000 0.372405 0.584262 0.431115 0.092221 0.359425 0.322809 0.190644 0.541212 0.531220 0.471158 0.100000 0.870518 1.175908 0.408067 0.238227 0.100000 
0.774210 1.015270 0.488929 0.499113 0.571820 0.100000 0.243726 0.070447 0.487897 0.342230 0.742687 0.671812 0.870302 0.084983 0.617517 0.639743 0.619633 1.232867 0.621537 0.690414 0.194505 0.656179 
0.100000 0.277057 0.023931 0.580438 0.588941 0.225435 0.235508 0.100000 0.531452 0.100000 0.644319 0.731182 0.742990 0.336843 0.691340 0.100000 0.414505 0.503502 0.871483 0.620165 0.473623 0.880145 
0.729007 0.545175 0.636663 0.323112 0.388091 0.421771 0.434657 0.378386 0.806571 0.100000 0.727283 0.798155 1.038778 0.025967 0.192507 0.825772 0.741786 1.015553 0.100000 0.171397 0.405257 0.609770 
0.100000 0.452135 0.391855 0.088803 0.018759 0.100000 0.100000 0.031880 0.298262 0.100000 0.114745 0.402815 0.954565 0.100478 1.106298 0.125911 0.758599 0.591591 0.764424 0.280820 0.405879 1.194374 
