23 Number of operations 
12 Number of workers 
Standard production times 
0.391394 0.100000 0.100000 0.135595 0.100000 0.100000 0.430678 0.217976 0.662338 0.643133 0.741739 0.210980 0.430363 0.321574 0.323000 0.648323 0.100000 0.331201 0.297265 0.731945 0.488816 0.525612 0.449739 
Production times: workers row and ops columns 
0.267294 0.100000 0.100000 0.596801 0.529249 0.463805 0.542270 0.100000 0.100000 0.592775 0.538431 0.100000 0.417365 0.100000 0.284479 0.969522 0.100000 0.100000 0.100000 0.658971 0.474929 0.100000 0.570067 
0.325749 0.100000 0.100000 0.171087 0.100000 0.152854 0.241831 0.449915 0.191255 0.245006 0.808153 0.512562 0.212542 0.566373 0.189041 0.831366 0.157044 0.100000 0.060166 0.677447 0.260036 0.997903 0.207340 
0.035217 0.100000 1.636592 0.100000 0.438671 0.100000 0.039370 0.357087 0.548090 1.199994 1.207210 0.100000 1.097215 0.100000 0.835576 1.443207 0.122673 0.100000 0.430340 0.664996 0.673753 1.237915 0.166416 
0.297257 0.197201 0.185930 0.140427 0.026589 0.100000 1.024962 0.430895 0.987744 0.210055 1.030993 0.709947 0.134694 0.483369 0.600693 0.922281 0.096610 0.310081 0.225307 0.364498 0.872222 1.069041 1.106623 
0.833350 0.364739 1.139156 1.007423 0.100000 0.100000 0.078631 1.127657 1.006373 0.981590 1.286575 0.100000 0.303006 0.455335 0.820489 0.046255 0.366361 1.202469 0.633561 0.949243 0.471213 0.399671 0.848775 
0.742965 0.100000 0.201690 0.100000 0.100000 0.598175 0.100000 0.174422 0.590032 1.229608 0.757173 0.645405 0.100000 0.286362 0.100000 0.327547 0.058696 1.037387 0.082508 0.555777 1.024462 0.917107 0.100000 
0.486651 0.631626 0.296090 0.795721 0.351428 0.100000 0.100000 0.248679 0.048231 0.861751 1.027859 0.030328 0.675113 0.579678 0.100000 0.635912 0.100000 0.761587 0.345470 0.658555 0.665007 1.271115 0.974761 
0.652486 0.242379 0.312796 0.574515 0.133696 0.400455 0.318177 0.360917 0.732899 1.248089 1.210630 0.499502 0.352811 0.481803 1.037046 0.244800 0.100000 0.100000 0.152332 0.949393 0.790894 0.725928 0.463723 
0.475383 0.100000 0.442054 0.100000 0.100000 0.155459 0.741253 0.100000 0.387028 0.361213 0.787072 0.216433 0.134551 0.402010 0.100000 0.711139 0.235198 0.268033 0.381669 0.985836 0.346827 0.136260 0.100000 
0.312986 0.122134 0.100000 0.100000 0.045398 0.133376 0.680320 0.329673 0.574812 0.704171 0.623052 0.408143 0.277187 0.223053 0.624847 1.056343 0.100000 0.219686 0.055248 0.678113 0.204253 0.428927 0.100000 
0.512453 0.370157 0.100000 0.100000 0.100000 0.517230 0.100000 0.595133 0.100000 1.139700 1.033546 0.100000 0.725763 0.100000 0.622828 0.412577 0.037380 0.100000 0.100000 0.724920 0.371553 1.372933 0.100000 
0.518774 0.100000 0.100000 0.100000 0.100000 0.100000 0.639921 0.100000 0.417034 0.435559 0.997726 0.100000 0.381495 0.875340 0.364907 0.930818 0.100000 0.306759 0.181033 0.518369 0.061015 0.228855 0.396310 
