24 Number of operations 
14 Number of workers 
Standard production times 
0.496541 0.496289 0.190874 0.743354 0.411396 0.308432 0.312546 0.664405 0.152849 0.191860 0.501283 0.423071 0.445539 0.592311 0.451617 0.558345 0.100000 0.509738 0.706683 0.532888 0.394097 0.221752 0.754475 0.548359 
Production times: workers row and ops columns 
0.602894 0.664956 0.527871 1.007369 0.100000 0.191719 0.154958 0.787652 0.100000 0.043027 1.049347 0.099172 0.384305 0.175230 1.013782 0.670612 0.227866 0.744340 0.560409 0.700316 0.121082 0.553088 1.121204 0.347646 
0.100000 0.261534 0.490431 0.496221 0.100000 0.100000 0.740631 0.793044 0.100000 0.097106 0.243303 0.102493 0.100000 0.400424 0.536158 0.100000 0.100000 0.833385 0.908888 1.124719 0.100000 0.406461 0.360956 0.704800 
0.100000 0.729117 0.100000 0.852232 0.541192 0.100000 0.572924 2.119555 0.100000 0.333386 0.072685 0.296186 0.093044 0.520342 0.940604 0.758387 0.445372 0.580074 0.936153 0.591814 0.398205 0.100000 0.585758 0.199448 
0.604191 0.038162 0.444820 1.326009 0.517936 0.402458 0.064310 0.941630 0.763719 0.272674 0.915772 0.416351 0.277491 0.499843 0.798133 0.100000 0.100000 0.603720 1.140565 0.655119 0.505970 0.099702 0.861767 0.691787 
0.084616 0.536989 0.792704 0.823620 0.538209 0.100000 0.590368 0.528523 0.675058 0.480067 1.039847 0.423594 0.361378 0.972333 0.956065 0.325603 0.215517 1.005324 0.309120 0.850480 0.278761 0.202790 0.757799 0.606282 
1.208891 0.115570 0.100000 0.678233 0.620084 0.100000 0.100000 0.628015 0.312559 0.426703 0.450712 0.671866 0.100000 0.707399 0.498133 0.498779 0.100000 0.447138 0.582285 1.083115 0.421057 0.100000 1.226331 0.640902 
0.312230 0.100000 0.100000 0.486844 0.067080 0.275584 0.112071 0.995338 0.565877 0.100000 0.729340 0.161204 1.279392 0.120270 0.699030 1.812613 0.162255 0.831966 0.672341 0.223015 1.062924 0.362921 1.078632 1.254479 
0.100000 0.177947 0.878028 0.714149 0.100000 0.221366 0.524835 0.566330 0.960823 0.100000 0.100000 0.510675 0.819586 0.980981 0.534100 1.270477 0.100000 1.225087 0.788904 0.735776 0.429642 0.812875 1.860308 0.364034 
0.361025 0.100000 0.100000 0.963271 0.416341 0.679115 0.100000 0.772747 0.100000 0.100000 1.043915 0.833816 1.244704 0.421780 0.893259 0.636597 0.542398 1.184793 1.566175 1.550614 0.237516 0.635477 0.181332 0.100000 
0.439193 0.820395 0.244315 0.632630 0.648332 0.100000 0.137183 1.118840 0.414704 0.024638 0.100000 0.298172 0.100000 1.585769 0.100000 0.863422 0.604089 1.123508 0.100000 0.752559 0.167167 0.100000 0.052655 0.659336 
0.457363 0.522013 0.106264 0.736702 0.524049 0.695524 0.177483 0.566302 0.446992 0.058490 1.156309 0.315853 0.405429 0.155482 0.454309 0.957681 0.443697 0.830280 1.431355 1.027456 0.840852 0.100000 0.643489 0.765189 
0.291946 0.528656 0.100000 0.486601 0.315080 0.430849 0.208389 0.863564 0.100000 0.100000 0.504074 0.234448 0.125677 0.312721 0.039217 0.792462 0.100000 0.629071 0.470066 0.755672 0.100000 0.592268 0.487336 0.706104 
0.668050 1.300518 0.100000 0.777751 0.639908 0.100000 0.448424 1.430136 0.287779 0.374322 0.240597 0.415565 0.159085 0.713171 0.133728 0.442838 0.034591 0.105581 0.909916 0.028433 0.721143 0.100000 1.350564 0.722476 
0.531405 0.019755 0.100000 0.693591 0.255216 0.100000 0.377996 0.971640 0.100000 0.100000 0.100000 0.500096 0.304823 0.777102 0.336587 0.720453 0.293325 0.100000 0.723251 0.558990 0.341944 0.100000 0.749471 0.689514 
