31 Number of operations 
10 Number of workers 
Standard production times 
0.628703 0.278568 0.729430 0.364234 0.562911 0.528005 0.425555 0.465814 0.238633 0.251165 0.582499 0.319501 0.190746 0.171960 0.700003 0.252857 0.700174 0.473854 0.477497 0.681082 0.100000 0.166578 0.313540 0.403696 0.371297 0.603672 0.217964 0.581196 0.100000 0.672128 0.924578 
Production times: workers row and ops columns 
0.900211 0.100000 0.310061 1.019675 0.397129 0.100000 0.670889 0.100000 0.943308 0.100000 0.666693 0.260269 0.251097 0.540815 0.327855 0.617866 1.761877 0.605426 1.277707 1.251108 0.269387 0.776400 0.468667 0.041723 0.105163 1.312340 0.100000 0.905266 0.934367 0.730445 0.538942 
0.067883 0.206918 0.842422 0.365074 0.869750 0.762812 0.392125 0.199902 0.113406 0.100000 0.086959 0.031684 0.190801 0.543995 0.234921 0.591745 0.759667 0.787318 0.100000 1.081046 0.196165 0.358451 0.172962 0.121791 0.328499 0.184634 0.269894 0.755634 0.156900 0.639068 0.841083 
0.492823 0.675964 0.049947 0.194005 0.271688 0.944660 0.302251 1.076172 0.288177 0.545315 0.333314 0.040339 0.325849 0.047403 0.576069 0.757419 0.106710 0.028825 0.064368 0.676102 0.100000 0.100000 0.341607 0.231558 0.409833 0.502220 0.555071 0.100000 0.100000 0.266149 1.019969 
1.070469 0.454531 0.919183 0.261979 0.622928 0.250316 0.411946 0.805375 0.736424 0.310119 0.390080 0.710070 0.494220 0.202341 0.754081 0.065739 1.157509 0.323772 0.500269 0.525545 0.205415 0.668549 0.241759 0.646089 0.907996 0.613919 0.799788 0.386495 0.070714 0.481787 1.087126 
0.581126 0.376199 1.033149 0.622409 0.076398 0.395459 0.741148 1.169880 1.116652 0.252178 0.950884 0.663983 0.480936 0.407145 0.881479 0.330169 0.832615 0.178272 0.695947 0.701933 0.302434 0.103791 0.347271 0.329529 0.131105 0.683323 0.100000 1.256840 0.249237 0.865585 0.766412 
1.072261 0.322099 1.113964 0.427538 0.449224 1.165718 0.614168 0.646720 0.247111 0.412829 0.679713 0.517750 0.375749 0.234978 0.914709 0.674410 0.533802 0.273843 0.221698 0.343602 0.004041 0.185555 0.801652 0.389389 0.369240 0.100000 0.851349 0.193475 0.258339 0.467380 0.810089 
0.924202 0.261579 0.358218 0.100000 1.163482 0.100000 0.615962 0.046827 0.901364 0.115121 0.035183 1.414970 0.084453 0.975922 0.050196 0.011373 0.107888 0.605238 1.559201 0.692679 0.100000 0.088886 0.506022 0.979537 0.867925 0.707187 0.298660 0.100000 1.391962 1.564050 1.120633 
1.008966 0.334642 0.643060 0.386643 0.316007 0.225870 0.884027 0.705424 0.133833 0.855471 0.580524 0.632604 0.387124 0.609061 0.893863 0.404309 1.303952 0.854030 0.456953 0.801207 0.100000 0.100000 0.461887 0.170828 0.098360 0.451564 0.666526 0.575971 0.565950 0.671847 1.293320 
0.805156 0.093808 0.182170 0.243487 0.358907 0.817477 0.100000 0.100000 0.100000 0.100000 1.112468 0.351959 0.100000 0.399423 1.770371 0.100000 0.411528 0.894335 0.639259 0.865418 0.638441 0.249834 0.244161 0.692076 2.061677 1.222309 0.376154 0.303979 0.887868 0.100000 1.173359 
0.734655 0.257156 1.005814 0.293487 0.900381 0.859311 0.379326 0.391149 0.672363 0.572622 0.369509 0.419003 0.331046 0.065481 0.488765 0.297122 1.303485 0.529925 0.139286 0.485874 0.105828 0.724567 0.091236 0.545857 0.751388 0.120717 0.670180 0.597168 0.228382 1.019822 0.530176 
