27 Number of operations 
11 Number of workers 
Standard production times 
0.159596 0.291636 0.352541 0.311342 0.565158 0.480437 0.484172 0.403071 0.322423 0.362510 0.264849 0.597498 0.438658 0.282058 0.423100 0.532215 0.664037 0.165271 0.347587 0.292423 0.411605 0.162233 0.222601 0.398530 0.603611 0.424744 0.614766 
Production times: workers row and ops columns 
0.422809 0.706395 0.593090 0.100000 0.171560 0.836265 0.718654 0.202235 0.100000 0.357658 0.100000 0.684248 0.174472 0.176125 0.741967 0.160841 0.708700 0.187825 0.809571 0.223648 0.100000 0.100000 0.088588 0.306675 0.323555 0.100000 0.549639 
0.100000 0.003040 0.062667 0.722085 0.591468 0.331492 0.335123 0.436289 0.100000 0.486399 0.551281 0.623248 0.029469 0.340919 0.505078 0.810220 0.534014 0.341922 0.121698 0.100000 0.595347 0.002848 0.167735 0.100000 0.100000 0.618165 0.442182 
0.100000 0.002671 0.100000 0.319876 0.820165 0.036454 0.310811 0.317233 0.457077 0.605009 0.100000 0.915828 0.003769 0.534629 0.757093 0.330470 0.354353 0.291878 0.590454 0.226177 0.371882 0.295291 0.008255 0.046801 0.777953 0.643090 0.621255 
0.100000 0.731487 0.634577 0.955991 1.058499 0.100000 0.827723 0.701332 0.411332 0.083558 0.024707 0.970340 0.100000 0.816070 0.136993 0.100000 0.100000 0.388422 0.100000 0.220876 0.100000 0.786108 0.100000 0.748943 0.100000 0.452933 0.772818 
0.047000 0.100000 0.922386 0.838613 0.518686 0.276206 0.527604 0.549392 0.198268 0.931470 0.749066 0.155486 0.691486 0.100000 0.446419 0.256726 0.145168 0.100000 0.231396 0.407936 0.691649 0.651338 0.365108 0.100000 0.510256 0.362169 0.786063 
0.166058 0.100000 1.038036 0.946561 0.268467 0.130324 0.233515 0.866927 0.373953 1.556219 0.252588 0.960017 0.656491 0.100000 0.159352 0.625833 1.310066 0.321266 0.100000 0.100000 0.269640 0.100000 0.100000 1.487801 0.033487 0.566788 0.041224 
0.100000 0.907045 0.465019 0.457823 0.742063 0.660927 0.139196 0.920433 0.242393 0.561025 0.246158 0.577742 1.279658 0.404113 0.306448 0.353144 1.002921 0.050765 0.349545 0.304437 0.219368 0.068270 0.100000 0.390543 0.042533 0.715961 0.660567 
0.648144 0.911295 0.271780 0.100000 0.798950 0.852669 0.431095 0.639389 0.169517 0.241517 0.678787 0.473022 0.589041 0.492325 0.130622 0.672117 0.846402 0.307645 0.952581 0.134707 0.309932 0.093207 0.756522 0.284498 0.310904 0.549204 0.726435 
0.160600 0.729451 0.323793 0.352525 0.099361 0.569976 0.261993 0.116047 0.742295 0.100000 0.078499 1.126200 0.307472 0.100000 0.100000 1.350434 0.888174 0.442793 0.100000 0.604756 0.070160 0.100000 0.100000 0.586286 0.078484 0.409500 1.084180 
0.100000 0.762673 0.266439 0.089023 0.997794 1.137250 0.838815 0.446391 0.971965 0.026887 0.384228 0.662616 0.350906 0.295824 0.869580 1.100376 0.686984 0.147354 0.541984 0.073549 0.129094 0.215785 0.396022 0.465216 0.580866 0.100000 0.498626 
0.796363 1.050189 0.100000 0.100000 1.049344 0.969689 0.864289 0.380947 0.287947 0.485716 0.434183 0.754710 0.100000 0.972775 0.102094 0.411908 1.384770 0.041606 0.331015 1.138150 0.100000 0.514462 0.208043 0.539024 0.000134 1.179117 1.352853 
