40 Number of operations 
14 Number of workers 
Standard production times 
0.339712 0.755307 0.554042 0.548150 0.442816 0.134995 0.100000 0.516929 0.365289 0.461185 0.582797 0.579280 0.937582 0.400762 0.496936 0.653674 0.234594 0.224538 0.458175 0.930340 0.314050 0.165059 0.196498 0.340412 0.248374 0.137163 0.120407 0.100000 0.360175 0.426273 0.634558 0.456742 0.510663 0.232515 0.353018 0.665217 0.650104 0.252550 0.521114 0.430473 
Production times: workers row and ops columns 
0.379437 0.841246 0.409821 0.820595 0.411046 0.042425 0.380920 0.743832 0.100000 0.771278 0.372943 0.540623 1.397302 0.902047 0.507326 0.835464 0.416626 0.268458 0.768642 0.910132 0.579268 0.963741 0.271033 0.953591 0.674349 0.514511 0.287977 0.248487 0.303752 0.599297 0.212825 0.704143 0.589201 0.514964 0.607225 0.126123 0.778399 0.621294 0.185477 0.407758 
0.469202 0.957239 0.586824 0.715036 0.295237 0.100000 0.234480 0.151569 0.322280 0.253180 0.673554 0.153667 1.281448 0.245402 0.773227 0.464555 0.290647 0.108261 0.100000 1.164297 0.112459 0.024745 0.100000 0.741463 0.430851 0.410735 0.250378 0.997029 0.428100 0.624285 1.005355 0.970925 0.614062 0.785359 0.604552 0.722746 0.700519 0.698117 0.071340 0.283878 
0.581869 1.431677 0.827179 0.196815 1.210195 0.303872 0.295181 0.233786 0.967635 0.047503 0.545110 0.946331 1.310575 0.690873 0.596442 0.712128 0.289386 0.062717 0.423394 1.120565 0.605979 0.144287 0.424663 0.525669 0.335113 0.114856 0.100000 0.100000 0.100000 0.363856 0.676088 0.534045 0.663749 0.135706 0.299089 0.985183 0.966294 0.084484 0.615309 0.419327 
0.523754 1.367893 0.236835 0.955668 0.100000 0.198934 0.100000 0.209526 0.100000 0.749125 0.309664 0.409643 1.162330 0.365850 0.379619 0.322803 0.100000 0.698876 0.449984 0.932099 0.042945 0.100000 0.355142 0.319131 0.540218 0.100000 0.274154 0.100000 0.652143 0.265824 0.190658 0.100000 0.445131 0.049796 0.387213 1.049268 0.213560 0.100000 1.012078 0.210491 
0.100000 0.281807 1.046909 0.171315 0.582858 0.100000 0.100000 0.721282 0.008721 0.066805 0.808125 0.418687 0.334593 0.580404 0.057851 0.880859 0.391393 0.100000 0.326833 0.433229 0.597944 0.634654 0.629945 0.254866 0.505260 1.057149 0.002021 0.100000 1.659367 0.412281 0.279455 0.100000 0.184635 0.100000 0.680930 1.134140 0.441914 0.100000 0.100000 0.136309 
0.525273 0.911429 0.407482 0.100000 0.306666 0.448845 0.051904 0.944476 0.562946 0.743513 0.751775 0.216026 0.273037 0.286110 0.507135 0.367177 0.100000 0.196900 0.212999 0.761168 0.218464 0.236621 0.100000 0.100000 0.009182 0.100000 0.359558 0.100000 0.203134 0.707483 0.154596 0.517447 0.932907 0.100000 0.100000 1.103190 0.707960 0.259775 0.673304 0.588535 
0.100000 0.274820 0.013871 0.423439 0.100000 0.100000 0.320998 0.100000 0.700155 0.456564 0.317143 1.362372 0.480175 0.100000 0.186202 0.100000 1.032153 0.630140 0.182450 1.083947 0.994529 0.574238 0.100000 0.479210 0.747258 0.869327 0.904994 0.466815 0.496251 0.194492 1.813331 0.172909 0.100000 1.285908 0.767976 0.405467 0.694722 0.551436 0.384021 0.100000 
0.481964 1.227143 0.098456 0.950518 0.144659 0.292911 0.955440 0.708914 1.403380 0.100000 0.772611 0.526798 1.077209 0.100000 0.198774 0.354162 0.100000 0.600325 0.383949 0.900553 0.114924 1.275266 0.100000 0.100000 0.712441 0.481436 0.100000 0.016356 0.249320 0.419386 1.113081 0.590770 0.570686 0.100000 0.301825 0.656417 1.363408 0.452786 0.172816 0.497179 
0.066729 0.105227 0.400897 0.234856 0.560541 0.080490 0.100000 0.617289 0.324507 0.888702 0.382681 0.859333 0.810976 0.275600 0.372561 0.508647 0.197513 0.007044 0.151228 0.295608 0.100000 0.112051 0.054123 0.100000 0.381277 0.060201 0.004682 0.216427 0.412215 0.172381 0.672072 0.925790 0.536757 0.100000 0.517771 0.288075 0.522619 0.100000 0.272497 0.100000 
0.561867 0.288408 0.007567 0.100000 0.273625 0.216454 0.788456 0.443801 0.080513 1.323888 1.403498 0.757790 0.547011 0.070717 0.946338 0.383709 0.523170 0.015988 0.669316 0.617851 0.086705 0.100000 0.100000 0.691300 0.371391 0.100000 0.288815 0.423632 0.100000 0.397835 1.028424 0.009932 1.255197 0.100000 0.100000 0.590852 0.639511 0.100000 0.816784 0.158548 
0.416599 0.498076 0.818228 0.283911 0.385431 0.100000 0.100000 0.238225 0.100000 0.377092 0.406370 0.209393 1.217137 0.641099 0.151727 0.669324 0.381251 0.331410 0.011126 1.083769 0.223146 0.461613 0.100000 0.182779 0.040542 0.101377 0.271661 0.269993 0.414367 0.154289 0.282803 0.007325 0.100000 0.100000 0.462242 0.672141 0.802033 0.041305 0.100000 0.960991 
0.357818 0.586028 0.784274 0.512640 0.800512 0.150110 0.351412 0.390884 0.711898 0.407396 0.500928 0.522384 0.937218 0.269024 0.947147 1.292467 0.088687 0.464714 0.566700 0.758087 0.700249 0.638181 0.532294 0.150820 0.181228 0.100000 0.100000 0.100000 0.549577 0.778993 0.730293 0.827176 0.627179 0.440608 0.311714 1.226692 0.913917 0.389908 0.100000 0.314605 
0.018857 0.156290 0.185788 0.501220 0.570484 0.475040 0.100000 0.805787 0.640987 0.304873 0.305920 0.427548 0.925965 0.271360 0.311405 0.650038 0.480547 0.007862 0.096091 0.682618 0.533172 0.580417 0.070399 0.612073 0.321170 0.100000 0.100000 0.100000 0.306305 0.329944 0.776298 0.249671 0.573487 0.296935 0.646562 0.063686 0.712615 0.100000 0.402358 0.503014 
0.653140 0.836436 0.350052 0.474153 0.103274 0.555808 0.410311 0.994968 0.887976 0.937943 0.755434 0.089800 1.059685 0.341303 0.455567 0.513995 0.203117 0.665582 1.028942 1.382807 0.100000 0.714458 0.398278 0.355601 0.825765 0.004941 0.209616 0.254956 0.603620 0.833624 0.769594 0.100000 0.455365 0.100000 0.614224 0.732372 1.278552 0.142278 0.751890 0.497660 
