39 Number of operations 
9 Number of workers 
Standard production times 
0.411657 0.447080 0.530506 0.416694 0.526533 0.352370 0.609313 0.329316 0.329420 0.228671 0.715679 0.100000 0.505168 0.255510 0.281426 0.424926 0.568716 0.546328 0.480004 0.187673 0.100000 0.210781 0.352980 0.598613 0.489969 0.320384 0.590787 0.226545 0.402856 0.344013 0.529983 0.614319 0.338955 0.536075 0.560814 0.604267 0.522984 0.726218 0.398742 
Production times: workers row and ops columns 
0.310637 0.307987 0.160251 0.456668 0.355217 0.100000 0.482825 0.636566 0.100000 0.437595 0.994454 0.241013 0.282757 0.100000 0.100000 0.665804 0.765519 0.096145 0.318236 0.100000 0.003907 0.100000 0.354657 0.350157 0.100000 0.818757 0.432236 0.388103 0.347310 0.365399 0.298758 0.475746 0.315323 0.594091 0.883067 0.536231 0.734878 0.868852 0.389792 
0.454838 0.927861 0.410327 0.609203 0.509656 0.348008 0.434559 0.029325 0.390249 0.217982 1.287420 0.171255 0.912576 0.348174 0.412476 0.485845 0.710006 0.338129 0.458094 0.225069 0.230072 0.100000 0.144398 0.705271 0.264381 0.397712 1.041347 0.618986 0.294230 0.825740 0.965108 0.956105 0.624043 0.767353 1.195074 0.798097 0.420824 0.602617 0.741129 
0.387873 0.333331 0.449775 0.281057 0.621501 0.460761 0.950152 0.656326 0.046229 0.190427 0.721522 0.100000 0.550972 0.266071 0.291928 0.675808 0.148301 0.719814 0.820052 0.901471 0.417564 0.612661 0.855091 0.364820 0.100000 0.537937 1.089037 0.604654 0.355388 0.695118 0.704872 0.957731 0.028014 0.566915 0.792451 1.138776 0.017109 0.526109 0.575012 
0.334085 0.571201 0.968404 0.782229 0.535421 0.060550 1.110505 0.293554 0.466556 0.100000 0.979501 0.039902 0.013875 0.331588 0.203997 0.090184 0.225879 0.539411 0.345072 0.100000 0.339855 0.291918 0.100000 0.233585 0.833915 0.047708 0.387624 0.217901 0.159647 0.100000 0.456022 0.449021 0.581983 1.036182 0.521133 0.720381 0.616338 0.621853 0.367098 
1.604175 0.910246 0.173581 0.790898 0.973732 1.228217 1.071089 0.100000 0.100000 0.001991 1.091781 0.100000 0.553962 0.100000 0.215434 0.831188 0.100000 0.605587 0.545534 0.520644 0.100000 0.100000 0.445793 0.543049 0.776483 0.487891 1.318240 0.752851 0.100000 0.537449 0.100000 0.552323 0.437012 0.680568 0.883499 0.100000 0.804251 0.164736 0.100000 
0.821900 0.679079 1.534149 1.221685 0.960259 0.100000 1.111825 0.640624 0.745817 0.081727 0.887648 0.229361 1.321995 0.114760 0.756221 1.034162 0.535834 0.421394 0.800631 0.473932 0.024135 0.333179 0.075234 0.709703 0.055272 0.609362 0.658014 0.046954 0.463025 0.527220 0.325745 0.538889 0.917493 0.603745 0.787208 0.320286 0.571405 0.707211 0.713756 
1.413634 0.100000 0.100000 0.435886 0.100000 0.100000 1.179297 0.457459 0.641586 0.368989 0.501302 0.016191 1.011361 0.100000 0.100000 0.729903 0.620080 0.177993 0.597951 0.315306 0.236060 0.079599 0.185899 0.244726 0.950121 0.684728 0.272170 0.100000 0.632242 1.120383 1.601156 1.511318 0.838451 0.244301 0.100000 1.274811 1.395375 1.009140 0.100000 
0.380109 0.181662 0.507066 0.655573 0.650062 0.100000 0.177900 0.592323 0.100000 0.100000 0.846321 0.118274 0.672543 0.622899 0.232782 0.243461 0.446133 0.458614 0.506818 0.100000 0.748013 0.100000 0.581299 0.620456 0.727471 0.100000 0.532183 0.349463 0.925748 0.238648 0.452244 0.310706 0.100000 0.408816 1.163430 0.829520 0.492456 0.100000 0.530991 
0.085647 0.073164 0.308965 0.395093 0.430361 0.329346 0.138385 0.689725 0.100000 0.243455 1.032549 0.100000 0.232010 0.194526 0.445064 0.240309 0.035846 0.120602 0.265287 0.221795 0.275465 0.298305 0.100000 0.560031 1.042073 0.254191 0.430884 0.598236 0.937472 0.556340 0.455889 0.428058 0.380984 0.592062 0.166495 0.481626 0.264339 0.908781 0.033923 
