34 Number of operations 
15 Number of workers 
Standard production times 
0.390157 0.505001 0.613023 0.589198 0.398375 0.361646 0.388004 0.369370 0.737866 0.398183 0.452717 0.598530 0.273904 0.522493 0.199351 0.574461 0.338128 0.541971 0.313721 0.303749 0.262575 0.100000 0.614772 0.481331 0.355813 0.278766 0.343372 0.446231 0.369310 0.417729 0.329384 0.522903 0.618217 0.569347 
Production times: workers row and ops columns 
0.146679 0.752991 0.472638 0.992374 0.103471 0.566744 0.426679 1.265976 0.198911 1.090043 0.406685 0.570005 0.100000 0.299165 0.100000 0.230306 0.145324 1.146505 0.231958 0.100000 0.717875 0.100000 0.655586 1.383014 0.156461 0.100000 0.407421 0.596786 0.014402 0.816396 0.532563 0.521392 0.739879 0.100000 
0.185326 0.493500 0.245476 0.450561 0.331328 0.224805 0.444933 0.622175 1.161514 0.100000 0.676714 0.891882 0.841335 0.717894 0.100000 0.424909 0.100000 0.331106 0.269470 0.436838 0.168765 0.102602 0.474616 0.807842 0.500034 0.383143 0.255299 0.887600 0.462958 0.725649 0.271792 0.879443 0.881426 0.016750 
0.502575 0.839863 0.581155 0.616033 0.295999 0.100000 0.061770 0.279543 0.015991 0.316784 0.410597 0.659444 0.100000 0.476978 0.581077 0.604503 0.100000 0.100000 0.806495 0.379744 0.175901 0.100000 1.085785 0.903959 0.379685 0.718322 0.275871 0.550402 0.456315 0.291943 0.414259 0.706717 1.070628 0.495783 
0.357755 0.272294 0.357170 0.988407 0.279743 0.538853 0.494034 0.320524 0.248043 0.100000 0.249837 0.775941 0.100000 0.636465 0.100000 0.659899 0.100000 0.346309 0.108424 0.393251 0.226319 0.100000 0.314320 0.469970 0.275910 0.333370 0.091987 0.101561 0.324314 0.275092 0.519243 0.716566 0.631390 0.326828 
0.120250 0.743364 0.240698 0.671274 0.089551 0.533160 0.209877 0.137407 0.734092 0.461178 0.326160 0.383231 0.330495 0.100000 0.100000 0.646529 0.139955 0.636186 0.022693 0.519524 0.287369 0.478219 0.243596 0.469334 0.605253 0.487598 0.110413 0.100000 0.100000 0.268522 0.393479 0.529986 0.935810 0.925081 
0.258769 0.185238 0.658461 0.426196 0.418845 0.201330 0.149832 0.266499 0.450392 0.581449 0.544281 0.745676 0.233381 0.750666 0.100000 0.902636 0.238106 0.359089 0.100000 0.195107 0.100000 0.183554 0.251110 0.400824 0.100000 0.100000 0.478014 0.583154 0.318168 0.382401 0.637807 0.691391 0.550813 0.911587 
0.100000 0.828917 1.370414 0.068207 0.289459 0.476968 0.613999 0.902300 0.657712 0.430036 0.792409 0.100000 0.394071 0.510335 0.288891 0.327815 0.828228 0.581943 0.676141 0.014409 0.500719 0.100000 0.773661 0.330742 1.473861 0.621335 0.138282 0.515698 0.018201 1.148023 0.387625 0.731422 1.223131 0.855083 
0.100000 0.648198 0.958210 1.833228 0.404621 0.536235 0.100000 0.895908 0.886501 0.713872 0.561921 0.913581 0.054746 0.436041 0.268144 1.475779 0.844207 0.222217 0.018127 0.753845 0.100000 0.100000 0.576824 0.100000 0.349707 0.944497 0.100000 0.375987 0.589818 0.609181 1.026536 0.207083 1.434705 0.939372 
0.380696 0.246471 0.190548 0.709798 0.295577 0.139370 0.276146 0.617518 0.876551 0.155115 0.626364 0.761577 0.508256 0.640188 0.068366 0.970349 0.259539 0.276489 0.267062 0.410150 0.100000 0.100000 1.048879 0.278374 0.193307 0.648871 0.100000 0.100000 0.100000 0.349393 0.100000 0.392957 0.745400 0.246128 
0.100000 0.696220 1.149019 0.884683 0.787458 0.633335 0.123829 0.333643 0.646668 0.457246 0.220173 0.905590 0.795785 0.815403 0.014486 0.974444 0.173589 0.389629 0.484832 0.635008 0.120259 0.062026 0.479625 1.129259 0.100000 0.264989 0.509076 0.603813 0.313301 0.349548 0.997913 0.824083 0.576621 0.540282 
0.253738 1.608473 0.735657 0.861175 0.771897 1.030962 0.248965 0.307381 0.827403 0.776744 0.554204 0.259644 0.364820 0.222441 0.402519 0.780312 0.368770 0.911451 0.653120 0.074608 0.621351 0.233967 0.455765 0.438525 0.558938 0.116857 0.421380 0.277898 0.415734 0.615749 0.620325 0.622598 1.132343 0.858218 
0.456789 0.726655 1.046339 0.290395 0.483266 0.100000 0.014067 0.550470 1.168060 0.225581 0.593385 1.004017 0.122567 0.436682 0.100000 0.787993 0.574030 0.948857 0.279414 0.186287 0.401223 0.033164 0.560395 0.372553 1.165248 0.619020 0.448891 0.100000 0.469490 0.478820 0.631241 0.507701 0.797241 0.807044 
0.020419 0.281494 1.090987 0.711764 1.178099 0.395169 0.101147 0.576351 0.951513 0.100000 0.822764 1.654140 0.039147 1.279962 0.585705 0.870113 0.100000 0.964967 0.771683 1.070250 0.545825 0.394520 0.135602 0.788994 1.403891 0.100000 0.100000 0.100000 0.588488 0.410107 0.197568 0.439901 0.100000 0.666628 
0.100000 0.840740 0.100000 0.291761 1.224035 0.850846 1.057290 1.606712 1.144245 0.100000 0.115291 0.100000 0.317264 0.530023 0.388294 1.797171 0.100000 1.291650 0.988185 0.701017 0.697704 0.100000 0.734389 0.634708 1.002543 0.316595 0.100000 0.100000 0.100000 1.250932 0.428751 1.100119 1.531445 0.505581 
0.845243 0.915204 0.440098 0.520060 0.993879 0.632057 0.397413 0.459855 1.196771 0.100000 0.443248 0.541563 0.407749 0.659331 0.100000 0.864805 0.771102 0.602806 0.147536 0.364750 0.294110 0.249134 1.256834 0.517198 0.613292 0.169385 0.206083 0.689522 0.286530 0.615708 0.757440 0.731666 0.177308 1.184311 
