38 Number of operations 
12 Number of workers 
Standard production times 
0.635424 0.310754 0.100000 0.577723 0.449081 0.550123 0.435644 0.204612 0.508094 0.491527 0.212817 0.282010 0.355829 0.317145 0.108755 0.286962 0.464280 0.251348 0.288731 0.627161 0.403628 0.587566 0.476803 0.281439 0.305727 0.549926 0.370761 0.494575 0.331679 0.561303 0.353579 0.585702 0.139402 0.268942 0.373799 0.281535 0.565061 0.561099 
Production times: workers row and ops columns 
0.100000 0.292804 0.237814 0.700754 0.096721 0.592549 0.441953 0.100000 0.100000 0.636336 0.006769 0.202353 0.100000 0.100000 0.100000 0.100000 0.288514 0.100000 0.100000 0.100000 0.161745 1.359849 0.100000 0.582601 1.425084 0.100000 1.079076 0.100000 0.174978 0.615521 0.100000 1.344857 0.100000 0.260339 0.100000 0.100000 0.380579 0.467017 
0.492637 0.825663 0.116914 1.316504 0.504074 0.908857 0.017929 0.100000 0.751443 1.058268 0.100000 0.100000 0.611805 0.100000 0.736245 0.577716 0.363507 0.040891 0.100000 0.305694 0.975108 1.017617 0.248682 0.411544 0.396137 1.520047 0.260290 1.436258 1.192132 0.100000 0.615254 0.890166 0.100000 1.118083 0.546429 1.036206 0.896473 1.714687 
0.504053 0.100000 0.100000 0.661781 0.646267 0.229390 0.299816 0.100000 0.774438 0.092297 0.100000 0.042054 0.100000 0.540820 0.100000 0.599623 1.186943 0.080583 0.100000 0.397608 0.024013 0.435199 0.527981 0.349980 0.323428 0.850095 0.675892 0.404623 0.502063 0.484997 0.152351 0.525644 0.063966 0.100000 0.100000 0.394049 0.541907 0.063831 
0.396984 0.251085 0.077807 0.470651 0.086675 1.250134 0.275501 0.455629 0.203067 0.689000 0.032311 0.073227 1.221023 0.500513 0.100000 0.100000 0.574749 0.100000 0.505530 0.860056 0.594664 0.100000 0.742602 0.083429 0.124305 0.484716 0.412083 0.100000 0.100000 0.659543 0.752594 0.572000 0.100000 0.600881 0.316155 0.132821 0.194257 0.662885 
0.529428 0.100000 0.100000 1.056470 0.100000 0.552319 0.430001 0.100000 0.533392 0.100000 0.131600 0.730494 0.868744 0.047491 0.160880 0.508031 0.299004 0.100000 0.100000 0.636875 0.046107 0.662822 0.354405 0.240112 0.663529 0.412906 0.560235 0.845063 0.461208 0.683125 0.112245 0.714065 0.098237 0.186162 0.896017 0.384017 0.695862 0.100000 
0.612191 0.361306 0.219945 1.103061 0.535959 0.207484 0.483665 0.451629 1.078023 0.921691 0.909811 0.100000 0.664276 0.805138 0.406612 0.239059 0.717505 0.540141 0.100000 0.219727 0.633802 1.145990 0.938823 0.527338 0.871087 1.215029 0.292497 0.346028 0.115244 0.475739 0.915119 0.686008 0.277659 0.339905 0.322195 0.187520 1.056238 1.055447 
1.238609 0.472679 0.100000 0.166593 1.400544 0.468652 0.999921 0.100000 0.111012 0.068791 0.100000 0.100000 0.100000 0.100000 0.342862 0.939391 0.008728 0.100000 0.914362 1.121463 0.576454 0.559658 0.431382 0.648719 0.649363 0.624547 0.511634 0.064262 0.438060 1.597067 0.100000 0.749516 0.458477 0.484592 0.976438 0.609420 0.698564 0.195636 
1.219536 0.736003 0.236183 0.723752 1.466410 1.364628 0.779379 0.100000 0.747100 0.487427 0.200000 1.352885 1.534837 0.008713 0.100000 1.060302 0.537665 0.100000 0.254052 0.656286 0.828194 0.945431 0.725506 0.554322 0.626455 0.924743 0.810481 0.464345 0.334788 0.158200 0.428220 0.100000 0.100000 0.175076 0.100000 0.100000 0.481840 0.783523 
0.780314 0.322048 0.100000 0.751579 0.371176 0.517620 1.184493 0.201342 0.627528 0.468581 0.828751 0.350012 0.531032 0.100000 0.684624 0.728807 0.773530 0.135656 0.888903 0.384966 0.152204 0.919855 0.729444 1.047962 0.567582 0.404615 1.280723 0.129544 0.873051 1.219494 0.229108 0.442273 0.100000 0.699141 0.602107 0.299239 0.307435 0.811387 
0.311329 0.699735 0.001305 0.485361 0.793669 0.888965 0.100000 0.484287 0.371739 0.736607 0.583714 0.253959 0.062611 0.640974 0.420410 0.251847 0.516456 0.100000 0.302088 0.209720 0.100000 0.100000 0.342290 0.100000 0.405846 0.579738 0.295471 0.433982 0.011685 0.812737 0.602209 0.446022 0.234296 0.272271 0.232701 0.386723 0.502911 0.834753 
1.346591 0.100000 0.166006 0.215104 0.946485 1.213754 0.130858 0.571064 0.935774 0.511066 0.238532 0.100000 0.100000 0.783519 0.100000 0.100000 0.100000 0.727190 0.100000 0.133797 0.324979 0.100000 0.631586 0.577618 0.676145 0.843604 0.403602 0.100000 0.291563 0.073963 0.049848 1.165142 0.908056 0.521003 0.736657 1.544362 0.349781 1.360069 
0.617853 0.700918 0.653974 0.497509 0.375341 0.673547 0.761505 0.123432 0.100000 0.450501 0.457686 0.557506 0.339420 0.579056 0.281085 0.562242 0.633198 0.322487 0.277915 0.183378 0.341869 0.945053 0.873623 0.390927 0.412843 0.626891 0.328529 0.505564 0.457548 0.074070 0.395837 0.801591 0.100000 0.218908 0.748951 0.333592 0.818800 0.708133 
