37 Number of operations 
11 Number of workers 
Standard production times 
0.253800 0.360256 0.576532 0.579373 0.362007 0.272774 0.327525 0.100000 0.299775 0.140490 0.650619 0.411487 0.500129 0.100000 0.756463 0.499425 0.382121 0.651232 0.100000 0.671381 0.711547 0.471926 0.100000 0.358735 0.414371 0.458418 0.648295 0.381008 0.266762 0.477328 0.525309 0.278263 0.517091 0.100000 0.274035 0.236338 0.410582 
Production times: workers row and ops columns 
0.075410 0.100000 1.289956 0.817507 0.298968 0.047414 0.774884 0.100000 0.100000 0.042514 0.723304 0.068325 0.217364 0.100000 0.759229 0.740693 0.913429 0.454056 0.100000 0.399574 0.728821 0.387400 0.100000 0.100000 0.425001 0.108322 0.722361 0.077204 0.140091 0.176940 0.733483 0.100000 0.701386 0.100000 0.100000 0.506876 0.865780 
0.123605 0.134031 0.671861 0.766073 0.332148 0.044644 0.729243 0.130841 0.518549 0.100000 0.821541 0.709161 0.419904 0.342858 0.122551 0.829819 0.093612 1.034098 0.156250 0.993109 0.647153 0.610238 0.092325 0.876878 0.608476 0.572169 0.648242 0.523517 0.624526 0.419581 0.352292 0.455973 0.360097 0.650687 0.219509 0.240722 0.255507 
0.238529 0.058046 0.837454 0.666006 0.364834 0.116447 0.185769 0.324480 0.194825 0.111150 0.753426 0.274980 1.286260 0.219152 0.878415 0.656811 0.849726 0.956335 0.628616 0.892767 0.868564 0.831247 0.729265 0.234529 0.883471 0.875268 0.676849 0.439584 0.561219 0.648546 0.684344 0.492029 0.935884 0.002672 0.259241 0.212109 0.285867 
0.070181 0.815496 0.880258 1.169017 0.100000 0.193696 0.100000 0.100000 0.116621 0.269217 1.152678 0.396750 1.227487 0.100000 0.284389 0.915422 0.797762 0.642305 0.740420 0.245096 0.413337 0.322575 0.333239 0.694442 0.480719 0.900913 0.153841 0.582732 1.323177 0.485449 0.100000 0.100000 0.861994 0.049718 0.100000 0.685214 0.783148 
0.551539 0.100000 0.963857 0.252531 0.100000 0.147949 0.349849 0.083631 0.233141 0.100000 0.763531 0.535312 0.871190 0.100000 0.520066 0.580076 0.326881 0.718943 0.100000 0.314017 0.721417 0.100000 0.123593 1.080672 0.146915 0.630789 0.632493 0.320317 0.061927 0.687524 0.346770 0.040663 0.189773 0.100000 0.100000 0.100000 0.257404 
0.500269 0.920659 0.848241 0.751053 0.641806 0.732670 0.499413 0.046795 0.418327 0.451194 0.858202 0.571049 0.854099 0.145353 0.678113 0.299557 0.100000 0.627957 0.130253 0.458761 0.567562 0.637242 0.100000 0.459288 0.575161 0.751777 0.672989 0.546054 0.100000 0.273076 0.636621 0.100000 0.699414 0.853757 0.279538 0.100000 1.249389 
0.331612 0.866752 0.872466 0.772016 0.286948 0.751778 0.295166 0.072266 0.248320 0.437388 1.284279 0.337845 1.449029 0.278562 1.036428 0.207631 0.872576 0.468552 0.495263 0.544110 0.887174 0.108239 0.343978 0.108819 0.100000 0.478708 0.612288 0.416268 0.370682 0.203453 0.134932 0.367078 0.748758 0.471258 0.044178 0.560273 0.718825 
0.100000 0.780159 0.847172 1.544330 0.100000 0.470623 0.100000 0.347939 0.207956 0.100000 0.100000 0.100000 0.656802 0.082495 0.795653 0.700278 0.105583 1.335040 0.100000 0.278151 0.812869 0.100000 0.100000 0.100000 0.409938 0.903828 0.627827 0.100000 0.194589 1.369958 0.381651 0.100000 0.015240 0.100000 0.100000 0.364912 0.971915 
0.011443 0.100000 0.158384 0.401852 0.210836 0.537253 0.006344 0.100000 0.042235 0.164154 0.482278 0.100000 0.095210 0.100000 0.231011 0.263460 0.157599 0.220329 0.100000 1.300287 0.797874 0.571409 0.157693 0.100000 0.063740 0.155799 0.582381 0.721349 0.100000 0.445329 0.552705 0.147491 0.003850 0.063947 0.394450 0.100000 0.407247 
0.100000 0.085764 1.233088 1.125439 1.063750 0.100000 0.389792 0.100000 0.521446 0.215355 0.011971 0.862809 0.604841 0.100000 1.014864 0.577768 0.100000 1.059791 0.100000 0.100000 0.869094 0.281339 0.100000 0.829584 0.501432 0.543041 0.744407 0.898867 0.100000 0.929546 0.700337 1.113447 1.556437 0.100000 1.387255 0.100000 0.433907 
0.100000 0.839715 0.485082 0.560419 0.515611 0.686309 0.508420 0.247325 0.154762 0.085627 0.674685 0.559691 0.415415 0.100000 0.718106 0.796387 0.118298 0.646744 0.404462 0.777404 0.708471 0.913428 0.100000 0.644061 0.305261 0.406286 0.931780 0.308452 0.690919 0.846634 0.602202 0.144749 0.638445 0.602587 0.211759 0.363073 0.484727 
