32 Number of operations 
14 Number of workers 
Standard production times 
0.240399 0.624697 0.422412 0.327226 0.483171 0.132345 0.527408 0.182370 0.714310 0.542256 0.218592 0.345491 0.447610 0.291432 0.576332 0.599145 0.195889 0.529993 0.407547 0.535706 0.349589 0.364584 0.336633 0.355908 0.417551 0.188502 0.503638 0.275093 0.431654 0.235390 0.332888 0.327289 
Production times: workers row and ops columns 
0.394455 0.887469 0.059056 0.630017 0.192982 0.309118 0.347316 0.356712 1.480903 1.244382 0.593374 0.804714 0.185590 0.472639 0.526727 0.669363 0.175841 0.631347 0.425798 0.901230 0.550198 0.287530 0.748237 0.073036 0.557304 0.218358 0.375037 0.215329 0.184584 0.290624 0.844265 0.075421 
0.175642 0.138501 0.989093 0.100000 0.046554 0.100000 0.100000 0.520904 1.317292 1.336659 0.899442 0.307156 0.478133 0.100000 0.771518 0.788452 0.814638 0.535061 0.306833 0.100000 0.372234 0.384788 0.100000 0.786044 0.634378 0.433438 1.071173 0.100000 0.117785 0.469208 0.444131 0.060578 
0.491818 1.041722 0.366432 0.463663 0.503861 0.100000 0.334810 0.466481 0.335455 0.210806 0.100000 0.808876 0.140211 0.311972 0.679312 0.509171 0.100000 0.339150 0.890086 0.419357 0.576498 0.135279 0.169215 0.236398 0.289106 0.051084 0.093069 0.454653 0.040544 0.044223 0.495571 0.275243 
0.152060 0.564769 0.609526 0.641453 0.471718 0.361538 0.596131 0.275872 0.123922 1.257859 0.230196 0.339581 0.479209 0.793445 0.161461 0.661456 0.864926 0.538613 0.616115 0.637031 0.179539 1.062452 0.533542 0.194476 0.118978 0.178660 0.954042 0.461457 0.912611 0.287839 0.167807 0.849978 
0.702860 0.100000 0.582303 0.311126 0.246378 0.015724 0.103491 0.100000 1.185220 0.787430 0.100000 0.100000 0.100000 0.891934 1.224721 0.496911 0.631752 0.947047 0.100000 0.531682 0.705449 0.828490 0.265224 0.100000 0.079252 0.619900 1.466792 0.419110 0.100000 0.035892 0.100000 0.083834 
0.100000 0.772797 0.625066 0.467431 0.254559 0.100000 0.357131 0.647448 0.345371 0.575543 0.100000 0.369325 0.100000 0.100000 0.301792 0.480311 0.196490 0.055209 0.397203 0.627999 0.481369 0.016959 0.297014 0.117415 0.773319 0.100000 0.618367 0.469299 0.231496 0.349081 0.379292 0.100000 
1.323624 0.283758 0.762827 0.100000 0.487584 0.479639 0.280230 0.635129 1.074527 0.912477 0.899896 1.001921 0.548699 0.100000 0.100000 0.789036 0.100000 1.061424 0.289565 0.590118 0.732408 0.100000 0.354167 0.638481 1.293346 0.100000 0.219919 0.188593 0.688738 0.250313 1.829285 0.560429 
0.968449 0.005319 1.502469 0.017305 0.581375 0.100000 0.772587 0.428938 0.337353 0.742352 0.217709 0.510060 0.132199 0.615168 0.846812 0.184614 0.617952 0.637964 0.071788 0.797156 0.303474 0.116420 0.100000 0.051611 0.730077 0.449382 1.039248 0.015841 0.100000 0.428449 0.351001 0.100000 
0.501568 0.831582 1.052152 0.891741 0.194699 0.019053 0.397246 0.401026 1.173963 0.497298 0.342927 0.117926 0.919601 0.689348 1.079065 1.046354 0.100000 0.312415 0.489932 0.693381 0.577590 0.155443 0.100000 0.696266 0.887702 0.506390 0.106709 0.363311 0.581033 0.699732 1.084987 0.391246 
0.416857 1.105155 0.502641 0.501636 0.192490 0.065014 1.140042 0.905681 0.709029 0.438350 0.100000 0.279268 0.781009 0.293687 0.601738 0.713376 0.221829 0.884528 0.852070 0.639786 0.100000 0.182462 0.899737 0.558000 0.338634 0.338584 0.216920 0.490104 0.121888 0.459100 0.605081 0.100000 
0.692023 0.703051 0.100000 0.493539 0.504104 0.100000 0.603327 0.100000 0.063652 0.871094 0.735658 0.429101 0.470496 0.014040 0.340105 0.364202 0.100000 0.386374 0.657068 0.602427 0.451308 0.100000 0.078635 0.649230 0.494453 0.100000 0.915078 0.100000 1.221627 0.054939 0.241175 0.479627 
0.425164 1.257863 0.100000 0.740668 0.100000 1.157179 0.888621 0.521177 1.169033 0.100000 0.100000 0.493194 0.990943 0.627544 0.607544 1.114142 0.100000 0.795785 0.100000 0.941198 1.105178 0.373278 0.930544 0.536590 0.100000 0.704848 1.309884 0.831666 0.559446 0.747816 0.138316 0.138855 
0.240873 0.591146 0.711213 0.339020 0.936425 0.394629 0.338113 0.100000 0.285101 0.617951 0.100000 0.554995 0.304907 0.018462 0.442478 0.100000 0.082952 0.188861 0.517139 0.960084 0.187193 0.100000 0.012574 0.040193 0.033629 0.621127 0.745115 0.044945 0.643159 0.194942 0.161233 0.658101 
0.390067 0.455697 1.353690 0.623134 0.803194 0.100000 0.433356 0.262178 0.133002 0.308981 0.423883 0.382316 0.353663 0.283399 0.745939 0.887463 0.366587 0.285726 0.632973 0.384544 1.271791 0.599024 0.141999 0.100000 0.327378 0.766905 1.076373 0.546487 1.032184 0.397710 0.880639 0.823773 
