35 Number of operations 
11 Number of workers 
Standard production times 
0.291070 0.563595 0.100000 0.411172 0.286093 0.798758 0.805302 0.404158 0.462312 0.197279 0.306650 0.377539 0.141257 0.191482 0.461033 0.595384 0.501168 0.350820 0.159386 0.245367 0.166127 0.220470 0.547477 0.530843 0.100000 0.430861 0.489220 0.282572 0.280104 0.589494 0.482956 0.434052 0.663101 0.496706 0.708643 
Production times: workers row and ops columns 
0.514193 0.257797 0.387986 0.364004 0.100000 0.326510 1.161005 0.387329 0.268122 0.465272 0.187842 0.298696 0.120312 0.359631 0.191043 0.553845 0.271565 0.642799 0.585036 0.016697 0.048169 0.603020 0.873951 0.739816 0.352147 0.570856 0.382650 0.503920 0.243305 0.754921 0.369823 0.583497 0.756231 0.514604 0.508022 
0.102704 0.363334 0.100000 0.100000 0.100000 0.755339 0.329029 0.250156 0.092653 0.259663 0.239883 0.631787 0.420248 0.163389 0.100000 0.822070 0.299041 0.349851 0.122980 0.175539 0.373085 0.012920 0.704460 0.429769 0.035223 0.320135 0.680363 0.386562 0.480973 0.620410 0.191701 0.361223 0.802850 1.068499 0.100000 
0.718876 0.930601 0.100000 0.100000 0.159953 1.029798 0.968138 0.627202 0.358158 0.235623 0.308872 0.049064 0.618131 0.100000 0.403052 0.011303 0.947071 0.263084 0.129354 0.606729 0.106378 0.224786 0.992191 0.731243 0.579068 0.907907 0.859310 0.427746 0.954119 0.217339 0.616650 0.109044 1.066937 0.306038 0.674984 
0.702022 0.780231 0.115111 0.472102 0.100000 0.857849 0.909525 0.719928 0.712242 0.347779 0.555681 0.302310 0.173492 0.114288 0.373474 0.517629 0.100000 0.975951 0.578382 0.203568 0.100000 0.019699 0.523285 0.670084 0.021966 0.526711 0.163434 0.073442 0.348243 0.610310 0.558226 0.062780 0.909235 0.360113 0.921694 
0.669683 0.466438 0.100000 0.541013 0.269387 1.308739 0.689420 0.349648 0.729143 0.170875 0.701943 0.541775 0.100000 0.033287 0.893706 0.777073 0.409456 0.430629 0.100000 0.184021 0.488732 0.435363 0.594031 0.632421 0.405571 0.691991 0.256267 0.858658 0.388752 0.619283 0.993521 0.598142 0.562985 0.767029 0.970110 
0.100000 0.752679 0.185160 0.875867 0.224407 0.594512 1.041299 0.812124 0.532432 0.187879 0.350828 0.227528 0.100000 0.492104 0.259220 0.639421 0.233485 0.851891 0.199172 0.100000 0.389173 0.196447 0.962266 0.575887 0.257316 0.689525 0.117080 0.163999 0.100000 0.231724 0.023593 0.506117 0.710860 0.100000 0.655696 
0.905031 0.640724 0.255373 0.598937 0.315044 0.936179 0.100000 1.326775 0.166341 0.100000 0.381838 0.100000 0.135226 0.495292 0.362986 0.100000 0.100000 0.126138 0.253634 0.100000 0.168195 0.100000 1.267686 0.891347 0.487833 0.404547 0.576986 0.288940 0.336969 0.032016 0.870950 1.228125 0.725039 0.100000 0.922988 
0.002559 0.785677 0.585823 0.443928 0.100000 0.661132 1.446974 0.778503 0.650818 0.100000 0.100000 0.100000 0.100000 1.101870 0.100000 0.553595 0.647926 0.129782 0.924651 0.100000 0.078625 0.100000 0.100000 0.563701 0.185658 0.100000 0.713218 0.198746 0.100000 1.524981 0.703144 0.948486 0.436213 0.168796 1.438078 
0.060412 0.559191 0.379728 0.100000 0.204345 0.374938 1.781891 0.807337 1.136677 0.835040 0.013011 0.614770 0.084305 0.460939 0.743552 1.554091 0.153305 0.400705 0.873704 0.043269 0.820946 0.221790 0.659173 0.912036 0.100000 0.960148 0.101537 0.811746 0.172613 0.244393 1.191796 1.970024 0.504358 0.089192 0.430715 
0.100000 0.100000 0.006413 0.915760 0.100000 0.956981 0.416191 0.165679 0.398732 0.100000 0.383260 0.327882 0.401317 0.274919 0.457141 0.503893 0.460431 0.046888 0.100000 0.262678 0.100000 0.193595 0.592887 0.642607 0.100000 0.638120 0.752597 0.293127 0.100000 0.564590 0.137204 0.100000 0.676981 0.461371 0.841389 
0.708260 0.775623 0.100000 0.071929 0.162090 1.083377 0.804015 0.719489 0.709654 0.242298 0.437231 0.071279 0.533080 0.014336 0.745672 0.338200 0.984581 0.459748 0.237336 0.239453 0.420000 0.507485 0.998775 0.605675 0.006856 0.412837 0.382187 0.100000 0.370976 0.960989 0.517533 0.462685 0.744674 0.474511 0.510245 
