21 Number of operations 
14 Number of workers 
Standard production times 
0.456806 0.287099 0.541369 0.413778 0.622824 0.660724 0.473754 0.325120 0.736815 0.333400 0.518927 0.374987 0.531362 0.226663 0.461174 0.424012 0.162774 0.470775 0.205272 0.518182 0.344816 
Production times: workers row and ops columns 
0.815446 0.750406 0.645954 0.363285 0.789395 0.821252 0.093760 0.348576 0.854321 0.690903 0.927213 0.111608 0.115259 0.478402 0.545851 0.273901 0.412955 1.292032 0.151263 0.606310 0.234551 
0.266647 0.235305 0.291711 0.100000 0.628908 0.472094 0.468617 0.640763 0.666713 0.459251 1.032123 0.950687 0.651464 0.228290 0.005726 0.254875 0.117201 0.596777 0.179996 0.818978 0.591446 
0.492215 1.026166 1.678225 0.709786 0.100000 1.434521 1.083003 0.573133 0.969477 0.796304 0.267722 0.778790 1.278827 0.100000 0.058764 0.949855 0.100000 0.253088 0.277705 0.100000 0.684424 
0.259176 0.393012 0.391780 0.101424 0.432574 0.480228 0.579820 0.100000 0.100000 0.100000 0.305924 0.621225 0.731697 0.100000 0.734036 0.127687 0.767088 0.950338 0.101219 0.690599 0.310076 
0.653912 0.763929 0.799165 0.359452 0.594863 0.391254 0.224977 0.551467 1.094688 0.420379 0.459277 0.238369 0.973454 0.321590 0.563813 0.461232 0.168393 0.352764 0.650131 0.851454 0.394584 
0.622154 0.068975 0.102123 0.297004 0.726636 1.024262 0.776327 0.458278 0.341389 0.436255 0.374892 0.394308 0.820131 0.173149 0.191111 0.428630 0.100000 0.043707 0.103270 0.732926 0.100000 
0.544604 1.130501 0.100000 0.533363 0.338263 1.769802 0.737019 0.654190 1.498130 0.214738 0.458637 1.404670 0.100000 0.030693 0.588004 0.100000 0.971799 1.755643 0.781976 0.133313 0.444466 
0.457178 0.048574 0.452416 0.936062 0.100000 1.246021 0.330121 0.692097 1.162185 0.549791 1.092024 0.812167 0.100000 0.100000 0.623732 0.100000 0.629264 0.925467 0.402593 0.647762 0.100000 
0.490502 1.284226 0.533901 0.295685 0.100000 0.369685 0.281590 0.373521 0.965268 1.509111 0.939983 0.100000 0.732057 1.074101 0.931212 0.742192 0.100000 0.851875 0.267404 0.147617 0.186814 
0.583592 0.613971 0.260172 0.468880 0.435403 0.100000 0.043267 0.299258 0.825287 0.584506 0.100000 0.465345 0.552085 0.120260 0.281144 0.613677 0.095292 0.413242 0.558752 0.080341 0.418138 
0.707772 0.100000 0.593041 0.913176 0.100000 1.050145 0.100000 0.100000 1.207799 0.100000 1.093129 0.100000 0.100000 0.522456 0.340516 0.490107 0.175498 0.862927 0.434303 1.318293 0.100000 
0.983103 0.191577 0.697201 0.244293 0.303635 0.995206 1.175496 0.083713 0.872789 0.667712 0.941886 0.821782 0.702079 0.100000 0.242906 0.419209 0.434091 0.710815 0.433891 0.314270 0.709625 
1.201166 0.100000 0.415158 0.100000 0.755487 0.785270 0.507341 0.100000 1.127285 0.530647 0.461828 0.100000 0.456476 0.758793 0.371381 0.440118 0.211556 0.342710 0.100000 1.011812 1.175195 
0.576526 0.541105 0.064182 0.986997 0.911252 0.504542 0.064073 0.682170 0.274952 0.100000 1.228085 0.451428 0.064982 0.100000 0.100000 0.408482 0.100000 0.620881 0.853101 0.443719 0.165717 
