42 Number of operations 
10 Number of workers 
Standard production times 
0.683114 0.200323 0.101916 0.388952 0.100000 0.556798 0.255497 0.474759 0.328350 0.564423 0.294831 0.501247 0.274453 0.540867 0.519867 0.486830 0.701330 0.587833 0.342159 0.138201 0.461795 0.202924 0.444749 0.686337 0.282568 0.352926 0.423243 0.389578 0.203744 0.398372 0.307265 0.359369 0.539253 0.601432 0.705540 0.254444 0.348293 0.439360 0.303244 0.270992 0.176701 0.148596 
Production times: workers row and ops columns 
0.385671 0.646573 0.100000 0.695504 0.143333 0.959759 0.100000 1.162481 0.100000 0.515487 0.111710 1.626441 0.188184 0.768782 0.100000 0.322049 1.254342 0.993668 0.100000 0.100000 0.143139 0.100000 0.583031 0.717693 0.343520 0.030156 0.100000 0.905696 0.076022 0.100000 0.048601 0.477852 0.703783 0.801667 0.911875 0.100000 0.104796 0.100000 0.100000 0.235083 0.550303 0.360786 
0.869499 0.723677 0.231974 0.163522 0.597748 0.809776 0.100000 0.304901 0.100000 0.823419 1.006431 0.680580 0.249413 1.031239 0.421162 0.270197 0.676211 0.438134 0.258873 0.100000 0.281914 0.096243 0.881767 0.906516 0.159503 0.778576 0.695820 0.643106 0.100000 0.201708 0.833006 0.179880 0.722979 0.475940 0.565541 0.362529 0.808377 0.123925 0.561891 0.100000 0.471498 0.100000 
1.292469 0.781044 0.100000 0.806813 0.521520 0.463396 0.138176 0.255508 0.600705 0.533053 0.100000 0.100000 0.100000 1.047249 0.438819 0.155680 1.026265 0.693387 0.525906 0.100000 1.187815 0.046195 1.462535 0.037855 0.486847 0.679724 0.356541 1.248762 0.100000 0.315394 0.100000 0.801797 0.000008 0.915258 1.428372 0.001420 0.323001 0.806627 0.100000 0.444274 0.100000 0.100000 
1.183928 0.100000 0.318501 0.586521 0.100000 0.518054 0.361842 0.350768 0.100000 0.784983 0.404345 0.371566 0.865866 0.523103 0.873151 0.789652 0.574038 0.519518 0.359343 0.239507 0.156821 0.323665 0.182445 0.729852 0.043232 0.100000 0.874032 0.176840 0.591189 0.648588 0.191912 0.401358 0.310147 0.658699 0.597869 0.029735 0.064202 0.100000 0.396303 0.202473 0.130380 0.490184 
0.782693 0.266041 0.088209 0.461112 0.190229 0.197607 0.100000 0.100000 0.100000 0.215613 0.167790 0.684068 0.011473 0.442223 0.100000 0.874328 0.838252 1.128745 0.117597 0.100000 0.698765 0.369300 0.023965 0.029268 0.355344 0.431045 0.136540 0.231951 0.040263 0.382905 0.581213 0.083645 0.610446 0.640201 1.088801 0.100000 0.170161 0.331162 0.100000 0.618041 0.100000 0.100000 
1.109838 1.047515 0.100000 0.100000 0.100000 0.100000 0.100000 1.634105 0.797891 0.800521 0.615086 0.100000 0.100000 0.304736 0.344138 0.915281 0.193862 0.100000 0.811497 0.100000 0.693832 0.930930 1.128914 0.377895 0.100000 0.100000 0.502985 0.516401 0.110731 0.100000 0.042873 0.406268 0.759885 1.098913 0.016585 1.008229 0.848043 0.484841 0.100000 0.101799 0.100000 0.218889 
1.755630 0.654921 0.698734 0.100000 0.100000 0.967638 0.100000 0.910688 0.215973 0.587608 1.024330 0.062795 0.517714 1.031476 0.683665 0.100000 0.194537 0.935081 0.871055 0.856226 0.989293 0.492588 0.100000 0.825425 0.288081 0.100000 0.230294 0.100000 0.159768 0.100000 0.241583 0.180965 0.361521 1.384431 0.949023 0.100000 0.405007 0.134547 0.487940 0.570909 0.100000 0.453616 
0.263641 0.100000 0.458503 0.344722 0.608319 0.518447 0.100000 0.524789 0.118347 0.374368 0.304299 0.270185 0.100000 0.543492 0.596323 0.412307 0.149225 0.434446 0.561964 0.100000 0.494927 0.100000 0.277622 0.509962 0.089188 0.472323 0.743833 0.171604 0.100000 0.100000 0.356734 0.039460 0.847060 0.730112 0.754839 0.163561 0.181605 0.588440 0.275071 0.150122 0.100000 0.100000 
0.845459 0.592005 0.122107 0.037460 0.100000 0.316975 1.103522 0.468959 0.234454 0.594233 0.317552 0.451262 0.018708 0.366652 0.180424 0.070480 0.487215 0.873204 0.601326 0.092281 0.416066 0.172533 0.860131 0.684206 0.229461 0.210503 0.431902 0.124278 0.432364 0.407337 0.571456 0.307647 0.064727 0.477564 1.057337 0.100000 0.308234 0.014235 0.267128 0.325193 0.100000 0.139726 
0.684878 0.377280 0.100000 0.695514 0.077118 0.493518 0.100000 0.804554 0.125443 0.781838 0.209478 0.274009 0.226931 0.540306 0.754182 0.414005 0.733632 0.100000 0.122820 0.049408 0.477489 0.100000 0.504327 0.764163 0.366557 0.111510 0.130373 0.026570 0.022552 0.561903 0.317986 0.554220 0.729034 0.326795 0.763385 0.100000 0.100000 0.825005 0.175257 0.100000 0.028121 0.320561 
