24 Number of operations 
14 Number of workers 
Standard production times 
0.100000 0.496705 0.433538 0.420617 0.104887 0.414143 0.391634 0.638095 0.507735 0.123014 0.403713 0.451904 0.205458 0.536505 0.541373 1.022391 0.693773 0.472221 0.590179 0.557810 0.558012 0.392113 0.571419 0.767002 
Production times: workers row and ops columns 
0.517107 0.663984 0.603131 0.454545 0.100000 0.668245 0.140315 0.649697 1.117978 0.216048 0.610558 0.118872 0.600785 1.319813 0.417512 0.809835 1.040668 0.359281 0.831497 0.956641 0.422472 0.569919 0.247485 0.357967 
0.323618 0.460718 0.570474 0.650432 0.100000 0.579471 0.404512 0.281320 0.579982 0.100000 0.152693 0.304010 0.172644 0.919682 0.658137 1.380131 0.895548 1.003941 0.595838 0.825189 1.254147 0.216212 0.631859 0.845969 
0.141409 1.051646 0.588580 0.239906 0.398300 0.319408 0.319001 0.934377 0.259868 0.172057 0.100000 0.449492 0.100000 0.268970 0.566540 1.268998 1.258060 0.742137 1.038579 1.168962 1.612060 0.324223 0.335821 0.541561 
0.100000 0.551869 0.224646 0.168222 0.100000 0.402471 0.302950 0.192424 0.397968 0.225658 0.694464 0.100000 0.100000 0.590429 0.102473 1.160743 0.399624 0.713624 0.947545 0.441341 0.628348 0.027655 0.151365 0.181542 
0.100000 0.324032 0.100000 0.857090 0.100000 0.540202 0.100000 0.421703 0.224314 0.100000 0.170299 0.479859 0.083882 0.810655 0.519062 0.819243 0.475977 0.084716 0.072710 0.490528 0.302345 0.726853 0.067046 0.322431 
0.323350 0.211879 0.046456 0.100000 0.100000 0.378864 0.040034 0.106995 0.373252 0.100000 0.100000 0.429306 0.100000 0.471184 0.156440 0.950113 0.966784 0.779618 0.359290 0.929015 0.082527 0.299592 0.287005 0.517633 
0.021841 0.242847 1.197914 0.222499 0.100000 0.659324 0.625621 0.890978 1.128650 0.341929 1.020636 0.761297 0.100000 0.321005 0.100000 1.297929 0.670400 0.713358 0.165043 0.142892 0.366568 0.567422 1.047968 0.841088 
0.100000 0.314752 0.209971 0.100000 0.235396 0.193838 0.266467 0.501406 0.313659 0.100000 0.702501 0.281818 0.100000 0.100000 0.100000 0.538399 0.226971 0.255086 0.671614 0.100000 0.429324 0.313445 0.318938 0.571627 
0.100000 0.639325 1.025860 0.187611 0.100000 0.600176 0.130954 0.740165 0.976254 1.128797 0.326787 0.638202 0.504266 1.325529 0.511626 1.279861 0.940051 0.836285 0.834402 0.586897 0.450783 0.301727 0.871396 0.650322 
0.342831 1.120203 0.520207 0.266965 0.100000 0.415514 0.584708 0.097376 0.242142 0.428996 0.468334 0.492862 0.520264 0.288608 0.971543 1.357940 0.628273 0.100000 0.088453 0.100000 0.100000 0.006964 0.740295 0.539424 
0.046510 0.890105 0.679198 0.119602 0.474189 0.560325 0.614975 0.821922 0.776778 0.249006 0.796723 0.253118 0.100000 0.168473 0.789893 1.424916 1.559885 0.279681 0.449737 0.396178 0.100450 0.339953 0.236858 1.405278 
0.350608 1.201712 0.590900 0.377193 0.569871 0.127176 0.084461 0.402403 0.232352 0.436972 0.186143 0.429909 0.032881 0.568791 0.100000 0.853196 0.990241 0.100000 0.100000 0.304686 0.776211 0.346886 0.531465 0.279736 
0.726109 0.250421 0.709947 0.039250 0.100000 0.701042 0.059053 0.077295 0.319940 0.032875 0.671619 0.247458 0.178096 0.869872 0.041132 1.171366 1.008432 0.718987 0.630700 0.687684 0.608856 0.270843 0.411013 0.718153 
0.100000 0.313263 0.673274 0.070506 0.100000 0.353156 0.480948 0.406810 0.188375 0.100000 0.548484 0.794591 0.080284 0.591455 0.763282 0.964168 0.425570 0.663780 0.478013 0.646328 0.559585 0.295972 0.217298 0.315940 
