25 Number of operations 
15 Number of workers 
Standard production times 
0.430070 0.430416 0.290480 0.363514 0.353825 0.583580 0.481425 0.138824 0.450249 0.294136 0.371335 0.339780 0.407540 0.357913 0.790811 0.316664 0.313969 0.116111 0.518790 0.100000 0.236621 0.311799 0.220158 0.809025 0.346284 
Production times: workers row and ops columns 
0.275172 0.681550 0.100000 0.803369 0.791233 0.100000 1.774499 0.169160 0.680626 0.902679 0.783408 0.066120 0.146892 0.741332 0.100000 0.403489 0.504432 0.067831 0.776156 0.100000 0.495254 1.259085 0.722039 1.222666 0.649384 
0.428645 0.836450 0.993659 0.691823 0.618353 0.925741 0.010792 0.605453 0.337216 1.251696 0.544208 0.652921 0.873472 0.584226 0.360409 0.656134 0.097618 0.100000 0.671223 0.100000 0.206757 0.169833 0.029854 1.263519 0.200221 
0.247375 0.244287 0.113747 0.643242 0.446937 0.770566 0.785156 0.500653 0.656538 0.615572 0.007089 0.979672 0.415437 0.100000 0.688421 0.273122 0.161260 1.096191 0.974718 0.100000 0.742620 0.712223 0.100000 0.647637 1.025262 
0.354358 0.849772 0.881002 1.354647 0.223385 0.330621 1.007056 0.100000 1.105339 0.100000 0.787065 1.074172 0.100000 0.154695 1.202753 0.107560 0.100000 0.855581 0.506931 0.100000 0.730646 0.100000 0.100000 0.775778 0.100000 
0.274293 0.100000 1.590560 0.986920 0.909551 0.807888 1.096288 1.593363 0.303926 1.271868 0.848222 1.428486 0.681136 0.630927 0.779786 0.342637 0.100000 0.100000 0.100000 0.100000 1.602639 0.100000 0.198482 0.615838 1.836147 
1.147698 1.027497 0.381574 0.275724 0.658496 0.106823 0.446315 0.100000 0.059935 0.312766 0.488372 0.100000 0.293703 0.552817 1.631045 0.451408 0.244498 0.100000 1.226962 0.100000 0.434710 0.757068 0.487863 0.426794 0.576960 
0.385828 0.602427 0.457776 0.357236 0.442624 0.311340 0.440262 0.164395 0.373280 0.100000 0.812409 0.224647 0.646934 0.410353 0.574848 0.868960 0.100000 0.075599 0.753816 0.395601 0.100000 0.798630 0.100000 1.077287 0.427795 
0.740117 0.585064 0.699484 0.962648 0.595728 0.892463 0.669057 0.317492 0.100000 0.239721 0.480217 1.161855 0.100000 0.903161 1.262167 0.529641 0.458969 0.100000 0.607213 0.536873 0.112926 0.947283 0.305666 0.662363 0.100000 
0.285477 0.114882 0.633404 0.370550 0.100000 0.888428 0.947976 0.185942 0.100000 0.272875 1.069868 0.955119 0.632549 0.573199 1.231848 0.090072 0.821079 0.227360 0.349724 0.024015 0.509134 0.100000 0.100000 0.990529 0.169504 
0.349263 0.752962 0.177155 0.509127 0.385722 0.547388 0.284033 0.322790 0.241055 0.499193 0.184107 0.100000 0.211389 0.771971 1.274165 0.819834 0.463658 0.046728 0.547974 0.220401 0.210877 0.686145 0.178502 1.166557 0.436218 
0.781798 0.100000 0.360218 0.100000 0.521773 0.864205 1.166438 0.801955 0.067966 0.100000 0.586919 0.452469 0.350920 0.100000 1.192581 0.549124 0.100000 0.960936 0.441311 0.100000 0.894006 0.382859 0.473513 0.752851 0.100000 
0.942137 0.398122 1.473264 0.301927 0.607742 1.244464 0.619885 0.100000 0.155455 0.235217 0.100000 0.124958 1.021173 0.458216 1.460268 0.706990 1.277541 0.356577 1.045466 0.450570 0.051024 0.840674 0.836443 1.245270 0.587641 
0.547654 0.455145 0.100000 0.950917 0.619244 0.965945 0.576208 0.363605 0.531290 0.096176 0.926334 0.357500 0.500101 0.417771 0.828529 0.499250 0.692138 0.100000 0.369309 0.327927 0.100000 0.416872 0.141108 0.789194 0.402692 
0.882934 0.783664 0.279031 0.355985 0.216999 0.543053 0.813404 0.083243 0.100000 0.336112 0.189417 1.044151 0.586057 0.843481 1.013448 0.746520 0.671749 0.324313 0.552834 0.482909 0.391053 0.765922 0.623825 0.796517 0.154356 
0.383146 0.866786 0.177292 0.655575 0.100000 0.857464 0.935901 0.468500 0.853460 0.179470 0.402348 0.954502 0.342822 0.204577 1.286926 0.420253 0.554983 0.100000 0.487122 0.125989 0.430008 0.668620 0.171099 0.684197 0.265909 
