22 Number of operations 
15 Number of workers 
Standard production times 
0.507169 0.100000 0.336027 0.563118 0.585546 0.140088 0.544588 0.525580 0.541656 0.161700 0.257374 0.691908 0.391356 0.314389 0.417076 0.318796 0.499620 0.215829 0.317308 0.443318 0.711225 0.605125 
Production times: workers row and ops columns 
0.651293 0.005191 0.100000 0.080312 0.343856 0.422582 0.569671 0.286418 0.474790 0.573426 0.100000 1.249920 0.280311 0.100000 0.832212 0.001335 0.392004 0.498462 0.860706 0.120501 1.325336 0.777803 
0.739040 0.171971 0.706812 0.925069 0.129373 0.430571 0.423875 0.933902 0.544247 0.100000 0.571138 1.466328 0.025727 0.428235 0.911641 0.270848 0.100000 0.424541 0.464340 0.788669 1.489319 0.963269 
0.948371 0.236056 0.567894 0.562852 1.041884 0.777751 0.286912 0.240165 0.715450 0.100000 0.102360 0.644996 0.339402 0.056837 0.847608 0.746939 0.432240 0.100000 0.479116 0.491690 0.442624 1.356482 
0.304243 0.648824 0.100000 0.332697 1.572375 0.100000 1.057970 0.538535 0.907850 0.273375 0.131723 0.716193 0.569637 0.100000 0.796598 0.294857 0.573808 0.053999 0.422749 1.122178 0.207273 0.706013 
0.397349 0.100000 1.088164 2.038373 0.634544 0.100000 1.322635 0.557786 0.841084 0.100000 0.507603 0.612367 0.286301 0.042380 0.551566 0.100000 1.063470 0.271101 0.100000 0.724208 1.063191 0.314112 
0.100000 0.527787 0.277872 0.254877 0.675672 0.100000 0.560375 0.100000 0.146224 0.100000 0.100000 0.841088 0.709271 0.308578 0.160579 0.723947 0.258511 0.472145 0.305351 0.280244 0.941359 0.483021 
0.083069 0.100000 0.100000 0.703893 0.858955 0.100000 0.885417 0.684877 1.041977 0.776214 0.100000 0.086398 0.153750 0.100000 1.374687 0.168694 1.038303 0.015242 0.083364 0.243211 1.720348 0.724526 
0.529002 0.021720 0.100000 0.369048 0.360087 0.333903 1.169193 0.552680 1.134510 0.120639 0.323609 0.066977 0.430186 0.299000 0.024823 0.421005 0.668360 0.100000 1.050357 0.316049 0.626334 1.066053 
0.100000 0.471217 0.997372 0.898043 0.311453 0.141557 0.159992 0.056919 0.880856 0.100000 0.043433 1.054697 0.908330 0.226158 0.308564 0.353361 0.100000 0.846187 0.866058 0.579240 1.487550 1.758614 
0.203482 0.308507 0.189027 0.523894 0.185901 0.157888 0.380732 1.350717 0.143997 0.341108 0.100000 0.911031 0.435268 0.433644 0.159841 0.527815 0.358449 0.741733 0.182397 0.776869 0.391786 0.699569 
0.458403 0.155389 0.294125 0.473504 0.362008 0.584914 0.283456 0.769033 0.613732 0.144516 0.361684 0.781524 0.185322 0.855921 0.539371 0.100000 0.716788 0.194755 0.347707 0.100000 0.218913 0.686122 
0.325858 0.100000 0.504889 1.029562 1.001880 0.881711 1.305112 0.263343 1.041738 0.426813 0.716235 0.802079 0.661828 0.762425 0.415645 0.100000 0.100000 0.015423 0.100000 0.670689 0.541747 1.004204 
0.640184 0.454912 0.207496 0.736173 0.551069 0.786652 0.334446 0.270388 0.593367 0.100000 0.343592 1.025995 0.100000 0.100000 0.875702 0.185352 0.260603 0.388865 0.415770 0.083687 1.094719 0.906070 
0.733672 0.100000 0.232687 0.288407 1.050338 0.028941 0.640448 1.105565 0.088813 0.384877 0.235368 0.920953 1.107827 0.025802 0.462281 0.327852 0.344258 0.100000 1.052477 0.301566 0.289164 0.847532 
1.001029 0.199668 0.724105 0.100000 0.458455 0.484264 1.375306 1.151969 0.635585 0.414094 0.100000 0.400074 0.786820 0.597391 0.068723 0.439805 0.402268 0.316122 0.249417 0.549117 0.846073 0.652780 
