20 Number of operations 
14 Number of workers 
Standard production times 
0.337606 0.305497 0.236682 0.190701 0.390215 0.898714 0.143242 0.677494 0.239324 0.100000 0.100000 0.249100 0.265682 0.386779 0.385875 0.208101 0.556299 0.617085 0.483251 0.535115 
Production times: workers row and ops columns 
0.572207 0.960187 0.305569 0.100000 0.725816 1.208391 0.408027 0.496879 0.100000 0.726337 0.100000 0.100000 0.100000 0.100000 0.100000 0.567971 1.060185 1.397298 0.881389 1.111691 
0.042176 0.512050 0.100000 0.518203 0.632025 1.038737 0.100000 0.267628 0.009817 0.100000 0.100000 0.100000 0.095110 0.652757 0.804973 0.023788 0.465267 0.809464 0.393182 0.637457 
0.254708 0.343509 0.638372 0.100000 0.290892 1.112459 0.100000 0.560331 0.439786 0.100000 0.100000 0.100000 0.176197 0.570126 0.366787 0.498669 0.350489 0.443052 0.480784 0.100000 
0.100000 0.100000 0.100000 0.640931 0.809561 0.834681 0.328782 0.878350 0.396528 0.100000 0.200343 0.036244 0.191766 1.005877 0.100000 0.512813 0.747011 1.223342 0.262907 0.864183 
0.516919 0.367399 0.058269 0.100000 0.100000 0.723249 0.332706 0.306610 0.100000 0.137472 0.100000 0.100000 0.100000 0.603401 0.542714 0.100000 0.305399 0.619420 0.552893 0.252185 
0.377917 0.084867 0.100000 0.447100 0.215614 0.243637 0.281728 0.698231 0.100000 0.100000 0.148042 0.043850 0.339040 0.605747 0.484964 0.100000 0.609723 0.789177 0.145315 0.334874 
0.834180 0.266193 0.491086 0.475930 0.111121 1.283619 0.479900 0.449044 0.398078 0.100000 0.170058 0.486403 0.100000 0.283849 0.076504 0.164789 0.960713 0.767343 0.648606 0.062711 
0.344301 0.806100 0.373031 1.069821 0.123437 0.755191 0.488057 0.310724 0.536412 0.839912 0.181030 0.011103 0.722957 0.369256 0.742063 0.113573 0.734850 1.639114 0.480253 0.314283 
0.191987 0.100000 0.197094 0.082122 1.139765 0.883557 0.100000 1.175002 0.331835 0.100000 0.077884 0.019395 0.926253 0.394509 0.544710 0.427801 0.498614 0.100000 1.044248 0.100000 
0.876159 0.100000 0.100000 0.752078 0.234575 1.389362 0.100000 0.665018 0.262496 0.966008 0.100000 0.413412 0.100000 0.281490 0.614923 0.100000 0.514619 0.672803 0.780795 1.571948 
0.322902 0.467895 0.601349 0.299285 0.719175 1.280213 0.463198 0.868332 0.491508 0.100000 0.659760 0.247354 0.041403 0.938537 0.953287 0.100000 0.898916 0.634515 0.577336 0.607001 
0.247897 0.586995 0.919842 0.519514 0.558321 0.830384 0.320259 0.715873 0.100000 0.361101 0.100000 0.696671 0.557555 0.939285 0.048490 0.246633 0.408401 1.278410 0.403383 0.737676 
0.202397 0.317502 0.100000 0.100000 0.103020 1.646778 0.294774 0.368937 0.283877 0.214691 0.100000 0.126114 0.100000 0.072710 0.194581 0.551401 0.499025 1.089900 0.049233 0.100000 
0.322687 0.174148 0.140576 0.100000 0.607209 0.571028 0.551751 0.944860 0.704209 0.411724 0.203573 0.100000 0.100000 0.213677 0.489716 1.320377 0.408052 0.618324 0.681378 0.907375 
