29 Number of operations 
14 Number of workers 
Standard production times 
0.611389 0.449854 0.360213 0.146941 0.100000 0.493514 0.346451 0.292810 0.346096 0.712684 0.168621 0.508458 0.437588 0.100000 0.447700 0.550989 0.298933 0.406409 0.492459 0.208441 0.490815 0.100000 0.509415 0.347331 0.193589 0.397114 0.300511 0.403060 0.353618 
Production times: workers row and ops columns 
0.854302 0.589120 0.318422 0.304101 0.100000 1.035865 0.587041 0.235103 0.481793 0.510319 0.097614 0.797285 0.606203 0.100000 0.148706 0.097855 0.120231 0.006865 0.398337 0.548799 0.375619 0.100000 0.662520 0.100000 0.465931 1.036263 0.128892 0.607904 0.630140 
0.100000 0.100000 0.232429 0.274429 0.100000 0.302755 0.100000 0.100000 0.100000 0.244563 0.104482 0.654062 0.797380 0.100000 1.549897 1.048340 0.748509 0.100000 0.527680 0.715616 0.100000 0.003204 0.490129 0.886703 0.100000 0.096693 0.543120 0.803214 0.670353 
0.112736 0.622509 0.936687 0.363000 0.618181 0.457053 0.100000 0.100000 0.342196 1.378964 0.100000 0.607626 0.100000 0.935009 0.754263 0.666629 0.100000 0.060415 0.304180 0.228894 0.430997 0.475388 0.036966 0.459446 0.100000 1.206679 0.100000 0.308249 0.831521 
0.417258 0.229268 0.100000 0.221591 0.100000 0.092930 0.005408 0.100000 0.069638 0.681763 0.050155 0.476057 0.100000 0.190778 0.742659 0.127573 0.100000 0.100000 1.434248 0.363848 0.133616 0.114294 0.100000 0.402501 0.231985 1.311450 0.100000 0.400832 0.770269 
0.345203 0.867004 0.100000 0.100000 0.100000 0.720458 0.100000 0.100000 0.475096 0.237100 0.100000 0.782178 0.505753 0.100000 0.488579 0.181351 0.133210 0.100000 0.626561 0.100000 0.057187 0.100000 0.646601 0.646147 0.159285 0.269360 0.100000 0.386114 0.626617 
0.475941 1.119082 0.726618 0.391847 0.447570 0.762011 0.285363 0.071309 0.632487 0.682641 0.185253 0.363989 0.435721 0.106465 0.232930 0.426965 0.283265 0.205256 0.662086 0.565320 0.315972 0.100000 0.812110 0.533477 0.159996 0.361049 0.151769 0.381226 0.274995 
0.100000 0.910572 0.541338 0.472136 0.100000 0.407470 0.754867 1.401259 0.100000 1.472498 0.100000 0.825613 0.760507 0.100000 0.392353 0.100000 0.100000 0.199397 0.614915 0.096208 0.023458 0.231145 0.337120 0.100000 0.788481 0.750841 0.588307 0.553039 0.557998 
0.582065 0.100000 0.100000 0.100000 0.100000 0.084706 0.219565 0.100000 0.098912 1.179343 0.100000 0.313334 0.161444 0.531335 0.590129 0.847445 0.485412 0.100000 0.118609 0.100000 0.100000 0.100000 0.100000 0.100000 0.100000 0.339635 0.100000 0.563651 0.778854 
0.195871 0.598462 0.360413 0.100000 0.100000 0.100000 0.100000 0.644664 0.330543 0.516615 0.100000 0.134123 0.090015 0.065319 0.373882 0.239559 0.714362 0.655797 0.380008 0.168841 0.100000 0.100000 0.452057 0.434164 0.479212 0.391910 0.100000 0.940100 0.640784 
0.100000 0.152663 0.100000 0.100000 0.131093 0.611623 0.046293 0.031256 0.759606 0.721087 0.181407 0.554884 0.100000 0.259827 0.286955 0.640476 0.323111 0.173987 0.062829 0.515571 0.531725 0.364132 0.284728 0.865084 0.100000 0.100000 0.831222 0.390115 0.166974 
0.799434 0.275319 0.498164 0.100000 0.023769 0.309307 0.381950 0.252563 0.915918 0.308820 0.100000 0.405944 0.193317 0.100000 0.780735 0.600523 0.100000 0.845326 0.170966 0.100000 0.606076 0.100000 0.465446 0.189105 0.100000 0.396549 0.100000 1.204504 0.442568 
0.872045 0.165075 0.253470 0.100000 0.220465 0.513727 0.552741 0.534572 0.239244 0.326029 0.427295 0.832186 0.804603 0.518146 0.654261 0.743674 0.377829 0.248349 0.903009 0.100000 0.445315 0.100000 0.645888 0.237425 0.499508 0.539531 0.820717 0.100000 1.195801 
0.451017 0.404343 0.859263 0.100000 0.451959 0.625752 0.177313 0.226708 0.220236 0.994233 1.595503 0.060643 0.286357 0.359751 0.724133 0.963177 0.384702 0.741206 0.449667 0.289863 1.023523 0.292869 0.288045 0.100000 0.622644 0.850969 0.269382 0.611802 1.026946 
0.606037 0.100000 0.318782 0.100000 0.211561 0.441420 0.152471 0.100000 0.100000 1.252987 0.516945 0.597659 0.021503 0.293716 0.958721 0.604009 0.100000 0.100000 0.689241 0.100000 0.910609 0.100000 0.100000 0.100000 0.964758 0.274658 0.853512 1.183678 0.100000 
