35 Number of operations 
15 Number of workers 
Standard production times 
0.707604 0.570066 0.499422 0.159664 0.840256 0.261042 0.377360 0.252655 0.310392 0.389892 0.308802 0.326968 0.303369 0.621409 0.330730 0.208202 0.402461 0.271321 0.481039 0.524263 0.100000 0.476706 0.513876 0.347978 0.214258 0.506311 1.154957 0.100000 0.254602 0.351060 0.451834 0.269814 0.196888 0.187561 0.467642 
Production times: workers row and ops columns 
0.995499 0.397041 0.100000 0.254944 1.369719 1.207488 0.229924 0.539741 0.460130 0.107241 1.554339 0.100000 1.153078 0.902284 0.044246 0.207434 0.503230 0.100000 0.693485 0.844720 0.100000 0.570614 1.303354 0.334969 0.100000 0.804165 0.364279 0.100000 0.100000 0.689089 0.100000 0.511454 0.392333 0.002400 0.531457 
0.765316 0.284394 0.620770 0.498172 0.689564 0.469839 0.463132 0.236320 0.823910 0.469449 0.446607 0.442264 0.807587 1.282721 0.000791 0.254774 0.585771 0.186326 0.554790 0.868133 0.357699 0.386381 0.568634 0.224233 0.113526 0.417920 1.061091 0.399466 0.472775 0.294767 0.508489 0.179783 0.444746 0.100000 0.535880 
0.553818 1.120542 0.880080 0.100000 0.954680 1.024808 0.987303 0.499970 0.100000 0.468526 0.582137 0.904655 0.746828 0.683493 0.268821 0.304300 0.846857 0.100000 0.883994 0.792597 0.182047 0.732388 0.623231 0.734199 0.204527 0.389305 1.115125 0.520987 0.146507 1.122795 0.168394 0.374317 0.705535 0.381212 0.811792 
0.457857 1.076313 0.031320 0.100000 0.640334 0.100000 0.910864 0.490144 0.100000 0.036629 0.100000 1.222283 0.100000 0.444861 0.870660 0.207915 0.794168 0.454580 0.536048 0.762148 0.107329 0.416094 1.104377 0.100000 0.382148 0.100000 1.761494 0.635285 0.393302 0.603643 0.864590 0.192442 0.898958 0.911590 0.100000 
0.742976 0.853482 0.745234 0.245862 1.042448 0.226086 0.100000 0.573025 0.100000 0.454560 0.400821 0.025361 0.478246 0.750474 0.119635 0.172315 0.204647 0.219515 0.100000 0.376822 0.028170 0.100000 0.795140 0.083065 0.003185 0.100000 0.607204 0.100000 0.385242 0.339718 0.128551 0.100000 0.100000 0.011124 0.447277 
0.734854 0.921871 0.542976 0.100000 1.400315 0.313136 0.819385 0.014043 0.071169 0.100000 0.100000 0.431803 0.001117 0.595209 0.100000 0.225339 0.324679 0.100000 0.409355 0.136595 0.106324 0.513489 0.286923 0.195496 0.206904 0.377030 0.846209 0.100000 0.100000 0.286176 0.804915 0.087958 0.100000 0.083509 0.534227 
0.919169 0.388924 0.652275 0.100000 0.042472 0.505228 0.294390 0.554617 0.846754 0.200095 0.105479 0.483651 0.707995 0.342022 0.084072 0.262847 0.554614 0.169049 0.541615 0.885052 0.100000 0.318743 0.090286 0.394019 0.502326 0.565516 1.602622 0.356218 0.845830 0.884340 0.381897 0.045697 0.420129 0.592208 0.641595 
0.534531 0.506587 0.966653 0.100000 1.017113 0.202045 0.100000 0.200481 0.128409 0.079490 0.207828 0.383816 0.594888 0.460199 0.682355 0.988726 0.447879 0.555903 0.669461 0.672420 0.166406 0.575189 0.979484 0.083361 0.650788 0.609505 1.455325 0.082320 0.334301 0.783590 0.473056 1.112254 0.023770 0.612418 0.503168 
0.100000 0.983552 0.380418 0.192239 1.333530 0.100000 0.105950 0.296924 0.100000 0.744251 0.441672 0.317804 0.330732 0.410584 0.588050 0.100000 0.296863 1.037467 0.100000 0.100000 0.100000 0.100000 0.067912 1.486935 0.888962 1.068661 1.057570 0.100000 0.747726 0.796054 0.100000 0.370485 0.922214 1.022776 0.100000 
1.227109 0.925066 0.294466 0.100000 0.676784 0.686239 0.981642 0.767252 0.667595 0.421491 0.100000 0.603144 0.114723 0.726735 0.313534 0.690477 1.015608 0.186958 0.559373 0.472076 0.578006 0.546312 1.602405 0.716514 0.168499 0.137914 1.613374 0.282648 0.305226 0.705827 0.000963 1.607872 0.297659 0.100000 0.612575 
1.140590 0.695164 0.076647 0.361526 0.988829 0.563999 0.312539 0.100000 0.244182 0.107630 0.238651 0.475514 0.006530 0.430535 0.611348 0.390023 0.146218 0.179369 0.802997 0.272227 0.100000 0.100000 0.575082 0.139323 0.309754 0.299978 1.527158 0.100000 0.100000 0.046505 0.134688 0.100000 0.584142 0.100000 0.100000 
0.748632 0.226929 0.100000 0.176023 0.638681 0.226775 0.438990 0.141128 0.130482 0.261853 0.430656 0.008915 0.307136 0.100000 0.069655 0.400968 0.808294 0.100000 0.447991 0.275267 0.278506 0.198146 0.493814 0.449607 0.100000 0.517475 1.107981 0.100000 0.100000 0.549359 0.200970 0.289836 0.100000 0.268116 0.453072 
0.696898 0.660685 0.382097 0.100000 0.898484 0.256322 0.100000 0.100000 0.656952 0.565097 0.100000 0.433517 0.112636 0.100000 0.609326 0.416009 0.243308 0.233344 0.100000 0.317298 0.100000 0.265635 0.248461 0.100000 0.518685 0.863618 1.519652 0.063185 0.420469 0.165003 0.483316 0.072980 0.103128 0.224505 0.100000 
0.013623 0.958677 0.226438 0.611934 0.757128 0.350843 0.130250 0.078735 0.100000 0.091476 0.100000 0.100000 0.581794 0.384796 0.400034 0.150083 0.100000 0.276795 0.951858 0.583727 0.182727 0.358233 0.226452 0.146054 0.426702 0.408950 1.085246 0.086012 0.495284 0.100000 0.869077 0.100000 0.507113 0.445349 0.820371 
0.416298 1.159199 0.155360 0.611221 1.337731 0.693136 1.025698 0.394834 0.100000 0.100000 0.139429 0.668944 0.100000 1.340376 0.100000 0.725464 0.572067 0.146826 0.717276 0.652327 0.100000 0.133354 0.876062 0.100000 0.119998 0.293151 1.018833 0.520257 0.292097 0.475404 0.100000 0.100000 0.100000 0.766885 0.042819 
