34 Number of operations 
15 Number of workers 
Standard production times 
0.535994 0.631810 0.531865 0.209486 0.308866 0.378819 0.518734 0.630794 0.420086 0.741325 0.609321 0.426370 0.188912 0.560005 0.372586 0.362548 0.100000 0.665233 0.365261 0.468619 0.172565 0.524980 0.291498 0.392391 0.498985 0.310381 0.359597 0.462977 0.397493 0.506400 0.364667 0.198442 0.559965 0.452769 
Production times: workers row and ops columns 
0.499982 0.972496 0.695275 0.258283 0.254583 0.454966 0.889393 1.112160 0.100000 0.673889 0.100000 0.499286 0.100000 0.009530 0.209930 0.100000 0.100000 0.444933 0.234797 0.245466 1.344509 1.285557 0.100000 0.196090 1.167556 0.828749 0.304121 1.025404 0.375462 0.719343 0.062063 1.290186 0.131336 0.100000 
0.254000 0.451674 0.983774 0.100000 0.363598 0.441658 0.362332 0.820701 0.115368 1.008091 0.672951 0.100000 0.054857 0.322831 0.100000 0.100000 0.298212 0.413976 0.100000 0.122975 0.353950 0.569041 0.125100 0.288999 0.065704 0.358508 0.126922 0.543869 0.217543 0.243890 0.112027 0.163801 0.489375 0.439603 
0.864237 0.761492 0.526523 0.100000 0.483569 0.409691 0.426773 0.921531 0.421477 0.430504 0.709454 0.270357 0.100000 0.158821 0.398901 1.034127 0.100000 0.383214 0.100000 0.182518 0.404870 0.284942 0.336684 0.100000 0.100000 0.216260 0.572925 0.349607 0.083196 0.286120 0.319170 0.447091 0.932293 0.345240 
0.882530 0.758901 0.854722 0.213667 0.435387 0.612598 0.172948 0.191238 0.797749 0.453341 1.027500 0.262879 0.233768 0.299679 0.163485 0.565350 0.212338 0.656770 0.811841 1.139361 0.091814 0.742637 0.472297 0.358407 0.796124 0.338258 0.430182 0.613540 0.100000 0.204929 0.244706 0.100000 0.300563 0.260365 
0.100000 0.433306 1.002989 0.100000 0.100000 0.100000 0.668373 0.790976 0.385518 1.799260 0.714626 0.946582 0.494284 0.100000 0.100000 1.274141 0.100000 0.684276 0.100000 0.437813 0.102149 0.099420 0.442405 0.100000 0.258948 0.821535 0.326826 0.100000 0.294575 0.945187 0.139941 0.382188 0.100000 0.802299 
0.649362 0.695316 0.557260 0.096492 0.395496 0.786523 0.469882 0.402342 0.902966 1.187724 1.032444 0.134169 0.272160 1.076949 0.132882 0.794177 0.468888 0.795503 0.253441 0.595533 0.100000 0.199007 0.078518 0.258644 0.987519 0.110192 0.544142 0.100000 0.442264 0.031244 0.763307 0.100000 0.574097 0.949049 
1.274831 0.202621 0.213314 0.100000 0.497246 0.975172 0.880476 0.967982 0.309135 0.100000 0.828788 0.888314 0.543032 1.291226 0.835948 0.394717 0.100000 0.106341 0.357224 1.004216 0.100000 0.744462 0.348113 0.989407 0.072834 0.736109 0.169679 0.001044 0.595304 0.064255 0.617119 0.094544 0.177807 1.007696 
0.810132 0.775436 0.595140 0.377395 0.898889 0.309086 0.506497 0.918154 0.266669 0.801365 1.067766 0.559898 0.100000 1.097458 0.485127 0.519343 0.109756 0.593205 0.937208 0.061374 0.279096 0.909972 0.235331 0.552821 1.016967 0.075161 0.100000 0.563331 0.861411 0.100000 0.688326 0.392925 1.332299 0.565670 
0.676593 0.669308 0.143139 0.100000 0.100000 0.351249 0.902394 0.100000 0.100000 1.198490 0.231321 0.901099 0.966389 1.025535 0.586189 0.210784 0.100000 1.536947 0.775404 0.100000 1.067874 0.043722 0.423721 0.643426 0.086088 0.418038 0.100000 0.139752 1.440193 1.021640 0.330447 0.100000 0.530504 0.100000 
0.576849 0.499426 1.177294 0.371990 0.100000 0.613648 0.067234 0.223283 0.462695 0.901467 0.412258 0.379724 0.029855 0.742196 0.413046 0.498540 0.100000 0.788094 0.100000 0.687416 0.150282 0.356869 0.100000 0.556866 0.802112 0.619111 0.758874 0.335886 0.029508 0.599601 0.186975 0.433438 1.250863 0.242255 
0.960308 0.573988 0.508478 0.100000 0.100000 0.863450 1.491322 0.174896 0.873956 0.100000 0.081919 1.229620 0.122006 0.527321 0.861329 0.575226 0.161154 0.100000 0.100000 0.718249 0.493652 0.557011 0.919828 0.521708 0.766532 0.100000 0.100000 0.747208 0.535113 0.211661 0.610075 0.885259 0.500628 0.511165 
0.467603 0.513857 0.160589 0.100000 0.100000 0.295813 0.636414 0.570880 0.472869 0.857429 0.374304 0.415378 0.355278 1.253372 0.262311 0.363481 0.051746 0.525396 0.408329 0.341102 0.391501 0.506642 0.226123 0.100000 1.128779 1.163464 1.339717 0.513836 0.824686 0.323549 0.529785 0.128272 1.008723 0.196173 
0.734842 0.180942 0.027187 0.109544 0.289993 0.681014 0.742037 0.594090 0.941074 0.158691 0.484189 0.185552 0.100000 0.923162 0.381304 0.100000 0.086046 0.578266 0.033053 0.100000 0.100000 0.255008 0.577465 0.443301 0.416494 0.206431 0.231060 0.930526 0.664045 0.698877 0.285070 0.100000 0.380434 0.100000 
0.073420 0.193784 0.461073 0.100000 0.165205 0.479855 0.020096 0.471202 0.298284 1.406766 0.636928 0.497051 0.100000 0.406100 0.537868 0.244366 0.336966 0.707763 0.100000 0.587677 0.153568 0.572509 0.471103 0.562185 0.641953 0.185761 0.138895 0.463700 0.272764 0.589259 0.664606 0.037334 0.292024 0.271505 
0.618219 0.641707 0.638711 0.100000 0.633014 0.527554 0.461938 0.878684 0.638816 0.659385 0.395403 0.553701 0.353051 0.831920 0.238992 0.345852 0.100000 0.185705 0.249766 1.024807 0.232656 0.335435 0.463534 0.348734 0.225264 0.616908 0.670536 0.562038 0.727325 1.302670 0.100000 0.102001 0.422253 0.491874 
