32 Number of operations 
12 Number of workers 
Standard production times 
0.366156 0.573039 0.419749 0.360008 0.387963 0.218629 0.565497 0.123632 0.464079 0.564352 0.498456 0.693036 0.158221 0.554216 0.500937 0.148398 0.302842 0.100000 0.469859 0.640761 0.473119 0.671775 0.661025 0.267618 0.392926 0.100000 0.193344 0.619901 0.563332 0.242496 0.401078 0.123151 
Production times: workers row and ops columns 
0.077406 1.055543 0.056506 0.773813 0.212362 0.189627 0.703135 0.100000 0.100000 1.365226 0.758469 0.656525 0.100000 1.279345 0.834570 0.646190 0.100000 0.031860 0.100000 0.374946 0.100000 0.631227 0.345057 0.525732 0.437455 0.100000 0.457565 0.100000 0.100000 0.100000 0.153589 0.409540 
0.978985 0.633869 0.665594 0.426064 0.547732 0.069021 1.212368 0.583228 0.100000 0.100000 0.461562 1.039865 0.856506 0.076598 0.018748 0.482322 1.581967 0.100000 0.100000 0.008925 1.100070 1.271734 1.131900 1.008590 1.112339 0.094068 0.565907 0.945548 0.060741 0.770283 1.225873 0.100000 
0.494354 0.654773 0.543446 0.988988 0.100500 0.053529 0.735605 0.763215 0.863031 0.354811 0.810857 1.036094 0.431658 0.578828 0.177892 0.460958 1.192687 0.100000 1.084906 1.096512 0.016761 1.135459 0.425650 0.696123 1.139532 0.195650 0.447788 0.698618 0.600832 0.598898 0.348496 0.269782 
0.505055 0.145570 0.153628 0.392242 0.205171 0.156345 0.893789 0.030096 0.534959 0.628852 0.158008 0.411668 0.084043 0.193077 0.855054 0.045179 0.100000 0.100000 0.514584 1.037516 0.100000 0.963901 0.862165 0.301284 0.773820 0.440317 0.001327 0.370341 0.491410 0.664199 0.273407 0.164182 
0.292336 0.912693 0.193884 0.551560 0.039938 0.043886 0.917841 0.100000 0.297174 1.389160 0.100000 0.778357 0.350582 1.024934 0.365519 0.545966 0.807115 0.168641 0.798580 0.656864 0.630837 1.274974 0.430607 0.054587 0.261308 0.488199 0.323146 0.194785 0.908649 0.501043 1.101900 0.135595 
0.416478 0.509521 0.834168 0.174040 0.100000 0.100000 0.283491 0.844214 0.465180 0.190468 0.572925 0.811348 0.240383 0.461300 0.220024 0.045550 0.416742 0.100000 0.392620 0.496585 0.836722 0.406864 0.546039 0.829955 0.237983 0.100000 0.274849 0.237242 0.100000 0.523088 0.292594 0.337100 
0.400770 0.595963 0.623545 0.441375 0.100000 0.203104 0.383084 0.100000 0.616711 0.190916 0.249220 0.885335 0.328109 0.018363 0.532680 0.100000 0.619544 0.491649 0.100000 0.988964 0.421381 0.643254 0.602826 0.100000 0.260613 0.142696 0.039869 0.303650 0.986197 0.100000 0.575767 0.100000 
0.975955 0.100000 0.367931 0.462461 0.178055 0.430127 0.100000 0.169517 0.900364 1.075128 0.210024 0.518816 1.099997 0.528302 0.433873 0.170303 0.901397 0.100000 1.499478 0.157285 0.393405 0.670803 0.377981 0.811189 0.100000 0.220980 0.416601 0.095161 0.819483 0.307080 0.121933 0.471579 
0.221276 0.412535 0.271788 1.095573 0.161424 0.805533 0.530325 0.100000 0.548476 0.859278 1.013117 0.601013 0.244612 0.588281 0.694218 0.100000 0.081469 0.289058 0.208406 0.580391 0.923411 0.659555 0.852883 0.399595 0.366774 0.002530 0.279807 0.508176 0.792646 0.494719 0.029072 0.464290 
0.409123 0.450048 0.248419 0.667754 0.028822 0.100000 0.159062 0.502410 1.012429 1.519752 0.100000 0.100000 0.100000 0.745428 0.362271 0.100000 0.460568 0.631093 0.100000 0.837513 0.217346 0.708420 0.166308 0.100000 0.659981 0.533937 0.100000 0.960545 1.273708 0.100000 0.100000 0.082004 
0.151115 0.091646 0.901980 0.467502 1.283196 0.602630 0.581067 0.714284 0.710287 0.321545 0.274717 0.776494 0.100000 0.292792 0.322875 0.206757 0.100000 0.181457 1.113789 1.409511 0.100000 1.184042 0.641315 0.031664 0.162584 0.186595 0.379948 1.445884 0.024552 0.100000 0.118608 1.085087 
0.580696 0.871740 0.256456 1.227982 0.606879 0.417115 0.101356 0.100000 0.771869 0.406045 0.629575 0.976105 0.352288 0.653317 0.100000 0.100000 0.100000 0.746933 0.364633 0.743910 0.485873 1.160542 0.166449 0.100000 1.252278 0.278537 0.100000 1.319447 0.542278 0.202749 0.100000 0.100000 
