27 Number of operations 
11 Number of workers 
Standard production times 
0.990391 0.481566 0.628521 0.245972 0.226407 0.529307 0.473737 0.699610 0.836016 0.161041 0.403047 0.209312 0.407513 0.362104 0.100000 0.201528 0.441127 0.549198 0.573102 0.359982 0.485471 0.617742 0.799634 0.222184 0.447185 0.685088 0.405864 
Production times: workers row and ops columns 
1.313962 0.597045 1.009159 0.612462 0.449617 0.837132 0.772335 0.516805 0.578815 0.100000 0.685093 0.100000 0.436276 0.738441 0.118670 0.277524 0.493666 0.885146 0.203521 0.100000 0.135818 0.629099 0.680649 0.481319 0.180385 0.944709 0.747208 
1.125384 0.549770 0.746493 0.337872 0.001165 1.077978 0.538118 0.945970 0.635612 0.592962 0.907819 0.127168 1.033690 0.837369 0.100000 0.731133 0.610901 0.507580 0.524510 0.341730 0.373138 0.538946 0.662680 0.278364 0.622943 0.873428 0.344741 
0.974094 0.518205 0.773904 0.279570 0.000150 0.440662 0.339608 0.537872 0.962631 0.100000 0.358857 0.332600 0.100000 0.820566 0.529051 0.100000 0.571007 0.234868 0.843442 1.192587 0.640188 1.160046 0.984348 0.356233 0.836932 0.956617 0.983841 
1.572660 0.665359 0.856818 0.842129 0.150582 1.009583 0.484141 1.232283 0.640873 0.449888 1.265831 0.582249 0.460993 0.341157 0.339155 0.058748 0.680368 1.142364 0.100000 0.348297 0.333913 1.137994 0.987456 0.339435 0.284941 0.929942 0.707277 
0.898069 0.125949 0.467786 0.546594 0.142375 0.207885 0.210388 0.425543 0.237767 0.179150 0.094757 0.100000 0.068130 0.100000 0.100000 0.602273 0.514534 0.391336 0.182386 0.100000 0.546251 0.445065 0.748578 0.731170 0.564640 0.415168 0.100000 
1.379605 0.130188 0.486603 0.299697 0.100000 0.100000 0.100000 1.085317 0.762615 0.100000 0.068504 0.933243 0.100000 0.100000 0.336508 0.100000 1.275376 0.213094 0.674059 1.230953 0.100000 0.863346 1.075218 1.411747 1.376286 1.162985 1.114326 
1.109833 0.100000 0.524150 0.156218 0.238192 0.100000 1.252440 0.943218 1.579160 0.100000 0.734170 0.465704 0.204304 0.344996 0.100000 0.869373 0.946586 0.695260 0.831999 1.157619 0.539516 0.082603 0.206743 0.350447 0.309646 0.848950 0.091500 
0.845763 0.961070 0.511301 0.100000 0.100000 0.290111 1.075047 1.092602 0.824097 0.100000 0.521137 0.765702 0.010663 0.292768 0.187448 0.096697 0.692770 0.901463 0.660722 0.290358 0.965068 0.497296 1.450147 0.377958 0.314187 0.886801 0.984891 
1.512588 1.298165 0.763043 0.755011 0.100000 1.029159 0.345728 0.734917 1.009231 0.146111 0.077315 0.523648 0.100000 0.652456 0.515476 0.777121 0.100000 0.935739 0.620474 0.750382 0.538626 0.570449 0.540436 0.535995 1.090752 0.869258 0.121960 
1.091883 0.959550 0.772693 0.299005 0.279401 0.999538 0.704504 0.610980 0.452057 0.146066 0.564167 0.100000 0.102006 0.741028 0.105038 0.483031 0.282629 1.010945 0.749318 0.816155 0.227229 1.419271 0.820718 0.288646 0.608495 0.404634 0.493236 
1.370025 0.351032 0.739575 0.100000 0.821125 0.303201 0.581145 0.595318 0.333740 0.100000 0.460903 0.148374 0.424300 0.351381 0.014628 0.540198 0.364985 0.671686 0.869736 0.100000 0.100000 0.877114 1.269992 0.549942 0.227411 0.321557 0.226957 
