31 Number of operations 
14 Number of workers 
Standard production times 
0.701626 0.263762 0.343079 0.512391 0.432667 0.290488 0.570300 0.100000 0.100000 0.278653 0.658332 0.651390 0.358745 0.100000 0.283578 0.448962 0.494491 0.231721 0.654594 0.739941 0.252780 0.356329 0.266226 0.514547 0.607214 0.539962 0.336423 0.460377 0.100000 0.261180 0.243244 
Production times: workers row and ops columns 
0.051515 0.425530 0.100000 0.748392 0.026571 0.100000 0.752456 0.100000 0.100000 0.934080 0.077039 0.713897 0.820264 0.314884 0.409363 0.337963 0.100000 1.154671 0.532102 1.072184 0.100000 0.019808 0.266656 0.436399 0.629227 0.594403 0.718953 1.065445 0.077525 0.100000 0.801354 
0.244236 0.100000 0.335502 0.431556 0.330636 0.797591 0.916638 0.100000 0.100000 0.197119 0.571479 0.227177 0.100000 0.100000 0.416138 0.582060 0.603828 0.100000 1.072314 0.409319 0.595543 0.643400 0.241934 0.729518 0.912633 0.370680 0.569728 0.350607 0.162336 0.307419 0.299126 
0.506653 0.620125 0.477239 0.289408 0.496714 0.372924 0.442672 0.441230 0.100000 0.100000 0.949837 0.702157 0.603277 0.100000 0.106742 0.349863 0.834521 0.100000 0.951134 0.970416 0.508167 0.324325 0.783905 0.457109 0.802260 0.674679 0.953799 0.718467 0.258550 0.351927 0.396346 
1.375146 0.510656 0.375264 0.100000 0.321688 0.452463 0.156971 0.100000 0.100000 0.773781 0.223663 0.530467 1.429615 0.533247 0.100000 1.374449 0.523864 0.506110 0.047541 1.142190 0.302506 0.100000 0.046215 0.246939 1.908749 0.893900 0.100000 0.823085 0.128915 0.549479 0.100000 
0.517342 0.366097 0.472334 0.484945 0.811958 0.267507 0.837297 0.427005 0.756251 0.581026 0.813777 0.869005 1.048949 0.311172 0.258078 0.778780 0.100000 0.677009 1.142606 0.576493 0.069359 0.560329 0.390858 0.406631 1.157445 0.822161 0.305705 0.702135 0.538443 0.659923 0.170802 
0.334425 0.139565 0.628042 0.911574 0.613387 0.413576 0.506988 0.192643 0.100000 0.263166 1.340290 1.159441 0.528390 0.100000 0.325444 0.651427 0.803071 0.100000 0.802891 0.094318 0.538974 0.125443 0.303867 0.554639 0.290135 1.284795 0.100000 0.867494 0.537181 0.100000 0.242340 
1.402814 0.351495 0.203583 0.251408 0.100000 0.100000 0.100000 0.100000 0.100000 0.155639 0.716706 0.100000 1.233655 0.100000 0.236703 0.495199 0.433799 0.696393 0.411877 0.978922 0.783151 0.638897 0.493148 1.218649 0.685148 0.100000 0.400785 0.373062 0.100000 0.331226 0.059262 
0.704755 0.755637 0.480612 0.445174 0.105585 0.100000 0.315411 0.010514 0.239509 0.100000 0.108999 0.048768 0.149883 0.164255 0.100000 1.061703 0.449983 0.100000 0.332923 0.425840 0.100000 0.475680 0.100000 0.538605 0.659513 0.355467 0.100000 0.173042 0.311551 0.642700 0.100000 
0.560718 0.827211 0.016873 0.411269 0.607061 0.100000 0.682899 0.355663 0.075682 0.459111 0.415624 0.170449 0.100000 0.000722 0.012709 0.100000 0.209191 0.100000 0.458245 0.344827 0.100000 0.199158 0.479699 0.100000 0.405809 0.548610 0.100000 0.187348 0.100000 0.312075 0.100000 
0.662048 0.544573 0.413589 0.566728 0.443544 0.479848 0.331103 0.100000 0.144319 0.672417 0.155455 0.276315 0.192228 0.153151 0.691576 0.906976 0.602777 0.115119 0.690976 1.542162 0.211827 0.447047 0.761202 0.931058 0.986643 0.418180 0.468252 0.532392 0.363852 0.051616 0.280752 
0.628526 0.205870 0.515184 0.878423 0.375878 0.186306 0.817487 0.100000 0.030998 0.844900 1.209432 0.480148 0.269577 0.296483 0.765841 0.595829 0.236341 0.309373 0.611660 1.123970 0.784082 0.495336 0.331686 1.181051 1.245913 0.128171 0.428961 0.100000 0.491863 0.100000 0.015072 
0.678788 0.917186 0.100000 0.227994 0.100000 0.460465 0.547428 0.100000 0.902541 0.183191 0.100000 0.100000 0.906791 0.435200 0.542122 0.737627 0.607331 0.461924 0.678296 1.819628 0.100000 0.378623 0.100000 0.446556 0.913094 0.611592 0.147983 1.017621 0.129740 0.772772 0.369767 
0.903679 0.978258 0.430081 0.620929 0.463347 0.068041 0.953935 0.029419 0.400376 0.630009 0.756638 1.097515 0.770245 0.159459 0.102210 0.797948 0.505610 0.459634 0.878200 0.473766 0.215936 0.854700 0.115663 0.965035 0.732798 0.100000 0.438122 0.829694 0.100000 0.100000 0.304483 
0.794586 0.048267 0.563206 0.529701 0.806184 0.782715 0.100000 0.100000 0.538574 0.100000 0.862750 0.159150 0.882695 0.100000 0.063634 0.726989 0.487659 0.100000 0.438951 0.524380 0.100000 0.575960 0.509728 0.935459 0.554536 0.255132 0.226555 0.100000 0.100000 0.100000 0.504538 
