30 Number of operations 
11 Number of workers 
Standard production times 
0.325080 0.889732 0.952049 0.568804 0.649311 0.530307 0.789625 0.478454 0.405025 0.432419 0.266115 0.482667 0.100000 0.404895 0.464617 0.302186 0.202504 0.632080 0.100000 0.159586 0.273702 0.515682 0.612434 0.282600 0.179759 0.571396 0.551208 0.477802 0.358346 0.426240 
Production times: workers row and ops columns 
0.100000 0.743943 1.395702 0.694355 0.744702 0.385591 0.237425 0.054296 0.505453 0.482700 0.195529 0.100000 0.100000 0.556525 0.501573 0.303859 0.100000 0.144729 0.303253 0.505692 0.100000 0.100000 0.714210 0.607075 0.051578 0.261332 0.184486 0.342407 0.656562 0.603813 
0.228365 1.399927 0.745301 0.597877 0.063372 1.281017 1.031076 0.115117 0.062607 1.166289 0.100000 0.291674 0.043891 0.100000 0.763295 0.235351 0.704816 0.100000 0.055150 0.335257 0.280636 0.143844 0.780905 1.141735 0.100000 0.865737 0.242889 0.100000 1.102852 0.023998 
0.100000 1.096198 1.603666 1.293559 0.100000 0.683263 0.155532 0.100000 0.100000 0.315228 1.017374 0.339758 1.257277 0.100000 0.371118 0.384270 0.958998 0.390686 0.619890 0.713137 0.100000 0.486046 0.294945 0.100000 0.100000 0.572672 0.100000 0.317622 0.100000 0.100000 
1.129447 0.669031 0.987097 0.401737 0.893399 1.062663 1.310149 0.654570 0.344350 0.100000 0.200787 0.077325 0.385421 0.562263 0.615276 0.100000 0.613227 0.370059 0.156022 0.529327 0.205898 0.627225 0.805151 0.684041 0.100000 0.880860 0.368884 0.358805 0.674219 0.976218 
0.095544 1.044051 0.653039 0.126672 1.030702 0.355534 0.510409 0.501703 0.248206 0.726159 0.398733 0.589507 0.171805 0.017707 1.042099 0.267807 0.430550 0.894320 0.395999 0.615761 0.610336 0.535718 0.925872 0.252073 0.088691 0.402348 0.559237 0.046903 0.512704 0.774638 
0.781686 0.739115 0.960888 1.547320 0.894624 0.687123 1.346050 0.658436 0.286921 0.519423 0.821582 0.916835 0.268012 0.878252 0.462144 0.439861 0.015725 1.043004 0.015704 0.179596 0.009947 0.712003 0.620818 0.147513 0.100000 0.432417 0.455505 0.985160 0.100000 0.484495 
0.501558 1.105893 0.576933 0.100000 0.722275 0.100000 0.176375 0.783414 0.288059 0.477105 0.142986 0.533720 0.186035 0.073907 0.330636 0.081259 0.494403 0.920855 0.147903 0.100000 0.676719 0.147284 0.100000 0.120279 0.221693 0.407333 0.467584 0.420309 0.543709 0.189502 
0.100000 1.112520 1.435733 0.638396 0.538874 0.345439 0.047227 0.242741 0.118351 0.264301 0.927688 0.799597 0.368615 0.014167 0.695895 0.100000 0.426777 0.948555 0.718722 0.460024 0.240815 0.755728 0.412586 0.347361 0.014074 0.596679 1.014576 0.617716 0.452250 0.307489 
0.035639 1.189973 1.062035 0.379152 0.772564 0.326667 1.310023 0.663341 0.334990 0.609620 0.100000 0.345220 0.249884 0.135245 0.105056 0.534327 0.489686 0.309228 0.100000 0.266383 0.467079 0.100000 0.721254 0.100000 0.504716 0.709801 0.175288 0.100000 0.769339 0.400306 
0.180087 1.749866 0.648190 0.223125 1.202183 0.100000 1.433919 0.185308 0.620829 0.765120 0.818924 0.008842 0.326428 0.327270 0.100000 0.615236 0.100000 0.643467 0.100000 0.370720 0.100000 0.831787 0.238828 0.305980 0.327304 1.364362 0.818961 0.560696 0.700538 0.484199 
0.758697 0.982167 1.577620 0.910334 0.681878 0.100000 1.588178 0.187176 0.453632 0.764799 0.100000 1.364969 0.100000 0.160078 0.431839 0.986199 0.028248 0.289999 0.100000 0.739846 0.522951 0.100000 0.744374 0.012654 0.511855 1.008240 0.267231 0.973577 0.900593 0.100000 
