33 Number of operations 
9 Number of workers 
Standard production times 
0.433947 0.809124 0.357814 0.138714 0.625069 0.411383 0.493669 0.445388 0.451216 0.571568 0.209897 0.432737 0.493710 0.194672 0.206180 0.711133 0.792474 0.275651 0.100000 0.186612 0.563465 0.217226 0.195332 0.479446 0.314834 0.233343 0.589085 0.307074 0.341912 0.293661 0.316086 0.233327 0.317309 
Production times: workers row and ops columns 
0.699383 1.906302 0.483451 0.019139 0.100815 0.397331 0.550386 1.053514 0.091738 1.234260 0.555214 0.796032 0.156414 0.980130 0.100000 0.554236 0.768618 0.564114 0.100000 0.005125 0.700760 0.100000 0.536953 0.676086 0.366816 0.100000 1.544308 0.997915 0.481042 0.093246 0.129956 0.738161 0.853786 
0.672943 0.329135 0.314981 0.275603 0.004262 0.902502 1.277136 0.709884 0.799043 0.966092 0.100000 1.228062 0.384413 0.100000 0.113346 0.705880 0.501819 0.672359 0.166974 0.361788 0.479527 0.100000 0.100000 0.399633 0.924089 0.331842 0.488461 0.512803 0.794175 0.406590 0.297632 0.452636 0.488285 
0.278271 0.556094 0.360441 0.100000 0.474788 0.789416 0.450630 0.100000 0.678014 0.794451 0.100000 0.454855 0.485458 0.100000 0.100000 1.135133 0.533329 0.100000 0.100000 0.844930 0.313079 0.100000 0.100000 0.681566 0.437314 0.238194 0.669223 0.100000 0.100000 0.100000 0.553566 0.100000 0.384702 
0.934088 0.551097 0.100000 0.583249 0.335502 0.100000 0.100000 1.120418 0.240822 0.100000 0.635576 0.985965 0.100000 0.114889 0.237930 1.338867 0.787162 0.307741 0.046259 0.535047 0.653567 0.316440 0.100000 0.927408 0.004536 0.100000 0.100000 0.565290 0.027365 0.764755 0.100000 1.200233 0.217774 
0.964474 1.134978 1.074711 0.080327 1.194423 0.619953 0.593638 0.019615 0.410258 0.035462 0.791992 0.366433 0.100000 0.038991 0.100000 1.211995 0.912459 0.324993 0.177285 0.594702 0.566834 0.387190 0.967957 0.440025 0.406714 0.100000 0.053808 0.245459 0.149127 0.100000 0.100000 0.570397 0.924476 
0.166903 0.608303 0.210961 0.131261 0.546538 1.184947 0.114408 1.325081 0.366633 0.877052 0.761674 0.637393 0.562803 0.414556 0.389730 1.002377 0.352334 0.625069 0.026994 0.474829 0.582686 0.651061 0.072254 0.836190 0.446673 0.291983 0.429569 0.122965 0.091319 0.454530 0.945271 0.421810 0.332817 
0.300420 1.173760 0.186066 0.088279 0.124477 0.063739 0.556915 0.831058 0.783362 0.761693 0.196152 0.853133 0.585526 0.100000 0.195447 0.948890 0.574880 0.638899 0.100000 0.452326 1.187196 0.641878 0.187692 0.569602 1.116570 0.100000 0.587319 0.351547 0.220087 0.108924 0.347468 0.197634 0.494582 
0.623944 0.507433 0.503497 0.100000 0.086044 0.266715 0.565815 0.526082 0.851130 1.263398 0.100000 0.420731 0.457481 0.874725 0.266581 0.813858 0.428017 0.056588 0.100000 0.157854 0.054747 0.019419 0.648152 0.722329 0.167637 0.100000 0.793766 0.239689 0.260295 0.100000 0.418990 0.215855 0.350628 
1.206284 0.922261 0.728051 0.100000 0.100000 1.559399 0.525518 1.437666 0.219201 0.783310 0.100000 0.352820 0.556322 0.393815 0.100000 0.100000 1.793333 0.100000 0.100000 0.100000 0.547102 0.100000 0.504457 0.999466 0.467859 0.464298 1.417760 1.172500 0.100000 1.817298 0.048972 0.898382 1.041183 
