36 Number of operations 
13 Number of workers 
Standard production times 
0.566307 0.481615 0.625271 0.643385 0.155920 0.532691 0.293341 0.585594 0.127615 0.815343 0.319128 0.540919 0.103875 0.546061 0.398929 0.454725 0.335424 0.349188 0.590729 0.372382 0.245537 0.256785 0.475211 0.577377 0.467229 0.316600 0.489056 0.489353 0.434166 0.590738 0.100000 0.501506 0.607813 0.100000 0.357937 0.414614 
Production times: workers row and ops columns 
1.207532 0.354539 0.908013 0.577150 0.100000 1.219100 0.439011 1.259136 0.100000 1.189007 0.476672 0.946433 0.350754 0.477739 0.248869 0.990853 0.468018 0.725813 1.110474 0.917591 0.331399 0.499576 0.740963 0.305768 0.635423 0.167780 0.482107 0.632364 0.800588 0.133715 0.100000 0.482489 0.740849 0.100000 0.142660 0.998269 
0.951153 0.100000 1.024839 0.456078 0.158951 0.562226 0.100000 1.188088 0.592263 1.209909 0.583313 0.602521 0.100000 0.399077 0.100000 0.056463 0.027948 0.250539 0.315336 0.100000 0.100000 0.530302 0.859724 0.088000 0.823294 1.210280 1.036086 0.531321 0.100000 0.661980 0.081919 0.836683 0.490819 0.100000 0.701935 0.850160 
0.215201 1.279118 0.480296 0.530517 0.100000 1.130011 0.305093 1.378385 0.237797 0.518948 1.338917 0.788616 0.100000 0.578690 0.473383 0.590572 0.050347 1.100340 0.939834 1.484125 0.237618 0.263733 0.460945 0.100000 0.779512 0.275531 0.090471 0.229969 0.795928 0.404797 0.660299 0.930833 0.100000 0.649942 0.100000 0.100000 
0.543246 0.543151 0.445950 0.740332 0.100000 0.716616 0.358405 0.497902 0.059187 1.921163 0.526173 0.326416 0.121415 0.526281 0.442590 0.252843 0.761566 0.173362 0.275548 0.006596 1.126337 0.466619 0.422101 0.536824 0.088213 0.100000 1.123070 1.267748 0.829538 0.404078 0.100000 0.557508 0.100000 1.244065 1.148098 0.376742 
0.095250 0.376509 1.052158 0.438039 0.134911 0.233413 0.100000 1.075725 0.100000 1.049911 0.100000 0.100000 0.218478 1.117079 0.196582 0.053437 1.192479 0.100000 0.631456 1.314838 0.545197 0.144008 0.688859 1.223199 0.100000 0.209310 1.176263 0.776419 1.625073 0.239222 0.899366 0.630457 0.825519 0.310931 0.100000 1.863003 
0.963731 0.930396 0.955169 0.749230 0.091660 1.058269 0.100000 1.036497 0.509340 0.977555 0.042406 0.912639 0.301062 1.160931 0.373865 0.314341 0.398084 0.162014 0.804502 0.462913 0.136989 0.641772 0.514965 0.287195 0.522659 0.709699 0.597176 0.933919 0.476143 0.900262 0.381617 0.586188 0.769719 0.179582 0.381057 0.477931 
0.603384 0.433170 1.345137 0.581248 0.112564 0.994326 0.255432 0.357907 0.033286 0.763566 0.314019 0.956662 0.020840 0.348370 0.847706 0.953927 0.612157 0.564351 0.100000 0.896662 0.100000 0.519304 0.929988 0.483906 0.418806 0.365185 0.679918 0.401483 0.914827 0.808739 0.100000 0.956036 0.864665 0.295358 0.542540 0.164155 
0.898994 0.593019 0.356838 0.528789 0.131681 0.041968 0.193921 0.244438 0.100000 0.718609 0.114497 0.924594 0.100000 0.250858 0.061468 0.449106 0.330812 0.100000 0.334525 0.599704 0.100000 0.060703 0.202789 0.291895 0.493261 0.251120 0.589864 0.100000 0.547366 1.143377 0.100000 0.261646 0.444788 0.100000 0.595518 0.082715 
0.680618 0.679671 1.026072 0.828393 0.100000 0.100000 0.100000 0.442653 0.100000 0.244409 0.586048 0.650509 0.100000 0.851020 0.900906 0.911156 0.522809 0.363778 1.229289 0.844312 0.442502 0.031883 0.328943 0.373436 0.608422 0.771740 0.801673 0.550315 0.863174 0.900675 0.224124 0.633597 1.010016 0.193782 0.138739 0.628949 
0.962550 0.034311 0.625165 0.593485 0.100000 0.100000 0.345404 0.232309 0.064384 0.750488 0.100000 0.282275 0.051573 0.570247 0.491796 0.567829 0.201743 0.100000 0.100000 0.294952 0.089980 0.100000 0.242108 0.190656 0.583420 0.414188 0.115838 0.022542 0.691059 0.631202 0.564856 0.100000 0.477849 0.100000 0.532218 0.100000 
1.389002 0.100000 0.590298 0.550664 0.050662 0.524373 0.100000 0.100000 0.422423 1.495033 0.100000 1.009603 0.100000 0.100000 0.549453 0.100000 0.100000 0.519936 1.441277 0.100000 0.064329 0.539856 0.617024 0.030955 0.026366 0.075349 0.848121 0.192156 0.100000 0.232912 0.100000 0.930357 0.928200 0.100000 0.598285 0.100000 
0.825735 0.444564 0.180477 0.140034 0.100000 0.410012 0.100000 0.462471 0.100000 0.294875 0.935945 0.472674 0.100000 0.565693 0.785446 0.471419 0.172732 0.100000 0.339831 0.143397 0.236677 0.151295 0.100000 0.644022 0.650126 0.019517 0.447174 0.334723 0.188159 0.655619 0.100000 0.448438 0.336979 0.061552 0.596105 0.013431 
0.220776 0.475240 0.100000 1.164976 0.059888 0.100000 0.408321 0.237195 0.100000 0.901884 0.017370 0.233272 0.088584 0.448792 0.448967 0.100000 0.659216 0.737018 0.609246 0.272732 0.100000 0.058382 1.000300 0.681780 0.360233 0.789196 0.096583 0.075958 0.100000 0.073020 0.057985 0.570550 0.109493 0.100000 0.100000 0.151535 
