21 Number of operations 
13 Number of workers 
Standard production times 
0.347641 0.268822 0.175576 0.212810 0.312550 0.330743 0.481163 0.279777 0.512679 0.220476 0.669909 0.100000 0.132121 0.280961 0.152345 0.231669 0.341101 0.266614 0.321668 0.377718 0.446071 
Production times: workers row and ops columns 
0.515293 0.420117 0.583873 0.309028 0.100000 0.210409 0.410409 0.108595 0.249359 0.194497 0.528837 0.100000 0.000642 0.040209 0.272251 0.422984 0.228671 0.439372 0.100000 0.774612 0.476125 
0.032827 0.454210 0.516619 0.100000 0.517164 0.222233 0.325547 0.096492 0.440226 0.525464 0.384937 0.055914 0.476645 0.321709 0.526837 0.134998 0.337491 0.374694 0.613707 0.213735 0.452231 
0.977179 0.267284 0.412543 0.663693 0.953781 0.743945 0.571187 0.740923 0.842021 0.080759 0.627846 0.119178 0.399363 0.040498 0.187104 0.675033 0.100000 0.736789 0.935482 0.100000 0.190495 
0.371923 0.310036 0.100000 0.100000 0.435134 0.368434 0.037936 0.050653 0.108014 0.100000 0.355300 0.228734 0.085709 0.348439 0.302882 0.599453 0.100000 0.100000 0.100000 0.100000 0.602429 
0.682088 0.120305 0.100000 0.100000 0.100000 0.644323 1.403329 0.066608 0.100000 0.100000 1.068106 0.384408 0.235602 0.012310 0.100000 0.140709 0.568703 0.100000 0.362958 0.744023 0.100000 
0.630504 0.935960 0.100000 0.536560 0.319244 0.077685 0.410905 0.319766 0.510845 0.100000 0.215389 0.100000 0.100000 0.100000 0.497940 0.064539 0.401939 0.348371 0.582923 0.634846 0.499879 
0.100000 0.100000 0.527272 0.303337 0.733632 0.362065 0.735595 0.661558 1.268149 1.408658 0.772383 0.100000 0.780451 1.497771 0.100000 0.100000 0.461298 0.100000 0.510957 0.216955 1.480284 
0.391238 0.367976 0.100000 0.015663 0.417352 0.291352 0.380871 0.551950 1.338367 0.100000 1.165902 0.105163 0.662089 0.100000 0.703658 0.457447 0.064456 0.473911 0.572300 0.598990 0.163567 
0.349576 0.534379 0.347162 0.447018 0.100000 0.346460 0.409675 0.273972 0.510310 0.100000 0.406762 0.102805 0.100000 0.886994 0.495351 0.276487 0.189063 0.591172 0.366071 0.652502 0.635655 
0.275864 0.870976 0.248381 0.108256 0.100000 0.227092 0.941237 0.586088 0.100000 0.100000 0.100000 0.991518 0.232349 0.100000 0.057964 0.212323 0.281329 1.199267 0.250434 1.109104 0.731993 
0.596094 0.100000 0.475217 0.404438 0.478349 0.633029 0.447609 0.534312 1.058385 0.520973 0.792322 0.374152 0.055272 0.100000 0.813502 0.766541 0.994536 0.728996 0.258396 0.454677 1.084579 
0.519217 0.824231 0.090507 0.018557 0.100000 0.711801 0.303174 0.183458 0.507697 0.100000 0.068958 0.100000 0.100000 0.100000 0.100000 0.100000 0.226430 0.114042 0.121160 0.497421 0.333438 
0.003742 0.514425 0.008378 0.184191 0.347609 0.100000 0.576896 0.451761 0.701337 0.495263 0.944374 0.130404 0.100000 0.398493 0.156774 0.430963 0.288930 0.552422 0.381726 0.507762 0.209647 
