18 Number of operations 
12 Number of workers 
Standard production times 
0.446016 0.187235 0.579742 0.521103 0.537109 0.334539 0.677330 0.409332 0.580432 0.422816 0.452522 0.319065 0.419164 0.100000 0.197034 0.422805 0.675177 0.517874 
Production times: workers row and ops columns 
0.127016 0.438202 0.838082 0.933562 1.116418 1.385901 1.003941 0.716727 0.192413 0.100000 0.345450 0.358151 0.481933 1.159079 0.040046 0.436248 1.043605 0.100000 
0.534436 0.100000 0.330868 0.757120 0.609173 0.100000 0.289305 1.071460 0.117042 1.205154 0.138595 0.407704 1.131163 0.056584 0.242020 0.601072 0.589545 0.215575 
0.505681 0.001374 0.387916 0.512053 0.100000 0.192702 0.676306 0.268210 0.400305 0.569552 0.657632 0.123317 0.249917 0.100000 0.053830 0.462926 0.514991 0.609633 
0.210697 0.014050 0.002250 0.846101 1.080544 0.059819 0.540427 0.170771 0.024846 0.952555 0.066148 0.636015 1.044019 0.317187 0.100000 0.619012 0.024210 0.578666 
0.100000 0.065145 0.697328 0.100000 0.199328 0.163741 0.003276 0.488357 0.600798 0.631558 0.138538 0.106760 0.620702 0.076400 0.100000 0.098991 0.727421 0.225572 
0.542029 0.100000 0.270703 0.412212 0.100000 0.081300 0.470710 0.892594 0.455841 0.244198 0.249446 0.812495 0.132321 0.151175 0.286161 0.100000 0.384243 0.644710 
0.375587 0.100000 0.768272 1.244245 0.679793 0.503567 0.720945 1.543696 0.155788 0.512644 0.719112 0.100000 0.172686 0.332491 0.100000 0.354293 0.847697 0.755664 
0.325561 0.485011 0.389451 0.660994 0.100000 0.260388 0.779102 0.562037 0.371880 0.363537 0.207578 0.162755 0.204533 0.100000 0.158791 0.100000 0.534090 0.376890 
0.445358 0.352338 0.299812 0.292842 0.966335 0.628631 0.534722 0.008413 0.905413 0.540964 0.368407 0.995864 0.100000 0.226454 0.104203 0.587835 1.009192 0.661700 
0.270148 0.100000 0.744259 0.689925 0.475654 0.037042 0.435736 0.594647 0.535085 0.135870 0.736375 0.604352 0.100000 0.327440 0.300481 0.277863 0.568671 0.516598 
0.022089 0.537564 0.360807 0.537341 0.515982 0.100000 0.370047 0.047333 0.668418 0.248474 0.548235 0.100000 0.543030 0.100000 0.100000 0.450084 0.904664 0.927756 
1.214292 0.100000 0.161368 0.209240 0.555493 0.650649 1.361477 0.100000 1.299095 0.615447 0.186724 0.276192 0.100000 0.269294 0.584696 0.194558 1.053286 0.368647 
