38 Number of operations 
12 Number of workers 
Standard production times 
0.126161 0.374317 0.186372 0.402454 0.293296 0.605289 0.309123 0.253050 0.100000 0.504761 0.359059 0.490799 0.439431 0.754546 0.438066 0.122177 0.208950 0.665522 0.245321 0.574402 0.451995 0.522376 0.173714 0.315918 0.433945 0.621713 0.100000 0.612723 0.824664 0.269524 0.221076 0.502424 0.148843 0.521117 0.409046 0.394905 0.475869 0.587507 
Production times: workers row and ops columns 
0.100000 0.544690 0.512813 0.100000 0.269522 0.404124 0.429109 0.575676 0.072878 0.225371 0.296936 0.227743 0.100000 0.515780 0.734286 0.100000 0.100000 0.490572 0.100000 1.044663 0.575398 0.684948 0.241341 0.020459 0.540832 0.545756 0.100000 0.224290 0.277327 0.100000 0.100000 0.662524 0.173305 0.191260 0.100000 0.513878 0.885715 0.100000 
0.541020 0.366179 0.838961 0.664440 0.100110 1.092409 0.580185 1.149694 0.100000 0.597078 0.420908 0.307457 0.338235 0.494924 0.111479 0.133907 0.100000 1.466048 0.279935 0.079797 0.335521 1.025081 0.100000 0.100000 0.803756 0.361567 0.266548 0.947592 0.100000 0.100000 0.100000 0.100000 0.100000 1.174531 0.472923 0.100000 0.656780 0.728108 
0.094345 0.662446 0.165279 0.777834 0.723368 0.753865 0.100000 0.557366 0.100000 0.402161 0.035822 0.804767 0.247606 0.549457 0.704652 0.100000 0.619374 0.366273 0.250017 0.096722 0.174525 0.100000 0.343374 0.241572 0.558647 0.594857 0.039699 0.281285 0.542958 0.226966 0.210806 0.133278 0.100000 0.447959 0.462869 0.279288 0.820008 0.424716 
0.211088 0.260024 0.277810 1.201494 0.100000 0.656677 1.049082 0.385236 0.041885 0.924020 0.100000 0.963058 0.949756 0.689638 0.367770 0.566600 0.100000 0.904092 0.848603 1.319572 0.100000 1.346651 0.412395 0.333903 0.356176 0.096166 0.342955 0.175075 1.400228 0.091380 0.133892 0.416001 0.106072 0.100000 0.100000 0.100000 0.133340 0.531950 
0.789052 0.280986 0.263842 0.100000 0.642584 0.810098 0.650434 0.016047 0.428192 0.562954 0.755689 0.665135 0.702402 0.889359 0.202367 0.087247 0.098871 0.735075 0.788802 0.317438 0.100000 0.824291 0.230106 0.594939 0.872010 0.180483 0.100000 1.194689 0.937757 0.014629 0.210473 0.753423 0.234790 0.645048 0.593903 0.423017 0.679697 0.679849 
0.100000 0.423453 0.146689 0.507110 0.165208 0.775275 0.100000 0.100000 0.040540 0.736037 0.529076 0.604288 0.245598 0.427528 0.477190 0.325344 0.100000 0.775500 0.024822 0.100000 0.778283 0.520683 0.100000 0.273946 0.093968 0.032700 0.425865 0.520232 0.873704 0.093733 0.100000 0.930444 0.238644 0.815137 0.467686 0.100000 0.300162 0.287341 
0.114732 1.129553 0.100000 0.206176 0.608873 0.669425 0.114485 0.167198 0.100000 0.732519 0.352457 0.175090 0.571261 1.206768 1.011982 0.057570 0.100000 0.890886 0.100000 0.100000 0.391413 0.516342 0.041569 0.069827 0.391454 0.854692 0.100000 0.745827 0.981265 0.467549 0.115241 0.222248 0.414890 0.816645 0.411427 0.100000 0.240463 0.546856 
0.100000 0.622316 0.651533 0.523527 0.573191 0.767586 0.451220 0.100000 0.415220 0.851127 0.100000 0.356393 0.761479 0.488180 0.021210 0.165987 0.543650 0.769902 0.100000 0.372198 0.475552 0.430041 0.100000 0.419193 0.100000 0.217863 0.100000 0.304312 0.941629 0.346929 0.100000 0.578474 0.883658 0.704975 0.097760 0.812196 0.922028 0.622600 
0.100000 0.519998 0.209341 0.051439 0.595038 0.609275 0.432567 0.385884 0.110369 0.621091 0.222775 0.529933 0.822820 0.411530 0.251806 0.463944 0.284369 0.663809 0.624835 0.518992 0.993124 0.176743 0.044764 0.182349 0.100000 0.306877 0.100000 0.164619 0.998044 0.100000 0.100000 0.364764 0.100000 0.539480 0.629515 0.347084 0.502860 0.707853 
0.005540 0.764874 0.021936 0.319178 0.729220 0.239532 0.512167 0.269147 0.369418 0.676567 0.348676 0.728941 1.103536 1.320176 0.278019 0.116287 0.100000 0.901023 0.510244 0.399392 0.242587 0.426406 0.100000 0.439737 0.651736 0.934903 0.126829 0.785414 1.237523 0.664115 0.599164 0.532305 0.777264 0.728721 0.186237 0.529657 0.089067 0.583592 
0.723167 0.203716 0.100000 0.226842 0.092288 0.860926 0.179013 0.100000 0.238351 0.345694 0.100000 0.378207 0.009099 0.100000 0.149641 0.569108 0.100000 0.192438 0.265796 0.290884 0.006070 0.804186 0.100000 0.372139 0.560423 0.235936 0.100000 0.767800 0.418938 0.718740 0.100000 0.100000 1.265095 1.068125 0.896629 0.179942 0.681310 0.100000 
0.289821 0.762352 0.182030 0.786598 0.834896 0.784232 0.650250 0.365257 0.475043 0.818965 1.085119 0.408228 0.134256 0.571414 0.825924 0.152586 0.100000 0.953768 0.460270 0.469413 0.540867 0.851295 0.552970 0.634907 0.637270 0.525425 0.453942 0.700066 0.863564 0.426115 0.100000 0.940038 0.310315 0.100000 0.010962 0.599203 0.446275 0.361389 
