40 Number of operations 
10 Number of workers 
Standard production times 
0.238732 0.261872 0.319657 0.387129 0.100000 0.630361 0.459158 0.192104 0.170123 0.594838 0.129346 0.419538 0.695270 0.144371 0.466047 0.448090 0.440264 0.487081 0.385146 0.189408 0.627073 0.449947 0.289291 0.115690 0.232471 0.179444 0.789494 0.662335 0.400156 0.239299 0.290471 0.522212 0.513108 0.100000 0.534309 0.512132 0.385641 0.480940 0.299373 0.372896 
Production times: workers row and ops columns 
0.645047 0.100000 0.501973 0.986110 0.281553 1.348395 0.100000 0.277768 0.074679 0.100000 0.098995 0.581680 0.537491 0.100000 0.100000 0.232362 0.888419 1.368856 0.426872 0.270820 0.901168 0.100000 0.770416 1.132587 0.100000 0.587188 1.171238 1.322265 0.774939 0.100000 0.100000 0.951610 0.680564 0.100000 1.062581 0.659949 0.765144 0.802575 1.227537 0.838235 
0.432606 0.554000 0.346703 0.004362 0.323662 0.771370 1.249355 0.518585 0.403733 0.767052 0.443305 1.106501 0.668985 0.100000 0.939125 0.374426 0.887811 0.583416 0.028381 0.416781 0.853334 0.760330 0.063103 0.417240 0.378643 0.009918 0.657183 0.406315 0.719747 0.354277 0.484102 1.091801 0.865653 0.100000 0.304527 0.639221 0.483636 0.492297 0.321886 0.383412 
0.041924 0.100000 0.310696 0.793196 0.970310 0.626905 0.530725 0.100000 0.100000 0.887250 0.100000 0.100000 0.788351 0.100000 0.852913 0.824506 0.125668 0.184067 0.964905 0.220510 0.830856 0.016353 0.027730 0.100000 0.699630 0.100000 0.988018 0.479526 0.278907 0.211830 1.133379 0.496059 0.893532 0.655114 0.059227 1.029947 0.490609 0.639333 0.100000 0.100319 
0.412318 0.481294 0.648700 0.337170 0.038516 0.535629 0.100000 0.069656 0.832234 1.042482 1.103073 0.076112 0.100000 0.222984 0.386685 0.946417 0.340142 0.940378 0.441621 0.102961 0.314712 0.307459 0.083271 0.197699 0.560564 0.819822 0.785457 0.391097 0.667875 0.100000 0.550472 0.100000 0.121115 0.120641 0.357212 0.383710 1.127370 1.183039 0.100000 0.887319 
0.652630 0.100000 0.236379 0.205986 0.190397 0.287045 0.757381 0.556780 0.266536 0.817225 0.074660 0.121662 1.086944 0.099062 0.202769 0.085825 0.021667 0.860342 0.643559 0.240395 0.897925 0.716450 0.179180 0.190717 1.122418 0.100000 0.615653 0.546718 0.520040 0.100000 0.404422 0.984542 0.751336 0.304720 0.649656 0.436876 1.109302 0.776540 0.443656 0.596835 
0.370916 0.153659 0.509534 0.595170 0.084561 0.592565 0.396315 0.334413 0.100000 0.658469 0.191952 0.392468 0.474259 0.100000 0.622216 0.042108 0.472078 0.144458 0.333467 0.063131 0.100000 0.368238 0.404664 0.163723 0.308959 0.277126 0.932619 0.387240 0.330942 0.100000 0.252120 0.307548 0.707652 0.100000 0.164384 0.328935 0.100000 0.100000 0.487194 0.444772 
0.571256 0.100000 0.669161 0.113799 0.310324 0.646206 0.466270 0.100000 0.100000 0.300882 0.203623 0.882716 0.731060 0.206432 0.211350 0.809091 0.064743 0.224688 0.434750 0.100388 0.532942 0.100000 0.244946 0.100000 0.023490 0.100000 0.609500 0.523978 0.188111 0.100000 0.431784 0.642242 0.100000 0.100000 0.464004 0.394970 0.100000 0.497290 0.038854 0.100000 
0.627645 0.100000 0.100000 1.418445 0.100000 0.983267 0.572524 1.038648 0.954592 0.979606 0.100000 0.051819 1.117959 0.100000 0.085427 0.320324 0.496716 0.943539 0.250734 0.100000 0.475387 1.034624 1.311919 0.117200 0.184836 0.100000 0.342995 0.100000 0.529632 0.412259 0.532465 0.552778 1.118326 0.216347 0.433823 0.317738 0.277490 0.069773 0.197275 0.429206 
0.494970 0.100000 0.739382 0.691036 0.614926 0.751722 0.521993 0.293652 0.529649 0.990371 0.432752 0.277546 0.813689 0.405918 1.306219 1.062660 0.233294 1.109642 1.253694 0.657366 0.636773 0.674390 0.547130 0.843937 0.368311 0.190839 0.358745 0.447896 0.229640 0.706122 0.153910 0.476208 0.550531 0.409078 1.023215 1.035885 0.951444 0.554956 0.501354 1.129516 
0.897915 0.455931 0.358092 0.100000 0.100000 1.134947 0.328384 0.100000 0.049618 0.362046 0.100000 0.100000 0.776385 0.100000 0.100000 0.567629 0.100000 0.828023 0.100000 0.193138 0.545312 0.594705 0.784686 0.009969 0.063965 0.677763 0.831963 0.094874 0.191183 0.088738 0.580428 0.156707 0.649153 0.100000 0.793612 0.100000 0.470554 1.000054 0.179099 0.613683 
