41 Number of operations 
13 Number of workers 
Standard production times 
0.372094 0.274343 0.674165 0.411140 0.548806 0.658949 0.464803 0.634501 0.860632 0.205602 0.354095 0.360098 0.502361 0.167990 0.291130 0.364320 0.432063 0.482803 0.428924 0.651788 0.137687 0.593961 0.402819 0.447668 0.497480 0.421677 0.594754 0.598273 0.323299 0.388878 0.175424 0.185073 0.395447 0.661872 0.100000 0.500682 0.182130 0.617462 0.490698 0.483982 0.253438 
Production times: workers row and ops columns 
0.762163 0.197015 1.175745 0.100000 0.485583 0.980666 1.422592 0.964999 0.667939 0.259608 0.681032 0.100000 0.216923 0.137874 0.574949 0.300444 0.329351 0.741386 0.031027 0.917155 0.507131 0.666455 0.374378 0.465257 0.786683 0.100000 0.015255 0.948810 0.909744 0.203398 0.124034 0.605740 0.855328 0.224394 0.100000 1.121901 0.100000 0.358449 0.672181 1.021606 0.391549 
0.814622 0.357584 0.405344 0.767101 1.201506 0.458906 1.192504 0.809253 1.225754 0.433427 0.418546 0.500162 0.615450 0.096508 0.405253 0.456928 0.498014 0.568936 0.697649 0.574342 0.640396 0.171511 0.747124 0.421358 0.079948 0.809269 0.784390 0.731752 0.079287 0.702480 0.411539 0.345548 0.357533 0.130066 0.100000 0.766771 0.131043 1.032302 0.240723 0.572189 0.130766 
0.125252 0.402517 0.470416 0.647810 0.741060 0.482658 0.035518 0.764051 1.151456 0.623138 0.488874 0.263862 0.134540 0.281541 0.100000 0.672800 0.573706 0.756961 0.100000 0.445744 0.177641 0.767452 0.640299 1.085020 0.967246 0.674634 0.736960 0.027317 0.458144 0.690402 0.039677 0.118937 0.865611 1.496336 0.188259 0.607557 0.722078 0.773023 0.825779 0.926884 0.100000 
0.437782 0.433524 0.644237 0.320657 0.927542 1.439043 0.792239 0.872484 0.657264 0.495454 0.448035 0.612005 0.614880 0.182659 0.172043 0.538440 0.195384 1.258744 0.345949 0.682644 0.976185 0.602270 0.740608 0.391054 1.257151 0.696986 0.470272 1.051061 0.100000 0.303556 0.052256 0.311051 0.600619 1.042100 0.700472 0.016332 0.498012 0.829555 0.213497 0.991337 0.419806 
0.100000 0.100000 0.701050 0.100000 0.443680 0.510492 0.577280 1.029120 0.702040 0.422427 0.100000 0.418308 1.339187 1.105184 0.892480 0.487284 0.085306 1.410565 0.829006 1.503423 0.463401 1.020164 0.100000 0.100000 1.174062 2.061391 0.746846 0.850680 0.100000 0.374966 0.533966 0.100000 0.100000 0.100000 0.003197 0.702359 0.228113 1.182440 0.100000 0.866603 0.141716 
0.469107 0.196193 0.863731 0.429318 0.624399 0.032071 0.650429 1.281279 1.092734 0.100000 0.012393 0.801906 0.643004 0.242063 0.238559 0.517915 0.607956 0.426702 0.100000 0.671322 0.100000 1.248746 0.100000 0.670284 0.196758 0.667824 0.847417 1.340647 0.478800 0.734771 0.100000 0.508732 0.111087 0.904602 0.903796 0.918434 0.156492 0.743950 0.735945 0.589284 0.589442 
0.100000 0.100000 0.758091 0.479695 2.171272 0.224597 0.482287 0.432724 1.339180 1.003885 0.800636 1.067058 0.828801 0.221203 0.390634 1.028194 0.734782 1.046489 0.828991 0.532615 0.100000 0.750850 0.809009 0.100000 0.100000 0.431859 0.100000 0.299566 0.100000 0.322742 0.320975 1.516855 0.395687 0.939278 0.100000 0.415044 0.100000 0.698318 0.100000 0.368420 0.498170 
0.136110 0.100000 0.608929 0.304830 0.732243 1.571007 0.852493 1.264698 0.636883 0.952992 0.100000 1.225873 0.874315 0.660993 0.463853 0.374543 0.435981 0.464376 0.100000 0.797613 0.392895 0.110643 0.100000 0.623207 0.100000 0.716132 0.736975 2.169666 0.750489 0.100000 0.100000 0.100000 0.259235 0.698206 0.179899 1.154031 0.397343 0.438585 0.607648 0.670676 0.526614 
0.118573 0.100000 1.800486 0.785210 1.060726 1.112806 0.927695 1.029088 0.978324 0.467894 0.326177 0.590942 0.461460 0.466747 0.591589 0.278104 0.582874 0.033964 0.035771 0.627629 0.171999 0.255072 0.625047 0.965088 0.877505 0.191774 0.523856 0.268364 0.100000 0.323086 0.730605 0.100000 0.546120 0.218058 0.100000 0.697145 0.100000 0.452995 0.931684 0.603639 0.100000 
0.311755 0.457808 0.673250 0.213345 1.220546 0.741839 0.740025 0.384659 1.365530 0.100000 0.395883 0.100000 1.019612 0.538131 0.779502 0.549501 0.345062 1.420750 0.269605 1.001318 0.100000 0.881313 0.190961 0.614098 0.226283 0.390204 0.425730 1.263628 0.559109 0.628224 0.460586 0.449616 0.547863 0.466501 0.100000 0.995460 0.100000 0.357090 0.262794 0.541786 0.411843 
1.249585 0.100000 1.025932 0.855834 0.100000 0.146050 0.775289 0.316464 0.275288 0.614797 0.100000 0.100000 0.254155 0.694012 0.671744 0.110725 1.725648 1.024403 0.106448 1.289355 0.590766 0.634546 0.098570 0.360182 0.100000 0.307607 1.386665 0.100000 0.100000 0.510956 0.100000 0.100000 0.424969 0.100000 0.100000 0.528195 0.055423 0.159137 0.553709 1.477854 0.100000 
0.141028 0.461005 0.371234 0.220053 0.388402 0.707507 0.433029 0.554991 0.790214 0.001291 0.100000 0.219942 0.565938 0.100000 0.362811 0.716713 0.232159 0.426960 0.534614 0.708600 0.480025 0.469403 0.653711 0.252978 0.405556 0.098037 0.063244 0.624093 0.323985 0.106349 0.285515 0.100000 0.100000 0.616361 0.096983 0.352295 0.116020 0.445610 0.253533 0.100000 0.573190 
0.656061 0.030241 1.361186 0.895326 1.235666 0.015617 0.409276 0.388460 1.305303 0.194560 0.187763 0.100000 1.160236 0.100000 0.729208 0.390593 0.146853 0.818320 0.100000 1.359795 0.052611 0.100000 0.100000 0.873581 0.516721 0.100000 0.606552 0.160147 0.404066 0.100000 0.642914 0.462268 0.100000 1.277165 0.100000 0.179350 0.147320 1.435039 0.311433 0.767701 0.100000 
