37 Number of operations 
9 Number of workers 
Standard production times 
0.281618 0.477426 0.789250 0.415131 0.100000 0.100000 0.415050 0.171079 0.244669 0.436121 0.305011 0.599658 0.379214 0.222315 0.539393 0.603886 0.406180 0.607161 0.615984 0.564779 0.600999 0.368164 0.336380 0.195488 0.145636 0.390532 0.491103 0.206586 0.488978 0.557827 0.566780 0.338341 0.529989 0.112438 0.200766 0.675542 0.129023 
Production times: workers row and ops columns 
0.100000 0.959050 0.847189 0.459176 0.113833 0.100000 0.100000 0.098649 0.172258 0.412513 0.689883 0.711390 0.100000 0.827023 0.177742 1.114631 0.404096 0.340291 0.802834 0.793520 0.640512 0.269347 0.327608 0.646382 0.100000 0.100000 0.273165 0.286258 0.971461 0.467902 0.326894 0.046703 0.815739 0.448150 0.852104 0.100000 0.312334 
0.094292 0.648782 0.828269 0.508274 0.392688 0.100000 0.185208 0.514840 0.612560 0.416709 0.634552 1.061372 0.975511 0.472323 0.722726 0.861919 0.453400 0.806935 0.524461 1.011440 0.625969 0.933117 0.100000 0.169899 0.100000 0.023803 0.303258 0.300845 0.351836 0.685563 0.685761 0.876528 0.489337 0.291348 0.327323 0.942734 0.554733 
0.085058 0.414067 0.811616 0.191597 0.190371 0.100000 0.317420 0.327027 0.237595 0.452090 0.100000 0.628691 0.614881 0.195858 0.100000 0.971962 0.358869 0.307262 0.424260 0.674250 0.365476 0.500632 0.100000 0.100000 0.147831 0.565743 0.100000 0.100000 0.317140 0.101800 0.840015 0.384508 0.247847 0.100000 0.493989 1.211388 0.274487 
0.100000 0.816280 0.342128 0.379526 0.100000 0.100000 0.349093 0.670461 1.014384 0.257615 0.178682 0.059086 0.100000 0.534994 0.100000 0.642455 0.100000 0.393340 1.300173 0.733591 0.730193 0.477265 0.059629 0.100000 0.100000 0.407206 0.489264 0.524900 0.506053 0.599756 0.994223 0.100000 0.676769 0.330148 0.126976 0.695419 0.225734 
0.563636 0.910809 0.723814 0.100000 0.180785 0.393188 0.646552 0.100000 0.100000 0.964519 1.268745 0.480250 0.100000 1.217881 0.852383 0.509140 0.414838 0.982368 0.839637 1.200227 1.449357 0.681527 0.125518 0.100000 0.100000 0.709058 0.100000 0.100000 0.534586 0.426125 1.491837 0.100000 1.059037 0.046360 0.100000 0.720284 0.100000 
0.971070 1.060406 0.825624 0.100000 0.100000 0.100000 0.689034 0.632450 0.380168 0.462035 0.459905 1.652468 0.290233 0.387329 0.247181 1.200119 0.008958 0.100000 0.711328 0.100000 1.347281 0.657857 1.056328 0.980545 0.840199 0.795947 1.067656 0.100000 0.966031 1.186432 0.761103 0.100000 0.178560 0.100000 0.100000 0.100000 1.132519 
0.176739 0.300375 0.561758 0.318538 0.064634 0.042245 0.100000 0.551662 0.421670 0.210220 0.100000 0.461570 0.320498 0.571927 0.625377 0.666002 0.300540 0.432859 0.406684 0.634045 1.355190 0.082276 0.304970 0.547600 0.416831 0.219204 0.492281 0.100000 1.302960 0.241279 0.418055 0.504175 0.698256 0.100000 0.100000 0.312931 0.100000 
0.589511 0.000113 1.023768 0.279065 0.168247 0.082491 0.100000 0.659109 0.593463 0.436578 0.862465 0.543523 0.161507 0.100000 0.060411 0.817183 0.300024 0.770854 0.689600 1.075363 0.879206 1.142717 0.611234 0.176106 0.100000 0.138948 0.693109 0.142902 1.017318 0.723443 0.754121 0.539014 0.453282 0.100000 0.834405 0.762853 0.140604 
0.100000 0.628659 0.827968 0.159114 0.474542 0.100000 0.531598 0.231116 0.418151 0.579980 0.696857 0.615614 0.100000 0.100000 0.474800 0.477779 1.021910 0.247390 0.043628 0.448927 0.928082 1.304398 0.100000 0.100000 0.100000 0.706058 1.249934 0.100000 0.180394 0.820285 0.100000 0.100000 0.100000 0.100000 0.100000 0.100000 0.043939 
