39 Number of operations 
9 Number of workers 
Standard production times 
0.550012 0.321843 0.379265 0.424538 0.302487 0.201050 0.346301 0.100000 0.327904 0.691656 0.391101 0.540069 0.182513 0.374322 0.100000 0.378925 0.617427 0.109669 0.185683 0.695864 0.675334 0.514811 0.563111 0.373520 0.165602 0.502006 0.822671 0.461255 0.563503 0.226492 0.313394 0.496411 0.300396 0.100000 0.122548 0.355483 0.171033 0.595598 0.261073 
Production times: workers row and ops columns 
0.116113 0.839695 0.100000 0.100000 0.850454 0.191715 0.163397 0.100000 1.066114 1.049782 0.456834 0.100000 0.100000 0.631041 0.100000 0.398321 0.366949 0.100000 0.726612 1.445125 1.082744 0.715336 0.498902 0.618412 0.100000 0.100000 0.100000 0.346823 0.691744 0.224121 0.422562 0.025623 0.926831 0.878685 0.100000 0.100000 0.100000 0.868635 0.100000 
0.875874 0.126561 0.389783 0.372011 0.623653 0.255499 0.843559 0.341831 0.418131 1.064219 0.825668 0.418245 0.100000 0.276543 0.044696 0.158504 1.002061 0.295929 0.100000 1.000727 0.832212 0.721866 0.537010 0.100000 0.440528 0.304849 1.256901 0.639642 0.846831 0.358346 0.826440 0.509135 0.100000 0.189599 0.542406 0.045075 0.031403 0.212760 0.148414 
0.358396 0.100000 0.564063 0.400023 0.703796 0.298071 0.753039 0.141670 0.370506 0.831287 1.055558 0.377200 0.519755 0.051784 0.304482 0.487849 0.916388 0.100000 0.100000 0.452907 0.546245 0.327577 0.594474 0.573581 0.100000 0.686067 1.231095 0.557538 0.561829 0.145662 0.100000 0.544425 0.201612 0.259904 0.100000 0.427960 0.635928 0.324844 0.645594 
0.737415 0.121709 0.343549 0.566397 0.257224 0.246216 0.100000 0.469986 0.060386 0.736041 0.032337 0.575008 0.100000 0.153253 0.100000 0.200936 0.094576 0.100000 0.147668 0.474953 0.827206 0.548031 0.216722 0.194036 0.100000 0.052896 0.633521 0.674607 0.325716 0.415372 0.198523 0.531906 0.600950 0.100000 0.100000 0.018054 0.100000 0.465724 0.100000 
0.872258 0.245824 0.571459 0.497371 0.100000 0.100000 0.303137 0.217060 0.100000 0.844754 0.289541 0.413610 0.100000 0.378891 0.027835 0.830587 0.417062 0.100000 0.100000 0.816295 0.722403 0.468785 0.568817 0.575047 0.009250 0.959822 0.984750 0.786185 0.374508 0.139240 0.463013 0.199233 0.100000 0.422870 0.077922 0.059652 0.100000 0.059157 0.331038 
0.634534 0.100000 0.898835 1.040055 0.102080 0.240479 0.100000 0.019784 0.100000 1.536355 0.681742 0.110904 0.044545 0.667233 0.455470 0.899493 0.100000 0.075423 0.371611 0.505454 0.565399 0.100000 0.768546 0.239964 0.100000 0.569553 1.290545 0.222363 0.339265 0.437945 0.379061 0.151468 0.602704 0.100000 0.100000 0.100000 0.277304 0.056442 0.117366 
0.005291 0.458752 0.933702 0.932966 0.311404 0.528855 0.692222 0.100000 1.237228 1.095399 0.262795 0.259005 0.224964 0.533773 0.100000 0.318173 0.528082 0.380769 0.144005 0.930173 1.158228 0.806619 0.851925 0.100000 0.469363 0.764482 0.909673 0.463110 0.827573 0.949503 0.100000 0.895775 0.341999 0.260579 0.106562 1.127656 0.209170 1.247627 1.056248 
0.780825 0.068313 0.252348 0.040445 0.100000 0.444717 0.458925 0.239096 0.288853 0.785505 0.100000 0.496761 0.361579 0.100000 0.298555 0.100000 0.553256 0.100000 0.020898 0.721739 0.330015 0.702043 0.309503 0.240872 0.100000 0.084895 0.587709 0.100000 0.540992 0.111633 0.230320 0.434627 0.388726 0.100000 0.045721 0.346430 0.413747 0.366855 0.100000 
1.194244 0.015429 0.211828 0.981838 0.478263 0.228311 0.667409 0.020095 0.585860 0.100000 0.252684 0.815436 0.593516 0.626565 0.079192 0.502284 0.942439 0.100000 0.426292 0.284582 0.916298 1.163466 0.321922 0.109221 0.590768 0.792313 0.616145 0.372446 0.506311 0.544411 0.391948 1.020884 0.629854 0.519533 0.688637 0.621051 0.072111 0.844189 0.611651 
