42 Number of operations 
14 Number of workers 
Standard production times 
0.668731 0.184321 0.631844 0.420095 0.500102 0.852213 0.336273 0.269383 0.433746 0.682891 0.559640 0.542945 0.749687 0.521511 0.361882 0.263887 0.740700 0.100000 0.194218 0.491405 0.395064 0.100000 0.411635 0.222960 0.739420 0.465719 0.201296 0.508376 0.445835 0.249330 0.190511 0.787847 0.450023 0.604472 0.469138 0.807594 0.687310 0.100000 0.381642 0.325718 0.221763 0.791703 
Production times: workers row and ops columns 
1.036728 0.318711 0.956997 1.195199 0.482141 1.176425 0.603278 0.821585 0.196827 0.751854 0.325110 0.411812 0.472022 0.988014 0.684703 0.687063 0.249706 0.645131 0.294231 0.903189 0.606402 0.100000 0.353999 0.789614 1.422221 0.388204 0.059008 0.477868 1.142616 0.884813 0.683821 0.768930 0.704521 0.552908 0.779070 0.741678 1.231689 0.460258 0.697492 0.722330 0.336231 0.672473 
0.711579 0.616260 0.723572 0.522204 0.535421 1.586443 0.367408 0.823748 0.241649 0.807617 1.233232 0.455394 0.878960 0.546820 0.236019 0.414017 1.215044 0.571486 0.100000 0.401500 0.618137 0.510342 0.060519 1.075730 0.310755 0.345003 0.018288 0.718797 0.100000 0.459275 0.407719 0.613187 0.455913 0.559762 0.929215 0.656553 0.435954 0.426139 0.454637 0.823824 0.040194 1.112179 
1.170127 0.300348 0.325410 0.760676 0.162947 0.932227 0.329795 0.021886 0.131723 0.326963 0.295294 0.554309 0.623282 0.222059 0.316938 0.100000 0.498713 0.100000 0.264695 0.193270 0.362901 0.100000 0.340131 0.528242 0.592996 0.161036 0.281350 0.573990 0.100000 0.774720 0.247658 0.551070 0.109149 0.593485 0.581239 0.622048 1.118839 0.714866 0.372310 0.296482 0.675449 0.486639 
1.798224 0.822712 0.800918 0.423914 0.180208 0.252375 0.498886 0.361714 0.343726 0.693837 1.338500 0.726023 0.954091 0.727089 0.341988 0.825043 0.545816 0.190747 0.797617 0.644235 0.596358 0.100000 0.641426 0.539537 1.476026 0.481003 0.219865 0.203271 0.637558 0.245316 0.100000 1.016057 0.100000 1.080561 0.100000 0.679241 0.730032 0.633349 0.302525 0.100000 0.100000 2.552806 
1.014759 0.362024 0.100000 0.100000 0.237377 1.315070 0.261174 0.100000 0.100000 0.884355 0.619255 0.086854 0.776395 0.279081 0.100000 0.760524 0.894696 0.121502 0.306152 0.317168 0.576601 0.100000 0.100000 0.711232 0.368062 0.202933 0.100000 0.934597 0.626520 0.100000 0.219741 0.494710 0.172981 0.627579 0.136529 0.465999 1.324395 0.126680 0.230032 0.856318 0.478614 0.603509 
0.468197 0.100000 0.955817 0.545382 0.336744 0.374408 0.295544 0.495271 0.244987 0.454336 0.877510 0.858925 0.079137 0.625224 0.096622 0.345276 0.609674 0.012901 0.100000 0.393504 0.033940 0.568804 0.037958 0.321788 0.878408 0.687563 0.366846 1.000365 0.638861 0.069622 0.258464 0.523621 0.100000 0.316343 0.100000 1.003696 0.442867 0.149055 0.214370 0.215717 0.021210 0.720836 
0.292666 0.173792 0.201849 0.526561 0.100000 1.314619 0.352630 0.071857 0.575771 0.589456 0.547379 0.553163 0.931366 0.552758 1.004672 1.043250 0.974326 0.100000 0.416449 0.826124 0.263503 0.100000 0.287513 0.100000 0.803280 0.436471 0.438719 0.803801 0.100000 0.116836 0.236489 0.939741 0.442461 0.304056 0.666168 0.711868 0.745849 0.100000 0.404636 0.169768 0.223787 0.575945 
0.982727 0.301281 0.752833 0.100000 0.552366 0.774955 0.100000 0.100000 0.989608 0.449736 0.601499 0.972368 0.850702 0.859861 0.288741 0.100000 1.191574 0.083781 0.100000 0.810744 1.745291 0.100000 1.244755 0.331131 0.859255 1.512249 0.148650 0.889787 0.812471 0.002121 0.337925 0.100000 0.460042 0.174797 0.236740 0.816502 1.392930 0.100000 0.612301 0.114591 0.777528 0.851698 
0.683210 0.179978 0.570551 0.366358 0.421854 0.902792 0.529408 0.779238 0.594052 1.125376 0.940960 0.657036 0.564541 0.943979 0.572822 0.750094 1.307810 0.644732 0.140347 1.197667 0.514102 0.564764 0.661992 0.483515 0.884162 0.258953 0.045527 0.677985 0.906349 0.550429 0.124522 1.035660 0.616732 0.757254 0.907343 0.874738 0.448756 0.289669 0.237964 0.628176 0.100000 0.555431 
1.522961 0.782348 0.651992 0.395502 0.017454 0.972753 0.500246 0.059555 0.529284 0.927047 0.100000 0.812143 1.332876 0.536549 0.398604 0.100000 0.119995 0.603148 0.226463 0.100000 0.039744 0.254195 0.008870 1.121631 0.992665 0.467112 0.157504 0.158124 0.127827 0.476256 0.372642 0.590937 0.482178 0.740446 0.906734 1.377995 1.189331 0.139549 0.863595 0.100000 0.556705 0.300743 
0.054227 0.100000 0.526701 0.539695 0.483250 0.507012 0.561717 0.355083 0.415480 0.610564 0.425986 0.351128 0.607021 0.476444 0.426113 0.001015 0.109808 0.027638 0.422173 0.229362 0.295768 0.039366 0.034790 0.100000 0.499500 0.165107 0.100000 0.452752 0.337485 0.117678 0.100000 0.382824 0.582662 0.688074 0.121677 0.819190 1.396046 0.100000 0.279796 0.325297 0.100000 0.898965 
0.427281 0.120999 0.870396 0.461773 0.644737 1.012436 0.457467 1.005026 0.914742 1.032754 0.773077 0.414795 0.429588 0.896708 0.775650 0.569293 1.017350 0.357921 0.364119 0.826416 0.366956 0.340640 0.305672 0.288152 0.368869 0.586724 0.559886 0.503297 0.269089 0.138580 0.346649 0.609222 0.366826 0.468289 0.383718 1.200440 1.054460 0.764811 0.851058 0.941904 0.512199 0.881407 
0.850192 0.444301 0.317255 0.493040 0.398638 1.274046 0.768148 0.903690 0.509145 0.311354 1.106094 0.557407 0.522716 0.473921 0.090799 0.104644 0.541331 0.121042 0.481122 0.504595 0.304021 0.420554 0.184786 0.242911 0.879680 0.539535 0.100000 0.493933 0.697618 0.100000 0.575887 0.667729 0.750648 0.874888 0.732686 0.584646 0.513882 0.318617 0.360507 0.100000 0.221662 0.804208 
0.652388 0.977228 1.061275 0.840449 0.060669 1.078632 0.960951 0.424030 0.412233 0.722829 0.678178 0.470101 0.462780 0.358884 1.007828 0.790580 0.687029 0.100000 0.677561 0.560983 0.496593 0.100000 0.448276 0.661628 0.822876 0.730132 0.100000 0.191954 0.282511 0.941442 0.100000 0.661310 0.765723 0.398847 0.926732 1.022068 1.280322 0.100000 0.893924 0.064137 0.332885 1.436605 
