26 Number of operations 
12 Number of workers 
Standard production times 
0.318785 0.388577 0.772050 0.375923 0.372682 0.100000 0.391354 0.576194 0.532938 0.294402 0.408570 0.309823 0.247173 0.246020 0.191028 0.283231 0.203489 0.626028 0.467394 0.333984 0.452813 0.255663 0.871346 0.452013 0.534159 0.526959 
Production times: workers row and ops columns 
0.607876 0.100000 0.575552 0.100000 0.120481 0.100000 0.206314 0.613978 0.726376 0.100000 0.100000 0.608205 0.231071 0.100000 0.133702 0.214046 0.058954 0.192854 0.216907 0.597195 0.355035 0.120829 0.709799 0.100000 0.415105 1.039555 
0.255217 0.214826 0.432029 0.167610 0.392876 0.295011 0.531596 1.115558 0.086355 0.100000 0.469064 0.440687 0.100000 0.146548 0.409403 1.076751 0.035128 0.803591 1.388034 0.279123 1.071539 0.100000 1.273382 0.309014 0.374210 0.612503 
0.854887 0.753632 1.050561 1.053171 0.149538 0.100000 0.717025 0.140265 0.635868 0.100000 0.397724 0.594617 0.100000 0.100000 0.535851 0.034152 0.100000 0.100000 0.626458 0.080491 0.610607 0.171063 1.342217 0.879132 0.100000 0.510405 
0.172671 0.148429 0.672471 0.721731 0.100000 0.172768 0.183887 0.261557 0.720179 0.100000 0.031434 0.241203 0.100000 0.197851 0.370289 0.531104 0.140126 0.100000 0.488847 0.540357 0.512499 0.161951 0.639478 0.580157 0.292072 0.795173 
0.677178 0.691574 0.750137 0.374980 1.002842 0.246816 0.966339 0.603378 0.463983 0.007805 0.221136 0.100000 0.350470 0.633527 0.935026 0.311936 0.094014 0.529626 0.767241 0.995964 1.052879 0.282117 1.028912 1.020586 1.099752 1.193404 
0.374878 0.682261 0.528652 0.105752 0.100000 0.467110 0.284376 0.533676 0.958277 0.722659 0.237562 0.423650 0.557057 0.581998 0.321459 0.587103 0.373287 1.070998 0.431035 0.441597 0.739598 0.854724 1.417852 1.155828 0.493157 0.474840 
0.100000 0.547574 0.866069 0.364775 0.554697 0.299298 0.433241 0.436489 0.781301 0.578175 0.199781 0.253131 0.233229 0.457869 0.551117 0.219626 0.100000 0.772345 0.637678 0.955859 1.203269 0.361308 0.991524 1.185190 0.418669 1.299517 
0.100000 1.523873 0.953219 0.544873 0.504961 0.100000 1.057209 0.023665 0.100000 0.100000 1.275846 0.100000 1.199847 0.100000 0.100000 0.331484 0.100000 0.100000 1.114761 1.680343 0.520422 0.100000 0.487958 0.420351 0.518528 0.100000 
0.257592 0.425915 0.852916 0.033955 0.575947 0.448868 0.050074 0.851418 0.884805 0.138951 0.100000 0.529123 0.100000 0.100000 0.305360 0.378406 0.085433 0.748083 0.100000 0.213013 0.177755 0.292899 0.500948 0.219567 0.100000 0.265492 
0.120598 0.388456 0.343201 0.100000 0.100000 0.433123 0.017576 0.446879 0.275332 0.372419 0.026995 0.108687 0.707853 0.102476 0.139081 0.472400 0.118962 0.232234 0.285335 0.071873 0.522691 0.258272 0.653997 0.100000 0.345380 0.469556 
0.929180 0.952272 1.437139 0.734478 0.467421 0.171213 0.682766 0.936327 0.298001 1.402331 1.274634 0.100000 0.245646 0.175047 0.129511 0.461424 0.341115 1.191390 0.765556 0.405226 0.197665 0.117196 0.628514 1.084068 0.078628 0.214994 
0.457178 0.000749 0.305558 0.671887 0.429181 0.819774 0.629154 0.798711 0.506461 0.060155 0.349016 0.049475 0.100000 0.602215 0.101048 0.808230 0.100000 0.631671 0.063844 0.207303 0.616158 0.320729 0.888920 0.513416 0.463639 0.156929 
