29 Number of operations 
14 Number of workers 
Standard production times 
0.100000 0.271475 0.583201 0.653428 0.680282 0.513348 0.165850 0.391133 0.100000 0.446577 0.100000 0.212011 0.415132 0.677590 0.793174 0.247184 0.245742 0.421647 0.339522 0.582216 0.352021 0.464089 0.643362 0.342071 0.523324 0.369746 0.989091 0.396760 0.523511 
Production times: workers row and ops columns 
0.002962 0.100000 1.018283 0.100000 0.915345 0.003366 0.120298 0.700897 0.061712 0.467347 0.100000 0.100000 0.103734 0.736239 0.790374 0.202306 0.386582 0.100000 0.331833 0.290104 0.297510 0.914794 0.244698 0.163546 0.326273 0.462714 1.034061 0.500630 0.440786 
0.100000 0.100000 0.237888 0.784994 0.899667 0.341010 0.366152 0.437738 0.100000 0.572395 0.265534 0.100000 0.199411 0.624820 0.957355 0.082105 0.100000 0.491052 0.100000 0.355215 0.689417 0.918829 0.761015 0.100000 0.229930 0.100000 0.541674 0.074230 0.345966 
0.381531 0.100000 0.138299 0.455439 1.277109 0.225704 0.100000 0.100000 0.100000 0.755313 0.100000 0.640072 0.621882 0.845348 1.152756 0.213628 0.395639 0.191989 0.219641 0.935510 1.235653 0.608781 1.083739 0.419794 0.321172 0.530627 1.289334 0.562489 0.507968 
0.082669 0.031576 1.099185 0.343722 0.997652 0.640190 0.100000 0.611018 0.229962 0.832293 0.100000 0.523640 0.410709 0.546179 0.825083 0.214039 0.100000 0.550285 0.314492 0.819211 0.789362 0.722933 0.672375 0.790424 0.844702 0.315243 1.306059 0.671845 0.887076 
0.071608 0.164358 1.480435 1.074567 0.980217 0.326947 0.100000 0.776035 0.825151 0.649599 0.100000 0.211286 0.684430 1.162778 0.304444 0.445754 0.191433 0.710989 0.479713 1.068431 0.578957 0.559155 0.688191 0.546496 1.445063 0.902223 1.123496 0.870504 0.484465 
0.489102 0.158576 0.692386 0.580517 1.170504 0.447807 0.357575 0.838454 0.046033 0.320281 0.129165 0.904296 0.806310 1.193719 1.072718 0.030083 0.235681 0.277916 0.612543 0.717385 0.621428 0.205248 1.085888 0.887440 0.426056 0.920348 0.722351 0.739196 0.223609 
0.100000 0.232923 0.476335 0.400681 0.968252 0.523733 0.100000 0.420540 0.270025 0.960561 0.074873 0.366002 0.385529 1.008508 1.196596 0.584793 0.275750 0.414107 0.560042 0.623703 0.691241 0.580858 1.331484 0.640543 0.823211 0.268147 0.978093 0.521289 0.133716 
0.022907 0.365020 0.299156 0.575501 0.577727 0.434483 0.238560 0.663168 0.100000 0.354536 0.100000 0.768206 0.303934 0.717096 0.867286 0.112531 0.100000 0.256760 0.367592 0.833858 0.303677 0.100000 0.852713 0.083589 0.012062 0.158960 1.151920 0.209982 0.200807 
0.100000 0.683250 0.008109 0.759091 0.298980 0.100000 0.249444 0.081522 0.018654 0.003717 0.273720 0.437145 0.145846 0.720697 1.017572 0.080264 0.100000 0.031236 0.527679 0.475424 0.313913 0.069386 0.526970 0.199978 0.388322 0.242119 0.949825 0.083684 0.498662 
0.414607 0.514575 0.659274 0.100000 0.308234 0.820036 0.100000 0.766872 0.363182 0.623941 0.100000 0.211271 1.237318 1.330951 1.302986 0.100000 0.441433 0.100000 0.581931 0.807726 0.100000 0.210280 1.025484 0.100000 0.237566 0.901747 0.407778 1.292638 0.007947 
0.100000 0.407745 0.420151 1.491238 0.238321 0.100000 0.113679 0.008620 0.541657 0.100000 0.364196 0.021857 1.034111 0.791930 0.100000 0.477380 0.077056 0.100000 0.054732 0.727839 0.563753 0.106918 1.101575 0.100000 1.291451 0.100000 1.584321 1.092217 0.733436 
0.620645 0.662411 0.100000 0.247467 0.492124 0.679329 0.100000 0.100000 0.100000 0.663729 0.100000 0.100000 0.543413 0.955421 0.612718 0.451552 0.860654 1.168279 0.391393 0.589493 0.625401 0.612604 0.421626 0.998631 0.205186 0.100000 1.433241 0.321563 0.817804 
0.513443 0.256335 0.652375 0.986196 0.976572 0.694325 0.310813 0.430651 0.491446 0.601211 0.100000 0.854439 0.498900 0.467903 1.244278 0.426415 0.760590 0.205280 0.201856 0.027469 0.249731 1.014272 1.009724 0.607033 0.545250 0.634145 0.889048 0.467219 0.391937 
0.019488 0.100000 0.114456 0.726365 0.328482 0.466570 0.070026 0.507492 0.100000 0.100000 0.100000 0.100000 0.460536 0.405284 0.991757 0.100000 0.647986 0.410301 0.236747 1.021188 0.263492 0.118353 0.406157 0.538006 0.436232 0.100000 1.088588 0.750153 0.550403 
