23 Number of operations 
13 Number of workers 
Standard production times 
0.599577 0.626512 0.591708 0.740084 0.564710 0.397707 0.741380 0.542971 0.285562 0.264866 0.482830 0.113142 0.571114 0.726285 0.641012 0.359425 0.354087 0.654239 0.599752 0.285807 0.354860 0.332755 0.133678 
Production times: workers row and ops columns 
0.266180 0.650963 1.631666 1.429527 0.100000 1.364140 0.677717 0.100000 0.972002 0.473386 0.100000 0.169494 0.543987 0.741140 1.108187 1.320038 0.656551 1.378788 0.594482 0.100000 0.980744 0.495116 0.100000 
0.418169 0.720786 0.561627 0.441587 0.377035 0.286133 0.460580 0.561217 0.457514 0.209091 0.458203 0.100000 1.078408 0.693481 0.662251 0.792849 0.435823 0.672590 0.703633 0.511816 0.464708 0.139316 0.402461 
0.554482 0.355976 0.887890 1.049422 0.156433 0.303776 0.887398 0.995009 0.100000 1.072826 0.557146 0.121789 0.253967 0.817590 0.407076 0.291710 0.202687 0.477555 0.090077 0.092797 0.168393 0.100000 0.478140 
0.624639 0.814286 0.493018 0.711864 0.678338 0.227517 0.506828 0.781966 0.100000 0.393035 0.594590 0.080156 0.811296 0.376922 0.853429 0.628653 0.716038 0.516129 1.030603 0.323191 0.199521 0.558375 0.476817 
0.413807 0.670824 1.035036 0.625614 0.778317 1.012524 0.765891 0.592295 0.295946 0.099635 0.526768 0.371403 0.851875 0.838666 0.690107 0.228706 0.789713 0.645690 0.909245 0.661380 0.801311 0.663267 0.100000 
0.689378 0.080996 0.192599 0.580691 0.074762 0.243236 0.828383 0.382267 0.692251 0.046372 0.748878 0.090982 0.508108 0.727625 0.423773 0.015567 0.294602 0.382383 0.542095 0.590275 0.708311 0.161076 0.100000 
1.299955 0.462934 0.576752 0.467949 0.895856 0.340731 1.256464 0.504121 0.012103 0.402968 0.203499 0.092717 0.695781 1.238899 1.276273 0.766531 0.476281 0.730605 0.605248 0.716855 0.286886 0.686686 0.278557 
0.100000 0.372274 0.467990 0.846067 0.128853 0.871832 0.312481 0.460224 0.120163 0.100000 1.194554 0.131646 0.350513 0.840534 0.473727 0.179676 1.293043 0.884153 1.077135 1.496892 0.426675 0.400351 1.018550 
0.856443 1.445568 1.088896 0.788527 0.653246 0.651686 0.464932 0.346051 0.367231 0.351843 0.697025 0.344884 1.030263 0.957749 0.773892 0.710916 0.351805 1.152029 1.122871 0.543660 0.173573 0.169065 0.021108 
0.505371 0.845969 0.386391 0.882931 0.209819 0.100000 0.631649 0.516043 0.663873 0.317755 0.659908 0.002798 0.264391 1.015113 0.893465 0.666791 0.503239 0.713214 0.621916 0.604475 0.773211 0.100000 0.443965 
0.100000 0.295463 0.684831 0.862142 0.760385 0.193104 0.592149 0.217238 0.100000 0.204912 0.100000 0.117012 0.100000 0.559159 0.809359 0.151372 0.278182 0.920372 0.796654 0.043125 0.100000 0.197029 0.199316 
1.198495 0.788533 0.949975 0.976602 0.768266 0.297264 1.073612 0.698895 0.350158 0.743952 0.968895 0.100000 1.061396 0.711064 1.017141 0.776334 0.677843 1.047795 0.721769 0.100000 1.119558 0.712849 0.187826 
0.440887 0.531094 1.014443 1.009326 0.762066 0.483452 1.130120 0.892376 0.086279 0.893549 0.730979 0.100000 1.183829 0.675277 0.563896 0.239647 0.115840 0.950819 0.434781 0.698794 0.177588 0.333366 0.100000 
