24 Number of operations 
13 Number of workers 
Standard production times 
0.100000 0.572252 0.316674 0.502611 0.318903 0.234630 0.392390 0.231043 0.520502 0.476089 0.437455 0.374567 0.781706 0.398465 0.706905 0.352460 0.586735 0.421454 0.406985 0.411143 0.450274 0.600152 0.427334 0.829297 
Production times: workers row and ops columns 
0.100000 0.695101 0.383169 0.923773 0.175677 0.100000 1.064173 0.448815 0.670975 0.520485 0.089847 0.523684 1.032900 0.356129 0.931373 0.447805 0.584692 0.367282 0.192376 1.276742 0.538873 0.533591 0.647406 1.156486 
0.506768 0.355459 0.100000 0.568439 0.528608 0.695859 0.846688 0.741798 0.819470 0.557962 0.631175 0.538175 1.391082 0.758851 0.875490 0.372900 0.446467 0.479928 0.706318 0.139119 0.140849 0.961188 1.070698 1.021807 
0.317054 0.604874 0.837654 0.383257 0.100000 0.100000 0.506828 0.567900 1.101665 0.927052 0.408765 0.209002 0.845468 0.100000 1.363063 0.356187 0.245953 0.391586 0.182976 0.087615 0.042730 0.316927 0.100000 0.349493 
0.100000 0.100000 0.206473 0.805991 0.100000 0.100000 0.407253 0.100000 0.313648 0.103915 0.327442 0.275833 0.792241 0.882736 0.637492 0.100000 0.351032 0.100000 0.124879 0.355712 0.408291 0.878694 0.921901 0.218558 
0.110626 0.102971 0.662223 0.703712 0.100000 0.008125 0.609286 0.100000 0.443001 0.100000 0.365862 0.468091 0.553532 0.100000 0.285744 0.100000 0.689422 0.099300 0.509736 0.699957 0.387354 0.244282 0.628681 0.662384 
0.154191 0.100000 0.100000 0.307087 0.470145 0.862609 0.916761 0.162804 0.385706 0.164949 1.107808 0.100000 0.931636 0.824394 1.669070 0.291416 0.100000 0.100000 0.313946 0.205659 0.234171 0.100000 0.116961 1.281088 
0.307080 1.025615 0.845727 0.741593 0.189995 0.345806 0.539312 0.365567 0.844954 0.748139 0.371675 0.565398 0.838220 0.344849 0.665439 0.305172 0.834938 0.309415 0.212220 0.551418 0.464610 0.487509 0.906815 0.902938 
1.072412 1.051758 0.170614 0.461422 0.456014 0.100000 0.255073 0.877992 0.564199 0.145003 0.460620 0.316216 0.987929 0.423668 0.701909 0.154991 0.406490 0.441769 0.100000 0.100000 0.758300 0.655223 1.688216 1.443368 
0.441834 0.020384 0.756579 0.218127 0.958876 1.201167 0.323342 0.743893 1.161676 0.427576 0.904724 0.483407 1.175730 0.195353 1.413840 0.295586 0.038773 0.100000 0.930066 1.134084 0.726742 0.111370 0.867548 0.992758 
0.100000 0.730784 0.097397 0.093263 0.100000 0.786268 0.293995 0.100000 0.046882 0.100000 0.495746 0.712777 0.806111 0.468791 0.100000 0.906880 0.543398 0.288028 0.149231 0.828915 0.118161 1.243302 0.100000 0.547018 
0.100000 0.807143 0.173464 0.799383 0.869101 0.100000 0.169318 0.197461 0.106272 0.219872 0.472291 0.302022 0.417494 0.021146 0.635515 0.127919 0.517421 0.186768 0.521759 0.100000 1.047769 0.418961 0.408346 0.420643 
0.100000 0.271566 0.100000 0.328474 0.100000 0.100000 0.267418 0.100000 0.686057 0.440813 0.581986 0.205161 0.628389 0.848282 0.617839 0.491511 0.934451 0.626190 0.100000 0.119926 0.399530 0.598154 0.348700 1.297717 
0.100000 0.422814 0.291040 0.230520 0.100000 0.066278 0.100000 0.100000 0.495017 0.542181 0.457875 0.100000 1.058485 0.124374 0.345266 0.918080 0.295892 1.224141 0.549733 0.100000 0.271957 0.257908 0.680466 1.245447 
