30 Number of operations 
13 Number of workers 
Standard production times 
0.702212 0.491571 0.654735 0.493787 0.631996 0.216663 0.100000 0.265200 0.271737 0.753467 0.245843 0.750543 0.304095 0.353046 0.100000 0.538872 0.108865 0.219334 0.293248 0.596313 0.150558 0.100000 0.177013 0.862127 0.355577 0.402247 0.927074 0.686156 0.428289 0.312845 
Production times: workers row and ops columns 
0.655755 0.370783 1.062958 0.363107 0.240900 0.324704 0.100000 0.146722 0.218116 1.012497 0.379380 0.010598 0.100000 0.469778 0.100000 0.515154 0.100000 0.100000 0.205572 1.224587 0.753239 0.411268 0.075225 0.058018 0.587560 0.256864 1.135476 0.676569 0.314429 0.034115 
0.977324 0.522266 0.722257 0.842793 0.755221 0.100000 0.512684 0.555311 0.402013 0.589505 0.210541 0.505813 0.526044 0.100000 0.322510 0.517687 0.083803 0.107228 0.452284 0.917603 0.401165 0.314533 0.100000 1.329806 0.139134 0.346890 0.971210 0.570810 0.805150 0.176387 
0.530852 0.444800 0.895664 0.584021 0.330078 0.321609 0.100000 0.100000 0.965277 0.941874 0.285080 0.744241 0.100000 0.571300 0.100000 1.017194 0.088800 0.100624 0.901826 0.288607 0.100000 0.085726 0.351173 0.931755 0.305331 0.375051 0.743723 0.883782 0.100000 0.100000 
1.540805 0.269037 1.563066 1.067093 0.468368 0.130643 0.100000 0.306083 0.192116 0.404530 0.194862 0.897495 0.482141 1.199143 0.266703 0.605048 0.511431 0.563910 0.376418 0.118929 0.100000 0.960294 1.132294 1.295192 0.530295 0.100000 1.060522 1.294847 1.107802 0.822200 
0.841894 0.417435 0.433518 0.716373 1.188083 0.245068 0.100000 0.356141 0.428430 0.623044 0.311310 0.901792 0.272379 0.100000 0.478011 1.170108 0.097360 0.100000 0.086231 1.033261 0.310808 0.832007 0.148606 0.711681 0.591913 0.025805 1.292956 1.038580 0.501813 0.100000 
0.100000 0.827749 0.659622 1.528796 1.225062 0.310781 0.100000 0.691681 0.260448 1.125588 0.584838 1.169064 0.905639 0.100000 0.100000 0.948222 0.100000 0.100000 0.943883 0.415337 0.272268 0.751057 0.342124 1.301964 0.148101 0.317145 1.831154 0.942750 0.636828 0.242096 
0.100000 0.100000 0.108494 0.656315 0.867419 0.241887 0.294132 0.100000 0.212567 1.015068 0.116966 0.777114 0.690262 0.425052 0.100000 1.057700 0.021020 0.562273 0.041136 0.489548 0.320643 0.179055 0.100000 0.591541 0.496103 0.430752 1.085224 0.156826 0.126942 0.145059 
0.825641 0.225844 0.881767 0.063446 0.865109 0.100000 0.100000 0.568772 0.536437 0.869542 0.154412 0.930297 0.279184 0.689573 0.100000 0.397941 0.060434 0.100000 0.822461 0.468136 0.263108 0.100000 0.241108 0.589277 0.373182 0.514430 0.701683 0.776260 0.268458 0.469978 
1.016414 0.408892 1.118746 0.690102 0.656572 0.663232 0.170485 0.496293 0.243920 0.959925 0.100000 0.824597 0.552501 0.725568 0.100000 0.355913 0.452223 0.122367 1.252915 0.248159 1.187081 0.325719 0.148602 1.033867 1.005819 0.702331 1.349302 0.760507 0.458125 0.405614 
0.289107 0.712866 0.841458 0.087075 1.159075 0.100000 0.395948 0.100000 0.100000 0.100000 0.100000 1.024658 0.100000 0.032148 0.100000 0.334113 0.100000 0.080464 0.100000 0.568705 0.004598 0.562227 0.363409 0.597331 0.069219 0.537783 0.881087 0.196201 1.117437 0.175579 
0.921708 0.211827 0.286908 0.030102 0.557710 0.125617 0.002982 0.100000 0.657437 0.532907 0.026292 0.805729 0.199872 0.351062 0.112360 0.109091 0.120455 0.375737 0.093373 0.332227 0.260936 0.381146 0.246466 1.227621 0.189908 0.137314 1.053965 0.787204 0.056612 0.345999 
0.371943 0.135243 0.408897 0.991997 0.682775 0.100000 0.181510 0.953570 0.060340 0.428654 0.931962 1.664040 0.408538 0.100000 0.100000 1.183322 0.550562 0.017409 0.784622 0.288663 0.340999 0.362419 0.191302 0.100000 0.100000 0.728512 0.100000 0.349414 0.186592 0.031071 
0.331103 0.414921 0.100000 0.598378 0.331692 0.275687 0.488378 0.100000 0.100000 0.608066 0.472744 0.223153 0.042679 0.100000 0.100000 0.173017 0.069024 0.100000 0.100000 0.308080 0.186839 0.102984 0.073795 0.881208 0.100000 0.100000 0.925032 0.207557 0.561626 0.090369 
