22 Number of operations 
10 Number of workers 
Standard production times 
0.357377 0.159665 0.371309 0.282314 0.311034 0.203980 0.296417 0.646289 0.449684 0.504986 0.502602 0.285931 0.779479 0.513370 0.228408 0.328554 0.273451 0.557468 0.441429 0.489888 0.294790 0.956622 
Production times: workers row and ops columns 
0.287857 0.830655 0.100000 0.248239 0.727981 0.655542 0.123721 1.341410 0.607163 0.650595 0.952860 0.516485 1.108985 0.390380 0.468933 1.001196 0.867240 0.500933 0.103134 0.034181 0.100000 0.865475 
0.214674 0.677245 0.218670 0.334460 0.377926 0.098116 0.116527 0.373527 0.766943 0.487008 0.616509 0.981799 0.689655 1.183141 0.577251 0.656511 0.579161 0.253087 0.702422 0.577560 0.149161 1.524006 
0.563387 0.373777 1.177244 0.407656 0.714569 0.766731 0.596989 1.386659 0.100000 0.364007 0.576406 0.248855 0.921155 0.100000 0.540836 0.496036 0.292919 0.890136 0.428335 0.616562 0.980137 1.443171 
0.701306 0.372571 0.286429 0.776129 0.151218 0.430800 0.441205 0.592415 0.682784 0.963321 0.497589 0.215186 1.343249 0.560373 0.118498 0.416314 0.682767 1.117920 1.010403 0.441521 0.408943 1.073101 
0.728880 0.339696 0.300568 0.461422 0.403869 0.577566 0.100000 0.290065 0.181337 0.100000 0.108598 0.100000 1.355450 0.952505 0.335884 0.100000 0.100000 0.057663 0.035723 0.106526 0.024241 1.451221 
1.032563 0.461030 0.097871 0.139404 0.217762 0.172444 0.710332 0.921559 0.588515 0.860334 0.940454 0.519992 0.534624 0.973526 0.355370 0.321430 0.245714 0.752854 1.399322 0.225037 0.107761 0.707324 
0.237756 0.346072 0.060057 0.195576 0.597975 0.487688 0.100000 0.235052 0.513761 0.321723 0.809187 0.463609 0.585087 0.310646 0.864026 0.737609 0.688433 0.669295 0.414836 0.509546 0.261491 1.424095 
0.357533 0.330183 0.180000 0.126193 0.039703 0.100000 0.133739 0.460826 0.559455 0.478390 0.527090 0.100000 0.675302 0.638178 0.100000 0.254398 0.347360 0.415945 0.949802 0.100000 0.060807 0.913300 
0.444417 0.100000 0.272252 0.522473 0.289680 0.365973 0.688991 0.691261 0.401780 0.407980 1.565759 0.100000 0.983368 0.870684 0.330318 0.346789 0.793784 0.720926 1.155663 0.062596 0.506984 0.071084 
0.077435 0.100000 0.423076 0.429905 0.100000 0.784920 0.100000 0.632330 0.100000 0.645691 1.318457 0.215414 0.151356 1.517339 0.100000 0.661387 0.053080 0.522108 0.100000 1.481272 0.100000 0.111411 
