31 Number of operations 
11 Number of workers 
Standard production times 
0.742533 0.782831 0.479679 0.659189 0.641718 0.128362 0.122666 0.431394 0.310856 0.474016 0.701334 0.347161 0.563447 0.452341 0.179499 0.222993 0.390469 0.251338 0.410324 0.456122 0.526381 0.278948 0.149209 0.617853 0.338792 0.344992 0.535066 0.318373 0.424197 0.580631 0.534771 
Production times: workers row and ops columns 
0.544211 0.803713 0.456578 1.363391 0.925646 0.034333 0.100000 1.319121 0.691716 0.452526 0.511342 0.269059 0.903989 0.810031 0.100000 0.405124 0.100000 0.082455 0.419027 0.550672 0.632864 0.615003 1.139228 1.064135 0.712766 0.671860 0.848184 0.389304 0.538886 0.862140 0.387818 
0.385505 1.439010 0.736269 0.100000 0.781572 0.100000 0.100000 0.310677 0.339768 0.478703 0.381534 0.100000 0.100000 0.060106 0.100000 0.454878 0.882885 1.052217 0.719931 1.206465 0.100000 0.518278 0.683167 0.986157 0.084910 1.088672 0.661917 0.459372 0.501872 0.605489 0.100000 
0.462746 0.795892 0.096375 0.592524 0.714419 0.276580 0.472222 0.632292 0.066430 0.680570 0.782514 0.942649 0.602717 0.668010 0.100000 0.100000 0.852963 0.270014 0.407517 0.689498 0.586747 0.318173 0.188680 0.375461 0.100000 0.083840 1.101473 0.343351 0.432668 0.488214 0.323827 
0.521188 0.194449 0.994221 1.062038 1.034026 0.100000 0.077578 0.000110 0.100000 0.492746 1.133714 1.042457 0.149087 0.499364 0.571173 0.574223 0.739043 0.946271 0.277742 1.298645 0.321927 0.379013 0.205790 0.433620 0.100000 1.056996 0.198579 0.652649 0.824180 0.604884 0.525126 
0.252784 1.021113 0.439131 0.773390 0.523871 0.527060 0.100000 0.100000 0.433745 0.387579 0.931515 0.100000 0.229519 0.516163 0.079903 0.100000 0.085243 0.100000 0.740971 0.514329 0.334377 0.259410 0.100000 0.453897 0.006204 0.792612 0.892147 0.558252 0.100000 0.066097 0.259237 
0.883255 0.999158 0.481930 0.271108 0.423674 0.292921 0.445152 0.895889 0.100000 0.451377 0.735831 0.731066 1.208886 1.049339 0.389732 0.862971 0.809076 0.086433 0.289238 1.191772 0.193428 0.446733 0.295160 0.503710 0.573457 0.399062 0.554910 0.234553 0.464794 0.054807 1.002377 
0.815405 0.377180 0.100000 0.461242 0.227071 0.229104 0.100000 0.289838 0.100000 0.421998 0.440755 0.021017 0.120433 0.748559 0.268917 0.150085 0.431503 0.552479 0.358505 0.100000 0.100000 0.100000 0.135536 0.446484 0.366972 0.141450 1.004211 0.497098 0.283044 0.180522 0.100000 
0.734583 1.457339 0.025379 0.590346 0.701713 0.430007 0.707761 0.707130 1.520539 0.730510 0.568139 1.033303 1.307817 0.216060 0.100000 0.100000 0.100000 0.100000 0.392746 0.715924 0.513255 1.667742 0.671213 1.542491 0.278638 0.013620 0.730970 0.100000 0.027387 0.520618 0.659577 
1.227403 0.874159 0.395360 0.621593 0.995308 0.054778 0.224031 0.862083 0.774335 0.102410 0.307672 0.281753 0.784339 0.592947 0.229225 0.600105 0.698055 0.358276 1.041958 0.709050 0.737347 0.100000 0.319065 0.644996 0.234285 0.262777 0.926199 0.457742 0.679744 0.063338 0.621133 
1.112137 0.848503 0.539651 0.410891 0.660358 0.100000 0.205112 0.350162 0.100000 0.833958 0.973236 0.227527 0.446461 1.154428 0.264580 0.576309 1.147904 0.192733 0.283848 0.689172 0.615858 0.317244 0.335044 0.605477 0.530751 0.779863 0.252773 0.131756 0.818469 0.376592 0.737834 
0.686465 1.111370 1.136718 0.272664 0.355023 0.010746 0.755450 0.795136 0.478358 0.130256 0.644659 0.100000 1.475927 0.137927 0.118877 0.691233 0.100000 0.100000 0.737721 0.468822 1.163567 0.100000 0.100000 0.143430 0.054221 0.100000 0.100000 0.183690 0.447903 1.009179 1.192571 
