39 Number of operations 
9 Number of workers 
Standard production times 
0.356932 0.640297 0.100000 0.196481 0.366147 0.100000 0.574662 0.721507 0.336564 0.270231 0.369199 0.551357 0.284412 0.398055 0.110669 0.100000 0.463029 0.508383 0.100000 0.225572 0.428818 0.467481 0.539473 0.792290 0.657012 0.392016 0.512930 0.186249 0.100000 0.848466 0.671537 0.197728 0.535087 0.662635 0.566150 0.499111 0.631486 0.455658 0.381215 
Production times: workers row and ops columns 
0.537828 1.624854 0.465527 0.146076 0.873084 0.170075 0.490585 0.173021 0.901488 0.100000 0.100000 0.616642 0.462857 0.959817 0.100000 0.381387 0.884680 0.181456 0.203506 0.100000 0.196210 0.484144 0.100583 1.228013 0.449514 0.521626 0.868539 0.598594 0.100000 0.708111 0.636907 0.247771 0.690900 1.101841 0.201428 0.804858 0.832580 0.501170 0.378150 
0.006013 0.702732 0.127494 0.100000 0.254762 0.100000 1.007103 0.378925 0.305483 0.315507 0.449892 0.543156 0.169413 0.821104 0.796558 0.246842 0.149244 0.063450 0.100000 0.190374 0.722036 0.461371 0.302278 0.494191 0.552584 0.100000 0.155551 0.065489 0.224398 1.079795 0.370461 0.762926 0.557186 1.185841 0.147958 0.336284 0.419297 0.351780 0.299121 
0.349362 0.641046 0.100000 0.275640 0.100000 0.315707 0.550744 0.046048 0.855359 0.009145 0.257305 0.100590 0.278832 0.100000 0.100000 0.100000 1.210321 0.027940 0.100000 0.047625 0.495298 0.286885 0.131358 0.960845 0.682490 0.487084 0.229322 0.491065 0.100000 0.706925 1.400231 0.001369 0.914307 0.141000 0.219007 0.166728 0.915124 0.582772 0.455830 
0.269476 0.533533 0.100000 0.155249 0.104440 0.100000 0.789726 0.915098 0.203324 0.300495 0.100000 0.658345 0.100000 0.100000 0.024380 0.100000 0.483817 0.507633 0.170921 0.100000 0.487036 0.100000 1.080450 0.439250 0.485992 0.454480 0.093408 0.409863 0.626858 1.350656 0.606331 0.560125 0.576899 0.214848 0.202121 0.663006 0.547083 0.083479 0.100000 
0.709948 1.114683 0.041954 0.031062 0.627530 0.100000 0.178670 0.718718 0.105014 0.576603 0.439967 0.732089 0.215984 0.334252 0.373590 0.100000 0.806627 0.949313 0.100000 0.289766 0.258902 0.944207 0.418617 0.548716 0.632280 0.498609 0.589447 0.447658 0.100000 0.474827 0.928545 0.160196 0.798250 0.792182 0.518990 0.002738 0.972127 0.693112 0.200745 
0.738546 1.048971 0.304325 0.325211 0.634759 0.100000 0.100000 0.297758 0.685686 0.734939 0.100000 0.081681 0.100000 0.952359 0.412474 0.100000 0.020846 0.796328 0.325750 0.100000 0.751557 0.095603 0.258212 0.729958 0.865923 0.186109 1.271105 1.168925 0.210648 1.571738 0.820408 0.100000 0.978923 0.607603 1.189100 1.274837 1.195708 0.100000 0.508492 
0.174632 1.395661 0.418019 0.155306 0.076716 0.017931 0.176044 0.385791 0.168515 0.100000 0.085639 1.319031 0.864112 0.100000 0.087015 0.585139 0.125021 0.441358 0.366623 0.100000 0.429460 0.481758 0.834232 1.862438 0.821904 0.273011 0.835381 0.796578 1.101177 1.090244 0.445515 0.776802 0.548711 0.492281 0.966886 0.551177 0.100000 0.156364 1.105846 
0.389554 0.592813 0.124220 0.384970 0.304812 0.092007 0.567587 0.633225 0.641642 0.236411 0.497729 0.770154 0.576033 0.657166 0.060732 0.162764 0.785382 0.780055 0.598063 0.520067 0.485333 0.493988 0.405725 0.858863 0.626002 1.004700 0.734679 0.288577 0.392723 1.172449 0.747842 0.248326 0.680779 0.555442 0.027397 0.324919 0.630973 0.469712 0.637574 
0.051210 0.383688 0.323078 0.100000 0.043857 0.322841 0.539225 0.808683 0.100000 0.081260 0.578196 0.100000 0.520056 0.245113 0.100000 0.100000 0.360875 0.293281 0.194490 0.085807 0.536160 0.100000 0.190971 0.588371 0.755487 0.323321 0.461143 0.035159 0.176387 1.167018 0.578001 0.208156 0.220810 0.951266 0.377246 0.100000 0.571890 0.769748 0.505325 
