32 Number of operations 
14 Number of workers 
Standard production times 
0.267175 0.287999 0.465293 0.100000 0.100000 0.466264 0.415795 0.511057 0.383982 0.241573 0.545751 0.431042 0.331430 0.100000 0.184896 0.345018 0.487260 0.347355 0.354988 0.247547 0.551706 0.136942 0.614885 0.340642 0.103389 0.390467 0.459952 0.326849 0.638545 0.241781 0.469696 0.437904 
Production times: workers row and ops columns 
0.100000 0.019108 0.073391 0.100000 0.100000 0.047252 0.426796 0.174220 0.289727 0.269288 0.457580 0.164268 0.494901 0.341390 0.589935 0.417219 0.320923 0.100000 0.039382 0.133501 0.100000 0.226285 0.186497 0.158982 0.254401 0.100000 0.359079 0.194709 0.604677 0.100000 0.100000 0.328373 
0.226265 0.515146 0.919299 0.211073 0.198425 0.425538 0.100000 1.064734 0.555242 0.305475 0.337485 0.860753 0.316511 0.541850 0.100000 0.169151 0.860529 0.235185 0.376285 0.298836 0.358153 0.204662 0.376298 0.528811 0.352958 0.532505 1.197943 0.025696 1.070267 0.283153 0.223203 1.063389 
0.084223 0.310995 0.050946 0.087105 0.129215 0.100000 0.314514 0.378908 0.100000 0.100000 0.328987 0.236967 0.100000 0.100000 0.100000 0.621493 0.549493 0.308476 0.747240 0.176673 0.600422 0.099858 1.066972 0.367587 0.196665 0.100000 0.273296 0.799280 0.717727 0.458457 0.034181 0.049019 
0.492898 0.100000 0.891289 0.146525 0.391302 0.855500 0.277399 0.996679 0.066369 0.100000 1.416955 0.264798 0.100000 0.100000 0.589553 0.770521 0.144114 0.516700 0.446296 0.128826 1.009867 0.082292 0.488277 0.294813 0.100000 0.057821 0.213773 0.799528 0.832594 0.438077 0.453490 0.849559 
0.100000 0.393908 0.577141 0.131661 0.100000 1.592382 0.100000 1.118529 0.141523 0.358347 0.809499 0.100000 0.100000 0.100000 0.100000 0.418309 0.100000 1.198230 0.100000 0.100000 1.347842 0.100000 0.065688 0.748713 0.708727 0.320674 0.260185 0.832569 0.759420 0.693575 0.883092 0.741058 
0.115392 0.100000 0.965217 0.100000 0.100000 1.037907 0.100000 0.314181 0.701789 0.956165 1.270788 0.100000 0.313532 0.100000 0.208981 0.100000 0.527375 0.768365 0.388433 0.510545 0.100000 0.100000 1.477585 0.637770 0.973653 0.136055 0.591250 0.250634 1.334172 1.346163 0.808188 0.546492 
0.593712 0.100000 0.061657 0.878356 0.100000 0.248583 0.517738 0.100000 0.100000 0.100000 0.778015 0.072644 0.253051 0.015289 0.142069 0.629579 0.315984 0.734710 0.100000 0.051323 0.100000 0.100000 0.100000 0.476287 0.473954 0.100000 0.096737 0.394374 1.084093 0.606668 0.724151 0.100000 
0.543816 0.151681 0.138363 0.016186 0.047025 0.052553 0.109433 0.350425 0.753838 0.180876 0.582520 0.185941 0.057288 0.318066 0.287761 0.498438 0.216001 0.152161 0.485384 0.356971 0.100000 0.100000 0.052922 0.637079 0.405518 0.375087 0.100000 0.084136 0.918407 0.100000 0.531469 0.396519 
0.470256 0.408426 0.100000 0.421951 0.504722 0.805085 0.691561 0.190048 0.426336 0.290126 0.503871 0.642292 0.100000 0.470068 0.337994 0.497185 1.046247 0.439229 0.491447 0.100000 0.768556 0.376030 0.629941 0.561306 0.475000 0.779745 0.941126 0.494933 0.998067 0.693179 0.023365 0.377379 
0.367109 0.518932 0.936721 1.175697 0.195144 0.416710 0.230755 0.497454 0.558037 0.026708 1.664813 0.757717 0.100000 0.794961 0.100000 0.399576 0.545283 0.100000 0.100000 0.798542 1.337555 0.100000 1.410766 0.724368 0.100000 0.296587 0.071119 0.013572 0.472531 0.226849 1.230801 0.391831 
0.618473 0.045265 0.756104 0.100000 0.100000 0.074165 0.052578 0.750103 0.679894 0.067022 0.482509 0.253218 0.100000 0.073092 0.100000 0.629198 0.040736 0.318763 0.109076 0.014476 0.070856 0.346400 0.452903 0.273411 0.089221 0.046681 0.509835 0.125903 0.728373 0.115320 0.524115 0.625585 
0.250194 0.184237 0.765993 0.100000 0.100000 1.031327 0.070996 0.723029 0.572662 0.075299 0.634014 0.694966 0.253430 0.505197 0.373622 0.338021 0.654341 0.100000 0.517833 0.756391 1.047295 0.153199 0.530892 0.627856 0.599159 0.361572 0.538023 0.271228 1.034316 0.157924 0.063072 0.725880 
0.625597 0.396883 1.110224 0.405380 0.069622 0.233979 0.754680 0.100000 0.528711 0.100000 0.251271 0.738304 0.389199 0.187472 0.669337 0.482722 0.697674 0.359987 0.650331 0.238697 0.361920 0.503237 0.892620 0.963470 0.268669 0.653835 0.287625 0.897802 0.591332 0.389000 0.755364 0.453992 
0.498307 0.100000 0.396240 0.100000 0.391361 0.694171 0.100000 0.869066 0.598472 0.040166 0.401408 0.444281 0.038206 0.100000 0.269122 0.184210 0.502453 0.100000 0.100000 0.100000 0.855700 0.196752 0.887470 0.178171 0.173304 0.375146 0.169708 0.196253 0.712448 0.916591 0.100000 0.124461 
