38 Number of operations 
12 Number of workers 
Standard production times 
0.375508 0.554992 0.551590 0.157232 0.375882 0.314572 0.295298 0.243716 0.360430 0.352483 0.422739 0.502686 0.282158 0.515289 0.273653 0.100000 0.327856 0.401272 0.666494 0.331087 0.191440 0.444344 0.206477 0.329428 0.564343 0.725793 0.458493 0.377113 0.540290 0.334916 0.105221 0.642298 0.620577 0.551928 0.522651 0.129590 0.523615 0.429827 
Production times: workers row and ops columns 
0.100000 0.252142 0.734278 0.443131 0.100000 0.343163 0.115299 0.617380 1.079707 0.100000 0.903966 0.612571 0.100000 0.053262 0.898310 0.100000 0.122800 0.508332 0.832984 0.296331 0.001298 0.121270 0.746731 0.627310 0.336018 0.229784 0.490342 0.595268 0.100000 0.100000 0.100000 0.251377 1.473330 1.021083 0.535358 0.294020 0.328092 0.092562 
0.468107 1.124145 0.194751 0.100000 0.493985 0.216950 0.100000 0.117680 0.100000 0.574747 0.203088 0.585300 0.275913 0.714018 0.224031 0.313813 0.828702 0.386312 0.261563 0.108381 0.453545 0.062879 0.100000 0.111439 0.182359 0.753202 0.339136 0.284385 1.114251 0.100000 0.100000 0.258972 0.136775 0.285626 1.199514 0.100000 0.221148 0.362735 
0.546137 1.356799 1.286021 0.100000 0.524327 0.100000 0.516027 0.100000 0.331057 0.262301 1.418946 0.592088 0.100000 1.316539 0.460440 0.100000 0.444992 0.100000 0.836119 0.227991 0.671223 0.870178 0.624258 0.143811 0.219607 0.154224 0.100000 0.100000 1.220884 0.458973 0.100000 1.032169 1.208223 0.757213 0.133761 0.066701 0.765087 0.684805 
0.404311 0.813507 0.658636 0.768373 0.725617 0.100000 0.369970 0.191548 0.100000 1.308272 1.241996 1.511978 1.392049 0.653504 0.722400 0.268255 0.100000 0.100000 0.626496 0.100000 0.100000 1.438076 0.100000 0.405603 0.999693 0.075171 0.100000 1.678421 0.510513 0.298374 0.100000 0.100000 0.863411 0.106495 0.219747 0.620009 0.531250 0.143597 
0.100000 0.623440 0.184507 0.100000 0.014518 0.489363 0.100000 0.229471 0.251345 0.785969 0.306620 0.307990 0.047858 0.698534 0.100000 0.283413 0.183854 0.518199 0.696351 0.016354 0.125033 0.217033 0.100000 0.649062 0.103310 0.724101 0.279866 0.100000 0.417486 0.533716 0.142695 0.468593 0.447459 0.423560 0.283152 0.100000 0.498276 0.537268 
0.513515 1.135825 1.318867 0.123295 0.338281 0.702642 0.603439 0.213959 0.603992 0.500869 0.496424 0.100000 0.538335 1.123620 0.739975 0.218102 0.384168 1.080146 0.786882 0.100000 0.500130 0.168430 0.333810 0.140567 0.549033 1.195334 0.169580 0.708140 0.836097 0.100000 0.279900 0.561825 0.401204 0.431289 0.500908 0.722752 0.791743 0.597579 
0.264692 1.147304 0.981218 0.391407 1.549477 0.100000 1.039421 0.436386 0.600473 0.514385 0.100000 1.086154 0.795425 1.353098 0.707065 0.169098 0.953593 0.444936 1.257957 0.100000 0.100000 1.176157 0.100000 0.994877 1.096454 1.209267 0.534973 0.031732 1.157158 0.887813 0.684460 0.623615 0.490264 0.557105 0.665617 0.368565 0.389262 0.174327 
0.416012 1.140367 0.223165 0.575389 0.100000 0.487153 0.577739 0.306986 1.457744 0.100000 0.390322 0.794490 0.100000 0.795192 0.065089 0.100000 0.749171 1.004877 1.163454 0.100000 0.100000 1.784001 0.100000 0.100000 1.084275 0.253731 1.140598 0.502386 0.100000 1.101966 0.100000 0.293754 0.827064 0.100000 0.317635 0.032847 0.972761 0.187687 
0.530552 0.694494 0.621505 0.100000 0.100000 0.794642 0.166691 0.401694 0.388028 0.071557 0.883176 0.209374 0.073495 0.226634 0.437246 0.318074 0.100000 0.366107 0.084544 0.358056 0.273027 0.696074 0.053132 0.793452 0.800959 0.340598 0.006490 0.198758 0.803079 0.185374 0.100000 0.512703 0.582961 0.566398 0.272452 0.166185 0.759487 0.010593 
0.332409 0.543462 0.117697 0.066350 0.100000 0.290076 0.092512 1.214869 0.014065 0.896319 1.094029 0.958521 0.100000 0.212501 0.692691 0.669740 1.001608 1.101075 0.080320 0.854786 0.100000 0.644609 0.366946 1.374696 0.100000 1.242886 0.699521 0.950986 0.032857 0.100000 0.179434 1.724570 0.502997 0.814214 0.520233 0.100000 0.282300 1.194031 
0.422111 0.503760 0.331861 0.134767 0.140155 0.723172 0.347262 0.100000 0.606165 0.455375 0.382790 0.771534 0.292234 0.289466 0.285014 0.100000 0.145632 0.409726 0.804903 0.399112 1.004757 0.639397 0.153104 0.482767 0.717378 0.877037 0.483822 0.503667 0.936551 0.989320 0.472812 0.763726 0.754159 0.173488 0.928687 0.029486 0.807149 0.695411 
0.734979 0.711191 0.406335 0.142976 0.928341 0.100000 0.100000 0.100000 0.515784 0.643829 0.033188 0.323797 0.631178 0.678283 0.100000 0.531071 0.129754 0.141627 0.599549 0.742237 0.690927 1.629369 0.485632 0.049823 0.082113 0.558338 0.408497 0.239108 0.999264 0.057428 0.100000 0.400342 0.587347 0.512590 0.734196 0.100000 0.100000 1.146485 
