37 Number of operations 
12 Number of workers 
Standard production times 
0.191898 0.169723 0.397386 0.396758 0.395102 0.890046 0.416068 0.790376 0.933627 0.385171 0.274536 0.100000 0.113230 0.100000 0.319045 0.581085 0.736666 0.373625 0.364223 0.858169 0.441585 0.495854 0.100000 0.707572 0.206454 0.314287 0.331753 0.539783 0.306323 0.100000 0.473336 0.407873 0.172369 0.243191 0.833145 0.298184 0.482894 
Production times: workers row and ops columns 
0.100000 0.635676 0.081355 0.240090 0.100000 0.687099 0.100000 0.452879 1.284190 0.793279 0.377897 0.100000 0.100000 0.100000 0.256842 0.100000 1.277950 0.643004 0.051895 1.391580 0.293037 0.621680 0.100000 1.868014 0.403417 0.067148 0.802482 0.389891 0.490921 0.269405 0.100000 0.817781 0.100000 0.396109 1.194138 0.513935 0.034148 
0.318567 0.511223 0.433415 0.100000 0.300930 0.612546 0.466528 0.985188 0.309966 0.302093 0.068087 0.100000 0.156465 0.400992 0.100000 0.277546 0.773269 0.394778 0.898039 1.188161 0.532713 0.165214 0.100000 0.884191 0.216705 0.814601 0.100000 0.228293 0.309301 0.100000 0.736035 0.100000 0.100000 0.642494 1.197340 0.826543 0.207841 
0.474483 0.401529 0.944722 0.049069 0.337533 0.667915 0.418427 0.515473 1.248377 0.435753 0.438827 0.123743 0.583443 0.118334 0.508693 0.100000 0.947058 0.500482 0.690759 0.890128 0.343766 0.351093 0.368396 0.568228 0.129201 0.379162 0.588253 0.729798 0.548656 0.100000 0.806863 0.209402 0.198401 0.031637 0.539259 0.100000 0.638552 
0.710357 0.913640 0.250084 0.212725 0.699345 1.502448 0.100000 1.509508 1.269787 0.972078 0.059924 0.777130 0.100000 0.561060 0.830932 0.415879 1.298335 1.326699 0.451902 1.275641 0.100000 0.339508 0.729695 1.452553 0.100000 0.705570 0.535218 1.302749 0.563841 0.502592 0.920498 0.245951 0.100000 0.886991 0.661792 0.100000 0.653968 
0.086418 0.100000 0.007010 0.435949 0.642646 0.362008 0.519303 0.476309 0.877704 0.642457 0.337950 0.100000 0.100000 0.057744 0.499307 0.311969 0.646759 0.157617 0.351439 0.552064 0.100625 0.873969 0.392677 0.385694 0.754013 0.281551 0.634124 0.558500 0.100000 0.132334 0.696042 0.205156 0.100000 0.060325 0.777004 0.214359 0.526958 
0.100000 0.034902 0.532339 0.122229 0.188623 1.173601 0.100000 1.084796 1.006933 0.523948 0.100000 0.445613 0.263975 0.584902 0.512015 0.893541 0.682033 0.459486 0.372516 0.526659 0.475513 0.641948 0.100000 1.210428 0.185226 0.257043 0.024036 0.566138 0.406449 0.100000 0.694920 1.077326 0.533466 0.352556 0.874015 0.302873 0.304564 
0.202710 0.231315 0.377787 0.388836 0.885030 0.560109 0.100000 0.405552 0.617357 0.873567 0.403855 0.311525 0.185120 0.100000 0.501904 1.127231 0.694844 0.277222 0.723587 1.398852 0.267889 1.114042 0.209078 0.743040 0.100000 0.286613 0.374997 0.078679 0.471530 0.323198 0.051075 0.344353 0.486162 0.178519 1.036564 0.100000 0.523117 
0.391240 0.296132 0.576529 0.948374 0.548827 1.002231 0.525548 0.911196 1.030471 0.277970 0.756393 0.159139 0.100000 0.260335 0.672040 1.017708 1.401258 0.355786 0.346417 1.293811 1.064773 0.408040 0.552140 0.447621 0.207478 0.800876 0.812711 0.524054 0.171551 0.100000 0.678513 0.100000 0.244671 0.100000 1.156004 0.475614 0.747200 
0.100000 0.100000 0.441384 0.100000 1.048454 0.980068 0.813835 1.033221 0.123112 0.100000 0.182786 0.100000 0.100000 0.628760 0.100000 0.980393 0.052454 0.100000 1.618470 0.533967 0.638280 0.285345 0.100000 1.867544 0.873994 0.417038 0.352241 0.623553 0.255377 0.772415 0.143674 0.526472 0.717957 0.924961 1.329066 0.100000 0.121408 
0.100000 0.056624 0.100000 0.153661 0.591007 0.678979 0.292919 0.800288 0.782215 0.114479 0.211116 0.100000 0.100000 0.100000 0.180888 0.487000 0.923680 0.100000 0.563856 0.884111 0.645503 0.048516 0.100000 0.512441 0.486155 0.840295 0.100000 0.370866 0.100000 0.100000 0.178898 0.015134 0.100000 0.100000 1.037919 0.246636 0.745174 
0.151588 0.436022 1.087948 0.356870 0.665275 0.439307 0.300877 1.448713 1.589262 0.782679 0.157134 0.026330 0.100000 0.328089 0.100000 0.299092 1.141065 0.149017 0.378950 1.251208 0.739303 0.518156 0.100000 0.624921 0.100000 0.711713 0.100000 0.100000 0.174788 0.497560 0.458080 0.326367 0.457778 0.182276 0.548382 0.609009 0.619637 
0.413970 0.672369 0.194077 0.354857 0.736127 0.822236 0.865587 0.150523 0.046837 0.730133 0.332108 0.429344 0.100000 0.100000 0.081182 0.550441 0.395945 0.872335 0.042323 0.850834 0.093255 1.175629 0.100000 1.029105 0.903539 0.689965 0.564333 0.100000 0.034616 0.361147 0.432799 0.100000 0.820963 0.091304 1.048299 0.394638 0.684693 
