35 Number of operations 
10 Number of workers 
Standard production times 
0.542751 0.519991 0.447766 0.557397 0.205613 0.276438 0.519974 0.573324 0.100000 0.500780 0.326705 0.358006 0.100000 0.666976 0.144294 0.223987 0.416026 0.368469 0.100000 0.611676 0.237606 0.824176 0.471018 0.473421 0.716050 0.190842 0.420493 0.329403 0.554316 0.325739 0.362197 0.302412 0.512959 0.630518 0.262066 
Production times: workers row and ops columns 
0.053671 0.533141 0.428338 0.833826 0.100000 0.820920 0.702880 0.858797 0.107594 0.698533 0.390135 0.727298 0.176217 0.616660 0.054501 0.263326 0.742354 0.495306 0.004729 0.113178 0.962282 0.747927 0.628192 0.558225 1.301257 0.250307 0.693867 0.305241 0.583139 0.303051 0.955335 0.130460 0.663590 0.592991 0.100000 
1.168117 0.471460 0.373128 1.062374 0.588819 0.846311 0.462766 1.066929 0.590388 0.741660 0.605938 0.571491 0.100000 0.608725 0.654130 0.199916 0.443402 0.646832 0.162743 0.192874 0.488090 1.352715 0.543356 0.854531 1.025348 0.402712 0.572095 0.831758 0.198157 0.303431 0.385004 0.529115 0.220222 0.722991 0.100000 
0.714547 0.641788 0.313077 0.609852 0.085672 0.472672 0.616666 0.822653 0.109031 0.881918 0.099780 0.502551 0.955453 0.225906 0.100000 0.659563 0.420845 0.363406 0.205028 1.104688 0.467959 1.028095 0.469321 0.682251 0.210075 0.296833 0.744718 0.482349 0.365797 0.158238 0.570109 0.373554 0.520598 0.612174 0.100000 
0.542086 0.981913 0.268416 0.340939 0.789926 0.279456 1.272413 0.372446 0.088419 0.487376 0.406215 0.695220 0.160316 1.009377 0.311518 0.371993 0.956224 0.767606 0.100000 0.519455 0.519088 1.104180 0.705161 0.785140 0.584379 0.385078 0.756914 0.246185 0.835427 0.556847 0.681245 0.386355 0.768396 1.543222 0.598795 
0.961512 0.100000 0.615605 0.100000 0.100000 0.569289 0.583997 0.556201 0.100000 0.790730 0.903440 0.272908 0.141950 0.596283 0.192200 0.271485 0.857235 0.246107 0.013189 0.182882 0.100000 0.665315 0.303194 0.076974 1.029735 0.029351 0.465092 0.117487 0.437828 0.198175 0.221348 0.005214 0.100000 0.418671 0.345242 
0.100000 0.035644 0.953441 0.040478 0.100000 0.341168 1.251532 1.096640 0.427076 0.449145 0.305401 0.828031 0.100000 0.558550 0.268010 0.559759 0.370102 0.841125 0.354172 0.141787 1.024294 0.949017 0.415103 0.100000 1.096404 0.100000 0.990455 1.465233 0.951597 0.934513 0.100000 0.100000 0.063778 0.100000 0.311326 
0.100000 0.100000 0.100000 0.249854 0.388019 0.262109 0.002271 0.753437 0.100000 0.220613 0.100000 0.100000 0.100000 0.445144 0.100000 0.340186 0.011764 0.100000 0.186127 0.195426 0.243439 0.447795 0.429138 0.159449 0.752574 0.100000 0.646594 0.100000 0.728326 0.584873 0.779314 0.400890 0.432461 0.176924 0.019349 
0.857689 0.913655 0.645936 0.569758 0.100000 0.100000 0.116867 0.057963 0.100000 0.184476 0.133388 0.429590 0.641223 0.613047 0.100000 0.100000 0.351240 0.100000 0.043674 0.701128 0.100000 0.100000 0.582488 0.143952 0.153844 0.774706 0.504935 0.100000 0.200733 0.100000 0.191023 0.100000 0.100000 0.381418 0.669922 
0.655626 0.015596 0.690302 0.810637 0.680029 0.121420 0.100000 0.573068 0.481028 0.821212 0.508538 0.030592 0.100000 0.896265 0.291354 0.100000 0.114558 0.811675 0.061291 1.024016 0.100000 0.316441 0.164018 1.013706 0.689528 0.048727 0.729815 0.177490 0.714374 0.095635 0.519693 0.283065 0.773634 0.616090 0.100000 
0.632921 0.906324 0.675783 0.729076 0.100000 0.063328 0.511434 1.066649 0.100000 0.538474 0.377067 0.541859 0.100000 1.138017 0.189813 0.460046 0.885717 0.733641 0.147704 0.730784 0.414988 1.214507 0.653497 0.842164 0.828703 0.100000 0.640949 0.483280 1.268657 0.508066 0.651225 0.434496 0.423891 1.057511 0.745071 
