66 Number of operations
18 Number of workers
Standard production times
0.293584 0.470739 0.157974 0.516832 0.558111 0.100000 0.296075 0.340668 0.261413 0.452999 0.500337 0.216185 0.637181 0.284179 0.303031 0.633157 0.423684 0.130169 0.100000 0.419891 0.194403 0.376809 0.153400 0.100000 0.608090 0.214282 0.375553 0.612726 0.462025 0.328641 0.334401 0.737597 0.327558 0.479350 0.393812 0.276895 0.211024 0.271199 0.404679 0.767109 0.100000 0.341389 0.313065 0.317044 0.177705 0.719298 0.645751 0.312488 0.500199 0.474989 0.487970 0.100000 0.672034 0.467166 0.474047 0.547636 0.620532 0.464701 0.402174 0.785002 0.540771 0.442068 0.537591 0.525291 0.175625 0.188436 
Production times: workers row and ops columns
1.150725 0.100000 0.100000 0.494300 0.382518 0.100000 0.208387 0.393834 0.697478 1.264906 0.491356 0.100000 0.581296 0.750962 0.100000 0.590008 0.793981 0.100000 0.100000 0.500774 0.100000 0.100000 0.176883 1.152385 1.159494 0.100000 0.100000 1.402635 0.852343 1.531061 0.876896 1.276367 0.435218 0.100000 0.100000 0.865292 0.100000 0.938586 0.439460 0.956418 0.100000 0.768462 0.100000 0.100000 1.066841 1.008628 0.347731 0.100000 0.100000 0.345851 0.100000 1.240140 0.524708 1.266821 0.171884 0.358611 0.854734 0.732577 0.552638 0.148137 1.156490 0.100000 1.075132 0.899103 0.464350 0.100000 
0.280705 0.579053 0.100000 0.860753 0.100000 0.100000 0.100000 0.100000 0.100000 0.100000 0.491926 0.100000 1.146874 0.100000 0.524329 0.713328 0.678165 0.600722 0.100000 0.486064 0.660725 0.519782 0.100000 0.849066 1.380220 0.869598 0.100000 1.234944 0.100000 0.100000 0.523848 1.240808 0.100000 0.100000 0.100000 1.116496 0.100000 0.386398 1.130753 0.241014 0.509857 0.100000 1.530271 1.343609 0.393737 1.722812 0.689212 0.599296 0.100000 0.552799 0.586492 0.100000 0.482826 0.499712 0.316933 0.801602 0.831920 1.093367 0.688529 0.199239 0.421902 0.100000 0.380832 0.100000 0.100000 0.569202 
0.100000 0.100000 0.525643 0.360696 0.588029 0.100000 0.100000 0.552121 0.100000 0.145100 0.631343 0.100000 0.408255 0.355996 0.221578 1.046383 0.100000 0.100000 0.100000 0.100000 0.100000 0.100000 0.882819 0.100000 0.350830 0.839241 0.100000 0.505041 0.311806 0.100000 0.511677 1.166222 0.100000 0.968523 0.790872 0.100000 0.109547 0.100000 0.100000 1.132365 0.100000 0.943752 0.611890 0.331994 0.100000 0.907140 0.568195 0.100000 0.440681 0.100000 0.742930 0.100000 0.116003 1.535465 0.605243 0.100000 0.926182 1.009223 0.100000 0.704938 0.911522 1.146072 0.678572 0.788599 0.100000 0.100000 
0.255632 0.348248 0.100000 0.100000 0.510620 0.283197 0.299783 0.305896 0.348991 0.100000 0.499503 0.331155 1.021715 0.747141 1.259093 0.380762 0.343406 0.875637 0.100000 0.100000 0.100000 0.100000 0.100000 0.100000 0.283039 0.100000 0.100000 0.242399 0.894769 1.591755 1.238781 0.100000 0.850340 1.757476 0.558660 0.643070 0.222230 0.988118 0.100000 1.255687 0.100000 1.318981 0.452258 0.100000 0.356795 1.043250 0.388975 0.592978 0.100000 0.107716 1.337605 0.136359 0.194141 0.100000 0.804916 0.891671 0.695559 0.794068 0.300813 0.372333 1.186368 0.370651 0.328488 0.938805 0.100000 0.354486 
0.511882 0.100000 0.486271 0.780967 1.206655 0.634191 0.100000 1.152764 0.100000 0.100000 0.915868 0.100000 0.100000 0.100000 0.255228 0.258845 0.100000 0.100000 0.208369 0.293447 0.100000 0.100000 0.100000 0.100000 0.325213 0.750124 0.100000 0.100000 1.145021 0.309229 0.584433 1.454584 0.955716 1.265741 0.831164 0.604191 0.163717 0.969113 0.100000 0.100000 0.100000 1.096640 0.100000 0.759390 1.042381 0.675889 1.566957 0.386634 0.632624 0.610832 0.492228 0.524944 1.276309 0.648996 0.100000 0.904866 0.362251 1.005381 0.998883 0.100000 0.925121 0.767933 0.550992 0.214973 0.100000 0.197228 
1.440277 0.443742 0.311530 1.111438 0.511191 0.611064 0.100000 0.771842 0.661139 0.100000 0.180030 0.100000 1.409523 1.255407 0.632380 0.199051 0.100000 0.141934 0.100000 0.112298 0.508942 0.100000 0.100000 0.162768 1.577520 0.100000 0.100000 0.172829 0.409592 1.051212 1.040738 0.638006 0.374830 1.503266 0.349586 0.831260 0.100000 0.100000 0.100000 0.100000 0.649659 0.100000 0.887624 0.795289 0.776763 0.242902 0.610276 0.100000 0.430353 0.788107 0.528959 0.100000 0.100000 0.676854 0.411455 0.550119 0.100000 0.714590 0.138073 1.100876 0.583844 0.527474 0.486125 0.620054 0.100000 0.116164 
1.046593 0.100000 0.100000 0.800166 0.300234 0.568404 0.100000 1.353731 0.533294 0.130042 1.391054 0.100000 1.210403 0.100000 0.227878 0.699521 0.100000 0.100000 0.100000 0.626864 0.100000 0.484908 0.161367 0.100000 0.837467 0.100000 0.483514 0.100000 0.581937 0.100000 0.466604 0.100000 1.061514 0.683942 0.899279 0.100000 0.171771 0.410368 0.100000 1.279333 0.377849 0.100000 0.591442 1.496135 0.100000 0.823260 1.135892 0.358814 0.100000 0.285743 0.825416 0.100000 1.098058 1.054559 0.464393 1.157410 0.359719 0.963075 0.100000 0.142781 0.426019 1.031474 0.567916 0.160782 0.991199 0.743215 
0.547750 1.255111 0.433283 0.100000 0.100000 0.100000 0.100000 0.801328 0.100000 0.643454 0.150950 0.100000 0.781444 0.100000 0.155252 0.684458 0.463304 0.100000 0.100000 0.382209 0.867650 0.100000 0.100000 0.491824 1.236710 0.100000 0.328714 0.980486 0.975111 1.381044 0.902674 0.544605 0.100000 0.134988 0.680063 0.100000 0.826123 0.100000 0.368979 0.278663 0.115970 0.395905 0.620923 0.982703 0.459437 0.100000 0.100000 0.123320 0.267978 0.541673 0.925419 0.585360 0.603921 0.329967 0.100000 0.670200 0.367222 0.308650 0.459139 1.001893 0.699133 0.100000 0.100000 0.100000 0.274991 0.100000 
0.566858 0.100000 0.100000 0.100000 0.100000 0.403102 0.177483 0.100000 0.248469 0.525730 0.267398 1.138891 1.818331 0.335519 1.169101 0.339152 1.023520 0.100000 0.100000 0.341483 0.100000 0.323434 0.100000 0.100000 0.432196 0.427469 0.100000 0.237135 0.973975 0.971147 0.579455 0.995141 0.356638 0.100000 0.100000 1.378669 0.100000 0.100000 0.100000 0.851160 0.645991 0.931957 0.100000 0.796015 0.151703 0.919525 1.186268 0.254187 0.546831 0.856208 0.735721 0.563289 0.736290 0.456692 0.100000 0.706046 0.744013 0.792720 0.312059 0.100000 0.220517 0.385233 0.100000 0.209087 0.962828 0.193372 
0.998545 1.236475 0.678510 0.433790 0.743381 0.100000 0.100000 0.955245 0.550705 0.100000 0.463394 0.439902 1.290167 0.685817 0.371851 0.121531 0.391964 0.346169 0.270148 0.100000 0.100000 0.385672 0.198084 0.100000 1.130821 0.387432 0.100000 0.335041 0.704960 0.100000 0.791230 0.100000 0.100000 0.393408 0.730094 0.171539 0.100000 0.243401 0.100000 0.115563 0.721943 0.100000 0.670689 0.100000 0.100000 1.107846 1.142355 0.404772 0.302855 0.100000 0.478755 0.352882 1.254294 0.807119 0.231705 1.207898 0.741655 0.100000 0.753587 1.514045 0.620652 1.022430 1.279494 0.321422 0.446423 0.739771 
0.758397 0.102384 0.933949 0.588702 0.766752 0.213306 0.100000 0.100000 0.100000 0.581082 0.819408 1.199090 0.317507 0.668475 0.641146 0.639072 0.100000 0.100000 0.285009 0.988617 0.930356 0.100000 1.230389 0.100000 0.452349 0.100000 0.523651 1.150882 0.839229 0.662714 1.359111 0.100000 0.149884 0.746157 0.139137 0.100000 0.100000 0.730408 1.024332 0.530461 0.100000 0.221013 0.100000 0.100000 0.100000 0.792818 0.100000 0.748554 0.637847 0.246275 0.100000 0.100000 0.100000 0.494596 0.982967 0.100000 0.607816 0.783165 0.913609 0.930400 0.741705 0.598048 0.473834 0.585830 0.116622 0.100000 
0.486147 0.100000 0.761214 0.725028 1.399217 0.697249 0.121015 0.871255 0.726776 0.144691 0.150985 0.100000 0.328540 0.260448 0.100000 0.551635 0.664297 0.159086 0.580627 0.559056 0.100000 0.106821 0.100000 0.100000 0.879917 0.100000 0.100000 0.577754 0.100000 0.153184 0.100000 0.433085 0.100000 0.996293 0.862356 0.100000 1.296371 0.100000 0.817069 0.596719 0.100000 0.389268 0.100000 0.100000 0.935428 1.124772 1.331306 0.100000 0.595697 0.242289 0.460750 0.100000 0.257944 0.569498 0.267548 0.571656 0.100000 0.934525 0.100000 1.216320 0.496071 0.637555 0.283270 1.280795 0.956642 0.243238 
0.100000 0.902883 0.461815 0.219059 0.450054 0.100000 0.100000 0.933564 0.171331 0.100000 0.626406 0.100000 1.072445 0.860153 0.187870 0.100000 0.563434 0.915433 0.184864 0.502791 0.100000 0.721855 0.265214 0.100000 0.100000 0.100000 0.100000 0.862099 0.539230 0.859422 0.495279 1.657230 0.679835 0.100000 0.714368 0.100000 0.416809 0.100000 0.801829 1.955994 0.317570 0.281459 0.603662 0.848992 0.100000 0.999502 0.100000 0.763910 0.602400 0.178875 0.605080 0.274871 0.521269 0.614446 0.826236 0.596268 0.561580 0.100000 0.726120 0.100000 0.289573 0.100000 0.441400 0.207507 0.100000 0.126454 
0.380307 0.635566 0.100000 1.446925 0.777363 0.100000 1.055873 0.795024 0.100000 0.367635 0.100000 0.453646 0.923426 1.136296 1.144392 0.211779 1.130798 0.100000 1.138856 0.830861 0.406603 1.458085 0.100000 0.100000 0.699904 0.812331 0.100000 0.491771 0.464312 0.962878 0.424832 0.503143 0.544114 0.467388 0.539384 0.296559 0.397307 0.170764 0.241316 0.608753 0.100000 0.685380 0.100000 0.645777 0.100000 0.477710 0.583320 0.869309 0.893062 1.630235 0.100000 0.434318 0.862695 0.481522 0.669999 0.203978 0.498811 0.690966 0.673236 1.221403 1.382296 0.416890 1.383769 0.115617 0.177864 0.100000 
0.100000 0.330873 1.398683 0.100000 0.624822 0.168084 0.410684 0.100000 0.175246 0.659514 0.655906 0.100000 1.224521 0.100000 0.100000 2.048634 0.581520 0.347638 0.100000 0.302239 0.837399 2.273886 0.400650 0.100000 0.100000 0.100000 0.756807 0.572330 0.901776 0.898018 0.100000 1.135184 1.496590 1.058422 0.100000 0.100000 0.259350 0.546967 0.500134 1.319802 0.100000 0.481839 0.124738 0.100000 0.838262 0.319635 0.789270 0.298834 0.267013 0.642135 0.661492 0.100000 0.697423 0.100000 1.024904 0.618423 0.998994 1.134710 0.100000 0.916172 0.999664 0.807997 0.240133 0.794181 0.127925 0.425665 
0.836845 0.176154 0.100000 0.486470 0.802523 0.100000 0.683657 1.326976 0.208453 0.836893 0.100000 0.100000 1.453806 1.001148 0.785208 0.826437 1.269038 0.494189 0.100000 1.229130 1.338622 1.003936 0.421671 0.100000 0.100000 0.215189 0.159812 1.137148 0.905370 0.163853 0.100000 0.373362 0.466801 0.861469 0.100000 1.242176 0.100000 0.100000 0.259462 0.678652 0.376474 0.828980 0.100000 0.250668 0.323200 0.827293 1.328982 0.100000 0.464260 0.782494 0.297904 0.418807 0.314937 0.753488 0.760122 0.829192 0.480394 0.316668 0.142006 0.963956 1.126233 0.641386 0.717330 0.792089 0.100000 0.356239 
0.100000 0.788807 0.100000 0.564127 0.642505 0.100000 0.100000 0.433564 0.670701 0.915505 0.157253 0.100000 1.042768 0.100000 0.100000 0.591264 1.382057 0.100000 0.100000 0.100000 0.100000 0.910271 0.100000 0.100000 0.494344 0.308718 0.943181 0.864680 0.177159 0.943813 0.628164 0.100000 0.100000 0.745312 0.338713 0.408956 0.100000 0.100000 0.762916 0.929286 0.100000 0.100000 0.102598 0.832905 1.174042 1.125540 0.185481 0.100000 0.746962 0.100000 0.100000 0.100000 0.427229 0.350686 0.100000 0.474125 0.298420 0.100000 0.995308 0.860129 0.149919 0.194332 0.482144 0.100000 0.744178 0.291687 
0.232800 0.709028 0.100000 0.173786 0.905386 0.106324 0.948682 1.012097 0.480978 0.999340 1.205141 0.528418 0.993964 0.749025 0.100000 0.614897 0.300707 0.345942 0.100000 0.525843 0.861320 0.348019 0.100000 0.100000 0.156015 0.100000 0.794016 0.313008 0.934962 0.100000 0.100000 1.022530 0.314613 0.455321 0.100000 0.679653 0.750609 0.117346 1.022609 0.613165 0.100000 0.100000 0.467053 0.100000 0.414626 0.637922 0.371162 0.100000 0.405676 0.569938 0.100000 0.100000 1.246557 1.658028 1.167597 1.113775 0.467253 0.100000 0.100000 0.442487 0.788099 0.222081 0.100000 0.120647 0.741532 0.100000 
