57 Number of operations
19 Number of workers
Standard production times
0.439301 0.141527 0.477510 0.600164 0.281162 0.177283 0.406589 0.461223 0.411861 0.428781 0.349883 0.305322 0.433489 0.199150 0.164856 0.436612 0.100000 0.484931 0.447267 0.811082 0.314180 0.318577 0.262968 0.462470 0.649604 0.329024 0.332234 0.790543 0.269843 0.293583 0.311863 0.356601 0.328240 0.623770 0.532841 0.489066 0.399627 0.585400 0.291231 0.284462 0.229635 0.661179 0.306334 0.177539 0.532824 0.664585 0.338736 0.184135 1.018988 0.332487 0.555238 0.560401 0.204797 0.429890 0.206816 0.184160 0.117654 
Production times: workers row and ops columns
1.114118 0.100000 0.100000 1.035555 0.100000 0.100000 0.598117 0.366830 0.100000 0.475148 1.009073 0.100000 0.100000 0.846395 0.826845 0.100000 0.471482 0.479619 0.663113 0.640810 0.100000 0.100000 0.100000 1.076807 0.330527 0.441582 0.385355 1.400528 0.515614 0.100000 0.164860 0.193738 0.192484 0.984832 0.100000 1.006077 0.100000 1.243080 0.858294 0.100000 1.030000 0.679446 1.094790 0.411464 0.766906 0.962975 0.346042 0.100000 1.433855 0.696070 0.100000 0.377143 0.895207 0.444057 0.100000 0.100000 0.858381 
0.921585 0.432498 1.180810 0.963814 0.100000 0.307480 1.011639 1.264553 0.100000 0.186920 0.183418 0.100000 1.172678 0.257192 0.100000 0.584201 0.172466 0.917058 0.100000 1.358441 0.919945 0.100000 0.100000 0.605300 0.308850 0.100000 1.059705 0.904077 0.100000 0.100000 0.712542 0.541110 0.100000 0.100000 0.263071 0.319738 0.495103 0.376707 0.757609 0.932129 0.389310 0.754221 0.100000 0.100000 0.100000 0.100000 0.100000 0.190656 0.665284 1.698994 0.608973 0.988506 0.100000 0.883229 0.100000 0.100000 0.100000 
0.299134 0.100000 0.977458 0.355569 0.914941 0.100000 0.506914 0.399297 0.100000 0.100000 0.174901 0.100000 0.100000 0.574077 0.100000 0.100000 0.309048 1.006306 1.268040 0.670990 0.100000 0.307630 0.605419 0.162732 0.100000 0.476756 0.100000 0.396069 0.100000 0.100000 0.938669 0.352560 0.608522 0.610839 0.412446 0.637912 0.732939 0.393683 0.236757 0.556659 1.317101 0.152488 0.100000 0.100000 0.467829 0.971854 0.457664 0.858107 0.946529 0.496412 0.606428 0.603644 0.354249 0.100000 0.100000 0.100000 0.221251 
0.730178 0.382721 1.673021 0.733124 0.210810 0.349625 0.100000 0.657580 0.996410 1.433650 0.100000 0.581779 0.962648 0.100000 0.536387 0.829820 0.714545 1.001232 0.965600 0.619715 0.100000 0.186264 0.454244 0.883883 0.226620 0.100000 0.480167 0.687064 0.155377 0.213846 0.547684 0.100000 0.764435 0.100000 0.784871 0.511871 1.580350 0.612587 0.100000 0.899211 0.100000 0.792993 0.100000 0.440194 0.604469 0.494073 0.397782 0.537912 1.243659 0.400835 0.100000 0.535422 0.100000 0.465419 0.171382 0.682624 0.100000 
0.100000 0.754767 0.977436 0.569652 0.596370 0.100000 1.364141 0.257309 0.943965 0.383207 0.157956 0.230345 0.260000 0.656529 0.200824 0.826485 0.365656 0.561443 0.100000 0.460762 0.463727 0.639002 0.100000 0.235076 0.267292 0.849584 0.100000 0.593934 1.080269 0.201858 0.515176 0.100000 0.100000 1.494734 0.739070 1.574391 0.100000 1.085441 0.513705 0.134072 0.100000 0.100000 0.100000 0.100000 0.100000 0.531379 0.419199 0.541591 0.901010 0.100000 0.100000 0.835348 0.854164 1.512800 0.100000 0.240162 0.100000 
0.223864 0.616459 0.219115 1.015851 0.100000 0.316072 0.464765 0.102822 1.117496 0.535945 0.490679 0.100000 1.436110 0.100000 0.268951 1.127312 0.100000 0.764275 0.393291 0.100000 0.294344 0.100000 0.756957 0.824689 1.024471 0.571044 0.399309 0.529151 0.658284 0.523598 0.955545 0.210562 0.455549 0.100000 0.100000 0.100000 0.971445 1.065362 0.348296 0.720447 0.697915 0.405468 0.100000 0.100000 0.224255 0.508019 0.513102 0.100000 1.937384 0.100000 1.112280 0.100000 0.100000 0.337673 0.740520 0.100000 0.243513 
0.122433 0.500200 0.639941 0.477103 1.332496 0.100000 0.154201 0.481310 0.100000 0.988960 0.100000 0.100000 0.724245 0.172748 0.100000 0.100000 0.100000 0.853758 0.100000 0.950557 0.754537 0.397522 0.100000 0.421606 0.502956 0.438055 1.027035 1.011272 0.100000 0.184950 0.671564 1.017825 1.129582 0.814256 0.552992 0.530406 0.100000 0.428921 0.391033 0.100000 0.100000 1.076874 0.223512 0.100000 0.613233 1.145054 0.903154 0.100000 1.444878 0.720965 0.465654 0.100000 0.196688 0.938519 0.834780 0.100000 0.259811 
0.923516 0.100000 0.472927 0.100000 0.487744 0.100000 0.100000 1.372029 0.266894 0.690389 0.541605 0.100000 0.143646 0.100000 0.103051 0.350976 0.100000 0.882306 0.100000 0.917964 0.239029 0.614012 0.389968 0.100000 0.957474 0.776024 0.298006 0.511306 0.100000 0.576417 0.829542 0.100000 0.100000 0.422663 0.374239 0.168387 0.383246 0.100000 0.255128 0.100000 0.100000 0.200071 0.100000 0.100000 0.961450 0.509187 0.100000 0.808238 0.747046 0.100000 0.940697 0.680906 0.457072 0.476381 0.100000 0.717565 0.966037 
0.484234 0.100000 0.100000 0.304360 0.573940 0.221196 0.100000 0.346662 0.612562 0.500803 0.100000 0.200162 0.478697 0.100000 0.320546 0.245092 0.279319 0.100000 0.275083 1.427189 0.100000 0.385297 0.100000 0.100000 1.564454 0.582988 0.495909 1.111213 1.010115 0.280808 1.204937 0.100000 0.679050 0.353823 0.952988 0.100000 0.100000 0.763187 0.715049 0.426967 0.100000 1.767924 0.100000 0.830696 0.732312 0.806483 1.314262 0.471644 0.588733 1.911486 0.100000 1.662457 0.257988 0.100000 0.249468 0.100000 0.100000 
0.100000 0.100000 0.661113 0.100000 0.100000 0.576828 0.991240 1.337907 0.311587 0.942553 0.468342 0.100000 0.118390 0.100000 0.100000 0.100000 0.224491 0.100000 0.100000 0.534903 0.307426 0.100000 0.722496 1.084691 1.060070 0.100000 0.100000 0.472455 0.137882 0.777904 0.100000 0.628985 0.710530 1.102215 0.378742 0.738984 0.191387 0.100000 0.149834 0.100000 0.156008 0.514905 0.518450 0.100000 0.404443 0.430865 0.773493 0.100000 0.972112 0.100000 0.785212 1.117645 0.365245 0.444065 0.394708 0.100000 1.114238 
0.342782 0.237274 0.362230 0.497971 0.100000 0.655959 0.100000 0.100000 0.100000 0.100000 0.290753 0.207072 0.220289 0.100000 0.749980 0.609279 0.100000 1.236537 0.103975 0.783357 0.112780 0.100000 0.752899 0.883604 0.327822 0.467872 0.997037 0.954910 1.118094 0.166263 0.100000 0.503278 0.450377 0.530607 1.212541 0.357278 0.219545 0.100000 0.100000 0.941839 0.100000 0.486146 0.100000 0.138531 0.100000 0.692784 0.821050 0.313071 1.091591 0.595281 0.100000 0.753215 0.100000 0.340625 0.480959 0.323128 1.017059 
0.678364 0.158434 0.167891 1.170900 0.437186 0.100000 0.715382 0.100000 0.688857 0.672179 0.100000 0.100000 0.384389 0.100000 0.273994 0.349521 0.100000 0.173117 0.408530 1.017168 0.313554 0.234651 0.100000 0.100000 0.640364 0.503110 0.453164 0.327856 0.183505 0.100000 0.100000 0.252516 0.100000 0.173150 0.297990 0.100000 0.100000 0.994801 0.100000 0.100000 0.100000 0.875871 0.100000 0.103268 1.315194 0.100000 0.299608 0.100000 0.100000 0.100000 0.531981 1.220027 0.105945 0.100000 0.132112 0.366254 0.440097 
0.758192 0.100000 1.604445 0.115770 0.865521 0.300563 0.372671 0.273504 0.319101 0.100000 0.917028 0.658936 0.100000 0.100000 0.239416 0.776334 0.600386 0.384423 0.461124 0.264996 0.704171 0.100000 0.100000 0.659211 0.100000 0.100000 0.100000 1.035340 0.160872 0.360037 0.774637 0.472270 0.171423 1.532160 0.100000 0.248392 0.358585 1.284661 0.488834 0.887014 0.100000 1.259244 1.122791 0.537982 0.100000 0.556409 0.973730 0.271477 1.194981 1.136123 0.917131 0.136572 0.100000 0.898549 0.771605 0.100000 0.571323 
0.100000 0.100000 0.100000 0.136112 0.100000 0.100000 0.290257 0.536485 0.100000 0.100000 0.243956 0.568798 0.354098 0.100000 0.259378 0.314668 0.100000 0.100000 0.443990 0.642190 0.547401 0.100000 0.100000 1.127194 0.768596 1.456791 0.167589 0.100000 0.281202 0.435233 0.456294 0.110398 0.349558 0.100000 0.770508 0.752165 1.389392 0.182447 0.210375 0.411727 0.100000 0.920177 0.934085 0.319725 0.707903 0.401247 0.100000 0.100000 0.100000 0.100000 0.318389 0.327649 0.275372 0.321803 1.222479 0.520581 0.487756 
0.462276 0.100000 0.145772 0.527317 0.708828 0.100000 0.885631 0.100000 0.471310 0.100000 0.317328 0.100000 0.724978 0.741023 0.100000 0.601844 0.386475 0.923869 0.888851 1.201080 0.100000 0.186372 0.100000 0.100000 0.994108 1.405998 0.100000 0.461194 0.895062 0.100000 0.100000 1.215169 0.926442 0.297472 1.729958 0.631584 0.924225 0.575098 0.394659 0.119117 0.410029 0.145729 0.931667 0.239004 0.103916 0.818799 0.100000 0.100000 0.275148 1.032581 1.435863 0.100000 0.507594 0.100000 0.100000 0.100000 0.100000 
0.858797 0.100000 0.100000 1.286874 1.069250 0.212698 0.207241 0.449479 0.400942 0.721588 0.313092 0.995944 0.100000 0.520096 0.528329 0.100000 0.100000 1.095454 0.674110 1.448744 0.100000 0.812687 0.730594 0.621452 1.422739 0.135905 0.713437 0.100000 0.497179 0.524216 0.905012 0.100000 0.582679 0.290781 0.981451 0.169591 1.243349 0.596801 0.100000 0.100000 0.100000 1.045436 0.289296 0.100000 0.176594 0.961970 1.041154 0.100000 0.100000 0.667020 0.463936 0.100000 0.714072 0.198499 0.706194 0.100000 0.100000 
0.100000 0.100000 1.178821 0.100000 0.100000 0.194786 2.038768 0.672132 0.127690 0.303915 0.466601 0.673468 0.100000 0.899871 0.100000 1.093288 0.558198 0.598877 0.100000 0.199194 0.100000 0.100000 0.219704 0.100000 0.464476 0.100000 0.100000 0.741690 0.572374 0.195117 0.515192 0.726112 0.904313 1.382639 1.041153 0.100000 0.100000 0.407389 0.100000 0.305206 0.100000 0.100000 0.100000 0.777124 0.100000 0.100000 0.100000 0.186253 1.467789 0.100000 0.303579 0.100000 0.593605 0.248845 0.722393 0.384205 0.491312 
0.101768 0.203781 1.289390 0.620285 0.100000 0.594711 0.439374 0.100000 0.386300 0.100000 0.173258 0.134648 0.520695 0.100000 0.175177 0.826138 0.576365 0.669439 0.100000 0.778412 0.586530 0.410399 1.085767 0.100000 0.119168 0.517863 0.468164 0.167474 0.706552 0.683389 0.393689 1.283840 0.100000 1.130599 0.100000 0.892464 0.679817 1.612358 1.461055 0.105506 0.292508 1.206737 1.194344 0.100000 1.804787 0.563884 1.149454 0.100000 0.995569 1.255590 0.799241 0.458920 0.100000 0.641029 0.298286 0.181916 0.100000 
1.094947 0.632152 1.135807 0.100000 0.703046 0.100000 0.456615 0.100000 0.598156 0.100000 0.897386 1.411993 0.128516 0.172835 0.100000 0.471856 0.100000 0.152672 0.543813 1.371222 0.645376 0.736636 0.286922 0.100000 0.545950 0.771190 0.415005 1.880394 1.106096 0.100000 0.100000 0.925808 0.100000 0.318326 0.312946 0.714745 0.175740 0.839784 0.409654 0.100000 0.100000 1.022096 0.424597 0.100000 0.461187 0.770041 0.261095 0.514623 1.020320 0.100000 0.100000 0.100000 1.015426 0.692975 0.456416 0.314493 0.103598 
