60 Number of operations
19 Number of workers
Standard production times
0.395487 0.532490 0.222502 0.307822 0.261232 0.472611 0.856732 0.348992 0.510849 0.592732 0.929213 0.391227 0.206876 0.575733 0.100000 0.623915 0.189126 0.198222 0.386496 0.383715 0.967043 0.350765 0.541102 0.253267 0.159032 0.456081 0.295062 0.100000 0.627160 0.519564 0.619080 0.716055 0.419631 0.380416 0.100000 0.410165 0.555420 0.278717 0.305743 0.100000 0.571778 0.269913 0.412373 0.663896 0.543813 0.237312 0.591981 0.366152 0.400966 0.541476 0.611755 0.607141 0.514341 0.395286 0.100000 0.249166 0.430479 0.769328 0.427803 0.599307 
Production times: workers row and ops columns
0.100000 1.324733 0.100000 0.262095 0.608792 0.100000 0.761997 0.310383 0.923200 1.216839 0.727267 0.100000 0.890494 1.184676 0.100000 0.799359 0.380060 0.481359 0.488600 1.087063 0.100000 0.871177 0.731338 0.144700 0.745798 0.100000 0.875823 0.293039 0.100000 0.736111 0.467037 2.008703 1.337298 0.600761 0.100000 0.118458 0.392896 0.100000 0.100000 0.100000 0.433689 0.100000 0.100000 0.199450 1.819032 0.100000 0.100000 0.582350 0.239176 0.753388 1.011345 1.238448 0.890323 0.100000 0.654572 0.100000 0.373268 0.520241 0.100000 0.895140 
0.303859 1.042417 0.100000 0.730977 0.510202 0.535863 0.147326 0.223105 0.100000 0.100000 2.569086 0.876658 1.103172 0.361226 0.448099 0.972623 0.489884 0.200051 0.272372 0.100000 1.272115 0.562513 1.100046 0.116146 1.029938 0.232331 0.100000 0.569082 0.392987 0.100000 0.681492 1.094306 0.540351 0.629129 2.154346 0.820727 1.321301 0.100000 0.488270 0.487041 0.389539 0.100000 0.610633 0.506588 0.246935 0.812062 1.259764 0.517466 0.173852 0.798661 1.026484 0.922452 0.100000 0.226277 0.279567 0.560276 0.910870 1.148513 0.100000 0.245596 
0.100000 1.434728 0.312707 0.584404 0.777746 0.308110 0.281230 0.135731 0.436775 1.343451 1.364013 0.100000 0.538987 0.943175 0.100000 0.569657 0.100000 0.363466 0.228649 0.100000 0.617958 0.470741 0.264627 0.403031 0.435364 0.100000 0.138927 1.172339 0.687713 0.100000 0.649311 0.100000 0.986004 0.565568 0.642903 0.861255 0.750569 0.766471 0.401530 0.100000 0.100000 0.100000 0.100000 1.576894 0.100000 0.198992 0.100000 0.100000 0.359843 0.389142 0.531893 0.881615 0.205153 0.584683 0.356626 0.100000 0.288719 1.038540 0.456429 0.678851 
0.100000 0.561750 0.410775 0.240082 0.429186 1.424799 0.899414 0.681660 0.100000 0.166561 0.689221 0.100000 0.203075 0.108817 0.100000 0.100000 0.100000 0.100000 0.100000 0.100000 0.660996 0.175134 1.063841 0.937775 0.521708 0.276344 1.043538 0.100000 0.100000 0.653551 0.617977 0.646409 0.435914 0.100000 0.100000 1.027182 1.069513 0.100000 1.272322 0.100000 0.286087 0.416129 0.100000 0.419931 0.457277 0.100000 1.027401 0.662555 0.100000 0.200710 0.701788 0.573676 0.120466 0.607663 0.509943 0.100000 0.825009 0.100000 0.100000 0.849277 
0.100000 0.100000 0.100000 0.100000 0.424765 0.100000 0.670972 1.929475 0.565824 0.100000 1.229124 0.665919 0.898767 0.649907 0.100000 1.328332 0.545157 0.100000 0.760295 0.267266 1.522366 0.164096 0.934175 0.350352 0.452134 0.445887 0.100000 0.133657 0.943059 0.728361 1.426668 0.928858 0.737313 1.431531 0.133063 0.677944 0.253850 0.299696 1.126701 0.255849 1.297363 0.100000 0.100000 0.817659 0.100000 1.572480 1.216206 0.100000 0.317382 0.253170 0.819766 0.578218 0.980285 1.129452 0.100000 0.100000 0.711813 0.687071 1.000231 0.523248 
0.810382 0.700523 0.127980 0.100000 0.617994 1.737479 1.275540 0.283151 0.864645 0.649759 0.288766 0.546150 0.981021 0.417819 0.100000 0.868163 1.104600 0.668310 0.895854 1.534904 1.777590 0.707107 0.436750 0.322076 0.107356 0.880256 0.100000 0.872693 0.700080 0.319511 1.026683 0.100000 0.100000 0.100000 0.510282 0.165587 1.267904 0.100000 0.566298 0.100000 1.149544 0.142647 0.671836 0.417399 0.100000 0.121853 1.140986 0.100000 0.100000 0.387482 1.002132 0.100000 0.242399 0.487437 0.100000 0.392770 1.025243 0.779929 0.395098 0.982365 
0.364670 0.100000 0.100000 0.100000 1.217532 0.449980 1.145187 0.707895 0.100000 0.907120 0.646967 0.100000 0.100000 0.100000 0.100000 0.795521 1.330396 0.100000 0.304514 0.569526 1.060304 0.271550 0.100000 0.100000 0.100000 0.100000 0.100000 0.100000 1.189401 0.100000 1.570089 0.425864 0.100000 0.100000 0.489740 0.923464 0.131087 0.444487 0.230948 0.100000 0.647377 0.652447 0.100000 0.100000 0.647158 0.201873 0.934361 0.100000 0.100000 1.313244 0.100000 0.788858 0.116905 0.192643 0.100000 0.842190 0.100000 0.170258 0.100000 1.187534 
0.545092 0.872123 0.213672 0.425842 0.508250 1.245750 0.980160 0.100000 1.084399 0.640511 0.375494 0.303084 0.100000 1.619074 0.100000 0.100000 0.340744 0.100000 1.030880 0.451178 0.100000 0.100369 0.100000 0.100000 0.100000 0.100000 0.393194 0.100000 0.180355 0.895515 1.567546 0.401516 1.325674 0.100000 0.381352 0.119130 0.518419 0.100000 0.100000 0.100000 0.398308 0.475634 1.575569 0.346870 0.466608 0.100000 0.100000 1.061733 0.100000 0.168677 0.622385 1.062600 0.671979 1.328390 0.100000 0.100000 0.499957 0.829053 0.100000 0.432987 
0.102293 1.399748 0.100000 0.100000 0.400949 0.100000 1.070240 0.552486 0.100000 0.312822 0.628953 1.198664 0.404353 0.100000 0.100000 0.585142 0.182457 0.100000 0.532113 0.285049 1.505458 0.569470 0.494503 0.321083 0.100000 0.898453 0.486665 0.100000 0.686058 0.251222 1.862673 0.490375 0.679049 0.562640 0.100000 0.412994 0.394953 0.403474 0.433898 0.483813 0.963288 0.100000 0.149927 0.368992 0.112547 0.100000 0.893816 0.326345 0.295330 0.100000 0.100000 0.100000 0.462861 0.729900 0.397155 0.210112 0.100000 0.764837 0.428983 0.952183 
0.778421 0.399371 0.205159 0.655918 0.489826 0.387260 0.100000 0.100000 0.930205 0.667646 1.405802 0.218606 0.247011 0.972495 0.443912 0.819756 0.733556 0.865878 1.081669 0.100000 0.723884 0.186481 0.358795 0.100000 0.809592 0.100000 0.344812 0.100000 0.373623 0.390540 0.151146 1.083760 1.609873 0.100000 0.100000 1.286074 0.836441 0.120670 0.100000 0.466325 0.678358 1.046169 0.100000 0.577116 0.389845 0.128896 1.120798 0.787336 0.100000 0.495314 0.496348 1.051703 0.426218 0.100000 0.100000 0.225277 0.889089 1.407242 1.073187 0.781361 
0.136520 0.823133 0.127040 0.100000 0.405858 0.672760 1.288498 0.100000 0.100000 0.842325 0.443547 0.886304 0.100000 0.280687 0.100000 1.642240 0.100000 0.150237 0.116423 0.256459 1.373881 0.394830 0.526634 0.839609 0.100000 1.012846 1.083507 0.100000 0.753633 0.100000 0.100000 0.282492 0.672314 0.749742 0.100000 0.100000 0.326766 0.100000 0.100000 0.100000 0.443216 0.201423 1.493605 0.992672 0.463682 0.263825 0.746159 0.100000 0.100000 0.165788 0.487683 0.653927 0.144538 0.100000 0.100000 0.264196 0.704110 0.636169 0.634855 0.100000 
0.790248 0.492116 0.100000 0.169488 0.302643 0.100000 1.207738 0.170924 0.726843 0.100000 1.073087 0.743453 0.100000 0.468506 0.100000 0.779717 0.194144 0.437624 0.346343 0.100000 0.300341 0.115845 0.761206 1.374599 0.583443 0.139450 0.100000 0.347247 0.626183 0.100000 1.056925 0.710667 0.204463 0.100000 0.574561 0.435619 0.422410 0.100000 0.113839 0.710925 0.825392 1.264830 0.936568 0.830278 0.985992 0.311755 0.100000 0.100000 0.561634 0.100000 0.346685 0.100000 1.353113 0.100000 0.100000 0.100000 0.911031 1.327586 0.145244 0.881868 
0.100000 0.528668 1.524352 0.775780 0.235798 0.100000 0.702730 0.100000 0.100000 0.892465 1.217351 0.488191 0.703629 0.100000 0.796065 0.100000 0.376271 0.423939 0.923676 1.381770 1.139768 0.159363 0.100000 0.382269 0.100000 0.100000 0.193642 0.435573 0.472168 0.100000 0.689901 0.100000 0.100000 1.109901 0.221437 1.400275 0.100000 0.797176 0.217316 1.439822 0.464066 0.100000 0.624284 0.758377 0.314245 0.693186 0.937071 0.808997 0.601175 0.186648 0.261616 0.903638 0.100000 1.244308 0.116247 0.100000 0.949261 0.759232 1.026393 0.705200 
1.279636 0.340747 0.100000 0.100000 0.100000 0.767558 1.761304 0.251473 0.100000 0.934193 1.156064 0.200645 0.410850 0.578938 0.100000 0.966724 0.100000 0.100000 0.268334 1.167717 1.948228 1.050833 0.293601 0.100000 0.331003 0.375079 0.364579 0.100000 0.184050 0.100000 1.005432 1.247215 0.100000 0.671723 0.420770 0.100000 0.560358 0.685434 0.100000 0.723141 0.468693 0.299596 0.290199 0.100000 0.713332 0.233898 0.386912 0.256181 0.609621 0.467767 0.346634 0.647357 0.891422 0.413248 0.100000 0.664605 0.282275 1.062008 0.354821 0.127158 
0.100000 0.100000 0.105432 0.100000 0.452736 1.022415 0.735651 0.100000 0.100000 0.705391 1.135201 0.420020 0.555057 0.239523 0.100000 0.761791 0.100000 0.441822 0.634290 0.247804 0.485061 0.100000 1.088873 0.100000 0.188897 0.100000 1.448620 0.100000 0.944015 0.100000 2.215031 0.100000 0.597849 0.100000 0.509603 0.100000 0.333665 0.100000 0.106891 0.100314 1.442391 0.100000 0.684829 0.684862 0.239356 0.131215 0.787330 0.347392 0.378940 0.151167 0.411242 0.849133 0.100000 0.135798 0.136714 0.412150 0.623478 0.668334 0.100000 0.980049 
0.896223 1.129745 0.392232 0.729518 0.112644 0.100000 0.769066 0.224146 1.006679 0.989228 0.667886 0.176721 0.180444 0.607229 0.802265 0.373159 0.825249 0.100000 0.100000 1.207653 1.153657 0.391731 0.825465 0.136026 0.176587 0.554474 0.393937 0.268418 0.328331 0.688533 0.254066 0.996066 0.325558 0.493396 0.227771 0.100000 0.278522 0.196652 0.518144 0.556753 0.534658 0.100000 0.521471 0.642931 0.908342 0.826609 1.549820 0.100000 0.154473 0.493434 0.988584 0.931960 0.532308 0.766093 0.100000 0.100000 0.569340 0.228991 1.197171 0.195324 
0.100000 0.680837 0.100000 0.100000 0.168579 1.099395 2.361447 0.424816 0.100000 0.713251 1.250691 0.100000 0.370041 1.351900 0.335650 0.226840 0.100000 0.100000 0.163043 0.100000 1.648956 0.100000 0.100000 0.340409 0.444549 0.175582 0.382633 0.423175 0.985600 0.693705 0.879558 0.100000 0.808814 0.441758 0.100000 0.206437 0.402386 0.100000 0.215875 0.100000 0.100000 1.330304 0.593127 1.754762 0.397458 1.029780 0.518509 1.135858 0.850910 0.911601 0.515153 0.708140 1.169994 0.100000 0.100000 0.100000 0.100000 1.069483 0.836729 0.494621 
0.952195 0.160841 0.100000 0.365730 0.457593 0.403842 0.321065 0.628349 1.355789 0.403238 0.939466 0.100000 0.202516 0.117953 0.183524 1.394559 0.448044 0.100000 0.785901 0.100000 1.567163 0.499010 0.100000 0.100000 0.100000 1.447163 0.575644 0.100000 0.288609 0.593678 0.330036 0.827900 0.602928 0.100000 0.399924 1.238600 0.708589 0.582693 0.100000 0.100000 0.717585 0.100000 0.100000 1.069973 0.215663 0.339171 0.642279 0.563232 0.692493 0.797239 0.460331 1.007127 0.329156 0.566047 0.100000 0.283970 0.100000 1.454989 0.583661 0.228781 
0.100000 0.165087 0.864785 0.100000 0.741393 0.356487 0.683320 0.100000 0.643138 1.095204 1.305349 0.639626 0.100000 0.610950 0.100000 0.185865 0.356424 0.100000 0.609059 0.207582 1.660538 0.247813 0.759338 0.725036 0.418585 0.742043 0.100000 0.510186 0.100000 0.145051 0.100000 0.508484 0.100000 0.218157 0.100000 0.282251 0.148507 0.137569 0.669862 0.100000 0.501464 0.146869 0.100000 0.399720 1.204296 0.371318 0.264077 0.683976 0.533208 0.100000 0.382882 0.539831 0.475977 0.521200 0.100000 0.229219 0.121132 0.542060 0.125737 0.809388 
