59 Number of operations
16 Number of workers
Standard production times
0.610258 0.640030 0.234985 0.502510 0.337516 0.344327 0.610595 0.284189 0.317913 0.308823 0.332974 0.180759 0.100000 0.241830 0.483721 0.100000 0.482363 0.100000 0.306839 0.520536 0.101590 0.442741 0.433487 0.512837 0.257773 0.617500 0.520335 0.775330 0.290329 0.369030 0.467970 0.377132 0.743368 0.145859 0.404742 0.404236 0.368266 0.162051 0.415886 0.468406 0.342988 0.319125 0.323822 0.486947 0.488400 0.589071 0.402792 0.344279 0.527993 0.534820 0.607286 0.100000 0.270926 0.748505 0.100000 0.352985 0.397087 0.324539 0.355663 
Production times: workers row and ops columns
0.167385 1.231301 0.100000 1.022048 0.965732 0.100000 0.888127 0.690196 0.100000 0.671623 0.100000 0.100000 0.143358 1.403554 0.530566 0.267211 0.438155 0.100000 0.284951 0.645928 0.100000 0.546127 0.100000 0.136318 0.713094 1.300471 0.340505 1.033479 0.100000 0.894355 0.442615 0.269906 0.425104 0.310400 0.683846 0.100000 0.100000 0.100000 0.248049 0.585416 0.100000 0.100000 0.641427 0.192424 0.100000 1.162045 0.100000 0.892405 1.380116 0.100000 0.894907 0.191960 0.100000 0.867985 0.100000 0.309032 0.282894 1.073512 0.335392 
1.450722 0.937723 0.614049 0.810518 0.932011 0.717619 0.985500 0.100000 0.694713 0.100000 0.493971 0.566926 0.100000 0.430760 0.127329 0.713224 0.913591 0.254048 0.100000 0.100000 0.147785 0.558852 0.424308 0.994158 0.100000 1.105506 0.401043 1.355474 0.219041 0.937968 1.028154 0.489881 1.179241 0.490695 0.100000 0.100000 0.100000 0.100000 0.100000 0.115735 1.149208 0.100000 0.187288 0.100000 1.024234 0.383879 0.100000 0.100000 0.100000 1.291236 0.141196 0.679210 0.100000 0.563473 0.100000 0.791319 0.302469 0.100000 0.100000 
0.821064 0.795382 0.100000 0.752796 0.902655 0.376851 0.100000 0.107791 0.960050 0.155636 0.693171 0.596102 0.100000 0.100000 0.709552 0.100000 0.100000 0.100000 0.599322 0.754783 0.113885 0.933487 0.383242 0.545001 0.100000 1.225682 0.576716 0.372251 0.568148 0.151182 1.180067 0.674919 0.873588 0.100000 0.780309 0.668941 0.810306 0.100000 1.064918 0.866271 1.003383 0.100000 0.100000 0.455316 0.100000 0.100000 0.100000 0.329093 0.272617 0.100000 0.446715 0.266558 0.270987 0.501056 0.100000 0.121311 0.637977 0.291769 0.252144 
0.100000 0.243253 1.181118 0.863987 0.100000 0.100000 0.112545 0.290661 0.500031 0.562658 1.086202 0.448104 0.100000 0.100000 0.678190 0.100000 0.601851 0.493618 0.581712 0.837624 0.100000 0.100000 0.828979 0.529946 0.100000 0.104033 0.100000 0.100000 0.577331 0.673140 0.100000 0.259756 0.410386 0.810117 0.121838 0.366102 0.428575 0.100000 1.150051 0.123850 0.473169 0.956331 0.100000 0.100000 0.100000 1.043999 0.100000 0.100000 0.100000 1.669802 0.987826 0.100000 0.138193 0.100000 0.100000 1.037143 0.951869 0.594862 0.844977 
0.259121 0.100000 0.463933 0.765265 0.100000 0.333334 0.100000 0.100000 0.100000 0.415737 0.100000 0.100000 0.100000 0.329669 0.100000 0.430144 0.988389 0.100000 0.704728 0.352708 0.100000 1.453779 0.573768 0.717282 0.238337 0.339183 0.377882 0.971180 0.785131 0.220203 0.773831 0.100000 0.928590 0.482794 0.911089 0.100000 0.130271 0.216001 0.425319 0.896221 0.515635 0.518004 0.610980 0.669077 0.313636 0.300013 0.786904 0.752110 0.301321 1.364473 0.525321 0.100000 0.671684 0.422654 0.100000 1.683604 0.100000 0.475907 0.100000 
0.160745 0.537571 0.646029 0.100000 0.261289 0.100000 0.961589 0.100000 0.976347 0.866123 0.100000 0.697616 0.100000 0.100000 0.537712 0.100000 0.100000 0.689171 1.143933 0.355530 0.451060 0.100000 0.100000 0.100000 0.100000 0.100000 0.834877 1.180040 0.842412 0.116924 0.268095 0.100000 0.698112 0.402514 0.437282 0.100000 0.223606 0.100000 0.100000 1.147406 0.100000 0.100000 1.051959 0.562647 1.827947 0.504990 1.283396 0.100000 0.616785 0.100000 0.100000 0.100000 1.008021 0.887598 0.544220 0.598556 0.244367 0.100000 0.100000 
0.376213 0.814262 0.779926 0.243670 0.692016 1.195084 0.865957 0.104136 1.291894 0.100000 0.100000 0.100000 1.085502 0.100000 0.100000 0.542001 0.303498 0.100000 0.381547 0.846864 0.245590 0.535599 0.249805 0.433452 0.789103 0.712605 0.623479 0.468429 0.866824 1.038304 0.215304 0.868734 0.718595 1.311786 0.100000 0.241240 0.100000 0.100000 0.100000 0.373347 0.847339 0.259751 0.594606 0.466233 1.055811 0.812734 0.692414 0.100000 1.408979 0.782669 0.717203 0.100000 0.284982 0.965192 0.689862 0.275597 0.173221 0.322145 0.100000 
0.840047 0.465955 0.327490 0.386480 0.619735 0.100000 0.100000 0.848290 0.100000 0.143331 0.100000 0.630758 0.408998 0.316588 0.642815 0.100000 0.100000 0.100000 0.100000 1.119733 0.100000 0.100000 0.703070 0.100000 0.100000 0.100000 1.256463 0.736484 0.121086 0.619348 0.984860 0.827799 0.100000 0.100000 0.177377 0.100000 0.100000 0.100000 0.100000 0.100000 0.297400 0.554554 0.959867 0.403438 0.874463 0.185865 1.130537 0.946570 1.148354 0.329330 0.100000 0.100000 0.100000 0.100000 0.116209 0.135630 1.022732 0.752994 0.473540 
0.100000 0.675309 0.100000 0.100000 0.687930 0.100000 1.351671 0.626095 0.100000 0.470499 0.100000 0.593522 0.100000 0.100000 0.810933 0.100000 0.190463 0.100000 0.100000 0.858551 0.364389 0.300116 0.100000 0.367629 0.285528 0.263108 1.077474 0.770803 0.267357 0.282748 0.239862 0.512288 1.319915 0.728375 0.100000 1.350029 0.467721 0.100000 0.726938 0.605526 0.100000 0.100000 0.100000 0.353102 0.545426 0.705710 1.305426 0.355306 0.212189 0.100000 0.433735 0.270786 0.100000 1.166509 0.165487 1.114956 0.632860 0.416445 0.544658 
1.144915 1.278303 0.100000 0.100000 0.288005 0.133582 0.100000 0.100000 0.293664 0.270256 0.100000 0.161171 1.072083 0.479516 0.100000 0.100000 1.143318 0.542130 0.100000 0.919719 0.100000 0.100000 0.100000 0.741457 0.323786 0.588117 0.812868 1.263776 0.464659 0.326468 0.532791 0.100000 0.308997 0.364053 0.100000 0.100000 0.234348 0.100000 0.100000 0.644398 0.744602 0.371341 0.314840 0.900226 1.758980 0.645295 0.100000 0.606470 0.954527 0.575470 0.100000 0.716158 0.226108 1.145006 0.100000 0.177799 0.554161 0.353364 0.621096 
0.652526 0.681314 0.100000 0.482021 0.518378 1.021510 0.770057 0.801430 0.516998 0.354506 0.288953 0.100000 0.100000 0.151033 0.100000 0.100000 0.100000 0.100000 0.100000 0.717015 0.148642 1.269075 0.328831 0.141427 1.029699 1.277936 0.220177 1.016174 0.404076 0.100000 0.741155 0.267635 0.726044 0.564006 0.471276 1.398089 0.100000 0.455180 0.564392 0.100000 1.347329 0.605237 0.393294 0.778907 0.837931 0.778490 0.279021 0.539902 0.871486 1.088021 0.484350 1.077044 0.100000 0.100000 0.100000 0.100000 0.681856 0.100000 0.758284 
0.100000 0.199861 0.802001 0.608352 0.424108 0.204224 1.503032 0.680452 0.903581 0.791086 0.191041 0.100000 0.295357 0.559174 0.193271 0.788421 0.268114 0.345021 0.100000 0.101673 0.100000 0.257471 0.786349 1.134099 0.614346 0.900205 0.322980 0.436988 0.100000 0.773486 0.100000 0.259564 1.302350 0.429363 0.100000 1.400141 0.194789 0.100000 0.100000 0.727166 0.138083 0.100000 0.892060 0.674003 0.100000 0.741764 0.549431 0.698771 0.493720 0.353533 0.100000 0.146732 1.083021 0.182711 0.470972 0.269892 0.100000 0.767258 0.549217 
0.693334 0.897981 0.924761 0.881144 0.212527 0.437223 0.333444 0.236963 0.251007 1.170896 0.592355 0.947903 0.444320 1.232671 0.989193 0.100000 0.896207 0.855228 0.846350 0.368080 0.608860 0.784799 0.652717 0.324994 0.297873 0.910412 0.972598 0.921684 1.102495 0.259899 0.100000 0.731542 0.916048 0.285760 0.660935 0.209959 0.155542 0.617519 0.576124 0.257803 0.336428 0.100000 0.461077 1.022513 0.972392 1.696149 0.638607 0.100000 0.895524 1.068667 0.997536 0.100000 0.100000 0.552914 0.688284 0.100000 0.778691 0.261614 0.331005 
0.100000 1.115658 0.958529 1.736831 0.626295 0.226413 0.558939 0.100000 0.206083 0.622867 0.874055 0.100000 0.100000 0.665586 0.170142 0.100000 1.385636 0.963716 0.798811 0.162342 0.100000 0.100000 0.100000 0.191054 0.847574 0.100000 0.735441 0.100000 0.354103 0.996837 0.100000 0.440598 1.483977 0.767451 0.100000 1.410829 0.431194 0.100000 0.100000 0.971325 0.100000 0.889326 0.404378 0.261748 0.432570 0.398762 0.100000 0.709466 0.574065 0.866283 0.599877 0.530587 0.148650 0.496494 0.100000 0.100000 1.082628 0.357975 0.100000 
0.261536 0.100000 0.100000 0.942661 0.410004 0.522940 0.100000 0.100000 0.100000 1.148555 0.866737 0.100000 0.100000 0.100000 0.100000 0.100000 0.614563 0.261360 0.100000 0.100000 0.100000 0.111231 0.790678 1.402147 0.917443 1.580369 0.651265 1.595499 0.100000 0.616137 0.221824 0.100000 0.834466 0.100000 1.099720 1.282083 0.100000 0.100000 0.456517 0.100000 0.100000 0.342704 0.100000 0.545481 0.558663 1.062049 1.020456 0.262281 0.697637 1.541652 0.100000 0.100000 0.100000 0.514485 0.460408 0.363926 0.267864 0.690084 0.117476 
0.513474 0.100000 0.512287 0.306733 0.100000 0.232170 0.754937 0.805466 0.255474 0.120070 0.100000 0.100000 0.100000 0.100000 0.896638 0.100000 0.100000 0.935901 0.592998 0.562184 0.442699 0.888490 0.100000 0.470864 0.737423 0.393364 0.305728 0.661926 0.973616 0.664672 0.392463 0.979313 1.099800 0.917315 0.349598 0.239574 0.140388 0.100000 0.672012 1.036415 0.100000 0.922612 0.100000 0.646576 0.707724 0.332641 0.100000 0.605158 0.407161 0.100000 0.333499 0.100000 0.525818 1.394137 0.255709 0.242103 0.100000 0.298736 0.598627 
