50 Number of operations
17 Number of workers
Standard production times
0.395487 0.532490 0.222502 0.307822 0.261232 0.472611 0.856732 0.348992 0.510849 0.592732 0.929213 0.391227 0.206876 0.575733 0.100000 0.623915 0.189126 0.198222 0.386496 0.383715 0.967043 0.350765 0.541102 0.253267 0.159032 0.456081 0.295062 0.100000 0.627160 0.519564 0.619080 0.716055 0.419631 0.380416 0.100000 0.410165 0.555420 0.278717 0.305743 0.100000 0.571778 0.269913 0.412373 0.663896 0.543813 0.237312 0.591981 0.366152 0.400966 0.541476 
Production times: workers row and ops columns
0.495063 0.100000 0.100000 0.100000 0.824839 0.280604 0.495453 1.057099 0.795919 0.100000 0.897451 0.100000 0.100000 0.100000 0.322152 0.647862 0.100000 0.100000 0.100000 0.699811 1.875392 0.100000 0.100000 0.498018 0.299927 0.649503 0.680692 0.421302 0.100000 0.635494 0.703524 1.099793 0.100000 0.100000 0.100000 0.815518 1.689976 0.699213 0.518232 0.661045 0.743105 0.100000 1.898948 0.330826 0.100000 0.645251 0.578396 0.355220 0.100000 0.996019 
0.100000 0.182905 0.101502 0.100000 0.855612 0.557858 1.189691 0.100000 0.864516 0.179316 1.490877 0.678782 0.100000 0.703384 0.100000 0.492613 0.100000 0.257397 1.202693 0.100000 1.114437 0.232474 1.530505 0.100000 0.572839 0.100000 0.260769 0.399268 0.452040 0.100000 0.820582 0.100000 0.124974 0.396987 0.100000 0.100000 1.039394 0.641314 0.313447 0.868186 0.515077 0.423953 1.244858 0.601749 0.415048 0.775975 0.499372 0.948720 0.547885 0.180580 
0.100000 0.209711 0.567436 0.217384 0.665626 0.540808 0.862453 1.300298 0.100000 0.609149 1.441204 0.477396 0.659214 0.810382 0.100000 0.735460 0.100000 0.100000 0.542716 0.580042 1.404115 0.100000 0.775955 0.468362 0.491727 0.100000 0.217241 0.100000 0.820760 0.377593 1.106867 1.219140 0.100000 0.949244 0.402280 0.100000 0.890188 0.213170 0.100000 0.887550 0.400770 0.779346 0.672963 0.366270 0.100000 0.139565 0.975867 0.100000 0.168735 0.701814 
0.326099 1.147102 0.274113 0.100000 0.100000 0.197956 1.817204 0.100000 0.634525 0.356180 1.240947 0.563835 0.100000 0.552125 0.100000 0.743559 1.409456 0.359566 0.137990 0.853533 1.235567 0.801850 0.838979 0.438748 0.100000 0.558799 0.100000 0.729921 0.680607 1.171418 0.168309 0.100000 0.113358 0.100000 0.100000 0.390906 0.167096 0.156580 1.005065 0.100000 0.390126 0.100000 0.431044 1.707709 0.100000 0.100000 0.643103 0.485674 0.104782 0.563601 
0.100000 0.935371 0.100000 0.100000 0.100000 0.180426 0.469438 0.346047 0.100000 0.100000 0.427305 0.100000 0.100000 0.124792 0.275883 0.268069 0.100000 0.723247 0.248937 0.844123 1.215679 1.542891 0.794174 0.150257 0.270600 0.569965 0.658907 0.100000 0.433228 0.241546 1.633589 0.744837 0.100000 0.100000 0.100000 1.115769 1.275580 0.730814 0.100000 0.666907 1.127078 0.100000 0.132373 1.169577 0.203671 0.100000 0.840856 0.100000 0.188551 0.213592 
0.100000 1.005548 0.936875 1.259666 0.100000 0.100000 1.193625 0.160513 0.100000 0.264796 1.663571 1.560983 0.100000 0.553414 0.845740 0.653744 0.260356 0.876027 0.620212 0.100000 0.191488 0.100000 0.100000 0.797870 0.100000 0.845134 0.467150 0.668614 0.610179 0.958315 0.663606 0.982198 0.454636 0.636191 0.100000 0.776938 0.640027 0.539145 0.580174 0.125766 1.265304 1.517506 0.442555 0.367716 0.180034 0.912810 0.922712 1.291292 0.515665 0.100000 
0.100000 0.377972 0.100000 0.397172 0.100000 0.100000 0.332901 0.540508 0.100000 0.100000 0.892124 0.737418 0.407932 1.040507 0.503980 0.100000 0.100000 0.688439 0.456984 0.799407 1.028396 0.700523 0.875512 0.895895 0.319441 0.100000 0.819308 0.962602 1.780547 1.040234 1.106689 1.092122 1.339419 0.144763 0.100000 0.342647 0.100000 0.995211 0.100000 0.289329 0.246122 0.100000 0.382885 0.828631 0.243730 0.484275 0.349319 1.148163 0.206369 0.762478 
0.269122 1.105317 0.100000 0.100000 0.100000 1.359669 0.478577 0.100000 1.026637 1.267002 0.726867 0.110589 0.209034 0.408060 0.100000 0.580214 0.100000 0.100000 0.100000 0.100000 0.907757 0.612952 0.540296 0.168850 0.615038 0.745646 0.705639 0.614609 0.347908 0.100000 0.100000 0.653895 0.100000 0.298154 0.100000 0.100000 0.845960 0.361392 0.100000 0.100000 0.383139 0.630472 0.100000 0.431692 0.100000 0.100000 0.100000 0.100000 0.100000 1.587352 
0.100000 1.060143 0.609710 0.100000 0.759110 1.144752 0.700853 0.440789 0.100000 1.736818 0.100000 0.150098 1.086357 0.961452 0.754594 0.100000 0.100000 0.100000 0.566197 0.100000 0.552192 0.100000 0.272923 0.181653 0.309243 0.717480 0.634196 0.100000 0.136347 0.473315 0.793242 0.448669 0.100000 0.575685 0.884759 1.663403 0.482728 0.100000 0.547991 0.100000 1.301790 0.123889 0.339689 0.478727 0.100000 0.197943 0.853843 1.446653 0.289625 1.171936 
0.100000 0.100000 0.100000 0.863653 0.100000 0.414340 1.641825 0.655543 0.351215 0.100000 0.617582 1.341216 0.100000 0.688981 0.100000 0.712537 0.100000 0.100000 0.313940 0.100000 0.233229 0.709916 1.885783 0.100000 0.100000 0.100000 0.493874 0.100000 1.579256 0.564393 0.100000 0.859662 1.077072 0.336978 0.100000 0.100000 1.270678 0.736103 0.100000 0.100000 0.100000 0.100000 1.081879 0.732502 0.280408 0.646113 0.872559 0.100000 0.100000 0.377980 
0.100000 0.654453 0.170356 0.100000 0.724982 0.463997 0.986295 0.736334 0.867544 0.173913 0.961258 0.373760 0.100000 1.819932 0.814695 0.897727 0.193606 0.746840 0.100000 0.889302 0.853125 0.480913 0.208853 0.100000 0.100000 0.242831 0.237954 0.502248 1.330520 0.446227 0.606031 0.843112 0.770960 0.356506 0.100000 0.100000 0.553267 0.592341 0.100000 0.111976 0.100000 0.224233 0.380632 1.009717 1.074933 0.100000 0.108150 1.085232 1.299164 0.723717 
0.587744 0.919646 0.100000 1.074429 0.100000 0.753518 0.683292 0.100000 0.100000 0.248050 0.490698 1.145195 0.100000 0.597425 0.226341 0.384413 0.100000 0.100000 1.235236 0.845673 0.160469 0.100000 0.686604 0.649387 0.562607 0.100000 0.100000 0.649136 0.543115 0.397777 0.777337 0.399448 0.214038 1.172768 0.100000 0.262212 0.100000 0.100000 0.793253 0.986446 0.820803 0.508168 0.850884 0.512981 0.176957 0.650491 0.825363 1.183446 0.880032 0.100000 
0.100000 0.100000 0.357517 0.100000 1.306249 0.100000 0.846304 0.294846 0.557699 0.167092 0.100000 0.330770 0.100000 0.100000 0.100000 0.849619 0.100000 1.246976 0.925667 0.186653 0.604002 0.596179 0.261381 0.100000 0.100000 0.247193 0.100000 0.100000 0.100000 0.418815 0.654271 0.341214 1.136790 0.993815 0.100000 0.559722 0.514452 0.100000 1.020345 0.100000 0.100000 0.100000 0.423002 0.561115 0.210427 1.298699 0.537910 0.753580 0.100000 0.738102 
0.100000 0.671987 0.416843 0.368935 0.100000 0.995336 1.015975 0.650455 0.100000 0.612271 0.100000 0.141888 0.492801 0.100000 0.100000 0.725781 0.278439 0.895002 0.100000 0.159036 0.360363 0.349814 0.535848 0.683200 0.100000 0.752560 1.029380 0.100000 0.243541 0.425996 1.453062 0.224887 1.535180 0.809920 0.164661 0.100000 0.449047 0.693250 0.100000 0.100000 0.100000 0.540225 0.100000 0.100000 0.775516 0.300648 1.044427 0.100000 0.100000 1.002120 
0.387345 0.100000 0.249969 0.100000 0.100000 0.611733 0.512977 0.339552 0.281819 0.348673 1.545857 0.100000 0.920817 0.100000 0.100000 1.215189 0.617787 0.417154 0.645656 1.006594 0.388352 0.460027 1.102223 1.173626 0.100000 0.100000 0.100000 0.100000 0.127742 0.339519 0.100000 0.539770 0.100000 0.458162 0.165987 0.149911 1.318389 0.100000 1.450056 0.301759 0.967578 0.100000 1.701092 0.589743 0.513538 0.218367 1.110973 0.100000 0.877236 0.292987 
0.666719 0.236858 0.100000 0.506944 0.757630 0.867276 1.141782 0.100000 0.152268 0.513383 0.220544 2.055401 0.285826 1.076657 0.100000 1.231060 0.169405 0.100000 1.105338 0.203675 0.992504 0.197255 0.446322 0.100000 0.582427 1.164219 0.100000 0.100000 0.639953 1.114885 0.319338 0.467361 0.981598 0.100000 1.273661 0.100000 0.100000 0.453700 0.100000 0.100000 0.100000 0.425795 0.934131 0.275389 1.072653 0.618018 0.323974 0.100000 0.156338 0.707944 
1.343674 0.556484 0.808170 0.100000 0.100000 0.100000 0.671517 0.100000 0.391402 0.278330 0.976763 0.697117 0.219727 0.289183 0.187583 0.763047 0.395580 0.100000 0.732168 0.198050 0.901348 0.401404 0.100000 0.100000 0.100000 0.100000 0.923225 0.100000 1.017696 0.631906 0.508394 0.821374 0.944572 0.100000 0.316130 0.100000 0.868149 0.100000 0.100000 0.100000 0.431678 0.541437 0.100000 0.146005 0.217338 0.254283 0.561010 0.777273 0.100000 0.780837 
