61 Number of operations
16 Number of workers
Standard production times
0.290051 0.119425 0.716550 0.190971 0.451519 0.100000 0.100000 0.336942 0.571636 0.414269 0.100000 0.116889 0.577166 0.526380 0.408052 0.219375 0.435065 0.438886 0.292950 0.555470 0.434268 0.311430 0.740981 0.584869 0.139028 0.323885 0.251275 0.312576 0.314710 0.676281 0.419674 0.326109 0.145356 0.602997 0.103788 0.342580 0.388635 0.242379 0.413542 0.192219 0.347265 0.507650 0.705652 0.791335 0.495640 0.423869 0.228507 0.247610 0.527861 0.409505 1.022967 0.293508 0.469117 0.314897 0.100000 0.751079 0.347161 0.569259 0.817347 0.505296 0.596762 
Production times: workers row and ops columns
0.100000 0.117653 0.972848 0.107040 1.124687 0.100000 0.100000 0.844910 0.294058 0.632398 0.100000 0.128636 0.448015 1.445958 0.311057 1.006441 0.813515 0.175324 0.100000 0.600444 1.275124 0.216092 0.661439 0.100000 0.163044 0.100000 0.100000 0.349849 0.100000 0.559829 0.100000 0.337884 0.100000 0.220872 0.100000 0.256119 0.100000 1.046358 0.986193 0.100000 0.856966 0.100000 0.100000 1.753266 0.274165 1.196631 0.100000 0.100000 0.323835 0.460656 0.589656 0.474125 0.100000 0.100000 0.100000 0.661452 0.226688 0.445410 0.733087 0.792150 0.118375 
0.100000 0.479063 1.333750 0.100000 1.233843 0.100000 0.140064 0.351523 0.100000 0.100000 0.100000 0.100000 0.914073 0.308926 0.100000 0.283159 0.794035 0.633354 0.828671 1.144581 0.100000 1.169318 0.823348 0.836406 0.100000 1.139817 0.100000 0.100000 1.030504 0.255007 0.159751 0.304977 0.100000 0.354783 0.685251 0.135111 0.437344 0.100000 0.303129 0.468093 0.323072 0.334336 0.100000 0.795127 0.100000 0.468755 0.732097 0.100000 0.100000 0.281130 1.219758 0.100000 0.100000 0.100000 0.205189 0.689250 0.496451 0.857753 0.618066 0.843123 0.312935 
0.100000 0.216146 0.435119 0.246302 1.163336 0.100000 0.263562 0.547004 0.418308 0.324235 0.100000 0.100000 0.100000 0.100000 0.941602 0.759340 0.523065 0.502471 0.100000 0.302538 0.100000 0.358005 0.125226 0.698798 1.017224 0.100000 0.100000 0.319163 0.501869 0.100000 0.280622 0.485032 0.100000 0.582028 0.732759 0.656755 0.100000 0.636368 0.100000 0.463297 0.806969 0.533017 1.306329 0.748326 0.421572 0.493432 0.100000 1.412682 0.374728 0.100000 0.100000 0.170781 0.470606 0.181024 0.100000 0.829715 0.516629 0.100000 1.168879 0.342566 0.276888 
0.618839 0.427521 0.204667 0.209397 0.100000 0.100000 0.659179 0.100000 0.477534 0.100000 0.352350 0.100000 1.099981 0.264107 1.133751 0.567235 1.267781 0.100000 0.100000 1.108109 0.775721 1.513076 0.872980 0.549768 0.100000 0.280294 0.396542 0.100000 0.967268 0.584106 1.100436 0.369886 0.645004 1.000574 0.177380 0.907884 0.100000 0.196689 1.113047 0.808951 0.324819 0.100000 0.908484 0.100000 0.442815 0.748246 0.100000 0.200958 1.046139 0.100000 1.562062 0.100000 0.442321 1.058530 0.107748 0.676305 0.454761 0.125850 1.253311 0.100000 0.689854 
0.100000 0.100000 1.687840 0.219580 0.100000 0.100000 0.100000 0.100000 0.777311 0.532628 0.512512 0.100000 0.905459 1.272940 0.814165 1.090127 0.100000 0.941832 0.848612 0.368920 0.459492 0.453920 0.433656 0.711836 0.596080 1.114037 0.100000 0.100000 0.487672 0.798729 1.334800 0.371075 0.241473 0.251036 0.353239 0.772494 0.942345 0.326786 0.100000 0.640216 0.263789 1.634596 0.912550 1.278440 0.100000 0.741231 1.007999 0.252294 0.286660 0.834381 2.111657 0.179755 0.250054 0.100000 0.100000 0.807981 0.344388 1.092242 1.179542 0.352450 0.870105 
0.100000 0.161174 1.337103 0.100000 1.038083 0.100000 0.269144 0.100000 0.100000 0.449831 0.100000 0.100000 0.100000 0.100000 0.145491 0.404171 0.195457 0.599080 0.100000 0.100000 0.351928 0.831581 0.355405 1.305989 0.572604 0.145161 0.627923 0.567070 0.373122 0.100000 0.238625 0.529683 0.100000 0.522511 0.100000 0.541881 0.100000 1.272098 0.100000 0.100000 0.181114 0.438202 0.100000 0.609349 0.548917 0.708225 0.100000 0.627560 0.722110 0.100000 0.194980 0.506764 0.447009 0.838378 0.508565 0.223022 0.459559 0.940966 0.100000 0.129445 1.696429 
0.100000 0.484232 1.375066 0.100000 0.100000 0.252739 0.424140 0.100000 0.658718 0.100000 0.100000 0.100000 0.490157 1.123917 0.217590 0.100000 0.100000 0.595943 1.163863 0.530410 1.073870 0.850041 0.996383 0.128504 0.971466 0.870769 0.100000 0.328415 0.100000 0.100000 0.100000 0.447303 0.796476 0.306792 0.438410 0.271133 0.100000 0.992351 0.100000 0.100000 0.312791 0.204096 0.932614 0.688816 0.430594 0.212237 0.785510 0.100000 0.415202 1.230878 0.818297 1.158042 0.100000 0.487478 0.472770 0.987739 1.332461 1.203845 1.488491 0.742491 0.862288 
0.408012 0.147338 0.334479 0.100000 1.121554 0.100000 0.100000 0.930530 0.653301 0.122867 0.485461 0.742895 0.100000 0.100000 0.704902 0.100000 0.348891 0.100000 0.100000 0.606971 1.070856 0.100000 0.593246 0.976268 0.946060 0.212911 0.194436 0.100000 1.000925 0.783519 1.307157 0.196126 0.100000 0.329818 0.100000 0.496365 0.100000 0.100000 0.381816 1.018413 1.133762 0.100000 0.301901 1.098736 0.353919 1.230629 0.100000 0.100000 1.522425 0.100000 0.978708 0.213257 0.767663 1.345643 0.100000 1.064470 0.394204 0.788735 1.202292 0.721183 0.100000 
0.100000 0.165919 1.269502 0.100000 1.397543 0.100000 0.261077 0.842345 1.194484 0.474283 0.100000 0.703519 0.949165 0.100000 0.100000 0.302408 0.800993 0.100000 0.451777 0.100000 0.639490 0.100000 0.359501 0.361659 0.100000 0.521809 0.364770 0.265401 0.100000 0.705160 0.288005 0.100000 0.100000 0.705902 0.100000 0.100000 1.142018 0.100000 0.700853 0.100000 0.240677 0.241501 0.876695 0.100000 0.100000 1.762691 0.587658 0.206272 0.271022 0.347197 0.803583 0.100000 0.653492 0.100000 0.256012 0.851038 0.524382 1.311476 0.678675 0.100000 1.905778 
0.100000 0.100000 0.785577 0.100000 0.785390 0.100000 0.100000 0.100000 0.576675 1.081413 0.222358 0.299797 0.335601 1.163873 0.100000 0.720336 0.682754 0.532272 0.880787 0.547048 1.463729 0.100000 0.759938 0.722868 0.297857 0.211785 0.307679 1.537720 0.100000 1.070760 0.476986 0.100000 0.237456 0.561831 0.100000 0.100000 0.100000 0.100000 0.403749 0.100000 0.476654 0.926693 0.792989 1.478055 1.093679 0.557919 1.004694 0.100000 0.527660 0.562688 0.483389 1.065919 0.182794 0.647253 0.207804 0.193929 0.704475 0.813121 0.100000 1.044902 0.855631 
0.100000 0.100000 1.248330 0.428211 0.100000 0.100000 0.100000 0.269204 1.251122 0.100000 0.100000 0.100000 1.111280 0.100000 0.770354 0.417690 0.728529 0.640128 0.182769 0.989062 0.100000 0.100000 0.476785 0.378715 0.425529 0.100000 0.100000 0.100000 1.104064 1.127924 0.100000 0.100000 0.100000 0.760591 0.100000 1.251598 0.100000 0.100000 0.686263 0.388430 0.100000 0.577908 1.131204 1.237305 0.882854 0.207891 0.789812 0.100000 0.100000 0.319393 0.698060 0.100000 0.100000 0.881698 0.684026 0.743774 0.248357 0.425177 0.342074 0.317252 0.316162 
0.916687 0.176838 0.604264 0.109574 0.100000 0.288025 1.008522 0.751702 0.161161 0.744394 0.100000 0.100000 0.555714 0.100000 0.281964 1.190190 0.771427 0.366603 0.492197 1.091187 0.446279 0.689540 0.105948 0.360360 0.100000 0.969711 0.578203 0.214870 0.977374 0.273893 0.671236 0.802703 0.295970 0.512072 0.597795 0.703771 0.153995 0.100000 0.319313 0.562575 0.100000 0.471466 0.342829 0.836844 0.100000 0.650371 0.182671 0.100000 0.581198 0.100000 0.369357 0.542023 0.416142 0.662441 0.100000 0.998343 0.853397 0.587387 0.100000 0.996596 1.392089 
0.133747 0.118385 0.100000 0.100000 0.656678 1.038344 0.283792 1.035659 0.997399 0.666259 0.415538 0.137476 1.125301 0.116191 0.100000 0.237426 0.895232 0.100000 0.100000 0.657908 0.132056 0.240845 0.100000 0.609769 0.100000 1.091870 0.789970 0.100000 0.970759 1.109172 0.293676 0.744712 0.744436 0.554163 0.100000 0.569017 0.100000 1.130042 1.000526 1.301739 0.827086 0.176578 0.100000 0.845296 1.174067 1.036450 0.100000 0.100000 0.777040 0.100000 0.586961 0.887570 0.488936 0.100000 0.384759 0.535515 0.973391 1.245051 0.501111 0.461527 0.100000 
0.401979 0.345742 1.077798 0.177787 0.835850 0.100000 0.100000 0.265011 1.136026 0.219724 0.100000 1.075461 0.432261 0.100000 0.880443 0.100000 0.254378 1.662496 0.461232 0.774168 0.100000 0.882788 1.022722 1.321916 0.509616 1.383549 0.512229 0.178861 0.100000 0.644600 0.218002 0.231437 0.360117 1.092442 0.900944 0.100000 0.165161 0.415947 0.100000 0.100000 0.100000 0.649018 0.878719 0.134470 0.591821 0.916446 0.577797 0.879129 0.411967 0.749525 0.936649 0.286433 0.141908 0.326448 0.823133 0.722642 1.012168 0.798634 1.135283 0.100000 0.498195 
0.100000 0.100000 0.510478 0.714374 0.618576 0.300361 0.635464 0.509108 0.502913 0.469319 0.575622 0.100000 0.560316 0.824267 0.776398 0.100000 0.100000 0.361390 0.100000 0.928838 0.571617 0.100000 1.176353 1.441417 0.350455 0.280005 0.263269 0.100000 0.711263 0.406215 0.100000 0.100000 0.100000 0.800205 0.100000 0.763796 0.100000 0.240150 0.417539 0.100000 0.100000 0.290407 0.204152 0.726057 0.757236 0.100000 0.100000 0.643947 1.065219 0.135460 1.136068 0.973701 1.328195 0.100000 0.100000 0.674347 1.754409 0.277283 0.612719 0.148631 0.251040 
0.370569 0.785711 0.282045 0.127106 0.100000 0.100000 0.100000 1.100673 1.208561 0.827100 0.100000 0.100000 0.532069 0.308127 0.100000 0.100000 0.658236 0.100000 0.680236 0.444699 0.181400 0.100000 0.866636 0.896149 1.510871 0.100000 0.100000 1.810326 0.387823 1.458700 0.100000 0.519162 0.529509 1.310752 0.100000 1.108730 0.255594 0.332682 0.826571 0.100000 0.342252 1.080260 0.100000 1.336471 1.233030 0.100000 0.164290 0.248489 0.210486 1.040147 1.505551 0.642034 1.356546 0.100000 0.366221 0.488578 0.189187 0.720845 1.725537 0.307829 1.294966 
