51 Number of operations
18 Number of workers
Standard production times
0.436826 0.198809 0.331604 0.391055 0.455688 0.283821 0.369697 0.170513 0.277800 0.162097 0.574453 0.396892 0.633336 0.100000 0.551241 0.100000 0.330241 0.100000 0.539262 0.512992 0.495972 0.340811 0.315938 0.228077 0.318417 0.649516 0.100000 0.100000 0.538062 0.585624 0.717307 0.480261 0.146062 0.493841 0.660772 0.646257 0.445896 0.454722 0.266643 0.360484 0.497204 0.572092 0.100000 0.238532 0.100000 0.618461 0.282133 0.597837 0.392383 0.644536 0.657231 
Production times: workers row and ops columns
0.344267 0.375770 0.867425 0.800456 0.100000 0.884882 0.578478 0.100000 0.908642 0.100000 1.070162 0.489611 0.351703 0.664118 0.712341 0.210816 0.100000 0.559563 0.599710 1.021679 0.237334 0.659387 0.100000 0.517488 0.455968 0.100000 0.100000 0.100000 0.814604 0.420376 2.106449 0.542861 0.704872 0.100000 0.224200 0.171697 0.661023 0.320444 0.150330 0.470734 0.235100 2.081439 0.394324 0.100000 0.100000 0.100000 0.100000 1.234456 0.921772 1.063836 0.839285 
0.602813 0.100000 0.100000 0.792119 0.513944 0.186727 0.100000 1.220244 0.547745 0.596066 0.332854 1.344199 0.617830 0.618341 1.302616 0.100000 0.785109 0.100000 0.248812 0.100000 0.892220 0.241849 0.625638 0.549480 0.757664 0.100000 0.365310 1.110130 0.139783 0.911741 1.030793 0.100000 0.100000 0.421240 0.191411 0.320324 1.243978 0.140250 0.100000 0.229343 1.230048 1.549819 0.100000 0.100000 0.100000 1.041445 0.129140 0.100000 0.100000 0.452020 0.100000 
1.433098 0.100000 0.100000 0.100000 0.714939 0.920811 0.100000 0.290788 0.233040 0.250704 0.480768 0.220765 0.613555 0.224256 0.915956 0.828736 0.614187 0.100000 1.165883 0.208427 0.771544 0.942668 0.655992 0.870092 0.100000 0.713907 0.100000 0.100000 0.100000 0.678272 1.429676 0.484813 0.100000 0.680812 1.264483 0.705138 0.913048 0.229722 0.800378 0.220213 0.403680 0.642385 0.508804 0.505449 0.100000 1.220975 0.424646 0.100000 0.618898 0.866172 0.974167 
0.572127 0.656466 0.673473 0.321139 0.100000 0.354563 0.480670 0.100000 0.100000 0.302897 0.804045 0.585953 0.600783 0.656589 0.612335 0.540001 0.432715 0.701666 0.624224 1.120452 0.773344 0.980297 1.166184 0.247056 0.396791 1.503692 0.389404 0.100000 0.100000 0.100000 0.857324 0.250039 1.060562 0.717012 0.618900 0.671622 0.395040 0.100000 1.141815 0.146691 0.100000 0.893515 0.100000 0.985100 0.649672 0.771467 0.616453 1.429906 0.362611 0.649835 0.231098 
1.567344 0.140512 0.100000 0.457473 0.100000 0.100000 0.543543 0.100000 1.429500 1.142960 0.242536 1.197176 0.412723 0.147890 0.950493 0.100000 0.100000 0.100000 0.644048 1.256108 0.100000 0.287297 0.100000 0.100000 0.100000 1.598089 0.516487 0.100000 0.906891 0.856377 0.442448 0.100000 0.100000 0.100000 1.380666 0.100000 0.613399 0.775739 0.450924 0.100000 1.010037 0.100000 0.100000 0.219493 1.145285 0.696604 0.174576 0.416786 0.470584 0.100000 0.689178 
0.722594 0.685398 0.729910 0.140146 0.347796 0.100000 0.413263 0.771130 1.348433 0.757764 1.101472 0.100000 1.041743 0.100000 0.491371 0.100000 0.100000 0.100000 0.100000 0.546761 0.771131 0.100000 0.125823 0.656310 1.411873 0.959644 0.100929 0.100000 0.805725 1.029956 1.626881 0.868922 0.100000 1.038291 0.584388 0.100000 0.414145 0.924198 0.100000 0.695695 0.178236 0.731285 0.100000 0.786626 0.779446 0.473609 0.100000 0.507734 0.424147 0.565908 0.827470 
0.100000 1.301945 0.623638 0.611987 0.154446 0.652999 0.388321 0.615988 1.141836 0.237835 0.733372 0.816453 0.784246 0.100000 0.100000 0.100000 0.187184 0.100000 0.921244 0.271950 0.100000 0.312300 0.695922 0.100000 0.900216 0.484498 0.702575 0.100000 1.029217 0.638319 0.347870 0.935300 0.266471 0.370434 0.424550 0.788772 1.350943 0.100000 0.100000 0.100000 0.708599 0.903192 0.100000 0.100000 0.594695 1.228292 0.213844 0.100000 0.100000 1.496372 0.618003 
1.307202 0.100000 0.568820 0.100000 0.100000 0.297105 0.411886 0.100000 0.100000 0.650366 0.712152 0.100000 0.470893 0.100000 0.383555 0.532929 0.100000 1.099884 0.506070 1.332531 0.100000 0.337996 0.193131 0.202587 0.657956 0.452952 0.100000 0.300300 0.112404 0.100000 0.489412 0.317706 0.795915 0.541011 0.631456 0.759605 0.318605 0.740355 0.901677 0.100000 0.100000 0.622039 0.267286 0.283204 0.528975 0.100000 0.100000 0.929538 0.360906 1.855448 0.915286 
0.984563 0.532384 0.170585 1.113051 0.100000 0.983050 0.100000 0.325815 0.723827 0.338346 0.628457 0.624951 0.142536 0.517899 1.003563 0.100000 0.100000 0.100000 0.996355 0.264452 1.027950 0.935819 0.100000 0.328057 0.702993 0.936195 0.100000 0.115008 0.413015 0.502731 1.200879 0.526174 0.150013 0.100000 0.917041 0.715898 1.143201 1.257138 0.100000 0.100000 0.100000 0.100000 0.100000 0.331920 0.575825 0.952919 0.100000 0.237444 0.100000 0.671510 0.769525 
0.100000 0.458621 0.100000 0.615307 0.503598 0.676788 0.720161 0.220614 0.100000 0.100000 0.100000 0.853315 0.821149 0.268175 0.236812 0.100000 0.100000 0.366181 0.783892 1.134010 0.100000 0.100000 0.342865 0.506472 0.341296 0.100000 0.537692 0.100000 0.551108 0.373709 0.149186 0.100000 0.100000 0.380072 0.915941 0.685709 0.478848 0.447616 0.265511 0.631806 0.394484 0.674216 0.689610 0.683753 0.296666 0.100000 0.100000 1.163186 1.304955 0.570491 0.256417 
0.421519 0.100000 0.100000 0.721107 1.419802 0.236252 0.146840 0.100000 1.355920 0.100000 0.128980 0.922743 0.100000 0.100000 0.390133 0.100000 0.100000 0.489592 0.694185 0.100000 0.593852 1.821027 0.100000 0.178824 0.339430 0.100000 0.100000 0.258429 0.221619 0.899670 1.727383 1.279652 0.272984 0.720154 1.181697 0.721824 0.100000 0.411961 0.871679 0.355708 0.248234 1.430843 0.100000 0.650608 0.458375 0.888456 0.100000 0.875439 1.104107 0.987866 0.100000 
0.909876 0.897918 0.377374 0.734033 0.100000 0.100000 0.569428 0.510705 0.100000 0.100000 0.781125 0.100000 1.180036 0.393868 0.160889 0.100000 0.836387 0.100000 0.303290 0.402030 1.003284 0.100000 0.117061 0.557896 1.213672 0.906189 0.100000 0.100000 0.965748 0.633933 0.857056 0.806895 0.100000 0.100000 0.315513 0.100000 0.100000 0.420812 0.639077 0.622216 0.334305 0.796356 0.778379 1.180535 0.100000 0.551864 0.373731 0.869355 1.064855 1.198527 0.742231 
0.460095 0.121418 0.100000 0.562769 0.228778 0.907588 0.585145 0.100000 0.100000 1.008930 0.100000 0.100000 1.022828 0.530547 0.478743 0.100000 0.530011 0.200009 0.100000 0.100000 0.486215 1.354510 0.667001 0.351459 0.100000 0.758619 0.100000 0.864783 0.103314 0.872284 0.100000 0.376829 0.443685 0.526876 0.413764 0.197378 0.186577 0.100000 1.305858 0.949796 0.100000 1.202258 0.100000 1.221153 0.100000 1.189883 0.100000 0.978061 0.100000 1.398047 1.564012 
1.075903 0.100000 0.675957 0.542873 0.329002 0.502368 0.498417 0.100000 0.662937 0.100000 0.856572 0.791083 0.997181 0.100000 1.465225 0.100000 1.217192 0.100000 0.891592 0.100000 1.507011 0.154845 0.284978 0.100000 0.100000 0.642331 0.100276 0.100000 0.100000 0.658101 0.904069 0.772371 0.876558 0.879915 0.876296 0.345561 1.637064 0.375822 0.100000 0.400441 0.100000 0.692906 0.100000 0.525777 0.100000 1.985552 0.100000 0.948311 0.436440 1.007180 0.124270 
0.100000 0.100000 0.100000 0.169499 0.553508 0.100000 0.218281 0.601549 0.100000 0.100000 0.156326 0.780714 0.176830 0.415833 0.100000 0.339543 0.534485 0.100000 0.684290 0.143785 0.807632 0.100000 0.433586 0.236718 0.100000 0.100000 0.100000 0.101365 0.659041 0.100000 1.019536 0.374020 0.183659 0.100000 0.943716 1.028544 1.123540 0.100000 0.100000 1.005971 0.469264 0.100000 0.100000 0.349066 0.328136 1.090305 0.100000 0.599710 0.100000 0.100000 0.685050 
0.823540 0.100000 0.607299 0.100000 0.898082 0.100000 0.100000 0.401021 0.100000 0.463587 1.015779 0.100000 0.615283 0.100000 0.615409 0.466176 0.987581 0.100000 0.429265 0.642796 0.100000 0.122747 0.100000 0.296941 0.100000 0.822210 0.971270 0.526476 0.893624 1.230642 1.481905 0.775122 0.432206 0.979403 0.451823 1.147681 0.462042 0.100000 0.100000 0.100000 0.639727 0.689309 0.476324 0.100000 0.624953 1.171648 0.609852 0.536883 0.100000 0.388399 0.388138 
0.532881 0.974654 0.100000 0.629441 1.276355 0.582981 0.526728 0.100000 0.814245 0.347345 0.720297 0.906016 0.100000 0.457652 0.380123 0.100000 0.401108 0.117308 0.100000 1.049557 0.100000 1.124780 0.100000 0.100000 0.950883 0.481288 0.100000 0.668690 0.683182 1.078393 0.677981 1.175342 0.100000 0.553518 0.453427 1.493910 1.156054 0.772585 0.100000 0.562501 0.834380 0.849126 0.100000 0.109289 0.100000 1.433805 0.716413 0.442588 0.764768 0.100000 0.143473 
0.434692 0.568296 0.477763 1.375404 0.818756 0.100000 0.648465 0.435028 1.096212 0.300427 0.758777 0.694644 1.251153 0.548920 0.941495 0.100000 0.209382 0.100000 0.980738 0.659264 0.679548 0.160240 0.481266 0.100000 0.249206 0.669506 0.207043 0.100000 0.100000 0.546637 1.044596 0.100000 0.304502 0.100000 0.100000 0.908241 0.928635 0.100000 0.100000 0.516638 0.453568 0.458630 0.640130 1.020638 0.170787 0.594843 0.748769 0.332728 0.616237 0.921517 0.182341 
