67 Number of operations
16 Number of workers
Standard production times
0.436826 0.198809 0.331604 0.391055 0.455688 0.283821 0.369697 0.170513 0.277800 0.162097 0.574453 0.396892 0.633336 0.100000 0.551241 0.100000 0.330241 0.100000 0.539262 0.512992 0.495972 0.340811 0.315938 0.228077 0.318417 0.649516 0.100000 0.100000 0.538062 0.585624 0.717307 0.480261 0.146062 0.493841 0.660772 0.646257 0.445896 0.454722 0.266643 0.360484 0.497204 0.572092 0.100000 0.238532 0.100000 0.618461 0.282133 0.597837 0.392383 0.644536 0.657231 0.431644 0.169275 0.413947 0.588501 0.278597 0.308175 0.396599 0.569202 0.402256 0.238324 0.288863 0.302463 0.464080 0.450278 0.274325 0.171269 
Production times: workers row and ops columns
0.525124 0.321337 0.645221 0.213193 1.091540 0.371793 0.100000 0.100000 0.210960 0.100000 0.100000 0.401912 0.106493 0.100000 0.555501 0.606353 0.100000 0.528896 0.100000 0.647859 0.100000 0.100000 0.100000 0.100000 0.657483 0.100000 0.100000 0.100000 0.353540 0.821553 1.640806 0.349664 0.785322 0.100000 1.026827 0.933073 0.733865 0.100000 0.744187 0.100000 0.100000 1.099191 0.100000 0.856273 0.616160 1.206343 0.461411 0.406883 0.100000 0.485483 1.158968 0.100000 0.560956 0.100000 1.175314 0.100000 0.668199 1.167843 0.409955 0.100000 0.841415 0.594430 0.100000 1.089752 0.100000 0.169910 0.737436 
0.339334 0.100000 0.200037 0.993292 0.150575 0.100000 0.100000 0.100000 0.419407 0.564533 0.258736 0.264064 1.016540 0.100000 0.897335 0.100000 0.100000 0.100000 0.431437 0.503315 0.567744 0.455449 0.343864 0.100000 0.100000 1.310206 0.100000 0.776494 1.406199 0.664850 0.676905 0.298574 0.100000 1.299418 0.389951 0.100000 0.657140 0.100000 0.936502 0.697719 0.815399 1.221510 0.434633 0.938787 0.723153 0.887879 0.100000 1.022303 0.100000 0.646818 0.183341 0.677349 0.606904 0.461180 0.100000 0.460379 0.841768 0.244018 1.129683 0.577798 0.449582 0.445701 0.100000 0.684201 0.989045 0.100000 0.100000 
0.224832 0.228562 0.612440 0.100000 0.587235 0.532615 0.781663 0.102430 0.100000 0.485482 0.747580 0.279751 0.372844 0.874380 0.581795 0.100000 0.462663 0.620173 0.596338 0.981929 0.697210 0.858797 0.712821 0.100000 0.439486 0.673816 0.691660 1.072429 0.100000 1.173577 1.509228 0.100000 0.425233 0.100000 0.100000 0.100000 0.853252 1.162495 0.100000 0.201958 0.100000 0.198094 0.348360 0.296993 0.245225 1.060973 0.632924 0.748400 0.343004 1.648647 0.245025 0.827443 0.100000 1.593457 1.099336 1.223986 0.221759 0.100000 0.100000 0.100000 1.453529 1.283233 1.191164 0.621439 1.301026 0.100000 0.127613 
0.202154 0.100000 0.769095 0.267012 0.129454 0.320532 0.372629 0.428076 0.100000 0.136997 1.086238 0.759897 0.263489 0.100000 0.100000 0.949892 0.413407 0.100000 1.170383 0.100000 0.449167 0.100000 0.100000 0.663821 0.450763 0.610690 0.117274 0.100000 1.263416 0.953779 0.771871 0.393271 0.938082 0.502104 0.357575 0.325290 0.575607 0.121425 0.100000 0.648883 0.525828 1.454860 0.311682 0.100000 0.649093 0.645304 0.100000 0.777292 0.100000 1.599665 0.951384 0.947138 0.560996 0.244462 0.100000 0.100000 0.100000 0.510868 0.525134 0.100000 0.645187 0.456999 0.100000 0.509855 1.994710 0.519099 0.100000 
0.100000 0.501478 0.241911 0.989778 0.429789 0.840827 0.115966 0.100000 0.100000 0.465699 0.396411 0.535908 1.358715 0.625147 0.182762 0.233982 0.136757 0.100000 0.741708 0.954233 0.565375 0.100000 1.092337 0.100000 0.100000 1.002153 0.268647 0.100000 1.853329 1.679930 0.997858 0.652512 0.100000 0.633741 0.480228 1.532311 0.100000 0.100000 0.819345 0.322770 0.442952 0.682260 0.100000 0.847787 0.100000 0.188259 0.100000 1.460307 0.274358 1.254539 0.733762 1.048859 0.294582 0.591226 0.221026 0.100000 0.557260 0.749322 0.485256 0.100000 0.100000 1.224254 0.710180 0.255999 0.100000 0.508753 0.458816 
0.100000 0.100000 1.278787 0.750274 0.453291 1.048053 0.100000 0.997482 0.243192 0.100000 0.191971 0.100000 0.954001 0.385552 0.100000 0.100000 0.762914 0.100000 0.100000 0.327145 0.192622 0.299726 1.385830 0.100000 0.473224 0.561314 0.479862 0.444016 0.529316 0.100000 0.667691 0.100000 0.100000 0.936277 0.874129 0.303827 0.128147 0.652878 0.100000 0.100000 0.278355 0.466247 0.314070 0.497275 0.397622 0.274888 1.382776 0.817916 0.345154 0.996555 0.775526 0.100000 0.761410 0.304521 0.100000 0.295647 0.645717 1.208118 1.066281 0.736264 0.573153 0.838795 0.100000 1.082259 0.358608 0.325652 0.520070 
0.630806 0.672029 1.094600 0.779995 0.422756 0.100000 0.324252 0.615214 0.100000 0.107485 0.828798 0.829237 1.222489 0.694824 0.609740 0.100000 0.339078 0.100000 0.334802 0.244243 0.536815 0.100000 1.502680 0.250123 0.387985 0.906122 0.100000 0.265482 0.100000 0.100000 0.975652 0.100000 0.852547 0.100000 0.338083 0.988871 0.461553 0.223911 0.100000 0.568163 1.114109 1.415273 0.100000 0.291999 0.100000 1.004459 0.557686 0.540899 0.550818 0.235833 0.174908 0.789281 0.618945 0.173001 0.344607 0.809162 0.382507 1.580612 0.981379 0.100000 0.252736 0.105521 0.351633 0.706655 0.100000 0.100000 0.209247 
0.682324 0.100000 0.100000 0.715639 0.348400 0.754447 0.100000 0.100000 0.764195 1.134327 0.938239 0.216191 1.108578 0.642320 0.100000 0.100000 0.409407 0.100000 0.435903 2.026783 0.109834 0.260225 0.100000 0.100000 0.543119 0.509493 0.100000 0.747521 0.941100 0.428386 0.100000 0.193464 0.100000 0.718564 1.232327 1.083777 0.100000 0.310493 0.506761 0.591065 0.518722 0.616350 0.450719 0.100000 0.124196 0.611968 0.100000 0.423351 0.191894 1.887245 0.765752 0.228325 0.100000 0.373944 0.466636 0.286365 0.373215 0.822651 0.647161 0.603386 1.083556 0.204051 1.113881 0.459669 0.100000 0.512062 0.553047 
1.259546 0.100000 0.100000 0.236648 0.715274 0.598276 0.585555 0.100000 0.550934 0.933721 0.706012 0.100000 0.333640 0.599347 1.532499 0.698201 0.100000 0.100000 0.835835 0.871111 0.626309 0.100000 0.100000 0.100000 0.585233 0.812998 0.100000 0.100000 0.715451 0.445666 0.100000 0.100000 0.372990 0.100000 0.210583 1.955421 0.926478 0.459040 0.489617 0.309034 0.100000 0.878720 0.100000 1.018557 0.100000 0.100000 0.654699 0.564238 0.100000 0.507182 0.777886 0.595100 0.100000 1.582704 0.896892 0.429373 0.633922 0.100000 1.098240 1.458985 0.100000 0.323575 0.919565 1.261675 0.640538 0.100000 0.100000 
0.370446 0.100000 0.100000 0.556372 1.019068 0.100000 0.100000 0.100000 0.141157 0.100000 1.339941 0.226933 0.254883 0.534632 0.100000 1.214511 0.316945 0.146872 0.973677 0.847278 0.100000 1.099971 0.100000 0.136054 0.100000 0.766058 0.100000 0.100000 0.110137 1.336616 0.100000 1.286693 0.602657 1.093776 0.100000 0.432310 0.416601 1.006427 0.810513 0.844010 0.212780 0.806764 0.100000 1.044595 0.100000 0.167625 0.423106 0.442331 0.573139 0.494089 0.846489 0.697148 0.537552 0.557092 0.898565 0.151256 0.227291 0.148022 0.773516 0.484784 0.719228 0.795241 0.100000 0.659151 0.590552 0.431412 0.100000 
1.255213 0.100000 0.841051 0.334537 0.643291 0.100000 0.734624 0.100000 0.100000 0.100000 0.614539 0.100000 0.948365 0.100000 0.171894 0.272242 0.607680 0.457134 1.341166 0.912955 0.649588 0.855468 0.100000 0.213057 0.213698 0.898920 0.336277 0.100000 0.208644 0.375210 0.153108 0.520067 0.100000 0.747647 0.475463 1.912627 1.256386 1.487717 0.100000 1.056618 0.236920 0.100000 0.100000 0.100000 0.100000 0.690414 0.100000 0.349350 0.932544 0.219516 1.041594 0.100000 0.453916 0.125072 0.628123 0.100000 0.200056 0.333767 0.283222 0.554142 0.555037 0.407281 0.404399 1.231886 0.471792 0.100000 0.100000 
0.100000 0.100000 0.478768 0.332823 0.555052 0.949744 0.393108 0.100000 0.966891 0.911123 0.953683 0.100000 0.466960 1.225976 0.100000 0.291909 0.258298 0.319582 0.735300 0.520030 1.547808 0.111028 0.100000 0.125312 0.289754 0.795919 0.100000 0.100000 0.561330 0.622533 0.792115 0.576886 0.280831 0.167093 0.459252 0.223431 0.196111 0.986798 0.541690 0.100000 0.703863 0.554426 0.100000 0.292558 0.100000 0.679651 0.177081 0.100000 0.754364 0.100000 0.770943 0.104464 0.100000 1.269831 0.801858 1.122174 0.466564 0.699391 1.177256 1.028162 0.490559 0.100000 0.863839 0.469893 0.229158 0.222647 0.665327 
1.201956 0.100000 1.022104 0.757956 0.971931 0.100000 0.100000 0.648742 0.100000 0.133027 0.883880 0.100000 1.651125 0.303231 0.691827 0.100000 0.100000 0.634567 0.653320 0.121049 0.526292 0.369407 1.140298 0.830370 0.100000 0.489779 0.461334 0.100000 0.146830 0.367752 0.809077 0.278476 0.100000 0.100000 0.150341 0.587412 0.396720 0.186621 0.556986 0.725988 0.900191 0.377199 0.716651 0.456127 1.387292 0.362846 0.490951 0.263569 1.447924 0.119386 0.765256 1.254106 0.753467 0.100000 0.311914 0.754211 0.356954 0.100000 0.100000 0.100000 0.105555 0.753596 0.228264 2.092712 0.613816 0.100000 0.238581 
0.901201 0.100000 0.497009 0.460863 0.624749 0.572855 0.100000 0.669295 0.374319 0.493797 0.909906 1.078868 1.034992 0.100000 0.292218 0.143150 0.266682 0.417138 0.343187 0.460941 0.100000 0.650801 0.100000 0.100000 0.841119 0.948191 0.100000 0.544594 0.479890 0.593262 0.583465 0.100000 0.100000 1.089432 0.480876 1.101070 0.680468 0.348505 0.514835 0.100000 0.100000 0.986316 0.100000 0.392662 0.203194 1.362335 0.229287 0.414262 0.197626 0.133725 0.982817 0.257695 0.413244 0.100000 0.314055 0.500107 0.793437 0.166786 0.871284 0.433616 0.100000 0.520927 0.100000 0.100000 0.340754 0.343781 0.885197 
0.276256 0.100000 0.151214 0.100000 0.100000 1.431753 0.136691 0.643193 0.281301 0.100000 1.336525 0.581785 0.814396 0.277546 0.340702 0.100000 0.100000 0.386369 0.525612 0.292610 0.408316 0.100000 0.644733 0.258184 0.485443 0.980581 0.100000 0.256667 0.318181 0.920250 0.424417 0.585771 1.161555 0.100000 0.320729 0.187877 0.100000 1.201747 0.451200 0.162063 0.100000 0.328935 0.100000 0.619098 0.100000 0.928151 0.100000 0.278603 0.235719 1.434537 0.100000 1.128950 0.554382 0.934261 0.176042 0.336881 0.651856 0.799960 0.916418 0.905763 1.248170 0.190530 0.239573 0.100000 0.100000 0.541137 0.536315 
0.310118 0.975397 0.380612 0.100000 0.596748 0.100000 0.125928 0.100000 0.110043 0.752148 0.985061 1.077057 1.033477 0.282181 1.209928 0.100000 0.100000 0.640093 1.014041 1.596685 0.100000 1.069665 0.713722 0.313908 0.100000 0.100000 0.283029 1.397725 1.212017 1.155710 0.870665 0.354288 0.626821 1.070267 0.217310 0.773817 0.933641 1.623208 0.345604 0.100000 0.100000 0.299882 0.859904 0.122989 1.080033 0.366768 0.868777 0.100000 0.756199 1.113730 0.156834 0.100000 0.320652 0.799733 0.330019 0.100000 0.906955 0.100000 0.906473 0.231256 0.100000 0.470538 0.445624 0.100000 0.126795 0.100000 0.444087 
