54 Number of operations
16 Number of workers
Standard production times
0.395487 0.532490 0.222502 0.307822 0.261232 0.472611 0.856732 0.348992 0.510849 0.592732 0.929213 0.391227 0.206876 0.575733 0.100000 0.623915 0.189126 0.198222 0.386496 0.383715 0.967043 0.350765 0.541102 0.253267 0.159032 0.456081 0.295062 0.100000 0.627160 0.519564 0.619080 0.716055 0.419631 0.380416 0.100000 0.410165 0.555420 0.278717 0.305743 0.100000 0.571778 0.269913 0.412373 0.663896 0.543813 0.237312 0.591981 0.366152 0.400966 0.541476 0.611755 0.607141 0.514341 0.395286 
Production times: workers row and ops columns
0.100000 1.196077 0.100000 0.971161 0.100000 0.100000 0.698236 0.787692 1.301653 0.602213 1.819468 0.100000 0.100000 0.100000 0.152398 0.788741 0.405593 0.100000 1.064912 0.602992 1.217787 0.367977 0.139380 1.553566 1.075780 0.100000 0.158138 0.100000 0.936799 0.233124 0.746330 1.411852 0.100000 0.581172 0.100000 0.100000 0.525219 0.642094 0.110653 0.339277 0.601742 0.100000 0.548569 0.845619 0.100000 0.353116 0.238883 0.142661 0.100000 0.576011 0.382635 0.331012 0.769853 0.785506 
0.466728 0.273287 0.657452 0.100000 0.100000 0.489756 1.246330 0.245189 0.273381 0.567464 1.910371 0.100000 0.195513 0.662433 0.548952 0.458386 1.033787 0.146453 0.100000 0.953070 0.573659 0.645232 0.315851 0.558880 0.738645 1.045143 0.241868 0.215205 0.538522 1.376922 0.797207 0.533751 0.100000 0.667724 0.191432 0.101830 1.191260 0.596813 0.863646 0.100000 0.769521 0.219566 0.223868 1.377687 0.808037 0.100000 1.307100 0.192109 1.020177 1.079381 1.060813 0.100000 0.159708 0.328624 
0.303166 0.396741 0.100000 0.659057 0.832726 0.100000 1.592049 0.100000 0.833851 0.390010 1.693896 0.100000 0.100000 0.419245 0.344295 0.584798 0.476366 0.100000 1.007364 0.100000 0.352655 0.663879 0.392754 1.061703 0.100000 0.100000 0.100000 0.848351 1.353851 0.168376 0.442478 0.100000 0.789563 0.609666 0.100000 0.100000 0.100000 0.100000 0.819000 0.124792 0.826759 0.100000 0.690862 0.429366 0.411764 0.100000 0.187788 1.595033 0.542500 0.501136 0.100000 1.005096 0.466413 0.100000 
0.100000 0.140653 0.100000 0.637630 0.574446 0.100000 0.553962 0.136607 0.844327 0.100000 2.211524 0.100000 0.100000 0.457136 0.100000 0.413865 0.100000 0.781562 0.520583 0.294707 0.798525 0.100000 0.895657 0.100000 0.100000 0.401358 0.100000 0.174135 0.826352 0.815909 1.282405 0.357080 0.100000 0.459184 0.476504 0.111222 0.903734 0.596546 0.495904 0.100000 0.872151 0.154890 1.040588 0.100000 0.618067 0.181558 0.813308 0.578325 0.997597 0.872878 0.966939 0.828380 0.511542 0.614277 
0.950142 0.100000 0.297821 0.100000 0.643398 1.604706 0.713588 0.617881 0.330538 1.729587 0.816998 1.407756 0.352394 0.311492 0.100000 1.031173 0.100000 0.468297 0.100000 1.093120 1.852862 0.309701 1.100553 0.190967 0.100000 0.100000 1.032721 0.189691 1.256863 0.847453 0.860624 1.197567 0.259577 0.173879 0.643163 0.226876 0.548777 0.100000 0.100000 0.484812 1.686698 0.100000 0.617970 0.788703 0.342496 0.100000 0.515458 0.100000 0.100000 0.618637 0.491569 0.389920 0.177567 0.319198 
0.139880 0.603016 0.100000 0.100000 0.876702 0.100000 1.370318 0.622256 1.647643 0.200669 0.769747 0.232239 0.515622 0.658078 0.100000 0.101808 0.100000 0.228099 0.253400 0.532521 0.125621 0.100000 0.417408 0.152536 0.250002 0.567392 0.372734 0.100000 1.829659 0.841559 0.339186 1.742262 0.100000 1.237158 0.100000 0.357328 0.100000 1.020155 0.155215 0.100000 1.018406 0.100000 0.737224 0.572129 0.353763 0.100000 0.348187 1.225324 0.100000 0.573359 0.354004 1.072179 0.889623 0.100000 
0.100000 0.100000 0.926097 0.317108 0.100000 0.100000 0.367223 0.989076 1.071008 0.914092 1.746517 0.100000 0.100000 0.100000 0.100000 1.042104 1.077380 0.385102 0.100000 0.100000 0.638723 0.155779 0.100000 0.404086 0.988612 1.410621 0.773911 0.100000 0.283037 0.962777 0.528709 0.534714 0.100000 0.351335 0.426194 0.100000 1.432236 1.410617 0.100000 0.100000 0.399900 0.965432 0.100000 1.612482 0.424097 0.462637 0.185606 0.100000 0.897639 0.100000 0.644194 0.402294 0.545860 0.365766 
0.127989 0.783850 0.766504 0.292811 0.693520 0.100000 0.167123 0.134400 1.475741 0.100000 0.367531 0.332785 0.731721 0.100000 0.100000 1.384966 0.724330 0.170487 0.629690 0.100000 0.379814 0.756408 0.693593 0.100000 0.100000 1.168296 0.449510 0.100000 0.735891 1.560942 0.668901 1.108313 0.100000 0.100000 0.139646 0.648472 0.100000 0.100000 0.100000 0.100000 0.340795 0.676735 0.645593 0.882695 0.100000 0.744703 0.765436 0.634764 0.288103 0.207956 0.749983 1.039144 1.187029 2.490426 
0.100000 0.367012 0.173387 0.100000 0.100000 0.326514 0.136486 0.267468 0.825262 0.152557 0.281768 0.358895 0.451241 0.439396 0.168640 0.837313 0.724818 0.100000 0.897206 0.905795 1.358132 0.100000 0.143372 0.622276 1.342826 0.540049 0.256108 0.321561 0.740745 0.554449 1.063872 1.296500 0.890635 0.278575 0.658068 0.221868 0.510868 0.100000 0.781206 0.101536 0.558990 0.100000 0.911600 0.889962 0.100000 0.100000 0.485434 0.100000 0.618593 0.898335 0.615883 1.446014 0.100000 0.606997 
1.346914 0.704644 0.222685 0.100000 0.771302 0.280373 1.317754 0.242429 1.272663 0.855522 0.155240 1.329530 0.503232 0.597296 0.273425 1.031126 0.100000 0.201965 0.479612 0.100000 1.210235 0.100000 0.605098 0.100000 0.288754 0.759202 0.100000 0.999262 1.382015 0.733074 0.752134 1.005110 0.100000 0.100000 0.100000 0.724451 0.127530 0.778093 0.640783 0.580371 0.264805 0.100000 1.005930 0.189055 0.799067 1.416135 0.445302 0.142744 0.100000 1.218083 0.373659 0.100000 0.387104 0.266482 
0.693013 0.100000 0.100000 0.261376 0.281064 0.285048 0.259556 0.100000 0.100000 0.100000 0.949021 0.678175 0.100000 0.948680 0.100000 0.985746 0.930163 0.100000 0.398073 0.488308 1.208309 1.018098 0.303993 0.360994 0.275264 0.100000 1.048422 0.100000 0.811536 0.100000 0.386574 1.008318 0.351630 0.100000 0.100000 0.100000 0.446008 0.100000 0.954869 0.100000 0.180273 1.122134 0.664592 1.068173 0.404364 0.100000 0.110924 0.819326 0.100000 0.100000 1.219179 1.761173 0.100000 0.281867 
0.243844 1.046871 0.746536 0.100000 0.100000 0.268047 1.345763 0.100000 1.080036 0.163514 0.100000 1.096382 0.622499 0.921234 0.299464 0.605162 0.371933 0.100000 1.294356 0.100000 0.451637 0.100000 0.100000 0.307652 0.100000 0.601108 0.100000 0.666310 0.384695 0.100000 0.624110 0.100000 0.100000 0.100000 0.100000 0.747355 0.515394 0.100000 0.370740 0.100000 0.176637 0.807977 0.651897 1.557374 0.100000 0.100000 0.722989 0.573322 0.100000 0.474134 0.152029 1.056340 0.796681 0.100000 
0.808371 0.165022 0.100000 0.100000 0.236824 1.089749 1.128337 0.491776 0.412019 0.916071 0.843026 0.100000 0.323192 0.555195 0.728598 1.052740 0.814084 0.873089 0.100000 0.141184 0.393908 0.100000 0.784294 0.100000 0.100000 1.128683 0.100000 0.425217 0.551166 0.905060 0.750183 0.375501 0.100000 0.100000 0.660715 1.413181 1.691374 0.100000 0.100000 0.100000 0.780554 0.430877 0.992069 0.588079 1.653113 0.100000 1.216160 1.188077 0.683237 0.401862 1.138347 0.427323 1.682797 0.814564 
0.465460 0.603678 1.345368 0.100000 0.517789 0.100000 1.756035 0.100000 0.100000 0.187052 0.695566 0.162080 0.545963 0.636615 0.100000 1.214948 0.100000 0.359472 0.100000 0.480970 0.568831 0.100000 0.647147 0.100000 0.448336 0.100000 0.867933 0.100000 0.593561 1.318956 0.704933 0.696119 0.140235 0.729322 0.603252 0.100000 0.733062 0.100000 0.903048 0.492456 0.100000 0.321976 0.290865 0.160801 1.184813 0.100000 1.606362 0.100000 0.318378 0.705533 1.517032 0.100000 0.858589 0.100000 
0.100000 1.153155 0.154458 0.503683 0.100000 0.912032 0.100000 0.100000 0.537756 0.761196 0.915125 0.526232 0.100000 0.503697 0.950963 0.100000 0.150525 0.100000 0.234564 0.558033 0.422533 0.812719 0.676678 0.772313 1.074663 0.552864 1.179137 0.457188 1.458284 0.480108 0.398699 0.681110 0.107969 0.100000 0.100000 0.409581 1.558511 0.100000 0.964242 0.100000 0.445040 0.100000 0.563318 0.204427 0.380930 0.100000 0.780833 0.700080 0.641057 0.589070 0.697634 0.532969 0.644011 0.630691 
0.100000 0.100000 0.745440 0.456636 0.100000 0.203445 1.154553 1.135141 0.140227 1.274130 0.672699 0.964176 0.100000 0.229012 0.186884 0.301373 0.170618 0.276541 0.702381 0.329210 0.646811 0.529554 1.138230 0.275813 0.206465 0.178422 1.014458 0.251844 0.480190 0.705695 0.582693 0.960376 0.100000 1.631099 0.100000 0.100000 0.579203 0.181604 0.554875 0.317033 0.177701 0.222071 0.708106 0.253995 0.809387 1.011771 0.417929 0.100000 0.282893 0.929680 0.733089 0.950653 0.164468 0.550820 
