56 Number of operations
19 Number of workers
Standard production times
0.395487 0.532490 0.222502 0.307822 0.261232 0.472611 0.856732 0.348992 0.510849 0.592732 0.929213 0.391227 0.206876 0.575733 0.100000 0.623915 0.189126 0.198222 0.386496 0.383715 0.967043 0.350765 0.541102 0.253267 0.159032 0.456081 0.295062 0.100000 0.627160 0.519564 0.619080 0.716055 0.419631 0.380416 0.100000 0.410165 0.555420 0.278717 0.305743 0.100000 0.571778 0.269913 0.412373 0.663896 0.543813 0.237312 0.591981 0.366152 0.400966 0.541476 0.611755 0.607141 0.514341 0.395286 0.100000 0.249166 
Production times: workers row and ops columns
0.100000 0.953718 0.100000 0.341066 0.100000 1.264855 0.100000 0.303266 0.858409 0.100000 0.834479 0.352618 0.619228 1.199839 0.100000 0.100000 0.872744 0.807165 0.155493 0.559159 1.157976 0.633903 0.643206 0.956616 0.100000 0.976493 0.485298 0.100000 1.213925 0.100000 1.199841 0.909094 0.100000 0.596962 0.100000 1.702813 1.473087 0.499062 0.100000 0.100000 0.409253 0.100000 0.100000 0.368410 0.405723 0.100000 0.242686 0.100000 1.676185 0.100000 0.101048 0.823339 0.352551 0.607198 0.499590 0.880473 
0.771469 0.100000 0.777074 0.100000 0.204021 0.223524 0.326332 0.644826 0.419220 1.102660 0.187981 0.814383 0.455846 0.638985 0.100000 0.498028 0.100000 0.100000 2.026368 0.869145 1.863340 0.136258 0.889201 0.601976 0.459790 0.457911 0.180939 0.100000 0.932232 0.731313 1.178024 0.578934 1.290537 0.156666 0.100000 0.879247 0.321247 0.100000 0.368155 0.478251 0.692498 0.518625 2.466720 1.074458 1.309693 0.100000 0.774507 0.753193 0.218726 0.103486 0.810015 0.449833 0.217463 0.970036 0.767783 0.400481 
0.168373 0.789675 0.637231 0.623133 0.100000 0.303602 1.036298 0.660103 0.991240 0.971918 0.362054 0.100000 0.100000 1.477971 0.190205 0.900497 0.705641 0.100000 0.100000 0.170454 0.892970 1.101483 0.975901 0.100000 0.491143 0.823523 0.100000 0.100000 0.100000 0.684808 0.461234 0.100000 0.100000 0.500392 0.100000 0.559929 0.831752 0.100000 0.149608 1.172339 0.632331 0.100000 0.442605 0.100000 1.110186 0.422464 1.134884 0.817241 0.596114 1.029230 0.707542 0.276037 0.100000 0.171198 0.100000 1.162163 
0.100000 0.494170 0.100000 0.100000 0.220109 0.320278 0.776870 0.623466 0.201661 0.782130 1.185839 0.223805 0.100000 0.844945 0.128625 0.703459 0.100000 0.227482 0.574769 0.315975 1.134997 1.302953 0.583784 0.585935 0.100000 0.100000 0.100000 0.100000 0.623359 0.100000 0.531582 0.100000 0.100000 0.100000 0.100000 0.100000 0.249373 0.103086 0.828482 0.784508 0.934455 0.100000 1.160849 0.100000 0.100000 0.371298 0.590877 0.296506 0.417249 0.100000 0.100000 1.224159 1.028434 0.100000 1.066578 0.100000 
0.109796 0.678706 0.100000 0.100000 0.174696 0.274938 1.292152 0.645396 0.100000 0.251967 1.019247 0.357762 0.100000 0.788110 0.509943 0.308356 0.583656 0.100000 0.100000 0.633685 0.549786 0.100000 0.409408 0.100000 0.322565 0.100000 0.109303 1.680483 0.682135 0.100000 0.918990 0.990747 1.111522 0.454591 0.100000 1.114582 0.911451 0.100000 0.679543 0.100000 1.127101 0.100000 0.805446 0.760981 0.836915 0.227118 0.384776 0.399808 0.716865 0.750272 1.419343 0.819945 0.832023 1.446400 0.133063 0.516945 
0.100000 0.553468 1.043459 0.463670 0.986817 0.100000 0.156309 0.502755 0.100000 1.927901 1.553439 0.100000 0.123292 0.287427 0.308011 0.594991 0.655070 0.932388 0.275835 0.100000 1.248378 0.268507 1.113530 0.177209 0.573926 0.624114 0.200540 0.100000 0.983922 1.784432 1.037888 0.650214 0.773428 0.437443 0.100000 0.565088 1.329566 0.120803 0.100000 0.344248 1.487252 0.740001 0.921732 1.815086 1.354359 0.593653 0.487629 0.434961 0.349290 0.965651 0.170192 1.379835 0.587261 0.195233 0.507603 0.100000 
0.100000 0.203630 0.632784 0.100000 0.973715 0.249182 1.117286 0.100000 1.088614 0.465467 1.188676 0.144730 0.100000 0.460274 0.649005 0.114976 0.100000 0.100000 0.776873 0.100000 0.695101 0.442916 0.375764 0.396872 0.753796 0.466682 0.262358 0.483058 0.596342 0.100000 0.111849 0.158423 1.375932 0.357784 0.388455 0.769068 0.100000 0.593105 0.100000 0.100000 0.464253 0.100000 0.243387 0.835503 1.685083 0.100000 0.509999 0.551963 0.494227 0.462261 0.100000 0.128829 0.422653 0.100000 0.100000 0.100000 
0.957728 0.100000 1.173511 0.100000 0.100000 0.100000 1.246472 0.862291 0.100000 0.758502 0.854418 0.270007 0.282475 0.958268 0.100000 0.100000 0.292471 0.162784 0.728876 0.100000 0.473758 1.122533 0.100000 0.434984 0.100000 0.253438 0.100000 0.693024 0.100000 0.100000 0.164047 1.304282 0.569237 0.720050 0.100000 0.528186 0.802438 1.051856 0.429172 0.100000 1.145328 0.317691 0.100000 0.575753 0.100000 1.280653 0.419669 0.100000 0.552583 0.126538 1.256140 0.674604 0.100000 0.144890 0.100000 0.100000 
0.100000 0.100000 0.320633 0.100000 0.100000 0.848562 1.805198 0.100000 1.416892 0.100000 1.210566 0.100192 0.169875 0.100000 0.100000 0.466509 0.100000 0.403943 1.549691 0.100000 0.889838 0.100000 0.100000 0.948849 0.100000 0.100000 0.305693 0.555459 0.784798 1.452668 0.527831 0.100000 0.489109 0.440141 0.100000 0.243845 0.262226 1.145975 0.100000 0.100000 0.711495 0.100000 0.625882 0.867390 0.121659 0.100000 0.291720 1.173588 0.598443 0.100000 0.100000 0.568368 0.507671 0.100000 0.245617 0.150500 
0.933902 0.751195 0.175903 0.375637 0.100000 0.914983 1.048334 0.140495 0.569747 0.324390 2.172806 0.165547 0.466294 0.757957 0.100000 0.626744 0.100000 0.322978 0.514650 0.767528 1.358553 0.147233 0.278656 0.100000 0.100000 0.100000 0.596898 0.100000 0.521523 0.100000 0.100000 0.100000 0.368151 0.715030 0.397155 0.371111 0.100000 0.274226 0.306923 0.452876 0.954712 0.136794 0.395031 1.011993 0.772407 0.151961 0.100000 0.100000 0.820322 0.616390 1.088344 0.434520 0.554476 0.792048 0.443912 0.445007 
0.939916 1.200145 0.917675 0.100000 0.100000 0.308327 0.674424 0.100000 1.161409 0.100000 0.978963 0.100000 0.100000 0.446708 0.100000 0.991620 1.379369 0.100000 0.100000 1.259624 1.248064 0.192718 0.100000 0.619592 0.265611 1.232338 0.100000 0.100000 0.473192 0.411149 1.147898 1.137240 0.100000 0.334254 0.100000 0.854726 0.467297 0.100000 0.133089 0.100000 1.030389 0.907826 1.057757 0.845951 0.284846 0.527955 0.496518 0.100000 0.545592 0.741624 1.043521 0.154700 0.100000 0.644878 0.100000 0.744242 
0.100000 0.237444 0.100000 1.326146 0.100000 0.424626 0.586659 0.221737 0.917687 0.636798 0.914746 0.977569 0.100000 1.132498 0.888445 0.100000 0.315599 0.100000 0.100000 0.100000 1.219726 0.720091 0.347789 0.100000 0.100000 0.100000 0.100000 0.100000 0.498597 0.451075 1.700311 1.044831 0.339500 0.406929 0.254178 0.100000 0.100000 0.100000 0.181672 0.146786 0.201975 0.100000 0.268521 0.678926 0.817444 0.104153 0.799032 0.100000 0.795727 0.501102 0.100000 0.468808 0.555752 0.100000 0.451007 0.100000 
0.611482 0.100000 0.366376 0.660047 0.100000 0.365385 0.560248 0.504794 0.515866 0.832135 0.889061 0.100000 0.100000 0.340812 0.320103 1.745247 0.613537 0.100000 0.100000 0.630962 0.966067 0.100000 0.978947 0.247880 0.100000 0.100000 0.769623 0.125453 0.494149 0.100000 0.427175 1.326980 0.673245 1.375334 0.624194 0.576546 0.997600 0.353160 0.100000 0.100000 0.732446 0.100000 0.147304 0.100000 1.382585 0.100000 0.100000 0.100000 0.881518 1.099734 0.329195 0.889702 0.100000 0.391465 1.401850 0.717124 
0.370054 0.100000 0.100000 0.100000 0.100000 0.772344 1.144869 0.445957 1.007602 0.100000 1.625278 0.100000 0.394021 0.801450 0.637181 1.621970 0.361851 0.100000 0.100000 0.512716 0.542836 0.100000 0.439682 0.588841 0.100000 0.100000 0.365883 0.100000 0.100000 1.249050 0.740517 1.706165 0.100000 0.898875 0.100000 1.749987 0.447708 0.100000 0.517654 0.194481 0.342211 0.725786 0.757464 1.106742 0.744022 0.100000 0.241842 0.662648 0.100000 1.390498 0.628002 0.210052 1.033124 0.385189 0.698590 0.355060 
1.279636 0.340747 0.100000 0.100000 0.100000 0.767558 1.761304 0.251473 0.100000 0.934193 1.156064 0.200645 0.410850 0.578938 0.100000 0.966724 0.100000 0.100000 0.268334 1.167717 1.948228 1.050833 0.293601 0.100000 0.331003 0.375079 0.364579 0.100000 0.184050 0.100000 1.005432 1.247215 0.100000 0.671723 0.420770 0.100000 0.560358 0.685434 0.100000 0.723141 0.468693 0.299596 0.290199 0.100000 0.713332 0.233898 0.386912 0.256181 0.609621 0.467767 0.346634 0.647357 0.891422 0.413248 0.100000 0.664605 
0.247283 0.825170 0.149520 0.100000 0.100000 0.100000 0.739661 0.100000 0.702353 1.142537 0.808132 0.100000 0.100000 0.688392 0.305988 0.652708 0.537307 0.100000 0.260223 0.521591 0.854027 0.594365 0.788896 0.117357 0.100000 0.100000 0.842833 0.100000 0.657025 0.100000 1.772638 0.398785 0.736487 0.100000 1.695951 0.100000 0.733638 0.100000 0.715347 0.100000 0.350023 0.100000 0.213520 0.664211 1.414425 0.100000 0.864436 0.387117 0.100000 0.435379 0.807104 0.588381 0.492315 0.100000 0.100000 0.491157 
0.100000 0.273002 0.259216 0.470806 0.454231 0.371617 0.100000 0.729735 1.011584 1.189987 1.098943 0.812924 0.100000 0.100000 0.100000 0.499069 0.684957 0.594717 0.125168 0.169209 0.940611 0.382261 1.243367 0.100000 0.795154 0.100000 0.100000 0.923938 0.813773 0.560530 0.903443 0.598814 0.437186 0.478809 0.198875 0.578583 0.256592 0.447685 0.100000 0.380011 0.477706 0.382893 0.540144 0.284641 0.266915 0.155247 0.804381 0.822904 0.363845 0.192064 0.720853 0.586176 0.878871 0.984584 1.057839 0.100000 
0.148994 0.484448 0.599331 0.632640 0.279199 0.843418 0.572384 0.156726 0.649710 0.100000 1.698581 0.100000 0.100000 0.724080 0.100000 0.400273 0.100000 0.825005 1.891211 0.459539 0.317924 0.471284 0.862579 0.100000 0.322197 1.232248 0.530712 0.100000 0.342854 0.100000 0.395628 0.420943 1.101544 0.100000 0.100000 0.497307 0.840937 0.100000 0.393314 0.423175 0.930219 0.444053 0.672851 0.100000 0.932996 0.298653 0.173514 0.162423 0.247931 0.261909 0.521887 0.405267 0.100000 1.455677 0.280753 1.340032 
0.249132 1.324958 0.149030 1.077528 0.711176 0.842737 0.760130 0.449991 1.166502 0.100000 0.580131 0.100000 0.100000 0.875888 0.508925 0.519229 0.745835 0.100000 0.100000 0.441624 1.163405 0.281996 0.100000 0.532624 1.003972 0.266587 0.305315 0.100000 0.622799 0.100000 0.702605 1.486699 0.678549 0.100000 0.499405 0.100000 1.155540 0.426962 0.100000 0.100000 0.116343 1.260994 0.692955 0.158359 0.205263 0.311425 0.302936 0.477997 0.584263 0.100000 0.911679 1.435576 0.667509 0.699263 0.100000 0.100000 
