65 Number of operations
17 Number of workers
Standard production times
0.290051 0.119425 0.716550 0.190971 0.451519 0.100000 0.100000 0.336942 0.571636 0.414269 0.100000 0.116889 0.577166 0.526380 0.408052 0.219375 0.435065 0.438886 0.292950 0.555470 0.434268 0.311430 0.740981 0.584869 0.139028 0.323885 0.251275 0.312576 0.314710 0.676281 0.419674 0.326109 0.145356 0.602997 0.103788 0.342580 0.388635 0.242379 0.413542 0.192219 0.347265 0.507650 0.705652 0.791335 0.495640 0.423869 0.228507 0.247610 0.527861 0.409505 1.022967 0.293508 0.469117 0.314897 0.100000 0.751079 0.347161 0.569259 0.817347 0.505296 0.596762 0.100000 0.221035 0.466013 0.609718 
Production times: workers row and ops columns
0.254972 0.434219 0.100000 0.964695 0.614047 0.100000 0.100000 0.859542 1.076824 0.449687 0.458795 0.100000 0.551401 0.532945 0.509172 0.446852 0.235430 0.529420 0.696694 0.961738 0.539719 0.522319 1.031943 0.379765 1.287461 1.168134 0.564180 0.100000 0.344759 0.907492 0.762092 0.100000 0.644882 0.448912 0.286707 1.146334 0.269546 0.100000 0.657339 1.061755 0.381749 0.744271 0.380475 0.401782 0.106809 0.735150 0.442288 0.284615 0.301277 0.711582 2.215570 0.231566 0.307020 0.470274 1.330814 0.593018 0.100000 0.911384 0.833363 0.603431 1.050487 0.100000 0.629459 1.058098 0.507478 
0.234629 0.826667 0.100000 0.527727 0.100000 0.100000 0.100000 0.100000 0.840610 0.609910 1.205957 0.100000 0.722755 0.580412 0.308286 0.335792 0.512761 0.735749 0.100000 0.970753 0.490877 0.100000 1.540722 1.822079 0.100000 0.712458 0.296450 0.219277 0.686339 0.466692 0.422154 0.100000 0.100000 0.331186 0.645597 0.403483 0.715455 0.197801 0.863978 0.893462 0.456106 0.465850 0.100000 0.688304 0.516718 0.100000 1.218352 0.100000 1.021969 0.501057 1.484963 0.560094 0.176550 0.100000 0.170387 1.634880 0.100000 0.538398 0.936560 0.542682 0.765914 0.239038 0.833018 0.100000 1.036940 
1.043476 0.381092 0.924206 0.482664 0.831250 0.306345 0.683918 0.100000 0.100000 0.100000 0.100000 0.100000 1.080862 0.100000 0.613438 0.189139 0.100000 0.742356 0.100000 0.118810 0.582049 0.427182 0.879998 0.929885 0.100000 0.100000 0.296654 0.893677 0.475601 1.346940 0.490512 1.194801 0.333240 1.342125 0.100000 0.115866 0.299138 0.100000 0.650856 0.100000 0.535207 0.881674 0.111423 0.913141 0.100000 0.199554 0.463787 0.100000 0.802302 0.285748 0.910403 0.483354 0.411269 0.241587 0.984699 0.749470 0.100000 0.183341 0.684866 1.058937 0.100000 0.395451 0.240012 0.100000 0.100000 
0.250529 0.514372 1.809639 0.100000 0.652441 0.100000 0.460116 1.082747 0.622224 0.963388 0.157578 0.778105 1.068745 1.154975 0.639338 0.100000 0.876259 0.806871 0.100000 1.117583 0.141066 1.041428 0.601942 0.803176 0.158139 1.068923 1.550170 0.131118 0.100000 1.153290 0.243986 0.876557 0.700807 0.479065 0.100000 0.425262 0.402407 0.100000 0.100000 0.633401 0.100000 0.168385 0.672707 0.100000 0.517579 0.103202 0.700966 0.285238 0.337618 0.225130 1.555775 0.330584 1.300589 0.597774 0.125214 0.598493 1.260048 0.388162 0.716558 0.100000 0.510712 0.687114 0.480301 0.982356 0.991433 
0.766683 0.100000 1.342108 0.100000 0.100000 0.276532 0.100000 0.100000 0.277373 1.127502 0.100000 0.930901 0.100000 0.100000 1.110226 0.159164 0.851179 0.338522 0.441312 0.100000 0.444773 0.178261 0.555073 0.381166 0.528045 0.441312 0.466322 0.434366 0.100000 0.386293 0.238851 0.486148 0.532298 0.317174 0.227542 0.100000 0.682172 0.109798 0.100000 0.100000 0.707644 0.517744 0.100000 0.920007 0.586076 0.979449 0.100000 1.186960 0.100000 0.848733 1.035698 0.212125 0.558983 0.100000 0.100000 1.154229 0.100000 0.100000 0.726984 0.445692 0.233867 0.100000 0.413478 0.100000 1.236207 
0.118921 0.410221 0.262992 0.406685 0.100000 0.100000 0.100000 0.686466 0.100000 2.200948 0.100000 0.252390 0.100000 0.696094 0.441701 0.320778 0.860967 0.398484 0.100000 0.682885 0.400879 0.632817 1.006104 1.307935 0.707323 0.164384 0.243701 0.253021 0.100000 0.557974 1.287387 0.100000 0.100000 0.272757 0.100000 1.157174 0.465003 0.100000 0.362568 0.216079 0.100000 1.066958 1.065582 1.480090 0.538039 0.168471 1.168554 0.365974 0.867951 0.406353 0.922817 0.398414 0.583205 0.985414 0.675770 0.100000 0.629089 1.517155 1.151453 0.977028 0.401123 0.409672 0.100000 0.948456 0.238991 
0.949346 0.100000 0.125131 0.100000 0.100000 0.626567 0.552932 0.769072 0.231794 0.100000 0.100000 0.100000 0.433271 0.489016 0.571342 0.100000 0.100000 0.113839 0.409532 0.785713 0.100000 0.563885 0.623648 1.192177 0.246118 0.543967 0.100000 0.281024 0.156344 0.100000 0.100000 0.179921 0.100000 0.903811 0.741682 0.703524 0.619241 0.100000 0.777810 0.848256 0.100000 0.889490 1.415151 0.604172 0.283981 0.100000 0.100000 0.131908 0.404641 0.793489 0.709534 1.928791 0.315596 0.122523 0.107595 0.344770 0.100000 0.100000 0.916651 0.369943 0.737385 0.100000 0.282597 0.100000 0.276009 
0.518909 0.100000 0.848343 0.593018 0.919002 0.228240 0.100000 0.100000 1.205119 0.816821 0.580153 0.334364 0.917272 1.460822 0.483405 0.100000 1.072533 0.814253 0.697819 0.100000 1.263794 0.466966 0.848838 0.347495 0.100000 0.100000 0.100000 0.369700 0.821588 0.316264 0.207346 0.736143 0.100000 0.365444 0.100000 0.971403 0.281544 0.100000 0.100000 0.100000 0.691521 0.100000 0.533490 1.243815 0.647748 1.151529 0.100000 1.270965 0.245972 0.313095 0.493346 0.395785 0.866007 0.328859 0.892372 1.365198 0.343679 0.629888 0.459728 0.519302 0.943987 0.308208 0.100000 0.886911 0.100000 
0.611163 0.148229 1.254178 0.388755 0.336848 0.100000 0.232830 0.455621 0.100000 0.216026 0.100000 0.821572 0.566861 1.009014 0.283687 0.764209 0.100000 1.253099 0.100000 0.568235 1.128903 0.463521 1.474368 0.602662 0.646910 0.681725 1.117363 0.100000 0.100000 0.189155 0.252690 0.100000 0.100000 0.100000 0.601464 0.168687 0.100000 0.577946 0.254233 0.887916 0.100000 0.100000 0.169190 1.249001 0.192166 0.880876 0.100000 1.739186 0.697999 0.100000 0.960277 0.756799 0.366754 0.510291 0.894545 1.225015 0.678249 0.506379 1.398359 0.179274 0.347997 0.100000 0.443922 0.100583 1.142095 
0.852959 0.540717 0.176458 0.100000 0.100000 0.100000 0.100000 0.417664 0.300401 0.830149 0.859044 0.100000 0.810245 0.550429 0.100000 0.130989 0.540031 0.100000 0.100000 0.100000 0.429266 0.100000 0.327938 0.781789 0.364925 1.281876 0.100000 0.328460 0.100000 1.056981 0.204737 0.886429 0.865721 0.561358 0.100000 0.100000 0.592701 0.705754 1.395355 0.100000 0.100000 1.050220 0.859553 1.032606 1.259096 0.251894 0.100000 0.380239 0.106939 0.485727 0.858566 0.100000 1.229576 0.611846 0.100000 1.306375 0.100000 2.101406 0.100000 0.539839 0.483837 0.100000 0.100000 0.100000 0.100000 
0.489450 0.106862 1.344547 0.100000 0.938570 0.166046 0.100000 0.100000 0.610092 0.721579 0.113279 0.100000 0.611657 0.299151 0.638767 0.100000 1.332749 0.231481 0.278692 1.322623 0.100000 0.359991 0.250929 0.405986 0.100000 1.205386 0.747028 0.246919 0.100000 1.050874 0.273552 0.247204 0.100000 0.569751 0.119486 0.100000 0.388233 1.272466 0.161209 0.388409 0.255154 0.126713 0.421810 1.064717 0.112917 0.912584 0.100000 0.100000 0.249195 0.512991 1.180903 0.100000 0.100000 0.100000 0.178993 0.760350 0.603234 0.998332 0.793977 0.118998 0.860582 0.100000 1.750426 0.100000 0.546107 
0.761204 0.100000 0.987058 0.100000 0.100000 0.100000 0.226056 0.100000 0.780332 0.117864 0.100000 0.582459 1.868067 0.642776 0.100000 0.554436 0.100000 0.100000 0.885287 0.203889 0.988266 0.459649 0.970532 0.492727 0.931906 0.240178 0.219055 0.849404 0.925611 1.420873 0.226350 0.100000 0.167426 0.462953 0.100000 0.138396 0.313683 0.384434 1.651612 0.100000 1.337320 0.429647 1.296015 1.309959 0.746442 0.955074 0.114124 0.220691 0.109003 0.572024 0.799957 0.100000 0.427213 0.472687 0.137969 1.121128 0.202864 0.100000 0.629928 0.587520 0.793522 0.510527 1.008937 0.100000 1.037586 
0.903474 0.315352 0.901924 0.727367 0.100000 0.201619 0.452466 0.143138 0.227813 0.352435 0.100000 0.192544 1.837007 0.356858 1.549223 0.468666 0.211581 0.803091 0.379679 1.047162 0.295088 0.115203 0.100000 0.849972 0.302064 0.874138 0.203261 0.456804 1.131584 1.465426 0.125256 0.403385 0.100000 0.680653 0.399069 0.221143 0.930618 0.377218 1.006186 0.384523 0.168616 0.886360 0.891109 0.475364 0.100000 0.340406 0.100000 0.292781 0.825228 0.100259 0.186202 0.625705 0.475611 0.706163 1.231566 0.167628 0.100000 0.100000 0.149382 0.169825 1.444120 0.465807 0.590787 0.771645 0.485131 
0.364707 0.100000 0.246670 0.100000 1.420581 0.616264 0.680690 0.791104 1.326584 0.636359 0.100000 0.219662 0.648642 0.201464 0.140507 0.100000 0.100000 0.652938 0.887777 0.344995 1.190802 0.100000 0.495827 0.771996 0.741424 0.277511 1.236375 0.234438 0.193244 0.100000 0.330485 0.100000 0.750145 0.481621 0.686424 0.532487 0.829575 0.100000 0.594219 0.674976 0.383427 0.879564 0.510137 0.657315 0.817582 0.751179 0.378604 0.443954 0.354313 0.100000 1.670710 0.488567 0.100000 0.472285 0.270072 0.973637 0.409709 0.100000 1.011052 0.100000 0.192921 0.104509 0.339178 0.100000 0.454427 
0.100000 1.019270 0.556333 0.100000 1.628965 0.100000 0.100000 1.096070 0.100000 0.149816 0.100000 0.356173 0.100000 1.210700 0.437714 0.195579 0.100000 0.813882 0.113240 0.340595 0.295704 1.252128 0.732673 1.236085 0.100000 0.100000 0.158950 0.659570 0.100000 0.651852 0.284349 0.772376 0.673445 0.111724 0.100000 0.259027 0.640012 0.589372 0.100000 0.450884 1.091230 1.170376 0.457707 0.692486 0.441513 0.938247 0.100000 0.665276 0.100000 1.363394 0.551247 0.144519 0.362622 0.250155 0.632336 0.316890 1.127831 1.090045 0.100000 0.514598 0.377366 0.100000 0.100000 0.798476 0.732699 
1.031898 0.100000 1.391045 0.870770 0.664386 0.143183 0.100000 0.975194 0.100000 0.358817 0.337375 0.766317 0.338014 0.100000 1.224442 0.100000 1.261022 0.364215 0.100000 0.100000 0.104395 0.419239 0.983033 1.322934 0.434726 1.248412 0.444776 0.100000 0.100000 1.037595 0.100000 0.100000 0.148826 0.992323 0.100000 0.683425 0.100000 0.100000 0.799329 0.727831 0.936256 0.808567 1.622249 1.418784 0.100000 0.496975 0.557288 0.225043 0.711322 0.464341 1.817022 1.071426 0.570238 0.350465 0.100000 1.031543 0.911517 0.769387 0.710802 0.770915 1.302499 0.339086 0.662268 0.100000 0.521882 
0.100000 0.100000 0.838539 0.413177 0.433436 0.100000 0.241882 0.538337 1.106170 0.107373 0.100000 0.100000 0.892511 0.542816 0.431382 0.721360 1.155970 0.100000 1.412750 0.100000 0.112073 0.181515 0.798452 0.100000 0.801333 0.141275 0.100000 0.238557 0.100000 0.100000 0.403958 0.635441 0.157573 0.100000 0.100000 0.492561 0.686041 0.460450 0.100000 0.100000 0.243900 0.357455 0.859001 1.232489 0.189473 0.100000 0.129981 0.100000 0.836223 0.100000 1.535536 0.394838 0.806984 0.100000 0.109248 0.485264 0.344306 0.426619 0.126443 0.976339 0.903542 0.100000 0.969165 0.100000 1.759129 
