55 Number of operations
17 Number of workers
Standard production times
0.100000 0.459388 0.358382 0.535632 0.490910 0.400538 0.447197 0.347093 0.392654 0.404755 0.785698 0.591989 0.665543 0.433686 0.473195 0.766022 0.109271 0.442998 0.448479 0.211443 0.444848 0.532587 0.294440 0.532819 0.714846 0.279796 0.373272 0.557514 0.554138 0.431983 0.302585 0.423590 0.438911 0.406846 0.339173 0.310815 0.228492 0.100000 0.650297 0.458979 0.119045 0.234276 0.777430 0.456476 0.168594 0.249727 0.354915 0.109332 0.635554 0.321332 0.464255 0.327265 0.663284 0.443816 0.449262 
Production times: workers row and ops columns
0.199526 1.573472 1.019096 1.371473 0.784095 0.604365 0.730983 0.136359 0.548200 0.319706 0.817429 0.488011 0.100000 0.100000 0.810575 0.100000 0.100000 0.240534 0.614708 0.100000 1.213709 0.572342 0.100000 0.100000 0.880602 0.100000 1.051795 1.041032 0.334610 0.157314 0.100000 0.463993 0.100000 0.365545 0.379652 0.322128 0.499757 0.221249 0.389917 0.535424 0.100000 0.277986 0.563695 0.100000 1.039245 0.100000 0.950185 0.100000 0.510230 0.221177 1.210988 0.100000 1.061979 0.436600 0.455857 
0.228656 0.100000 0.100000 0.801929 0.100000 0.800949 0.202745 0.201910 0.100000 0.350413 0.707824 0.664694 0.434124 0.459236 1.233424 1.269267 0.646191 0.497517 0.100000 0.383775 0.783925 0.100000 1.232938 0.214874 0.128995 0.932274 0.919790 0.100000 0.647401 0.100000 0.488467 0.263588 0.197681 0.416760 0.100000 0.100000 0.389744 0.846020 0.843030 1.710610 0.401971 0.100000 1.317675 0.100000 0.454570 0.116571 0.455909 0.865554 0.177432 0.162203 0.532293 0.100000 0.912621 1.115475 0.100000 
0.100000 1.007077 0.734613 0.100000 0.143477 0.281591 0.742709 1.230894 0.100000 0.383885 1.191016 0.867246 1.165266 0.435271 0.100000 0.740580 0.598350 0.113281 1.090078 0.372458 0.515635 1.697400 0.643775 0.365797 1.487104 0.100000 0.523758 0.100000 0.100000 1.309978 0.309975 1.533564 0.193752 0.745279 0.219154 1.318795 0.162607 0.503383 0.100000 0.100000 0.100000 0.767218 0.162287 0.426717 0.898417 0.100000 0.100000 0.100000 1.108755 0.654565 1.754581 0.188100 0.694871 1.476003 0.231764 
0.191293 0.791248 0.178252 0.299091 0.832758 0.524724 0.100000 0.100000 0.122657 0.619153 1.084416 0.840897 0.804599 0.647902 0.907389 0.837837 0.531499 0.100000 0.807280 0.709248 0.320782 0.808467 0.284049 0.546771 0.100000 1.145839 0.100000 0.100000 1.232528 0.495896 0.304307 0.677931 0.442034 0.133909 0.738086 0.935595 0.431774 0.762907 0.380447 0.100000 0.100000 0.297976 0.848047 0.765260 0.100000 0.583555 0.320585 0.100000 1.195337 0.100000 1.131513 0.100000 0.100000 0.100000 0.288604 
1.018654 0.191328 0.100000 0.999830 0.100000 0.100000 0.100000 0.325137 0.478568 0.299522 1.172291 0.100000 0.958107 0.348096 1.338275 0.960526 0.100000 0.778459 0.210573 0.187321 0.957982 1.532969 0.366079 0.100000 0.243005 0.369063 0.829931 0.825795 0.693559 1.015603 0.314139 0.913007 0.579258 0.789332 0.145387 0.100000 0.837616 0.100000 1.178549 0.708514 0.362042 0.402092 1.689235 1.154251 0.100000 0.100000 1.250755 0.493949 0.984356 0.147578 0.616806 0.100000 0.659938 0.853944 0.100000 
0.100000 0.100000 0.823285 0.299795 0.100000 0.946690 0.100000 0.100000 0.642542 0.926043 0.953419 0.475815 0.100000 0.100000 0.734040 0.228168 0.100000 0.199716 1.186361 0.189144 0.442033 0.831697 0.705358 0.253124 0.436272 0.694786 0.423332 0.956556 0.100000 1.052440 0.412558 0.669442 0.390370 0.152994 0.774894 1.256648 0.842698 0.100000 0.584869 0.261455 0.100000 0.100000 0.126336 0.954124 0.245001 1.274662 0.100000 0.100000 0.928602 0.100000 0.100000 0.269427 0.682465 0.827162 0.389134 
0.172001 0.498352 0.816992 0.865692 0.438400 0.100000 1.394563 0.704116 0.100000 0.100000 0.841875 0.338797 0.470631 0.560056 1.167303 0.998477 0.100000 0.659077 1.237123 0.100000 0.597864 0.100000 0.483344 0.621739 0.100000 0.193475 0.338050 0.323574 0.100000 0.551582 0.685736 0.100000 0.100000 0.100000 0.100000 1.160335 0.719327 0.378856 0.664325 0.383612 1.242050 0.101234 0.869100 0.100000 0.100000 1.043265 0.100000 0.205308 0.725043 0.100000 0.658406 0.703175 0.689504 0.100000 0.730130 
0.100000 0.566030 0.179205 1.068408 0.745665 0.100000 1.231287 0.100000 0.324870 0.206722 1.324350 0.100000 0.241825 0.357735 0.318566 0.928810 1.254892 0.635853 0.481712 0.297432 0.560484 0.491076 0.599219 0.100000 1.476052 0.544869 0.924007 1.013191 0.614700 0.100000 0.100000 0.100000 0.285436 0.181267 0.100000 0.100000 0.100000 0.292970 0.645253 0.381274 0.100000 0.419643 0.100000 0.581884 0.748017 0.121744 0.164376 0.100000 0.393432 0.100000 0.447655 0.810394 0.665053 0.100000 0.100000 
0.100000 1.055358 0.291656 0.954265 0.591706 0.100000 0.698530 0.880930 0.418525 0.100000 1.060125 0.100465 0.278022 1.372894 1.278292 0.318681 0.214899 0.377987 0.457225 0.226302 0.542907 0.640301 0.104840 0.100000 0.100000 0.100000 0.114587 1.177937 0.423769 0.807284 0.100000 0.100000 0.100000 0.100000 0.100000 0.689235 0.100000 0.100000 1.441656 0.374924 0.100000 0.233858 1.243598 0.568381 0.568457 0.551796 0.579698 0.419421 1.417496 0.817628 0.100000 0.652549 0.258886 0.913338 0.100000 
0.100000 0.100000 0.419711 0.259364 0.951108 0.100000 0.981592 0.575529 0.628089 0.451258 1.174053 1.010642 0.763149 0.174353 1.051663 0.956459 0.290663 1.731733 0.100000 0.906974 0.479825 0.689771 0.100000 0.404728 0.648994 0.848331 0.100000 0.526502 0.278530 1.124940 0.253450 0.100000 0.100000 0.327658 0.169316 0.957151 0.795146 0.100000 0.478972 0.821334 0.413313 1.432923 1.374596 0.100000 0.814990 0.100000 0.887766 0.100000 0.100000 1.434920 1.135510 1.499627 0.411738 0.779764 0.898929 
0.100000 1.199250 0.100000 0.315846 0.342598 0.961147 0.381223 0.395769 0.897259 0.100000 0.597872 1.516766 0.566844 0.347486 0.100000 1.606009 0.564523 0.291111 0.209838 0.682138 0.255243 1.293813 0.223483 0.206279 0.585359 0.222089 0.100000 0.564115 0.271086 0.567862 0.100000 0.822432 0.100000 0.598569 0.875754 0.440919 0.100000 0.677053 0.399200 0.674827 0.106052 0.100000 1.301827 0.349444 0.100000 0.100000 0.100000 0.100000 0.785640 0.100000 0.548245 1.062347 1.089970 0.450022 0.916707 
0.422395 1.314434 0.326660 0.100000 0.100000 0.681941 0.147081 1.280861 0.912782 0.152256 1.241631 1.343926 1.090557 0.278468 0.100000 1.562647 0.100000 0.717021 1.176020 0.100000 0.100000 0.892126 0.100000 1.295773 0.789407 0.100000 0.100000 0.696531 0.891455 0.708911 0.878227 0.100000 1.059108 0.428787 0.119488 0.100000 1.400577 0.100000 0.697559 0.176484 0.265374 0.100000 0.100000 0.100000 1.259035 0.161969 0.100000 0.879759 0.891051 0.100000 0.398467 0.100000 0.100000 1.008617 0.979904 
0.546152 1.008232 0.159921 0.100000 1.346132 0.926058 0.943374 0.100000 0.100000 0.100000 0.887936 1.235541 1.078525 0.671704 0.100000 1.162163 0.445987 0.645770 0.146929 1.682206 1.093188 0.366875 0.507830 0.184810 0.100000 0.837299 0.631222 0.830035 0.621542 0.538688 0.428745 0.442158 0.637122 0.100000 0.341814 0.249965 0.100000 0.930013 1.004737 0.100000 0.100000 0.759491 0.698743 0.239138 1.013892 0.392553 0.691194 0.100000 0.387468 0.100000 0.166058 0.100000 0.717307 0.537956 0.229001 
0.424501 1.364895 1.190326 0.333934 0.597132 0.100000 0.100000 0.596854 0.497038 0.527170 0.861071 0.705859 0.573056 0.468392 1.038922 0.381328 0.579131 0.771787 1.216679 0.501029 0.547943 0.669816 0.182972 0.100000 0.850484 0.753118 0.100000 0.673414 1.273996 0.100000 0.873990 0.604193 0.100000 1.246005 1.238013 1.345058 0.100000 0.224737 1.188084 0.100000 1.044928 0.100000 0.629106 0.100000 1.044319 0.366342 0.229630 0.119809 0.100000 0.212461 1.038051 0.100000 0.100000 0.100000 0.358492 
0.293009 0.961413 0.100000 0.731319 0.448188 0.575781 0.718001 0.100000 0.826427 0.100000 1.642896 0.625888 0.397225 0.100000 0.100000 0.997239 0.366690 0.301518 0.613361 0.112500 1.465530 0.828141 0.299348 0.154499 0.418862 0.100000 0.624645 0.618859 0.100000 0.625624 0.878401 0.607638 0.770435 0.217139 0.100000 1.599135 0.340206 0.100000 0.948080 0.810738 0.100000 0.270527 0.488809 0.861197 0.245650 0.686973 0.100000 0.100000 0.589013 0.764485 0.526560 0.880812 0.682181 1.014130 0.617338 
0.100000 0.953526 1.200036 0.100000 0.265924 0.338610 0.100000 0.100000 0.467815 0.987842 1.267068 0.851017 0.965713 1.339971 0.100000 0.100000 0.100000 0.459471 0.691228 0.100000 0.334864 0.100000 0.340694 1.260963 0.998193 0.466814 1.568935 0.393129 0.873570 0.569489 0.689382 0.643285 0.743644 0.663166 0.694791 0.509119 0.100000 0.855348 0.872244 0.183989 0.101954 0.269644 0.444566 1.029286 0.225570 0.519088 0.100000 0.100000 0.679741 0.100000 0.366730 0.444936 0.948390 0.129367 0.705742 
0.100000 1.551597 1.161043 0.447217 0.703421 0.249601 0.100000 0.100000 0.418550 0.424362 0.830004 0.207750 0.260800 0.433557 0.332932 0.997578 0.100000 0.100000 0.128369 0.100000 1.149897 0.988097 0.100000 0.639088 0.564591 0.362601 0.861528 0.596619 1.792849 0.183675 0.100000 0.589934 0.100000 0.100000 0.100000 0.381255 0.323842 0.100000 1.291210 0.368472 0.204976 0.478890 0.999884 1.143384 0.100000 0.164649 0.101349 0.100000 1.238972 0.712086 0.927715 0.633942 0.580787 0.604718 0.841725 
