53 Number of operations
16 Number of workers
Standard production times
0.220854 0.578248 0.637675 0.143634 0.207149 0.298157 0.100000 0.681356 0.514772 0.762419 0.528627 0.433918 0.571921 0.517193 0.870394 0.236621 0.369003 0.411154 0.296911 0.398187 0.360972 0.436827 0.291393 0.546968 0.209768 0.307992 0.712668 0.381356 0.272474 0.587230 0.354431 0.100000 0.419833 0.209735 0.294946 0.260708 0.349153 0.427422 0.286549 0.411280 0.665364 0.287045 0.180777 0.556796 0.548785 0.391627 0.454277 0.534983 0.112304 0.608661 0.100000 0.573760 0.370700 
Production times: workers row and ops columns
0.589887 1.044912 0.100000 0.100000 0.936795 0.884145 0.768875 0.120254 0.729663 0.821218 0.479675 0.428414 0.100000 0.100000 0.666122 0.209010 0.504826 1.333890 0.100000 0.403158 0.682561 0.100000 0.100000 0.100000 0.100000 0.602111 0.100000 0.489145 1.173779 0.275292 0.776468 0.325879 0.506427 0.474426 0.100000 0.100000 0.463310 0.270161 0.474036 0.100000 0.939207 0.314994 0.315537 0.650214 0.407142 0.473498 1.463855 0.143717 0.138366 0.100000 0.100000 0.100000 0.100000 
0.100000 1.119928 0.969627 0.217256 1.041411 1.194650 0.100000 0.100000 0.302968 0.323019 0.691602 0.100000 0.181727 0.634713 1.524219 0.100000 0.100000 0.100000 0.100000 0.120485 0.100000 0.343462 0.635575 1.239436 0.100000 0.689988 1.009963 1.069380 0.100000 0.439168 0.379365 0.100000 1.109476 0.100000 0.404348 0.100000 0.100000 0.100000 0.794538 0.481992 1.108789 0.771795 0.100000 0.136165 0.527909 0.515362 0.159555 0.741533 0.192538 1.193598 0.135433 0.793575 0.416456 
0.100000 0.822506 0.130663 1.225500 0.100000 0.791032 0.100000 0.452953 0.287150 0.901230 0.100000 0.392093 0.339914 0.563686 0.288698 1.308731 0.100000 0.343002 0.368844 0.133699 0.213645 0.393139 0.369737 0.100000 0.149449 0.207897 0.852847 0.485957 0.100000 0.566499 0.248766 0.100000 0.361404 0.708985 0.445827 0.100000 0.954844 0.280735 0.461001 0.100000 0.532545 0.159481 0.100000 0.370583 1.099795 0.612982 0.965981 0.140040 0.518405 0.415132 0.100000 0.368895 0.935065 
0.312987 0.668976 0.830518 0.100000 0.100000 0.463278 0.309832 0.186477 0.200732 1.384843 0.100000 0.778741 0.111284 0.100000 0.323792 0.437057 0.100000 0.461855 0.100000 0.950856 0.520846 1.400135 0.646174 1.158554 0.995990 0.100000 0.236133 0.100000 0.100000 0.685465 1.034235 0.451713 0.553816 0.525975 0.100000 0.265660 0.790707 0.143291 0.142616 1.052989 1.395855 0.100000 0.100000 0.477114 0.544095 0.491206 0.502501 0.100000 0.100000 0.100000 0.711675 0.451232 0.388287 
0.950337 1.116978 0.557800 1.008399 0.100000 0.100000 0.100000 0.100000 0.632170 0.715664 0.100000 1.518954 0.344963 0.234931 1.388727 0.100000 0.178758 0.100000 0.100000 0.982555 0.988632 0.611940 0.100000 0.625006 0.153167 0.604106 0.281323 0.129014 0.507059 1.077417 1.130329 0.100000 1.036831 0.100000 0.100000 0.487280 0.891118 0.100000 0.753214 0.264837 0.937813 0.358219 1.052212 0.929075 0.912783 0.828900 1.341358 0.100000 0.100000 0.883415 0.836900 1.434798 0.647582 
0.803266 0.902093 0.968800 0.282236 0.100000 0.464026 1.106601 1.400371 0.738009 1.334536 0.920770 1.190392 0.894755 1.150323 1.955489 0.100000 0.306072 0.403655 0.245282 0.534499 1.455923 0.321735 0.167149 1.710812 0.603114 0.100000 1.467626 1.073007 0.100000 0.100000 1.226398 0.100000 0.504639 0.100000 1.435481 0.133528 1.204126 0.614299 0.100000 0.100000 1.374015 0.100000 1.946937 0.634631 0.813417 0.388653 0.100000 1.105954 0.382222 0.508560 0.371256 1.022605 0.100000 
0.480416 1.024860 0.695321 0.100000 0.215695 0.100000 0.100000 0.465585 1.395037 0.152468 1.216036 1.109287 0.732516 0.670739 1.232448 0.100000 0.606847 0.505776 1.197770 0.498269 0.165299 0.652624 0.158619 0.100000 0.254861 0.100000 0.100000 0.100000 0.100000 1.244034 1.199725 1.364398 0.843543 0.100000 1.009854 0.100000 0.100000 0.100000 0.587541 0.100000 0.621871 0.100000 0.590083 0.342190 0.579644 0.454731 0.141177 0.957000 0.100000 0.456870 1.196925 0.525002 1.495780 
0.100000 1.336423 1.653464 0.100000 0.100000 0.109853 1.031046 0.813826 1.482777 0.451611 0.309840 0.422592 0.657720 0.100000 0.674026 0.498019 0.100000 0.418809 0.100000 0.348304 1.281830 0.100000 1.252225 0.100000 0.442292 1.013415 0.941027 0.957867 0.279069 0.886984 1.418184 0.100000 0.100000 0.208656 0.838866 1.198371 0.454129 0.634123 0.996852 0.486600 0.100000 0.422972 0.213480 0.751117 0.205869 0.507426 0.799747 0.542733 0.100000 0.100000 0.100000 0.929455 0.689726 
0.256616 0.100000 1.292629 0.100000 0.223491 0.752214 0.100000 0.556760 1.045395 0.100000 0.477221 0.128868 1.085196 0.740080 0.797196 0.444593 0.100000 0.674440 0.100000 0.268550 0.617224 0.805682 0.100000 0.886886 0.694431 0.100000 0.399964 0.632641 0.701479 0.260047 0.849940 0.414366 0.319364 0.397817 0.100000 0.100000 0.188548 0.451930 0.715403 0.100000 0.844037 0.142362 0.100000 0.281531 0.663997 0.288349 1.352616 1.025213 1.071561 1.577403 0.247615 0.100000 0.459860 
0.241340 0.100000 0.100000 1.090204 0.677978 0.100000 0.100000 0.100000 0.100000 0.749464 0.875030 0.218518 0.134719 0.100000 1.109892 0.533785 0.711250 0.452224 0.378924 0.163297 0.100000 0.174175 0.708212 1.074601 0.100000 0.100000 0.629161 0.100000 0.839056 0.272417 0.100000 0.100000 0.357218 0.516794 0.179775 0.100000 0.100000 0.224850 0.489964 0.708989 0.919581 0.284593 0.100000 0.100000 0.697547 0.100000 0.309496 1.425210 0.516474 0.836045 0.100000 0.897405 0.424966 
1.235364 0.234830 0.100000 0.100000 0.289552 0.700434 0.100000 1.041372 0.465599 0.100000 1.076639 0.499467 1.160083 0.972896 0.455776 0.473634 0.471718 0.100000 0.100000 0.100000 0.100000 0.100000 0.100000 0.924966 0.100000 0.837598 0.626200 0.139742 0.521435 0.647254 0.609769 0.100000 0.100000 0.350201 0.100000 0.352817 0.599692 0.432595 0.597826 1.185162 0.189676 0.301718 1.113281 1.016354 0.359984 0.258954 0.100000 0.151508 0.238691 1.301342 0.100000 0.335369 0.370977 
0.465617 0.100000 0.617238 0.326040 0.100000 1.012649 0.492110 1.347377 0.416403 0.366985 1.314407 0.836821 0.486360 0.944010 0.973110 0.100000 0.625499 0.291632 0.347009 0.160704 1.237349 0.612758 0.100000 0.911109 0.479338 0.350596 0.936726 0.967361 0.100000 0.988056 1.081764 0.258803 0.528437 0.288475 0.499518 0.634034 1.337777 0.100000 0.100000 1.282841 0.737611 0.414872 0.433591 0.429520 0.810765 0.399009 0.393258 0.440886 0.243511 0.100000 0.100000 0.824014 0.984756 
0.279269 0.476982 1.253987 0.100000 0.488368 0.841670 0.203268 0.347587 0.614634 0.937570 0.577118 0.700499 0.837385 1.132812 0.886387 0.171579 0.139020 0.100000 0.100000 0.913564 0.316038 1.420647 0.100000 0.448341 0.433356 0.100000 0.100000 0.232319 0.100000 0.726781 0.653498 0.187887 0.697585 0.100000 2.124617 0.100000 0.328797 0.435943 0.523741 0.751743 0.851676 0.458355 0.525721 0.732451 0.394699 0.570816 0.576374 0.100000 0.100000 0.347464 1.493245 0.798047 0.685744 
0.100000 0.895647 1.073708 0.100000 0.100000 0.498996 0.100000 0.436458 0.100000 0.220666 0.610803 0.100000 0.108569 0.766696 0.487262 0.877449 0.300049 0.100000 0.192336 0.453740 0.100000 0.920107 0.261103 1.658597 0.100000 0.410552 0.770303 0.674989 0.136588 0.100000 0.724269 0.100000 0.100000 0.100000 0.247625 0.100000 0.135729 0.100000 0.125389 0.858713 1.004649 0.601537 0.748087 0.609929 0.317162 0.722217 1.517103 1.208102 0.363289 1.271289 0.304517 1.482300 0.478239 
0.187624 0.245543 0.958720 0.100000 0.319838 0.908421 0.668133 1.274494 0.891994 0.978287 0.939512 0.276050 1.023818 0.590394 1.555643 0.215337 0.256851 0.162929 0.100000 0.998276 0.100000 0.876655 0.100000 0.100000 0.100000 0.100000 1.479970 0.100000 0.796605 0.100000 0.368892 0.100000 0.616775 0.151299 0.516248 0.918861 0.100000 0.100000 0.473369 0.381025 0.718310 0.108224 0.100000 0.374072 0.322620 0.282830 1.100688 0.974093 0.100000 0.158722 0.100000 0.100000 0.396037 
0.373136 0.206944 0.982308 0.100000 0.100000 0.433684 0.350092 0.374870 1.210618 0.971060 0.487163 0.121668 1.085579 0.544055 1.429315 0.351758 0.731911 1.197486 1.294511 0.999258 0.900757 0.100000 0.293069 0.132577 0.554679 0.468065 1.195316 0.545136 0.100000 0.301428 0.100000 0.100000 0.455137 0.354721 0.531297 1.173665 0.100000 1.470173 0.618207 0.163071 0.810497 0.100000 0.614507 0.100000 0.623678 0.100000 1.584735 0.640952 0.632294 0.619192 0.100000 0.865849 0.100000 
