58 Number of operations
16 Number of workers
Standard production times
0.290051 0.119425 0.716550 0.190971 0.451519 0.100000 0.100000 0.336942 0.571636 0.414269 0.100000 0.116889 0.577166 0.526380 0.408052 0.219375 0.435065 0.438886 0.292950 0.555470 0.434268 0.311430 0.740981 0.584869 0.139028 0.323885 0.251275 0.312576 0.314710 0.676281 0.419674 0.326109 0.145356 0.602997 0.103788 0.342580 0.388635 0.242379 0.413542 0.192219 0.347265 0.507650 0.705652 0.791335 0.495640 0.423869 0.228507 0.247610 0.527861 0.409505 1.022967 0.293508 0.469117 0.314897 0.100000 0.751079 0.347161 0.569259 
Production times: workers row and ops columns
0.912888 0.100000 1.357087 0.100000 0.100000 0.100000 0.356297 0.253011 1.244804 0.106523 0.100000 0.624858 0.299588 0.744510 0.334707 0.231122 0.305913 1.358464 0.195955 1.342536 0.812718 0.100000 0.364266 0.629842 0.979884 0.228548 0.171732 0.100000 0.338726 0.100000 0.100000 0.363382 0.100000 0.486545 0.100000 0.354355 0.100000 0.100000 0.280969 0.105758 0.100000 1.311629 1.278303 0.549543 1.005342 0.100000 0.100000 1.209541 0.306386 1.182267 0.100000 0.100000 0.265091 0.366048 0.100000 0.931697 0.100000 0.100000 
0.120610 0.100000 0.596077 0.100000 0.367259 0.386855 0.100000 0.100000 0.931273 1.031468 0.100000 0.899214 0.100000 0.566445 0.422633 0.100000 0.100000 0.382625 0.100000 0.892377 0.216813 0.100000 0.804764 0.943840 0.333496 0.859606 0.840386 0.100000 1.172598 0.758649 0.671211 0.100000 0.961288 0.341718 0.100000 1.058374 0.100000 0.100000 0.392411 0.100000 0.100000 1.089113 0.498183 0.840044 0.175629 0.313456 0.504381 0.223418 0.354546 0.100000 1.026759 0.100000 0.514003 0.818487 0.100000 0.100000 0.218786 0.766050 
0.100000 0.100000 0.206800 0.296159 0.389689 0.249289 0.388494 0.137661 0.909463 0.130442 0.100000 0.213610 0.295734 0.581712 1.119869 0.100000 0.598627 0.648949 0.139622 0.465437 0.221823 0.100000 0.100000 0.100000 0.672578 0.863849 0.339275 0.376160 0.100000 0.423349 0.100000 0.372684 0.100000 0.716926 0.981985 0.100000 0.207597 0.248966 0.600701 0.100000 0.208212 0.666574 0.526272 0.770366 1.124611 0.738044 0.100000 0.641599 0.100000 0.680584 1.482671 0.318875 1.069793 0.271888 0.100000 0.820643 0.100000 1.734330 
0.136918 0.100000 0.100000 0.100000 0.453008 0.100000 0.100000 0.415577 0.741103 0.100000 0.451533 0.100000 0.257292 0.855169 0.716148 0.100000 0.453491 0.100000 0.100000 1.114649 0.100000 0.217328 0.134094 0.837219 0.100000 0.846701 0.100000 1.038275 0.662570 1.508997 0.100000 0.100000 0.697995 0.944450 1.305434 0.474579 0.353533 0.100000 0.369951 0.337486 0.100000 1.160208 0.613477 1.472097 0.539417 0.923517 0.626084 0.321202 1.093165 0.100000 0.977277 0.993013 1.085849 0.292451 0.100000 0.953911 0.100000 0.516434 
0.614428 0.100000 0.669898 0.709249 0.100000 0.639096 0.100000 0.310146 1.315268 0.422017 0.100000 0.224490 0.133757 0.962345 0.100000 0.312467 0.100000 0.330676 1.264239 0.584079 0.100000 0.100000 0.326183 0.100000 0.344703 0.442244 0.663787 0.100000 0.643003 1.422841 0.825787 1.196860 0.100000 1.105943 0.659450 0.156030 0.413860 0.384869 0.106217 0.319186 0.804317 1.297802 0.548957 0.509984 0.668602 0.546316 1.143633 0.292577 0.623978 0.100000 1.272417 0.723421 1.022827 0.399304 0.100000 1.199077 0.263686 1.696204 
0.496948 0.606530 0.100000 0.508333 1.231010 0.104684 0.100000 0.761818 1.660326 0.300516 0.100000 0.100000 0.100000 0.583282 0.405279 0.742359 0.797260 0.286041 0.566294 0.302728 0.476017 0.931982 0.100000 1.171433 0.100000 0.493029 0.100000 0.100000 0.350272 0.641480 0.307983 0.100000 0.100000 0.340436 0.288584 0.102972 0.548829 0.100000 0.100000 0.109879 0.867415 0.122074 1.426772 1.224912 0.316916 0.800518 0.483002 0.306022 0.100000 0.228456 1.226541 0.100000 0.388630 0.106597 0.299301 0.100000 1.376880 0.100000 
0.100000 0.100000 0.647102 0.100000 0.269532 0.153277 0.384356 0.147435 0.951585 0.608518 0.100000 0.100000 0.790422 0.504273 0.931533 0.627940 0.100000 0.551284 0.664658 0.100000 0.100000 1.411097 0.447440 0.949675 0.797543 0.157465 0.100000 0.465314 0.638850 0.100000 0.506757 0.100000 0.100000 0.551372 0.100000 0.940116 0.198173 0.100000 0.100000 0.349275 1.218177 0.482590 1.345255 1.329946 0.751042 0.100000 1.060945 0.794495 0.142465 0.425345 0.179465 0.100000 0.100000 0.436092 0.751120 0.454874 0.681783 0.497812 
0.100000 0.869398 0.125710 0.100000 0.417045 0.100000 0.326962 0.234422 0.506590 0.202636 0.657003 0.100000 0.464507 1.347753 0.203382 1.083910 0.100000 0.611467 0.665720 0.792130 1.419567 0.946015 1.412126 0.822065 0.404554 0.441846 0.279187 0.100000 0.100000 1.346317 0.243803 0.100000 0.738944 0.684662 0.100000 0.728041 1.014641 0.100000 0.100000 0.489069 0.100000 0.421476 0.277720 0.414607 0.547141 1.060457 0.100000 0.100000 0.919260 1.216538 0.911993 0.236669 0.100000 1.001112 0.207238 1.638562 0.217179 0.202476 
0.100000 0.100000 0.870335 0.100000 0.100000 0.100000 0.926194 1.123439 0.100000 0.100000 0.407401 0.100000 1.383926 0.154946 0.100000 1.213939 0.100000 0.394627 0.212700 0.854016 1.465014 0.203721 1.054371 0.631912 0.358504 0.708831 0.467162 0.100000 0.100000 0.722775 0.972625 0.232588 1.091380 0.100000 0.264865 0.847984 1.011483 0.302394 0.100000 0.778848 0.719263 0.100000 0.375962 0.874368 0.861568 0.100000 0.387333 0.100000 0.733083 0.100000 0.641487 0.100000 0.100000 0.512822 0.213496 0.703904 0.100000 0.598138 
0.158382 0.100000 0.100000 0.293876 0.299699 0.100000 0.853383 0.100000 0.858947 0.100000 0.100000 0.100000 0.748209 0.100000 0.100000 1.558197 0.794216 0.397547 0.100000 0.493162 0.214884 0.100000 0.925356 0.100000 0.295040 0.423843 0.428496 1.054792 0.176038 0.100000 1.728690 0.100000 0.100000 0.672024 0.100000 0.676451 0.212310 0.100000 0.100000 0.197258 1.014409 0.630008 0.888560 0.549771 1.133132 0.100000 0.729467 0.495300 0.621247 0.997342 1.014545 1.322969 0.100000 0.333855 0.237999 0.909909 0.235061 0.625663 
1.515195 0.100000 1.111029 0.248282 0.185128 0.192100 0.100000 0.100000 0.100000 0.100000 0.100000 0.107096 0.372415 0.655770 0.827095 0.306712 1.121785 1.036925 0.427000 1.331657 0.100000 0.311229 0.894163 0.100000 0.911439 0.100000 0.583630 0.420380 0.100000 1.033595 0.663536 0.100000 0.684962 0.861867 0.100000 0.195313 0.920414 0.479619 0.100000 0.100000 0.100000 0.439913 1.385138 0.414241 0.110374 0.388589 0.762621 0.100000 0.890163 0.607820 1.316431 0.494750 0.358936 0.748489 0.100000 0.192409 0.100000 0.363105 
0.576552 0.100000 0.442903 0.100000 1.240872 0.551642 0.100000 0.100000 0.502267 0.571862 0.100000 1.025908 0.103397 0.100000 0.680773 0.415586 0.100000 0.509144 0.718502 1.001440 0.821482 0.100000 1.302286 0.282882 0.100000 0.233773 0.100000 0.100000 0.100000 1.243082 1.003700 0.318804 0.100000 0.458916 0.100000 0.154536 0.108035 0.869015 0.470954 0.100000 0.265868 0.100000 0.893677 1.699858 0.910401 0.100000 0.558632 0.193133 0.108578 0.388053 0.459170 0.167419 1.439932 0.651259 0.100000 0.950326 0.882878 0.581270 
0.668161 0.100000 0.492041 0.100000 1.097345 0.426928 0.100000 0.999606 0.169248 0.665830 0.576595 0.267503 0.486240 1.020387 0.769244 0.100000 0.276649 0.344657 0.663307 0.100000 0.398084 0.100000 0.786490 0.100000 0.365529 0.278049 0.100000 0.365912 0.100000 0.100000 0.668189 0.273134 0.492900 0.529255 0.351052 0.848815 0.406763 0.100000 0.904842 0.987546 0.190960 0.506610 0.100000 0.684012 0.700799 1.362213 0.412299 0.946327 0.953624 0.661495 1.338505 0.314094 1.017252 0.100000 0.100000 0.769130 0.807329 0.100000 
0.100000 0.221863 0.414339 0.120385 0.100000 0.124900 0.100000 1.104927 1.110331 0.100000 0.756049 0.549780 0.451168 0.944984 1.007132 0.170541 0.259741 0.665323 0.100000 1.443133 1.021251 1.420950 1.220802 0.253797 0.100000 0.377846 0.929701 0.925156 0.100000 0.100000 0.668853 0.100000 0.100000 1.197060 0.123608 0.100000 0.673394 0.100000 1.039771 0.868010 0.100000 0.463881 0.100000 0.903263 0.721956 0.785117 0.215323 0.631942 0.421223 0.100000 0.951036 0.857898 0.274572 0.100000 1.058572 0.606175 0.100000 1.041649 
0.100000 0.100000 1.940161 0.359252 0.670217 0.100000 0.671358 0.618683 1.308683 0.784857 1.159664 0.377844 0.443451 0.100000 0.376370 0.100000 0.340393 0.653648 0.782395 1.352626 0.181527 0.100000 0.914549 0.100000 0.100000 0.100000 0.392643 0.485642 0.100000 0.772462 0.912251 0.675398 0.776874 0.487104 0.443807 0.256262 0.381560 0.100000 0.425093 0.915352 0.318827 1.172657 0.935027 1.109272 0.100000 0.325302 0.100000 0.222788 0.321789 0.932909 1.190024 0.493869 1.004580 0.487063 0.100000 0.806129 0.822783 0.459068 
0.273201 0.417312 1.084896 0.100000 0.100000 0.100000 0.100000 0.710310 0.708985 0.100000 0.535372 0.973437 0.788593 0.482500 0.420047 0.100000 0.831617 0.168820 0.100000 0.100000 0.100000 0.508638 0.383464 1.006085 0.100000 0.321656 0.255272 0.177418 0.100000 0.459039 0.100000 0.260830 0.406952 0.105664 0.100000 0.738916 0.925993 0.100000 0.526643 0.872413 1.206343 0.177409 0.606168 0.714603 1.902888 0.131893 0.100000 0.100000 0.182139 0.490023 1.689252 0.100000 0.405252 0.100000 0.100000 0.100000 1.110892 1.206185 
