55 Number of operations
16 Number of workers
Standard production times
0.436826 0.198809 0.331604 0.391055 0.455688 0.283821 0.369697 0.170513 0.277800 0.162097 0.574453 0.396892 0.633336 0.100000 0.551241 0.100000 0.330241 0.100000 0.539262 0.512992 0.495972 0.340811 0.315938 0.228077 0.318417 0.649516 0.100000 0.100000 0.538062 0.585624 0.717307 0.480261 0.146062 0.493841 0.660772 0.646257 0.445896 0.454722 0.266643 0.360484 0.497204 0.572092 0.100000 0.238532 0.100000 0.618461 0.282133 0.597837 0.392383 0.644536 0.657231 0.431644 0.169275 0.413947 0.588501 
Production times: workers row and ops columns
0.100000 0.100000 0.100000 0.551256 0.581382 0.100000 0.100000 0.100000 0.100000 0.606264 0.715916 1.031488 0.739967 0.235188 1.154333 0.100000 0.418539 0.222528 0.852880 0.335130 1.131824 0.428783 0.100000 0.100000 0.251577 0.100000 0.100000 0.105021 0.100000 0.126232 0.721568 0.986614 0.100000 0.922737 0.194121 0.781124 0.100000 0.100000 0.100000 0.100000 0.836270 0.100000 0.100000 0.226431 0.100000 0.854390 1.205632 0.467240 1.031643 0.124700 1.023287 0.718461 0.457244 0.100000 1.066045 
0.100000 0.100000 0.858703 0.385020 1.073430 0.799981 0.957579 0.349791 0.100000 0.100000 0.415399 0.898628 0.131385 0.491680 0.100000 0.686814 0.100000 0.460023 1.310506 0.353745 0.100000 0.943903 0.621505 0.100000 0.944089 0.202365 0.100000 0.666167 0.440570 0.100000 0.585741 1.082498 0.100000 0.100000 0.100000 0.100000 0.587504 0.857158 0.100000 0.227657 0.880408 0.397386 0.446094 0.100000 0.100000 0.112452 0.174308 0.588159 0.464154 0.759174 0.685158 0.231474 0.100000 1.074638 0.355297 
1.113319 1.066945 0.410830 0.350653 0.274001 0.188212 1.175274 0.100000 0.100000 0.373340 0.204898 1.066751 0.970571 0.418195 1.200660 0.434633 1.030496 0.723153 0.808680 0.191192 0.920438 0.100000 0.318220 0.100000 0.564122 1.087145 0.147233 0.100000 0.719844 1.119217 0.564727 1.040742 0.321604 0.705100 0.817610 0.359160 0.666018 0.993489 0.100000 0.100000 0.285210 0.601845 0.380836 0.100000 0.231547 0.867254 0.694099 0.529754 0.100000 0.967922 0.830359 0.314504 0.100000 1.188327 0.619055 
0.100000 0.331231 0.851777 0.448131 0.924624 0.485059 0.887683 0.567396 0.100000 0.283166 0.598753 0.988551 1.605765 0.100000 1.139193 0.891920 0.100000 0.379170 0.100000 0.100000 0.100000 0.748166 1.023711 0.100000 0.159891 0.100000 0.100000 0.348360 0.596524 0.730849 1.159819 0.831052 0.296626 0.444462 1.664882 0.234050 0.841696 0.100000 1.446153 0.871319 1.442593 0.485675 0.100000 0.100000 0.100000 1.833666 1.276504 1.486538 0.549742 1.495284 0.100000 0.387988 0.100000 0.202597 1.025992 
0.312783 0.100000 0.368315 0.393987 0.713251 0.100000 0.344598 0.682298 0.640806 0.100000 0.100000 0.100000 1.483228 0.183166 0.442281 0.731120 0.100000 0.100000 0.100000 0.159144 0.931716 0.473157 0.277113 0.245351 0.100000 1.374869 0.468154 0.154564 0.451072 1.377645 0.725570 0.177064 0.100000 0.623552 0.327475 0.410707 0.734295 0.483345 1.149412 0.572166 0.110862 1.121185 0.126843 0.100000 0.279456 0.100000 1.237262 0.891990 0.907877 1.036257 0.487746 0.100000 0.100000 0.100000 0.702770 
0.392757 0.100000 0.738467 0.559192 0.100000 0.329596 1.914130 0.415287 0.100000 0.100000 0.877123 0.307198 1.232059 0.100000 1.108247 0.100000 0.100000 0.100000 0.842864 0.334950 0.634989 1.066189 0.841085 0.100000 0.452399 0.456032 0.100000 0.302445 0.979303 0.655027 0.415694 1.256660 0.100000 0.260500 1.013409 0.814904 0.342154 1.769989 1.360949 0.641035 0.669455 0.188067 0.239900 0.100000 0.986054 0.100000 0.100000 1.150538 0.354669 0.590284 0.767400 0.418388 0.778531 0.100000 0.158298 
0.100000 1.061279 0.213579 1.001058 0.532218 0.901036 0.495003 0.347793 0.100000 0.100000 0.823538 0.749614 0.549390 0.100000 0.226906 1.035392 0.737958 0.100000 0.185364 0.747420 0.783520 0.100000 0.100000 1.175260 0.677636 0.647119 0.864232 0.100000 1.365031 0.551017 0.473560 0.100000 0.100000 0.814506 0.946324 0.100000 0.344922 0.887394 0.100000 0.100000 0.311357 0.268741 0.100000 1.308424 0.100000 0.773268 0.193932 0.977698 0.736399 0.635790 0.109498 0.382028 0.100000 0.209180 1.030936 
0.650183 0.100000 0.100000 0.589212 0.239140 0.100000 0.150847 0.100000 0.491870 0.420840 0.872076 0.100000 1.733979 0.320079 0.504012 0.452018 0.448536 0.100000 1.131396 0.403566 0.100000 0.357861 0.653479 1.039597 0.815495 0.983523 0.434829 0.649932 0.100000 1.203804 0.625638 0.531588 0.494863 0.687821 1.133992 1.409253 0.834837 0.421789 0.100000 0.315039 0.941905 0.100000 0.100000 0.492876 0.532346 1.207613 0.876957 0.656336 0.286007 0.653373 0.247503 0.227184 0.100000 0.454790 0.142645 
1.623567 0.220855 0.401172 0.647662 0.100000 0.449303 0.100000 0.100000 0.536145 0.100000 1.280938 0.100000 0.310648 0.442614 0.566898 0.100000 0.100000 0.307679 1.156167 1.356174 0.419020 0.394278 0.100000 0.614076 0.593970 0.592577 0.258435 0.100000 0.100000 0.943262 1.166976 0.239315 0.100000 1.024406 0.735104 1.830270 0.858073 0.101890 0.281055 0.177142 0.546374 0.814666 0.100000 0.100000 0.137978 0.863959 0.100000 0.100000 0.716967 0.537248 1.127857 0.154397 0.100000 0.900342 1.560731 
0.800612 0.100000 0.806846 0.933375 0.100000 0.100000 0.448863 0.100000 0.174441 1.675887 0.188315 0.316306 0.100000 0.100000 0.775943 0.100000 0.100000 0.747521 0.942300 0.355753 0.100000 0.100000 0.133603 0.452800 0.889973 1.087036 0.100000 0.100000 0.778180 0.816205 0.738825 0.524520 0.496781 0.100000 0.684968 0.639764 0.233640 0.280235 0.100000 1.603193 0.605725 0.368773 0.100000 0.198529 0.100000 0.626229 0.347172 1.023889 0.470342 0.845666 1.502463 0.346832 0.980693 0.409536 0.100000 
0.674563 0.580587 1.154324 0.170832 0.221101 0.129414 0.629283 0.484968 0.493657 0.100000 0.847587 1.168516 0.764896 0.100000 0.251544 0.599347 1.311499 0.698201 0.278363 0.192974 0.792545 0.698930 0.446275 0.100000 0.100000 0.398730 0.366816 0.263482 0.100000 0.418450 0.894696 0.340302 0.100000 0.100000 0.887699 0.225396 0.100000 1.763886 0.747225 0.364803 0.720178 0.520642 0.100000 0.545161 0.100000 1.398486 0.100000 0.100000 0.764949 0.610938 0.100000 0.294290 0.289931 0.577403 0.112556 
1.605583 0.507200 0.482379 0.716802 0.110595 0.812859 1.426426 0.100000 0.312512 0.779199 1.372048 0.587152 0.415419 0.100000 0.484861 0.100000 0.100000 0.265317 1.102642 0.100000 0.104855 0.100000 0.179296 0.100000 1.083905 0.479557 0.100000 0.534632 0.100000 1.700136 0.704011 0.527133 0.580477 0.828127 0.184028 1.405416 0.100000 0.362699 0.100000 0.477026 0.100000 0.100000 0.100000 0.989524 0.100000 1.424893 0.738728 1.197772 0.100000 0.430590 0.627936 0.983349 0.713145 0.897473 0.304076 
0.671498 0.100000 1.137667 0.100000 0.100000 0.424794 0.214191 0.351269 0.127353 0.351354 0.839957 0.765168 0.776482 0.410064 0.423900 0.100000 0.100000 0.304314 0.621791 0.993896 1.002350 0.100000 0.511009 0.368351 0.475505 0.170414 0.918387 0.100000 1.047510 0.529106 0.904910 0.100000 0.510989 0.100000 0.100000 0.100000 0.485982 0.100000 0.581672 0.317578 0.117858 0.744333 0.377439 0.595666 0.901903 1.018424 0.435749 1.112494 0.133297 0.629516 0.552512 0.681049 0.405553 0.357219 0.259082 
0.226411 0.100000 0.371410 0.100000 0.709494 0.100000 1.636067 0.981003 1.310796 0.100000 1.270587 0.136607 0.141912 0.100000 0.302192 0.100000 0.402194 0.100000 0.290776 1.053153 0.100000 0.725174 0.100000 0.512718 0.100000 0.689138 0.100000 0.100000 0.475230 0.299644 0.869193 0.796974 0.264481 0.595777 1.428577 0.667771 0.100000 0.260814 0.100000 0.100000 0.644368 0.513860 0.199364 0.904454 0.123411 0.243189 0.971224 1.346863 0.771613 0.233362 0.490855 1.557620 0.100000 0.605856 0.516557 
0.656408 0.394847 0.338642 1.442891 0.225906 0.100000 0.266931 0.141850 0.424203 0.100000 0.238729 0.420159 0.670245 0.174808 0.647866 0.234768 0.100000 0.100000 0.116436 0.263207 1.028049 0.615858 0.100000 0.434736 0.300752 0.304742 0.154026 0.100000 0.599252 0.480573 0.100000 0.842242 0.100000 0.607553 0.333592 0.480648 1.301780 0.668079 1.110220 0.518873 0.799997 1.180146 0.725906 0.490767 0.100000 1.179837 0.287946 0.376717 0.340705 1.138595 1.422362 0.100000 0.859776 0.780848 1.104744 
0.100000 0.100000 0.809833 0.100000 0.426618 0.593248 0.100000 1.188302 0.481031 0.302682 0.100000 0.100000 1.167903 0.214058 0.159298 0.130319 0.358838 0.924360 1.141555 0.272949 0.336236 0.702145 0.100000 0.100000 0.100545 0.741285 0.100000 0.100000 0.100000 0.100000 0.658463 0.431085 0.100000 0.784184 1.026276 1.049244 0.251004 1.071373 0.484238 1.647777 0.241589 0.780909 0.100000 1.294073 0.100000 0.726485 1.104595 1.182028 0.100000 0.367950 1.132845 0.480423 0.100000 0.100000 0.127723 
