48 Number of operations
18 Number of workers
Standard production times
0.290051 0.119425 0.716550 0.190971 0.451519 0.100000 0.100000 0.336942 0.571636 0.414269 0.100000 0.116889 0.577166 0.526380 0.408052 0.219375 0.435065 0.438886 0.292950 0.555470 0.434268 0.311430 0.740981 0.584869 0.139028 0.323885 0.251275 0.312576 0.314710 0.676281 0.419674 0.326109 0.145356 0.602997 0.103788 0.342580 0.388635 0.242379 0.413542 0.192219 0.347265 0.507650 0.705652 0.791335 0.495640 0.423869 0.228507 0.247610 
Production times: workers row and ops columns
0.344094 0.627057 1.196369 0.127319 0.800796 0.100000 0.100000 1.033033 1.533552 0.909814 0.290305 0.100000 0.100000 1.192835 0.100000 0.847367 0.683428 0.603524 0.292355 0.401824 0.342499 0.100000 0.663124 0.871065 0.519006 0.691726 0.758221 0.100000 0.443563 0.107556 1.208745 0.238553 0.100000 0.480960 0.200328 0.966478 0.363975 0.100000 0.100000 0.497228 0.100000 0.405266 0.100000 0.812112 0.509056 0.103306 0.100000 0.100000 
0.302323 0.100000 0.565093 0.100000 0.100000 0.100000 0.173261 0.100000 0.100000 0.100000 0.100000 0.557891 0.966585 1.275897 1.179507 0.100000 0.100000 0.100000 0.100000 0.355282 0.702397 0.961322 0.788071 0.443285 0.100000 0.100000 0.100000 0.100000 0.100000 0.605558 0.100000 0.849546 0.280275 0.807455 0.100000 0.397953 0.675835 0.585694 1.275427 0.100000 0.100000 0.530850 0.667386 1.212381 0.679340 0.168222 0.100000 0.117184 
0.876907 0.251752 0.100000 0.719883 0.539167 0.978966 0.100000 0.594426 0.223677 1.303589 0.557444 0.524762 0.932874 0.440725 0.306316 0.430459 1.113507 0.333275 0.954307 0.100000 0.386510 0.158670 0.855462 0.335100 0.126667 0.174999 0.203715 0.444892 0.100000 0.642129 0.929111 0.330171 0.100000 0.743336 0.490090 0.200826 0.352263 0.484259 0.876601 0.100000 0.480740 0.452710 0.352567 0.395668 0.304507 0.686529 0.321283 0.913568 
0.473966 0.100000 0.654746 0.100000 0.975346 0.209612 0.100000 0.740558 0.377422 0.100000 0.759729 0.100000 0.347340 0.633118 0.289989 0.100000 0.100000 0.100000 0.307046 0.343229 0.522251 0.100000 0.598197 0.100000 0.100000 0.787921 0.298289 1.066381 0.878971 0.740126 0.383961 0.100000 0.393858 1.171457 0.475200 0.835282 0.732868 0.100000 0.520266 0.100000 0.395863 0.100000 0.677405 1.250471 0.617680 0.548878 0.291352 0.100000 
0.100000 0.100000 0.260360 0.100000 1.480554 0.132473 0.100000 0.806229 0.669826 0.546322 0.100000 0.100000 0.131852 0.760110 0.562726 0.222659 0.583508 0.713991 0.100000 0.100000 0.320198 0.100000 0.993994 0.100000 0.100000 0.263459 0.717797 0.714519 1.127449 0.303608 0.631943 0.364695 0.100000 0.100000 0.455774 0.100000 0.423250 1.004906 0.167226 0.254709 0.589639 0.479736 1.099134 0.100000 0.720846 0.381033 0.764389 0.523634 
0.786744 0.100000 1.937796 0.727234 0.329560 0.373966 0.521178 0.648977 0.100000 0.100000 0.197446 0.716034 0.526554 0.100000 0.100000 0.100000 0.754394 0.550164 0.435730 0.442884 1.311426 0.178120 0.687310 0.100000 0.144714 0.100000 0.328036 0.367271 0.673150 0.254103 0.632675 0.100000 0.100000 0.130266 0.109629 0.100000 0.181302 1.179269 0.971059 0.100000 0.285438 0.257311 1.550961 0.642604 0.369340 0.656297 0.487746 0.774607 
1.102740 0.586648 1.523315 1.112283 0.648343 0.100000 0.100000 0.353720 1.449152 0.852447 0.100000 0.167190 1.059839 1.088525 0.100000 0.339082 0.897726 0.100000 0.306465 1.052947 0.229017 0.416290 1.290406 0.772407 0.395374 1.236451 0.458124 0.617122 1.264551 1.179907 0.919215 0.312894 0.664985 1.499968 0.107695 1.058070 0.167387 0.402736 0.701212 0.100000 0.269281 0.100000 0.237786 0.988509 0.834849 0.253614 0.248387 0.753005 
0.578376 0.100000 0.100000 0.178278 0.380700 0.194586 0.293669 0.519617 0.100000 0.456236 0.192404 0.597278 1.331535 0.100000 0.282950 0.100000 0.100000 0.236855 0.100000 0.448441 0.404534 0.834745 0.100000 0.239948 0.100000 0.586211 0.613985 0.383265 0.256587 0.194743 0.180581 0.100000 0.461956 1.261840 0.100000 0.650732 0.858149 0.100000 0.363058 0.465123 0.111557 0.293020 0.431050 0.868576 0.146266 0.750322 0.100000 1.270027 
0.100000 0.612447 0.549022 0.100000 1.538254 0.100000 0.100000 0.781514 1.082029 0.269128 0.100000 0.487508 0.810593 1.287550 0.545659 0.100000 0.283799 0.100000 1.296224 1.082233 1.106484 0.221403 0.506107 0.100000 0.246800 1.008306 0.100000 0.100000 0.100000 1.025012 0.100000 0.561963 0.350859 0.581418 0.189946 0.100000 0.362359 0.100000 0.100000 0.485319 0.462546 0.810648 0.256483 1.048559 0.941047 1.236565 0.350953 1.319974 
0.266732 0.100000 1.905173 0.100000 0.361427 0.100000 0.100000 1.039597 0.599320 0.782760 0.100000 0.100000 0.379658 0.458323 0.859419 0.161848 0.508265 0.528102 0.277753 0.591625 0.114661 0.205995 0.631986 0.871140 0.474720 0.715981 0.100000 0.278314 0.473295 0.957942 1.491251 0.100000 0.469705 0.163899 0.217551 0.918985 0.807994 0.353896 0.526443 0.634595 0.674806 0.830294 1.932988 1.250432 0.100000 0.100000 1.189977 0.100000 
0.462347 0.308159 0.611076 0.465722 0.937527 0.766639 0.436471 0.100000 0.541392 0.585460 0.100000 0.100000 0.881859 0.277117 0.151585 0.234092 0.215055 1.187817 0.569241 0.112020 0.100000 0.648538 0.818105 0.419934 0.812660 0.100000 0.100000 0.342907 0.668703 0.552339 0.183195 0.100000 0.100000 0.483076 0.349839 0.413489 0.366626 0.100000 0.489448 0.100000 0.100000 1.065294 0.268137 0.233514 0.397610 0.841642 0.448562 1.146166 
0.100000 0.100000 0.538405 0.100000 0.963768 0.378215 0.291710 0.100000 0.608719 0.669956 0.100000 0.399255 1.081160 1.561938 0.359524 0.100000 0.364824 0.100000 0.826043 0.685151 0.760332 1.463996 0.993379 0.932811 0.100000 0.100000 0.819015 1.119156 0.229343 0.351131 0.904203 0.370978 0.100000 0.694017 0.100000 0.579650 0.481708 0.177459 0.335116 0.100000 0.547027 0.100000 0.488416 0.381882 0.538922 1.020811 0.598520 0.100000 
0.100000 0.100000 0.100000 0.100000 0.267549 0.144626 0.100000 0.330661 0.169471 0.504009 0.613261 0.100000 1.577421 1.428661 0.100000 0.100000 0.355279 0.755241 0.100000 0.270693 1.223618 0.437332 0.823175 0.707944 0.100000 0.446501 1.026080 0.100000 0.304761 0.416740 1.772859 1.109810 0.359044 0.100000 0.100000 0.111166 0.417852 0.100000 0.518117 0.100000 0.186474 0.644915 0.621956 1.021724 1.027756 1.057462 0.385739 0.396439 
1.248710 0.424021 0.589743 0.190605 0.488489 1.024958 0.269997 0.191252 0.867876 0.834388 0.122391 0.216696 0.575652 0.500341 1.580057 0.964424 0.546308 0.750065 0.206498 0.361940 0.100000 0.188888 0.676528 0.100000 0.233267 0.100000 0.378107 0.673291 0.100000 1.018734 0.413283 1.872479 0.100000 1.464800 0.489609 1.014665 0.505284 0.524301 0.238831 0.100000 0.587923 0.513285 1.051911 1.400666 0.100000 0.100000 0.366300 0.100000 
0.100000 0.651767 0.651930 0.100000 0.149040 0.100000 0.100000 1.177057 0.467059 0.142313 0.873276 0.537349 1.096261 0.106981 0.100000 0.100000 0.100000 0.164761 0.100000 0.782097 0.100000 0.604467 1.289153 0.100000 0.100000 1.103693 0.617756 0.100000 0.100000 0.233011 1.159400 0.100000 0.169929 1.168595 0.100000 0.100000 1.199312 0.405543 0.100000 0.720611 0.148542 0.959405 0.641286 1.516109 0.289221 0.299770 0.100000 0.100000 
1.028801 0.100000 0.692018 0.100000 0.132842 0.100000 0.285533 0.103705 0.281412 0.329793 0.100000 0.769262 1.514026 0.475700 0.100000 0.358341 0.213370 1.208925 0.281243 0.299788 0.360760 0.100000 0.835475 0.100000 0.335890 0.395905 0.305782 0.100000 0.135524 0.946436 0.100000 0.551305 0.728056 0.308192 0.165461 0.131684 0.726683 0.525131 1.306633 0.100000 0.536417 0.100000 0.100000 0.534843 0.265838 0.747822 0.171177 0.100000 
0.100000 0.132196 0.100000 0.100000 0.100000 0.240908 0.115423 0.604476 0.347198 0.100000 0.100000 0.100000 0.644260 0.670611 0.369730 0.100000 0.100000 0.849044 1.309944 0.584665 0.397813 1.542475 0.731991 0.434577 0.589464 0.100000 0.981303 0.420590 1.178211 1.003145 0.474150 0.949132 0.100000 0.741733 0.164411 1.170047 0.274403 0.100000 1.157728 0.822793 0.263768 0.161486 0.714829 0.441416 0.786387 0.100000 0.100000 0.100000 
0.962798 0.774068 0.983422 0.342795 0.177067 0.100000 0.382258 0.100000 1.411885 0.100000 0.100000 0.334931 0.613918 1.255706 0.810401 0.100000 0.100000 1.391101 0.100000 0.424645 0.770790 0.433923 1.063385 0.448923 0.501381 0.345342 0.460600 0.780647 0.790299 0.870906 0.366834 0.694031 0.179701 0.279543 0.318355 0.161674 0.546366 0.323380 0.820344 0.178013 0.893650 0.395470 0.170625 0.725402 0.348532 0.100000 0.732255 0.946220 
