49 Number of operations
18 Number of workers
Standard production times
0.395487 0.532490 0.222502 0.307822 0.261232 0.472611 0.856732 0.348992 0.510849 0.592732 0.929213 0.391227 0.206876 0.575733 0.100000 0.623915 0.189126 0.198222 0.386496 0.383715 0.967043 0.350765 0.541102 0.253267 0.159032 0.456081 0.295062 0.100000 0.627160 0.519564 0.619080 0.716055 0.419631 0.380416 0.100000 0.410165 0.555420 0.278717 0.305743 0.100000 0.571778 0.269913 0.412373 0.663896 0.543813 0.237312 0.591981 0.366152 0.400966 
Production times: workers row and ops columns
0.906540 0.555659 1.277260 1.076002 0.609631 0.385977 0.262461 0.100000 0.947955 0.433312 0.955925 0.100000 0.304503 0.638738 0.100000 1.227764 0.100000 0.799923 0.595076 0.330356 1.155099 0.411150 0.238430 0.592668 0.276959 0.939542 0.377976 0.838153 0.663500 0.746612 0.100000 0.337477 0.100000 0.491962 0.100000 0.123049 0.829759 0.561326 0.776588 0.164988 0.821754 0.416743 0.479051 1.281820 0.100000 0.100000 0.720242 0.300717 0.985152 
0.335363 1.055252 0.242944 0.385573 1.003762 0.275013 1.182047 0.357924 0.100000 0.113635 0.695679 0.670088 0.100000 0.554340 0.110510 0.100000 0.609016 0.296474 1.056427 0.303368 1.286506 0.227183 0.183998 0.234399 0.100000 0.482222 0.299694 0.100000 0.163978 0.497940 1.158913 1.143132 0.829370 0.963490 0.100000 0.272861 0.438082 0.670688 0.100000 0.467565 0.740533 0.784257 0.100000 0.100000 0.497921 0.314933 1.232248 0.866848 0.187469 
1.116245 1.217129 0.100000 1.061020 0.100000 0.976029 0.100000 0.100000 0.100000 1.264694 1.259458 0.949045 0.100000 1.226249 0.100000 1.461569 0.439358 0.100000 0.100000 0.194026 0.857691 0.100000 0.281629 0.987689 0.100000 0.910826 0.241087 0.100000 0.100000 0.673032 0.467046 0.575172 0.376346 0.113391 0.100000 1.022221 1.196865 0.965506 0.668328 0.100000 0.100000 0.178758 0.844190 0.195037 0.100000 0.100000 0.218354 0.100000 1.231951 
0.107260 0.329807 0.699990 0.100000 0.100000 0.153797 0.788703 0.376148 0.100000 0.152219 1.285355 0.978481 0.100000 0.100000 0.100000 0.640500 0.430109 0.100000 0.334000 0.848860 0.352378 0.100000 0.267871 0.646273 0.100000 0.161464 0.100000 0.100000 1.039368 0.374541 1.615756 0.100000 1.232587 0.186935 0.100000 0.509236 0.450807 0.100000 0.267334 0.100000 0.850017 0.129730 0.715675 0.948666 0.523579 0.100000 0.812022 0.139366 1.301229 
0.409113 0.100000 0.639148 0.110356 0.100000 1.140015 0.879430 1.183505 0.100000 0.280304 1.218451 0.724347 0.100000 0.820204 0.100000 1.154810 0.100000 0.503817 0.100000 0.669032 1.205976 0.865933 0.912397 0.712322 0.100000 0.422315 0.100000 0.239901 1.205997 1.308155 1.078538 0.759870 0.853281 0.100000 1.115026 0.289147 0.100000 0.243571 0.144786 0.100000 1.058206 0.777538 0.766571 0.100000 0.259268 0.100000 0.675192 0.790221 1.073730 
0.148209 0.521836 0.100000 0.154534 1.126380 0.278388 1.121592 0.510904 0.100000 0.887887 1.533799 0.697931 0.452626 0.158914 0.289387 0.364403 0.100000 1.369738 0.280012 0.227160 0.108167 1.162096 0.719773 0.220543 0.204117 0.250849 0.100000 0.129819 0.626238 0.682314 1.530421 0.385177 0.100000 0.469488 0.100000 0.353901 0.426537 0.100000 0.100000 0.796342 1.156745 0.100000 0.964794 0.830280 0.582998 0.100000 0.371003 0.522254 0.891448 
0.611314 0.100000 0.100000 0.100000 0.100000 0.207557 0.559851 0.706369 0.151342 0.613020 0.704956 0.588459 0.228935 0.929337 0.929526 1.170595 1.135772 0.100000 1.002369 0.223695 0.900709 0.566007 0.592904 0.100000 0.100000 0.329883 0.100000 0.100000 0.326197 0.880897 0.548864 0.456149 0.937377 0.100000 0.100000 0.320049 0.560311 0.100000 0.653982 0.100000 0.636064 0.244538 0.100000 1.682333 0.719315 0.100000 0.409318 0.520447 1.018608 
0.100000 0.830468 0.110743 0.420190 0.551290 0.230768 1.518679 0.100000 0.957805 1.283466 0.100000 0.844307 0.100000 1.075113 0.590899 0.563819 0.100000 0.100000 0.100000 0.506489 0.464211 0.480544 0.100000 0.100000 0.504734 0.701380 0.573156 0.100000 0.544686 0.100000 0.100000 0.692880 0.868666 0.250218 0.100000 0.550783 1.309527 0.100000 0.323006 0.100000 0.163007 0.100000 0.100000 1.478280 0.100000 0.657109 0.533131 0.100000 0.100000 
0.100000 0.100000 0.100000 0.436278 0.415276 0.660130 0.835122 0.100000 0.322133 0.882102 0.552855 1.228841 0.100000 0.100000 0.100000 1.771877 0.100000 0.100000 0.973881 0.748840 0.553479 0.100000 0.399149 0.436639 0.960522 0.967293 0.100000 0.100000 1.921253 0.676149 0.192922 0.597601 0.512512 0.624425 0.504032 0.426687 0.100000 0.446792 0.100000 0.492490 0.453453 0.100000 1.006790 0.617279 1.011625 0.100000 0.799328 0.922940 0.775992 
0.215626 0.255413 0.403265 0.719261 0.110963 0.814858 0.957228 0.356522 1.164503 0.100000 0.943445 0.100000 0.100000 0.533717 0.100000 0.328988 0.100000 0.129511 1.296241 0.113228 0.573148 0.100000 1.039088 0.808062 0.666386 0.100000 0.736041 0.497736 1.033072 0.544179 0.100000 0.468688 0.486365 1.291950 0.100000 0.100000 1.429090 0.149121 0.750096 0.114541 0.100000 1.350649 0.300512 0.530766 1.136484 0.100000 0.349172 0.935114 0.341092 
0.878311 0.959162 1.288701 0.315913 0.319815 0.100000 0.626664 0.452959 0.224107 0.592856 0.647013 0.100000 0.308570 1.040728 0.369445 1.381165 0.753779 0.100000 0.408111 1.447741 0.824816 0.195413 0.423900 0.100000 0.100000 0.641198 0.100000 0.230411 0.312465 0.556060 0.133238 0.981522 0.527197 0.618250 1.056539 0.100000 0.698396 0.369289 0.100000 0.436838 0.551611 0.130726 1.118646 1.077450 0.855690 0.100000 1.056843 0.100000 0.100000 
0.738151 0.236227 0.100000 0.695657 1.006051 0.100000 0.888319 0.742097 0.100000 0.100000 0.647657 0.100000 0.100000 0.355474 0.100000 0.235404 1.204638 0.100000 0.666459 0.216486 0.100000 0.634388 0.515628 1.075036 0.263335 0.693026 0.120791 0.323471 1.106439 0.210330 0.100000 1.442440 0.558684 1.182955 0.526665 0.304609 0.246976 0.100000 0.647129 0.100000 0.865312 0.843169 0.562940 0.285461 0.100000 0.100000 0.558206 0.100000 0.320193 
0.100000 0.100000 1.190506 0.466144 0.842161 0.323765 0.539337 0.523058 0.883882 0.132242 0.476808 0.100000 0.100000 0.317955 0.100000 1.175211 0.100000 0.100000 0.100000 0.800453 0.404177 0.913087 0.100000 0.762675 0.391580 1.255197 1.051230 0.100000 0.513186 1.247355 0.530854 1.174073 0.100000 0.832268 0.562051 0.100000 0.681185 0.100000 0.467873 0.100000 0.100000 0.100000 0.238836 0.653681 0.370941 0.100000 0.100000 0.376338 0.758126 
0.135606 0.166055 0.100000 0.100000 0.245567 0.936642 1.261098 0.909497 0.100000 0.100000 1.354803 0.735980 0.100000 0.919042 0.361846 0.619224 0.351500 0.729974 0.100000 0.100000 0.781075 0.100000 0.650489 0.545600 0.100000 1.380036 0.236186 0.100000 0.341260 0.100000 0.151806 1.144332 1.049388 0.100000 0.418357 0.666223 0.218639 0.100000 0.100000 0.318834 0.868602 0.916629 0.100000 0.861076 0.439368 0.100000 0.507129 0.100000 0.820867 
0.671686 0.100000 0.100000 1.590510 0.100000 0.957205 1.486245 0.100000 0.443627 1.131728 0.873764 0.976663 0.920521 1.254825 0.100000 1.034318 0.100000 0.591253 0.448606 0.979976 1.501423 0.503311 0.768037 0.698538 0.144888 0.299060 0.100000 0.327024 0.564985 0.121280 0.100000 1.190066 0.100000 0.100000 0.253101 0.100000 1.058697 0.100000 0.483315 0.100000 0.475354 0.100000 0.153839 0.637022 0.251504 0.100000 0.100000 0.467514 0.100000 
0.678219 0.851792 0.582212 0.100000 0.141438 0.735156 0.676221 0.188720 0.187683 0.309001 1.173982 1.226625 0.712903 0.647634 0.925396 0.455581 0.100000 0.100000 0.100000 0.822069 1.223690 0.312734 0.177910 0.525932 0.258473 0.750930 0.434633 0.100000 1.291738 0.100000 0.789959 1.297207 0.954920 0.559124 0.100000 0.836683 0.100000 0.100000 0.100000 0.166137 0.553452 0.376688 0.429126 0.100000 0.100000 0.163238 0.261412 0.661935 0.496346 
0.969337 0.480768 0.516778 0.100000 0.592158 0.263744 1.152378 1.593333 0.808427 1.432756 0.866362 1.380576 0.100000 0.738670 0.100000 0.397272 0.389441 0.111108 0.385402 0.100000 0.859109 0.100000 0.100000 0.904258 0.100000 0.827871 0.100000 0.100000 0.183801 0.662520 0.885149 0.538766 0.767118 1.186606 0.100000 0.144311 1.129593 0.100000 0.294408 0.678121 1.429536 0.118970 1.181387 0.943094 1.127445 0.100000 0.100000 0.100000 0.172642 
0.297304 0.604658 0.239866 0.100000 0.100000 0.523850 0.963654 0.373415 1.135902 1.372864 1.938094 0.596009 0.364166 1.539143 0.100000 0.100000 0.100000 0.717861 0.312009 0.100000 1.133410 0.257956 1.150564 0.331606 0.100000 0.768783 0.688008 0.100000 0.940491 0.968134 0.572083 1.085541 0.309187 1.061628 0.666325 0.482474 0.686958 0.812114 0.100000 0.428137 1.006229 0.100000 0.942571 0.570594 1.059110 0.100000 1.214527 0.485343 0.986953 
