53 Number of operations
17 Number of workers
Standard production times
0.395487 0.532490 0.222502 0.307822 0.261232 0.472611 0.856732 0.348992 0.510849 0.592732 0.929213 0.391227 0.206876 0.575733 0.100000 0.623915 0.189126 0.198222 0.386496 0.383715 0.967043 0.350765 0.541102 0.253267 0.159032 0.456081 0.295062 0.100000 0.627160 0.519564 0.619080 0.716055 0.419631 0.380416 0.100000 0.410165 0.555420 0.278717 0.305743 0.100000 0.571778 0.269913 0.412373 0.663896 0.543813 0.237312 0.591981 0.366152 0.400966 0.541476 0.611755 0.607141 0.514341 
Production times: workers row and ops columns
0.959094 0.340482 0.100000 1.015928 0.546302 0.100000 0.824970 0.100000 0.100000 0.100000 1.151366 0.415174 0.100000 0.225659 0.100000 0.940011 1.097475 0.100000 0.100000 0.628466 1.107938 0.544187 0.926732 0.574570 0.100000 0.572010 0.379506 0.483738 0.100000 0.106539 0.540476 1.121408 1.554187 0.800912 0.312489 0.971210 0.726747 0.100000 1.792318 0.100000 0.100000 0.677852 0.398789 0.652965 0.100000 0.691855 0.131122 0.100000 0.279966 0.100000 1.206135 0.692389 0.847300 
0.100000 0.886156 0.100000 0.869485 0.548787 0.215324 0.984383 0.309031 0.379547 0.297601 0.988389 1.207424 0.100000 0.723127 0.100000 1.613318 0.100000 0.612029 0.100000 0.349422 1.266311 0.175645 0.100000 0.454769 0.100000 0.161424 0.311634 0.100000 0.100000 1.003538 0.981677 0.723758 1.187817 0.323715 0.254040 1.242650 0.493273 0.149952 0.844407 0.100000 1.154347 0.416831 0.100000 0.218380 0.221034 0.582246 0.501543 0.770546 0.469162 0.547197 1.563061 0.100000 0.530758 
0.907478 0.618659 0.674840 0.542471 0.131126 0.584156 0.284986 0.100000 0.667069 0.789060 1.366285 0.100000 0.441729 0.790827 0.432695 0.199600 0.111305 0.100000 0.580096 0.241743 1.454830 0.853849 0.184340 0.822095 0.461311 0.100000 0.629830 0.100000 0.100000 1.307115 0.448072 1.225489 0.680221 0.100000 0.100000 0.312419 0.939306 0.100000 0.100000 0.260339 0.502390 0.884525 0.463984 0.132473 0.106124 0.100000 1.552453 0.100000 0.524643 0.304923 0.923488 0.779749 0.100000 
0.371879 0.100000 0.342146 1.528151 0.422576 0.224105 1.326550 0.617516 0.961933 0.890610 1.114694 0.100000 0.309594 0.100000 0.729921 0.677362 0.840980 0.100000 0.100000 0.100000 0.214336 0.203291 0.521843 0.100000 0.100000 1.155402 0.100000 0.100000 0.354123 0.538235 1.662893 0.100000 0.100000 0.431538 0.219523 0.113981 0.577546 0.100000 0.708624 0.100000 0.306837 0.100000 0.120188 0.276603 0.540868 0.100000 0.100000 0.100000 0.100000 0.197907 0.160814 0.783024 0.158495 
0.100000 1.057515 0.100000 0.768229 0.509867 1.664737 1.109803 0.245981 0.622417 0.706616 1.293058 0.384679 0.100000 0.297715 1.114509 0.652697 0.100000 0.100000 0.210069 1.089319 1.687203 0.802863 0.321914 0.820175 0.714332 0.100000 0.100000 0.605680 0.287018 0.100000 0.867955 0.283217 0.207216 0.100000 0.100000 0.883224 1.269793 1.230561 0.100000 0.100000 0.908672 0.100000 0.100000 0.335960 1.278171 1.407067 0.100000 0.343833 1.146706 0.571304 0.682985 1.284947 0.748058 
0.100000 0.100000 0.100000 0.100000 0.805835 0.365234 1.245785 0.521080 1.079463 0.575751 1.367964 0.435753 0.473019 0.610738 0.355775 0.203358 0.555899 0.282828 0.646924 0.658145 0.992809 1.044291 1.788696 0.283449 0.100000 0.100000 0.970561 0.430731 1.552300 0.634263 0.100000 0.100000 0.265114 0.139318 0.189350 0.100000 0.100000 0.100000 0.497259 0.100000 0.100000 0.232823 0.758564 0.864952 1.008587 0.641291 0.100000 0.100000 0.891184 0.611964 1.027447 0.668495 0.864100 
0.729897 1.175117 0.382911 0.100000 0.785477 1.335213 2.010119 0.869662 0.998458 0.968800 1.849001 0.155575 0.100000 0.508215 0.100000 1.340410 0.100000 0.387551 0.100000 0.100000 0.937555 0.515500 0.241019 0.500230 0.100000 1.238092 0.100465 0.321002 0.500794 1.092392 0.405178 0.320109 0.192043 1.267474 0.100000 0.100000 1.071209 0.952987 0.103397 0.100000 0.573936 0.102240 0.100000 0.620195 0.100000 0.124294 0.100000 0.100000 0.341680 0.803663 0.610949 0.522724 0.970347 
0.685052 0.943066 0.737111 0.100000 0.100000 0.100000 0.794571 0.100000 0.428587 0.540495 0.291832 0.681767 0.289552 0.113249 0.100000 0.435276 0.549686 0.100000 0.154291 0.100000 0.810638 0.100000 0.100000 0.100000 1.204908 0.100000 0.822716 0.487208 0.241625 1.017442 1.291221 0.560177 0.511428 0.100000 1.244086 0.100000 0.314291 1.158197 0.691463 0.754594 0.100000 0.100000 0.100000 0.843598 0.100000 0.100000 0.100000 0.100000 0.329351 0.691687 0.873154 0.946275 0.364664 
0.100000 0.486240 0.396664 0.100000 0.100000 0.667881 1.641491 1.602230 0.438156 0.102682 1.171461 0.100000 0.936888 0.429709 0.100000 0.438746 0.100000 0.158853 0.648358 1.464216 0.855703 0.981226 0.100000 0.100000 0.100000 1.011913 0.100000 0.100000 1.412253 0.826115 0.459446 0.100000 0.108000 1.330404 0.100000 0.523414 0.438143 0.367338 0.100000 0.100000 0.499223 0.100000 0.100000 1.023048 1.888494 0.100000 0.100000 0.100000 0.599777 0.422054 1.563851 0.651970 0.100000 
0.539094 1.189931 0.179064 0.100000 0.100000 1.187869 1.314118 0.100000 0.303488 0.100000 0.525303 1.060732 0.275482 0.312327 0.508802 0.904494 0.100000 0.100000 0.223000 0.100000 1.089007 0.298619 0.100000 0.717017 0.150418 0.585644 0.682404 0.456695 0.208341 0.551609 0.601613 0.489858 1.663830 1.095111 0.373812 0.414645 1.104039 0.100000 0.811330 0.100000 0.701927 0.100000 0.100000 0.100000 0.330563 0.180203 0.994229 1.069512 0.327628 0.528426 0.738812 0.958470 0.490431 
0.100000 0.100000 0.220348 0.621446 0.100000 0.484588 0.192713 0.303313 0.479107 0.938553 1.460333 0.100000 0.100000 1.294813 0.998198 0.806156 0.381383 0.585378 0.100000 1.150322 0.248566 0.631672 0.367662 0.100000 0.100000 0.111398 0.100000 0.853968 0.100000 0.541257 0.745422 0.476553 0.324419 0.100000 0.948740 0.872123 0.100000 0.100000 0.451245 0.496119 0.975354 0.100000 0.100000 1.213032 0.459768 0.115524 0.750237 0.100000 0.195373 1.333828 0.100000 0.459188 0.100000 
0.100000 1.019999 1.108948 0.556847 0.499487 0.911122 0.705816 0.100000 0.924029 0.826115 1.746508 0.870293 0.100000 0.109647 0.100000 0.758930 0.100000 1.243239 0.100000 0.373287 0.912897 0.397615 0.115462 0.100000 0.100000 0.100000 0.100000 0.100000 0.852863 0.100000 1.667835 1.255227 0.222569 0.100000 0.345414 0.130443 0.357483 0.100000 0.100000 0.100000 0.100000 0.100000 0.311624 0.699087 0.168972 0.954471 1.205380 0.100000 0.550523 0.500507 0.244233 1.321743 0.100000 
0.100000 0.100000 0.233130 0.205040 0.100000 1.533998 0.802661 0.736420 0.185693 0.789359 0.100000 0.530725 0.401217 0.636846 0.100000 1.146640 0.348369 0.499684 0.100000 0.403253 0.100000 0.101425 0.827027 0.100000 0.100000 0.557947 0.384375 0.796780 0.148335 0.294885 0.100000 0.715104 0.414377 0.810349 0.100000 0.706644 1.289739 0.100000 0.100000 0.100000 1.405760 0.100000 1.527922 1.093400 0.608474 0.100000 0.485607 0.780685 0.111265 0.348739 0.100000 0.877454 0.100000 
0.100000 0.764192 0.285838 0.760268 0.100000 0.100000 1.317376 0.340850 0.100000 0.620199 0.480390 0.100000 0.345998 0.231978 0.100000 0.394886 0.100000 0.814865 0.100000 1.097656 0.316496 0.100000 1.132377 0.681928 0.377964 0.715241 0.917942 0.100000 0.736422 1.080685 1.539439 0.486582 0.100000 0.100000 0.100000 0.100000 0.375376 0.100000 0.129459 0.100000 0.649524 0.335900 0.152119 1.426865 0.100000 1.381624 0.793740 0.761952 0.100000 1.830194 0.537602 0.576867 0.495396 
0.914479 0.100000 0.698773 0.100000 0.532464 0.176980 0.529192 0.548115 1.007247 0.987398 1.214264 0.100000 0.100000 0.496383 0.100000 2.288089 0.268076 0.699146 0.303086 0.990860 0.947322 0.156814 1.259944 0.100000 0.184492 0.302571 0.200282 0.100000 1.050554 1.227703 0.239199 0.388774 0.432424 0.975737 0.100000 0.161471 1.117388 0.100000 1.479404 0.100000 0.100000 0.444895 0.100000 0.171137 0.100000 0.393194 1.113739 0.100000 0.929806 0.922182 0.343748 0.326769 0.269713 
0.561956 1.480676 0.246497 0.893490 0.100000 0.155160 0.100000 0.163777 0.198990 0.473285 0.614811 0.438777 0.512766 0.588583 0.100000 0.711498 0.328258 0.404676 0.258447 0.729387 0.781378 0.285070 0.591742 0.100000 0.100000 0.100000 0.100000 0.728163 0.600388 0.910100 0.731422 0.605369 0.524950 0.905357 0.100000 0.626296 0.100000 0.591445 0.100000 0.100000 0.100000 0.129813 0.683898 0.308582 0.100000 0.100000 0.608952 0.335181 0.812087 0.100000 0.851117 0.581706 0.100000 
0.100000 0.582209 0.100000 0.595926 0.100000 0.873107 0.872659 0.100000 0.459015 0.162904 1.139465 0.407775 0.100000 0.322974 0.119367 0.878072 0.137393 0.359626 0.344130 0.100000 1.563707 0.309404 0.855937 0.100000 0.100000 0.239852 0.100000 0.466961 0.677819 0.916845 1.297492 0.248226 0.520158 0.418472 0.100000 0.622193 0.246668 0.214339 0.662341 0.100000 0.195828 0.616626 0.230292 0.100000 0.311147 0.748368 1.289159 0.827497 1.274981 0.100000 1.009009 0.690363 0.948957 
