57 Number of operations
19 Number of workers
Standard production times
0.395487 0.532490 0.222502 0.307822 0.261232 0.472611 0.856732 0.348992 0.510849 0.592732 0.929213 0.391227 0.206876 0.575733 0.100000 0.623915 0.189126 0.198222 0.386496 0.383715 0.967043 0.350765 0.541102 0.253267 0.159032 0.456081 0.295062 0.100000 0.627160 0.519564 0.619080 0.716055 0.419631 0.380416 0.100000 0.410165 0.555420 0.278717 0.305743 0.100000 0.571778 0.269913 0.412373 0.663896 0.543813 0.237312 0.591981 0.366152 0.400966 0.541476 0.611755 0.607141 0.514341 0.395286 0.100000 0.249166 0.430479 
Production times: workers row and ops columns
0.204729 0.565734 0.100000 1.100065 0.100000 0.426885 1.204292 0.100000 0.416114 0.554123 1.341565 1.015334 0.100000 0.100000 0.783618 1.232858 0.100000 0.373666 0.577429 0.666853 1.069147 1.054113 0.100000 0.773679 0.349268 0.347513 0.881828 0.100000 1.207920 0.712603 0.100000 0.932601 0.267588 1.673063 1.017666 0.630510 0.195793 0.100000 0.143219 0.100000 0.120655 0.100000 0.274284 0.405454 0.194518 0.100000 1.867200 0.100000 0.100000 0.757673 0.449965 0.819054 0.913931 1.026593 0.475982 0.100000 0.985051 
0.100000 0.475279 0.100000 0.100000 0.557065 0.380983 1.366659 0.100000 0.934005 0.841702 0.992466 0.100000 0.100000 0.100000 0.100000 2.263788 0.674557 1.094518 0.171989 0.731814 1.315751 0.651523 0.542932 0.139144 0.100000 0.761153 0.506811 0.658943 0.490039 1.390470 0.395330 0.100000 0.888713 0.146243 0.100000 0.472577 0.933671 0.399437 0.554456 2.154346 0.982340 1.035793 0.100000 0.846423 0.930854 0.100000 0.153991 0.564412 0.243657 0.244598 1.186505 1.274925 0.665656 0.168172 0.357185 0.663895 0.745790 
0.100000 0.363481 0.402069 0.618932 0.741623 0.851796 0.289572 0.100000 0.100000 1.494971 1.019418 0.667809 0.723391 0.411232 0.100000 0.410654 0.115053 0.948940 0.821295 0.100000 1.299154 0.718207 0.100000 0.199009 0.100000 0.621325 0.137216 0.100000 0.278074 0.639540 0.342606 0.865819 0.695963 0.100000 0.100000 1.482504 0.615973 0.100000 0.335975 0.100000 1.138151 0.455065 0.955277 1.114986 0.738961 0.725066 0.687767 0.100000 0.100000 0.317388 0.100000 1.520139 0.100000 0.356966 0.100000 0.100000 0.389356 
0.243154 0.452627 0.496975 0.100000 0.450629 0.729237 0.689310 0.207233 0.780061 0.621358 1.008758 0.100000 0.236136 0.764006 0.100000 0.791869 1.141314 0.240904 0.719163 0.100000 0.540872 0.110772 0.100000 0.249467 0.100000 0.368583 0.100000 0.100000 0.289329 0.100000 0.292615 0.410008 0.244000 0.903155 0.784508 0.772842 0.375683 1.027193 0.100000 0.100000 0.705765 0.268809 0.342727 0.680179 0.100000 0.100000 1.208998 0.880244 0.100000 1.508054 0.100000 0.321451 0.660557 0.100000 0.100000 0.162630 0.232806 
0.830907 0.828893 0.100000 0.100000 0.351265 0.439146 0.462857 0.561369 0.920791 0.277173 1.323743 0.100000 0.100000 0.825703 0.100000 0.125435 0.100000 0.100000 0.550029 0.100000 0.781283 1.931248 0.596078 0.100000 0.458942 0.730773 0.986953 0.174175 0.300389 1.223981 0.975111 0.100000 0.793431 0.263967 0.655323 0.223496 0.948493 0.375801 0.598846 0.100000 0.364574 0.303569 0.728273 0.872693 1.351401 0.450115 0.909663 1.417266 0.434029 0.809255 0.310185 0.628120 1.335298 0.551135 0.825585 0.100000 0.100000 
0.549250 0.100000 1.557671 0.932047 0.100000 0.389027 0.568426 0.557003 0.481925 1.058676 1.663380 0.280567 0.100000 0.857067 0.100000 1.196343 0.113068 0.613116 0.554529 0.289193 0.742379 0.707527 1.805970 0.672075 0.100000 0.809877 0.352089 0.100000 0.782083 1.293710 0.461166 0.153103 0.663880 1.295889 0.570088 0.919524 1.706610 1.089263 0.662085 0.100000 0.640587 0.218236 0.836549 0.222334 1.316506 0.310232 0.391928 0.773755 0.100000 0.124257 0.282896 1.017424 0.269763 1.107769 0.100000 0.509721 0.100000 
0.973252 0.405224 0.481964 0.100000 0.100000 0.357152 1.405737 0.100000 0.100000 0.438739 1.319591 0.100000 0.100000 0.667884 0.100000 0.767519 0.783890 0.208822 0.353791 0.766773 0.936226 0.100000 0.100000 0.100000 1.115332 0.433449 0.583517 0.458903 0.157660 0.833952 0.336833 0.100000 0.312106 0.100000 0.100000 0.581771 1.696690 0.100000 0.223762 0.285811 0.665039 0.190698 0.100000 0.185584 0.452124 0.100000 0.263096 0.100000 0.963207 0.100000 1.562764 0.316950 0.100000 0.100000 0.489740 0.762465 0.100000 
0.561257 0.457694 0.101282 0.383420 0.643767 0.100000 0.100000 0.452337 0.475411 0.935112 0.100000 0.100000 0.978644 0.100000 0.281717 0.226479 0.100000 0.100000 0.979520 0.100000 0.367973 0.100000 1.129329 0.402873 0.498665 0.447251 0.413083 0.347018 1.400299 0.642993 0.100000 1.289605 0.467410 0.100000 0.100000 0.100000 1.598762 0.106405 0.100000 0.251617 0.156841 0.914297 0.479836 0.100000 0.293417 0.100000 0.213053 0.100000 0.100000 0.639607 0.173807 0.160337 0.890292 1.343752 0.100000 1.155209 0.100000 
0.676839 0.241454 0.185501 0.100000 0.100000 0.315205 0.683261 0.554714 1.674044 0.275706 0.852008 0.100000 0.100000 1.271314 0.100000 0.251117 0.199757 0.653680 0.544134 1.316819 0.875794 0.100000 0.610580 0.312993 0.100000 0.289761 0.100000 0.967258 0.320784 0.100000 0.758797 0.100000 0.633140 0.583910 0.100000 0.130255 0.255160 1.086153 0.503220 0.100000 0.100000 0.231139 0.405703 0.279735 0.689430 0.138646 1.130395 0.584857 0.354367 0.609291 0.170401 1.049514 0.705943 0.186789 0.158898 0.100000 1.674071 
0.169807 0.791908 0.404726 0.100000 0.264061 0.312144 0.981489 0.477147 0.894661 0.984242 0.725682 0.128781 0.100000 0.144467 0.100000 0.925751 0.149320 0.100000 0.100000 0.100000 0.100000 0.299284 0.875717 0.550422 0.119978 0.100000 0.290572 0.101180 0.980036 0.902498 0.485962 0.698712 0.767728 0.609010 0.100000 0.100000 0.222830 0.698073 0.380657 0.576589 0.399157 0.310048 0.809136 1.007808 0.739654 0.781741 1.259636 1.061325 0.100000 0.298316 0.447471 0.424834 0.100000 1.045846 0.100000 0.298916 0.100000 
0.141950 0.403465 0.100000 0.675527 1.451474 0.100000 0.424127 1.224901 0.791869 0.434685 0.289435 0.757552 0.313455 1.351989 0.100000 0.537134 0.100000 0.100000 0.915313 0.804900 0.646834 0.304603 0.425696 0.697829 0.100000 0.100000 0.122408 0.100000 1.085770 1.157478 1.264464 0.898109 0.160664 0.671059 0.100000 0.100000 0.700047 0.478865 0.737510 0.100000 0.100000 0.519505 0.100000 1.158973 0.100000 0.100000 0.100000 1.384477 0.165563 0.493491 0.341682 0.479886 0.921179 0.439351 0.100000 0.835507 0.100000 
0.952252 1.320935 0.100000 0.434294 0.100000 0.100000 0.423169 0.601675 0.880175 0.399420 0.486925 0.162573 0.100000 0.251130 0.100000 0.495353 0.120637 1.279453 0.715271 0.303584 0.993556 0.504943 0.179958 0.100000 0.100000 0.332009 0.341848 0.100000 0.154284 0.375712 0.634110 0.989686 0.286472 0.587468 0.100000 0.804926 0.515046 0.100000 0.167410 0.141411 0.100000 0.620919 0.234305 0.879891 0.100000 0.381185 0.944206 0.134719 0.293740 0.244992 0.767557 0.612159 0.753743 0.355133 0.100000 0.100000 0.195559 
0.615590 1.653821 0.646913 0.100000 0.100000 0.719858 0.855755 0.100000 0.948693 0.587345 0.714046 0.100000 0.681437 0.601186 0.100000 0.134450 0.100000 0.809147 0.640109 1.378633 1.491238 0.517146 0.983282 0.327711 0.100000 0.147659 0.455730 0.100000 0.362090 0.100000 1.457852 0.100000 0.100000 0.100000 0.580552 0.968423 0.272861 0.561278 0.100000 0.100000 1.873628 0.737871 0.386940 0.100000 0.389812 0.100000 0.100000 0.665884 0.689103 0.638440 1.108508 0.100000 1.210406 0.100000 0.287145 0.474883 0.967660 
1.393542 0.705214 0.100000 0.100000 0.390233 0.100000 0.177505 0.247572 0.846422 0.437741 0.402547 0.462048 0.100000 0.100000 0.829486 0.745352 1.179236 0.100000 0.904955 0.295287 2.306865 0.243053 0.318875 0.465178 0.253512 0.226513 0.750936 0.445090 1.070006 0.719774 0.264253 0.365916 0.716128 0.100000 0.949022 0.426412 0.158331 0.797499 0.295647 0.698590 0.677672 1.154061 0.220631 0.100000 0.100000 0.100000 0.886928 1.270724 0.303447 0.100000 0.953216 0.833992 0.323759 0.599260 0.103205 0.100000 0.773288 
0.143103 0.100000 0.104340 1.091824 1.242417 1.172680 0.609231 0.100000 0.682820 0.511731 0.998730 0.100000 0.100000 0.100000 0.486352 1.155075 0.100000 0.489529 0.707266 0.100000 0.971981 0.757482 0.100000 0.876408 0.100000 0.485765 0.172888 0.100000 0.796679 0.516151 0.414012 0.606084 0.628286 0.306707 0.100000 0.450380 0.932501 0.296679 0.100000 0.515439 0.423574 0.562593 0.339391 0.191747 0.100000 0.100000 0.474910 0.100000 0.592470 1.091280 0.490674 0.100000 0.100000 0.507945 0.305988 0.277959 0.778659 
0.100000 0.406217 0.360378 0.194806 0.504832 0.720405 0.720821 0.100000 0.148660 1.140504 0.327129 0.421093 0.100000 1.729290 0.100000 0.940770 0.100000 1.794172 0.100000 0.561933 0.340511 0.760368 0.100000 0.100000 0.100000 0.257228 0.295377 0.970612 0.100000 0.792020 0.640046 0.411598 0.313534 0.575765 0.100000 0.388139 0.165112 0.100000 0.547735 0.100000 0.312291 0.306627 0.575358 0.856895 0.442819 0.100000 0.972723 0.866887 0.998221 0.711205 1.033451 0.458554 0.100000 0.307620 0.100000 0.744996 0.826974 
0.134160 0.317983 0.196070 0.339318 0.963497 0.221855 1.492854 0.100000 0.164236 1.416670 1.115827 0.432193 0.491239 0.458491 0.117555 0.722308 0.288001 0.366640 0.100000 0.552683 0.602029 0.630776 0.447029 0.366248 0.286803 0.100000 0.100000 0.100000 0.839560 0.976317 0.581960 0.366644 0.528729 0.359451 0.464530 0.999463 1.513260 0.100000 0.100000 0.100000 0.948607 0.594731 0.430340 1.034703 0.259465 0.100000 0.730842 0.100000 1.170334 0.137493 0.100000 0.755489 0.100000 0.171644 0.100000 0.875950 1.935195 
0.471311 0.100000 0.343021 0.629299 0.100000 0.635776 1.632899 0.584642 0.113774 0.308426 0.107442 0.167775 0.100000 1.257645 0.100000 0.100000 0.276268 0.483738 0.105996 0.471285 1.290218 0.709206 0.715242 0.513746 0.100000 0.845264 0.356404 0.100000 0.423432 0.366530 0.339514 0.626187 0.217757 0.100000 1.160391 0.590918 1.646286 0.132362 1.098211 0.100000 1.341485 0.719857 0.782499 0.567294 0.644812 0.892965 0.100000 0.100000 0.100000 0.100000 0.911910 1.016067 0.409655 0.951994 0.100000 0.100000 0.488387 
0.591849 0.463720 0.100000 0.587178 1.106172 0.283117 0.866984 0.100000 0.506488 0.134953 1.012738 1.161871 0.465794 0.213075 0.499405 0.100000 0.789246 0.346467 0.100000 0.219593 0.511608 1.341847 0.821684 0.100000 0.100000 0.530195 0.100000 0.211845 0.810456 0.100000 0.919004 1.544490 0.572799 0.684393 0.100000 0.151209 0.701227 0.100000 0.100000 0.506077 0.243629 0.371772 0.462672 0.860977 0.835340 0.493075 0.440557 0.766137 0.215781 0.712237 0.296273 0.641945 0.100000 1.080946 0.255858 0.100000 0.100000 
