50 Number of operations
17 Number of workers
Standard production times
0.356759 0.369596 0.774934 0.342700 0.570886 0.729865 0.213922 0.421615 0.781635 0.100000 0.522308 0.620643 0.401011 0.223309 0.100000 0.414953 0.396886 0.664148 0.409419 0.460994 0.769865 0.381896 0.100000 0.434012 0.187338 0.671195 0.413013 0.677587 0.100000 0.100000 0.436684 0.609102 0.169089 0.235115 0.281714 0.997501 0.469435 0.100000 0.286981 0.208484 0.522616 0.100000 0.100000 0.257417 0.641885 0.676275 0.404931 0.906159 0.120375 0.436803 
Production times: workers row and ops columns
0.781270 0.850414 1.143383 0.579750 0.157746 0.896442 0.100000 0.247951 0.211893 0.697831 0.696890 0.214199 0.494590 0.100000 0.862424 0.218172 1.273998 0.619439 0.100000 0.968999 0.590318 0.214667 0.100000 0.100000 0.173497 1.075275 0.892386 0.100000 0.100000 0.100000 0.859579 0.419446 0.444935 0.100000 0.156593 0.252467 0.566073 0.100000 0.510272 0.100000 0.344026 0.100000 0.100000 1.540532 0.111289 0.369928 0.190480 1.685427 0.276359 1.408062 
0.100000 0.166626 0.832975 0.824785 1.220088 0.566885 0.100000 0.587142 0.790436 0.495371 0.100000 1.400426 0.100000 0.767625 0.100000 0.100000 0.566575 0.224699 1.083404 0.809237 1.729600 0.646633 0.100000 1.252059 0.100000 0.521498 0.576812 0.186284 0.188931 1.031728 0.467065 0.100000 0.100000 0.100000 0.368378 0.846964 0.934337 0.100000 0.100000 0.490205 0.405054 0.377630 0.538777 0.100000 0.780813 0.935620 1.191692 0.855225 0.221087 1.290432 
0.172910 0.100000 0.271265 0.433950 0.532752 0.875416 0.100000 1.254678 1.263491 0.100000 0.434841 1.149358 0.100000 0.438442 0.100000 0.289601 0.705297 0.100000 0.570441 0.408836 1.120554 0.197649 1.090771 0.100000 0.100000 1.182143 0.305011 0.227585 0.116964 0.100000 0.366256 0.120546 0.100000 0.290710 0.100000 0.442890 0.511931 0.100000 0.545984 0.284680 0.529882 0.711629 0.156272 0.389918 1.016259 0.100000 0.963813 0.689534 0.100000 0.100000 
0.746486 0.100000 1.297922 0.100000 0.100000 0.994385 0.100000 0.792623 0.303804 0.100000 1.470432 0.905905 0.100000 0.469992 0.100000 0.279673 0.100000 0.864090 0.100000 0.100000 1.751164 0.180960 0.139342 1.049191 0.354636 0.100000 0.809922 0.100000 0.100000 0.145540 0.100000 0.866742 0.237879 0.100000 0.141353 1.160603 0.100000 0.100000 0.129283 0.100000 0.512508 0.100000 0.561573 0.815871 0.773944 0.493422 0.100000 0.885001 0.100000 0.709276 
1.111975 0.261584 1.120736 1.072535 0.517528 0.573190 0.100000 0.771524 0.510690 0.434660 0.100000 1.521882 0.197395 0.699421 0.100000 0.297516 0.527410 0.455261 0.394543 1.049246 1.120845 0.136227 0.187558 0.100000 0.203727 0.654743 0.305111 1.116597 0.100000 0.379874 0.552345 0.880768 0.100000 0.100000 0.668293 1.312665 0.402437 0.700369 0.239646 0.501796 0.594112 0.100000 0.256926 0.115208 1.211744 0.510019 0.469480 0.404765 1.093302 1.013471 
0.100000 0.377519 0.701185 1.078653 0.497005 1.447430 1.026823 0.704384 0.398283 0.535769 0.785760 0.434547 1.221413 1.019463 0.156638 0.372870 0.133778 0.507429 1.024130 0.825147 1.416701 0.875304 0.922049 0.100000 0.100000 1.145876 0.375067 0.464276 0.988907 0.100000 0.708909 0.646488 0.100000 0.294325 0.945167 0.983125 0.100000 0.100000 0.100000 0.100000 0.100000 0.100000 0.100000 0.100000 1.405803 0.161884 0.121365 0.502357 0.643914 0.589991 
0.417405 0.259151 1.246106 0.100000 0.467844 0.907385 0.290659 1.773374 0.560620 0.100000 0.537925 1.275823 0.365012 0.100000 0.833801 0.965636 0.820825 0.344439 0.234165 0.627976 0.414007 0.100000 0.100000 0.100000 0.294960 0.635913 0.938577 0.100000 0.108214 0.430585 0.100000 0.224022 0.100000 0.323867 0.287899 1.254136 0.508022 0.625016 0.975565 0.135062 0.100000 0.146481 0.100000 0.843723 0.623005 1.367896 0.643178 1.252519 0.100000 0.698371 
0.173423 0.374543 0.269962 0.556636 0.242712 0.919995 0.100000 0.100000 0.100000 0.436658 0.100000 0.487109 0.272668 0.100000 0.100000 0.255352 0.533656 1.278052 0.339838 0.614041 1.325151 0.114757 0.100000 0.839578 0.100000 0.708732 0.263942 0.834414 0.100000 0.100000 0.896162 0.916637 1.106785 0.240684 0.270588 0.100000 1.000857 0.517848 1.374667 0.213502 0.435271 0.100000 0.100000 0.725614 0.585629 0.547569 0.346340 0.886725 0.214145 0.417732 
0.471090 1.839493 0.455843 0.252922 0.100000 1.224683 0.100000 0.610745 1.149130 0.100000 0.305611 0.100000 0.100000 0.100000 0.100000 1.091415 1.225362 1.213303 0.100000 1.221025 0.292316 0.964449 0.100000 0.292990 1.043366 0.100000 0.100000 0.100000 0.781217 0.100000 0.221319 0.100000 0.752253 1.199802 0.100000 1.413864 0.776892 0.273999 0.425271 0.346722 0.820969 0.100000 0.378840 0.100000 0.100000 0.459037 0.979754 0.995024 0.578811 0.100000 
0.105679 0.100000 1.858249 0.731728 0.100000 0.281937 0.531452 1.187049 0.434599 0.100000 0.385463 0.498015 0.639092 1.053982 0.100000 0.135708 0.571241 1.159549 0.857445 0.304357 0.100000 1.031870 0.381223 1.105778 0.100000 0.393589 0.100000 0.167387 0.100000 0.652146 0.507133 0.553305 0.338987 0.744052 0.100000 1.044505 0.600500 0.459895 0.583305 0.668654 0.171296 0.190275 0.100000 0.222563 0.960854 0.400753 1.008493 1.034103 0.100000 0.100000 
0.193788 0.100000 0.171693 0.420894 0.578277 1.210252 0.100000 1.192596 0.852235 0.226836 1.102118 1.370302 0.523604 0.100000 0.100000 0.739222 0.512388 0.321360 0.100000 0.307367 1.570779 0.100000 0.100000 0.552235 0.100000 0.278408 0.590610 0.307809 0.100000 0.100000 0.793611 0.860512 0.431301 0.100000 0.202761 0.574706 0.239492 1.283119 0.870525 0.100000 1.180861 0.100000 0.319035 0.192311 0.976630 1.500931 1.489414 0.809894 0.100000 0.854551 
0.391836 0.815326 1.670616 0.301748 0.121402 0.609858 0.926885 0.686831 0.513803 0.584589 0.124724 0.817265 0.285494 0.100000 0.100000 1.251311 0.488383 0.975631 0.973435 0.469348 1.438736 0.165911 0.365059 0.699917 0.391168 1.203261 0.163723 0.100000 0.354307 0.637374 0.100000 0.975182 0.100000 0.100000 0.486572 0.752620 0.100000 0.100000 0.431131 0.300218 0.149649 0.100000 0.100000 0.100000 0.361805 0.384925 0.592252 1.108997 0.100000 0.371465 
0.176406 0.408935 0.580784 0.915987 0.446181 1.265891 0.186008 0.100000 0.960347 0.100000 1.200798 1.274695 0.580154 0.149515 0.769654 0.551059 1.338444 0.616790 1.003409 0.116814 1.021919 0.100000 0.890298 0.115943 0.100000 0.507136 0.872653 1.245694 0.100000 0.100000 0.685521 1.675788 0.100000 0.608817 0.476131 1.344999 0.272519 0.583883 0.713713 0.100000 0.486608 0.373156 0.100000 0.575642 0.862784 0.565425 0.300658 2.173841 0.500937 0.641548 
0.100000 0.591464 0.400545 0.100000 0.100000 2.109690 0.843704 0.100000 1.159823 0.100000 0.829699 1.212267 0.100000 1.086231 0.100000 0.351645 0.100000 0.805910 0.435044 1.321399 0.308204 0.100000 0.425281 0.100000 0.100000 0.754454 1.020531 0.415483 0.100000 0.100000 0.420581 1.431021 0.191328 0.303627 0.100000 0.935378 0.158400 0.426196 0.100000 0.100000 0.153034 0.100000 0.100000 0.100000 0.100000 0.590504 0.924315 0.768348 0.409070 0.878108 
0.100000 1.169951 0.823390 0.100000 0.997958 0.100000 0.100000 1.489871 1.657519 0.100000 1.441473 0.100000 0.100000 0.109729 0.100000 1.147330 0.100000 0.741567 0.639272 0.520110 0.835989 0.100000 0.100000 0.920255 0.100000 0.320768 0.862703 0.382634 0.100000 0.100000 0.750195 0.698121 0.100000 0.187495 0.412827 0.813692 1.127191 0.586039 0.530804 0.529583 0.100000 0.254923 0.100000 0.815684 1.444630 0.896000 0.100000 0.652034 0.100000 0.100000 
0.100000 0.480018 0.813325 0.643955 0.578369 0.490108 0.100000 0.756837 0.860332 0.100000 0.629246 0.393864 0.248582 0.100000 0.100000 0.100000 0.364414 1.269327 0.545949 1.829562 0.714834 0.100000 0.259252 1.373414 0.580169 0.389180 0.490961 0.100000 0.132747 0.100000 0.554060 0.840433 0.100000 0.100000 0.100000 1.357411 0.100000 0.545837 0.303161 0.617301 1.477433 0.100000 0.100000 0.100000 1.274968 0.541055 0.784842 1.127158 0.730206 0.835995 
1.395876 0.100000 0.775686 0.212096 0.356609 1.786186 0.100000 0.100000 0.640944 0.100000 0.100000 0.287510 1.146322 0.100000 0.100000 0.552097 0.690945 0.562373 0.664491 0.916772 0.379525 0.756710 0.100000 0.100000 0.100000 0.868785 0.100000 0.277676 0.100000 0.703234 0.100000 0.100000 0.226392 0.592068 0.385075 0.968240 0.100000 0.100000 0.100000 0.558040 0.504551 0.100000 0.195869 0.100000 0.617715 0.610385 0.551748 0.623693 0.130615 0.663466 
