57 Number of operations
16 Number of workers
Standard production times
0.290051 0.119425 0.716550 0.190971 0.451519 0.100000 0.100000 0.336942 0.571636 0.414269 0.100000 0.116889 0.577166 0.526380 0.408052 0.219375 0.435065 0.438886 0.292950 0.555470 0.434268 0.311430 0.740981 0.584869 0.139028 0.323885 0.251275 0.312576 0.314710 0.676281 0.419674 0.326109 0.145356 0.602997 0.103788 0.342580 0.388635 0.242379 0.413542 0.192219 0.347265 0.507650 0.705652 0.791335 0.495640 0.423869 0.228507 0.247610 0.527861 0.409505 1.022967 0.293508 0.469117 0.314897 0.100000 0.751079 0.347161 
Production times: workers row and ops columns
0.912888 0.100000 1.357087 0.100000 0.100000 0.100000 0.356297 0.253011 1.244804 0.106523 0.100000 0.624858 0.299588 0.744510 0.334707 0.231122 0.305913 1.358464 0.195955 1.342536 0.812718 0.100000 0.364266 0.629842 0.979884 0.228548 0.171732 0.100000 0.338726 0.100000 0.100000 0.363382 0.100000 0.486545 0.100000 0.354355 0.100000 0.100000 0.280969 0.105758 0.100000 1.311629 1.278303 0.549543 1.005342 0.100000 0.100000 1.209541 0.306386 1.182267 0.100000 0.100000 0.265091 0.366048 0.100000 0.931697 0.100000 
0.100000 0.100000 0.626923 0.100000 0.327669 0.100000 0.386855 0.100000 0.245875 0.773906 0.717200 0.100000 1.359490 0.100000 0.448116 0.233957 0.100000 0.100000 0.236689 0.189207 0.771174 0.100000 0.229229 0.648653 0.497998 0.518353 0.786995 0.901687 0.100000 1.534169 0.502041 0.577645 0.100000 1.418929 0.100000 0.100000 1.104429 0.100000 0.153619 0.171087 0.137749 0.259436 1.287115 0.583866 0.544349 0.103858 0.118094 0.523484 0.503669 0.236191 0.100000 0.297300 0.100000 0.359783 0.603590 0.306356 0.100000 
0.161676 0.316216 0.100000 0.100000 0.100000 0.205189 0.100000 0.486231 0.860130 0.214988 0.437828 0.100000 0.100000 0.623100 0.126620 0.274707 1.146882 0.100000 0.456512 0.765533 0.280940 0.221397 0.528536 0.334589 0.100000 0.100000 0.784824 0.852540 0.402711 0.739866 0.100000 0.100000 0.100000 0.649573 0.100000 0.456509 1.266832 0.100000 0.232504 0.198806 0.534424 0.100000 0.566599 0.950259 0.316260 0.402899 0.857477 0.561785 0.100000 0.803494 0.494407 0.564586 0.928821 0.340264 0.700677 0.708070 0.273093 
0.359614 0.100000 1.881622 0.100000 0.100000 0.100000 0.100000 0.338431 0.437763 0.212378 0.178636 0.286357 0.100000 0.877913 0.245322 0.100000 0.763853 0.746982 0.100000 0.573897 0.100000 0.100000 1.300160 0.216392 0.100000 0.100000 0.503625 0.100000 0.837526 0.414008 1.145373 0.673969 0.978072 0.100000 0.100000 0.895219 0.730088 1.444025 0.545541 0.157117 0.100000 0.464059 0.850919 0.100000 1.148198 0.331694 0.909269 0.291387 1.027509 0.807082 1.096559 0.858811 0.100000 0.269208 0.799505 1.367811 0.324715 
0.100000 0.322257 0.100000 0.138146 0.775896 0.100000 0.100000 0.855220 0.100000 0.953364 0.100000 0.100000 1.320798 0.534129 0.333277 0.326975 0.100000 0.874851 0.100000 0.648562 0.100000 0.203219 1.712270 0.613478 0.100000 0.100000 0.100000 0.100000 0.520385 0.794640 0.832187 0.100000 0.473649 1.349557 0.509901 1.213331 0.100000 0.745324 0.969204 0.100000 0.372489 0.650140 0.398327 0.918302 0.952692 1.214021 0.100000 0.100000 0.700823 0.531952 1.938092 0.338474 0.565234 0.100000 0.349451 1.180993 0.900871 
0.374458 0.100000 1.164548 0.107495 1.578464 0.306898 0.587104 0.100000 0.888998 1.193760 0.104684 0.100000 1.002042 1.615071 0.294300 0.100000 0.100000 0.100000 0.349852 0.552697 0.957251 0.673625 0.588135 0.858213 0.100000 0.365634 0.871827 0.100000 0.901274 0.229497 0.588818 0.100000 0.100000 0.638560 0.100000 0.230889 0.100000 0.100000 0.150981 0.377014 0.107657 0.667844 0.100000 0.193190 0.413300 0.944020 0.100000 0.968730 0.961437 0.230781 1.399615 0.548002 0.527528 0.100000 0.100000 0.954654 0.100000 
0.209564 0.100000 0.915851 0.100000 1.481237 0.100000 0.100000 0.170792 0.502188 0.100000 0.100000 0.170166 0.861522 0.336873 0.788001 0.413625 0.100000 0.100000 0.506206 0.533363 0.957749 0.719994 0.212923 0.697267 0.510735 0.100000 0.100000 1.412243 0.100000 1.041088 1.078190 0.159688 0.100000 0.755736 0.427928 0.100000 0.475718 0.100000 0.213538 0.140594 0.260255 1.105186 0.515190 0.589170 0.100000 0.580926 1.099420 0.222550 1.167464 0.948116 1.278369 0.100000 1.301555 0.861781 0.100000 0.766919 0.100000 
0.100000 0.100000 0.837745 0.842091 0.155314 0.434622 0.100000 0.100000 1.321608 0.100000 0.100000 0.100000 0.273612 0.753342 0.305533 0.154330 0.223432 0.995889 0.100000 0.442811 1.255640 0.106760 1.605515 0.100000 0.311609 0.696655 0.487934 1.297875 0.949296 1.347426 0.656870 0.591635 0.263317 0.630910 0.100000 0.100000 1.058670 0.100000 0.100000 0.785807 0.428929 0.216248 1.091113 1.417341 0.100000 0.100000 0.525357 0.100000 0.441687 0.100000 0.646238 0.345009 1.105705 0.100000 0.100000 1.142478 1.154194 
0.179077 0.100000 0.241603 0.877186 0.558757 0.987483 0.100000 0.100000 0.298456 0.132968 0.253785 0.100000 0.195482 0.494654 1.234246 1.005873 0.100000 0.100000 0.600351 0.413749 1.241028 0.100000 0.100000 1.579433 0.100000 0.279626 0.171024 0.611121 1.345456 0.568573 0.733064 0.373151 0.364832 0.987943 0.319675 0.100000 0.100000 0.288872 0.966493 0.100000 1.293289 0.100000 0.866729 1.296739 1.118488 0.483884 0.100000 0.834240 0.899860 0.100000 0.693277 0.376541 0.835045 0.100000 0.258826 0.100000 0.552383 
0.100000 0.100000 0.493341 0.100000 0.649443 0.213496 0.100000 0.100000 0.600515 0.282600 0.100000 0.100000 0.680071 0.374561 0.100000 0.972759 0.100000 0.726197 0.100000 0.448883 0.168118 0.482473 0.100000 0.100000 1.477849 0.683036 0.209936 0.100000 0.252402 0.456897 0.100000 0.510484 0.100000 0.759009 0.203746 0.519801 1.130852 0.103707 0.100000 1.501235 0.100000 0.100000 0.774678 0.153466 0.829511 0.247544 0.100000 0.100000 0.532901 1.076650 1.145325 0.476415 0.227552 0.952389 0.100000 1.252040 0.594851 
0.383437 0.707263 0.708128 1.220432 0.100000 0.118958 0.237999 0.495771 0.459536 0.470673 1.325144 0.100000 0.971644 0.583692 0.141661 0.311476 0.393898 0.100000 0.100000 0.140119 0.100000 0.301636 0.536230 0.714259 0.558070 0.411221 0.937995 0.910615 0.448760 1.452469 0.100000 0.325907 0.298539 0.100000 0.876199 0.100000 0.720991 0.350183 0.100000 0.549532 0.591126 0.100000 1.245258 1.050205 0.149147 0.276602 0.760286 0.484851 0.100000 0.104052 0.258734 0.225770 1.148603 0.100000 0.100000 0.715799 0.881276 
0.100000 0.481727 0.914865 0.484435 0.652761 0.100000 0.533592 0.100000 0.100000 0.150073 0.100000 0.403391 0.234174 0.252733 0.100000 1.008729 0.886707 0.100000 0.100000 0.486101 0.591861 0.100000 1.649999 0.111100 0.100000 0.596606 0.447486 0.100000 0.384968 1.101834 0.865643 0.713323 0.100000 1.164302 0.100000 0.100000 0.298523 0.100000 0.100000 0.100000 0.914065 1.091677 0.698347 0.692531 0.351558 0.100000 0.100000 0.100000 1.154497 0.466918 0.910681 0.212111 0.100000 0.502922 1.008522 1.165840 0.100000 
0.620176 0.100000 0.297268 0.169519 0.100000 0.100000 1.070815 0.673304 0.499352 0.613515 0.635717 0.128901 0.955276 0.100000 0.183543 0.100000 1.080891 0.765814 0.195245 1.218134 0.100000 0.562991 1.217575 0.735483 0.100000 0.817891 0.612466 0.100000 0.156294 0.582053 0.790031 0.100000 0.109172 0.240174 0.149297 0.100000 0.615137 0.196543 0.100000 0.245556 0.100000 0.100000 0.954167 0.738361 0.843184 0.350126 0.475770 0.753846 0.545989 0.100000 1.514267 1.088835 0.312813 0.313857 0.100000 0.643756 0.552321 
1.228395 0.303217 1.415267 0.616734 0.703509 0.415538 0.120586 0.885076 0.161446 0.100000 0.118051 0.577057 0.100000 0.228651 0.510490 0.100000 0.364479 0.100000 0.317850 0.289543 1.202253 0.850125 0.100000 1.240918 0.571918 0.197887 0.669878 0.911656 0.265876 0.500958 0.646111 0.100000 1.033019 1.189981 1.213308 0.822402 0.100000 0.100000 0.467503 0.870646 0.959845 0.100000 0.100000 1.040514 0.100000 0.100000 0.822569 0.267430 0.187828 0.694264 0.807402 0.919737 1.144908 0.100000 0.100000 0.100000 0.459089 
0.516367 0.480673 0.703367 0.575302 0.344880 0.100000 0.100000 0.901331 0.377091 0.100000 1.058572 0.100000 0.100000 0.998771 0.100000 0.100000 1.658675 0.607168 0.511648 0.197757 1.005626 0.593171 1.478028 0.955457 1.198692 0.584840 0.117560 0.100000 0.283028 0.474609 0.325003 0.540870 0.634801 1.400153 0.100000 0.119106 0.562203 0.100000 0.309030 0.100000 0.488633 0.680717 0.100000 0.887516 0.988217 0.773159 0.860025 0.131717 0.867880 0.323187 1.015892 0.100000 0.480668 1.038030 0.100000 1.416086 0.576537 
0.607987 0.100000 0.617984 0.100000 0.426697 0.100000 0.623403 0.503999 0.771997 0.949732 0.272166 0.100000 0.632216 1.002002 0.297862 0.202525 0.732951 0.807232 0.100000 0.100000 0.356772 0.100000 1.114349 0.722218 0.100000 0.759257 1.107823 0.524003 0.270830 0.688276 0.100000 0.722661 0.100000 0.169823 0.100000 0.100000 0.585843 0.100000 0.834758 0.100000 0.345036 0.511648 0.570495 0.152748 0.278397 0.100000 0.163228 0.509207 0.100000 0.100000 1.419303 0.830865 0.195071 0.427998 0.780194 1.610158 0.100000 
