45 Number of operations
19 Number of workers
Standard production times
0.290051 0.119425 0.716550 0.190971 0.451519 0.100000 0.100000 0.336942 0.571636 0.414269 0.100000 0.116889 0.577166 0.526380 0.408052 0.219375 0.435065 0.438886 0.292950 0.555470 0.434268 0.311430 0.740981 0.584869 0.139028 0.323885 0.251275 0.312576 0.314710 0.676281 0.419674 0.326109 0.145356 0.602997 0.103788 0.342580 0.388635 0.242379 0.413542 0.192219 0.347265 0.507650 0.705652 0.791335 0.495640 
Production times: workers row and ops columns
0.350130 0.428027 0.866636 0.100000 0.100000 0.100000 0.100000 0.630253 0.991127 0.879820 0.242794 0.559460 0.199967 1.152814 0.664517 0.100000 0.679324 0.401100 0.858765 1.315379 1.527055 0.100000 0.100000 0.332636 0.219046 0.761969 0.409092 0.100000 0.161608 1.090269 0.534721 0.707114 0.100000 0.502618 0.197069 0.547606 0.487785 0.301883 0.100000 0.381001 0.408175 1.072392 1.305111 0.883914 0.307998 
0.100000 0.331173 0.755220 0.100000 0.473317 0.100000 0.449016 0.113377 1.183890 0.616014 0.396789 0.100000 0.661857 0.896659 0.100000 0.100000 0.451372 0.100000 0.450530 0.978551 0.100000 0.486703 0.100000 0.565521 0.100000 0.884594 0.455725 0.300267 0.100000 1.313159 1.403225 0.100000 0.763438 1.416823 0.272794 0.100000 0.820308 0.151919 0.111582 0.100000 0.622533 0.904054 0.393887 1.051624 0.100000 
0.690981 0.142709 0.623266 0.140098 0.885962 0.475206 0.364733 0.405792 0.610546 0.723459 0.216247 0.458165 0.422108 0.100000 0.927464 1.312865 0.655747 0.388809 0.224728 0.495943 0.442972 0.100000 0.482434 0.100000 0.263427 0.175564 0.498880 0.225224 0.807878 0.783048 1.515024 0.100000 0.100000 1.053741 1.367951 0.218263 0.410470 0.129222 1.079271 0.100000 0.687299 0.347749 0.100000 0.948109 0.747232 
0.936664 0.100000 0.407869 0.472351 0.571887 0.240333 0.100000 0.917111 0.756382 1.366598 0.655528 0.446414 0.100000 0.827540 0.618193 0.624851 0.957286 0.238447 0.704953 0.274318 1.411707 0.100000 0.100000 0.100000 0.100000 0.100000 1.229314 0.149326 0.100000 1.233473 0.126412 0.100000 0.583275 0.914678 0.100000 1.046350 0.453186 1.050854 0.664912 0.971622 0.401966 0.100000 1.930336 0.518448 0.396221 
0.100000 0.100000 0.837885 0.291886 0.782029 0.996079 0.100000 0.100000 0.100000 0.100000 0.100000 0.529404 0.328059 0.370888 0.407106 0.100000 0.100000 0.776242 0.602220 0.333884 1.339535 0.100000 0.568487 0.469449 0.100000 1.292649 0.434441 0.100000 1.340297 0.969112 0.634437 0.100000 0.198467 0.100000 0.501301 0.155361 0.455659 0.843406 0.555916 0.323453 0.485514 0.141014 1.123654 1.563015 0.875043 
0.732505 0.100000 0.282657 0.100000 1.067645 0.100000 0.799922 0.100000 0.352881 0.461981 0.560725 0.147265 0.682728 0.534644 0.496646 0.100000 0.475528 0.345597 0.264538 0.801639 0.100000 0.269176 0.592300 0.793520 0.531413 0.100000 0.544230 1.345467 0.100000 0.261196 0.100000 0.186560 0.956781 0.609674 0.100000 0.653482 0.100000 0.804085 0.566175 0.886609 0.100000 2.023079 1.117944 1.118625 0.470046 
0.100000 0.100000 0.648562 0.100000 0.592857 0.100000 0.410541 0.815002 0.218716 1.010612 0.100000 0.694533 0.796249 1.087545 0.100000 0.165978 1.160779 0.129868 0.100000 0.100000 0.100000 0.100000 0.535161 1.224133 0.100000 0.485649 0.196279 0.316850 0.230611 0.589191 0.650256 0.100000 0.650420 1.063006 0.100000 0.745277 0.100000 0.100000 0.491674 0.100000 0.122896 0.171426 0.426905 1.260920 0.100000 
0.466298 0.100000 1.080457 0.448508 0.100000 0.392323 0.262137 0.347873 0.337299 0.840909 0.100000 1.034248 0.859357 1.595294 0.100000 0.100000 0.792459 0.865238 0.310630 0.100000 0.210320 0.620423 0.648893 0.526877 0.100000 0.100000 0.100000 0.100000 1.198690 0.438595 0.658479 0.100000 0.542620 0.100000 0.564096 0.324896 1.443938 0.100000 0.451732 0.375835 0.963714 0.296222 0.748884 0.100000 0.100000 
0.515859 0.671513 0.575682 1.219148 1.331643 0.100000 0.100000 0.100000 0.182706 0.972189 0.255136 0.100000 0.462783 1.333061 0.220650 0.100000 1.462377 0.465591 0.100000 0.730554 0.442850 0.100000 1.345209 1.142720 0.559459 0.272441 0.824725 0.287724 0.548032 1.193125 0.824096 1.220986 0.370998 0.100000 0.100000 1.017633 0.222994 0.435649 0.100000 0.692660 0.154848 1.236704 0.439535 1.350402 0.832838 
0.100000 0.668924 0.265733 0.100000 0.812374 0.100000 0.100000 0.164991 0.100000 0.936766 0.404257 0.100000 0.522970 0.751458 1.290720 0.654860 0.180836 0.827596 0.233565 0.455971 1.367503 0.101961 0.501388 0.100000 0.100000 0.549446 0.100000 0.570283 0.100000 0.292627 0.756959 1.056555 0.441592 1.201913 0.956085 0.862625 0.100000 0.189707 0.728640 0.100000 0.573238 0.100000 0.291338 1.055775 0.100000 
0.100000 0.110566 0.100000 0.219531 0.100000 0.100000 0.100000 0.431588 0.289741 0.459112 0.100000 0.394926 1.424070 0.624815 0.492987 0.100000 0.781748 0.100000 0.100000 0.834190 0.524787 0.865017 1.462419 0.315028 0.203216 1.204093 0.734544 0.669100 0.967813 0.373980 0.737966 1.030735 0.955812 0.199905 0.100000 0.533938 0.244136 0.100000 0.755543 0.100000 0.100000 0.688574 0.493406 0.425570 0.100000 
0.796962 0.100000 0.100000 0.100000 1.065996 0.754853 0.100000 0.248125 0.100000 0.919872 0.100000 0.100000 1.093658 0.415173 1.143132 0.100000 0.619660 0.865527 0.223094 1.248627 0.708332 0.100000 2.720282 0.909191 0.192699 0.100000 0.292159 0.100000 0.636887 0.862117 1.346179 0.397234 0.402109 0.789226 0.100000 0.250880 0.939135 0.632393 0.100000 0.100000 0.313559 1.088370 0.691887 1.664553 0.108105 
0.360871 0.100000 0.418717 0.100000 0.706988 0.955331 0.117472 1.063900 0.902476 0.907445 0.100000 0.809385 0.100000 0.773960 0.100000 0.100000 0.100000 0.180712 0.468509 0.521085 0.100000 1.046800 0.909591 1.088902 0.531641 0.100000 0.100000 0.100000 0.927288 0.149508 0.827696 0.100000 0.341911 0.100000 0.687326 0.322746 0.831548 0.337310 0.812574 0.141253 0.718943 0.100000 0.165297 1.154072 0.476051 
0.175674 0.100000 0.967413 0.100000 0.706673 0.100000 0.100000 0.829417 1.107262 0.100000 0.519317 0.100000 0.943678 0.100000 0.100000 0.100000 0.351822 1.150693 0.744950 1.343204 1.037572 0.169998 0.607817 1.119355 0.159213 0.245388 0.100000 0.259346 0.100000 0.448223 0.100000 0.672396 0.100000 0.438472 0.777341 0.100000 0.546965 0.100000 0.458407 0.397352 0.777200 0.100000 0.865481 0.950413 0.486024 
0.365059 0.351193 0.915491 0.100000 0.100000 1.352990 1.059896 0.100000 0.796745 0.727987 0.475669 0.187087 0.113730 0.435170 0.162490 0.286562 0.300879 0.373048 0.802226 1.170749 0.100000 0.100000 0.345581 1.196730 0.109344 1.048380 0.100000 0.325576 0.100000 1.327549 0.238368 0.100000 0.100000 0.100000 0.100000 0.398824 0.532674 0.991433 0.263054 0.595947 0.503384 0.410989 0.100000 1.265086 0.243653 
0.299029 0.100000 0.858048 0.244986 0.466227 0.100000 0.624609 0.820052 0.934594 2.074808 0.100000 0.100000 0.100000 0.744373 0.100000 0.100000 0.100000 0.475012 0.797844 0.100000 0.128047 0.241754 0.376712 0.850451 0.141028 0.484518 0.100000 1.080844 0.314522 1.323056 0.200175 0.621128 0.100000 0.127543 0.100000 0.319647 0.279268 1.011982 0.100000 0.100000 1.197359 0.812042 0.100000 1.039970 0.614306 
0.100000 0.100000 0.707823 0.556672 0.928767 0.147873 0.616725 0.263805 0.142887 0.100000 0.371323 0.100000 0.916070 0.100000 0.228440 0.472066 1.044035 0.100000 0.100000 0.580001 0.136225 0.742241 0.100000 0.765770 0.351988 0.348425 0.802393 0.100000 0.869018 0.324821 0.782449 0.164006 0.552528 0.993232 0.100000 0.265334 0.342419 0.123441 0.100000 1.117938 0.451813 1.285158 0.421078 0.260437 0.561764 
0.100000 1.314498 0.839262 0.767270 0.339401 0.100000 0.100000 0.514800 0.996429 0.353192 0.100000 0.100000 0.538826 0.812862 0.637026 0.210467 0.134995 0.512269 0.578853 0.537061 0.490452 0.236178 1.198730 0.365769 0.231796 0.521099 0.614036 1.060518 0.652437 0.975888 0.100000 0.629310 1.292215 0.187992 0.100000 0.235253 0.899259 0.504754 0.174980 0.174224 0.865784 0.843960 1.920091 1.294179 0.672424 
0.597414 0.100000 0.227664 0.276949 0.696799 0.100000 0.100000 0.152314 0.704457 0.284036 0.322548 0.165946 1.107330 0.100000 1.236614 0.928212 0.460223 0.764048 0.596224 0.186825 0.516600 0.700517 0.895889 1.110530 0.186526 0.364260 0.100000 0.130307 0.100000 1.529023 0.539927 0.100000 0.344655 0.506996 0.100000 0.582506 0.100000 0.531611 0.100000 0.100000 0.594435 0.100000 0.482302 0.893524 0.801756 
