45 Number of operations
17 Number of workers
Standard production times
0.436826 0.198809 0.331604 0.391055 0.455688 0.283821 0.369697 0.170513 0.277800 0.162097 0.574453 0.396892 0.633336 0.100000 0.551241 0.100000 0.330241 0.100000 0.539262 0.512992 0.495972 0.340811 0.315938 0.228077 0.318417 0.649516 0.100000 0.100000 0.538062 0.585624 0.717307 0.480261 0.146062 0.493841 0.660772 0.646257 0.445896 0.454722 0.266643 0.360484 0.497204 0.572092 0.100000 0.238532 0.100000 
Production times: workers row and ops columns
0.809532 0.100000 0.983540 0.829126 1.684864 0.100000 0.151939 0.100000 0.100000 0.275779 0.634446 0.546236 1.543987 0.280300 0.689374 0.100000 0.580874 0.475632 1.152919 0.477547 0.897083 0.953143 0.430584 0.583146 0.727460 0.100000 0.100000 0.100000 0.980745 0.936229 0.281214 0.526606 0.540005 0.483598 0.622332 1.387981 0.100000 0.337494 0.410277 0.762554 0.366954 0.100000 0.522645 0.883754 0.100000 
0.354057 0.384707 0.393600 0.100000 0.400184 0.308818 0.651615 0.100000 0.449529 0.598637 0.100000 0.247870 1.003357 0.606146 0.112183 0.342221 0.100000 0.346639 0.909972 1.185896 0.100000 0.131134 0.100000 0.726367 0.212188 0.100000 0.100000 0.431702 0.275595 0.100000 0.641776 0.492488 0.157025 0.449749 0.597459 0.788698 0.581572 0.100000 0.100000 1.031820 0.100000 1.334175 0.196269 0.100000 0.713917 
0.490877 0.319716 0.414453 0.100000 1.102591 0.289230 0.349982 0.100000 0.100000 0.115530 0.611152 0.100000 0.583357 0.100000 1.462607 0.730039 1.031346 0.100000 0.294777 0.139710 0.270950 0.534573 0.100000 0.100000 0.292935 0.648470 0.100000 0.100000 0.781411 0.128108 0.897036 1.159053 0.100000 1.277437 0.621439 0.351670 1.089464 0.100000 0.100000 0.117029 0.203465 0.964429 0.434047 0.169818 0.100000 
0.213184 0.489967 1.208640 0.155128 0.513177 0.695397 0.100000 0.100000 0.115235 1.025057 0.507986 0.112023 1.734849 0.100000 0.682020 0.296207 0.739333 1.064282 0.235282 1.260453 0.390177 0.351509 0.100000 0.100000 0.100000 0.513548 0.455592 0.153708 0.427309 1.367135 0.433093 0.523594 0.100000 0.100000 0.333722 0.791349 0.790353 0.569922 0.350723 0.491439 0.419281 0.581601 0.666624 0.100000 0.186111 
0.108692 0.462015 0.100000 0.439418 0.543511 0.100000 1.392924 0.119022 0.389027 0.100000 1.501457 0.870571 1.746374 0.937764 0.480921 0.640063 1.286966 0.275227 0.469153 0.100000 0.539040 0.100000 0.942514 0.363867 0.812261 0.632751 0.829706 0.100000 1.591963 1.034652 0.813162 0.429966 0.100000 0.699895 0.735530 0.651901 0.395559 0.339603 0.499126 1.141548 0.682243 1.415535 0.100000 0.491033 0.100000 
0.486844 0.100000 1.039793 0.293581 0.335350 0.451830 1.233726 0.100000 1.343605 0.100000 0.734656 0.326497 1.023552 0.100000 0.800395 0.100000 0.100000 0.100000 0.507506 0.100000 0.739107 1.152990 1.017544 0.100000 0.831656 1.150445 0.100000 0.100000 0.366352 0.414516 1.035636 0.597307 0.117150 1.351359 0.409238 1.047124 0.360963 0.375396 1.168393 0.246671 0.150191 0.100000 0.100000 0.100000 0.186769 
2.094960 0.100000 0.914510 0.802899 0.188886 1.092391 0.899659 0.108015 0.948186 0.100000 0.100000 0.630714 1.385792 0.599371 0.100000 0.278592 0.100000 0.100000 0.159710 0.289904 0.639512 0.392847 0.100000 0.875800 0.100000 0.654418 0.375755 0.100000 1.066955 0.743076 0.664543 0.654254 0.100000 1.554643 0.100000 0.709908 0.475355 0.568467 0.483189 0.100000 0.347345 0.590004 0.100000 1.047885 0.801274 
0.100000 0.302737 0.188450 0.100000 0.454608 0.100000 0.956909 0.100000 0.401973 0.474845 0.866772 0.331766 0.216575 0.100000 1.295089 0.100000 0.815271 0.100000 0.818164 0.647895 0.632027 0.100000 0.660159 0.762209 0.100000 0.664854 0.100000 0.100000 0.100000 1.050178 0.469905 0.213512 0.100000 1.073115 0.535476 0.631691 0.910213 0.975678 0.155391 1.635282 1.243602 0.253885 0.213020 0.633976 0.130003 
0.100000 0.509248 0.580943 0.531968 0.172979 0.357813 0.702178 0.318649 0.327968 0.100000 0.139807 0.671558 1.134269 0.100000 1.076992 0.487772 0.886950 0.402094 0.628663 0.100000 0.492331 0.131759 0.266851 0.836360 0.100000 0.175967 0.483894 0.100000 0.280825 0.100000 1.196778 0.991360 0.100000 1.506302 1.249304 0.411773 0.435668 0.363096 0.679246 0.100000 0.259271 1.590677 0.167193 0.100000 0.645858 
1.157820 0.489946 0.147002 0.706789 0.222779 0.100000 0.322473 0.391401 0.929316 0.276843 0.716998 0.100000 0.495925 0.100000 0.673159 0.100000 0.100000 0.934301 0.119890 0.613364 0.100000 0.206085 0.100000 0.561539 0.100000 0.669835 0.100000 0.122580 1.500417 0.190004 0.270680 0.608241 0.241386 0.100000 1.312064 0.633925 0.796409 0.749438 0.100000 0.733534 0.219028 0.131582 0.604926 1.131909 0.100000 
0.599067 1.224417 0.100000 0.100000 0.248983 1.219842 0.853279 0.742725 0.100000 0.100000 0.100000 1.082724 0.118620 0.189168 0.431744 0.100000 0.100000 0.270945 0.806092 0.721411 1.077128 0.742723 0.137115 0.111084 0.100000 0.466407 0.838352 0.100000 0.899067 0.363547 0.105373 0.395166 0.100000 1.487304 0.760401 0.100000 0.651163 0.355583 0.100000 0.100000 0.100000 0.587470 0.666522 0.499248 0.100000 
0.450358 0.100000 0.896933 0.491292 1.024867 0.368141 0.224979 0.100000 1.353540 0.100000 1.592424 0.100000 0.147834 0.100000 0.991829 0.100000 0.838314 0.100000 0.122118 0.776777 0.100000 0.101299 0.219926 0.100000 0.872127 0.100000 0.100000 0.171356 0.329644 0.940289 0.654323 0.483483 0.100000 0.100000 0.113040 0.678407 0.641314 1.077629 0.100000 0.103475 0.100000 0.908755 1.003947 0.612162 0.603599 
0.100000 0.516772 0.522233 1.094245 0.338904 0.160370 0.482364 0.198971 0.100000 0.510989 0.125154 0.724046 0.100000 0.998001 0.560006 0.100000 0.770172 0.108021 0.100000 1.056784 0.100000 0.712478 0.864769 1.062080 0.100000 0.834753 0.262347 1.006704 0.100000 0.712737 0.768917 0.872921 0.542090 0.100000 1.674076 1.101720 1.319907 0.482645 0.710430 0.556570 1.106058 1.295690 0.100000 0.422405 0.126135 
1.021385 0.739148 0.978824 0.440253 0.348350 0.806770 0.100327 0.100000 0.100000 0.756614 0.100000 0.100000 0.296578 0.159878 0.666467 0.130333 0.392458 0.100000 1.080163 0.324625 0.407000 0.369538 0.100000 0.695991 0.440964 0.100000 0.610782 0.150015 1.140230 1.269336 1.034687 0.980106 0.100000 0.911666 0.100000 1.044400 0.118782 0.619932 0.211859 0.633019 0.100000 1.958744 0.662547 0.620231 0.100000 
0.477660 1.000197 0.750659 0.394035 0.100000 0.349587 0.499871 0.100000 1.591240 0.764067 0.384795 0.370238 0.394988 0.710140 0.100000 0.100000 0.258514 0.100000 0.532059 0.703653 0.383736 0.640478 0.963199 0.218890 0.100000 1.177157 1.191142 0.100000 0.100000 0.375410 1.085582 0.100000 0.100000 0.225778 0.655513 0.774329 0.299567 0.100000 0.367566 0.845647 0.565761 0.628191 0.100000 0.263461 0.100000 
0.822306 0.309835 0.620500 0.433754 0.462178 1.179480 0.979862 0.100000 0.100000 0.258105 1.021886 0.100000 0.100000 0.100000 0.328337 0.100000 0.812518 0.538768 0.306411 1.117995 0.338955 0.608009 0.790134 0.304792 0.100000 0.100000 0.100000 1.144213 0.657865 0.100000 0.100000 0.204530 0.100000 0.629072 0.695740 0.785929 0.100000 1.189566 0.562467 0.100000 0.100000 0.973308 0.100000 0.408800 0.289898 
0.100000 0.100000 0.836467 0.100000 0.844010 0.100000 0.451916 0.892609 0.100000 0.100000 1.387545 0.629299 0.915456 0.100000 0.674190 0.316327 0.100000 0.100000 0.424930 0.927575 0.628908 0.100000 0.100000 0.179792 0.297731 1.075999 0.323253 0.100000 1.508129 0.508430 0.547959 0.204171 0.300672 0.554992 0.422186 0.480766 0.676303 0.100000 0.100000 0.309876 0.308370 0.248207 0.100000 0.100000 1.060585 
