60 Number of operations
16 Number of workers
Standard production times
0.436826 0.198809 0.331604 0.391055 0.455688 0.283821 0.369697 0.170513 0.277800 0.162097 0.574453 0.396892 0.633336 0.100000 0.551241 0.100000 0.330241 0.100000 0.539262 0.512992 0.495972 0.340811 0.315938 0.228077 0.318417 0.649516 0.100000 0.100000 0.538062 0.585624 0.717307 0.480261 0.146062 0.493841 0.660772 0.646257 0.445896 0.454722 0.266643 0.360484 0.497204 0.572092 0.100000 0.238532 0.100000 0.618461 0.282133 0.597837 0.392383 0.644536 0.657231 0.431644 0.169275 0.413947 0.588501 0.278597 0.308175 0.396599 0.569202 0.402256 
Production times: workers row and ops columns
0.562520 0.100000 0.100000 0.100000 0.100000 0.727989 0.511160 0.805109 0.384431 0.297285 1.177545 0.100000 0.721635 0.222528 0.864858 0.100000 0.966093 0.187972 0.185531 0.195946 0.429132 0.100000 0.100000 0.233098 0.100000 0.190124 0.104260 0.606353 0.100000 1.014520 0.250657 0.615128 0.100000 0.100000 0.188477 0.221333 0.784962 0.100000 0.100000 0.348384 0.312681 0.808021 1.023499 0.107935 0.739260 0.100000 0.648189 0.884654 0.680352 0.100000 1.134775 0.100000 0.100000 0.941046 0.582465 0.896339 0.824335 0.984482 0.748481 0.211302 
0.119463 0.100000 0.833340 0.100000 0.847368 0.100000 0.956511 0.100000 0.637823 0.933340 0.415206 0.100000 1.236428 0.405567 0.297636 0.725671 0.100000 0.100000 1.105429 0.415500 0.100000 0.209244 0.918175 0.100000 0.100000 0.100000 0.100000 0.241607 0.940499 0.269907 0.584480 0.863465 0.100000 0.839935 0.201980 0.300595 0.100000 0.346897 0.256966 0.432255 0.611842 0.600018 0.100000 0.100000 0.760691 0.385257 0.958627 1.465973 0.471609 0.604134 0.475544 0.336035 0.974852 0.143126 0.100000 0.489841 0.100000 1.066458 0.906437 0.720451 
1.086244 0.533442 1.031859 1.014209 0.725106 0.100000 0.794163 0.100000 0.280082 0.100000 0.820158 0.834521 0.680570 0.100000 0.733023 0.633593 0.177661 0.660480 0.714804 0.724251 0.652810 0.100000 0.536059 0.766844 0.100000 0.372481 0.100000 0.129754 0.818899 0.100000 0.848855 0.729055 0.558028 0.425759 0.300407 0.969642 0.619024 0.337581 0.100000 1.134864 0.527759 0.232387 0.232422 0.758705 0.157076 1.087397 0.483371 1.115823 0.789266 0.100000 0.778301 0.455944 0.760935 1.386376 0.100000 0.866549 1.100096 0.100000 0.848373 0.100000 
0.100000 0.100000 0.738959 1.098828 0.100000 0.125295 0.100000 0.100000 0.526160 0.220558 0.719678 0.839403 0.984127 0.250563 0.501862 1.104110 0.100000 0.495799 0.100000 1.692502 1.006807 1.286200 0.229522 0.100000 0.100000 0.100000 1.315205 1.094370 1.426763 0.742983 1.568055 0.100000 0.102407 0.259170 0.449422 1.083748 0.321854 0.128487 0.303354 0.363416 0.754767 0.367189 0.100000 0.750317 0.463006 0.248614 0.100000 0.100000 1.242275 0.727703 0.548271 1.062765 0.100000 0.367142 0.100000 0.100000 0.743919 0.528945 0.530377 0.419530 
0.100000 0.924162 0.699758 0.445619 0.368698 1.075841 0.377960 0.100000 0.100000 0.291807 0.241157 0.161341 0.921735 0.128623 1.434009 0.311682 0.100000 0.649093 0.566106 0.117508 0.675428 0.100000 1.271067 0.522230 0.833911 1.041236 0.100000 0.100000 0.100000 0.100000 0.831576 0.436193 0.100000 0.900704 0.828908 0.135976 0.491671 1.999154 0.511417 0.100000 0.100000 0.874761 0.100000 0.837255 0.100000 1.175467 0.100000 0.178190 0.100000 0.948139 0.479189 0.570661 0.894654 0.939094 0.220022 0.412579 0.114691 0.313663 0.771648 0.843496 
0.506228 0.100000 1.108003 0.249097 0.222347 0.636458 0.538344 0.100000 1.593067 1.256402 0.855004 0.569143 0.249312 0.239900 0.370698 0.986054 0.100000 0.100000 1.091964 0.475278 0.441720 0.450979 0.302682 0.837333 0.100000 0.219314 0.100000 0.962470 0.420038 1.195627 0.793838 1.097476 0.271369 0.671121 0.293298 0.409814 0.694981 0.807444 0.182697 0.100000 0.172870 1.507483 0.507717 0.100000 0.100000 0.852889 0.569680 0.161903 0.100000 1.591719 1.016450 0.429247 0.933507 0.100436 1.415469 0.243989 0.100000 0.100000 0.100000 0.722921 
0.722378 0.100000 0.230629 0.823728 0.231586 0.100000 0.183850 0.100000 0.236714 1.231988 0.240569 0.551698 0.545135 0.479862 0.895257 0.100000 0.100000 0.100000 0.129434 0.308226 0.938408 0.554168 0.100000 0.100000 0.516574 0.432967 0.100000 0.100000 0.432218 0.799695 0.976051 0.777884 0.100000 1.594484 0.880851 0.599028 0.797914 0.573017 0.100000 0.952618 0.387778 0.100000 0.117050 0.576073 0.911519 1.115539 0.616141 0.932666 0.942315 0.100000 1.275410 0.339975 0.220602 0.762748 0.782481 0.751817 1.071172 0.785539 0.536270 0.100000 
0.391381 0.643510 0.100000 0.336444 0.710033 0.716167 0.958850 0.765337 0.336299 0.100000 0.583290 0.100000 0.428876 0.100000 0.592084 0.100000 1.516983 0.122046 0.608830 0.769599 0.100000 0.506293 0.100000 0.100000 0.576762 0.100000 0.806485 0.100000 0.215374 0.928238 0.732964 0.249450 0.100000 0.701520 1.277677 1.489438 0.368944 0.508188 0.100000 0.746482 0.772757 0.515153 0.258435 0.100000 0.100000 0.976098 0.731802 0.356891 0.148490 1.175101 0.731563 1.615657 0.581452 0.100000 0.602912 0.100000 0.357345 0.639173 0.100000 0.100000 
0.474804 0.444307 0.100000 0.100000 0.780272 0.176533 0.840322 0.100000 0.177855 0.648492 1.546683 0.760678 0.452636 0.575242 1.093561 0.100000 0.100000 0.179166 0.100000 0.409633 2.009763 0.100000 0.235352 0.100000 0.100000 0.874218 0.100000 0.100000 1.185584 0.988662 0.560068 0.100000 0.100000 0.311506 0.885495 1.217812 0.883416 0.105499 0.122415 0.600602 0.727785 0.593609 0.144258 0.589251 0.100000 0.642657 0.275641 0.385580 0.217897 0.444048 1.899940 0.540165 0.100000 0.100000 0.548498 0.156733 0.315943 0.461638 0.995254 0.480215 
0.637955 1.044041 0.246792 1.202473 0.451277 0.100000 0.607434 0.552291 1.100520 0.100000 0.339866 0.242484 0.892923 0.414455 0.767098 0.100000 0.603375 0.871625 0.670822 0.100000 0.196275 0.840158 1.297196 0.826278 0.100000 0.329498 0.396573 0.458119 0.668399 0.100000 0.163036 0.229475 0.412878 0.657323 0.100000 0.479082 0.623285 0.314763 0.100000 0.100000 0.724132 0.151231 0.100000 1.547696 0.580582 0.622780 0.505107 0.546387 0.100000 0.951165 0.559672 1.211669 0.100000 0.100000 0.961067 0.244998 0.100000 0.259245 0.689858 0.565712 
0.100000 1.367566 0.639995 0.541831 0.781435 0.100000 0.898735 1.227242 0.128203 0.196808 1.191555 1.194487 0.823596 0.100000 0.280185 0.100000 0.100000 0.100000 0.704579 1.076372 0.100000 0.100000 0.100000 0.100000 0.100000 1.415004 0.100000 0.100000 0.972695 0.100000 1.831819 0.466965 0.192934 0.928256 0.995058 0.169513 1.205056 0.100000 0.174620 0.100000 0.613747 0.100000 0.100000 0.100000 0.850992 0.100000 1.088565 1.054432 0.992318 0.100000 0.443285 0.402349 0.720981 0.957817 1.072027 0.100000 0.542848 0.100000 1.375265 0.100000 
0.100000 0.339782 0.176098 0.571811 0.305241 0.473079 0.635201 0.538790 0.420945 0.472161 0.447112 0.316007 0.384759 0.304314 0.633769 0.580904 0.836619 0.100000 0.734333 0.653266 0.653060 0.100000 1.134325 0.100000 0.827864 0.592997 0.287603 0.100000 0.902989 0.100000 0.100000 0.100000 0.186148 0.100000 0.975801 0.603351 0.100000 0.626963 0.544082 0.717618 1.299107 0.972054 0.253616 0.753189 0.100000 0.603440 0.177414 0.847242 0.628660 0.587808 0.327813 0.221230 0.100000 0.453753 0.100000 0.532403 0.122866 1.662969 1.379692 1.435252 
0.100000 0.894943 0.100000 0.100000 0.251803 0.100000 0.100000 0.242466 0.100000 0.100000 1.114614 0.100000 1.017699 0.100000 0.835881 0.100000 0.369863 0.100000 0.431143 0.450160 0.209991 0.492697 0.632651 0.346496 0.420353 1.417321 0.121514 0.100000 0.344155 0.170997 0.100000 0.627425 0.100000 0.593205 1.326694 0.669668 0.100000 1.143813 1.015670 0.739714 0.100000 0.405715 1.225976 0.100000 0.291909 0.546518 0.501716 0.793875 0.399421 1.696372 0.427449 0.100000 0.100000 0.385284 0.734904 0.200446 0.100000 0.419867 0.606111 0.477064 
0.533451 0.333577 0.100000 0.189536 0.100000 0.100000 0.901773 0.445560 0.100000 0.368756 0.556788 0.100000 0.687363 0.100000 0.612431 0.100000 0.100000 0.461981 0.100000 0.626704 0.168792 0.175202 1.171822 0.441434 1.161994 0.807904 0.402792 0.708054 1.163968 0.837860 0.440475 1.041637 0.151875 0.272721 0.609094 1.140315 1.211027 0.100000 0.957143 0.727385 1.013448 0.100000 0.100000 0.716761 0.100000 0.589391 0.591560 0.252811 1.410172 0.847767 0.797817 0.100000 0.100000 0.948514 0.702558 0.100000 0.338495 0.425195 1.393563 1.004549 
0.196782 0.100000 0.692938 0.100000 0.100000 0.100000 0.461466 0.100000 0.100000 0.100000 0.100000 0.338047 0.584160 0.100000 0.841584 0.465504 0.733228 0.100000 1.155914 0.730587 1.783265 0.100000 0.524756 0.100000 1.373958 0.124366 0.208025 0.922462 1.122254 0.216942 0.440721 0.955875 0.194841 0.100000 0.100000 0.185479 0.313127 0.919455 0.192444 1.989116 0.660743 0.172246 0.167312 0.702908 0.100000 0.783866 0.351941 0.766898 0.681417 0.240065 1.156013 0.528163 0.500976 0.749400 1.270477 0.680253 0.160269 0.137577 0.612352 0.338697 
0.753964 0.100000 0.279553 0.100000 0.765678 0.100000 0.100000 0.693215 0.576475 0.100000 1.019047 0.338719 0.640974 0.100000 0.100000 0.100000 0.925832 0.100000 0.994075 0.747564 0.389756 0.589003 0.100000 0.100000 0.732641 0.100000 0.254131 0.203194 1.281937 0.532778 0.533732 0.285504 0.100000 0.819427 0.486822 0.890225 0.100000 0.180276 0.488153 0.845746 0.267391 0.874173 0.131360 0.100000 0.332064 0.380717 0.100000 0.488313 0.461839 1.358464 0.496661 0.179466 0.100000 0.100000 0.100000 1.426529 0.100000 0.869279 0.572703 0.100000 
