54 Number of operations
17 Number of workers
Standard production times
0.348231 0.488729 0.428495 0.327203 0.421081 0.390752 0.551218 0.294475 0.473066 0.254791 0.354303 0.526052 0.153455 0.738023 0.134105 0.195910 0.303696 0.501027 0.260761 0.354801 0.613204 0.367470 0.427085 0.461706 0.468658 0.429845 0.322779 0.100000 0.637718 0.283824 0.111178 0.305173 0.208650 0.588170 0.351219 0.421487 0.470622 0.473314 0.294276 0.457479 0.556077 0.283858 0.594029 0.187297 0.141997 0.306027 0.433634 0.357116 0.609637 0.772790 0.394169 0.549790 0.642735 0.494296 
Production times: workers row and ops columns
0.503462 0.530153 0.100000 0.100000 0.160042 0.680171 0.332878 0.726353 0.434240 0.387795 0.100000 0.247852 0.284038 0.439131 0.710509 0.100000 0.399262 0.696356 0.202935 0.593893 0.201692 0.100000 0.763958 0.100000 0.100000 0.414567 0.100000 0.100000 0.267637 0.100000 0.100000 0.751096 0.652621 0.889174 0.100000 0.267964 0.541174 0.100000 0.100000 0.133030 0.521766 0.878852 0.358439 0.527832 0.100000 0.685941 0.100000 0.100000 0.100000 0.993061 0.586677 0.100000 0.830788 1.093128 
0.290292 0.664128 0.342234 1.024970 0.447408 0.181799 1.408685 0.468896 1.744475 0.100000 0.332350 0.100000 0.100000 0.432901 0.817306 0.100000 0.691273 1.148906 0.100000 0.663259 0.542684 0.729507 0.746819 0.701467 0.100000 1.079012 0.100000 0.100000 1.010691 1.630847 0.767545 0.239628 0.100000 0.766107 0.100000 1.114523 1.007969 0.974813 0.662201 0.311737 0.782640 0.827249 0.637493 0.215150 0.231685 0.755124 1.020408 0.346476 0.848326 0.100000 0.145240 0.100000 0.100000 1.105124 
0.428155 0.255804 0.560096 0.100000 0.281265 0.230766 0.961977 0.100000 0.750416 0.116179 0.101486 0.870018 0.100000 0.213137 0.100000 0.100000 0.242554 0.666132 0.100000 0.100000 0.357134 0.100000 0.373405 0.100000 0.944029 0.100000 0.886344 0.345696 0.131138 0.353487 1.091679 0.526259 0.100000 0.498516 0.100000 0.100000 0.543175 0.100000 0.958324 0.735295 0.359147 0.100000 0.669969 0.819751 0.415469 1.068507 0.218153 0.120043 0.833296 0.707660 0.774960 0.748067 0.130057 0.515008 
0.353069 0.694788 0.845085 0.100000 0.100000 0.342627 0.495708 0.451265 0.100000 0.333300 0.100000 0.959573 1.292904 1.284011 0.100000 0.100000 0.180814 0.584933 0.100000 0.100000 0.875579 0.100000 0.100000 0.100000 0.211614 0.143413 0.641160 0.100000 0.465047 0.666639 0.357058 0.755907 0.100000 0.341766 0.100000 0.100000 0.926797 0.100000 0.312867 0.786557 0.100000 0.100000 0.311202 0.305152 0.340913 0.340899 0.821741 0.100000 0.100000 1.129137 0.643531 0.100000 0.221227 0.759957 
0.100000 1.111411 0.100000 0.240673 0.423680 0.100000 0.855741 0.100000 1.082745 0.100000 0.100000 0.696680 0.634292 0.882504 0.100000 0.100000 0.313996 0.872803 0.100000 0.310388 0.100000 0.511115 0.100000 0.109387 0.596072 0.729668 1.105635 0.100000 0.765705 0.513623 0.439406 0.100000 0.100000 0.808855 1.424026 1.504009 0.100000 1.090688 0.526510 0.100000 0.505472 0.100000 0.101263 0.679544 0.100000 0.179214 0.100000 0.518543 0.757904 1.170819 0.838985 0.223908 0.272701 0.114616 
0.226976 0.237452 0.317810 0.442978 0.100000 0.100000 0.557519 0.100000 0.502860 0.112023 0.652717 1.531175 0.566279 0.398948 0.623663 0.100000 0.100000 1.364400 0.100000 0.693771 0.138776 0.983611 0.800116 0.546176 0.929845 0.426157 0.498709 0.100000 0.197194 0.100000 0.108160 0.572595 0.100000 1.018562 0.100000 0.100000 0.436484 1.011632 0.896755 0.386808 0.816065 0.391956 0.229375 0.100000 0.373682 0.100000 0.708117 0.100000 0.100000 1.172754 0.491223 0.453434 0.826370 0.100000 
0.662435 0.100000 0.287801 0.455505 0.465120 0.478050 0.580794 0.313992 0.372563 0.100000 0.198757 0.100000 0.501668 0.422989 1.208907 0.100000 0.492485 0.802914 0.100000 0.606806 0.364438 0.684697 0.100000 1.299517 0.756955 0.100000 0.100000 0.100000 1.398209 0.100000 0.242252 0.387318 0.100000 0.982776 0.100000 0.100000 0.845853 0.283946 0.350761 0.686547 1.173977 0.100000 1.435996 0.528230 0.521244 0.386680 1.301159 0.100000 0.886122 1.477514 0.100000 0.225533 0.412167 0.909284 
0.954043 0.100000 0.318564 0.712173 0.377533 0.295008 0.419755 0.709542 0.100000 0.100000 0.582083 0.570221 0.100000 0.843557 0.100000 0.825873 0.978034 0.724956 0.767311 0.100000 0.394622 0.100000 0.193947 0.305257 1.345301 0.100000 1.021275 0.100000 1.268958 0.100000 0.100000 0.820445 0.418277 0.298025 1.565975 0.100000 0.262185 0.388448 0.861885 0.659959 0.325256 0.100000 0.617267 0.100000 0.565153 0.100000 0.768352 1.171586 0.100000 0.306604 0.100000 0.217349 0.416450 1.488103 
0.744699 0.705234 0.564463 0.743862 0.100000 0.871536 0.769979 0.184823 1.284085 0.241249 0.803058 0.773701 0.100000 1.541446 0.222147 0.211299 0.651545 0.313934 0.100000 0.181473 0.604827 0.827145 0.256016 1.299638 0.453461 1.043208 1.015215 0.716453 1.045824 0.739485 0.564001 0.100000 0.436587 0.100000 0.626654 0.405013 0.767982 1.134719 0.210008 0.100000 1.074643 0.100000 0.554032 0.100000 0.100000 0.450985 0.636942 0.341379 0.237879 1.513844 0.637331 1.593978 0.514858 0.117922 
0.134158 0.763337 0.556489 0.698139 0.113045 0.100000 0.302767 1.009753 0.610855 0.305697 0.100000 0.100000 0.100000 0.768901 1.029106 0.157353 0.100000 0.274695 0.100000 0.647811 0.497389 0.143253 0.100000 0.542820 0.100000 0.404464 0.364415 0.100000 0.675522 0.622108 0.806188 0.801530 0.100000 1.149840 0.116535 0.100000 0.528654 0.100000 0.100000 0.693279 0.517183 0.536212 0.604293 0.100000 0.100000 1.206147 0.882084 0.824716 0.781481 0.670273 1.326697 0.371686 0.541879 0.100000 
1.228613 0.788659 0.666514 0.100000 1.151864 0.100000 0.100000 0.100000 0.230635 0.316313 0.686567 0.100000 0.100000 0.645214 0.293713 0.100000 0.100000 0.644745 1.200195 1.223651 0.932226 0.892203 0.456548 0.400061 0.228645 0.209249 0.755245 0.100000 1.980840 0.114291 0.231629 0.799758 0.158933 0.285777 0.291828 0.332466 0.952447 0.234995 0.100000 0.470990 0.800708 1.060892 0.679800 0.469437 0.361555 0.244969 0.747117 1.439659 0.699432 0.714711 0.100000 0.553177 0.932697 0.532703 
0.481880 0.863054 0.100000 0.100000 0.291470 0.245202 0.221350 0.662773 0.334995 0.100000 0.100000 0.786060 0.793504 1.186105 0.302482 0.247305 0.467909 0.692500 0.207365 0.882909 0.120994 0.100000 0.100000 0.100000 0.738347 0.615805 0.264746 0.112935 0.100000 0.750316 0.217936 0.100000 0.100000 1.047129 0.196019 0.833078 0.791428 0.276319 0.100000 0.683526 0.540599 0.781029 0.370814 0.693772 0.124505 0.415667 0.541592 0.100000 1.701435 1.593968 1.254302 0.490521 0.100000 0.634085 
0.100000 0.245096 1.202057 0.865705 0.100000 0.100000 1.020291 0.100000 0.100000 0.100000 0.628259 0.185842 0.307700 1.205278 0.100000 0.707265 0.477030 1.108718 0.674886 0.100000 1.418503 0.773131 0.315253 0.441093 0.144767 0.522150 0.550817 0.100000 0.522157 0.100000 0.521715 0.213811 0.100000 0.470868 0.985040 0.653980 0.100000 0.785689 0.100000 0.100000 0.100000 0.252350 0.327509 0.818145 0.174103 0.100000 0.608076 0.244988 0.887838 0.788537 0.100000 0.436807 1.045164 0.384494 
0.126660 0.100000 0.726335 0.576399 0.661315 0.100000 0.989362 0.100000 0.971388 0.100000 1.213967 0.769197 0.158951 0.512551 0.100000 0.411718 1.010677 0.100000 0.144184 0.100000 0.862542 0.363137 0.769930 0.451242 0.418297 0.100000 0.532868 0.610631 1.118721 0.100000 0.886266 0.140736 0.267964 0.100000 0.100000 0.730311 0.415016 0.100000 0.100000 0.343382 0.853083 0.100000 0.808529 0.234863 0.100000 0.100000 1.009258 0.100000 0.826924 0.918105 0.100000 0.918155 0.494996 0.178608 
0.726198 1.233662 0.100000 0.547771 0.119776 0.439713 0.454097 0.100000 0.593070 0.100000 0.351265 0.470929 0.100000 1.444463 0.261518 0.237355 0.202882 0.975142 0.672727 0.312059 0.716878 0.501936 0.696421 0.397939 0.793804 0.296068 0.100000 0.100000 0.532613 0.405045 0.790030 0.175818 0.100000 0.100000 0.100000 0.100000 0.480770 0.945328 1.232674 0.100000 1.618989 0.573396 0.740702 0.100000 0.100000 0.360912 0.367507 0.775268 0.923064 0.410457 0.100000 0.100000 0.299611 0.703971 
0.938061 0.336022 1.168206 1.091466 0.100000 0.100000 0.100000 0.274987 0.718422 0.100000 0.395934 0.100000 0.100000 0.748629 0.144644 0.100000 0.100000 1.315678 0.518260 0.223739 0.848831 1.258733 1.039811 0.753201 0.189077 0.100000 0.718256 0.100000 1.062970 0.332902 0.100000 0.107219 0.524017 1.103686 0.319726 0.102575 0.580652 0.837931 0.100000 0.446309 0.693755 0.100000 0.503180 0.898897 0.100000 0.645762 0.208846 0.100000 0.864570 1.122411 0.601932 1.097090 0.786809 0.385371 
0.991962 0.540545 0.100000 0.100000 0.809228 0.816709 1.069108 0.293214 0.100000 0.556708 0.437086 0.860350 0.364990 0.747887 0.319077 0.578257 0.303593 0.100000 0.387533 1.239216 0.646643 0.666637 1.689922 0.100000 0.100000 0.100000 1.224682 0.100000 1.476538 0.100000 0.209746 0.100000 0.461051 0.765300 1.224669 0.512544 0.880398 0.396180 0.796880 0.295245 0.475812 0.658548 1.391928 0.612349 0.100000 0.100000 1.089817 0.100000 0.435184 0.991932 1.057432 0.298020 0.808805 0.247539 
