47 Number of operations
16 Number of workers
Standard production times
0.549984 0.416322 0.521657 0.537096 0.583547 0.642210 0.100000 0.166586 0.431532 0.421624 0.707993 0.241590 0.157782 0.256738 0.266167 0.599723 0.536890 0.564427 0.721536 0.577239 0.163995 0.100000 0.548614 0.100000 0.107292 0.266141 0.546149 0.240770 0.100000 0.406331 0.852192 0.729959 0.462163 0.456790 0.426398 0.215161 0.399862 0.420794 0.530033 0.492472 0.302301 0.198733 0.394956 0.368948 0.489858 0.637727 0.193621 
Production times: workers row and ops columns
0.500452 1.137730 1.122812 0.435694 1.871574 0.730625 0.100000 0.100000 1.139952 0.871623 0.764740 0.505438 0.100000 0.628510 0.749670 0.888845 0.754250 1.297017 0.241866 1.143462 0.198985 0.100000 0.100000 0.100000 0.443162 0.325245 0.835330 0.204418 0.100000 1.103330 1.046040 0.598446 0.100000 0.100000 0.613563 0.100000 0.270814 0.100000 0.892355 1.119808 0.387469 0.358306 0.205515 0.894288 0.100000 0.256203 0.584157 
1.505737 0.307315 0.994258 0.342650 0.670851 0.342783 0.100000 0.220643 1.190841 0.231521 0.216036 0.319278 0.546880 0.942996 0.100000 0.146094 1.216598 0.425939 0.496955 0.506371 0.949459 0.323933 0.725234 0.100000 0.324317 0.100000 0.919268 0.100000 0.100000 0.540525 0.516051 0.100000 0.138747 0.571979 0.100000 0.100000 0.100000 0.174713 0.375565 0.572130 0.100000 0.262279 0.340559 0.486486 0.684681 0.639785 0.171018 
1.028189 0.123623 0.100000 0.100000 0.896002 0.448280 0.100000 0.100000 0.217870 0.494419 0.231348 0.806919 0.100000 0.508050 0.107971 1.760978 0.100000 0.859969 1.632600 0.482328 0.100000 0.100000 0.101096 0.100000 0.100000 0.540854 1.224914 0.110325 0.100000 0.465493 0.129526 0.100000 1.065702 0.343380 0.587245 0.274305 0.100000 1.041972 0.100000 1.226117 0.100000 0.208361 0.624428 0.148822 0.576709 1.180959 0.401239 
1.511330 1.153970 0.303077 0.100000 0.807830 1.533171 0.511633 0.884940 0.909697 0.562834 0.200670 0.255890 0.522986 1.393980 0.100000 0.100000 0.744150 0.850296 0.190106 0.410882 0.100000 0.117105 0.100000 0.104603 0.100000 0.100000 0.100000 0.100000 0.432935 0.100000 0.532597 0.558519 0.100000 1.102550 0.704183 0.100000 0.187045 0.937094 0.100000 0.688559 0.345533 0.314235 0.182894 0.649276 0.572974 0.468101 0.100000 
1.381250 1.044242 1.050953 1.174619 0.694015 0.870307 0.221274 0.351457 1.827856 0.816923 1.054834 0.353966 0.100000 0.100000 0.119285 0.760420 1.338834 0.398287 0.846372 0.152828 0.119913 0.100000 0.100000 0.800373 0.897379 0.100000 1.155957 0.717703 0.415482 0.824149 0.420297 0.568596 0.100000 0.100000 0.565022 0.100000 0.100000 0.100000 0.100000 0.892765 0.100000 0.482931 0.165049 0.657487 0.657711 1.043312 0.952401 
0.896742 0.100000 0.701512 1.051692 0.534931 0.541784 0.425390 0.100000 0.100000 0.852881 0.895586 0.375223 0.200739 1.096667 0.415811 1.808374 0.732659 1.260193 0.565061 0.100000 0.173903 1.082973 0.767714 0.156633 0.100000 0.507414 0.752987 0.532745 0.100000 0.263674 0.100000 1.452493 1.275512 0.724328 1.139740 0.100000 0.735319 1.456455 0.690054 0.775882 0.358681 0.195908 0.667941 0.860274 0.288551 0.413453 0.100000 
0.100000 0.196268 0.100000 0.502573 1.269551 0.806655 0.269348 0.100000 0.952643 0.569806 0.701648 0.178644 0.646894 0.465869 0.100000 0.595698 0.100000 0.394973 2.050861 0.100000 0.500866 0.301297 0.889290 0.100000 0.100000 0.173897 0.330160 0.100000 0.381225 0.394670 0.236165 0.100000 0.100000 0.574410 0.100000 1.146791 0.169755 0.544755 1.166260 1.034140 0.100000 0.100000 0.417548 0.949395 1.431578 0.660008 0.100000 
0.852894 0.100000 1.328069 0.407801 0.100000 1.016574 0.100000 0.100000 0.928465 0.539864 0.100000 0.898335 0.100000 0.529479 0.850878 0.662803 0.100000 0.233268 1.239816 1.443506 0.177771 0.100000 0.100000 0.232650 0.386259 1.574175 0.335653 0.100000 0.100000 0.982197 0.100000 0.725607 0.100000 0.457680 0.134335 0.100000 0.158193 0.663459 0.100000 0.264188 0.100000 0.100000 0.284117 0.684634 0.605841 0.727723 0.100000 
0.406639 0.214071 0.187786 0.100000 0.766264 0.697907 0.983255 0.242019 1.425947 0.100000 0.864836 0.245683 0.941800 0.100000 0.100000 0.568925 0.365476 0.445890 0.162744 0.270211 0.100000 0.100000 0.305080 1.127077 0.100000 0.910002 0.936916 0.100000 0.575020 0.100000 1.118192 0.100000 1.224052 0.607675 0.100000 0.100000 0.100000 0.100000 1.169248 0.843010 0.100000 0.751315 0.100000 0.151146 0.306132 0.160148 0.614656 
0.159824 0.476710 0.100000 0.314145 1.114809 0.100000 0.100000 0.100000 0.476630 0.303068 0.542782 0.100000 0.377157 0.689646 0.100000 0.100000 0.100000 0.965591 0.754350 0.678781 0.332458 0.117262 0.317422 0.100000 0.107371 0.557211 0.559680 0.100000 0.100000 0.611731 1.024612 0.254675 0.100000 0.727070 0.467212 0.301905 0.836668 0.100000 0.100000 0.169470 0.283986 0.100000 0.215430 0.100000 0.100000 0.583380 0.562268 
0.334000 0.746177 0.330080 0.576041 0.100000 0.589872 0.100000 0.635317 0.100000 1.200704 0.747682 0.100000 0.100000 0.100000 0.100000 0.436504 0.827182 0.100000 1.240156 0.343413 0.100000 0.100000 1.253978 0.397746 0.540792 0.272295 0.956819 0.853479 0.100000 0.162939 0.878909 0.404821 0.930922 1.170805 0.946172 0.561619 0.100000 0.100000 0.366220 0.636218 0.452732 0.100000 0.407730 0.280266 0.474096 0.704756 0.100000 
0.958871 0.596534 0.455065 0.224358 0.527804 1.376405 0.246789 1.005138 1.090702 0.401420 1.184986 0.100000 0.480230 0.671330 0.100000 0.805960 0.792419 0.512877 1.352685 0.120093 0.100000 0.935249 0.806539 0.100000 0.100000 0.100000 0.937687 0.331154 0.707710 0.534617 0.691664 1.019891 0.256548 1.592816 0.268369 0.100000 0.984412 0.100000 0.577785 0.100000 0.715254 0.100000 0.241085 0.100000 0.705193 0.332578 0.100000 
0.100000 0.276566 0.847989 0.398999 1.001921 0.620438 0.306076 0.100000 0.100000 0.100000 1.581923 0.100000 0.656096 0.930287 0.100000 0.100000 0.579980 0.808528 1.291203 1.124988 0.100000 0.100000 0.936597 0.100000 0.100000 0.119040 0.100000 0.100000 0.100000 0.100000 1.157624 0.874808 0.100000 0.129821 0.100000 0.241562 0.567777 1.314308 0.339363 0.738498 0.574316 0.144983 0.100000 0.929424 0.215337 1.301908 0.937294 
0.802297 0.766600 0.275257 0.276609 1.134810 0.694543 0.100000 0.100000 0.208705 0.838709 0.618412 0.560665 0.100000 0.269183 0.887846 1.210166 0.100000 0.259580 0.905335 0.816267 0.100000 0.302515 0.100000 0.100000 0.209022 0.796609 0.457551 1.057604 0.100000 0.747508 0.727139 0.892580 0.100000 0.100000 0.100000 0.100000 0.561753 0.534064 1.164383 0.417152 0.100000 0.850889 0.596024 0.286400 0.593501 0.348547 0.339435 
0.421277 0.847414 0.584393 0.499154 0.394852 0.438699 0.344678 0.119153 0.497677 0.100000 0.683543 0.530178 0.136783 0.282654 0.100000 0.576117 0.426002 0.100000 0.793873 0.220465 0.100000 0.388634 0.100000 0.100000 0.658263 1.014057 1.104719 0.625415 0.174902 0.100000 1.255837 0.702962 0.206187 0.100000 0.346090 0.503413 0.169398 0.450978 0.579274 0.100000 0.100000 0.100000 0.653631 0.590787 0.884613 0.100000 0.735472 
0.527054 0.100000 0.946908 0.100000 0.893978 0.100000 0.100000 0.291876 0.708889 0.341958 0.350010 0.582027 0.100000 0.100000 0.100000 0.448685 0.814002 1.089055 1.117599 1.361600 0.338938 0.100000 0.582725 0.473812 0.665975 0.845497 1.107610 0.619123 1.244504 0.133812 0.100000 1.098024 1.228634 0.926545 0.679406 0.384742 0.100000 0.404501 0.100000 1.014818 0.685057 0.452887 0.667827 1.032350 1.356500 0.100000 0.100000 
