43 Number of operations
19 Number of workers
Standard production times
0.100000 0.537164 0.142568 0.269867 0.686025 0.625781 0.622210 0.626228 0.362865 0.553557 0.422018 0.100000 0.559898 0.197903 0.639007 0.415990 0.345295 0.183521 0.265746 0.663138 0.218760 0.347360 0.499573 0.775679 0.643042 0.259449 0.396589 0.100000 0.270463 0.409697 0.347909 0.688267 0.398866 0.100000 0.803009 0.373539 0.140838 0.446353 0.142598 0.135361 0.436425 0.442540 0.446906 
Production times: workers row and ops columns
0.100000 1.035082 0.270423 0.109341 0.862886 0.100000 0.991759 0.903741 0.524779 1.174836 0.154412 0.100000 0.163440 0.850048 0.524908 0.350055 0.100000 0.304425 0.100000 1.113386 0.100000 0.269330 0.100000 0.729265 0.633348 1.238632 0.483187 0.100000 0.714555 0.100000 0.510530 0.663827 0.425887 0.100000 0.504496 0.100000 0.100000 0.741035 0.385611 0.210237 0.258060 1.295292 0.938466 
0.413890 0.175683 0.100000 0.576361 0.948266 0.701532 1.309418 0.255479 1.087374 1.068360 0.100000 0.490794 0.691067 0.276056 0.736436 0.426001 0.737534 0.100000 0.100000 1.191561 0.100000 0.534852 0.660284 1.048305 0.687571 0.412366 0.499177 0.206759 0.674703 0.518710 0.100000 0.427075 0.157429 0.100000 0.609344 0.952356 1.447737 0.526158 0.100000 0.100000 0.987738 0.417251 0.328364 
0.588738 0.100000 0.100000 0.708996 0.629818 0.100000 1.201435 0.959707 0.329096 0.549443 0.273391 0.100000 0.508348 0.124883 0.697613 0.523528 0.799185 0.328415 0.100000 0.300876 0.305802 0.598363 0.888905 0.140050 1.131880 0.100000 0.335131 0.209327 0.100000 0.730185 0.100000 0.959032 0.708144 0.100000 0.362670 0.334822 0.100000 0.733430 0.605310 0.560268 1.163237 0.392294 0.941951 
0.100000 0.308349 0.810733 0.746720 1.330285 0.906090 0.675601 0.942501 0.799921 1.271876 0.100000 0.139838 0.292219 0.381463 1.032712 0.616164 0.556146 0.553369 0.733673 0.643350 0.126508 0.100000 0.221575 0.525116 0.100000 0.321233 0.100000 0.100000 0.600103 0.626488 0.100000 0.100000 1.144997 0.849365 0.100000 1.015002 0.100000 0.100000 0.100000 0.322118 0.100000 0.461105 1.853021 
0.502978 0.603725 0.607734 0.288839 1.078436 0.527884 1.765412 1.259404 0.105953 0.741515 0.620109 0.100000 0.868337 0.813828 0.859806 0.322707 0.100000 0.100000 0.296112 0.981727 0.258657 0.975995 0.148406 0.697698 0.155826 0.100000 0.126538 0.100000 0.728907 0.874105 0.439813 0.283945 0.770296 0.693725 0.763771 0.100000 0.100000 0.167625 0.100000 1.118183 0.773229 0.100000 0.143741 
0.100000 0.644390 0.486923 0.533597 1.419800 0.501735 0.712923 0.100000 0.100000 0.818032 0.416442 0.482551 0.425301 0.265188 0.722957 0.333377 0.332861 0.272289 0.100000 0.280727 0.100000 0.973219 0.202505 0.660315 0.100000 0.790082 0.871850 0.698001 0.481718 0.252683 0.431201 0.747741 0.100000 0.100000 1.389928 0.509875 0.100000 0.528957 0.100000 0.463873 1.230568 0.100000 1.035969 
0.851286 0.850359 0.432746 0.100000 0.371294 0.710710 0.749096 0.489020 0.618205 0.752709 0.503401 0.195638 0.287480 0.742022 1.370803 0.614975 0.240015 0.151235 0.555767 0.280518 0.311230 1.939871 0.220568 0.890019 0.754453 0.158075 0.100000 0.100000 0.209882 0.347195 0.100000 0.100000 0.100000 0.100000 1.179780 0.485551 0.100000 0.292802 0.142053 0.100000 0.366540 0.100000 0.100000 
0.100000 0.100000 0.255198 1.120745 0.660848 0.975248 0.327326 0.756168 0.395756 0.100000 0.100000 0.100000 0.698972 0.274710 0.295203 0.417516 0.439368 0.658226 0.638140 0.100000 0.227162 0.150659 0.277845 1.018567 0.573766 0.100000 1.466498 0.912029 1.530464 0.100000 0.497307 1.063519 0.581282 0.243931 1.107391 0.100000 0.857729 0.100000 1.080031 0.100000 0.571871 0.956315 0.100000 
0.100000 0.318649 0.100000 0.100000 1.631779 1.585417 0.204121 0.503092 0.100000 0.100000 1.125637 0.311685 0.578426 0.551984 1.319571 0.624938 0.544626 0.502371 0.347109 0.100000 0.100000 0.100000 0.391913 1.245555 0.299955 0.290707 0.350781 0.100000 0.104468 0.866226 1.052166 1.085505 0.100000 0.100000 1.015808 0.132238 0.100000 0.100000 0.212114 0.445614 1.030437 0.100000 0.816093 
0.231519 0.133485 0.813646 1.251855 0.890186 0.909070 0.100000 0.966074 0.813905 0.140373 0.726212 0.100000 0.977783 0.603262 0.416553 0.153744 0.750964 0.192249 0.100000 1.150899 0.832680 0.413894 0.414037 0.379316 0.407608 0.252359 0.100000 0.100000 0.100000 1.275744 0.834200 0.100000 0.100000 0.386222 0.819404 1.157927 0.159339 0.831637 0.885617 0.329690 0.502712 0.100000 0.100000 
0.100000 0.883872 0.295149 0.627214 0.100000 0.100000 0.400772 0.493692 0.100000 0.581362 0.548512 1.107744 0.100000 0.100000 0.100000 0.100000 0.213081 0.303819 0.348932 0.903396 0.531655 0.915623 0.361431 0.300020 0.100000 0.558966 0.369254 0.732731 0.278896 0.861774 0.144365 1.085016 0.431135 0.100000 1.371640 0.100000 0.237117 0.100000 0.382343 0.100000 0.100000 0.133022 0.548015 
0.278170 0.100000 0.100000 0.100000 0.660540 0.383583 0.999972 1.642271 0.175907 0.604970 0.258476 0.691734 0.184224 0.657410 0.350776 1.035636 0.231259 0.100000 0.298058 0.294510 0.515776 0.414050 0.593739 0.274316 1.016512 0.277864 0.834693 0.100000 1.313645 0.821747 0.210479 0.832532 0.752262 0.100000 0.389778 0.120888 0.100000 0.100000 0.754916 0.100000 0.100000 0.459885 0.309257 
0.304807 0.113832 0.100000 0.561922 0.543324 1.612211 0.218877 0.332053 0.392806 0.100000 0.100000 0.286029 0.154467 0.232346 1.247774 0.791199 0.100000 0.100000 0.100000 0.100000 1.085461 0.894305 0.499997 1.293123 0.200139 0.100000 0.100000 0.100000 0.100000 0.451811 0.100000 0.862387 0.741893 0.100000 0.666165 0.899236 0.487774 0.100000 0.139705 0.100000 0.362140 0.100000 1.285230 
0.370090 0.659667 0.992739 0.100000 0.781469 0.566201 1.444733 0.208299 0.254276 1.482462 1.422720 0.637983 0.267960 0.100000 0.467446 0.452267 0.131872 0.305437 1.031719 0.491412 0.541955 0.866448 0.100000 1.006342 1.485633 0.605234 1.011846 0.100000 1.292852 0.778739 0.100000 1.124353 0.165078 0.100000 0.794113 0.100000 0.100000 0.100000 0.100000 0.100000 0.100000 0.385424 0.454967 
1.040400 0.561770 0.100000 1.042129 0.186309 0.726585 1.327034 0.434252 0.293692 1.350802 0.299828 0.100000 0.100000 0.100000 0.793465 0.632616 0.334539 0.122889 0.405777 0.826488 1.168264 0.100000 0.599775 0.624395 0.100000 0.443187 0.582645 0.260794 0.364836 0.232009 1.478553 1.249756 0.660393 0.308632 1.441909 0.100000 0.763204 0.365136 0.100000 0.100000 0.518699 0.100000 0.100000 
0.100000 0.100000 0.580444 0.463692 0.330338 0.721132 0.523436 0.996788 0.507200 0.452530 0.717953 0.100000 0.633797 0.386628 0.100000 0.458414 0.100000 0.100000 0.387429 0.564948 0.290712 0.100000 0.613610 0.720640 0.100000 0.216181 0.162302 0.100000 0.514400 0.460289 0.811144 1.680442 0.488364 0.518076 0.853180 0.100000 0.422373 0.551777 0.330830 0.999498 0.158164 0.947634 0.758167 
0.100000 0.100000 1.256852 0.247448 1.612733 0.409606 0.695865 0.711090 0.427832 0.242365 0.100000 0.100000 0.646891 0.150476 1.039203 0.195635 0.100000 0.295992 1.069394 0.220213 0.100000 1.403634 0.207279 0.100000 0.100000 0.100000 0.315600 1.014746 0.674633 0.144172 0.734057 0.843264 0.891406 0.100000 0.629932 0.557946 0.100000 0.199553 0.100000 0.100000 0.100000 0.278193 0.879154 
0.597267 1.064294 0.336919 0.892165 1.022341 0.100000 2.001896 1.029009 0.687142 0.742610 0.884235 0.100000 1.771317 1.380900 0.114444 1.118566 0.463769 0.659380 0.159424 1.380885 0.100000 1.752910 0.345175 0.939504 0.247565 0.657972 0.188939 0.100000 0.100000 0.100000 0.821529 0.683309 0.100000 0.100000 1.984450 0.100000 0.365555 1.091601 0.203860 0.100000 0.730300 0.801407 0.513274 
0.319226 0.100000 0.100000 0.462226 0.300593 0.441136 0.504766 1.020769 0.498856 0.553957 0.819971 1.011810 0.100000 0.100000 0.865844 0.629481 0.100000 0.100000 0.450901 1.047967 0.611065 0.459774 0.814936 1.234904 1.391343 0.100000 0.547798 0.113400 0.413156 0.635860 0.100000 0.214406 0.141158 0.534052 0.143769 0.486364 0.147313 1.472151 0.100000 0.367184 0.838583 1.091211 0.372703 
