56 Number of operations
17 Number of workers
Standard production times
0.290051 0.119425 0.716550 0.190971 0.451519 0.100000 0.100000 0.336942 0.571636 0.414269 0.100000 0.116889 0.577166 0.526380 0.408052 0.219375 0.435065 0.438886 0.292950 0.555470 0.434268 0.311430 0.740981 0.584869 0.139028 0.323885 0.251275 0.312576 0.314710 0.676281 0.419674 0.326109 0.145356 0.602997 0.103788 0.342580 0.388635 0.242379 0.413542 0.192219 0.347265 0.507650 0.705652 0.791335 0.495640 0.423869 0.228507 0.247610 0.527861 0.409505 1.022967 0.293508 0.469117 0.314897 0.100000 0.751079 
Production times: workers row and ops columns
0.973567 0.456283 0.100000 0.100000 0.368219 0.558598 0.140125 0.451061 0.131397 0.553333 0.100000 0.431683 0.100000 1.300105 0.570581 0.113419 0.100000 0.961487 0.798138 0.590889 0.793063 0.186077 0.715216 0.591434 0.240147 0.551361 0.100000 0.403109 0.718454 1.082549 0.525125 0.536998 0.436319 0.397894 1.252221 1.186829 0.701541 0.100000 0.443591 0.423429 0.689683 0.209920 1.205178 0.637250 0.678559 1.227623 0.109418 0.100000 0.771658 1.279042 1.057452 0.530128 0.143939 0.100000 0.100000 1.062361 
0.503832 0.156430 0.489966 0.493047 1.644122 0.100000 0.100000 0.492319 1.802450 0.256207 0.100000 0.459014 0.593182 0.624515 0.861778 0.100000 0.843488 1.030972 0.190710 0.500048 1.141509 0.100000 1.077737 0.198722 0.100000 0.238998 0.100000 0.581549 0.510351 1.782239 0.338552 0.471698 0.199387 0.503231 0.220204 0.420277 0.685498 0.100000 0.828824 0.248828 0.100000 1.307392 1.942862 0.625173 0.884213 0.469045 0.135208 0.619240 0.318272 0.411985 0.606188 0.103828 0.197305 0.856706 0.160903 1.077900 
0.245473 0.569861 1.417794 0.299812 0.409719 0.100000 0.100000 0.358019 0.100000 1.404114 0.100000 0.610998 0.668718 0.988377 0.674638 0.100000 0.154796 0.509273 1.176751 0.161583 0.403407 0.430643 0.778367 0.754022 0.278066 0.935868 0.100000 0.739797 1.068135 0.937948 0.627330 0.617802 0.525087 0.809342 0.687706 0.100000 0.100000 0.100000 0.100000 0.100000 0.850961 0.100000 0.911038 0.761099 0.100000 0.727339 0.100000 0.100000 0.675643 0.525257 1.161984 0.638524 0.100000 0.100000 0.145379 1.332181 
0.450942 0.790084 0.787388 1.059663 0.639403 0.839128 0.100000 0.110228 0.482138 0.100000 0.337314 0.100000 0.765108 0.900405 0.100000 0.341181 0.100000 0.214571 0.528230 0.100000 0.708709 0.187672 0.628417 0.774715 0.100000 0.250575 1.135974 0.310966 0.100000 0.290363 0.287194 0.879750 0.100000 0.898449 0.122766 0.100000 0.100000 0.202857 0.808489 1.285308 0.100000 0.708573 0.307706 1.151452 1.241446 0.474458 0.777626 0.305188 1.189076 0.901085 1.651562 0.524794 0.100000 0.756091 0.467985 0.100000 
0.852163 0.100000 1.446549 0.100000 0.669825 0.119111 0.845038 1.635837 0.390178 0.100000 0.577008 0.100000 1.127614 1.081832 0.284120 0.100000 0.517746 0.452658 0.100000 0.174064 0.875450 0.100000 0.401715 0.551925 0.100000 0.345824 0.100000 0.785034 0.352337 0.486039 0.235299 0.858917 0.182432 1.434470 0.386665 0.367794 0.236049 1.155266 0.232445 0.100000 0.100000 0.421600 1.292766 1.050601 1.011984 0.805583 0.705139 0.100000 1.153418 0.271981 0.525346 0.470039 0.433680 0.100000 0.100000 1.464313 
0.133157 0.933437 0.117798 0.100000 1.153692 0.100000 0.516114 0.236578 0.719998 0.100000 0.110506 0.100000 0.391258 0.322677 0.797069 0.336802 0.650112 0.560677 0.100000 0.265482 0.253445 0.471469 1.127923 0.299046 0.262782 0.100000 0.544811 0.179995 0.100000 0.100000 0.780054 0.336202 0.100000 0.731669 0.194224 0.898160 0.155825 1.181729 0.100000 0.631447 0.359996 0.426267 0.795518 0.100000 0.424455 0.827019 0.100000 0.100000 0.437499 0.349902 0.660071 0.100000 0.661559 0.100000 0.726488 0.579950 
0.580847 0.100000 0.932265 0.100000 0.208352 0.100000 0.449524 0.100000 2.358315 0.155896 0.235500 0.100000 0.746879 0.560029 0.509455 0.645278 0.394663 0.100000 0.420365 0.522081 0.755655 0.576553 1.464046 1.153164 0.100000 0.316311 0.191720 0.100000 0.196402 1.543995 0.100000 0.260564 0.100000 0.100000 0.918382 0.418948 0.100000 0.191405 0.437402 0.100000 0.906572 0.867580 1.394407 0.833734 0.240242 1.363916 0.346870 0.587700 0.524709 0.309355 1.127873 0.407596 1.139634 0.890668 0.100000 1.033007 
1.237946 0.453532 1.188283 0.100000 0.761191 0.100000 0.582444 0.100000 1.230931 0.259434 0.100000 0.100000 0.200179 1.052947 0.860985 0.651506 0.100000 0.107704 0.100000 0.388104 0.290373 0.274066 0.904271 0.220918 0.100000 0.100000 0.367857 0.542818 0.100000 0.928737 0.302342 0.933417 0.252447 0.823079 0.100000 0.311029 0.230269 0.100000 0.100000 0.100000 0.100000 0.808464 1.343546 1.152279 0.726246 0.100000 0.592775 0.903647 0.100000 0.791345 1.732466 0.106344 0.257458 0.100000 0.100000 0.635377 
0.166831 0.503409 0.403118 1.826253 0.297998 0.100000 0.107595 0.100000 0.177735 0.100000 0.199305 0.100000 0.717789 0.100000 0.469615 0.100000 0.101355 0.667744 0.100000 0.687263 0.836315 0.778913 0.869220 0.470275 0.100000 0.957368 0.653827 0.792729 0.532185 1.016388 1.354116 0.401461 0.100000 1.240466 0.479155 0.747449 0.100000 1.071905 0.569078 0.300076 0.109891 0.344479 0.350594 0.289497 0.552764 0.930747 0.100000 0.100000 0.937895 0.100000 0.785413 0.100000 1.097939 0.207806 0.100000 0.304850 
0.100000 0.463682 0.100000 0.100000 0.903998 0.252108 0.827660 0.203127 1.594990 0.132380 0.100000 0.100000 0.679444 0.923270 0.422014 1.011748 1.049183 0.435404 0.353579 0.197851 0.448274 0.658655 0.949189 0.402036 0.559927 0.100000 0.572387 0.341380 0.852337 0.874066 0.305003 0.100000 0.278186 0.721677 0.100000 0.144337 0.337096 0.947061 0.403237 0.674853 0.222899 1.052483 0.252937 1.605549 0.100000 0.436633 0.923142 0.399702 1.261248 0.427298 1.530849 0.651347 1.335205 0.100000 0.100000 0.263953 
0.123067 0.100000 0.454540 0.100000 0.949195 0.100000 0.100000 0.672509 0.412327 1.109966 0.100000 0.100000 0.100000 0.984046 0.104578 0.676382 0.100000 1.930462 0.463088 0.100000 0.371578 0.774721 0.638618 0.780262 0.933573 0.797821 0.582362 0.249696 0.895723 0.350260 0.170909 0.100000 0.368243 0.237568 0.636165 0.905488 0.809927 0.100000 0.212565 0.100000 0.100000 0.100000 0.786374 0.520101 0.911520 1.182913 0.100000 0.480690 0.551910 0.100000 0.934581 0.398474 0.100000 0.100000 0.100000 0.746078 
0.100000 0.100000 0.913470 0.416868 1.409510 0.100000 0.115885 0.100000 0.952336 0.199332 0.660320 0.837255 0.535527 0.100000 0.100000 0.423441 0.898440 1.420699 0.100000 0.100000 0.976838 0.465331 0.982252 1.348325 0.100000 0.100000 0.383903 0.100000 0.390932 0.511881 0.100000 1.086567 0.442304 0.228145 0.659084 0.100000 1.920782 0.100000 0.448085 0.100000 0.100000 0.172905 0.100000 0.230086 0.695039 0.411305 0.856503 0.100000 1.014912 0.475551 0.387667 0.100000 0.507573 0.622207 0.113279 0.400041 
0.324542 0.100000 0.947265 0.100000 1.349203 0.100000 0.100000 1.104095 0.100000 0.462830 0.100000 0.100000 0.487859 1.407882 0.903805 0.153718 0.100000 0.813479 0.146828 0.476566 0.241668 0.278183 0.756678 0.100000 0.138625 1.353972 0.100000 0.508766 0.222600 0.295345 0.135833 0.599490 0.100000 1.091712 0.100000 0.100000 0.109969 0.345865 0.571478 0.100000 0.100000 0.100000 0.784645 0.800606 0.751713 0.852942 0.205137 0.100000 0.791681 0.318499 2.552358 0.100000 0.405505 0.786050 0.100000 1.021587 
0.100000 0.100000 0.100000 0.317027 0.100000 0.308696 0.100000 0.100000 1.037205 1.705170 0.216396 0.100000 0.912226 0.100000 0.100000 0.811712 0.100000 0.992884 0.441169 0.785022 0.342126 1.104308 0.657273 0.552649 0.675856 0.934786 0.995866 0.119251 0.100000 0.698351 0.279630 0.159286 0.100000 0.528046 0.245843 1.580650 0.100000 1.232434 0.335539 0.782582 0.865888 0.758452 1.236857 0.676953 0.468721 0.100000 0.391025 0.100000 0.100000 0.367601 1.180756 0.331476 0.839165 0.170600 0.100000 0.563661 
0.372275 0.316186 1.127078 0.978872 0.100000 0.527868 0.713423 0.532868 0.757009 0.950665 0.100000 0.218508 0.929632 0.332577 0.100000 0.157541 0.378537 0.514540 1.552792 0.385948 1.575438 0.560721 0.517497 0.949074 0.225757 0.815577 0.112095 0.116349 0.100000 0.941384 0.582711 0.876361 0.100000 0.747226 0.920663 1.131725 0.100000 0.319656 0.100000 0.269875 0.642545 0.386214 1.247634 0.926174 1.088284 0.616174 0.100000 0.626320 0.713317 0.100000 0.500716 0.210045 0.235814 0.360068 0.397367 0.441833 
0.100000 0.451622 0.723044 0.582237 1.583085 0.100000 0.100000 0.100000 0.100000 0.100000 0.947358 0.482696 0.946918 0.832013 0.283465 0.294032 0.100000 0.100000 0.100000 1.524533 0.950532 0.892120 1.195143 1.339818 0.361118 0.100000 0.354047 0.384052 0.100000 0.408736 0.100000 0.100000 0.359407 1.197824 0.100000 1.099115 0.100000 0.100000 0.600669 0.794615 0.300890 1.492750 0.627514 0.669869 0.100000 0.334680 0.100000 0.852400 0.406485 0.992141 1.212874 0.734447 0.100000 0.495574 0.582757 0.787242 
0.661965 0.100000 0.582530 0.512912 0.778829 0.250098 0.296344 0.163394 0.100000 1.062012 0.295059 0.100000 0.734554 0.696453 0.630610 0.281923 0.100000 0.632591 0.100000 0.151629 0.438777 0.429573 0.290076 0.429578 0.100000 1.223730 0.100000 0.100000 1.492156 0.100000 0.385000 1.085237 0.100000 0.338545 0.100000 0.581863 0.100000 0.926698 0.443204 0.168423 0.100000 0.882646 0.525942 0.576460 0.357077 1.364567 0.220199 0.898826 0.100000 0.100000 0.930642 0.640502 0.100000 0.290468 0.100000 1.197347 
