52 Number of operations
16 Number of workers
Standard production times
0.290051 0.119425 0.716550 0.190971 0.451519 0.100000 0.100000 0.336942 0.571636 0.414269 0.100000 0.116889 0.577166 0.526380 0.408052 0.219375 0.435065 0.438886 0.292950 0.555470 0.434268 0.311430 0.740981 0.584869 0.139028 0.323885 0.251275 0.312576 0.314710 0.676281 0.419674 0.326109 0.145356 0.602997 0.103788 0.342580 0.388635 0.242379 0.413542 0.192219 0.347265 0.507650 0.705652 0.791335 0.495640 0.423869 0.228507 0.247610 0.527861 0.409505 1.022967 0.293508 
Production times: workers row and ops columns
0.157954 0.542573 1.759917 0.454210 0.943423 0.100000 0.100000 0.501973 1.095931 1.089218 0.722838 0.100000 1.217703 0.162848 0.100000 0.217603 0.691362 0.354956 0.966118 0.247724 0.100000 0.819398 0.463403 0.802999 0.100000 0.335631 0.122123 1.232154 0.217715 1.463347 0.798124 0.100000 0.100000 0.647971 0.944644 0.247243 0.309093 0.100000 0.437558 0.100000 0.100000 0.544923 0.264675 0.674883 0.100000 0.435644 0.100000 0.100000 0.395288 0.323044 0.100000 1.097486 
0.862702 0.100000 1.226252 0.100000 0.100000 1.061931 0.100000 1.109704 0.100000 0.100000 0.100000 0.168041 0.143855 0.706998 0.100000 0.100000 0.265624 0.349258 0.172477 0.431621 0.350008 0.598284 0.262594 0.259108 0.498665 0.941085 0.118041 1.094900 0.100000 0.716346 0.434256 0.100000 0.100000 0.546736 0.100000 0.679487 0.171181 0.100000 0.477325 0.551189 0.541733 1.043371 1.294763 0.337943 1.353528 0.506236 0.480044 0.100000 1.343793 0.148226 0.737055 1.009302 
0.100000 0.100000 0.695419 0.100000 0.203305 0.681463 0.100000 0.385650 0.251625 0.303856 0.375874 0.100000 0.403851 0.100000 0.411844 0.100000 0.479951 0.942476 0.100000 0.100000 0.305892 0.508221 0.100000 0.152960 0.100000 0.429074 0.189445 0.461865 0.603204 0.477001 0.757502 0.100000 0.100000 0.699717 0.100000 0.397912 1.100452 0.100000 0.577104 0.402281 0.193937 0.417617 0.493207 0.541056 0.100000 0.100000 0.762057 0.787575 0.615862 0.473090 0.100000 0.100000 
0.100000 0.166001 0.100796 0.304899 1.329715 0.100000 0.100000 0.343529 0.758795 0.100000 0.100000 0.275813 0.397785 0.505411 1.037023 0.533550 0.100000 0.832875 0.100000 0.826549 0.893972 0.336797 1.341657 0.541860 0.100000 0.393448 0.100000 1.477647 0.161577 0.100000 0.100000 0.203382 0.146846 0.469124 0.100000 0.421216 0.558103 0.100000 0.765075 0.100000 0.100000 0.836438 1.013748 0.279452 0.514066 0.100000 0.100000 0.806790 0.159384 0.315403 0.416080 0.545858 
0.100000 0.642241 0.454277 0.916670 0.799379 0.932716 0.100000 0.100000 1.124275 0.755721 1.301646 0.248889 0.542064 0.230501 0.364461 0.364643 0.100000 1.091444 0.200775 1.236232 0.478045 0.811077 1.138558 0.658461 0.704331 0.100000 0.205585 1.012081 0.931442 0.653835 0.100000 0.528940 0.100000 0.550173 0.428165 0.100000 0.341983 0.760657 0.100000 0.731315 0.100000 0.480855 1.449284 0.799084 0.420865 0.531469 0.100000 0.683575 0.100000 0.502597 0.670074 0.185297 
1.261340 0.148035 0.100000 0.100000 0.100000 0.100000 0.305675 0.455301 0.984148 0.125307 0.428293 0.863449 0.983279 1.397132 0.100000 0.722321 0.990726 0.252336 0.318175 0.697960 0.126943 0.438397 1.198033 1.375021 0.100000 0.100000 0.424237 0.435023 1.229836 0.721248 0.515791 0.100000 0.394807 1.032911 0.657498 0.426987 0.100000 0.690376 0.330067 1.319164 0.554162 0.994754 0.100000 1.108698 1.275132 0.428553 0.100000 0.672487 1.616551 0.295753 0.803904 0.100000 
0.100000 0.176327 0.713777 0.713954 0.813714 0.100000 0.373344 0.100000 0.613385 1.034821 0.100000 0.703454 0.130382 0.695524 0.100000 0.100000 0.470627 0.404085 0.181259 0.100000 0.100000 0.100000 0.925776 0.345261 0.299222 0.100000 0.100000 0.230236 0.834861 0.290705 1.140794 0.759685 0.100000 0.979646 0.358283 0.400992 0.100000 0.100000 0.617116 0.100000 0.266778 0.299350 0.904953 0.112058 1.525359 0.100000 0.100000 0.100000 0.458413 0.100000 0.840980 0.346784 
0.574407 0.100000 1.096500 0.385220 0.100000 0.100000 0.313256 0.314834 1.095117 0.822833 0.100000 0.229287 0.948873 0.100000 0.100000 1.319043 0.141523 0.803692 0.951466 0.389050 0.100000 0.464168 1.065121 0.100000 0.226110 0.100000 0.100000 0.260951 0.227701 1.273818 0.229212 0.123943 0.100000 0.760054 0.974701 0.317519 1.028238 0.780990 0.668944 0.100000 1.179702 1.054534 0.320256 0.807175 0.100000 0.100000 0.100000 0.368805 1.178981 0.113300 1.357588 0.222061 
0.100000 0.869398 0.125710 0.100000 0.417045 0.100000 0.326962 0.234422 0.506590 0.202636 0.657003 0.100000 0.464507 1.347753 0.203382 1.083910 0.100000 0.611467 0.665720 0.792130 1.419567 0.946015 1.412126 0.822065 0.404554 0.441846 0.279187 0.100000 0.100000 1.346317 0.243803 0.100000 0.738944 0.684662 0.100000 0.728041 1.014641 0.100000 0.100000 0.489069 0.100000 0.421476 0.277720 0.414607 0.547141 1.060457 0.100000 0.100000 0.919260 1.216538 0.911993 0.236669 
0.100000 0.805641 0.823788 1.078453 0.321537 0.100000 0.100000 0.100000 0.725420 0.100000 0.100000 0.100000 1.403360 1.312878 0.100000 0.100000 0.742465 0.297165 1.099710 0.184036 0.100000 1.305993 0.266495 0.540610 0.100000 0.622431 1.282021 0.204867 0.628100 0.723324 0.639150 0.711054 0.361243 0.100000 0.100000 0.389073 0.941586 0.148859 1.359566 0.100000 0.508342 1.013054 1.328500 0.851350 0.100000 1.010498 0.600506 0.100000 0.198171 0.492538 1.388895 0.100000 
0.448877 0.100000 0.921773 0.100000 0.100000 0.100000 0.100000 0.534866 0.685132 0.367093 0.100000 0.145768 0.445497 0.100000 0.100000 0.322280 0.283245 0.100000 1.046333 0.214758 0.721579 0.100000 0.634393 0.318720 0.310071 0.100000 0.100000 1.651397 0.673861 0.634943 0.162835 0.263800 0.100000 0.100000 0.288163 0.100000 0.544647 0.342337 0.590763 0.934435 0.208593 0.100000 2.014668 0.100000 0.100000 0.492895 0.100000 0.581482 0.351535 0.100000 0.388687 0.298547 
0.957195 0.241783 0.899458 0.100000 1.089011 0.100000 0.600960 0.584631 0.665022 1.002106 0.100000 1.146350 0.100000 0.545338 0.546051 0.378205 0.322964 0.495291 1.518095 0.100000 0.828746 0.368742 0.474590 0.676970 0.100000 0.100000 0.100000 0.100000 0.100000 0.666488 0.214923 0.455498 0.564399 0.690334 0.790508 0.940619 0.522685 1.018566 0.100000 0.192018 0.500447 0.100000 1.478063 0.505013 0.827996 0.531673 0.100000 0.604924 0.771723 0.100000 1.562573 0.552377 
0.100000 0.100000 1.248330 0.428211 0.100000 0.100000 0.100000 0.269204 1.251122 0.100000 0.100000 0.100000 1.111280 0.100000 0.770354 0.417690 0.728529 0.640128 0.182769 0.989062 0.100000 0.100000 0.476785 0.378715 0.425529 0.100000 0.100000 0.100000 1.104064 1.127924 0.100000 0.100000 0.100000 0.760591 0.100000 1.251598 0.100000 0.100000 0.686263 0.388430 0.100000 0.577908 1.131204 1.237305 0.882854 0.207891 0.789812 0.100000 0.100000 0.319393 0.698060 0.100000 
0.100000 0.686226 1.300577 0.183666 0.352715 0.100000 0.100000 0.148898 0.291036 1.040905 0.157412 0.100000 0.495770 0.100000 0.596077 1.127898 0.849825 0.100000 0.623075 0.500993 0.100000 0.289978 0.177184 0.458781 1.109843 0.660247 0.178991 0.511822 0.850427 0.688293 0.797784 0.100000 0.100000 0.100000 0.749614 0.669508 0.290930 0.905043 0.100000 0.443780 0.823859 0.658264 0.614727 1.285342 0.856832 0.189229 0.100000 0.153382 0.898218 0.100000 0.986783 0.100000 
0.335560 0.100000 0.943052 0.145135 0.100000 0.153337 0.100000 0.100000 0.820151 0.361294 0.447544 0.100000 0.824429 1.032616 0.426180 0.100000 0.926365 1.234213 0.136646 0.554430 0.100000 0.204107 0.946140 1.523213 0.322820 1.022602 0.677038 0.564566 0.630248 0.696868 0.967809 0.100000 0.100000 0.621048 0.563956 0.100000 0.100000 0.344816 0.111330 0.121634 0.100000 0.532550 0.439725 1.559321 1.034335 0.100000 0.884556 0.680501 0.401863 0.828108 1.622047 0.244673 
0.114727 0.345863 0.100000 1.078633 1.038502 1.209520 0.579822 0.100000 0.100000 0.468229 0.778427 0.729470 0.100000 0.100000 0.657231 0.100000 0.100000 1.032948 0.312770 0.215437 0.719027 0.100000 1.367210 1.260661 0.100000 0.280116 0.100000 0.424503 0.541026 1.037529 0.406490 0.710440 0.100000 0.100000 0.100000 0.906970 0.194090 0.100000 1.372114 0.100000 0.100000 0.980041 0.266061 0.610649 1.719250 0.592151 0.447205 0.100000 1.099219 0.691246 1.760014 0.664096 
