61 Number of operations
18 Number of workers
Standard production times
0.646605 0.333698 0.386162 0.812040 0.100000 0.358060 0.133854 0.320327 0.611989 0.559519 0.737791 0.185469 0.319613 0.254441 0.577142 0.348545 0.100000 0.100000 0.510972 0.821208 0.532079 0.372734 0.355884 0.628265 0.215164 0.100000 0.149303 0.950503 0.178342 0.257177 0.267209 0.543651 0.410819 0.209232 0.429835 0.409880 0.397118 0.485084 0.649481 0.333503 0.533242 0.396453 0.375817 0.637303 0.354636 0.452178 0.257270 0.548814 0.478300 0.593265 0.470009 0.100000 0.491192 0.142588 0.337951 0.316266 0.465167 0.100000 0.692033 0.557354 0.517192 
Production times: workers row and ops columns
0.731938 0.100000 0.647733 0.100000 0.100000 0.669330 0.590451 1.235450 0.752211 0.124507 0.291695 0.100000 0.100000 0.258631 0.259322 0.328482 0.100000 0.772644 0.100000 0.918948 0.193648 0.444665 1.499593 1.421696 0.290042 1.047038 0.689856 0.372357 0.100000 0.100000 0.363144 0.294181 0.698733 0.100000 1.122021 0.242557 1.248233 0.354936 0.862915 0.100000 0.100000 0.100000 0.649809 1.134374 0.100000 1.095873 0.247355 0.672254 0.895458 1.166727 0.783579 0.100000 0.497500 0.319144 0.463098 1.185300 0.270394 0.100000 1.069352 0.347821 0.313707 
0.123683 0.858542 0.679415 0.718598 0.100000 0.100000 0.100000 0.236440 0.100000 1.333322 0.100000 1.136986 0.167679 0.471859 0.703623 0.100000 0.605120 0.100000 0.498303 0.597740 1.861211 0.797486 0.542659 0.776401 0.100000 0.524573 0.152957 0.638136 0.100000 0.100000 0.100000 1.222554 0.312721 0.402359 0.100000 0.100000 0.100000 0.100000 1.126307 0.307450 0.152605 0.435333 0.690485 0.645629 0.100000 0.993917 0.402347 0.336317 0.482357 0.622430 0.857060 0.100000 0.617468 0.624286 0.100000 0.165164 0.569789 1.177140 0.281936 0.901008 0.100000 
0.402782 0.468184 0.176962 0.704635 0.100000 0.727029 0.301330 1.481884 1.226171 0.286125 0.734512 0.146462 1.208384 0.603286 1.453700 0.636788 0.175539 0.631532 1.053281 0.782682 0.590489 0.702408 0.100000 0.100000 0.100000 0.100000 0.560776 1.074267 0.701208 0.100000 0.100000 0.100000 0.251539 0.513763 1.239291 0.484913 0.147795 0.174344 0.662043 0.759703 0.611504 0.100000 0.755748 0.779827 0.484649 0.499137 0.776755 0.655297 1.134455 1.321125 1.002036 0.100000 0.682624 1.019454 0.472489 0.100000 0.225440 0.100000 0.100000 0.280060 0.204810 
0.447735 0.355762 0.100000 1.190675 0.100000 0.100000 0.100000 0.100000 0.306454 1.047165 0.865807 0.133287 0.892082 0.100000 0.662280 0.438626 0.412813 0.100000 0.386881 0.100751 0.588592 0.361762 0.246052 1.044935 0.100000 1.215108 0.100000 0.981941 0.100000 0.499209 0.446709 0.207425 0.100000 0.100000 1.010806 0.231728 0.100000 1.903964 0.463413 0.460865 1.697195 0.100000 0.716953 0.466301 0.100000 0.100000 0.100000 0.537714 0.809485 0.340905 0.218772 0.100000 0.674328 0.100000 1.012804 0.216332 0.892895 0.231812 0.668053 0.968671 1.135316 
0.100000 0.100000 0.107106 0.575104 0.987276 0.576704 0.110547 0.100000 0.388757 1.396495 0.100000 0.100000 0.100000 0.524276 0.365076 0.597814 0.744082 1.177100 0.100000 0.471828 1.374621 0.100000 0.100000 0.458632 0.259062 0.100000 0.714496 0.743920 1.070362 0.100000 1.254237 0.456243 0.518667 0.391558 0.507224 0.714740 0.107047 0.112487 0.213126 1.226694 0.101564 0.329875 0.213022 0.728712 1.289585 0.240965 0.100000 0.854383 0.399953 0.661042 0.608896 0.100000 0.100000 0.100000 0.433938 0.100000 0.729403 0.619328 0.504280 0.139687 0.334273 
0.441695 0.655531 0.420295 1.096256 1.216413 1.024214 0.100000 0.725883 1.629031 1.803293 1.183372 0.551454 0.100000 0.838729 0.414371 0.100000 0.484956 0.661343 0.100000 1.080743 0.714254 0.100000 1.094473 0.100000 0.100000 0.247302 0.100000 0.100000 0.100000 0.100000 0.100000 0.407853 0.100000 0.100000 0.602601 0.100000 0.100000 0.100000 0.410664 0.786187 1.259315 1.546731 1.058535 1.007295 0.165443 1.014266 1.034164 1.395899 0.683754 1.437202 0.100000 0.175208 0.329100 0.523312 0.100000 0.207052 1.578903 1.038391 0.693931 0.404672 0.768215 
1.270931 1.567284 0.100000 0.891201 0.100000 0.256299 0.117147 0.422685 1.591849 1.085904 0.100000 0.100000 0.380292 1.230485 0.286013 0.824474 0.100000 0.395082 0.625112 0.213814 0.849542 0.601564 1.018749 0.545561 0.768803 0.506758 0.100000 0.526275 0.100000 0.939246 0.357497 0.486241 0.477842 0.836622 0.663672 0.100000 0.100000 0.100000 0.100000 1.112884 0.418516 0.205417 0.382432 1.241607 0.100000 0.564714 0.299790 0.100000 0.100000 0.785702 0.307874 0.100000 0.100000 0.100000 0.847175 0.533396 0.100000 0.478884 0.100000 0.129062 0.242780 
0.361281 0.245926 0.175252 0.696129 1.100028 0.100000 0.687556 0.100000 0.359842 0.264511 1.332680 0.100000 0.306212 0.100000 0.307486 0.327495 0.153445 0.100000 0.496644 0.557083 1.221632 0.867730 1.206079 0.166158 0.624565 0.919938 0.100000 0.833094 0.141160 0.629559 0.525950 0.100000 0.100000 0.100000 0.426642 0.235851 0.832006 0.894736 0.690227 0.100000 0.240515 1.531493 0.491341 1.248546 0.100000 0.100000 0.100000 0.691158 0.941642 1.138117 1.447740 0.100000 0.991518 0.568728 0.100000 0.100000 0.434881 0.100000 0.100000 0.269130 0.889913 
0.202964 0.231240 0.854007 0.497943 0.100000 0.399027 0.438884 0.100000 0.694758 1.274139 0.348099 0.100000 0.100000 0.775327 0.940097 0.100000 0.100000 0.100000 0.965079 0.535814 0.242390 0.100000 0.889992 0.517025 0.223327 0.298889 0.752734 0.295165 0.491071 0.633430 0.100000 0.240550 0.430165 0.815784 0.100000 1.328692 0.406116 0.100000 0.738440 0.260215 0.294377 0.107132 0.437569 1.019243 0.962035 0.409314 0.100000 0.100000 0.100000 0.416489 0.570474 0.100000 0.513257 1.061741 1.216358 0.100000 0.406164 0.100000 0.848585 0.751601 0.763883 
0.537693 0.100000 0.813237 0.970299 0.928741 0.100000 0.138158 0.100000 0.933813 0.305173 1.039219 0.100000 1.144511 0.232430 1.288974 0.178298 0.100000 0.100000 0.638015 0.683851 1.048912 1.075253 0.639226 0.100000 0.100000 0.100000 0.100000 0.100000 0.100000 1.338603 1.376130 0.659549 0.339584 0.172498 0.179579 1.356138 0.705346 0.327242 0.100000 1.231802 0.100000 0.100000 0.177811 0.810271 0.100000 1.183051 0.100000 0.692117 1.437046 1.461309 0.638620 0.100000 0.603973 0.712591 0.726377 0.823481 0.168290 0.363468 1.272952 0.100000 0.658344 
1.236273 0.230354 0.168817 0.266783 0.100000 0.461337 0.250655 0.442047 0.869581 0.382840 1.091151 0.965206 0.100000 0.100000 0.486444 0.508110 0.100000 0.100000 0.681587 1.189512 1.103692 0.100000 0.697055 0.437662 0.100000 0.110942 0.689574 2.186182 0.288220 0.770029 0.100000 0.104480 0.728922 0.964070 0.261845 0.766089 0.491256 0.715097 0.685364 0.299482 0.372880 1.125857 0.622620 0.100000 0.582268 0.426659 0.877854 0.361638 0.709930 0.342805 1.016283 0.100000 0.415424 0.627272 0.796781 0.100000 0.803667 0.100000 0.950508 0.100000 0.924570 
0.102269 0.524462 0.100000 0.273472 0.100000 0.711031 0.100000 0.100000 0.217279 0.175080 1.041366 0.150703 0.986780 1.167140 0.830766 0.769372 0.100000 0.100000 0.267495 0.746949 0.483417 0.750697 0.286349 0.733326 0.100000 0.100000 0.136299 1.687234 0.710174 0.100000 0.100000 0.749898 0.740120 0.100000 0.379796 0.814007 0.837242 1.106350 0.932501 0.507208 0.100000 0.181781 0.677186 0.548214 0.619322 0.100000 0.100000 0.276435 0.658516 0.155368 0.833326 0.100000 0.528369 0.968746 0.228852 0.661845 0.468692 0.121778 0.100000 0.713612 1.333516 
1.065070 0.100000 0.100000 1.189306 1.044552 0.100000 0.100000 0.783303 0.392100 0.100000 1.446793 0.294497 0.100000 0.100000 1.013937 0.497586 0.100000 0.100000 0.100000 0.738245 0.623562 1.118021 0.668342 0.100000 0.424583 0.752329 0.100000 0.791019 1.531755 0.223529 0.100000 1.027340 0.487365 0.100000 0.100000 0.298360 0.642018 0.885890 1.285080 0.270662 0.100000 0.523952 0.704372 1.044876 0.798774 0.554875 0.100000 1.297321 0.233853 0.141862 1.596835 0.100000 0.750540 0.100000 0.212928 0.534325 1.238562 0.382705 1.728098 0.616311 0.100000 
1.137152 0.100000 0.919557 0.179819 0.100000 0.204938 0.151054 0.425997 0.358668 0.431030 0.817685 0.275297 0.100000 0.341347 0.956254 0.105607 0.417799 0.683756 0.589776 1.151520 0.424964 0.100000 0.100000 0.886700 0.100000 0.401775 0.100000 1.841868 0.100000 1.650237 0.300669 0.402383 0.100000 0.515098 0.545602 1.130789 0.235366 0.100000 0.100000 0.539809 0.293255 0.199591 0.881268 0.675599 0.161968 0.100000 0.178149 0.100000 0.544568 0.758459 0.351716 0.100000 0.365256 0.100000 0.107904 1.266574 0.100000 0.127229 0.100000 0.747001 0.526214 
0.100000 0.710996 0.712486 0.805923 0.100000 0.100000 0.234290 0.364024 0.404838 0.557228 0.694452 0.100000 0.100000 0.553456 0.100000 0.439955 0.100000 0.100000 0.100000 0.203745 0.336965 0.100000 0.903965 0.690181 0.100000 0.430040 0.369987 0.526562 0.340423 0.100000 0.405096 0.999659 0.374048 0.840625 0.850248 1.261868 0.512626 0.100000 0.714253 0.721254 1.419575 0.100000 0.495070 0.485680 0.651505 0.748509 0.639564 0.403716 0.160880 1.094574 0.386458 1.154756 1.309394 0.430234 0.111222 0.100000 0.100000 0.100000 0.412520 0.262288 0.931458 
0.576055 0.146648 0.609760 0.685049 0.100000 0.438943 0.309413 0.165046 0.430236 0.699534 0.552570 0.932196 0.424365 0.100000 0.699040 0.644816 0.100000 1.151683 0.867087 1.123171 0.100000 0.522534 0.210847 1.022908 0.749683 0.555753 0.191393 1.585667 0.100000 1.059994 0.524159 0.100000 0.315873 0.100000 0.100000 0.100000 0.278059 0.580534 0.850706 0.117734 0.100000 0.132367 0.595275 1.205867 0.598411 0.100000 0.100000 0.464069 1.193994 0.341662 1.177117 0.538608 1.644033 0.100000 0.100000 0.100000 0.772430 0.277850 0.229078 0.701214 0.100000 
0.100000 0.495773 0.963699 1.024089 0.100000 0.874927 0.100000 0.665374 0.556183 0.612912 0.168652 0.294205 1.068824 0.100000 0.100000 0.100000 0.236490 0.100000 1.069514 0.207494 0.804767 0.235293 0.616225 1.070233 0.123173 0.100000 0.803676 1.596240 0.100000 0.100000 0.196951 0.100000 0.100000 0.100000 0.323280 0.726953 0.369612 1.644521 0.469359 0.646656 0.443830 0.310918 0.100000 0.908754 0.673046 1.302482 0.281441 0.282081 0.100000 0.816433 0.356178 0.528224 0.621244 0.100000 1.504199 0.100000 0.247013 0.499984 1.117687 0.100000 0.761406 
0.100000 0.456274 0.131685 0.756356 0.100000 1.628523 0.100000 0.100000 1.020068 1.040820 1.801590 0.100000 0.856837 0.100000 0.667427 0.742889 0.868544 0.100000 0.842866 0.480899 0.829163 0.199993 0.626709 1.445547 1.278878 0.431262 0.682560 1.162891 0.100000 1.047511 0.865731 0.100000 0.340202 0.317398 0.100000 0.100000 0.713527 0.100000 0.182769 0.741931 0.189118 0.100000 0.370532 0.230697 1.296605 1.045153 0.100000 0.634699 1.575129 0.100000 0.614773 1.308959 0.262081 0.100000 0.747369 0.727236 0.931273 0.665968 1.125556 0.218111 0.929515 
