49 Number of operations
18 Number of workers
Standard production times
0.403540 0.559243 0.482984 0.113683 0.103929 0.538541 0.265351 0.468657 0.284757 0.440083 0.247512 0.234520 0.479704 0.473015 0.573372 0.394768 0.575403 0.562040 0.215646 0.372599 0.507018 0.198361 1.020619 0.561856 0.178214 0.158391 0.737417 0.217246 0.520314 0.281931 0.333394 0.479085 0.393441 0.507435 0.793673 0.645784 0.380774 0.276351 0.398959 0.378598 0.161886 0.474897 0.513494 0.287270 0.144512 0.263814 0.257649 0.339182 0.873947 
Production times: workers row and ops columns
0.457980 0.314959 0.332451 0.100000 0.100000 0.914140 0.515445 0.100000 0.257772 0.248286 0.100000 0.881615 0.632350 0.100000 0.398436 0.730914 0.598254 0.100000 0.100000 0.100000 0.331780 0.100000 0.856337 0.103226 0.100000 0.949090 0.981603 0.100000 0.783407 0.931885 0.437402 0.536734 0.635994 1.139401 0.496730 0.366534 0.639918 0.100000 0.656563 0.665740 0.165753 1.982176 0.100000 0.477596 0.899358 0.665034 0.458727 0.920836 0.880744 
0.282411 0.600742 1.176662 0.151705 0.642238 0.158940 0.900228 0.473665 0.647641 0.100000 0.704210 0.100000 0.654252 0.675260 0.322055 0.300919 0.926050 0.670442 0.603959 0.626830 0.100000 0.162785 0.100000 0.448348 0.843398 0.100000 1.453583 0.173935 0.880094 0.781677 0.714965 1.157249 0.472060 0.879391 1.063450 1.080784 0.175347 0.223067 0.384973 0.382695 0.100000 0.827207 0.830431 0.302696 0.412065 0.100000 1.346504 0.499101 1.020588 
0.740089 0.744056 0.136268 0.100000 0.254808 1.518065 0.100000 0.100000 0.135687 0.100000 0.202268 0.100000 0.100000 0.100000 0.431955 0.100000 1.261323 0.686281 0.100000 0.607554 0.946204 0.824293 0.980761 0.556363 0.689044 0.844938 0.100000 0.153898 0.620696 0.100000 0.668274 0.100000 0.543528 0.248509 0.312279 0.946265 0.169135 0.513441 0.477607 0.286939 0.100000 0.100000 0.930023 0.100000 0.100000 0.100000 0.488391 0.426005 1.174641 
1.056468 0.100000 0.485025 0.100000 0.100000 0.100000 0.516128 0.179064 0.278897 0.541296 0.178815 0.100000 0.639774 0.168569 0.100000 0.100000 1.004862 0.239939 0.100000 0.100000 0.100000 0.100000 1.374879 0.100000 0.100000 0.100000 0.508247 0.599662 0.100000 0.302966 0.100000 1.020169 0.652840 0.485372 1.119007 0.387428 0.258820 0.198213 0.108083 0.100000 0.512647 0.382781 0.817409 0.544287 0.234649 0.157239 0.226144 0.794379 1.294942 
1.223529 1.020638 0.707708 0.122792 0.482641 0.100000 1.048071 0.706849 0.100000 1.104279 0.100000 0.103260 1.343821 1.126231 0.100000 1.123779 1.370181 1.464843 0.274772 0.100000 0.152566 0.100000 0.806413 0.466846 0.100000 0.100000 0.303947 0.327297 0.100000 0.173762 0.683448 0.623268 0.727580 0.184534 0.683634 0.335937 0.279911 0.100000 0.695574 0.285087 1.037698 0.658669 0.888074 0.100000 0.100000 0.479105 0.100000 0.100000 0.100000 
0.513470 0.931580 1.341370 0.100000 0.100000 0.631851 0.166084 0.100000 0.100000 0.454214 0.758020 0.285361 0.423507 0.563153 0.964331 0.960121 1.641508 1.811162 0.756799 0.316777 1.856650 0.453813 0.669284 1.023037 0.908687 0.100000 0.679602 0.100000 0.349811 0.707581 0.100000 1.038038 0.364973 0.509225 0.818676 0.100000 0.720482 1.096435 0.366564 0.100000 0.395628 0.661812 1.027609 0.121112 0.111486 0.100000 0.978172 0.774364 1.606627 
1.172191 0.774319 0.186618 0.221283 0.100000 0.209798 0.100000 0.100000 0.453093 0.100000 0.100000 0.545962 0.578925 1.248076 0.379450 0.797693 0.745404 0.100000 0.207952 0.100000 1.401926 0.943150 2.142316 0.100000 0.335882 0.132378 0.609158 0.285427 0.548067 0.100000 0.100000 0.638917 0.510853 0.956374 0.709714 0.841030 0.100000 0.100000 0.949572 0.520325 0.100000 0.743560 0.507347 0.507205 0.100000 0.284523 0.899399 0.100000 0.753861 
0.100000 1.122099 1.119810 0.100000 0.100000 0.407441 0.398318 1.101825 0.548715 0.100000 0.473874 0.100000 0.100000 1.115778 0.811028 0.100000 0.664321 0.100000 0.577735 0.579213 0.188090 0.135030 0.257400 0.100000 0.100000 0.410730 0.287434 0.970384 1.571469 0.813080 0.747438 0.468473 0.778928 1.722460 0.644702 0.345630 0.100000 0.100000 0.918225 0.155061 0.659969 0.100000 1.442872 0.100000 0.100000 0.443169 0.624927 0.100000 1.139423 
1.663466 0.391443 0.100000 0.681645 0.100000 1.088789 0.100000 0.100000 0.228401 1.091122 0.605379 0.146621 0.780361 0.538571 0.313305 0.100000 0.286609 0.476456 0.100000 0.400163 0.100000 0.100000 1.957834 1.479461 0.623679 0.100000 1.389208 0.350260 0.310862 1.067155 1.419690 0.100000 1.034970 0.100000 0.902681 0.843212 0.100000 0.239332 0.100000 0.593288 0.852325 0.129290 0.100000 0.823362 0.100000 0.100000 0.258863 0.100000 0.738136 
0.778881 0.694459 0.356040 0.431281 0.100000 0.546870 0.100000 0.930094 0.421135 0.100000 0.914646 0.313188 0.930160 1.189419 0.860550 0.616695 1.946858 0.952145 0.442427 0.378729 0.100000 0.757177 0.942642 0.296977 0.100000 0.486769 0.332614 0.100000 0.180189 0.100000 0.852806 0.702013 1.035549 0.469091 0.732209 0.100000 1.211714 0.100000 1.083759 0.289767 1.116247 1.240128 0.295089 0.959496 0.100000 0.149632 0.660780 0.197027 1.612920 
1.051571 1.164403 0.100000 0.197520 0.100000 0.565543 0.354281 0.858377 0.100000 1.354380 0.270223 0.295668 0.669709 0.554803 1.024467 0.100000 0.139904 0.100000 0.247298 0.100000 0.487454 0.100000 0.694676 0.781590 0.616026 0.653419 0.879532 0.512089 1.156596 0.560221 0.689500 1.395145 1.134578 1.111498 0.474778 1.070247 0.412253 1.194160 0.269461 0.612254 0.100000 0.990711 0.809160 0.578014 0.100000 0.510887 0.278147 0.902214 0.658397 
0.100000 1.046077 0.686122 0.522120 0.304946 1.025818 0.100000 0.644298 0.707766 0.798842 0.100000 0.326528 0.643137 0.404636 0.936776 0.100000 0.921374 0.793342 0.100000 0.418590 0.100000 0.100000 1.381490 0.828172 0.570762 0.196879 0.100000 0.741796 0.100000 0.100000 0.100000 1.134394 0.201703 0.794681 0.944641 0.165281 0.134482 0.162733 0.100000 0.980325 0.625137 0.100000 1.146270 0.100000 0.100000 0.100000 1.120912 0.849673 1.043202 
0.624366 0.269616 0.941189 0.476731 0.100000 0.100000 0.201554 0.613734 0.122948 0.964183 0.442047 0.226604 0.100000 1.249971 0.316782 0.488810 0.219796 0.176742 0.100000 0.100000 1.253121 0.441621 0.941213 0.806677 0.371457 0.100000 0.822675 0.100000 1.049133 0.350705 0.182779 0.208350 0.295442 0.422695 0.493645 0.498128 0.348817 0.842222 0.100000 0.118574 0.737415 0.407358 0.100000 0.700431 0.276412 0.100000 0.145175 0.822808 0.100000 
0.439404 0.405028 0.377318 0.889625 0.100000 0.953263 0.100000 0.100000 0.100000 0.753330 0.100000 0.162297 0.796447 0.337294 0.100000 0.626055 0.169980 0.100000 0.522363 0.100000 0.369114 0.985885 1.089853 0.371069 1.067097 0.100000 1.228842 0.540426 0.100000 0.100000 1.112278 0.927932 0.100000 0.100000 0.316511 0.681260 0.587588 0.100000 1.736665 1.125991 0.434310 0.625939 0.670761 0.173871 0.246046 0.103842 0.415443 1.034276 0.246051 
0.592116 0.100000 0.100000 0.100000 0.100000 0.256805 1.132116 1.374238 0.199864 0.942407 1.072352 0.100000 0.100000 0.346905 0.295309 0.441691 0.987736 0.849166 0.100000 1.181656 0.100000 0.346058 1.767313 0.909884 0.100000 0.583403 1.119223 0.100000 0.893288 1.090652 0.858554 0.496800 0.859987 0.448718 0.100000 1.207426 1.232221 0.100000 0.334989 1.213468 0.100000 0.549635 0.100000 0.100000 0.212968 0.100000 0.100000 0.566347 1.292644 
0.395090 0.370360 1.033112 0.550443 0.100000 0.100000 0.784830 0.100000 1.052858 0.100000 0.100000 0.143821 1.191658 0.962305 0.680678 0.677794 0.603520 1.148772 0.745001 0.180853 0.583463 0.445217 1.715571 0.351753 0.100000 0.301363 0.100000 0.100000 0.395168 0.100000 0.100000 0.757773 0.100000 0.759105 0.141876 0.271436 0.356459 0.811174 0.121787 1.729309 0.872250 0.877100 0.335699 0.547102 0.394848 0.494968 0.576380 0.956213 1.151113 
0.181306 0.433750 0.478407 0.139301 0.480260 0.100000 0.100000 0.222063 0.911838 0.544702 0.413037 0.354064 0.100000 0.534888 0.100000 0.100000 0.100000 0.653343 0.100000 0.516195 0.637174 0.550834 0.470612 0.389018 0.574147 0.100000 0.100000 0.361136 1.526935 0.100000 0.100000 0.103972 0.582399 1.547421 0.716223 0.193724 0.760674 0.102219 0.502116 0.100000 0.529165 0.404447 0.100000 0.441490 0.295499 0.459394 0.100000 0.637835 1.118438 
1.100322 0.100000 0.599766 0.100000 0.554325 0.825911 0.100000 0.100000 0.100000 1.168310 0.614138 0.100000 0.100000 1.450309 0.617199 0.233094 0.790939 0.187160 0.395861 0.808008 0.592290 0.884979 1.005279 0.100000 0.658966 0.292728 0.471985 0.191789 0.734858 0.308367 0.100000 0.649280 0.100000 0.664903 0.100000 0.802601 0.811094 0.100000 0.734739 0.377337 0.100000 0.404381 0.100000 0.100000 0.100000 0.271167 0.621799 0.171366 0.718371 
