67 Number of operations
16 Number of workers
Standard production times
0.142094 0.375063 0.373762 0.513929 0.391950 0.522088 0.146632 0.420831 0.622619 0.393651 0.356655 0.394140 0.312389 0.588177 0.371959 0.768662 0.776284 0.163972 0.619157 0.307118 0.558367 0.388188 0.483154 0.374135 0.701301 0.235503 0.203156 0.864727 0.558449 0.512867 0.504953 0.487703 0.336292 0.708064 0.100000 0.100584 0.325446 0.302851 0.598691 0.412255 0.100000 0.428164 0.548564 0.743944 0.535647 0.221438 0.382201 0.573954 0.750880 0.413047 0.100000 0.202946 0.473125 0.190842 0.100000 0.381630 0.482643 0.513696 0.522431 0.346209 0.503221 0.233087 0.366308 0.669027 0.100000 0.453298 0.162202 
Production times: workers row and ops columns
0.100000 0.100000 0.100000 0.409133 0.100000 0.129923 0.523795 0.127892 0.140867 0.399773 0.458339 0.478656 0.100000 0.100000 0.100000 0.100000 1.076854 0.355985 0.601170 0.100000 0.108423 1.118352 0.111562 0.102191 0.343446 0.100000 0.181661 0.736669 0.655056 0.100000 0.205525 0.100000 1.265112 1.094576 0.100000 0.536800 0.862241 0.466600 1.625147 0.100000 0.100000 1.163212 0.518899 0.531015 1.078644 0.213434 0.673148 0.406841 1.517091 0.389234 1.304727 1.446095 0.490006 1.294217 0.100000 0.100000 0.100000 1.096053 0.553871 0.944605 0.378224 0.350691 1.416146 0.731671 0.121262 0.583596 0.723004 
0.100000 0.100000 0.321889 0.120558 0.100000 1.114602 0.100000 0.725390 1.099388 0.331782 1.191133 0.100000 0.641724 0.100000 0.379472 0.257503 0.696227 0.160975 0.522530 0.283872 1.048577 0.127624 0.167577 1.311499 1.364280 0.174513 0.772071 0.916507 0.701901 0.205973 0.437352 1.233895 0.771418 0.439958 0.100000 0.270968 0.499959 0.100000 0.483298 0.751642 0.100000 0.100000 0.627064 1.478645 0.600756 0.790215 0.169192 0.784782 0.885747 0.820322 0.100000 0.100000 0.100000 0.628551 0.823151 0.169919 0.670136 0.100000 0.197811 1.076413 0.426946 0.181782 0.484451 0.981457 0.288227 0.369649 0.167307 
0.100000 0.100000 0.516342 0.100000 1.231842 0.256436 0.100000 0.100000 0.100000 0.100000 0.610143 0.825677 0.424900 0.250329 0.100000 0.100000 1.412647 0.177007 1.347816 0.809970 0.991784 0.171833 1.253026 0.276666 0.779915 0.100000 0.369397 1.239567 0.473051 0.507967 1.179313 1.100615 0.725936 1.037283 0.360601 1.724198 0.319903 0.237290 0.383112 0.188836 0.257804 0.420919 0.805078 0.797771 0.114593 0.100000 1.255955 0.100000 1.461386 0.703389 0.100000 0.100000 0.100000 0.100000 0.100000 0.151727 0.694044 0.329450 0.617957 0.100000 0.558192 0.420664 0.540773 0.815563 0.100000 0.572128 0.100000 
0.578236 0.100000 0.162685 0.100000 0.100000 0.100000 0.100000 0.146354 0.348060 0.100000 0.100000 1.266872 0.356983 0.300090 0.100000 1.143812 1.841535 0.413566 0.705398 0.100000 0.619127 1.241356 0.594412 0.100000 1.392129 0.368041 0.100000 0.832058 0.464961 0.667268 0.219816 0.412907 0.100000 0.100000 0.100000 0.282739 0.341200 0.503363 0.307069 0.100000 0.100000 0.422570 0.100000 0.202025 1.349967 0.100000 0.280546 0.613965 0.993225 0.119591 0.174096 1.116680 0.100000 1.385995 0.100000 0.215965 0.480141 0.100000 0.447572 0.800452 0.946634 0.281006 0.100000 0.806609 1.367679 0.100000 0.299383 
0.238904 0.234316 0.235746 2.029553 0.100000 0.711814 0.591337 0.239893 0.805704 0.337879 1.033922 0.971987 0.100000 0.140150 0.100000 1.373085 1.160108 0.100000 0.100000 1.087794 1.110809 0.622037 1.403387 0.100000 0.498769 0.100000 0.252623 1.331471 0.291432 0.620422 0.811922 0.463381 0.112620 0.537953 0.100000 0.417395 0.100000 0.377165 0.305536 0.100000 0.100000 0.807542 1.087088 0.771361 0.409726 0.100000 1.150479 0.232131 0.815342 0.189514 0.490619 0.100000 0.100000 0.248568 0.303897 0.726417 0.948281 0.707642 0.274086 0.811625 0.879825 0.177751 1.389162 0.397504 0.100000 0.479490 0.583037 
0.100000 0.344485 0.738330 0.258101 1.125442 0.851422 0.550619 0.478938 0.709442 0.100000 0.876285 0.100000 0.630467 0.943712 0.100000 0.638122 0.700776 0.825289 0.100000 0.453068 0.213225 0.100000 0.769951 0.100000 1.207609 0.100000 0.844417 0.326581 0.517498 0.250788 0.921868 0.473604 0.891623 0.100000 0.100000 0.812770 1.295541 0.970880 0.502044 0.923503 0.203329 1.279316 0.491824 0.892190 1.000512 0.100000 0.304902 1.257392 0.577955 0.779498 0.100000 0.183122 0.495041 0.319996 0.103936 0.346920 0.461844 0.929339 1.377425 0.808847 1.304068 0.530217 0.824987 0.100000 0.534671 0.480435 0.100000 
0.100000 0.285084 1.185671 0.100000 0.471023 0.149496 0.442106 0.124150 0.265116 0.873567 0.242234 0.100000 0.714317 0.835965 0.444531 0.829845 1.494422 0.100000 0.838102 0.100000 0.614064 0.961716 0.100000 0.625470 0.842634 0.570811 0.100000 1.057307 0.692953 0.715369 0.453751 0.100000 0.100000 1.308345 0.100000 0.103452 0.100000 0.318336 0.100000 0.891475 0.229819 0.863078 0.235760 1.064462 1.258449 0.423195 0.100000 1.329621 1.398267 1.377515 0.217646 0.679869 1.057386 1.008101 0.220683 0.100000 0.354101 0.100000 0.726746 0.607157 0.796348 0.925338 0.822065 0.168193 0.100000 1.211050 0.100000 
0.100000 0.305123 0.100000 1.051023 0.956404 0.100000 0.100000 1.105211 0.787107 0.608125 0.100000 0.645852 0.100000 0.862721 0.982933 0.100000 0.934677 0.351605 0.100000 0.100000 0.101181 0.208788 0.692238 1.199475 0.749382 0.218116 0.299421 0.294021 0.877875 0.847282 0.166618 0.100000 0.666533 0.697428 0.165295 1.577353 0.100000 0.100000 1.408899 1.518944 0.100000 1.081081 0.511148 0.398550 0.416593 0.210199 0.136685 0.699442 1.995356 0.976163 0.100000 0.100000 0.100000 0.329759 0.100000 0.539353 0.624859 0.784599 1.097604 0.100000 0.456723 0.173483 0.590455 0.100000 0.514061 0.100000 0.100000 
0.100000 0.466282 0.100000 0.276199 0.161793 2.098432 0.642186 0.233292 0.463747 0.258880 1.161789 0.846958 0.161374 1.239820 0.100000 1.439977 0.158782 0.180882 0.602015 0.100000 0.244732 0.810698 0.100000 0.895765 0.235394 0.689795 0.623273 0.359173 0.941433 0.483816 0.100000 1.544969 0.787616 0.100000 0.222242 0.539891 0.100000 0.499240 0.578542 0.161529 0.100000 1.288867 0.871553 0.400167 0.496451 0.100000 0.100000 0.100000 0.392155 1.340613 0.389228 0.100000 0.984670 0.100000 0.426441 0.339569 0.879744 0.252512 0.906782 0.354614 0.789371 0.100000 1.110858 0.867485 0.144505 0.100000 0.100000 
0.555756 0.100000 1.083969 0.121979 0.624909 1.237710 0.100000 0.100000 0.100000 0.100000 0.168334 0.562302 0.904326 0.314614 0.100000 0.886788 0.492871 0.471066 0.896004 0.609371 0.919549 0.119349 0.436651 0.107912 1.316980 0.100000 0.100000 0.870440 0.100000 0.289354 0.847476 0.209024 0.707383 0.549006 0.100000 0.452942 0.100000 0.100000 0.100000 0.100000 0.100000 0.879512 1.433101 0.100000 0.421845 0.191480 0.796126 0.241320 0.609435 1.255552 0.670839 0.957301 1.325492 0.549053 0.885620 0.504461 0.100000 0.889167 0.560354 0.638719 0.100000 0.241303 1.133047 0.331350 0.155430 0.100000 0.747637 
0.100000 0.407522 0.100000 1.206969 0.183823 1.099430 0.594675 0.291987 0.299072 0.120250 0.470014 0.647999 0.189662 0.876219 0.728326 1.012281 0.639637 0.415326 1.668744 0.100000 0.597115 0.100000 0.100000 0.100000 0.591727 0.100000 0.305805 1.274559 1.118593 0.838474 0.213682 0.355724 0.100000 1.737716 0.974327 1.472106 0.996918 0.354081 0.335611 0.544010 0.389593 0.191006 0.701889 0.594530 0.377530 0.445267 0.269207 1.120627 0.751659 0.136106 0.472662 0.587392 0.100000 0.688281 0.234094 0.189775 0.746880 0.100000 0.298148 0.588584 0.333378 0.100000 0.215769 0.102687 0.100000 0.582838 0.100000 
0.100000 0.100000 0.936896 0.100000 0.555103 0.666282 1.172440 0.100000 0.100000 0.471310 0.100000 0.989041 0.677492 0.100000 0.100000 0.989350 1.423644 0.100000 0.508148 0.413879 1.432622 0.677356 2.277688 0.100000 0.448328 0.100000 0.219442 0.176784 1.408001 0.990805 0.100000 1.326541 0.100000 0.343033 0.100000 0.514156 0.191052 0.100000 1.489985 0.541211 0.100000 0.495701 0.637429 0.283607 0.492420 0.100000 1.197850 0.799012 0.482109 1.107393 1.034884 0.100000 0.100000 0.468638 0.527918 0.100000 0.896076 0.100000 0.991617 0.409981 0.564586 0.144309 0.787247 0.100000 0.526902 0.647350 0.100000 
0.100000 0.502129 0.100000 0.906188 0.668196 1.290272 0.808472 0.100000 0.293168 0.598315 0.100000 0.642048 0.484755 0.194378 1.071563 0.762972 0.516920 0.100000 0.273771 0.100000 0.671799 0.639961 1.305902 0.528273 0.790717 0.458015 0.695072 0.809610 0.100000 0.364873 0.664202 0.358102 0.498426 0.405099 0.100000 0.369259 0.695953 0.684762 0.239533 0.652722 0.100000 0.100000 0.910996 1.146241 0.567309 0.198767 0.541685 0.100000 0.698624 0.931967 1.051231 0.247928 0.336652 0.100000 0.100000 0.791106 0.100000 0.100000 0.100000 0.214626 0.879002 0.100000 1.440994 1.881486 0.100000 0.501536 0.100000 
0.100000 0.575451 0.414229 0.369526 0.100000 0.100000 0.790568 1.097038 0.271940 0.433480 0.929235 0.174183 0.534880 1.004625 0.536086 1.093144 1.109069 0.292889 0.885780 0.100000 0.250624 0.247870 0.100000 0.416664 1.118590 0.150484 0.100000 0.961762 1.184640 0.605188 0.100000 1.021835 0.100000 1.709776 0.139146 0.100000 0.212780 0.100000 0.919195 1.006868 0.100000 0.398207 1.087552 0.760395 0.100000 0.129626 0.377252 0.129261 1.285584 0.808683 0.338603 0.407722 0.223177 0.100000 0.699755 1.054810 0.199127 0.739424 0.100000 0.726024 0.574695 0.238590 0.724568 0.250495 0.100000 0.100000 0.100000 
0.733024 0.434437 0.442384 0.202053 0.100000 0.100000 0.427409 0.100000 0.100000 0.675653 0.334255 0.854971 0.100000 0.371542 0.179935 1.522934 1.586247 0.861468 0.578541 0.344392 0.100000 0.610497 0.711227 0.100000 1.007020 1.028271 0.335596 0.871136 0.705349 0.677788 1.365825 0.100000 0.791382 0.270149 0.686404 0.100000 0.196463 0.100000 0.100000 0.509175 0.714063 0.556287 1.096694 0.307759 0.100000 0.100000 0.157188 0.603400 0.662500 0.100000 0.100000 0.654672 1.028361 0.839632 0.100000 0.185353 0.834537 0.100000 0.155595 0.203394 0.676877 0.100000 0.224081 0.119869 0.135145 0.100000 0.934641 
0.217376 0.421691 0.129199 0.100000 0.100000 0.774296 0.100000 0.113854 0.482285 1.293607 0.100000 0.498436 0.100000 0.396001 0.100000 0.298639 1.153487 0.413577 1.151605 0.100000 0.656154 1.170916 0.845193 1.036418 1.169547 0.282332 0.100000 1.314297 1.337898 0.880707 0.486110 0.100000 0.100000 0.438578 0.387445 0.527121 0.100000 1.013504 0.268607 0.182661 0.100000 0.819450 0.929505 0.915045 0.153079 0.959499 0.100000 0.100000 1.453532 0.100000 0.100000 0.459198 0.676038 0.155730 0.100000 0.150529 1.126002 1.300385 0.885348 0.750713 0.962575 0.100000 0.100000 0.777791 0.185271 0.800766 0.100000 
