64 Number of operations
19 Number of workers
Standard production times
0.466121 0.451261 0.191351 0.500470 0.385640 0.784582 0.770416 0.700415 0.513218 0.778861 0.347546 0.339377 0.570664 0.559627 0.103677 0.290091 0.256951 0.402591 0.393774 0.166244 0.572322 0.609378 0.331469 0.290485 0.734303 0.100000 0.316157 0.605025 0.480615 0.100000 0.276179 0.540766 0.550065 0.349835 0.370087 0.729117 0.699805 0.659168 0.100000 0.100000 0.282067 0.140964 0.156892 0.460566 0.560605 0.677497 0.407015 0.586894 0.555864 0.461281 0.361928 0.372485 0.246951 0.468647 0.100000 0.575308 0.143200 0.520365 0.299048 0.495809 0.303118 0.417318 0.508253 0.470372 
Production times: workers row and ops columns
0.187971 0.100000 0.100000 0.946047 1.390668 1.017770 0.312625 1.254835 0.878451 1.591196 0.467614 1.060357 0.594294 0.865926 0.342862 0.100000 0.100000 0.100000 1.103574 0.196181 0.100000 1.772617 0.669267 0.278794 0.498687 0.100000 0.100000 0.635786 0.418606 0.394126 0.593734 0.349664 0.849978 0.904590 0.100000 0.778451 1.210346 0.166344 0.100000 0.109210 0.948128 0.570663 1.157785 1.443750 0.437535 0.731620 0.622507 0.272681 0.838892 0.232005 0.100000 0.842463 0.720713 0.173625 0.100000 0.541063 0.100000 0.100000 0.100000 0.474237 0.100000 0.920811 0.100000 1.183744 
0.668553 0.636013 0.238474 0.701206 0.992139 0.891961 0.176504 0.592041 0.459334 1.582397 1.311199 0.596223 0.809592 0.163534 0.331561 0.100000 0.177209 0.707703 0.376917 0.100000 0.191401 0.762682 0.100000 0.115817 0.100000 0.100000 0.721484 1.845811 0.949676 0.100000 0.363544 0.723113 0.989505 0.450355 0.484123 0.929785 0.128261 0.628924 0.100000 0.100000 0.243229 0.754474 0.100000 0.763043 0.524435 0.913107 0.100000 0.604541 1.125248 0.763464 0.100000 0.100000 0.232974 0.100000 0.100000 0.766792 0.100000 0.260953 0.565439 0.474778 0.782877 0.188489 1.196546 0.100000 
0.935660 0.868986 0.100000 0.471468 0.897462 2.022611 1.091640 1.311711 0.100000 1.195435 0.650693 1.036388 0.719426 0.653126 0.100000 0.100000 0.100000 0.102590 0.281321 0.421012 1.802713 0.207518 0.116711 1.185564 0.855796 0.454248 0.621443 0.484448 0.250178 0.100000 0.100000 0.948869 0.375158 0.578488 0.100000 0.346360 0.795045 0.256010 0.442375 0.100000 0.333886 0.100000 0.214875 0.658205 0.100000 1.168509 0.978713 0.362176 0.780296 0.100000 0.100000 1.115816 0.804590 0.595025 0.100000 0.842723 0.100000 0.288818 0.100000 1.319716 0.617350 0.658130 0.687154 0.100000 
0.100000 0.969734 0.100000 0.455158 0.100000 1.630728 0.182343 0.236177 0.595634 0.826670 0.757803 0.152096 1.302309 0.996986 0.100000 0.403673 0.379689 0.283291 0.100000 0.100000 0.898557 0.398917 0.100000 0.100000 1.651694 0.193746 0.100000 0.252580 0.100000 0.655499 0.792129 0.100000 0.652525 0.100000 1.297233 1.461750 0.604396 0.991593 0.763379 0.111195 0.135712 0.123716 0.100000 0.266991 0.734559 1.684066 0.489529 0.396140 0.682617 1.203735 1.242696 0.205486 0.302972 0.959731 0.124963 0.461655 0.100000 0.315646 0.685949 0.129768 0.100000 1.488992 0.845236 0.104211 
0.437925 1.292483 0.100000 1.295208 0.100000 0.100000 0.670233 1.161306 0.468206 1.052650 0.100000 0.426447 0.794269 0.811343 0.475876 0.508644 2.076623 0.100000 0.203956 0.100000 0.103446 0.602272 1.982936 0.562272 0.192782 0.100000 0.100000 1.176440 1.152678 0.100000 0.929488 0.100000 0.816180 0.544294 0.667329 1.430161 0.404183 1.396620 0.212812 0.100000 0.366032 0.100000 0.207092 0.578842 0.654368 0.513549 1.592098 0.100000 1.064037 0.237730 0.219239 0.193106 0.100000 0.498380 0.940245 0.864951 0.735907 0.383200 0.100000 0.842603 0.888391 0.136213 0.161648 0.889037 
0.217596 0.723577 0.729693 0.100000 0.601726 0.523422 0.872471 0.112428 0.224898 0.292919 0.100000 0.558950 0.183463 0.100000 0.100000 0.100000 0.100000 0.785884 0.100000 0.275168 0.492414 2.090311 0.100000 0.805710 0.418021 0.100000 0.277712 1.047760 0.100000 0.616015 0.109118 0.252526 0.470692 0.196947 0.694065 0.515002 0.877051 0.577918 0.100000 0.455605 0.304894 0.100000 0.935210 1.215543 0.100000 1.442129 0.100000 0.884163 0.100000 0.909742 0.209867 0.610613 1.171786 0.768790 0.675365 0.625120 0.278893 1.476522 0.227716 0.389276 0.756499 0.100000 0.735527 1.021392 
0.276980 0.289694 0.785594 0.435806 0.100000 0.969497 0.100000 0.655428 0.359268 1.063651 1.186023 0.663279 1.364108 0.100000 0.297377 0.601985 0.717596 0.100000 0.100000 0.360769 0.701724 0.100000 0.826951 0.291692 0.867700 0.100000 0.191011 0.653769 1.076053 0.791583 0.454454 0.100000 1.636186 0.100000 1.283027 0.998004 0.658638 0.874435 0.100000 0.383386 0.901045 0.889971 1.707653 0.364307 0.462304 0.183656 0.440965 0.776449 0.446369 0.100000 0.365557 0.235008 0.588603 0.441969 0.100000 0.100000 0.396548 0.100000 0.100000 0.580563 0.221628 0.100000 1.360446 1.388532 
1.094900 0.280923 0.241932 0.508268 0.819206 1.231066 0.970875 1.143750 0.100000 0.251979 0.100000 0.454856 0.437818 0.100000 0.133224 1.317172 1.076847 0.100000 0.601905 0.100000 0.402237 0.639373 0.181264 1.251435 0.550017 0.156214 0.442437 0.980761 0.100000 0.110513 0.440550 0.358838 0.100000 0.651020 0.100000 1.161518 0.433849 0.100000 0.128624 0.100000 0.545045 0.100000 1.340677 0.306684 0.156366 1.117920 0.533083 1.260562 0.100000 0.100000 0.100000 1.123302 0.100000 0.727576 0.100000 0.765661 0.436825 0.100000 1.008460 0.221466 0.100000 0.575414 0.100000 0.100000 
0.100000 0.100000 0.276731 0.819634 0.424474 0.100000 1.209501 0.100000 0.880688 1.232014 0.100000 0.342612 1.098384 0.100000 0.100000 0.842522 0.564842 0.167969 0.881377 0.570748 0.984857 0.486657 0.312893 0.215986 0.100000 0.278164 0.212404 0.331703 0.415127 0.100000 0.208883 0.100000 0.688400 1.170430 0.100000 1.492624 1.202888 0.100000 0.219933 0.100000 0.425331 0.100000 0.100000 0.100000 0.272620 1.090560 0.419829 0.389736 1.495045 1.667426 0.945960 0.100000 0.100000 0.100000 0.247045 0.703922 0.107332 0.694395 0.602511 0.100000 0.398344 0.414568 0.586779 0.395639 
0.825349 0.100000 1.218197 0.100000 1.048852 1.098124 0.458331 1.024958 1.392584 0.360840 1.059689 0.607236 1.078531 0.793770 0.626055 0.393314 0.100000 0.100000 0.100000 0.690969 1.209852 0.956611 0.851779 0.614820 1.019690 0.475193 1.344898 0.608807 1.367429 0.764670 0.181196 0.100000 0.484253 0.603991 0.100000 1.501693 0.560139 0.708567 0.724602 0.775433 0.337310 0.100000 0.100000 0.535794 1.297978 1.068208 0.100000 0.208377 0.670682 0.630772 0.100000 0.495707 0.100000 0.479742 0.259377 0.957289 0.100000 0.148369 0.479318 1.166336 0.482183 1.453978 0.100000 0.374494 
0.581735 0.100000 0.100000 0.263502 0.100000 1.127787 1.420362 1.283947 0.612863 0.517034 0.653347 0.325184 0.811874 1.478340 0.110240 0.100000 0.100000 0.100000 0.100000 0.259758 1.053545 1.558279 0.100000 0.879338 0.280410 0.100000 0.240999 1.674309 0.548674 0.224113 1.044307 0.652661 0.170701 0.100000 0.855508 0.611832 0.986045 0.929706 0.100000 0.100000 0.100000 0.220490 0.100000 0.902508 1.125157 0.473989 0.582415 0.100000 0.632619 0.307493 0.100000 0.181348 0.100000 0.561790 0.100000 0.100000 0.100000 0.769486 0.567632 0.587521 1.079232 0.476728 0.360046 0.550247 
0.100000 0.100000 0.375670 0.776009 0.450271 0.507899 0.957768 0.334270 0.405836 0.521267 0.386850 0.624697 0.601547 0.653855 0.607619 0.100000 0.300148 0.129633 0.973082 0.100000 0.805941 1.223109 0.100000 0.611720 0.391483 0.100000 0.371024 0.758972 0.100000 0.100000 0.798792 0.620503 0.339157 0.424075 1.407212 0.927073 0.889461 0.100000 0.100000 1.234736 0.100000 0.255018 0.100000 0.206424 0.100000 0.830911 0.100000 1.260519 0.386285 0.235155 0.553384 0.330544 0.100000 0.530289 0.335172 0.100000 0.100000 0.100000 0.715928 1.397054 0.294116 0.795128 0.718855 0.447301 
0.100000 0.508553 1.209524 0.100000 0.100000 0.917824 0.722868 1.026918 0.306913 1.258102 0.805775 0.100000 0.450130 0.641392 0.100000 0.100000 0.119247 0.666816 0.100000 0.126345 0.100000 0.733689 0.639955 0.322118 0.501983 0.608513 0.880555 0.617146 0.800819 0.100000 0.256197 0.778194 0.625858 0.880508 0.100000 1.080647 0.489992 0.566018 0.588505 0.100000 0.100000 0.136483 0.100000 0.113756 0.100000 0.740707 0.322818 1.271513 0.100000 0.295074 0.936374 0.100000 0.100000 1.362562 0.100000 0.815777 0.760248 0.553652 0.673953 0.339673 0.778479 0.100000 1.315972 0.368993 
0.185331 0.506721 0.100000 0.100000 0.204841 0.100000 0.586313 0.100000 1.317270 1.033489 0.100000 1.185270 0.762222 0.100000 0.402315 0.100000 0.748062 1.318236 1.113127 0.100000 0.530460 1.159964 0.137375 0.560768 0.100000 0.100000 0.100000 0.565900 0.465804 0.218478 0.100000 0.618640 0.843169 0.100000 0.521350 0.720421 0.597112 2.118179 0.733834 0.282688 0.344390 0.580869 0.869680 0.838632 0.238369 0.100000 0.317912 0.792077 1.492914 0.100000 0.228859 0.604936 0.100000 0.100000 0.100000 0.799142 0.585733 0.969660 0.602311 0.545593 0.100000 1.083085 0.911215 0.914577 
0.557982 0.598067 0.100000 0.939865 0.100000 1.147196 0.709598 1.409910 0.130875 1.974921 0.100000 0.580281 0.736496 0.137129 0.183222 0.100000 0.859211 0.111568 0.611651 0.152782 0.936666 1.148582 0.608633 0.792037 0.476111 0.100000 0.100000 0.568765 0.778482 0.100000 0.804311 0.100000 0.100000 0.893463 0.602151 0.761431 1.628566 0.100000 0.209715 0.100000 0.100000 0.307600 0.423105 0.968442 0.389888 1.366261 0.736378 0.739786 0.249651 0.124857 0.100000 0.221260 0.157338 0.713036 1.024608 0.663257 0.100000 0.475502 0.629090 0.842733 0.262687 0.519606 0.195901 1.076649 
0.154968 0.865703 0.176646 0.849384 0.100000 1.124495 0.463630 0.791256 0.259407 0.445970 0.252128 0.709874 0.463365 1.101628 0.800713 0.100000 0.100000 0.733402 1.163974 0.100000 0.834489 1.773807 0.100000 0.527758 0.799953 0.100000 0.433370 0.385043 1.261158 0.573163 0.438174 0.536007 0.100000 0.977430 0.100000 1.296616 1.215372 0.833896 0.384352 0.100000 0.250431 0.538009 0.193612 0.682647 0.594771 0.287439 0.100000 1.347151 0.443607 1.169559 0.655742 0.100000 0.371071 0.100000 0.100000 0.100000 0.100000 0.243108 0.895132 0.212049 0.100000 0.231011 0.100000 0.113903 
0.100000 0.634378 0.100000 0.100000 0.100000 2.052564 0.100000 0.100000 1.036478 0.361625 0.866810 0.100000 0.467730 0.701690 0.400875 0.752727 0.466750 0.680660 0.494921 1.141175 0.493051 1.304034 0.953558 0.100000 0.100000 0.186429 0.100000 0.782694 0.137312 0.927842 0.306550 0.411401 0.100000 0.462088 0.647343 0.100000 0.881831 0.135274 1.137448 0.205292 0.100000 0.361274 0.100000 0.339407 2.599141 1.128507 0.299963 1.232336 0.216295 0.287875 0.229801 0.755505 0.409902 0.348077 0.402949 0.346520 1.136085 0.100000 0.193615 0.320286 0.778376 0.905244 0.100000 0.206990 
0.786919 0.100000 0.100000 0.430286 0.421619 0.157891 0.100000 0.402301 0.245110 0.931553 1.131079 0.935863 1.397611 0.230922 0.867534 0.851303 1.275519 0.927270 1.118978 0.291070 0.100000 0.194499 0.683836 0.965787 0.402097 0.100000 0.219522 0.199038 0.596771 0.100000 0.100000 0.408901 0.100000 0.582186 0.325189 0.702606 0.497323 0.920932 0.557191 0.888742 0.597773 0.100000 0.100000 0.489399 1.228108 1.204789 0.100000 0.498653 0.330083 0.646592 0.844873 1.218562 0.645573 0.349276 0.100000 1.130901 0.100000 0.100000 0.441794 0.978285 0.100000 0.100000 0.137447 0.853961 
0.658783 0.773019 1.010857 0.817562 0.162193 0.605782 0.548831 0.860965 0.624894 1.482176 0.459433 0.100000 0.100000 0.471148 0.100000 0.100000 0.100000 0.100000 0.260672 0.100000 0.584177 0.684523 0.100000 0.880136 0.371108 0.100000 0.483459 1.086844 0.100000 0.100000 0.100000 0.963974 0.977162 0.273976 1.343299 0.278726 0.100000 0.790584 0.100000 0.100000 0.284227 0.100000 0.246770 0.347130 0.546660 0.143484 0.634576 1.800885 1.445865 0.531710 0.100000 0.100000 0.100000 0.833621 0.100000 0.191891 0.100000 0.100000 0.926325 0.118367 0.771097 1.518957 0.467683 1.117732 
