62 Number of operations
19 Number of workers
Standard production times
0.436826 0.198809 0.331604 0.391055 0.455688 0.283821 0.369697 0.170513 0.277800 0.162097 0.574453 0.396892 0.633336 0.100000 0.551241 0.100000 0.330241 0.100000 0.539262 0.512992 0.495972 0.340811 0.315938 0.228077 0.318417 0.649516 0.100000 0.100000 0.538062 0.585624 0.717307 0.480261 0.146062 0.493841 0.660772 0.646257 0.445896 0.454722 0.266643 0.360484 0.497204 0.572092 0.100000 0.238532 0.100000 0.618461 0.282133 0.597837 0.392383 0.644536 0.657231 0.431644 0.169275 0.413947 0.588501 0.278597 0.308175 0.396599 0.569202 0.402256 0.238324 0.288863 
Production times: workers row and ops columns
0.359572 1.083623 0.573498 0.729163 0.777270 0.408365 0.100000 0.866345 0.100000 0.281378 0.881492 0.100000 0.705868 0.683941 0.539189 0.100000 0.100000 0.100000 0.243723 0.254784 0.100000 0.529459 0.100000 0.173350 0.657953 0.221797 0.100000 1.179075 0.975205 0.100000 0.677437 0.762504 0.762798 0.568334 0.395481 0.280993 0.768427 0.611252 0.100000 0.265948 0.289105 0.934420 0.100000 0.481739 0.525759 0.861586 0.100000 1.270333 0.100000 0.857754 0.280564 0.100000 0.282151 0.557465 0.549780 0.416631 0.100000 0.100000 0.485157 1.356895 0.645731 0.100000 
0.716182 0.100000 0.102974 0.820697 0.193056 0.100000 0.100000 0.214721 0.341804 0.782905 0.216440 0.762625 0.846320 0.100000 0.969163 0.346059 0.100000 0.635842 0.100000 0.542800 0.497194 0.553129 0.100000 0.210606 0.248107 1.148060 0.100000 0.136373 0.407442 0.100000 2.055364 0.444652 0.100000 1.198155 0.125479 0.831692 0.877312 0.130506 0.100000 0.100000 0.432524 0.100000 0.100000 0.168139 0.619476 0.934333 1.146842 0.944863 0.136818 0.583115 0.100000 0.100000 0.100000 0.549244 0.912416 0.100000 0.100000 0.100000 0.505321 0.526340 0.461214 0.100000 
1.431070 0.796338 0.283985 0.127461 0.294896 0.359386 0.360383 0.412278 0.662283 0.845218 1.148085 0.341777 0.827462 0.100000 0.257631 1.055413 0.100318 1.095369 0.364745 0.639405 1.040677 0.352772 0.512501 0.107385 0.100000 0.566627 0.100000 0.915691 0.454213 1.446959 0.100000 0.489472 0.427038 0.346931 1.208098 0.966103 0.308596 0.672226 1.672582 0.486482 0.646955 0.352096 0.166749 0.100000 0.100000 1.847255 0.815741 0.918547 0.944344 1.585414 0.954025 1.467083 0.704175 0.497207 1.448239 0.100000 0.100000 0.529493 0.113157 0.324227 0.100000 0.100000 
1.792789 0.512546 0.304630 1.048639 0.337019 0.726491 0.545105 0.983800 0.100000 0.544957 0.635578 0.100000 1.166046 0.100000 1.360860 0.356547 0.677983 0.140229 0.991527 0.100000 0.533336 0.100000 0.457268 0.204499 0.626706 0.230700 1.019576 1.257929 0.433921 0.578138 0.861086 1.112304 1.094513 0.100000 0.353217 0.115179 0.100000 0.100000 0.448045 0.100000 1.248835 1.026251 0.100000 0.100000 0.100000 1.318444 0.100000 0.100000 0.367671 0.831231 0.328603 1.241359 0.289504 0.640466 0.160734 0.258732 0.229916 0.100000 0.713031 0.100000 0.223931 0.100000 
1.446651 0.361940 0.762283 0.850559 0.100000 0.100000 0.204908 0.619088 0.323317 0.554813 1.042769 0.100000 0.777178 1.083237 0.265975 0.100000 0.214289 0.100000 0.748453 0.100000 0.541331 0.100000 0.742920 1.021511 0.967356 0.100000 0.259598 0.100000 0.679655 0.553444 0.219410 0.652158 0.215070 0.963593 0.724426 0.763770 0.100000 0.100000 0.100000 0.508906 0.494055 1.322537 0.100000 0.118716 0.227540 0.502712 0.529923 0.312555 1.102554 0.484741 1.215204 0.416492 0.915037 0.100000 0.846899 0.100000 0.423876 0.993002 0.100000 0.100000 0.100000 0.416057 
0.100000 0.247106 0.100000 0.100000 0.271099 0.474120 0.100000 0.100000 0.256878 0.100000 0.100000 0.181841 0.675818 0.648890 1.574407 0.433494 0.369787 0.100000 0.583789 0.902441 1.128295 0.100000 0.434141 0.635879 1.248823 0.777311 0.100000 0.100000 0.359342 0.259664 1.130575 1.014914 0.508491 1.089934 0.433887 0.836424 0.253565 0.476551 0.879136 0.345617 0.100000 0.445684 0.100000 0.100000 0.100000 1.098773 1.122588 0.353334 0.893651 1.233648 0.100000 0.411963 0.147045 0.500140 0.100000 0.104026 0.837086 1.027701 1.484883 0.233502 1.173078 0.621815 
0.100000 0.579614 0.155464 0.650593 0.404426 0.887941 0.497977 0.100000 0.760283 0.290207 0.367975 1.035529 0.429164 0.100000 0.281454 0.100000 0.100000 1.030439 0.100000 0.517202 0.100000 0.100000 1.075284 0.676255 0.100000 0.652626 0.100000 0.100000 0.100000 0.137055 0.880282 0.778658 0.390184 0.409123 0.100000 0.612701 0.100000 0.895372 0.544865 0.733930 0.323020 0.100000 0.578948 0.851692 0.100000 0.687419 0.878759 0.100000 1.276224 0.470020 0.119536 1.117473 0.316542 0.100000 1.028395 0.100000 1.215829 0.100000 0.712195 0.202948 0.456440 0.732826 
0.100000 0.591990 0.184587 0.100000 0.343666 0.100000 0.100000 0.645080 0.202388 0.732863 0.790332 0.100000 0.100000 0.100000 0.683304 0.104406 0.100000 0.606406 0.100000 0.100000 0.559620 1.437693 0.522905 0.100000 0.614746 0.991214 0.568928 0.100000 0.138199 0.644733 0.924945 1.279379 1.190887 0.127306 0.399286 0.614470 0.321010 0.697617 0.509512 0.489433 1.169240 0.492836 0.100000 0.100000 0.100000 0.100000 0.100000 0.929431 0.485017 0.433140 0.212287 0.100000 0.100000 1.337901 0.100000 0.349502 0.679994 0.464665 0.410800 0.786293 0.100000 0.566635 
1.152174 0.100000 0.100000 0.459025 0.950475 0.953395 0.710010 0.100000 0.100000 0.283586 0.773582 0.100000 0.663232 0.266119 1.073773 0.100000 0.608723 0.100000 0.325969 0.473854 1.254931 1.997963 0.442711 0.475723 0.822188 0.100000 0.482832 0.100000 1.352618 1.307370 0.968077 0.100000 0.980075 0.623685 0.715894 0.936028 0.100000 0.668971 0.764697 0.529985 0.569834 0.100000 0.421777 0.338766 0.104532 0.336858 0.710219 1.221429 0.586456 1.092911 1.320243 1.225725 0.282101 0.307283 0.381028 0.285471 0.584159 0.865690 0.355831 0.477185 0.100000 0.920845 
0.241095 0.377770 0.100000 0.241917 0.112690 1.136304 0.549379 0.100000 0.100000 0.100000 0.858806 1.229854 0.100000 0.100000 0.463347 0.100000 0.100000 0.109655 0.914784 0.100000 0.601452 0.823148 0.806102 0.100000 1.470792 0.927072 0.100000 0.592149 0.100000 1.033259 0.100000 0.875532 0.100000 1.059985 1.031110 0.869861 0.475213 0.998230 0.100000 0.576761 0.703921 0.853167 0.513114 2.089761 0.158391 1.020711 0.358317 1.384171 0.100000 1.493510 0.315328 0.100000 0.100000 0.326687 0.685623 0.255651 0.716584 0.379011 0.537604 0.100000 0.481996 0.793984 
0.226489 0.100000 0.100000 1.227836 0.152585 0.100000 0.100000 0.510955 0.100000 0.100000 0.100000 0.342992 1.133810 0.100000 0.992351 0.187713 0.404160 0.189486 0.556483 1.026095 0.739899 0.100000 0.380248 0.190095 0.560883 0.739674 0.307289 0.100000 0.727858 1.242431 0.100000 1.280727 0.294599 0.389967 0.100000 1.190055 0.100000 0.199126 0.539595 0.100000 0.100000 0.100000 0.100000 0.532800 0.301503 0.822162 0.110043 0.668072 0.100000 1.643374 0.754595 0.100000 0.100000 1.214598 0.100000 0.100000 0.509988 0.100000 1.102505 1.241798 0.100000 0.853511 
0.100000 0.100000 0.454446 0.510021 0.157670 0.704833 0.100000 0.100000 0.100000 0.541278 0.976404 0.730362 0.100000 0.166384 0.780068 0.100000 0.100000 0.422931 0.891089 0.640610 0.767010 0.502859 0.390897 0.173449 0.100000 0.526742 0.100000 1.258887 0.668183 0.580277 0.601318 0.422659 0.100000 0.766194 0.646049 1.051797 0.100000 0.629839 0.705221 0.100000 0.581089 0.695625 0.100000 0.100000 0.100000 1.192872 0.100000 0.100000 0.721340 0.100000 1.138867 0.648754 0.468320 0.331947 0.100000 0.100000 1.036581 0.160629 0.310862 1.193338 0.100000 0.169883 
0.318326 0.130079 0.100000 0.110948 1.098433 0.664368 0.100000 0.100000 0.444618 0.105619 0.387190 0.918261 0.100000 0.699796 0.617036 0.374203 0.456926 0.523070 0.414096 0.241863 0.886758 0.428362 0.100000 0.902884 0.923799 1.370235 0.139848 0.275266 0.347291 0.100000 0.750043 0.568515 0.100000 1.408689 0.100000 0.238584 0.110211 1.100324 0.138348 0.198015 0.100000 0.189844 0.100000 0.746300 0.404445 1.113478 0.100000 1.853795 0.100000 0.100000 0.511176 0.500204 0.547446 0.100000 0.883928 1.132523 0.100000 0.100000 0.100000 0.522727 0.667031 0.672333 
0.853637 0.906882 0.395325 0.867441 0.100000 0.100000 0.490130 0.100000 0.563652 0.849622 0.776221 0.100000 0.259098 0.782683 0.152173 0.144659 0.200794 0.126511 1.087447 0.243596 0.100000 1.066679 0.427445 0.590942 0.308728 1.038327 0.732369 0.783163 0.401335 0.409548 0.914741 0.583847 0.428960 0.138372 0.100000 0.871267 0.836519 0.776229 1.096365 0.786599 0.303038 1.064805 0.100000 0.866174 0.218994 0.845216 0.395995 0.625089 0.100000 0.673406 0.100000 0.680546 0.665235 1.439499 0.775539 0.100000 0.100000 1.370484 0.100000 0.850018 0.100000 0.263118 
0.778437 0.361427 0.310834 0.100000 0.100000 0.788135 0.587562 0.100000 0.381213 0.100000 1.085599 1.027379 0.243411 0.151010 1.075365 0.100000 1.347530 0.855314 0.399824 1.002378 1.327071 0.100000 0.625550 0.155902 0.210149 1.004669 0.100000 0.100000 0.100000 0.575757 1.031758 0.468323 0.100000 0.478443 1.305428 0.911483 0.100000 0.310329 0.868988 0.100000 0.299836 0.559559 0.100000 0.689716 0.100000 1.344147 0.100000 0.100000 0.533515 0.100000 0.925906 0.818456 0.100000 0.219499 1.062873 0.100000 0.319427 0.570407 1.349182 0.150719 0.255665 0.854867 
0.100000 0.100000 0.100000 0.100000 1.434173 0.389461 1.111441 0.100000 0.548026 0.100000 0.300977 0.359572 0.697503 0.866635 0.452827 0.289920 0.201780 0.172434 0.100000 1.058703 0.235534 0.361578 0.208863 0.720401 0.579249 0.656012 0.187500 0.271720 0.916335 0.839104 1.359911 1.289473 0.453270 0.100000 1.534692 1.721211 0.263846 0.247722 0.100000 0.750106 0.100000 1.486828 0.100000 0.274730 0.437241 0.417317 0.100000 0.722454 0.128588 0.472904 0.637541 0.152987 0.100000 0.807374 0.392983 0.361565 0.100000 0.853233 0.100000 0.880476 0.100000 0.100000 
0.100000 0.705686 0.465866 0.100000 0.168322 0.952194 0.335981 0.445950 0.100000 0.100000 0.852119 1.541163 0.353861 0.385192 0.100000 0.714058 0.100000 0.100000 0.100000 0.291771 0.574932 1.015364 0.100000 0.703280 0.131064 0.489149 0.100000 0.100000 0.100000 1.378997 0.101341 0.241245 0.676782 0.100000 0.858765 0.365254 0.513216 0.861155 0.163886 0.235317 0.833507 0.864319 0.100000 0.117962 0.100000 1.237627 0.100000 0.664458 1.238927 1.021452 0.486570 0.100000 0.100000 0.850387 0.736777 0.255479 1.591610 0.100000 0.306422 0.197249 0.329980 0.427008 
0.284244 0.551114 0.585247 0.223152 0.100000 0.660245 0.100000 0.100000 0.180378 0.100000 0.140973 0.397145 0.424404 0.219389 0.100000 0.100000 0.100000 0.100000 0.637998 0.345112 0.100000 0.200832 0.345033 0.749722 0.253868 0.400491 0.100000 1.052465 0.100000 0.100000 0.599621 0.100000 0.641056 0.543801 0.864456 0.116383 0.151870 0.844181 0.680200 1.740587 1.009838 0.100000 0.108965 0.100000 0.613893 0.541180 0.495022 0.407191 0.666611 1.345695 0.321506 0.100000 0.100000 1.166699 0.671481 0.103202 0.100000 0.894124 0.686142 0.319016 0.100000 0.184474 
0.250324 0.458499 0.942050 0.100000 0.100000 0.208853 0.383332 0.100000 0.100000 0.100000 0.325771 0.137876 0.563195 0.515017 0.894358 0.369366 0.440877 0.100000 0.270430 0.832413 0.526252 0.713640 0.421813 0.231846 0.512366 0.100000 0.100000 0.100000 0.934024 0.223012 0.806571 0.237456 0.354994 0.823900 0.526459 0.668244 0.503071 0.810684 0.100000 0.347941 0.250795 0.100000 0.153309 0.416444 0.100000 1.370160 0.100000 0.934328 0.542898 0.100000 0.606557 0.100000 0.100000 0.713421 1.473928 0.632513 0.100000 0.181889 1.281492 0.453626 1.083233 0.100000 
