48 Number of operations
16 Number of workers
Standard production times
0.395487 0.532490 0.222502 0.307822 0.261232 0.472611 0.856732 0.348992 0.510849 0.592732 0.929213 0.391227 0.206876 0.575733 0.100000 0.623915 0.189126 0.198222 0.386496 0.383715 0.967043 0.350765 0.541102 0.253267 0.159032 0.456081 0.295062 0.100000 0.627160 0.519564 0.619080 0.716055 0.419631 0.380416 0.100000 0.410165 0.555420 0.278717 0.305743 0.100000 0.571778 0.269913 0.412373 0.663896 0.543813 0.237312 0.591981 0.366152 
Production times: workers row and ops columns
0.471684 1.455810 0.292010 0.806089 0.100000 1.136198 0.437979 1.012332 0.219939 0.100000 0.770718 0.829927 0.997680 0.585214 0.990254 0.100000 0.100000 0.100000 0.438893 0.548541 1.183510 0.196286 1.219518 0.472545 0.409776 0.473293 0.100000 1.400299 1.543908 0.100000 0.482156 0.306065 0.729270 0.100000 0.227249 1.105962 0.100000 0.479473 0.100000 0.100000 0.541577 0.633290 0.217283 0.903173 0.573777 0.100000 0.728176 0.547874 
0.100000 0.648294 0.100000 0.100000 0.100000 0.507147 0.627612 0.100000 0.766361 0.982953 1.000455 0.132025 0.641826 0.278522 0.100000 0.641060 0.578725 0.100000 0.149028 0.358446 1.948201 0.100000 0.529739 0.339968 0.607984 0.290552 1.139723 0.100000 0.232217 1.088919 0.225696 1.010522 0.194380 0.686028 0.679614 0.999227 0.502226 0.393922 0.217105 0.957358 0.749905 0.100000 0.100000 0.951205 0.635245 0.100000 1.227820 0.684248 
0.953390 0.441270 0.420244 0.257474 0.100000 1.186402 1.120956 0.100000 1.225968 0.418689 1.548424 0.929133 0.655934 0.100000 0.100000 0.557253 0.100000 0.100000 0.173299 0.734951 1.538537 0.100000 1.276419 0.100000 0.482034 0.253358 1.059745 0.100000 0.481398 0.363076 0.863376 0.676938 0.706870 0.100000 0.720869 0.100000 0.100000 0.591830 0.157395 0.908436 0.297513 0.100000 0.100000 1.412247 1.270504 0.100000 0.415378 0.100000 
0.765418 0.761740 0.100000 0.100000 0.100000 0.100000 1.369988 0.373784 0.765829 0.216337 1.207702 0.156697 0.100000 0.183750 0.100000 1.852796 0.330661 0.157882 0.100000 0.781670 0.919116 0.100000 0.100000 0.100000 0.100000 0.785889 0.608276 0.100000 0.324390 0.307179 0.952558 0.184938 1.701942 0.100000 0.100000 0.291568 0.114365 0.100000 0.155062 0.683340 0.705866 0.180904 0.243855 0.100000 0.898367 0.100000 0.157553 0.311429 
0.100000 0.606625 0.421694 0.604166 0.924556 0.113636 0.100000 0.427761 0.887353 0.293789 1.277527 0.709056 0.397037 0.100000 0.400372 0.508893 0.817341 0.100000 0.460750 0.327962 1.188371 0.562938 1.137733 0.584670 0.514216 0.677320 0.292263 0.318992 1.181815 0.100000 0.694399 0.498039 0.801797 1.512511 0.100000 0.679053 0.375110 1.415571 0.193528 1.116529 0.717297 0.100000 0.100000 1.071154 0.100000 0.507387 0.100000 1.075557 
1.281305 0.491425 0.781953 0.245521 0.100000 0.100000 1.594390 0.438684 1.140552 0.920621 1.170758 0.872739 0.100000 0.369196 0.643163 0.440625 0.182483 0.100000 0.100000 0.768527 2.081963 0.100000 0.746699 0.378074 0.100000 0.294498 0.218540 0.100000 0.100000 0.596726 0.498895 0.498833 0.100000 0.304329 0.100000 0.480691 0.100000 0.100000 0.921214 0.100000 1.085364 0.543176 1.549168 0.271833 0.384346 0.100000 0.900726 0.448497 
0.211576 0.100000 0.100000 0.337699 0.128136 0.621418 0.100000 0.100000 0.387155 0.492001 1.020184 0.502538 0.284548 0.100000 1.302499 0.945909 0.100000 1.224428 0.100000 1.240457 0.792304 0.297928 0.100000 0.994706 0.100000 0.146951 0.741690 0.100000 0.952011 0.427797 0.429031 0.371480 0.175837 1.239588 0.100000 0.442049 0.297670 0.743755 0.681026 0.100000 0.100000 0.100000 1.115968 0.673183 0.342499 0.100000 0.102471 1.006235 
0.955646 0.853849 1.039806 0.100000 0.100000 0.100000 0.100000 0.767181 1.399102 0.779612 0.234957 0.100000 0.100000 0.380746 0.100000 0.774733 1.018706 1.152761 0.865344 0.124298 0.622920 0.793978 0.450731 0.100000 0.100000 0.427000 0.621256 0.100000 1.503975 1.651464 0.100000 0.100000 0.247752 1.075936 0.100000 1.358750 0.435705 0.504042 0.100000 0.100000 1.068452 0.100000 0.444813 0.459049 0.575332 0.207791 0.324482 0.617512 
0.939489 0.517479 0.654790 0.100000 0.100000 0.258019 1.821624 0.100000 0.100000 0.534290 1.454059 0.100000 0.100000 1.336784 0.635203 0.596180 0.432321 0.100000 0.100000 0.789358 1.119534 0.100000 0.100000 0.965483 0.313480 0.166347 0.403794 1.141377 0.676981 0.911822 0.241765 0.393598 0.459277 0.618723 0.100000 0.100000 0.100000 0.100000 0.100000 0.506823 0.804998 0.488711 0.100000 1.171287 0.717268 0.505924 0.479118 0.100000 
0.533715 0.964492 0.895190 2.402962 0.100000 0.307133 0.807616 0.111324 0.286330 0.446635 0.208968 0.309703 0.521289 0.135557 0.100000 0.591583 0.433491 0.100000 0.455136 0.597113 1.502735 0.100000 1.051813 0.775347 0.550121 0.152910 0.100000 0.469009 1.810954 0.603533 0.580126 0.937616 0.533217 0.415301 0.544792 0.990609 1.026424 0.176876 0.863811 0.100000 0.527226 0.100000 0.887836 0.665433 0.531025 0.100000 1.091208 0.592217 
0.100000 0.100000 0.115955 0.100000 0.478858 0.829471 0.860860 1.187865 0.100000 0.804443 1.880640 0.563382 0.207059 0.179941 0.610071 0.431677 0.650148 0.100000 1.148310 0.646504 0.193070 1.289067 0.837458 0.274831 0.332457 0.863292 0.100000 0.103743 0.720276 0.100000 0.862272 0.103370 0.483627 0.100000 0.229722 0.713286 0.251988 1.177979 1.060599 0.313509 0.704832 0.558967 0.100000 0.232325 0.111254 0.551598 0.164090 0.865528 
0.730527 1.012861 0.100000 0.100000 0.854788 0.100000 1.111986 1.527816 0.364170 0.369324 0.367807 1.067835 0.100000 0.100000 0.100000 0.495111 0.486653 0.100000 0.100000 0.337269 0.986875 0.163201 0.100000 0.100000 0.100000 0.100000 0.314870 0.386948 0.221431 0.892512 0.100000 1.077886 1.160668 0.100000 0.111577 0.514758 0.796686 0.946050 0.100000 0.207727 0.688011 0.100000 1.165733 0.487886 0.728189 0.100000 0.359475 0.658414 
0.327485 0.100000 0.169922 0.100000 0.151819 0.100000 1.505857 0.100000 0.119344 1.444954 1.181432 0.795504 0.100000 0.379625 0.100000 1.077090 0.100000 0.100000 0.993920 1.537747 0.481399 0.237346 0.389459 0.767649 0.683066 0.100000 0.100000 0.100000 1.116191 0.100000 1.188268 0.286837 0.100000 1.085571 0.515623 0.755666 0.754885 0.259964 0.488550 0.100000 1.479639 0.100000 0.100000 0.100000 0.100000 0.291696 0.388615 0.511179 
0.100000 1.098800 0.100000 0.100000 0.266262 0.100000 0.334668 0.100000 0.259189 0.929922 0.889187 0.100000 0.271873 0.449897 0.100000 1.161979 0.428650 1.091699 0.100000 0.100000 1.098051 0.557935 0.100000 0.185926 0.100000 0.905279 0.577403 0.100000 1.040043 0.152097 0.264098 0.352893 0.395223 0.997554 0.371605 0.552948 0.456590 0.602056 0.219556 0.100000 0.688094 0.249375 1.040971 1.092721 1.168771 0.912179 0.300808 0.123621 
0.100000 0.100000 0.465694 0.109651 0.100000 1.145213 0.100000 0.674210 0.434855 0.978228 1.060317 0.100000 0.100000 0.210633 0.660715 1.626931 1.325080 0.100000 0.100000 0.100000 1.175819 0.511729 1.120798 0.177450 1.268332 0.172702 0.919241 0.921925 0.909431 0.379951 1.145673 0.536236 1.588087 0.799694 0.169973 0.481353 1.678286 0.100000 0.562300 0.100000 1.471081 0.100000 0.100000 0.258216 0.310165 0.100000 0.931067 0.427034 
0.123424 1.123523 0.100000 0.469072 0.100000 0.569866 0.458519 0.100000 0.616894 0.100000 1.218518 0.100000 0.779747 0.224882 0.100000 1.423307 0.274979 0.178285 0.107099 0.732621 1.470296 0.100000 0.718744 0.100000 0.756336 0.848537 0.100000 0.152063 0.505651 0.100000 1.260081 0.192402 1.434012 0.100000 0.100000 0.574223 1.460697 0.100000 0.649991 0.100000 0.100000 0.890578 0.344329 0.859758 0.100000 0.676733 0.100000 0.100000 
