44 Number of operations
18 Number of workers
Standard production times
0.503439 0.100000 0.681889 0.227481 0.248237 0.139187 0.112927 0.370242 0.446891 0.468223 0.336097 0.512156 0.401445 0.430504 0.696177 0.374555 0.560315 0.417461 0.550310 0.100000 0.328302 0.161384 0.561146 0.472513 0.621657 0.209244 0.500516 0.682776 0.436428 0.277569 0.100000 0.100000 0.354879 0.236711 0.462026 0.636933 0.149155 0.288728 0.100000 0.341184 0.336192 0.244158 0.212764 0.193637 
Production times: workers row and ops columns
0.196228 0.100000 0.665085 0.227277 0.100000 0.821600 0.394812 0.100000 0.167681 0.695836 0.482352 0.318333 0.838687 0.219032 0.895481 0.170755 0.262884 0.644721 0.862424 0.100000 1.197037 0.100000 0.233691 1.063278 0.393799 0.819971 0.867675 0.805769 0.100000 0.800883 0.406891 0.100000 0.522705 0.614471 0.634633 0.911135 0.100000 0.100000 0.385334 0.122112 0.100000 0.642858 0.266446 1.023655 
0.893216 0.100000 0.100000 0.100000 1.086361 0.100000 0.100000 0.484149 1.001139 0.100000 0.100000 0.184802 0.161891 0.100000 0.894500 0.979867 0.592271 0.264834 0.348719 0.100000 0.370868 0.100000 0.572294 1.006840 0.100000 0.215502 0.444301 1.795940 0.100000 0.543281 0.100000 0.386682 0.548772 0.976154 0.392096 0.214208 0.654845 0.387462 0.100022 0.660780 0.956964 0.154982 0.100000 0.100000 
0.783896 0.652141 0.696585 0.744892 0.426126 0.100000 0.100000 0.791544 0.236884 0.922727 0.812022 0.996569 0.643190 0.100000 1.120649 0.100000 0.100000 0.277526 0.613579 0.100000 0.483015 0.408625 1.952621 0.100000 0.757695 1.028455 1.015422 0.827242 0.100000 0.178377 0.126478 0.100000 0.775181 0.100000 0.359156 0.100000 0.100000 0.293592 0.100000 0.608529 0.355111 0.393732 0.100000 0.306883 
0.385922 0.100000 0.313124 0.100000 0.289916 0.283957 0.100000 0.406343 0.685039 0.100000 0.100000 0.934641 0.269250 0.704882 0.205237 0.332510 0.228418 0.773453 0.927972 0.100000 0.100000 0.100000 0.100000 0.830397 1.123004 0.160500 0.519001 0.488241 0.487181 0.407233 0.198603 1.069493 1.899816 0.186154 0.253613 0.100000 0.100000 0.100000 0.100000 0.759754 0.207575 0.341260 0.100000 0.100000 
0.207892 0.795141 1.228149 0.100000 0.339415 0.180508 0.100000 0.100000 1.238489 1.275766 0.100000 0.100000 0.468046 0.347350 0.876408 0.533306 0.180805 0.100000 0.825724 0.311189 1.068854 0.100000 0.473864 0.100000 1.241230 1.023443 1.216869 0.826802 0.178143 0.140205 0.933143 0.724843 0.889881 0.100000 0.190236 1.464265 0.100000 0.100000 0.100000 0.284949 1.252255 0.274891 0.319501 0.270783 
0.714504 0.100000 1.218153 0.444769 1.231604 0.375838 0.111709 0.686401 0.468609 0.100000 0.100000 0.133321 0.100000 0.100000 0.276790 0.100000 0.430430 0.337355 0.100000 0.256037 0.100000 0.158063 0.100000 0.100000 0.881206 0.100000 0.758413 0.641157 0.876952 1.848286 0.959711 0.310997 1.297676 0.100000 0.641987 0.100000 0.194576 0.100000 0.220821 0.143286 0.417095 0.705016 0.100000 0.100000 
0.100000 0.100000 1.201672 0.100000 0.818198 0.100000 0.100000 0.100000 0.399785 0.244295 0.683748 0.378177 0.199922 0.100000 1.766318 0.699144 0.731620 0.498803 0.752449 0.100000 0.460872 0.603762 0.484511 0.533297 0.576397 0.100000 0.132992 0.684172 0.393543 0.457063 0.100000 0.100000 0.100000 0.279272 0.573048 1.095472 0.100000 1.099260 0.100000 0.100000 0.135308 0.891705 0.100000 0.822961 
0.405439 0.100000 0.228922 0.512258 0.208705 0.100000 0.100000 0.807027 1.115911 0.100000 1.682117 0.804215 0.100000 0.296751 0.100000 0.100000 0.547186 0.233910 0.707717 0.445198 0.897574 0.156001 0.456674 1.112609 0.459762 0.515488 0.322525 0.322829 0.392052 0.100000 0.100000 0.100000 0.687846 0.100000 0.198321 0.758956 0.293351 0.804095 0.100000 0.599478 0.905297 0.723131 0.366027 0.270352 
0.229373 0.352207 1.736406 0.231150 0.100000 0.808861 0.100000 0.100000 2.025570 0.100000 0.100000 1.017857 0.362177 0.817237 0.622473 0.716577 0.689631 0.386689 0.693937 0.100000 0.100000 0.553021 0.623583 0.391961 0.233847 0.100000 0.100000 1.527853 1.779356 0.814688 0.100000 0.706681 0.100000 0.100000 0.311056 0.809293 0.100000 0.877840 0.100000 0.569243 1.148064 0.557418 0.100000 0.100000 
0.185009 0.100000 0.661927 0.100000 0.609355 0.795107 0.100000 0.100000 0.100000 1.601759 0.685769 0.948407 1.185295 0.372904 0.548147 0.443612 0.193296 0.289439 1.407734 0.849680 0.486591 0.470812 1.555934 0.379939 0.100000 0.100000 0.936969 0.114361 0.189773 0.100000 0.356172 0.576413 0.529910 0.123988 0.556726 0.938160 0.100000 1.090825 0.201289 0.100000 0.312091 0.100000 1.435315 0.100000 
0.163004 0.100000 1.107709 0.100000 0.100000 0.100000 0.100000 0.486853 0.766541 0.893359 0.100000 0.709870 0.558055 0.567454 1.560881 0.206227 0.100000 0.392966 0.703541 0.100000 0.100000 0.703936 0.735081 0.100000 0.329422 0.652098 0.588004 1.692413 1.247090 0.100000 0.100000 0.100000 0.100000 1.391283 0.203931 1.151019 0.366199 1.044702 0.203770 0.187797 0.787884 0.100000 0.100000 0.100000 
1.391192 0.100000 0.100000 0.968464 0.253250 0.100000 0.371129 0.512841 1.090233 0.388347 0.100000 0.790446 0.144670 0.100000 1.722816 0.571306 1.186847 0.557492 0.100000 0.307770 0.552679 0.433536 0.345770 0.399068 0.297775 0.100000 1.041250 0.821219 0.100000 0.100000 0.663352 0.417616 0.638452 0.183001 0.858109 0.405685 0.824764 0.728966 0.100000 0.257723 0.278514 0.630605 0.514629 0.246690 
1.270401 0.100000 0.166581 0.100000 0.989020 0.100000 0.100000 1.194452 0.696614 1.062341 1.281362 0.256921 0.172155 1.171573 0.532598 0.100000 0.690915 0.100000 0.100000 0.100000 0.234197 0.100000 0.100000 1.030579 0.467228 0.100000 0.767816 0.519030 0.234432 1.265971 0.266156 0.141333 0.655682 0.100000 0.309274 0.787070 0.100000 1.111119 0.968025 0.697058 0.297583 0.100000 0.917279 0.278541 
0.100000 0.100000 1.230188 0.180429 0.406133 0.100000 0.100000 0.182795 0.862973 0.631791 0.100000 1.183025 0.694339 0.541186 0.443210 0.302160 0.402017 0.209076 0.818562 0.100000 0.100000 0.100000 0.127696 1.103260 0.954555 0.520414 0.197311 0.100000 0.300065 0.100000 0.633678 0.100000 0.100000 1.530647 0.488514 0.100000 0.223161 0.100000 0.688538 0.506906 0.404879 1.342211 0.100000 0.182120 
0.248542 0.735113 0.694303 0.100000 0.100000 1.555278 0.139977 0.100000 0.894134 0.100000 0.100000 0.291453 0.501544 1.337358 1.832335 0.133933 0.769301 0.378441 0.100000 0.100000 0.956409 0.100000 0.100000 1.033690 0.436025 0.432636 0.405319 0.754185 0.100000 0.100000 0.100000 0.100000 0.100000 0.100000 0.684310 0.648567 0.311705 0.100000 0.341672 0.710130 0.883054 0.316840 0.100000 0.645382 
0.866287 0.284766 1.401349 0.100000 1.376228 0.100000 0.500879 0.100000 1.113829 0.321748 0.186283 0.356079 0.479004 0.894612 0.196966 0.100000 1.077733 0.980897 0.294942 0.100000 0.100000 0.100000 0.648234 0.747315 0.939054 0.100000 0.791280 0.900900 0.731601 0.393381 0.100000 0.191404 0.389448 0.100000 0.792740 0.629447 0.848012 0.100000 0.100000 0.660411 0.100000 0.100000 0.100000 0.100000 
0.884654 0.374561 0.182326 0.447834 0.100000 0.100000 0.100000 0.120863 1.484491 0.100000 0.859505 0.108750 0.260442 0.470426 0.977581 1.235641 0.437096 0.100000 0.993462 0.100000 0.510639 0.848413 0.301622 0.100000 0.549180 0.128914 0.350034 0.166267 0.744852 0.855182 0.100000 0.100000 0.370148 0.287798 0.862757 1.249875 0.747190 0.100000 0.586750 0.100000 0.972087 0.904765 0.317973 0.100000 
0.100000 0.546967 1.196954 0.100000 0.179358 0.363616 0.468613 0.616886 0.830297 0.710904 1.020286 1.018187 0.411272 0.100000 0.403283 1.161390 0.248879 0.100000 0.959484 0.530605 0.100000 0.100000 0.339369 0.266180 0.726133 0.100000 0.610124 0.529490 0.885213 0.402398 0.100000 0.100000 0.100000 0.100000 0.816171 0.547231 0.100000 0.325502 0.100000 0.100000 0.284297 0.890745 0.353105 0.816029 
