62 Number of operations
19 Number of workers
Standard production times
0.395487 0.532490 0.222502 0.307822 0.261232 0.472611 0.856732 0.348992 0.510849 0.592732 0.929213 0.391227 0.206876 0.575733 0.100000 0.623915 0.189126 0.198222 0.386496 0.383715 0.967043 0.350765 0.541102 0.253267 0.159032 0.456081 0.295062 0.100000 0.627160 0.519564 0.619080 0.716055 0.419631 0.380416 0.100000 0.410165 0.555420 0.278717 0.305743 0.100000 0.571778 0.269913 0.412373 0.663896 0.543813 0.237312 0.591981 0.366152 0.400966 0.541476 0.611755 0.607141 0.514341 0.395286 0.100000 0.249166 0.430479 0.769328 0.427803 0.599307 0.100000 0.665435 
Production times: workers row and ops columns
0.100000 0.486763 0.570062 0.100000 0.166497 0.434002 1.269083 0.973099 0.308903 0.100000 1.612831 1.000170 0.100000 0.751177 0.290933 0.907053 0.291230 0.901570 0.100000 0.904127 1.157279 0.242197 1.127868 0.100000 0.739793 0.649120 0.100000 0.316546 0.475117 1.812212 1.536747 0.936400 0.100000 0.100000 0.100000 0.130048 0.104297 0.100000 0.167654 0.100000 0.222483 0.100000 1.687592 0.100000 0.100000 0.453510 0.430191 0.578064 0.800556 1.172782 0.987737 0.110261 1.068913 0.100000 0.100000 0.100000 0.100000 1.065162 0.336175 1.109234 0.100000 1.088591 
0.644457 0.595742 0.100000 0.181934 0.100000 0.100000 2.496604 0.834423 1.407145 0.378226 1.277312 0.739935 0.507634 0.577563 0.100000 0.100000 0.494198 0.409970 0.945439 0.246594 1.837949 0.127015 0.100000 0.722349 0.100000 0.100000 0.357474 0.478251 0.747880 0.768277 2.673426 1.126617 1.185511 0.100000 0.282527 0.797206 0.373181 0.100000 0.504004 0.100000 0.274900 0.844663 1.080156 0.815211 0.316699 0.494497 1.006710 0.681463 0.100000 0.372467 0.791322 0.918252 0.994732 0.774471 0.100000 0.100000 0.100000 1.671567 0.518008 0.875889 0.616515 0.500934 
0.100000 0.319228 0.148428 1.058540 0.696031 0.100000 1.188842 0.716435 0.100000 0.538474 0.100000 0.556471 0.100000 0.100000 0.100000 0.743891 0.100000 0.347985 0.662827 0.100000 0.810908 1.423104 0.601655 0.100000 0.189263 0.100000 0.861435 0.285152 1.170063 0.970654 0.814228 1.203810 0.515418 0.100000 0.100000 0.186078 0.100000 1.191714 0.100000 0.100000 0.100000 0.100000 0.371251 0.511563 0.463951 0.511785 0.282793 0.555549 0.657592 0.374054 0.469995 0.876354 0.542967 0.474830 0.100000 0.278426 0.618752 0.701588 0.595758 1.551495 0.142682 0.998102 
0.100000 0.106319 0.100000 0.100000 0.257431 0.100000 0.769233 0.100000 0.100000 0.254902 0.395680 0.100000 0.100000 0.400102 0.622739 1.308423 0.551803 0.100000 1.134971 0.100000 0.100000 0.484751 0.539999 0.183622 0.175315 0.100000 0.100000 0.717017 1.141252 0.158624 1.585659 0.180657 0.133940 0.526632 0.100000 0.166200 0.468885 0.100000 0.741164 0.396403 0.100000 0.100000 0.502407 0.630431 0.149938 0.449688 1.001923 0.100000 0.795496 0.100000 0.100000 0.857111 0.100000 0.100000 0.100000 0.100000 0.594012 0.100000 0.242044 2.179790 0.154976 0.100000 
0.695397 0.807182 0.914393 0.381996 0.100000 1.177028 1.212762 0.100000 0.884648 0.476284 1.484536 0.204558 0.599949 0.672817 0.393102 0.613721 0.100000 0.231878 0.702395 0.592511 1.774631 0.563568 0.858784 1.304382 0.192095 0.723860 0.100000 0.120979 1.448117 0.675413 1.344665 0.183591 0.100000 0.534179 0.100000 1.745334 1.179646 0.100000 0.222159 0.100000 0.779789 0.240989 0.878317 1.398062 0.433152 0.100000 0.873315 0.283894 0.973394 0.465417 1.026650 0.775174 0.419819 0.170622 0.456762 1.514033 0.849287 0.703487 0.781600 0.656334 0.100000 0.820358 
1.169632 0.374576 0.100000 0.552070 1.176705 0.942699 1.366090 1.500182 1.321395 0.949074 0.824862 0.460036 0.155200 0.999908 0.100000 1.396608 0.262046 0.100000 0.794099 0.100000 0.549825 0.100000 0.951384 0.100000 0.871515 0.232652 0.555617 0.100000 1.204925 0.392299 0.878543 0.469558 0.100000 0.264957 0.649005 0.100000 0.100000 0.124723 0.696121 0.100000 0.299837 0.362063 0.247035 0.807500 1.138577 0.247912 0.559276 0.749210 0.370148 0.100000 0.104523 0.100000 1.470641 0.372654 0.388455 0.608069 0.100000 1.083716 0.145557 0.100000 0.100000 0.127921 
0.226501 0.704096 1.363772 0.100000 0.179250 0.658422 0.949993 0.269778 0.100000 0.114420 0.837525 0.100000 0.100000 0.100000 0.662241 0.100000 1.140135 0.100000 0.100000 0.100000 1.356783 0.864064 0.116769 0.419037 0.100000 0.334861 0.370661 0.482535 0.100000 0.100000 0.722425 0.680617 0.762011 0.100000 0.100000 1.181933 0.100000 0.460434 0.100000 0.100000 0.100000 0.862937 0.100000 0.100000 0.100000 0.825539 0.741586 0.705785 0.392136 0.659496 0.858773 1.380280 0.637770 0.100000 0.673550 0.296944 0.100000 0.681185 0.100000 1.642648 0.100000 0.100000 
0.547104 0.117552 0.866887 0.375284 0.100000 0.222215 0.312651 0.100000 0.188976 0.100000 1.027345 0.100000 0.100000 0.951684 1.048466 0.309375 1.095169 0.100000 0.667848 0.100000 0.930042 0.100000 0.243741 0.100000 0.100000 0.661803 1.458258 0.100000 0.549955 0.100000 0.100000 1.411636 0.100000 0.100000 0.110630 0.865624 0.713058 1.211821 0.214495 0.100000 0.641256 0.329638 0.100000 0.497577 0.250619 1.104570 0.285605 0.100000 0.540683 0.100000 0.825264 0.810635 0.100000 0.115376 0.100000 1.056603 0.627956 0.167422 0.100000 0.560534 0.100000 0.281273 
0.541104 0.433824 0.760917 0.526527 0.214633 0.540427 0.415377 0.791365 0.702451 0.384235 0.988112 0.122885 1.450468 0.350052 0.359418 0.806139 0.100000 0.201051 0.226028 0.508472 1.095197 0.734578 0.932612 0.100000 0.100000 0.161177 0.100000 0.100000 0.928995 0.479758 0.513444 0.100000 0.100000 0.100000 0.100000 0.744780 0.852575 0.239663 0.100000 0.100000 0.572958 0.622789 0.795307 0.530778 0.526470 0.585409 0.820575 0.280801 0.100000 0.208886 1.031111 0.682055 0.990930 0.222665 0.140135 0.645928 0.774391 0.965170 0.972233 1.266963 0.795173 0.100000 
0.152328 0.368205 0.100000 0.100000 0.911792 0.100000 0.906481 0.100000 0.257312 0.463708 0.461279 0.758932 1.397118 0.137942 0.100000 1.499824 0.470147 0.100000 0.100000 0.750040 1.073623 1.127022 0.105626 0.166487 0.100000 0.347665 0.823880 0.521185 0.306950 0.473403 0.503674 1.160616 0.331508 0.100000 0.100000 0.386277 1.014031 0.916630 0.951127 0.282054 0.312811 0.560556 0.316911 0.351270 0.688439 0.437460 1.023747 0.100000 0.100000 0.791068 0.126089 1.102218 0.100000 0.100241 0.100000 1.267491 0.195076 0.721344 0.157730 0.472051 0.506838 0.709500 
0.381019 1.118831 0.100000 0.864586 1.049677 0.100000 0.983205 0.100000 0.100000 0.159170 1.181896 0.760553 0.100000 0.133444 0.100000 0.256095 0.100000 0.100000 0.257933 0.315226 2.048274 0.679541 0.460971 0.279781 0.313210 0.100000 0.100000 0.100000 0.503088 0.566350 0.249277 0.243179 0.275779 0.395446 0.373631 0.277006 0.762472 0.100000 0.700505 0.100000 0.100000 0.131579 0.453785 0.120199 0.894820 0.100000 0.807975 0.100000 0.544840 0.893701 0.380322 0.499915 0.217858 0.551088 0.105017 0.488568 0.390326 0.123216 0.100000 0.364386 0.320103 1.786767 
0.819898 0.215859 0.100000 0.555068 0.260255 0.100000 1.294576 0.343605 0.295681 0.100000 1.403774 0.416681 0.100000 0.100000 0.100000 1.234840 0.442740 1.193139 0.910690 0.550096 1.409223 0.425208 0.100000 0.100000 0.319700 0.100000 0.100000 0.100000 1.465932 0.100000 0.100000 0.266562 0.900183 0.938674 0.100000 0.692726 0.103740 0.274896 1.607593 0.567958 0.546345 0.100000 0.258372 0.100000 0.100000 0.537044 0.880118 0.463116 0.897719 0.100000 1.307820 0.100000 0.701486 0.621003 0.637181 1.247221 0.603204 0.577927 0.100000 0.728308 0.100000 0.100000 
0.294067 0.868063 0.100000 0.100000 0.332053 0.100000 0.100000 1.078478 0.632286 1.582842 0.191899 0.909686 0.118448 1.915555 0.100000 0.401688 0.401037 0.292702 0.156928 0.839589 1.312134 0.793611 0.741312 0.100000 0.100000 0.752577 0.100000 0.949022 0.643407 0.122475 1.137863 0.705958 1.018221 0.486310 0.984149 0.218423 0.100000 0.100000 0.100000 0.394947 1.476351 0.172394 0.100000 1.005357 0.770664 0.100000 0.795955 0.369357 0.100000 0.884284 0.359371 0.132297 0.396179 1.179288 1.081185 0.949234 0.182978 0.255744 0.599775 0.518305 0.169516 0.100233 
0.100000 0.100000 0.608854 0.838981 0.100000 0.763918 1.177502 0.100000 0.515787 0.999449 0.421882 1.014368 0.103791 0.605417 0.100000 0.100000 0.358645 0.194808 0.181427 0.273744 1.175698 0.277056 0.275981 0.293483 0.536112 0.474044 0.100000 0.515439 0.478955 0.812244 0.546098 0.243906 0.100000 0.100000 0.100000 0.100000 0.746925 0.828521 0.184662 0.100000 0.100000 0.382571 0.618361 0.692689 0.891993 0.100000 0.465708 0.504027 0.287950 0.785076 0.859549 0.471231 0.100000 0.100000 0.647771 0.100000 0.460344 0.271166 1.581361 0.282036 0.416855 0.181185 
1.991438 0.100000 0.400720 0.100000 0.670835 0.100000 0.634976 0.100000 0.311996 0.593047 1.799826 0.100000 0.479332 0.596698 0.100000 0.517818 0.384476 0.179462 0.364470 0.100000 0.766530 0.592756 0.100000 0.100000 0.195746 0.619065 0.488061 0.100000 0.100000 0.900307 1.119816 1.313310 0.589361 0.802112 0.100000 0.100000 0.467755 0.153870 0.801574 0.496495 0.310451 0.100000 0.385941 0.695393 1.246078 0.100000 1.228103 0.100000 0.100000 1.365413 0.798368 0.648107 0.798704 0.278045 0.117555 0.347559 0.529354 0.937746 0.128975 0.768275 0.100000 0.945446 
0.301414 0.645470 0.350273 0.100000 0.100000 0.390547 1.069132 0.805745 0.473728 0.243321 1.038311 0.370262 0.571406 1.165031 1.057839 0.100000 0.100000 0.150180 0.763325 0.708533 0.985010 0.721572 0.256755 0.100000 0.297893 0.100000 1.064430 0.100000 0.100000 0.667912 0.100000 0.492413 0.326978 1.007200 1.604716 0.485989 0.100000 0.399235 0.627221 0.100000 0.734944 1.046080 0.648023 0.266821 0.259507 0.100000 0.368528 0.100000 1.082879 0.100000 0.100000 0.694283 0.799858 0.114787 0.187570 0.572341 0.788920 0.943469 0.688281 0.100000 0.489183 0.726777 
0.100000 0.328761 0.100000 0.100000 0.171363 0.270737 0.126655 1.409384 0.691602 1.683598 0.782859 1.183695 0.133404 1.345439 0.549945 0.994041 0.100000 0.299221 1.042149 0.100000 0.617961 0.100000 0.100000 0.553423 0.567957 0.351395 0.851770 0.100000 0.324931 0.577473 0.815442 0.647286 0.100000 0.659772 0.944941 0.220671 0.565673 0.100000 0.301383 0.100000 0.655303 1.040556 0.671291 0.301239 0.943218 0.100000 1.192100 0.514397 0.100000 0.377353 0.156320 1.598223 0.794923 0.100000 0.100000 0.323280 0.141434 0.881173 0.611100 0.100000 0.399924 1.493870 
0.548655 0.836466 0.100000 0.100000 0.407039 0.100000 0.100000 0.755069 0.182699 0.694592 0.979512 0.588308 0.498403 0.831496 0.100000 1.023900 0.100000 0.368983 0.100000 0.418519 0.536995 1.036425 0.696960 0.100000 0.100000 0.100000 0.937345 0.100000 1.107321 0.403440 0.445669 0.183147 0.551921 0.882888 0.476135 0.658564 0.100000 0.313934 0.100000 0.100000 0.739076 0.100000 0.634937 0.487763 1.237308 0.134359 0.810216 0.837920 0.660519 0.827438 0.100000 1.017327 0.100000 0.100000 0.100000 0.100000 0.100000 0.607069 0.100000 0.471393 0.100000 0.524287 
0.759605 0.100000 0.152188 0.184778 0.100000 0.208435 1.517215 0.482998 0.182945 0.910556 1.061455 0.100000 0.100000 0.508422 0.100000 0.749830 0.148369 0.178275 0.100000 0.156446 0.664977 0.560846 0.439846 0.100000 0.491461 1.623800 0.184472 0.693518 0.327111 0.595643 1.044672 1.250716 1.459320 0.124169 0.126922 1.075374 1.195081 0.100000 0.298653 0.599179 1.180879 0.100000 0.589709 0.100000 1.050459 1.116177 0.100000 0.257023 0.100000 0.312261 0.883240 0.899679 0.716986 0.100000 0.100000 1.181964 0.546137 0.557203 0.554265 0.309964 0.182724 0.284156 
