63 Number of operations
19 Number of workers
Standard production times
0.290051 0.119425 0.716550 0.190971 0.451519 0.100000 0.100000 0.336942 0.571636 0.414269 0.100000 0.116889 0.577166 0.526380 0.408052 0.219375 0.435065 0.438886 0.292950 0.555470 0.434268 0.311430 0.740981 0.584869 0.139028 0.323885 0.251275 0.312576 0.314710 0.676281 0.419674 0.326109 0.145356 0.602997 0.103788 0.342580 0.388635 0.242379 0.413542 0.192219 0.347265 0.507650 0.705652 0.791335 0.495640 0.423869 0.228507 0.247610 0.527861 0.409505 1.022967 0.293508 0.469117 0.314897 0.100000 0.751079 0.347161 0.569259 0.817347 0.505296 0.596762 0.100000 0.221035 
Production times: workers row and ops columns
1.382838 0.100000 0.100000 0.100000 0.531537 0.538084 0.257817 0.100000 0.418534 0.828256 0.215047 0.497895 0.466002 0.426001 0.501333 0.424401 0.534214 0.498390 0.100000 0.744252 0.495178 0.876172 1.340440 0.677447 0.100000 0.100000 0.463022 0.351246 0.142783 0.698080 0.109674 0.675125 0.100000 1.215251 0.305534 0.639369 0.100000 0.327070 0.783820 0.100000 0.214155 0.523957 0.100000 0.948915 0.918720 0.100000 0.403780 0.100000 0.508513 0.100000 1.583676 0.497958 0.456808 0.100000 0.736878 1.734630 0.100000 1.187341 1.631172 0.674302 0.100000 0.531673 0.130575 
0.100000 0.100000 0.991819 0.587374 0.139753 0.360288 0.100000 0.737872 0.594919 0.320984 0.100000 0.551333 0.952372 0.791113 0.476903 0.258286 0.744255 0.555133 0.634226 0.400412 0.100000 0.830842 1.834471 0.805551 0.100000 0.255663 0.191748 0.321280 0.100000 0.417734 0.100000 0.450508 0.100000 0.850603 0.100000 0.835748 0.495402 1.337729 0.100000 0.100000 0.798008 1.771813 0.581335 0.813170 0.382483 1.089598 0.100000 0.587645 0.367960 0.100000 1.179741 0.545100 1.115730 0.259674 0.100000 1.032460 0.467530 0.709591 0.780790 1.085465 0.781508 1.052329 0.776563 
0.619576 0.100000 1.017710 0.401112 0.856995 0.622221 0.100000 0.748944 0.290483 1.391708 0.100000 0.100000 0.100000 0.100000 0.100000 1.197415 0.271815 0.100000 0.850142 0.262208 0.100000 0.749349 1.052662 0.367391 0.842798 0.388436 1.059749 0.563946 1.094113 0.730983 0.100000 1.550793 0.100000 0.503578 0.100000 0.240883 0.509970 0.343294 0.744052 1.088298 0.287032 0.100000 0.114493 0.458458 0.100000 0.836384 0.100000 0.100000 0.526915 0.100000 0.592309 0.630863 0.778386 0.100000 1.005267 0.100000 0.174668 0.453839 0.100000 1.474060 0.779928 0.100000 1.246622 
0.582882 0.334189 0.413051 0.244082 0.100000 0.497513 0.100000 0.403966 1.172663 0.556643 0.231234 0.255139 0.210530 0.944383 1.179732 0.598778 0.877519 0.100000 0.100000 0.100000 1.050394 0.184340 1.440903 0.193913 0.100000 0.371598 0.712000 0.342951 0.420272 0.684545 0.508268 0.100000 0.185820 0.509708 0.100000 0.588748 0.100000 0.200125 0.264861 0.400870 0.739650 0.100000 0.998607 1.824227 0.100000 0.100000 0.100000 0.108062 1.339286 0.416182 0.675620 0.604409 0.169214 0.876603 0.252634 1.445469 0.100000 2.084687 1.229639 0.832586 0.571168 0.100000 0.100000 
0.222062 0.100000 0.857888 0.100000 0.762060 0.578061 0.100000 0.933285 0.452665 0.991913 0.319083 0.678054 0.100000 0.472983 1.133767 0.100000 0.100000 0.100000 0.100000 0.100000 0.228448 0.950694 0.519866 0.746633 0.100000 0.328159 0.167175 0.225485 0.545292 0.100000 0.924738 0.786117 0.100000 1.005694 0.100000 0.100000 0.466767 0.147268 0.189173 0.100000 0.100000 0.977234 0.100000 0.967583 0.377422 0.787776 0.486044 0.100000 0.820184 0.571642 1.033898 0.100000 0.895757 0.108383 1.017359 1.033271 1.416075 0.176492 0.100000 0.862690 1.023114 0.117680 0.100000 
0.100000 0.428418 0.624462 0.132978 0.363789 0.100000 0.100000 0.100000 1.455616 0.176582 0.338805 0.100000 0.974430 0.100000 0.868360 0.201691 1.490367 0.100000 0.331140 0.739086 1.050717 0.100001 0.784213 0.100000 0.100000 0.549693 0.803362 0.171708 1.342888 1.556406 0.389348 0.100000 0.100000 0.214068 0.661709 0.497716 0.100000 0.127996 1.220223 0.100000 0.100000 1.534962 0.732357 0.551757 0.670724 0.432451 0.100000 0.851839 1.085712 0.829936 0.971523 0.866958 0.444265 0.548219 0.616843 1.155502 1.242039 0.794901 0.100000 0.100000 1.271815 0.100000 0.414305 
0.100000 0.619866 0.524134 0.920025 0.185402 0.659067 0.437198 0.100000 1.121134 0.100000 0.100000 0.477745 0.264495 0.229459 0.236102 0.100000 0.957562 0.743144 0.258286 0.501274 0.659345 1.194097 1.176466 0.330641 0.527737 0.264499 0.151776 1.245811 0.105241 0.436689 0.100000 0.100000 0.370917 0.255537 0.361495 0.100000 0.100000 0.579664 1.143988 0.488455 0.946180 1.359947 1.225697 0.332115 0.442968 0.738967 0.100000 0.473583 0.100000 0.100000 1.287407 0.100000 0.100000 0.306038 0.100000 0.779640 0.100000 0.423462 0.687855 0.599942 0.314867 0.144843 0.100000 
0.568088 0.966330 0.814985 0.275905 0.100000 0.446683 0.100000 0.100000 0.850355 0.504788 0.653588 0.838328 0.307325 0.590569 1.288260 0.702645 0.791589 1.091989 0.100000 0.873762 1.138894 1.121886 0.337888 0.459032 0.330385 0.179386 0.100000 0.654576 0.138005 0.100000 0.600598 0.113862 0.100000 0.100000 0.610699 0.100000 0.100000 0.104456 1.028020 0.847072 0.100000 0.418834 0.100000 1.296939 0.100000 0.352271 0.744999 0.136403 1.262941 0.100000 1.207562 0.720149 0.399261 1.008054 0.374065 0.100000 2.326463 0.893581 0.871018 0.100000 0.637646 0.100000 0.543212 
0.475886 1.045930 0.787676 0.447723 0.637747 0.100000 0.100000 0.887442 0.961649 0.100000 0.100000 0.100000 1.157886 0.512616 1.281270 0.100000 0.505885 0.100000 0.100000 0.400910 0.689737 1.166761 0.758453 1.311828 0.469868 0.817061 0.100000 1.005071 0.100000 0.923861 0.100000 0.100000 0.100000 0.344823 0.279346 0.308195 0.100000 0.977749 0.582152 0.696252 0.739878 0.175216 0.100000 0.333623 1.108218 0.100000 0.636529 0.100000 0.724416 0.100000 1.606504 0.273673 0.912030 0.409828 0.499032 0.700113 0.718840 0.100000 0.276991 0.868033 0.577173 0.100000 0.131229 
0.540913 0.100000 0.971704 0.100000 0.247893 0.592476 0.635626 0.100000 0.990953 0.100000 0.466512 0.100000 0.100000 0.271894 0.324809 0.931183 0.887064 1.226620 0.896254 0.414038 0.301104 0.845916 0.761166 0.506372 0.100000 0.270655 0.100000 0.100000 0.100000 1.022569 0.180338 0.161583 0.818909 0.100000 0.262118 0.100000 0.433500 0.447512 0.843477 0.100000 0.507093 0.666727 0.696036 0.866344 0.727407 0.622809 0.100000 0.100000 1.780851 1.369401 0.327120 0.518617 0.782835 0.690566 0.170198 0.287643 0.255951 0.323696 0.884533 0.371110 0.530924 0.609276 0.836314 
0.100000 0.100000 0.321150 0.802832 0.421835 0.824495 0.100000 0.349942 0.100000 1.065536 0.100000 0.100000 0.280935 0.100000 0.392144 0.275619 0.579104 1.187940 0.142462 0.959198 0.590387 0.214769 0.100000 1.058620 0.100000 0.332863 0.100000 0.454073 0.368725 0.690990 0.352278 0.850718 0.628466 0.965956 1.764327 0.100000 0.198876 0.100000 0.631535 0.100000 0.100000 0.100000 0.741778 1.296229 0.100000 0.117648 0.158831 0.100000 0.793443 0.411506 1.183600 0.100000 1.237385 0.314710 0.746775 0.531581 0.642181 0.229567 0.341892 0.153121 0.573828 0.100000 0.990638 
0.100000 0.100000 1.566645 0.495362 0.100000 0.348635 0.218666 0.100000 0.386855 0.405541 0.465701 0.594137 0.625039 1.043106 0.334915 0.100000 0.100000 0.710209 0.100000 0.894374 0.100000 0.131818 0.993672 1.193840 0.100000 0.100000 0.275805 0.100000 0.745522 0.100000 0.600575 0.539069 0.169896 1.154116 0.100000 0.896888 0.100000 0.605154 0.251440 0.599390 0.737499 0.100000 0.628406 0.745119 0.376702 0.100000 1.154226 0.352159 1.305369 0.124931 0.492068 0.359632 0.187498 1.509970 0.222711 1.327379 0.235043 0.406228 0.801891 0.683154 1.021555 0.100000 0.100000 
0.100000 0.100000 1.003032 0.419944 0.442610 0.100000 0.173383 0.622844 0.553227 0.470453 0.100000 0.574639 0.358066 0.619148 0.605266 0.582137 1.183007 0.776613 0.592557 0.100000 0.737470 1.458289 0.325975 0.100000 0.100000 0.834509 0.513650 0.100000 0.296715 1.194801 0.755984 1.540547 0.648199 0.779781 0.411151 0.168088 0.100000 0.328358 0.658822 0.100000 0.100000 0.323022 0.838473 0.661102 0.718188 0.472925 0.758671 0.100000 1.356423 1.118342 1.048125 0.618669 0.772391 0.100000 0.182333 1.140166 0.502070 1.094919 0.864845 0.545671 0.212860 0.100000 0.100000 
1.142793 0.239678 0.216837 0.390270 0.355517 0.100000 0.339926 0.100000 0.860868 0.100000 0.100000 0.364060 0.100000 0.303031 0.510241 0.525492 0.807507 0.420746 0.100000 1.517378 0.131277 1.213224 0.514718 1.165512 0.674011 0.100000 0.428917 0.690272 0.665201 0.576813 0.570654 0.128764 0.100000 1.095003 0.100000 1.032459 0.689861 0.100000 0.332943 0.100000 0.100000 0.758365 0.466345 1.607181 0.926086 0.100000 0.219007 0.134230 0.100000 0.875133 1.497871 0.756258 0.240623 0.849390 0.100000 1.218653 1.253425 0.639314 0.107772 0.346845 0.917255 0.709937 0.100000 
0.194777 0.236095 0.934050 0.646182 0.100000 0.100000 0.603983 0.533109 0.795826 0.976930 0.152027 0.380891 0.419884 0.100000 0.100000 0.256536 0.335284 0.111585 0.451957 0.110334 0.489936 0.301668 0.320986 0.100000 0.867291 0.482204 0.100000 0.100000 0.511604 0.562211 0.709839 0.100000 0.232940 0.576256 0.100000 0.232066 0.488515 0.708740 0.148482 0.100000 0.427547 0.447575 0.898453 1.150481 1.141235 0.365647 0.100000 0.212798 0.704796 0.316028 0.946349 0.100000 0.723109 0.152881 0.100000 0.315368 0.100000 0.873633 1.098166 1.262671 0.920724 0.100000 0.100000 
0.855413 0.902769 0.597676 0.470372 0.100000 0.100000 0.100000 0.158348 0.310948 0.299212 0.100000 0.456540 1.290939 0.544479 1.423051 0.100000 0.172513 0.632754 0.115551 1.143996 0.113714 0.972777 0.838068 1.867596 0.100000 0.222538 0.324101 0.100000 0.615843 0.916705 0.474333 0.100000 0.100000 0.896307 0.691377 1.139812 0.100000 0.100000 0.277573 0.100000 0.100000 0.933545 1.522953 0.930913 1.315917 0.629306 0.324189 0.161890 0.621330 0.282079 0.952511 0.100000 0.598633 0.322121 0.100000 0.630729 0.100000 0.100000 1.059288 1.284640 1.781627 0.881210 0.100000 
0.877673 0.679375 0.100000 0.621615 0.765107 0.181404 0.244308 0.366095 1.387604 0.213374 0.100000 0.120584 0.714998 0.100000 1.102039 0.332475 0.719627 0.537544 0.199730 0.377850 0.482325 0.387456 1.318612 0.757898 0.100000 1.317168 0.100000 0.100000 0.492011 0.570095 0.100000 0.169994 0.100000 1.168562 0.100000 0.867887 0.618526 0.139214 0.424128 0.406548 0.100000 0.671184 0.516092 1.690295 0.150006 0.995151 0.100000 0.654923 0.665912 0.285997 0.962522 0.163227 0.680618 0.247773 0.100000 0.658174 1.464522 0.592682 0.962740 0.286268 0.683789 0.188973 0.100000 
0.721682 0.100000 0.651453 0.443498 0.318017 0.100000 0.379132 0.100000 0.347982 0.100000 0.100000 0.100000 0.339871 0.866870 1.289357 0.100000 0.696392 0.261179 0.342421 1.119346 0.459414 0.100000 0.376017 0.276496 0.132376 0.752891 0.100000 0.100000 0.100000 0.100000 1.082635 0.307919 1.095746 0.100000 0.750879 0.100000 0.184950 0.100000 0.100000 0.100000 0.455431 0.100000 0.584751 0.786735 0.828945 0.474065 0.389170 0.504816 0.519236 0.591179 0.533107 0.100000 1.417872 0.309030 0.100000 1.441019 0.268740 0.246013 0.100000 0.895042 0.100000 0.100000 0.543085 
0.381868 0.100000 0.609557 0.763934 1.566656 0.100000 0.384452 1.301342 1.111164 0.100000 0.100000 0.100000 0.120444 0.214428 0.538990 0.100000 0.873164 0.500514 0.100000 0.998515 0.593754 0.443864 1.261000 0.871502 0.100000 0.792662 0.405934 1.771230 0.864054 1.252888 1.065171 0.366028 0.801804 0.614676 0.100000 0.100000 0.652610 0.100000 0.517718 0.100000 0.706373 0.134563 1.641804 1.175244 0.100000 1.303249 0.114881 0.100000 0.100000 0.693388 1.775228 0.100000 0.100000 0.100000 0.848203 1.586444 0.172926 0.838111 0.815894 0.474980 1.078773 0.320478 0.385780 
