46 Number of operations
16 Number of workers
Standard production times
0.725655 0.797480 0.427449 0.473366 0.321413 0.485349 0.335273 0.591418 0.500056 0.474387 0.800608 0.360535 0.245198 0.800615 0.321053 0.333261 0.299486 0.195322 0.383654 0.292999 0.684018 0.252520 0.101301 0.392081 0.447247 0.475239 0.439608 0.592489 0.108927 0.442102 0.169473 0.296933 0.605743 0.642943 0.189804 0.529520 0.470434 1.040854 0.554141 0.291557 0.475544 0.270002 0.120849 0.188098 0.526608 0.546847 
Production times: workers row and ops columns
0.100000 0.100000 0.100000 1.757690 1.183367 0.383620 0.610987 0.100000 1.244872 1.260258 1.031817 0.510754 0.502214 1.333249 0.100000 0.663322 0.430007 0.100000 1.247857 0.762317 0.888755 0.560642 0.662112 0.896348 0.254267 0.295189 0.518133 0.574290 0.100000 0.100000 0.152577 0.297009 0.100000 0.100000 0.100000 1.728738 0.229181 0.545940 0.710790 0.490917 0.100000 0.105127 0.969075 0.264779 0.442634 0.100000 
0.391135 1.448829 0.100000 0.100000 0.798086 0.762930 0.268311 0.359688 0.821286 1.210591 0.920820 1.345014 0.100000 0.901992 0.243140 0.100000 0.190194 0.100000 0.100000 0.878421 0.649848 0.100000 0.100000 0.865433 0.711345 0.310576 0.100000 0.610980 0.276085 0.100000 0.679972 0.340760 0.377976 0.598765 0.163588 1.690891 0.674901 0.100000 0.100000 1.085042 0.100000 1.008730 1.176603 0.100000 1.399727 0.240262 
0.100468 0.646698 1.653542 0.100000 0.770050 0.100000 0.190242 0.318461 1.410663 1.120407 1.169589 0.173246 0.726510 1.114534 1.136174 0.518624 0.100000 0.324691 1.239535 0.431003 0.308452 0.100000 0.997360 0.547635 0.891989 0.843933 0.620534 0.834886 0.224806 0.100000 0.295780 0.256670 0.747036 0.459444 0.178320 1.051222 0.774644 1.798390 0.974979 0.286930 1.216716 0.110451 0.959135 0.100000 0.196240 0.504367 
0.909922 0.100000 0.162429 0.538393 0.710171 0.100000 0.100000 0.215212 1.403998 0.348081 0.287978 0.100000 0.100000 1.037133 0.100000 0.100000 0.100000 1.613382 0.193705 0.100000 0.956008 0.261514 0.779597 0.591766 1.075701 0.200069 0.904746 0.381700 0.706203 0.254830 0.100000 0.100000 0.786920 0.100000 0.957933 1.326457 0.337052 1.111866 0.863384 0.100000 0.100000 0.100000 0.465697 0.281919 0.276835 0.100000 
0.100000 0.100000 0.463808 0.100000 0.100000 0.653742 0.404961 0.802453 0.545388 1.393061 0.479903 0.480668 0.910593 0.963063 0.100000 0.687543 0.584190 0.301924 0.100000 0.282800 1.097069 0.100000 0.756944 0.301750 0.563722 0.245714 0.559105 0.658284 0.100000 0.100000 0.100000 0.226956 0.468629 0.100000 0.563252 0.885732 1.770772 1.399862 0.489789 0.100000 0.766972 0.100000 0.100000 0.100000 0.686932 0.100000 
0.659833 1.147180 0.100000 0.100000 0.212468 0.387732 0.215764 0.861697 0.582241 0.434468 1.048532 0.172316 0.100000 1.445604 0.179632 0.100000 0.477772 0.532612 0.896053 0.476608 0.943195 0.140205 0.100000 0.100000 1.867672 0.204941 0.100000 0.539590 0.100000 0.100000 0.100000 0.314678 1.635766 1.325102 0.477950 0.100000 0.564434 0.746676 1.255406 0.100000 0.497860 0.469454 0.100000 0.100000 1.060262 0.945553 
0.913560 1.190716 0.684979 0.805889 1.087232 0.190720 0.100000 0.684984 0.665792 0.749089 1.053282 0.100000 0.179054 0.224025 0.100000 0.209344 0.228610 0.454971 0.124227 0.602175 0.729882 0.594596 0.100000 0.613432 0.323302 0.100000 0.192413 1.619123 0.697337 0.396768 0.100000 0.681386 0.450967 0.719381 0.703499 1.985336 0.559973 1.229913 0.585310 0.761184 0.100000 0.274522 0.100000 0.876511 0.280941 0.771771 
0.493209 1.142536 0.531838 0.100000 0.120946 0.624980 0.100000 0.636677 0.563050 0.707967 1.007863 0.757402 0.545001 0.177345 0.131720 0.295500 0.170000 0.100000 0.861603 0.100000 0.777590 0.100000 0.100000 0.645242 1.480802 0.100000 0.100000 1.261943 0.100000 1.050230 0.301179 0.378002 0.220976 0.100000 0.424953 0.100000 0.795355 1.064527 0.804053 0.100000 0.100000 0.100000 0.100000 0.100000 0.271058 0.149357 
1.454977 1.100392 0.673184 0.662519 0.644397 0.100000 0.703545 1.260437 0.587060 0.406992 0.879622 0.205570 0.351234 0.688082 0.656732 0.457724 1.120337 0.395134 0.847077 0.575210 0.603498 0.552461 0.390418 0.264602 0.100000 0.995058 0.459661 1.135902 1.317073 0.516231 0.100000 0.100000 0.864844 1.066574 0.342096 1.058577 0.785310 0.496448 0.930404 0.625877 0.553060 0.335881 0.100000 1.264044 0.544068 0.668868 
0.100000 0.100000 1.374192 0.100000 0.100000 0.612601 0.100000 0.997813 1.301836 1.094847 1.004980 0.801266 0.100000 0.821536 0.528136 0.718348 1.370751 0.100000 0.720486 0.100000 0.462997 0.615426 0.165797 0.310619 0.754356 0.931631 0.100000 0.633968 0.100000 0.942305 0.100000 0.104137 0.907619 0.783336 0.100000 0.100000 2.005680 1.397958 0.303369 0.100000 0.222970 0.173347 0.452406 0.100000 0.696136 0.184515 
0.355785 0.100000 0.208515 0.478997 0.925903 0.300717 1.334804 1.774242 0.324004 0.671179 1.175967 0.563474 0.100000 0.854277 0.100000 0.100000 0.847844 0.100000 0.951334 0.636835 0.100000 0.100000 0.348426 0.445750 1.097041 0.757441 0.185826 0.100000 0.100000 0.649793 0.388183 0.640607 1.201619 0.896034 0.156828 0.621824 0.794352 1.482368 1.084361 1.217218 0.100000 0.425945 0.448823 0.552502 1.315332 1.334572 
0.716407 0.589677 0.624308 0.100000 0.510816 0.931975 0.346256 0.100000 0.300472 0.100000 0.877514 0.690222 0.449813 0.807795 0.566298 0.100000 0.100000 0.165711 0.379475 0.627699 1.596413 0.385026 0.450024 0.100000 0.301519 0.140367 0.944750 0.738550 0.335838 0.901609 0.100000 0.529943 0.324226 0.922716 0.752172 1.708249 0.100000 0.979548 0.991405 0.552276 0.673283 1.142617 0.100000 0.117415 1.214980 0.100000 
0.972832 0.965066 1.083330 0.100000 0.100000 0.582482 1.251959 0.329957 1.005229 0.591677 0.402988 0.643774 0.100000 1.273069 0.917038 0.100000 0.199695 0.124229 0.480671 0.780801 0.940827 0.100000 0.100000 1.054270 0.100000 1.181713 0.420992 1.486618 0.100000 0.100000 1.149647 0.100000 0.100000 0.809847 0.343791 0.166840 0.100000 2.002003 0.771549 0.296914 0.100000 0.428038 0.183608 0.317782 0.616825 0.599491 
0.705413 1.010074 0.556574 0.310802 0.377848 1.139141 0.551046 0.799669 0.802125 0.154024 0.905220 0.100000 0.100000 0.863369 0.333832 0.252130 0.100000 0.375553 0.100000 0.100000 0.414547 0.100000 0.100000 0.100000 0.744368 0.100000 0.100000 0.100000 0.100000 0.599193 1.247200 0.100000 1.629344 1.352300 0.100000 0.861350 0.430372 0.729492 0.100000 0.100000 0.866609 0.713399 0.100000 0.100000 0.537980 1.059717 
0.831214 0.947411 0.100000 0.335917 0.100000 0.100000 0.395928 1.077794 0.377724 0.305453 1.111218 0.100000 0.169086 0.736395 0.100000 0.942314 0.162523 0.100000 0.490621 0.410964 1.017609 0.100000 0.109326 0.498436 0.100000 0.833068 0.615994 0.730464 0.503073 0.100000 0.100000 0.100000 0.738036 0.100000 0.627133 0.890264 0.450307 0.305125 1.043978 0.477882 0.664850 0.179675 0.100000 0.795151 0.655945 0.454093 
0.287157 1.529635 0.835455 0.264947 0.100000 0.472419 0.563408 0.987029 0.100000 1.288516 0.704610 0.100000 0.100000 1.437506 1.116766 0.146062 0.374580 0.100000 0.275426 0.100000 1.496136 0.100000 0.100000 0.225717 0.399512 0.100000 0.100000 0.239695 0.100000 0.437681 0.561547 0.910587 0.955625 0.778398 0.173348 0.100000 0.631980 0.100000 0.332492 0.624296 0.377625 0.102453 1.006531 0.100000 0.100000 0.902394 
