55 Number of operations
20 Number of workers
Standard production times
0.395487 0.532490 0.222502 0.307822 0.261232 0.472611 0.856732 0.348992 0.510849 0.592732 0.929213 0.391227 0.206876 0.575733 0.100000 0.623915 0.189126 0.198222 0.386496 0.383715 0.967043 0.350765 0.541102 0.253267 0.159032 0.456081 0.295062 0.100000 0.627160 0.519564 0.619080 0.716055 0.419631 0.380416 0.100000 0.410165 0.555420 0.278717 0.305743 0.100000 0.571778 0.269913 0.412373 0.663896 0.543813 0.237312 0.591981 0.366152 0.400966 0.541476 0.611755 0.607141 0.514341 0.395286 0.100000 
Production times: workers row and ops columns
0.100000 1.195829 0.100000 0.100000 0.102736 0.911311 1.647536 0.358473 1.401103 0.100000 0.351686 0.100000 0.259274 0.740559 0.316466 0.469436 0.867543 0.417499 0.637240 0.400927 0.565321 1.651064 1.457850 0.100000 0.100000 0.100000 0.604702 0.100000 0.754409 1.215361 0.100000 0.916812 0.100000 0.100000 0.100000 0.773542 0.360330 0.517994 0.335707 0.100000 0.707974 0.451635 0.100000 0.779701 0.190715 0.100000 0.100000 0.400687 0.171846 0.265347 0.867267 0.997362 0.585582 0.136084 0.534950 
0.100000 0.352442 0.239647 0.697420 0.157428 0.235143 0.831463 1.330150 0.100000 0.581370 1.015914 0.840179 0.100000 1.420393 0.100000 0.228973 0.758481 0.100000 0.680963 0.158464 1.272656 0.930379 1.130164 0.200073 0.274237 0.367443 1.152420 0.278127 0.444856 0.100000 0.906389 0.807487 0.111296 1.016256 0.418097 0.968068 0.464201 0.476459 0.255396 0.100000 1.285569 0.534137 0.100000 1.379016 0.369770 0.856523 1.129886 0.815210 0.100000 0.186843 0.545093 0.514820 0.378593 0.182090 0.451236 
0.966981 0.145229 0.957819 0.100000 0.584234 0.269888 1.621414 0.100000 0.365087 0.436245 1.173509 0.352110 0.494115 0.203771 0.720869 0.100000 0.100000 0.511335 0.238147 1.192151 0.692778 0.100000 0.179495 1.001618 0.885723 0.104892 0.118460 0.100000 0.997091 0.748814 0.100000 0.100000 0.100000 0.100000 0.613256 0.434957 0.810401 0.100000 0.584232 0.100000 0.439730 0.100000 0.100000 1.892778 0.685347 0.196972 0.100000 0.764106 0.353038 0.226150 0.125778 0.215305 0.100000 0.725094 0.413214 
0.100000 0.229720 0.100000 0.641300 0.100000 1.754922 0.407047 0.100000 0.392252 0.151677 0.719163 0.240546 0.790217 0.709820 0.100000 0.455397 0.100000 0.552776 0.100000 0.100000 0.912321 0.100000 0.615237 0.452460 0.455376 1.119405 0.100000 0.100000 0.705928 0.896068 0.320137 1.064369 0.737460 0.570577 0.100000 0.710538 0.440398 0.906932 0.100000 0.174254 0.516025 0.491240 0.624547 1.260528 0.875215 0.592495 0.813219 0.363352 0.619958 1.096131 0.100000 0.682460 0.296324 0.777452 1.232095 
0.252343 0.801378 0.100000 1.444676 0.149016 1.489140 1.002250 0.100000 0.100000 0.999990 0.353094 0.661303 0.100000 1.285138 0.985818 0.582851 0.748577 0.135921 0.100000 0.100000 1.704702 0.440456 1.170805 0.581156 0.400576 0.937593 0.135008 0.100000 1.170323 0.336275 0.612437 0.444177 0.100000 0.765228 1.214920 0.100000 0.761017 0.403523 0.104427 0.100000 0.495256 0.100000 0.100000 0.741058 0.423627 0.100000 0.255207 0.290064 0.145359 0.612002 0.126846 0.288385 1.129812 0.100000 0.613586 
0.668750 1.669284 0.100000 0.148355 0.102244 0.781357 0.939077 0.165081 0.100000 0.100000 0.959091 0.258132 0.355682 0.100000 0.100000 0.500221 0.100000 0.289192 0.497807 0.461387 0.158910 1.553264 0.863097 0.100000 1.185238 0.100000 1.151805 0.100000 0.574323 0.100000 1.360519 0.565526 0.110501 0.827044 0.100000 0.735016 0.463653 0.100000 0.100000 0.100000 1.430951 0.100000 0.444257 0.406146 1.008851 0.612594 0.100000 0.100000 0.100000 1.245071 0.621042 0.405828 0.100000 0.100000 0.740084 
0.955646 0.853849 1.039806 0.100000 0.100000 0.100000 0.100000 0.767181 1.399102 0.779612 0.234957 0.100000 0.100000 0.380746 0.100000 0.774733 1.018706 1.152761 0.865344 0.124298 0.622920 0.793978 0.450731 0.100000 0.100000 0.427000 0.621256 0.100000 1.503975 1.651464 0.100000 0.100000 0.247752 1.075936 0.100000 1.358750 0.435705 0.504042 0.100000 0.100000 1.068452 0.100000 0.444813 0.459049 0.575332 0.207791 0.324482 0.617512 0.944968 0.526465 1.044043 0.100000 0.100000 0.180693 1.064892 
0.100000 0.100000 0.164060 0.832667 0.100000 0.288261 1.617783 0.884196 0.483114 0.835927 0.281547 0.100000 0.612519 0.728224 0.100000 0.100000 0.901342 0.352670 0.100000 0.492446 2.008421 0.400586 0.933360 0.100000 0.100000 0.495727 0.533369 0.100000 0.100000 0.100000 0.100000 0.485072 0.826454 0.613635 0.318799 0.100000 1.062811 0.452172 0.574356 0.100000 0.238259 0.408141 0.844376 1.336584 2.638953 0.100000 0.426503 0.317036 0.163298 0.316957 0.465657 0.100000 0.432817 0.709699 0.100000 
0.100000 0.500158 0.466867 0.171484 0.329872 0.686009 1.392424 0.100000 1.021559 1.114812 1.320302 0.100000 0.100000 0.944741 1.283794 0.707883 0.150172 0.419783 0.500081 0.418600 1.411835 0.931209 1.012106 0.151427 0.717100 0.267784 0.250510 0.100000 1.102623 0.521101 0.606292 0.360051 0.918858 0.606481 0.100000 0.100000 0.448874 0.100000 0.523370 0.456860 0.575907 1.108785 0.100000 0.875607 1.495239 0.409466 0.592164 0.100000 0.911037 0.349237 1.072777 0.500578 1.276156 0.658075 0.100000 
1.333789 0.828845 0.244065 0.481246 0.668443 0.100000 0.860475 0.442109 0.100000 0.835924 0.316528 0.455223 0.100000 0.705455 0.403121 0.320482 1.088389 0.953077 0.600005 0.516769 1.256098 0.100000 0.109531 0.100000 0.473318 0.100000 0.794439 0.435040 1.107531 0.212591 0.329745 1.309611 0.100000 0.635670 1.278824 0.263486 0.332012 0.100000 0.982351 0.100000 0.100000 0.142675 0.283569 0.961423 0.100000 0.100000 0.545535 0.385984 0.213402 0.100000 0.114340 0.100000 0.100000 0.415094 0.386948 
0.100000 0.905437 0.100000 0.669653 1.002269 0.100000 0.868309 0.453586 0.752115 1.260066 0.692105 0.498954 0.323108 0.100000 0.853359 0.447904 0.373502 0.100000 0.153990 0.675977 0.899042 0.100000 0.488523 0.100000 0.100000 0.100000 0.944187 0.100000 0.235655 1.371786 0.871299 1.120331 0.280182 0.184308 0.100000 0.863340 0.181813 0.100000 0.913168 1.254032 0.100000 0.156493 0.260730 1.178278 1.067847 0.100000 0.299033 0.161588 0.889997 0.100000 1.180943 0.177923 0.100000 1.100440 0.515623 
0.740988 0.731954 0.203749 0.490628 0.100000 1.380472 0.100000 0.100000 0.100000 0.105225 0.983598 0.187862 0.351903 0.100000 0.666310 0.381450 0.100000 0.203252 0.100000 0.100000 0.531982 0.100000 0.878292 0.213241 0.100000 0.521078 0.169227 0.100000 1.165224 0.759088 1.512558 0.100000 0.100000 0.511424 0.307170 0.100000 0.488079 0.100000 0.754942 0.382340 0.100000 0.682796 0.100000 0.308914 0.180651 0.212904 1.209118 0.637757 0.543749 0.442645 0.935094 0.520954 0.100000 0.511602 0.100000 
1.024085 0.961314 0.847460 0.982689 0.100000 0.230080 0.283596 0.100000 0.754041 0.394561 0.608358 1.063829 0.100000 0.900950 0.100000 1.009411 0.320230 0.100000 0.100000 0.100000 1.527758 1.353781 1.677055 0.100000 0.100000 0.100000 0.503838 0.260964 1.206855 0.443747 1.728380 0.432677 1.043810 1.202341 0.382271 0.270552 1.082013 0.100000 1.474199 0.519278 0.641751 0.341101 1.535239 0.196920 0.800370 0.100000 1.491284 0.100000 0.100000 0.135795 0.378107 0.377994 0.853428 0.456168 0.100000 
0.986520 0.100000 0.383752 0.100000 0.358487 0.100000 0.100000 0.455038 0.100000 0.882037 0.100000 0.964098 0.100000 0.542134 0.899392 0.709768 0.169190 0.100000 0.735402 0.886967 0.621194 0.528407 0.100000 0.850572 0.551488 0.100000 0.347126 0.100000 0.124064 1.160565 0.100000 1.730436 0.126085 0.297829 0.264058 1.315442 0.100000 0.622964 0.100000 0.100000 1.192443 0.201868 0.608235 0.100000 0.983234 0.100000 0.207581 0.393059 0.569430 0.527387 0.746760 0.273553 0.442305 1.246249 0.100000 
0.356886 0.100000 0.100000 0.482140 0.100000 0.934566 0.992308 0.868038 1.426480 0.689515 1.813288 0.748415 1.038001 0.536277 0.100000 0.588970 0.100000 0.100000 0.100000 0.383131 1.970134 0.100000 1.199600 0.100000 0.100000 0.100000 0.446007 0.100000 0.464277 0.270310 0.807933 1.049983 0.659722 0.428010 0.185879 0.335993 0.685090 0.514122 0.100000 0.100000 1.094716 0.418727 0.100000 0.394731 0.841634 1.023460 0.221359 1.047549 0.144451 1.114425 0.100000 0.260421 0.601225 0.100000 0.100000 
0.473806 0.848375 0.167997 0.100000 0.440021 1.069739 0.879277 0.396425 0.233189 1.312128 1.081058 0.244257 0.393007 0.539346 0.344321 0.276073 1.439809 0.100000 0.100000 0.407498 0.869930 0.599896 0.758135 0.100000 0.111190 0.751813 0.100000 0.365574 1.401619 0.345512 0.100000 0.597982 0.807836 0.501750 0.443511 0.100000 0.710955 0.100000 0.956215 0.345676 0.838989 0.671778 0.690400 0.258369 0.388819 0.993132 0.397647 0.865187 0.188164 1.416418 0.916458 0.725863 0.688971 0.173886 0.100000 
0.483349 0.355083 0.368721 0.622262 0.635011 0.619218 0.515323 0.775250 1.025664 0.336097 1.628934 0.582469 0.171286 1.143226 0.100000 0.100000 1.013318 0.555069 0.129820 0.847965 0.445286 1.147485 0.100000 0.100000 0.909043 0.100000 0.779674 0.366593 0.100000 0.893701 0.913647 1.059693 0.796604 0.100000 0.220219 0.956730 0.917862 0.427131 0.567496 0.421533 1.093974 0.100000 0.387105 1.189042 0.807908 0.987491 0.377990 0.306702 0.253756 0.404475 0.627437 0.590247 0.100000 0.708214 0.271080 
0.100000 0.210412 0.100000 0.462037 0.100000 0.100000 1.024654 0.630072 1.095664 0.236456 0.730610 0.100000 0.514360 0.386296 0.100000 1.523799 0.100000 0.914702 0.100000 0.982275 0.780173 0.100000 0.973667 0.100000 0.396411 0.804902 0.100000 0.774661 0.785611 0.100000 0.741817 0.912143 0.100000 0.100000 0.100000 0.308437 0.534724 0.215346 0.272656 0.205482 0.261153 1.013970 1.280832 0.663899 0.114734 0.482423 0.460628 1.140809 1.123767 1.490990 0.660201 1.257812 0.103960 0.483735 0.190330 
0.100000 0.100000 0.131128 0.647737 0.130014 0.861693 0.729302 0.114912 1.209105 0.100000 0.630841 0.100000 0.100000 0.236969 0.489365 0.799120 0.200175 0.100000 0.666899 0.100000 0.785624 0.100000 0.100000 0.317376 0.100000 0.644167 1.028092 0.403301 0.658424 0.414688 1.653041 0.789410 0.243963 1.008869 0.626097 0.100000 0.100000 0.100000 0.503117 0.696755 1.000465 0.672304 0.187269 0.239483 1.029128 0.100000 1.003887 0.525739 0.100000 0.583336 1.019981 0.673684 0.100000 0.904430 0.488733 
0.161673 0.100000 0.100000 0.402556 0.265670 0.822757 1.429865 0.222089 0.100000 0.100000 1.109848 0.492421 0.457411 0.572310 0.100000 0.935544 0.100000 0.100000 0.485547 0.631022 1.266584 0.100000 0.619455 0.213895 0.100000 0.656731 0.100000 0.272307 0.814657 0.608350 0.100000 0.501818 0.408280 0.205351 0.178161 0.100000 0.835624 0.100000 0.176827 0.100000 0.555412 0.100000 0.387819 0.801013 1.119638 0.763423 0.620264 0.602487 0.100000 0.622894 0.381394 0.302934 0.927163 0.307230 0.100000 
