62 Number of operations
21 Number of workers
Standard production times
0.563466 0.411734 0.470329 0.253471 0.214164 0.482345 0.751829 0.374920 0.423485 0.222958 0.190532 0.307588 0.993507 0.119618 0.652356 0.570469 0.257902 0.542317 0.737673 0.149474 0.669342 0.295591 0.598737 0.283717 0.289292 0.426253 0.144412 0.441457 0.238816 0.369467 0.263753 0.180723 0.425077 0.374474 0.510079 0.384721 0.473029 0.395891 0.542645 0.638141 0.356967 0.370335 0.318688 0.212965 0.141943 0.217732 0.420017 0.413673 0.330458 0.323985 0.446421 0.224510 0.348329 0.824008 0.200741 0.347857 0.322633 0.100000 0.842349 0.354305 0.341065 0.221513 
Production times: workers row and ops columns
0.862984 0.100000 0.100000 1.199460 0.100000 0.563260 0.792171 0.100000 0.100000 0.100000 0.100000 0.100000 0.397568 0.100000 0.804828 1.121598 0.100000 0.532582 0.904746 0.414069 0.502181 0.242118 1.517135 0.441969 0.883482 0.397846 0.530618 0.668743 0.932802 0.462974 0.621951 0.100000 0.884690 0.266773 0.244738 0.665472 0.475431 0.479655 0.158964 0.207674 0.677276 0.100000 0.770704 0.896178 0.100000 0.100000 1.067051 0.143590 0.829050 0.576152 0.628978 0.536038 0.257576 0.274455 0.100000 0.380185 1.011635 0.100000 1.030158 1.485966 0.407736 0.100000 
0.445178 0.836862 0.264996 0.100000 0.306434 0.255986 1.530068 0.925239 0.280417 0.724543 0.442824 0.100000 1.565867 0.181958 0.547438 0.100000 0.815868 0.685063 0.324048 0.853257 0.956753 0.302786 0.100000 0.100000 1.261678 0.679051 0.255124 0.998611 0.580537 0.100000 0.734916 0.100000 0.341845 0.701425 0.100000 0.100000 0.543543 0.106342 0.601312 0.460012 0.100000 0.945944 0.383654 0.100000 0.100000 0.100000 0.100000 1.194625 0.368614 0.222422 0.100000 0.551675 0.257000 0.384689 0.100000 0.100000 0.701922 0.100000 0.916522 0.455328 0.275286 0.100000 
0.596232 0.293362 0.100000 0.454519 0.404524 0.296851 0.616829 0.445057 0.450919 0.507694 0.258751 0.100000 0.592373 0.761395 0.100000 1.264230 0.469350 0.980139 0.779227 0.234084 0.996187 0.100000 1.511635 0.100000 0.100000 0.910386 0.431235 0.492898 0.100000 0.910937 0.100000 0.100000 0.373459 1.244346 0.855949 0.153503 0.604640 0.425422 0.100000 1.305444 0.572295 0.100000 0.100000 0.408212 0.105270 1.000731 0.731590 0.345083 0.100000 0.100000 0.806398 0.100000 0.100000 1.602670 0.100000 1.067754 0.103711 0.100000 0.862041 0.660089 0.100000 0.420391 
0.100000 0.148622 0.100000 0.714592 0.100000 0.387215 0.100000 0.298534 0.755603 0.477182 0.100000 0.132378 1.369960 0.141820 0.630815 0.694681 0.414803 0.189352 1.392598 0.218928 0.484644 0.788427 0.274302 0.415337 0.406721 0.100000 0.100000 0.100000 0.100000 0.484652 0.499138 0.100000 0.364161 0.850774 0.100000 0.157707 0.549391 0.157680 0.279125 0.916014 0.654057 0.100000 1.102791 0.100000 0.494160 0.889783 0.138595 0.100000 0.292028 0.744103 0.433127 0.844185 0.165538 0.885132 0.835916 0.630945 0.100000 0.100000 1.166609 0.260854 0.313909 0.100000 
0.458609 0.154295 0.425644 0.100000 0.100000 0.939004 0.458459 0.764552 0.890921 0.546163 0.812419 0.760159 1.065845 0.100000 0.259918 0.100000 0.764762 0.992000 0.572991 0.412397 0.207816 0.100000 1.014670 0.100000 0.100000 0.520765 1.280030 0.100000 0.572547 0.879136 0.690249 0.203688 0.199083 0.100000 0.100000 0.599605 0.100000 0.100000 0.100000 0.429096 0.398277 0.372387 0.319158 0.100000 0.399243 0.296229 0.425112 0.973616 0.477417 0.100000 0.463070 0.438899 0.979418 0.512027 0.100000 0.100000 0.236691 0.745574 0.687531 0.882445 0.657378 0.324299 
0.223289 0.100000 0.129692 0.100000 0.100000 0.100000 0.449210 0.100000 0.100000 0.484972 0.100000 0.458571 1.700201 0.100000 0.100000 0.727376 0.100000 0.100000 0.605456 0.100000 0.100000 0.319952 1.100136 0.100000 0.814266 0.452155 0.175639 0.282495 0.546393 0.634162 1.158734 0.277901 0.144806 0.125073 0.804232 0.320889 1.124466 0.689631 0.413364 1.087184 0.100000 0.726918 1.305443 0.193545 0.100000 1.135778 0.100000 0.401866 0.626476 0.144182 0.792499 0.100000 0.201877 1.680167 0.308718 0.734494 0.546538 0.100000 1.629573 0.100000 0.100000 0.371916 
1.127590 0.739594 0.100000 0.100000 0.425279 1.091210 0.748673 0.100000 0.333463 0.505648 0.130236 0.380573 1.347230 0.100000 0.100000 0.609798 0.100000 0.447596 0.681366 0.100000 0.639695 0.907531 1.351857 0.720019 0.100000 0.810714 0.291084 0.573014 1.350989 0.100000 0.100000 0.100000 0.370739 0.100000 0.517571 0.100000 0.638530 0.100000 1.147746 1.111062 0.316774 0.575111 1.105068 0.569290 0.157281 0.467253 0.100000 0.123945 0.206949 0.621625 1.031580 1.215994 0.100000 0.100000 0.100000 0.100000 0.100000 0.103758 0.449225 0.119886 0.437096 0.934532 
0.127976 1.210108 0.108318 0.100000 0.540761 0.263847 0.763012 0.100000 1.353572 0.588537 0.100000 0.100000 0.955881 0.622618 0.588308 0.907222 0.546489 0.961156 0.600226 0.440942 0.804442 0.527576 0.758409 0.100000 0.162518 0.100000 0.100000 0.417489 0.573756 0.203885 0.100000 0.100000 1.467953 0.656605 0.121806 0.648633 0.100000 0.744177 0.132893 0.226193 0.660393 0.117135 0.100000 0.100000 0.194434 0.100000 0.430305 0.447833 0.984811 0.854833 0.375593 0.100000 0.923116 0.668118 0.185841 0.408010 0.530999 0.100000 0.966226 0.633082 0.428934 0.790618 
0.100000 0.177763 0.440826 1.201797 0.784371 0.612560 0.678710 0.603180 0.532809 0.364007 0.712340 0.465483 0.715740 0.100000 0.300280 0.732159 0.862949 0.750482 0.772806 0.100000 0.259757 0.113707 0.529440 0.566362 0.340021 1.101386 1.129668 0.634801 0.100000 0.100000 0.533932 0.607297 0.100000 0.203519 1.150577 0.588311 1.668946 0.100000 1.004316 0.100000 0.413682 0.100000 0.300411 0.126319 0.100000 1.265408 0.596383 0.697770 1.102768 0.885178 0.776619 0.100000 0.437229 1.296426 0.542005 0.534723 0.100000 0.100000 0.958789 0.408583 1.062131 0.632323 
0.181742 0.660134 0.100000 0.100000 0.100000 0.783336 0.307430 0.100000 0.100000 0.931993 0.884055 1.514481 0.327937 0.100000 0.458397 0.598057 0.100000 0.518814 0.964761 0.100000 0.300934 0.196145 0.589106 0.100000 0.205815 0.100000 0.110816 0.559496 0.100000 0.599532 0.100000 0.715841 1.011856 0.284593 0.100000 0.100000 0.194858 0.460482 0.587094 0.420816 0.100000 0.896989 0.743573 0.441231 0.117931 0.100000 1.550328 0.816169 0.332364 0.100000 0.100000 0.100000 0.100000 0.956365 0.151254 0.100000 0.353522 0.100000 0.854446 0.100000 1.036773 0.100000 
0.576183 0.100000 0.100000 0.100000 0.729561 0.794212 0.909271 0.100000 0.100000 0.285256 0.870740 0.675859 1.071558 0.521355 0.223576 0.726192 1.311490 1.202554 0.613519 0.100000 0.821544 0.100000 0.863366 0.251306 0.100000 0.371201 0.100000 0.100000 0.100000 0.100000 1.139045 0.787690 0.291487 0.100000 0.100000 1.111749 0.108465 1.444294 0.942688 1.025315 0.100000 0.800934 0.128365 0.622867 0.100000 0.934699 0.100000 0.418919 0.664076 1.184755 0.919004 0.100000 0.100000 0.506554 0.100000 0.100000 0.312929 0.100000 0.683119 0.811618 1.030629 0.100000 
0.469269 0.403717 0.100000 0.100000 0.331365 0.852051 0.786685 0.215831 0.729885 0.922162 0.100000 0.100000 0.836737 0.442752 0.415059 0.474151 0.325759 0.963057 0.706731 0.217007 1.224560 1.447740 0.100000 1.645591 0.100000 0.633333 0.100000 0.736696 0.485345 0.273558 0.501470 0.266743 0.387367 0.132265 0.275843 0.100000 0.100000 0.100000 0.291808 0.145165 0.433176 0.482092 0.100000 0.854106 0.757038 0.100000 0.100000 1.040094 0.494528 0.146123 0.452711 1.250415 0.100000 1.083846 0.100000 0.100000 0.357827 0.100000 1.289116 0.526693 1.014942 0.892666 
0.466188 0.210068 0.454418 0.100000 0.100000 0.100000 0.512743 0.100000 0.100000 0.718539 0.100000 0.539121 0.605634 1.070817 0.233652 0.902950 0.100000 0.549570 0.801189 0.175998 0.871309 0.105378 0.868765 0.306737 0.361252 1.008106 0.100000 1.196678 0.658889 0.693082 0.100000 0.260589 0.622179 1.143419 0.666784 0.301333 1.040428 0.100000 0.482229 0.100000 0.957215 0.100000 0.100000 0.100000 0.100000 0.100000 0.560764 0.221029 0.100000 0.100000 0.468931 0.799273 0.651813 0.825234 0.100000 0.688368 0.399995 0.100000 0.584462 0.100000 0.578907 0.142794 
0.690472 0.100000 0.483660 0.997337 0.836204 0.361277 0.750370 0.100000 0.100000 0.717773 0.100000 0.111182 1.243045 0.101377 1.590629 0.988726 1.867427 0.654308 0.836471 0.244815 0.558969 0.678411 0.751187 0.133088 0.100000 0.622697 0.193353 0.783404 0.468527 0.921160 0.100000 0.179581 0.762591 0.933731 0.176695 1.183243 0.209408 0.100000 1.269182 0.625012 1.301553 0.471983 0.100000 0.747066 1.202721 0.100000 0.100000 0.100000 0.629966 0.689504 0.620866 0.100000 0.114311 0.587332 0.519337 1.182478 0.166473 0.743282 0.632591 0.100000 0.488541 0.199159 
0.100000 0.100000 1.519018 0.100000 0.538595 0.381965 0.655880 0.214613 1.282101 0.100000 0.492903 0.434660 0.739887 0.505109 0.518171 0.100000 1.294010 0.942730 1.004463 0.100000 1.575594 0.323793 0.590994 0.989477 0.100000 0.474219 0.152705 0.678282 0.203647 0.100000 0.926502 0.581709 0.579459 0.920960 0.118570 0.100000 1.574891 0.100000 0.734325 1.181888 0.999827 0.823143 0.630810 0.129432 0.246855 0.100545 0.590248 0.100000 0.500734 0.266556 0.123749 0.100000 0.338942 1.562779 0.100000 0.687995 0.350952 0.100000 0.776462 0.501810 0.205967 0.290383 
0.100000 0.411797 0.639487 0.100000 0.772278 1.003989 0.577560 0.576132 0.376775 0.563572 0.100000 0.100000 0.578834 0.548262 0.377881 1.331867 0.100000 0.683541 1.071911 0.100000 0.995620 0.273809 0.445980 0.616883 0.259650 0.327073 0.100000 0.100000 0.478184 0.523916 0.246312 0.776853 0.100000 0.271318 0.100000 0.414143 0.227256 0.121195 0.447702 0.913986 0.196932 0.100000 0.169134 0.308125 0.134118 0.311963 0.100000 0.521857 1.210910 0.460747 0.100000 0.591379 0.107678 0.100000 0.611394 0.453905 0.880213 1.219884 0.806976 0.100000 0.100000 0.556110 
0.442983 0.249040 0.822622 0.485672 0.133491 1.277460 0.971094 0.859919 0.664669 0.100000 0.216419 0.100000 1.024797 0.390401 0.547249 0.748615 0.386530 0.929527 0.778818 0.100000 1.117042 0.226551 1.156383 0.619098 0.100000 0.703929 0.911975 0.901996 0.431612 0.578612 0.304550 0.100000 0.499163 0.555620 1.007962 0.671942 0.100000 0.401910 0.100000 0.942550 0.542602 0.302895 0.668259 0.598556 0.100000 0.137075 0.124614 0.100000 0.100000 0.887505 1.043458 0.100000 0.100000 0.604366 1.013626 0.100000 0.100000 0.100000 0.948515 0.100000 0.665355 1.531299 
0.491719 1.013468 0.410615 0.655583 0.735793 0.416674 0.100000 0.100000 0.573447 0.159108 0.100000 0.407862 1.054243 0.100000 1.347941 1.184130 0.694391 0.394572 1.232550 0.100000 0.208077 0.100000 0.617924 0.100000 0.100000 0.489584 0.398455 0.255923 0.100000 0.153130 1.910865 0.741868 0.781988 0.804230 0.778183 0.293703 0.301715 0.100000 0.100000 0.550313 0.100000 0.100000 0.605155 0.729865 0.100000 0.644596 0.516883 0.100000 0.100000 0.457896 0.243045 0.202435 0.585090 1.040952 0.100000 0.100000 0.507329 0.100000 0.100000 0.651916 0.100000 0.100000 
0.455945 1.260513 0.100000 0.938943 0.100000 0.880254 0.966528 0.100000 0.100000 0.659836 0.100000 0.595231 0.100000 0.175226 1.112290 1.024145 0.534787 0.100000 0.797601 0.100000 0.830218 0.100000 0.554722 0.609121 0.100000 0.100000 0.195160 0.100000 0.170914 0.383874 0.794033 1.471090 0.363709 1.037540 0.943099 0.392176 0.100000 0.936862 0.251157 0.478016 0.791939 0.251052 0.100000 0.393541 0.499680 0.100000 0.546977 0.100000 0.100000 1.034992 0.373370 0.694084 0.917243 0.351606 0.100738 0.100000 0.100000 0.323652 0.948761 0.100000 0.583997 0.947549 
0.750366 0.755207 0.100000 0.976473 0.412070 1.789010 1.861146 1.130007 0.100000 0.647430 0.100000 0.100000 1.313268 0.770198 0.525199 0.773503 0.100000 0.100000 0.184455 0.100000 0.860304 1.232333 1.233211 1.086387 0.100000 0.648447 0.100000 0.100000 0.611289 0.100000 0.100000 0.100000 1.055998 0.651166 0.509557 0.100000 0.366776 0.487160 0.100000 1.049172 0.738426 0.702123 0.991438 0.100000 0.100000 0.100000 1.157891 0.100000 0.636842 1.009583 0.434276 0.524332 0.399080 0.100000 0.100000 0.927832 0.633347 0.571345 1.402084 0.290446 0.100000 0.237958 
0.548305 0.669635 0.432496 0.100000 0.100000 0.148128 0.681670 0.688833 0.100000 0.100000 0.209095 0.100000 1.691854 0.100000 1.102832 1.021372 0.489407 0.706138 0.721672 0.588118 0.626757 0.208202 1.258085 0.703254 0.171766 0.100000 0.602180 0.881783 0.100000 0.100000 0.190428 0.100000 0.541391 0.100000 0.630297 0.100000 1.441108 0.649411 0.343084 1.451822 0.100000 0.100000 1.509215 0.141128 0.464917 0.100000 0.233890 0.595214 0.100000 0.100000 0.403532 0.100000 1.003076 1.604729 1.107512 0.318810 0.774864 0.100000 0.771414 0.618620 0.735576 0.100000 
