61 Number of operations
22 Number of workers
Standard production times
0.395487 0.532490 0.222502 0.307822 0.261232 0.472611 0.856732 0.348992 0.510849 0.592732 0.929213 0.391227 0.206876 0.575733 0.100000 0.623915 0.189126 0.198222 0.386496 0.383715 0.967043 0.350765 0.541102 0.253267 0.159032 0.456081 0.295062 0.100000 0.627160 0.519564 0.619080 0.716055 0.419631 0.380416 0.100000 0.410165 0.555420 0.278717 0.305743 0.100000 0.571778 0.269913 0.412373 0.663896 0.543813 0.237312 0.591981 0.366152 0.400966 0.541476 0.611755 0.607141 0.514341 0.395286 0.100000 0.249166 0.430479 0.769328 0.427803 0.599307 0.100000 
Production times: workers row and ops columns
0.232200 1.136338 0.100000 0.909523 0.469812 0.419252 1.044788 0.409377 0.208176 0.932133 1.047141 0.874688 0.289790 1.313886 0.136341 0.850963 0.100000 0.100000 0.100000 0.495261 0.346029 0.100000 0.815441 0.535877 0.629876 0.521069 0.545038 0.246831 0.693837 1.137488 0.149822 0.100000 0.547892 0.314981 0.684186 0.350041 1.078183 0.299159 0.383495 0.842530 0.374181 0.595228 0.421305 0.100000 0.100000 0.100000 0.870841 0.133537 0.379573 0.551986 0.100000 1.027031 0.612593 1.065217 0.100000 0.568629 0.306897 0.412224 0.408935 0.417686 0.126141 
0.400119 0.100000 0.100000 0.286198 0.801064 0.899688 1.266471 0.932067 0.100000 0.455428 0.811875 0.783199 0.100000 0.943298 0.268755 1.138259 0.100000 0.100000 0.340604 0.461336 1.607311 0.851462 0.327606 0.974026 0.843671 0.292418 1.048261 0.100000 1.130577 0.100000 0.169823 0.100000 1.091593 0.710660 0.657817 0.100000 1.205937 0.100000 1.143397 0.350232 0.382072 0.100000 0.222685 0.554544 0.276487 0.100000 1.326402 0.100000 0.855711 0.487500 0.375024 0.100000 0.667809 0.243252 0.100000 0.205881 0.163454 0.368840 1.039859 1.240752 0.786789 
0.758072 0.131301 0.100000 0.216667 0.693048 0.100000 0.100000 0.100000 0.137222 0.264595 1.760199 0.103000 0.100000 1.053221 0.100000 0.100000 0.100000 0.130193 0.413651 0.100000 0.526530 0.706906 1.128356 0.100000 0.100000 0.213379 0.311648 0.340983 0.379412 0.467069 1.084225 0.101390 0.100000 0.107184 0.493006 0.100000 0.260803 0.100000 0.100000 0.512208 0.426755 1.266589 0.100000 1.476852 0.350332 0.100000 0.691052 0.261539 0.193331 0.503066 0.397810 0.885380 0.374159 0.698588 0.384769 0.228932 0.262294 0.989369 0.201017 1.499569 0.113626 
0.100000 0.949136 0.100000 0.100000 0.928636 0.495310 1.691244 0.100000 0.198420 0.881970 1.262334 0.123618 0.451348 0.100000 0.630895 0.509654 0.494722 0.100000 0.671813 0.622648 1.482212 0.722060 1.000157 0.100000 0.125266 0.100000 0.434964 0.678837 1.415750 0.979022 0.662895 1.149704 0.100000 1.395442 0.100000 0.100000 0.520275 0.117759 0.197740 0.586428 1.079404 0.624110 0.100000 0.379352 0.255546 0.320523 1.016050 1.038916 0.153688 0.530822 0.189373 0.453853 1.379489 0.201063 0.364861 0.411078 0.100000 1.064483 1.032388 0.906011 0.345750 
0.100000 0.721876 0.100000 0.100000 1.432748 0.366128 0.700177 0.100000 1.322180 0.771403 0.896489 0.436312 0.100000 0.191408 0.129819 0.622994 0.351876 1.109562 0.100000 0.100000 1.056115 0.100000 0.484838 0.124384 0.100000 0.100000 0.991404 0.684966 0.375255 1.071985 0.785464 0.755240 0.168655 0.159439 0.256102 0.900648 0.771247 0.100000 0.117758 0.100000 0.100000 0.100000 0.115493 1.021273 0.184306 0.257600 0.367723 0.563383 0.423025 0.895080 1.441281 1.153822 1.460986 0.184423 0.715873 0.100000 0.364145 0.984570 0.479605 0.435040 0.100000 
0.269289 0.100000 0.100000 0.100000 0.622564 0.402395 0.596825 0.866739 0.100000 0.100000 0.839098 0.396117 0.100000 0.923971 0.100000 0.688201 0.163752 0.100000 1.404932 0.559217 0.100000 0.168103 0.695397 0.870910 0.100000 0.754059 0.183304 0.212369 0.917218 0.277721 1.281028 0.319316 0.866588 1.071149 0.100000 0.863245 0.100000 0.778097 0.796642 0.100000 0.356351 0.100000 0.100000 0.786671 0.100000 0.367091 0.100000 0.100000 0.746668 0.786775 0.889849 0.448869 0.431867 0.100000 0.100000 0.225991 0.879514 0.639130 0.257812 0.739925 0.854107 
0.186642 0.549752 0.100000 0.100000 0.100000 0.107933 1.671115 0.100000 0.930647 0.533883 0.443291 0.100000 0.100000 0.130894 0.100000 0.752371 0.343170 0.385741 0.364886 0.100000 0.778328 0.640135 0.164744 1.090881 0.100000 0.100000 0.100000 1.247962 0.416414 0.131219 1.206466 1.081180 0.100000 0.100000 0.100000 0.593536 1.356910 0.789929 0.100000 0.100000 1.865872 0.426497 0.100000 0.545443 0.636694 0.481321 0.996012 0.382674 0.100000 0.709551 0.100000 0.999631 0.396016 0.100000 0.694417 0.202549 0.898291 0.468892 0.635151 1.156095 0.475027 
0.215626 0.255413 0.403265 0.719261 0.110963 0.814858 0.957228 0.356522 1.164503 0.100000 0.943445 0.100000 0.100000 0.533717 0.100000 0.328988 0.100000 0.129511 1.296241 0.113228 0.573148 0.100000 1.039088 0.808062 0.666386 0.100000 0.736041 0.497736 1.033072 0.544179 0.100000 0.468688 0.486365 1.291950 0.100000 0.100000 1.429090 0.149121 0.750096 0.114541 0.100000 1.350649 0.300512 0.530766 1.136484 0.100000 0.349172 0.935114 0.341092 1.024299 1.038428 1.673340 0.522433 0.453870 0.100000 0.100000 0.534445 0.482587 0.427927 0.317106 0.100000 
0.497181 0.997485 0.491947 1.065071 0.825884 0.100000 0.878347 1.413019 0.368622 0.437381 0.812011 0.208237 0.100000 0.760850 0.100000 0.754326 0.100000 0.234717 0.100000 0.649182 1.074609 0.588599 1.497641 0.100000 0.302008 0.546653 0.100000 0.436838 0.606993 0.380378 1.325352 1.129609 0.731509 0.100000 0.564862 0.100000 0.100000 0.621381 0.100000 0.100000 0.959614 1.014732 0.100000 0.695484 0.936918 0.100000 0.100000 0.100000 0.100000 0.363246 0.391496 0.346134 0.125830 1.410798 0.100000 0.529129 0.263250 0.100000 0.711427 0.573832 0.921769 
0.499790 0.769435 0.100000 0.531293 0.740511 0.163377 0.185243 1.075377 0.649902 1.395271 1.355879 0.285671 0.100000 0.100000 0.441385 0.284798 0.482660 0.771479 0.537062 0.100000 0.504550 0.100000 0.507327 0.100000 0.100000 0.100000 0.100000 1.068004 0.785482 1.100494 0.470235 0.398661 0.593697 0.753450 0.100000 0.100000 0.100000 0.100000 0.100000 0.100000 1.123075 0.100000 0.100000 0.178794 0.960551 0.100000 1.154302 0.100000 0.910373 0.774024 1.410871 1.363309 0.209917 0.281313 0.827791 0.160940 0.888497 0.100000 0.879656 1.061358 0.100000 
0.521252 0.352363 0.384632 0.100000 0.100000 0.100000 0.683195 0.338777 0.337977 0.391034 0.100000 0.401414 0.564036 0.315851 0.100000 0.330957 0.100000 0.182557 0.850526 0.788082 1.527548 0.100000 0.100000 0.678857 0.503785 0.305904 0.638372 0.361846 0.622468 0.681938 1.150833 0.257285 0.125316 0.194448 0.100000 0.519552 0.847753 0.100000 1.229698 0.100000 0.100000 0.100000 0.100000 0.196622 0.972089 0.867069 0.100000 0.684509 0.657024 0.204694 0.100000 0.283565 0.733175 0.692110 0.746716 0.100000 0.627658 0.664883 0.100000 0.514455 0.100000 
0.815388 0.808689 0.100000 0.100000 1.543920 0.100000 1.341325 0.978506 0.232690 0.525510 1.468209 0.335778 0.792312 1.289378 0.779092 0.100000 0.599530 0.100000 0.779526 0.445825 1.563304 0.885145 0.693648 0.480202 0.604302 0.441937 0.138041 0.100000 0.854184 0.457390 0.220796 0.163739 0.893642 0.100000 0.100000 0.563266 0.100000 0.781993 0.100000 0.277571 0.100000 0.173488 0.100000 0.405362 0.516938 0.100000 0.100000 0.100000 0.502328 0.100000 0.894487 0.926444 0.874051 0.100000 0.100000 0.511710 0.249968 0.609056 0.104637 0.315576 0.344769 
1.230885 1.038517 0.294403 1.133218 0.100000 0.337188 0.100000 0.100000 0.949203 0.849379 0.891183 0.100000 0.479540 0.675174 0.394849 0.763485 0.100000 0.862800 0.100000 0.554594 1.548195 0.886053 0.719810 0.187400 0.585549 0.100000 0.100000 0.100000 0.693297 0.501238 0.725856 0.732808 0.100000 0.100000 0.100000 0.100000 0.851203 0.374097 0.879593 0.100000 0.866054 0.100000 0.743300 0.455029 0.839459 1.481652 0.889559 1.206175 0.338114 1.530824 0.361967 0.770079 0.478297 0.168643 0.300315 0.162052 0.429385 0.100000 0.319869 0.100000 0.100000 
1.046478 0.100000 0.594292 0.100000 0.198791 0.100000 0.999688 0.615061 0.333560 0.940219 1.735403 0.332058 0.100000 1.149905 0.100000 0.612579 0.767248 1.055980 0.235553 1.152729 1.246241 0.934397 0.292841 0.100000 0.100000 0.227757 0.196879 0.172168 0.644523 0.100000 0.100000 0.767294 0.526553 0.404839 0.725053 1.190297 1.564301 0.483498 0.463034 1.063410 0.100000 0.100000 0.100000 1.183536 0.469326 0.100000 0.758347 0.273343 1.010428 0.619814 0.473791 0.919843 0.907286 0.100000 0.413331 0.697736 0.383482 1.138814 0.317359 1.280519 0.666325 
0.467796 0.664027 0.755899 0.100000 0.589369 0.907062 0.614679 0.879190 0.417546 1.108030 0.583820 1.013773 0.326067 1.161720 0.368182 0.754398 0.100000 0.459745 0.657353 0.527479 1.509893 1.003828 0.621773 0.363621 0.100000 0.100000 0.446474 0.724830 1.159658 0.395648 0.100000 0.665211 0.992795 0.100000 0.526670 0.674771 1.122835 0.100000 0.100000 0.100000 0.379532 0.100000 0.699395 0.816180 0.720590 0.100000 0.867543 0.817683 0.448440 0.329572 1.048079 0.303348 0.135720 0.771978 0.100000 0.838848 1.339333 1.208456 0.493994 0.713303 0.100000 
0.673998 0.911731 0.206520 0.626736 0.642529 0.100000 1.472857 0.499655 1.085092 0.873922 0.766354 0.223701 0.100000 0.100000 0.256796 0.100000 0.100000 0.656154 0.482527 0.615838 0.103982 0.707542 0.221049 0.100000 0.631157 0.600870 0.100000 0.100000 0.100000 0.488556 0.441853 0.100000 1.307180 0.762011 0.153435 0.327298 0.689580 0.100000 1.055179 0.371467 1.044572 0.679256 0.100000 1.048891 0.359722 0.355114 1.168920 0.555137 1.057972 0.441820 0.499067 0.100000 0.819821 0.100000 0.100000 0.839513 1.260580 0.375268 0.511145 0.100000 0.100011 
0.503068 0.927786 0.325886 1.499975 0.117764 0.100000 1.198734 0.576625 0.308768 1.101846 1.280201 0.306394 0.618142 0.457908 0.100000 0.100000 0.100000 0.457686 0.100000 0.100000 1.298009 0.100000 0.100000 0.418675 0.100000 0.493083 0.334007 0.100000 0.793063 0.100000 1.399943 0.100000 0.515425 1.499361 0.608892 0.685696 0.100000 0.100000 0.100000 0.883887 0.835502 0.100000 0.100000 0.868846 0.244133 0.457799 0.100000 0.100000 0.718099 1.138238 0.692192 1.102712 0.559420 0.100000 0.224298 0.521991 0.100000 0.258534 0.193624 0.978604 0.152703 
0.100000 0.699290 0.100000 0.100000 1.195690 1.784687 0.764245 0.921256 0.899463 0.100000 0.901224 0.670919 0.608968 0.942365 0.491830 0.477647 0.100000 0.100000 0.270024 0.992348 0.981962 0.100000 1.008051 0.100000 1.113825 0.529463 0.136599 0.249914 0.492233 0.461887 0.757050 0.646682 0.331199 0.373207 0.100000 0.641224 0.353465 0.601624 1.601322 0.100000 0.786808 0.100000 0.475289 1.202956 0.817247 0.100000 0.436841 0.100000 0.326689 1.128621 1.197522 0.910371 0.726433 0.100000 0.100000 0.103340 0.839215 1.118299 0.100000 0.430234 0.272177 
0.487344 0.100000 0.205173 0.390361 1.043687 0.631362 1.343887 1.993051 0.204188 0.682473 1.625755 0.810204 0.614731 1.554289 0.589501 0.614321 0.100000 0.100000 0.100000 0.297604 0.988995 0.100000 0.807427 0.103869 0.494808 0.100000 0.612386 0.666417 1.259946 0.487676 0.320071 1.105634 1.041010 0.473852 0.100000 0.100000 0.827276 0.100000 0.100000 0.100000 0.247025 0.559283 0.418087 0.790781 0.100000 0.628817 0.127134 0.700363 0.554364 0.357326 1.023213 0.100000 0.511058 0.134661 0.100000 0.100000 1.125882 1.299406 0.100000 0.136179 0.100000 
0.100000 1.166529 0.999643 1.125500 0.884406 0.397578 1.338187 0.354371 0.142269 0.329492 0.442215 0.103377 0.100000 0.436387 0.890354 0.100000 0.100000 0.830812 1.434356 1.925977 0.489504 1.103374 1.157277 0.815089 0.338929 0.949869 0.979478 0.393574 1.187394 1.802881 1.381825 0.489577 0.876587 0.507518 0.100000 0.638890 0.656342 0.100000 0.569064 0.208473 0.412836 0.458436 0.755342 0.911247 0.668939 0.100000 0.744501 1.175610 0.411749 0.100000 0.674461 0.100000 1.016314 0.547945 0.568964 0.100000 0.333339 0.100000 0.489054 0.100000 0.171168 
0.100000 0.100000 0.404456 0.100000 0.100000 0.109092 0.444852 0.100000 0.100000 1.584984 0.987436 0.751549 0.100000 0.423844 0.947076 0.657132 0.100000 0.100000 1.065326 0.661373 0.106103 0.100000 0.100000 0.100000 0.100000 0.120261 0.100000 0.320503 1.439422 0.882070 0.363715 0.452618 0.100000 0.118230 1.005268 0.437073 1.395008 0.229794 0.100000 0.100000 1.594196 0.100000 0.404885 0.378391 0.396753 0.165281 0.925901 0.208523 0.100000 1.245640 1.317132 0.458274 1.117550 0.100000 0.360524 0.100000 0.100000 0.781971 0.520842 1.467612 0.100000 
0.100000 0.953384 0.296619 0.734068 0.658401 0.622868 1.996690 0.712712 1.015792 0.100000 1.254648 0.100000 0.442600 0.359584 0.100000 0.331446 0.100000 0.936583 0.340428 0.602672 0.502068 0.100000 1.009714 1.994560 0.743322 0.789376 0.144090 0.100000 0.603822 0.883000 0.100000 0.100000 0.747433 0.980593 0.795590 0.902842 1.900402 0.324795 0.100000 0.147424 0.207306 0.100000 0.100000 0.100000 0.313515 0.531223 0.813902 0.100000 0.292953 0.100000 0.133793 0.432344 0.432476 0.413984 0.187176 0.468996 1.431998 0.924523 1.279809 0.100000 0.100000 
