57 Number of operations
20 Number of workers
Standard production times
0.436826 0.198809 0.331604 0.391055 0.455688 0.283821 0.369697 0.170513 0.277800 0.162097 0.574453 0.396892 0.633336 0.100000 0.551241 0.100000 0.330241 0.100000 0.539262 0.512992 0.495972 0.340811 0.315938 0.228077 0.318417 0.649516 0.100000 0.100000 0.538062 0.585624 0.717307 0.480261 0.146062 0.493841 0.660772 0.646257 0.445896 0.454722 0.266643 0.360484 0.497204 0.572092 0.100000 0.238532 0.100000 0.618461 0.282133 0.597837 0.392383 0.644536 0.657231 0.431644 0.169275 0.413947 0.588501 0.278597 0.308175 
Production times: workers row and ops columns
0.562520 0.100000 0.100000 0.100000 0.100000 0.727989 0.511160 0.805109 0.384431 0.297285 1.177545 0.100000 0.721635 0.222528 0.864858 0.100000 0.966093 0.187972 0.185531 0.195946 0.429132 0.100000 0.100000 0.233098 0.100000 0.190124 0.104260 0.606353 0.100000 1.014520 0.250657 0.615128 0.100000 0.100000 0.188477 0.221333 0.784962 0.100000 0.100000 0.348384 0.312681 0.808021 1.023499 0.107935 0.739260 0.100000 0.648189 0.884654 0.680352 0.100000 1.134775 0.100000 0.100000 0.941046 0.582465 0.896339 0.824335 
1.024708 0.378087 0.140650 0.100000 0.296635 0.785558 0.100000 0.562193 0.100000 0.748910 0.306675 0.756915 1.404580 0.100000 0.100000 0.703091 0.635808 0.100000 1.164934 0.100000 0.391558 0.906978 0.218446 0.100000 0.186850 1.251752 0.100000 0.100000 0.100000 0.100000 0.858915 0.882698 0.100000 0.361014 1.043976 0.471551 0.791990 0.100000 0.100000 0.100000 0.389379 0.562414 0.171771 0.353170 0.127926 0.418291 0.100000 1.258528 0.159179 1.321030 1.525367 0.510870 0.128873 0.232259 0.492892 1.084174 0.100000 
0.100000 0.410053 0.100000 1.060914 0.792923 0.602016 1.019116 0.505146 0.978055 0.785250 0.843871 0.100000 1.057802 0.100000 0.553523 0.100000 0.575946 0.537629 0.586496 0.100000 0.677754 0.874404 0.163357 0.788558 0.493959 0.860774 0.256838 0.100000 0.758184 1.124392 0.181662 0.203227 0.100000 0.523595 0.941608 0.141953 0.577444 0.703515 0.678609 0.292401 0.136840 0.895477 0.273127 0.121391 0.100000 1.392841 0.312688 0.258132 0.524805 1.164709 0.714307 0.900580 0.370513 0.931933 0.985383 0.100000 0.429245 
0.461126 0.790469 1.304033 0.100000 1.043640 1.075742 0.100000 0.449684 0.100000 0.100000 0.100000 0.804247 1.341109 0.100000 0.392715 0.100000 0.100000 0.348360 0.597724 0.658217 0.938484 0.691602 0.466502 0.178698 1.322528 0.237309 0.495799 0.100000 1.717572 1.096460 1.662696 0.393845 0.100000 0.100000 0.105387 1.861462 1.440267 1.343422 0.424002 1.211232 0.100000 0.528436 0.100000 0.100000 0.537492 0.494418 0.100000 0.634548 0.395315 0.902099 0.452329 0.406545 0.681060 0.776953 0.218654 0.100000 0.100000 
1.286718 0.281975 0.222644 1.022176 0.100000 0.237016 0.100000 0.100000 0.713543 0.294442 0.535628 0.414165 0.205974 0.825353 0.919395 0.154564 0.243251 0.892020 0.547525 0.209795 0.175005 0.470522 0.100000 0.100000 0.606816 0.678139 0.982768 0.311682 0.151720 1.134718 0.744151 0.100000 0.325518 0.100000 1.615901 0.940409 0.961391 0.846442 0.100000 0.100000 0.100000 0.100000 0.214269 0.194464 0.100000 1.025324 0.450270 0.100000 0.438158 2.188969 0.902005 0.100000 0.100000 0.716616 0.498807 0.877320 0.282276 
0.993831 0.100000 0.100000 0.100000 0.759290 0.105779 0.508714 0.895892 0.802947 0.100000 0.708435 0.203408 0.550400 0.302445 0.992481 0.169403 0.100000 0.876399 0.397304 0.279651 0.848609 0.509458 0.212196 1.543344 1.412723 0.930067 0.272251 0.100000 0.677962 0.405081 1.603362 0.100000 0.100000 1.046543 0.623058 0.592004 0.556065 0.441465 0.875899 0.100000 0.100000 0.100000 0.962470 0.120507 0.710003 0.694991 0.899348 0.723143 0.569662 0.277062 0.420788 0.680729 0.521998 0.330000 0.132896 0.100000 1.243567 
0.844542 0.100000 0.100000 0.625483 0.743235 0.100000 0.100000 1.117696 0.637019 0.159699 1.338685 0.100000 1.460305 0.100000 0.307493 0.100000 0.100000 0.420665 0.824814 0.100000 0.394998 0.773484 0.100000 0.100000 0.132570 0.346165 0.100000 1.169892 0.204179 0.740431 0.629106 0.860123 0.490078 0.485095 0.113039 0.596641 0.100000 0.249955 0.709079 0.573842 0.154775 0.254342 0.298156 0.100000 0.100000 0.399611 0.176289 0.811907 0.651126 0.942159 0.313658 1.532287 0.389355 0.366718 0.940519 0.396892 0.100000 
1.028960 0.100000 0.100000 0.408105 0.793229 1.095340 0.866775 0.504521 0.612629 0.712028 0.100000 1.015071 0.541667 0.151327 0.900042 0.293980 0.803461 0.862996 0.928202 0.480060 0.100000 0.295366 0.760639 0.100000 0.263806 0.903860 0.532346 0.689153 1.132887 0.644123 0.610932 0.489098 0.100000 0.289381 0.392022 0.687100 0.100000 1.641463 0.288689 0.430052 0.753811 0.100000 0.265482 0.100000 0.100000 0.876805 0.100000 1.304322 0.100000 0.321848 0.999845 0.447301 0.100000 0.100000 0.796179 0.895502 1.151357 
0.359873 0.252276 0.100000 0.777054 0.731241 0.226883 0.528132 0.100000 0.100000 0.519734 1.024122 0.155946 0.389443 0.630565 0.625573 1.284013 0.742418 0.100000 0.553674 0.329651 0.545142 0.583385 0.100000 0.100000 0.356396 0.895014 0.100000 0.100000 0.862646 0.478336 1.187933 0.203015 0.100000 0.980236 1.633002 1.010043 0.265196 0.929963 0.808963 0.100000 0.100863 0.651257 0.100000 0.135172 1.613791 0.232323 0.201547 0.100000 0.100000 0.869239 0.517209 0.100000 0.816797 0.816985 0.431262 0.100000 0.100000 
0.254491 0.423532 0.903159 0.828575 0.106466 0.139593 0.609815 0.401094 0.299317 0.206355 0.925172 0.100000 0.657533 0.100000 0.338984 0.100000 0.129752 1.342709 0.647783 0.309674 0.100000 0.300808 0.194074 0.235845 0.383456 1.075568 0.177959 0.301130 1.383294 0.500812 1.528725 0.475850 0.100000 0.731578 1.042549 1.468977 0.225673 0.220134 0.112236 0.620070 0.811659 0.787949 0.100000 0.511666 0.871625 0.750020 0.100000 0.298140 0.891730 1.625794 1.255432 0.170745 0.100000 0.710520 0.946620 0.408934 0.100000 
0.100000 0.100000 0.598420 0.554537 0.100000 0.116647 0.547086 0.100000 0.100000 0.100000 0.801380 0.100000 0.183148 1.409164 1.031823 0.104319 0.553215 0.100000 0.100000 0.819621 0.398413 1.120836 0.100000 0.100000 0.690983 0.615917 0.100000 0.100000 0.658718 0.749081 0.241363 1.649018 0.454454 0.644617 0.986518 0.301164 0.974934 1.511451 0.117046 0.395196 1.114306 1.369687 0.290260 0.100000 0.100000 0.552081 0.100000 0.302942 0.557699 1.207916 0.100000 0.100000 0.100000 0.277304 0.299359 1.044085 0.138217 
0.100000 0.633441 0.100000 1.505566 0.442392 0.330693 0.804112 0.504799 0.100000 0.921256 0.167557 0.304869 0.100000 0.216542 0.100000 0.100000 0.100000 0.850992 0.100000 1.319424 0.952567 0.940746 0.100000 0.100000 0.289122 1.201221 0.643870 0.583526 0.253638 0.820297 0.100000 1.286324 0.100000 0.100000 0.801745 0.490750 0.626653 0.304274 0.455901 0.625988 0.865481 0.715237 0.410064 0.111191 0.100000 0.369884 0.486447 0.680365 0.873286 1.150914 0.247562 0.626715 0.309550 0.571035 0.109399 1.096984 0.100000 
0.946273 0.142291 0.519207 0.100000 0.820615 0.100000 0.100000 0.100000 0.317886 0.100000 0.889482 0.353986 0.253990 0.272242 0.828680 0.457134 1.132144 0.499963 0.692878 1.027650 0.236886 0.325791 0.211219 0.477482 0.554695 0.592788 0.100000 0.100000 0.100000 0.625430 0.100000 0.734067 0.100000 1.760211 1.471261 1.679252 0.100000 1.150856 0.100000 0.100000 0.293319 0.323043 0.100000 0.310485 0.100000 0.369974 0.822294 0.172817 0.776746 0.153784 0.941872 0.142769 0.208897 0.172979 0.480382 0.215765 0.100000 
0.588712 0.515522 0.450023 0.492991 1.223494 0.305335 0.100000 0.100000 0.100000 0.100000 0.721617 0.338660 0.732700 0.765922 0.574652 0.100000 1.019333 0.849026 0.918493 0.101818 0.329596 1.466787 0.100000 0.419987 0.246474 0.869098 0.296038 0.107038 1.589898 0.355842 0.333326 0.377496 0.117399 0.640244 0.582620 0.310532 0.469164 0.491630 0.341451 0.457109 0.631973 0.245343 0.100000 0.100000 0.100000 1.150537 0.557180 0.241943 0.599042 0.626871 0.312457 0.485670 0.100000 0.475137 0.483449 0.100000 0.670157 
0.100000 0.312520 0.100000 0.225446 1.311572 0.497178 1.213274 0.328902 0.580592 0.770151 1.200359 0.649127 0.356504 0.661376 0.557053 0.100000 0.278563 0.594058 1.304393 0.100000 1.186473 0.707712 0.832181 0.100000 0.100000 1.127745 0.100000 0.100000 0.847489 0.240599 1.735096 0.683492 0.286648 0.100000 0.173615 1.180824 0.559954 0.100000 0.296963 0.389080 1.321565 1.174384 0.100000 0.100000 0.461334 0.100000 0.100000 0.379965 0.484152 0.442751 0.100000 0.100000 0.100000 0.355102 0.539325 0.100000 0.598518 
0.802330 0.601796 0.136711 1.007706 0.673283 1.571114 0.114082 0.379331 0.100000 1.217637 0.100000 0.504916 1.455798 0.684191 0.182559 0.100000 0.805855 0.148779 0.112020 0.100000 0.100000 0.208042 0.780671 0.153878 1.947049 0.813054 0.100000 0.167312 1.002438 0.180443 0.882712 0.550069 0.315123 0.782875 0.256300 1.145039 0.542415 0.786422 0.602096 1.042461 0.898860 0.424185 0.100000 0.281682 0.100000 0.935599 0.100000 0.545785 0.100000 0.954526 0.278690 0.100000 0.691978 0.712622 0.524582 0.723191 0.250003 
0.444463 0.100000 0.100000 0.100000 1.051279 0.103925 0.824510 0.405085 0.171584 0.410288 0.100000 0.100000 1.047561 0.100000 0.705372 0.203194 1.074116 0.100000 0.355687 0.318235 0.100000 0.666397 0.141989 0.472045 0.100000 0.375070 0.321510 0.585262 0.308249 0.887706 0.748667 0.246089 0.378126 0.256097 0.225358 0.536733 0.515352 1.168649 0.106073 0.108306 0.316814 0.173968 0.100000 1.386464 0.100000 1.091141 0.285634 0.281709 1.154455 0.829430 0.838291 0.609190 0.100000 0.100000 0.208739 0.564966 0.294525 
0.216443 0.111152 0.100000 0.719850 0.485795 0.450847 0.700763 0.100000 0.434467 0.100000 0.909078 0.104001 0.738846 1.115493 0.116289 0.100000 0.100000 0.100000 1.286288 0.697549 0.297551 0.100000 0.100000 0.100000 0.698984 0.209174 0.409690 0.100000 0.218828 0.428960 1.507308 0.100000 0.843369 0.878948 1.181086 0.233799 0.504180 0.798402 0.670004 0.707700 1.000711 1.581937 0.100000 0.175642 0.100000 0.100000 0.548945 0.962883 0.265675 1.421124 0.706239 0.100000 0.310335 0.102544 0.344732 0.154046 0.140419 
1.026877 0.609417 1.011769 0.791196 0.637869 0.942509 0.100000 0.100000 0.817893 0.636875 1.658146 0.100000 1.362190 0.497784 0.637072 0.100000 0.100000 0.283029 1.836987 1.186947 1.066057 0.494168 0.189965 0.708836 0.894843 0.206054 0.227560 0.587745 1.706549 0.664585 0.185260 0.100000 0.100000 1.253745 0.545229 1.626290 0.194203 1.041366 0.100000 0.724300 0.966398 0.100000 0.100000 0.389908 0.485786 0.359979 0.100000 1.196616 0.100000 0.981807 0.486231 0.100000 0.350951 0.557108 0.100000 0.100000 0.100000 
0.709644 0.177939 0.100000 0.100000 1.123404 0.201148 0.303472 0.100000 0.100000 0.192711 1.584890 0.985582 0.822778 0.100000 0.100000 0.359732 0.200025 0.286049 0.100000 0.100000 0.197909 0.395507 0.100000 0.100000 0.100000 1.461654 0.100000 0.100000 1.200941 0.416121 1.572407 0.660686 0.484962 0.724737 0.100000 0.598617 0.379320 0.237105 0.546584 0.100000 0.100000 0.263386 0.100000 0.100000 0.832827 0.277273 0.193077 1.372096 1.076467 0.100000 0.914842 0.100000 1.039955 0.505263 0.302006 0.863889 0.135578 
