50 Number of operations
20 Number of workers
Standard production times
0.290051 0.119425 0.716550 0.190971 0.451519 0.100000 0.100000 0.336942 0.571636 0.414269 0.100000 0.116889 0.577166 0.526380 0.408052 0.219375 0.435065 0.438886 0.292950 0.555470 0.434268 0.311430 0.740981 0.584869 0.139028 0.323885 0.251275 0.312576 0.314710 0.676281 0.419674 0.326109 0.145356 0.602997 0.103788 0.342580 0.388635 0.242379 0.413542 0.192219 0.347265 0.507650 0.705652 0.791335 0.495640 0.423869 0.228507 0.247610 0.527861 0.409505 
Production times: workers row and ops columns
0.157954 0.542573 1.759917 0.454210 0.943423 0.100000 0.100000 0.501973 1.095931 1.089218 0.722838 0.100000 1.217703 0.162848 0.100000 0.217603 0.691362 0.354956 0.966118 0.247724 0.100000 0.819398 0.463403 0.802999 0.100000 0.335631 0.122123 1.232154 0.217715 1.463347 0.798124 0.100000 0.100000 0.647971 0.944644 0.247243 0.309093 0.100000 0.437558 0.100000 0.100000 0.544923 0.264675 0.674883 0.100000 0.435644 0.100000 0.100000 0.395288 0.323044 
0.100000 0.923404 1.289202 0.100000 0.961220 0.100000 0.100000 1.298872 0.350160 1.187031 0.100000 0.100000 0.373140 0.577531 0.100000 0.399993 0.100000 0.100000 0.123510 0.465843 0.313794 0.187580 0.656721 0.871724 0.100000 0.100000 0.610912 0.929775 0.181476 1.458606 0.100000 0.366173 0.159937 0.100000 0.100000 0.286319 0.100000 0.579286 0.196087 0.100000 0.411048 0.866621 0.900120 1.327056 1.084751 0.100000 1.086395 0.329978 0.779398 0.100000 
1.105982 0.100000 0.430639 0.906765 0.100000 0.100000 0.100000 0.127426 0.323422 0.995732 0.100000 0.165598 0.257155 0.415967 0.683926 0.195183 0.261750 0.100000 0.296742 0.100000 0.479154 0.815020 0.296257 0.100000 0.100000 0.520676 0.100000 0.100000 0.100000 0.781470 0.357845 0.475398 0.433850 0.403717 0.441616 0.100000 0.100000 0.339099 0.132110 0.247551 1.059082 0.100000 0.869214 1.001398 0.342312 0.333836 0.100000 0.100000 0.100000 0.100000 
0.823601 0.659390 0.804551 0.254555 0.100000 0.100000 0.100000 0.383517 0.100000 0.528197 0.978197 0.100000 0.396128 0.532968 0.595211 0.100000 0.296012 0.597810 0.113570 0.534501 1.063238 0.625605 0.239518 0.978858 0.100000 0.594964 0.710979 0.337943 0.915387 0.633272 0.345606 0.395672 0.100000 1.768068 0.100000 0.100000 0.100000 0.119652 0.415031 0.100000 0.145374 0.586286 0.875120 0.239220 0.847173 0.261139 0.100000 0.576399 0.835957 0.100000 
0.308477 0.100000 0.224000 0.750150 0.100000 0.100000 0.100000 0.589292 0.100000 0.937084 0.100000 0.842589 0.925026 1.359096 0.100000 0.100000 0.987703 0.780339 1.494596 0.687470 0.399166 0.100000 0.697389 0.730137 0.100000 0.976443 0.159099 0.993338 0.358487 1.175929 0.817251 0.399701 0.710660 0.138399 0.100000 1.042085 1.005367 0.219933 0.100000 0.395050 0.100000 0.454825 1.030029 0.184353 0.448988 0.942147 0.100000 0.786706 0.100000 0.382710 
1.033683 0.127174 0.641776 0.298571 0.100000 0.535965 0.100000 0.430033 0.218743 0.306058 1.071289 0.145499 0.100000 0.197044 0.100000 0.100000 0.640740 0.557245 0.705463 0.266508 0.762560 1.057989 1.147094 1.455621 0.100000 0.826830 0.806936 0.126025 0.339935 0.818771 0.112349 0.453075 0.602408 1.393150 0.100000 0.100000 0.561597 0.364826 1.328668 0.237186 0.443381 0.155689 0.955103 1.221249 1.049350 0.508276 0.100000 0.695608 0.444386 1.536451 
0.496948 0.606530 0.100000 0.508333 1.231010 0.104684 0.100000 0.761818 1.660326 0.300516 0.100000 0.100000 0.100000 0.583282 0.405279 0.742359 0.797260 0.286041 0.566294 0.302728 0.476017 0.931982 0.100000 1.171433 0.100000 0.493029 0.100000 0.100000 0.350272 0.641480 0.307983 0.100000 0.100000 0.340436 0.288584 0.102972 0.548829 0.100000 0.100000 0.109879 0.867415 0.122074 1.426772 1.224912 0.316916 0.800518 0.483002 0.306022 0.100000 0.228456 
0.493625 0.100000 0.636064 0.100000 0.650819 0.100000 1.129719 0.100000 0.213454 0.248119 0.100000 0.100000 0.395179 0.579657 0.692408 0.100000 0.815014 0.633136 0.100000 0.100000 0.647524 0.289322 1.264462 0.993434 0.100000 0.436282 0.622982 0.100000 0.100000 1.775949 0.126133 0.690915 0.803872 0.436577 0.100000 0.495319 0.712775 0.100000 0.500624 0.100000 0.147261 0.456025 0.618643 1.388872 0.305178 0.221703 0.100000 0.404667 1.398774 0.384445 
0.929653 0.658036 0.971952 0.100000 1.283957 0.646884 0.100000 0.352781 0.100000 0.100000 0.100000 0.238084 1.228286 0.230175 0.742674 0.147929 0.100000 1.188858 0.100000 0.100000 0.399794 0.100000 0.967943 0.482350 0.100000 0.112253 0.808277 0.100000 0.202051 1.497654 0.215004 1.190643 0.100000 0.775578 0.476558 0.579240 1.373935 0.876965 1.084687 0.429414 0.612791 0.625611 0.733565 0.409264 0.100000 1.093904 0.100000 0.100000 1.121449 0.491170 
0.100000 0.504887 1.342556 0.100000 0.100000 0.396850 0.100000 0.250768 0.143704 0.100000 0.151501 0.753478 0.100000 0.378646 0.799451 1.026408 0.324091 0.382048 0.100000 1.241685 0.541506 1.198912 0.610999 0.218086 0.100000 0.100000 0.405059 0.100000 0.100000 0.644555 1.245868 1.112606 0.100000 0.199246 0.411189 0.200859 1.195395 0.100000 0.100000 1.186782 0.100000 0.463391 0.625402 1.089881 1.526386 0.316160 0.541897 0.294653 0.747337 0.794451 
0.505938 0.100000 0.366328 0.237464 1.004470 0.100000 1.046024 0.100000 0.732713 0.919672 0.722848 0.176904 0.163425 1.113009 0.780051 0.100000 0.105374 0.521919 0.658878 0.100000 0.593094 0.100000 0.946203 0.225321 0.100000 0.100675 0.100000 0.510500 0.428206 0.629106 0.100000 0.354987 0.100000 0.100000 0.100000 0.445485 0.236815 0.100000 1.166925 0.100000 0.634576 0.100000 0.599065 0.525186 0.666683 0.100000 0.100000 1.586432 0.887012 0.368166 
0.100000 0.100000 0.497166 0.100000 0.635894 0.100000 0.256012 0.436900 0.748857 1.156485 0.100000 0.100000 1.886182 0.100000 0.100000 0.288402 0.100000 0.772758 0.116625 0.100000 0.100000 0.316469 1.408125 0.707227 0.321935 0.100000 0.888767 0.100000 0.815670 0.923971 0.513060 0.913946 0.136934 1.632458 0.100000 0.361538 0.526634 0.401209 0.301442 0.248623 1.572409 0.100000 1.100131 0.848647 0.229249 0.515970 0.187341 0.100000 0.100000 0.100000 
0.100000 0.109632 0.511800 0.320360 0.870561 0.187336 0.786720 0.934980 0.705686 1.190456 0.100000 0.116688 0.730349 0.100000 1.180463 0.100000 0.767420 0.546690 0.100000 0.912783 0.678130 0.100000 1.280587 0.843738 0.100000 0.176618 0.783054 0.549816 0.100000 0.370828 0.100000 0.258371 0.824842 0.225903 0.100000 0.307300 0.922749 0.100000 0.775844 0.390533 0.640729 0.708892 0.595471 1.224928 0.100000 0.100000 0.100000 0.100000 0.814362 0.100000 
0.100000 0.100000 1.505904 0.642613 0.100000 0.100000 0.100000 0.494535 0.100000 1.323287 0.100000 0.100000 0.849886 0.722591 0.100000 0.289633 0.860617 0.884856 0.680164 0.339492 0.995573 0.100000 0.100000 0.494757 0.100000 0.100000 0.100000 0.879376 0.898736 0.668977 0.320870 0.182027 0.100000 0.414954 0.100000 0.969216 0.446047 0.130093 0.332146 0.100000 0.535289 1.416173 1.120412 0.380861 0.825765 0.369391 0.100000 0.226158 0.100000 0.283417 
1.260866 0.455788 0.644267 0.390217 0.987236 0.112011 0.478110 0.100000 0.347126 0.100000 0.745826 0.443818 0.479460 1.189045 0.100000 0.470937 0.911659 0.589500 0.202025 1.049477 0.795459 0.100000 0.582565 0.490640 0.509384 0.100000 0.215090 0.100000 0.360219 0.100000 0.646176 0.280273 0.100000 0.656334 0.100000 0.100000 0.637150 0.189404 0.761086 0.118476 0.594528 1.013885 0.723780 0.100000 0.986940 1.219196 0.100000 0.246570 0.100000 0.302182 
0.495210 1.057769 0.900342 0.889688 0.877282 0.351990 0.415538 0.357528 1.119771 0.100000 0.100000 0.134940 1.037334 0.100000 0.110322 0.321813 0.132853 0.368301 0.100000 0.580370 0.168341 1.079415 1.279676 0.100000 0.795077 0.756775 0.125277 0.731179 0.913790 0.627447 0.244351 0.552546 0.100000 1.490660 0.690772 1.452100 0.868457 0.100000 0.100000 0.246180 1.025691 1.120231 0.100000 0.100000 0.744819 0.100000 0.100000 0.841673 0.547681 0.100000 
0.574810 0.100000 1.342780 0.866762 0.135283 0.100000 0.100000 0.448869 0.797952 0.775516 0.100000 0.501221 0.470527 0.100000 0.336122 0.783765 0.240520 0.100000 1.251522 0.410565 0.100000 0.783820 0.301390 0.404183 1.362638 0.492167 0.469973 0.100000 0.886068 0.958023 1.156721 0.696697 1.205020 0.863952 0.100000 0.100000 0.356953 0.100000 0.318871 0.406980 0.836709 1.304806 0.452911 0.567861 0.669208 0.100000 0.123995 0.100000 0.669229 0.582572 
0.100000 0.215606 1.209128 0.540260 1.083037 0.100000 0.440019 0.250623 0.564561 0.100000 0.111551 0.840022 0.548729 1.191387 0.637427 0.537312 0.100000 0.340319 0.100000 0.530648 0.228196 0.834833 0.908038 0.785231 0.674491 0.496051 0.182552 0.367626 0.790332 0.566091 0.402824 0.623995 0.513702 0.349509 0.100000 0.265084 0.100000 0.615747 0.550891 0.100000 0.782637 1.364198 0.917079 0.747455 0.507635 0.100000 0.625060 0.100000 0.100000 0.100000 
0.100000 0.316633 0.359033 0.612187 0.100000 0.100000 0.103998 0.201784 0.100000 0.197026 0.100000 0.100000 0.838762 0.100000 0.100000 0.615712 0.972422 0.164841 0.406051 1.235664 1.293346 0.100000 0.641497 0.508137 1.546275 0.100000 0.100000 0.100000 0.100000 0.756800 1.085960 0.100000 0.100000 0.217651 0.100000 0.100000 1.152366 0.879305 0.826373 0.100000 0.263932 0.462553 0.487398 0.442936 0.100000 0.647040 0.100000 0.634897 0.417089 0.156638 
0.100000 0.245080 1.027830 1.562814 0.141451 0.100000 1.597751 0.410055 1.354054 0.100000 0.293053 0.501042 1.284920 0.100000 1.174202 0.100000 0.525368 0.851916 0.100000 0.550458 1.006878 0.100000 1.286116 1.322259 0.100000 0.259668 0.252153 0.100000 0.945352 1.158866 0.768200 1.213538 0.100000 0.869218 0.100000 0.184606 0.540221 1.150569 0.216075 0.890423 0.182880 0.621222 0.724200 1.599526 0.782065 0.294596 0.977058 0.100000 1.216368 0.778943 
