48 Number of operations
22 Number of workers
Standard production times
0.436826 0.198809 0.331604 0.391055 0.455688 0.283821 0.369697 0.170513 0.277800 0.162097 0.574453 0.396892 0.633336 0.100000 0.551241 0.100000 0.330241 0.100000 0.539262 0.512992 0.495972 0.340811 0.315938 0.228077 0.318417 0.649516 0.100000 0.100000 0.538062 0.585624 0.717307 0.480261 0.146062 0.493841 0.660772 0.646257 0.445896 0.454722 0.266643 0.360484 0.497204 0.572092 0.100000 0.238532 0.100000 0.618461 0.282133 0.597837 
Production times: workers row and ops columns
0.439543 0.100000 0.239046 0.568016 0.991509 0.693222 0.100000 0.771574 0.486581 0.100000 1.205296 0.248404 1.129045 0.192720 0.269608 0.664118 0.491341 0.210816 0.190899 0.972555 0.556420 0.849498 0.100000 0.546653 0.100000 0.938927 0.237551 0.100000 0.269739 0.149534 0.993849 0.315013 1.535204 0.556441 1.219581 0.100000 0.100000 0.100000 0.481770 0.226207 0.380891 0.682342 0.100000 1.747879 0.394324 0.362913 0.229839 0.100000 
0.100000 0.835428 0.860993 0.810355 0.637742 0.449809 0.249909 0.100000 0.678864 0.220353 0.477359 0.100000 1.683067 0.369945 0.985210 0.100000 1.277548 0.100000 1.057603 1.264367 0.214829 0.795679 0.158436 0.100000 0.100000 1.045763 0.100000 0.409700 0.859465 1.024872 0.100000 0.745571 1.156193 0.100000 0.986889 0.959742 0.100000 0.100000 0.194042 0.100000 0.171272 1.370173 0.100000 0.100000 0.100000 1.351305 1.259860 0.100000 
0.100000 0.100000 0.754588 0.238062 0.100000 0.100000 0.177181 0.100000 1.274072 0.100000 0.100000 0.100000 0.892588 0.736990 0.100000 0.220275 0.285481 0.188608 0.445577 0.336866 0.476191 0.465067 0.680653 0.956813 0.602363 0.277729 0.726621 0.100000 0.813634 1.187481 1.057361 1.122276 0.100000 0.558232 0.564609 0.405966 0.100000 0.547369 0.979012 0.365036 0.127891 0.759062 0.703711 0.297414 0.567152 0.393462 0.815868 0.457566 
0.343301 0.269102 0.740408 0.657972 0.100000 0.886335 0.512210 0.100000 0.504316 0.383732 0.891389 0.532193 1.090993 0.441869 0.481324 0.100000 0.400983 0.210973 0.217961 0.160372 0.636773 0.570403 0.505000 0.195524 0.875007 0.710609 0.540001 0.202474 1.139728 0.670586 1.324767 0.757633 0.785548 1.344087 0.679751 0.724630 1.300073 0.744126 0.100000 0.100000 0.100000 0.712108 0.100000 1.153031 0.323171 0.576589 0.307498 0.546980 
0.100000 1.073981 0.117811 0.100000 0.777111 0.100000 1.116265 0.720186 0.430807 0.496416 1.406523 0.367120 0.638635 0.100000 1.681759 0.100000 0.100000 0.166418 0.100000 0.100000 0.669818 0.100000 1.467638 1.208941 0.100000 1.449800 0.100000 0.147890 0.937314 0.502417 0.411225 0.353196 0.250848 1.236957 0.100000 0.592743 0.184457 0.100000 0.100000 1.309058 0.913691 0.100000 0.468829 0.509285 0.100000 0.100000 0.235552 0.124935 
1.156719 0.100000 0.499106 0.712073 0.639969 0.100000 0.882529 0.100000 0.100000 0.143058 1.619738 0.475035 0.525779 0.100000 0.629442 0.100000 0.362187 0.385769 1.025851 0.911298 0.245063 0.232919 0.100000 0.271643 0.919034 1.720148 0.695667 0.627019 0.145999 0.994031 0.265488 0.420391 0.100000 0.100000 0.100000 0.100000 0.479665 0.729880 0.100000 0.170369 0.925437 1.665547 0.410128 0.239461 0.100000 0.886123 0.726464 1.507411 
0.825486 0.100000 0.876054 0.314671 0.100000 0.252069 0.839173 0.100000 0.613011 0.100000 0.733646 0.100000 1.181431 0.779446 0.406389 0.100000 0.240139 0.131764 0.460634 0.683231 0.100000 1.443947 0.607972 0.449010 0.100000 1.018694 0.118624 0.545474 1.402099 0.661363 0.876226 0.899822 0.296972 0.216471 0.100000 0.165681 0.302839 0.100000 0.648625 0.119442 0.100000 0.543581 0.479983 0.100000 0.681799 0.453443 0.884708 0.482406 
0.927980 0.251504 0.100000 0.846094 0.576097 0.160414 0.133475 0.313028 1.182846 0.100000 0.100000 0.100000 0.844732 0.431101 0.387391 0.100000 0.824937 0.709832 0.470973 0.100000 0.100000 1.192647 0.276710 1.098454 0.100000 0.886732 0.100000 0.100000 0.551346 0.627813 0.361348 0.100000 0.634332 0.631540 0.100000 0.483814 0.100000 0.287035 0.699572 0.100000 1.497088 0.538900 0.919539 0.100000 0.100000 0.495654 0.256643 0.937376 
0.240262 0.100000 0.531904 0.100000 0.100000 0.100000 0.207142 0.820366 0.324970 0.132781 0.687801 0.269600 0.918970 0.735034 0.100000 0.100000 0.380189 0.267286 0.583934 0.941967 0.100000 0.137023 0.647639 0.196600 1.529329 0.907571 0.647738 0.433575 0.377043 1.307620 0.100000 1.179490 0.100000 0.649143 1.106799 0.822506 0.499900 0.682781 0.100000 0.778383 0.949526 0.561000 0.100000 0.100000 0.557092 0.369921 0.814111 1.192845 
0.189570 0.298789 0.716179 0.677734 0.100000 0.298829 0.244650 0.100000 0.761371 0.208009 0.578404 0.100000 0.889605 0.169642 1.248545 0.902416 0.155159 0.100000 0.100000 0.100000 0.100000 0.434200 0.791763 0.562535 0.100000 0.289123 0.100000 0.126973 0.650356 0.141284 0.977119 0.100000 0.370314 0.541751 1.053738 0.996720 0.495997 0.100000 0.100000 0.100000 0.953628 0.759904 0.268175 0.100000 0.100000 0.100000 0.548314 0.842467 
1.057844 0.100000 0.100000 0.417982 0.734083 0.306700 0.100000 0.608205 0.188717 0.175142 0.362537 0.100000 0.100000 0.100000 0.437472 0.355169 0.369694 0.132951 0.532156 0.511860 0.767294 0.238090 0.418063 0.817687 0.763639 0.846181 0.100000 0.100000 1.103412 1.498196 0.643262 0.100000 0.130756 0.100000 0.100000 0.976309 1.410010 0.407153 0.100000 0.100000 1.575324 0.371548 0.100000 0.764383 0.100000 0.498851 0.121026 0.374425 
0.100000 0.588401 0.486527 0.100000 0.553567 1.764037 0.100000 0.121260 0.298813 0.100000 0.100000 0.555321 0.316893 0.414046 1.561317 0.899391 0.457163 0.326313 1.060188 0.588559 0.100000 0.298051 0.920974 0.223301 0.100000 1.508267 0.100000 0.512076 0.896438 0.855620 0.390831 0.757864 0.857786 0.837171 0.100000 1.119307 1.145005 0.500491 0.609621 0.100000 0.100000 0.771822 0.440192 0.100000 0.100000 0.825133 0.100000 1.144536 
0.730693 0.100000 0.312188 0.897201 0.100000 0.100000 0.258735 0.677825 0.100000 0.100000 0.904272 1.292147 0.890010 0.100000 0.436272 0.527686 0.378549 0.239749 0.865896 0.156624 0.100000 0.100000 0.100000 0.100000 0.284508 1.021949 0.361732 0.100000 0.762327 1.264003 1.659311 0.295149 0.100000 0.585439 0.932290 1.318729 0.999887 0.539722 0.289912 0.283093 0.100000 0.743805 0.100000 0.862298 0.315448 0.422577 0.100000 1.444670 
0.100000 0.100000 0.721096 0.821602 0.383190 0.270412 0.569466 0.270522 0.100000 0.100000 0.564696 1.410590 0.984399 0.223382 0.100000 0.209103 0.100000 0.864783 0.104514 0.799652 0.100000 0.237379 0.613561 0.261112 0.100000 0.200637 0.100000 0.100000 1.577277 1.174936 0.159349 1.110428 0.100000 1.476462 0.119529 1.217679 0.153014 0.834945 0.100000 1.113994 1.403985 1.211168 0.100000 0.582885 0.251817 0.491775 0.500680 0.726557 
0.100000 0.583946 0.100000 0.673174 0.849879 0.647666 0.100000 1.084497 0.104384 1.049047 0.100000 0.749221 0.135103 1.111038 0.365275 0.100000 0.100000 0.100000 0.532078 0.513269 0.341746 0.100000 0.388415 0.414839 0.610527 1.380011 0.486074 0.315524 0.237366 1.776792 0.638408 0.167048 0.186019 0.100000 0.781586 0.114643 0.733141 0.100000 1.633735 0.100000 0.847679 0.616149 0.462643 0.100000 0.100000 0.383995 0.100000 0.376280 
0.534645 0.100000 0.180188 0.822091 0.160259 0.100000 0.100000 0.554336 0.100000 0.477929 0.100000 0.636434 0.837581 0.100000 0.696269 0.100000 0.641901 0.100000 0.656910 0.521633 0.100000 0.100000 0.100000 0.229443 0.439395 0.100000 0.402229 0.100000 0.575659 0.100000 1.000252 0.862548 0.823706 0.100000 0.209695 1.291744 0.417956 0.100000 0.100000 0.471018 0.725340 1.043936 0.100000 0.240405 0.100000 0.100000 0.309952 0.984551 
0.100000 0.474504 0.100000 0.833449 0.253544 0.100000 0.600205 0.100000 0.579290 0.603422 0.223597 0.378838 0.255867 0.164168 0.917417 0.757340 0.150769 0.100000 0.669066 0.100000 0.277909 0.100000 0.384802 0.100000 0.491112 1.520786 0.526476 0.455562 1.183079 1.350222 1.012168 0.766405 0.631624 0.284893 1.162196 0.662403 0.100000 0.100000 0.100000 0.503007 0.614422 0.948415 0.100000 0.763485 0.653187 0.946180 0.221179 0.100000 
0.180688 0.100000 0.427660 1.166900 0.100000 0.522207 1.190364 0.469673 0.434831 0.100000 1.110899 0.582141 0.779181 0.609124 0.100000 0.457652 0.159123 0.100000 0.610129 0.530301 0.100000 0.877376 0.100000 1.012046 0.100000 0.100000 0.732466 0.100000 0.132968 1.154314 0.862427 0.973030 0.106736 1.188922 0.357083 0.705933 0.238552 1.302375 0.976801 0.678348 0.100000 0.774109 0.437176 0.515566 0.100000 0.489218 0.100000 1.413181 
0.871106 0.100000 0.703989 0.100000 0.100000 0.281687 0.739184 0.316672 1.262149 0.525165 0.100000 0.675660 0.897851 0.918412 0.689571 0.284324 0.627994 0.717817 0.988183 0.903247 0.276854 0.219952 0.100000 0.669553 0.464688 0.833091 0.100000 0.265328 0.100000 0.516413 0.737297 0.587305 0.100000 0.100000 0.621784 0.973546 0.100000 0.613161 0.100000 0.100000 0.759188 1.054830 0.100000 0.100000 0.256154 0.574824 0.168672 1.137967 
1.218932 0.269596 0.307987 0.857691 0.190579 0.507675 0.646678 0.100000 0.462712 0.100000 0.262562 0.100000 0.891485 0.100000 1.032239 0.318077 0.100000 0.225493 0.342237 1.131032 0.552463 0.265544 0.413302 0.233777 0.100000 0.821994 0.100000 0.100000 1.000358 0.100000 1.328026 0.404138 0.100000 0.428154 2.090489 0.758633 0.824541 0.817327 0.100000 0.690509 1.296595 0.339708 0.100000 0.204351 0.300105 0.584663 0.287473 0.533032 
0.930585 0.898092 0.499268 0.100000 0.874127 0.100000 0.300593 0.100000 0.264520 0.100000 0.100000 0.679889 0.858081 0.100000 0.100000 0.100000 0.244925 0.764899 1.057620 0.234236 0.929235 0.100000 0.133989 0.100000 0.754746 0.243074 1.088441 0.100000 1.101399 0.332325 0.989697 1.386300 0.322170 0.715143 1.067662 0.998141 0.401109 1.197274 0.585721 0.500320 1.486818 0.100000 0.100000 0.100000 0.119125 1.071157 0.100000 0.918076 
0.543697 0.494389 0.121676 0.673420 0.783338 0.100000 0.739492 0.836050 0.693011 0.479877 0.100000 0.709867 0.865617 0.100000 0.379052 0.968598 1.383520 0.573310 0.215468 0.703603 1.212831 0.496372 0.396537 0.642361 0.537102 0.467085 0.116019 0.100000 1.621391 1.203668 0.100000 0.100000 0.444448 0.679564 0.771456 1.916066 0.100000 1.042653 0.999283 0.100000 1.347309 0.173659 0.797730 0.188073 0.697068 0.356953 0.100000 0.147250 
