66 Number of operations
20 Number of workers
Standard production times
0.395487 0.532490 0.222502 0.307822 0.261232 0.472611 0.856732 0.348992 0.510849 0.592732 0.929213 0.391227 0.206876 0.575733 0.100000 0.623915 0.189126 0.198222 0.386496 0.383715 0.967043 0.350765 0.541102 0.253267 0.159032 0.456081 0.295062 0.100000 0.627160 0.519564 0.619080 0.716055 0.419631 0.380416 0.100000 0.410165 0.555420 0.278717 0.305743 0.100000 0.571778 0.269913 0.412373 0.663896 0.543813 0.237312 0.591981 0.366152 0.400966 0.541476 0.611755 0.607141 0.514341 0.395286 0.100000 0.249166 0.430479 0.769328 0.427803 0.599307 0.100000 0.665435 0.232499 0.665336 0.283636 0.157893 
Production times: workers row and ops columns
0.447885 0.697316 0.438968 0.153342 0.939648 0.691888 1.107476 0.366204 0.109127 1.893031 1.845962 0.100000 0.100000 0.165742 0.409639 0.337475 0.316376 0.894018 0.100000 0.584471 0.200505 0.100000 0.510901 0.616645 0.100000 0.695358 0.325026 0.100000 0.763356 0.701287 0.100000 0.831859 0.100000 0.156925 0.100000 0.444701 0.326301 0.100000 0.561255 0.490220 0.643019 0.100000 0.847324 0.366685 0.363766 0.254457 0.981579 0.262348 0.163498 0.516207 1.592913 0.100000 0.502978 0.481986 0.548952 0.100000 1.275139 0.717559 0.100000 1.168662 0.100000 0.959902 0.100000 0.970948 0.863250 0.746954 
0.342292 0.647695 0.133864 1.165179 0.439358 0.290307 0.100000 0.636301 0.602281 0.284397 1.565053 0.709324 0.764779 0.484513 0.297742 0.573568 0.100000 0.912012 0.650720 0.100000 1.682163 0.176722 1.160313 0.791173 0.608090 0.100000 0.100000 0.100000 0.534839 0.383816 0.405884 1.067291 0.991125 0.100000 0.835317 0.149865 0.878423 0.100000 1.070426 0.100000 0.426016 0.113425 0.656669 0.624779 0.831052 0.100000 1.212849 0.100000 0.100000 0.854589 0.463406 1.415577 0.240076 0.100000 0.100000 0.997517 1.157171 0.418140 0.251201 0.100000 0.469931 0.894685 0.100000 0.100000 0.100000 0.100000 
0.908743 0.557281 0.477482 0.100000 0.539720 0.238081 0.724683 0.100000 0.106656 1.821614 1.070748 0.350888 0.100000 0.973687 0.100000 0.308590 0.100000 0.100000 0.100000 0.713523 1.280257 0.100000 0.238332 0.100000 0.492510 0.100000 1.577373 0.100000 0.107296 0.400967 0.178025 0.506005 0.268950 0.963756 0.234087 0.321157 0.386902 0.100000 0.660298 0.100000 0.137351 0.215190 0.100000 0.738031 0.743005 0.533656 1.255305 0.100000 0.100000 0.620244 0.988259 0.308198 0.862655 0.713115 0.290161 0.100000 0.730851 0.654306 1.056018 0.100000 0.174254 0.609682 0.453826 0.877509 0.880267 0.489295 
0.750671 0.753728 0.219703 0.526813 0.815887 0.100000 0.932050 0.130976 0.893015 1.724827 0.786070 0.660115 0.100000 1.712587 0.100000 1.640444 0.334645 0.100000 0.100000 0.790973 0.390924 0.620841 0.100000 0.962672 1.044850 0.415017 0.854513 0.100000 0.242406 0.100000 1.356739 0.805746 1.049334 0.708305 0.341544 0.891677 0.395366 0.100000 0.848907 0.100000 0.565135 0.100000 0.100000 1.048708 1.658733 0.100000 0.797578 0.490958 0.199649 0.379893 0.535233 0.100000 0.100000 0.472448 0.100000 0.100000 0.100000 0.693241 0.172196 0.669833 0.100000 0.346679 0.847969 0.100000 0.797222 0.431156 
1.532281 0.140426 0.100000 0.148833 0.569977 0.554956 0.672820 0.100000 0.100000 0.622610 0.796118 0.540034 0.100000 0.100000 0.100000 0.523184 0.280097 0.309533 0.464167 0.100000 2.169542 0.672759 0.261208 1.279474 0.100000 1.312823 0.120323 0.100000 0.100000 1.261003 0.468551 0.406925 0.866259 0.100000 0.424851 0.318398 0.365371 0.100000 0.100000 0.959172 0.100000 0.301796 0.154623 1.128934 0.919095 0.100000 0.100000 0.100000 1.104561 0.550762 0.410441 0.172869 0.100000 1.035370 0.660159 0.570525 1.247782 0.264462 0.185425 0.100000 0.100000 1.083623 1.120753 0.852216 0.100000 0.100000 
0.100000 0.337503 0.100000 0.458640 1.090812 1.427151 1.335580 0.100000 0.166726 1.035945 0.838842 0.209886 0.100000 0.546652 0.426194 0.276787 1.065942 1.330122 0.100000 0.100000 0.795164 1.046285 0.100000 1.201853 0.100000 0.681406 0.100000 0.100000 1.123833 0.100000 0.651520 0.511207 0.451150 0.350896 0.100000 0.661525 1.099422 0.263706 0.738032 0.100000 0.100000 0.100000 1.377265 0.100000 0.100000 0.178869 1.116826 0.100000 0.216615 1.302526 1.146958 0.579407 0.757536 0.100000 0.100000 0.654809 0.582970 0.100000 0.100000 1.311522 0.254448 0.375701 0.341230 1.706713 0.333457 0.550151 
0.100000 0.210032 0.262148 0.546128 0.100000 0.100000 0.100000 0.100000 0.279865 0.999555 1.162433 0.610026 0.100000 1.083124 0.273455 0.892527 0.100000 0.100000 0.524724 0.815717 1.639731 2.445905 0.100000 0.100000 0.109917 0.218413 0.100000 0.100000 0.100000 0.438040 0.933493 0.275879 0.100000 0.348084 0.344365 0.273828 0.624061 0.492114 0.841435 0.100000 1.082489 0.791992 0.803462 0.360725 0.146083 0.606320 1.775775 0.450120 0.362012 0.763036 0.725341 0.642026 0.959133 0.975730 0.571004 0.147325 0.988547 0.581031 0.383251 0.408291 0.575463 0.666971 0.219711 0.309332 0.782863 0.383958 
0.100000 0.100000 0.115955 0.100000 0.478858 0.829471 0.860860 1.187865 0.100000 0.804443 1.880640 0.563382 0.207059 0.179941 0.610071 0.431677 0.650148 0.100000 1.148310 0.646504 0.193070 1.289067 0.837458 0.274831 0.332457 0.863292 0.100000 0.103743 0.720276 0.100000 0.862272 0.103370 0.483627 0.100000 0.229722 0.713286 0.251988 1.177979 1.060599 0.313509 0.704832 0.558967 0.100000 0.232325 0.111254 0.551598 0.164090 0.865528 0.736006 1.021847 0.304782 0.317806 1.107897 0.100000 0.355254 1.427990 0.283800 0.545920 0.100000 1.275914 0.100000 0.100000 0.105262 0.536532 0.581162 0.100000 
0.100000 0.486044 0.242334 0.120258 0.100000 0.100000 0.100000 0.100000 0.530657 0.879681 0.523485 0.764175 0.100000 0.937564 0.841037 0.187695 0.200704 0.302815 0.627762 1.051048 0.729935 0.458492 0.657334 0.100000 0.912391 0.280070 0.479438 0.100000 0.394654 0.811827 0.551079 0.100000 0.367052 0.100000 0.100000 0.100000 1.204545 0.100000 0.100000 0.952221 0.823997 0.674189 0.272924 0.467789 0.100000 0.690486 0.218373 0.100000 1.008390 1.695507 0.126110 0.493722 0.362698 0.909668 0.624034 0.100000 0.137532 0.564764 0.916835 0.100000 0.669188 0.236217 0.100000 1.370490 0.699260 0.503393 
0.594951 0.513737 0.405309 0.100000 1.169093 0.100000 0.341325 0.100000 0.100000 0.647117 0.725848 0.536254 0.100000 1.142043 0.100000 0.100000 0.194156 0.100000 0.100000 0.100000 0.715383 0.687954 0.501076 0.100000 0.224028 0.330245 0.100000 0.638064 0.866684 1.413042 0.100000 0.161762 0.550639 0.587586 0.100000 0.342823 0.100000 0.727915 0.588084 0.100000 0.984662 0.100000 0.100000 0.300734 0.519405 0.854450 0.863586 0.508935 0.302136 0.864815 0.525567 0.100000 0.630657 0.374748 0.728598 0.677990 1.055437 1.444196 0.136630 0.356776 0.100000 0.100000 0.475691 0.467165 0.100000 0.830495 
0.100000 0.857707 0.146509 0.693317 0.392335 0.132057 0.425890 0.100000 1.071563 1.595748 2.065167 0.137231 0.100000 0.100000 0.308776 0.784879 0.768822 0.122405 1.495795 0.100336 1.591222 1.172690 0.823373 0.113654 0.685624 0.276262 1.463518 0.519278 0.697132 0.590752 1.741946 0.249079 0.676188 0.100000 0.999303 0.102675 0.100000 0.100000 0.100000 0.100000 0.910865 0.330795 0.140310 1.254930 0.100000 0.398562 0.232090 0.463407 0.100000 0.100000 0.717800 0.100000 0.803645 0.100000 0.672871 0.100000 0.396880 1.568720 0.513656 0.579370 0.100000 1.014341 0.735751 0.319487 0.461278 0.100000 
0.992791 0.924946 0.100000 0.359885 0.139723 0.100000 1.497732 0.100000 1.525230 0.299186 0.846626 0.555285 1.112153 0.100000 0.444248 0.100000 0.100000 0.818887 0.318451 0.579576 0.100000 0.790186 0.100000 0.100000 0.185939 0.624545 0.280974 0.235005 0.293571 0.447528 1.470043 0.120694 0.381030 0.100000 0.100000 0.584484 0.100000 0.740671 0.441320 0.619045 1.487409 0.366695 1.296448 1.021084 1.374938 0.197855 0.371599 0.331207 0.100000 0.100000 0.100000 0.606558 1.517431 0.100000 0.758498 0.100000 0.303741 0.100000 0.578748 0.139837 0.100000 0.416180 0.421351 0.999264 0.523727 0.205487 
0.481366 0.458318 0.352172 0.543226 0.100000 0.100000 1.379670 0.497807 0.100000 0.323567 1.227035 1.177376 0.100000 1.257130 0.100000 1.196864 0.100000 0.100000 0.473379 0.100000 0.948535 0.429084 0.856988 0.198763 0.100000 0.634870 0.892190 0.122546 0.674593 0.241905 1.338476 0.867899 0.272661 0.566547 0.100000 0.654486 0.207578 1.529400 0.100000 0.100000 0.595561 0.172799 0.661504 0.880929 0.149735 0.189470 0.887713 0.100000 0.666540 1.315935 0.437703 0.100000 0.396268 0.783491 0.221334 0.592677 0.100000 0.924862 0.100000 1.249778 0.345676 0.932646 0.634365 0.943362 0.100000 0.100000 
1.151307 0.338156 0.721538 0.100000 1.136174 0.777314 0.975453 0.523622 0.289449 0.421358 1.017075 0.213821 0.353095 0.890174 0.473779 0.770522 0.100000 0.624479 0.901311 0.127080 1.666764 0.542007 0.505512 0.820761 0.100000 0.100000 1.119254 0.456847 0.370484 0.983814 0.100000 1.512775 0.100000 0.148931 0.850011 0.100000 1.040032 0.545310 0.100000 0.474137 0.866345 0.613551 0.789347 0.284222 0.664031 0.783877 0.954422 0.514565 0.662718 0.863009 1.133951 0.389105 0.489073 0.920432 0.364095 0.999346 0.216488 0.709879 0.280593 0.462306 0.115682 0.648540 0.100000 0.978264 0.454716 0.100000 
0.100000 0.100000 0.376717 0.100000 0.100000 0.640534 1.137811 0.933807 0.154573 0.394129 0.220657 0.698711 0.100000 0.547768 0.999884 0.100000 0.905606 0.100000 0.985055 0.196845 0.406311 0.783329 0.273235 0.490647 0.507853 0.219336 0.969724 0.258451 0.108283 0.642301 0.815169 0.130549 0.100000 0.100000 0.100000 0.389469 0.492050 0.245630 0.411226 0.100000 1.315836 1.138371 0.412376 0.234817 0.788924 0.105959 1.366638 1.088952 1.350481 0.589921 1.262426 0.196760 0.602790 0.485616 0.100000 0.100000 0.339104 1.109244 0.296586 0.988389 0.100000 0.431355 0.930756 0.100000 0.100000 0.100000 
0.100000 0.193726 0.611867 0.483027 0.272281 0.138855 1.137135 0.100000 0.329430 0.177675 0.100000 0.455336 0.100000 0.763819 0.833030 0.927216 0.220390 0.100000 1.420456 0.457070 0.791375 0.979218 1.067199 0.100000 0.100000 0.219593 0.492436 0.696755 1.055847 0.921956 0.393976 0.291642 0.904946 0.100000 0.511906 0.569752 0.252187 0.320578 0.713970 0.166542 0.100000 0.779056 0.801107 0.430082 0.103827 0.100000 0.686715 0.370590 0.751112 1.114609 0.484851 0.100000 0.100000 0.575920 0.201194 0.499701 0.427056 0.394388 0.739432 0.485392 0.100000 0.764486 0.479806 0.964877 0.100000 0.236246 
0.356115 0.100000 0.423152 0.100000 0.433538 0.660108 0.945517 0.100000 0.296611 0.581381 0.754148 0.469388 0.100000 0.855936 0.100000 0.494998 0.154204 0.181855 0.100000 0.359161 1.104159 0.926590 1.067214 0.281551 0.395367 0.100000 0.376481 0.100000 0.322953 0.932386 0.531024 0.252187 0.591863 0.100000 0.669370 0.815533 0.134488 1.243715 0.464578 0.100000 0.910811 0.105058 0.100000 0.130556 1.142342 0.363301 0.418449 0.100000 0.569983 0.543941 1.167432 0.100000 0.592996 1.199438 1.268527 0.318354 0.556166 0.387747 0.871758 1.254289 0.100000 2.093929 0.100000 1.037498 0.100000 0.100000 
0.100000 0.570136 0.149705 0.407173 0.100000 0.811433 0.720796 1.469481 0.715350 0.812073 0.638165 0.204957 0.261236 1.017469 0.100000 0.801570 0.100000 0.100000 0.100000 0.765779 1.635169 0.100000 0.239396 0.267915 0.332030 0.100000 0.931746 0.100000 0.420501 0.352912 0.303303 1.107014 0.345518 0.407298 0.100000 0.393781 0.933259 0.100000 0.264941 0.100000 0.861159 0.133660 0.311877 0.862809 0.949145 0.100000 1.239228 0.629340 0.461543 0.802221 1.022760 0.752923 0.162205 0.346292 0.100000 0.262130 0.603385 0.702128 0.222199 1.120259 0.898943 0.556510 0.160610 0.658719 0.162045 0.100000 
0.632438 0.100000 0.100000 1.745510 1.383596 0.794244 0.538889 0.462634 0.693812 1.159750 1.182142 0.818778 0.787814 0.856568 0.286899 1.680923 0.784662 0.278016 0.100000 0.247688 1.069399 0.629686 1.059437 0.765755 0.164533 0.100000 0.350975 0.906165 0.994787 0.100000 0.995688 0.524485 0.842238 0.510964 0.100000 0.149732 0.578601 0.100000 0.372129 0.100000 0.309220 0.100000 0.100000 0.533237 0.773534 0.376516 0.447901 0.219029 0.100000 0.100000 1.065134 0.100000 0.879021 0.342573 0.100000 1.002903 0.448118 0.144614 0.104689 1.323317 0.100000 0.608284 0.444619 0.100000 0.100000 0.861922 
0.100000 0.100000 0.100000 0.100000 0.100000 0.203048 0.991217 0.200438 0.570632 0.302437 0.483367 0.685305 0.100000 0.170896 0.112592 0.100000 0.130303 1.101050 0.100000 1.128269 0.904928 0.100000 0.385823 0.306216 0.100000 0.449924 0.100000 0.526572 0.538697 0.311915 0.706892 1.175733 0.100000 0.100000 0.100000 0.954987 0.100000 0.520741 0.100000 0.492358 0.576911 0.483848 0.536730 0.445093 0.332420 0.248313 0.413165 0.100000 1.097767 0.100000 0.723095 0.795294 0.845977 1.049090 0.100000 0.269487 0.539615 0.926094 0.913033 1.302134 0.290926 0.100000 0.100000 0.149133 0.100000 0.100000 
