59 Number of operations
22 Number of workers
Standard production times
0.290051 0.119425 0.716550 0.190971 0.451519 0.100000 0.100000 0.336942 0.571636 0.414269 0.100000 0.116889 0.577166 0.526380 0.408052 0.219375 0.435065 0.438886 0.292950 0.555470 0.434268 0.311430 0.740981 0.584869 0.139028 0.323885 0.251275 0.312576 0.314710 0.676281 0.419674 0.326109 0.145356 0.602997 0.103788 0.342580 0.388635 0.242379 0.413542 0.192219 0.347265 0.507650 0.705652 0.791335 0.495640 0.423869 0.228507 0.247610 0.527861 0.409505 1.022967 0.293508 0.469117 0.314897 0.100000 0.751079 0.347161 0.569259 0.817347 
Production times: workers row and ops columns
0.289456 0.100000 0.624782 0.100000 0.373662 0.386196 0.479978 0.704783 1.078582 0.100000 0.228853 0.100000 1.366237 0.438825 0.100000 0.100000 0.531604 1.062784 0.268290 0.170296 0.100000 0.616439 0.100000 0.482485 0.100000 0.344661 0.264690 0.100000 0.130052 0.100000 0.431947 0.100000 0.100000 0.317788 0.100000 0.100000 0.461896 0.100000 0.100000 0.100000 0.100000 0.948652 1.095071 1.540852 1.267095 0.200003 0.100000 0.100000 0.100000 0.209317 1.291096 0.943400 0.516207 0.173313 0.100000 0.394863 0.100000 0.150401 0.570391 
0.219328 0.100000 1.239988 0.325889 0.655976 0.100000 0.155373 0.624142 0.914951 1.276154 0.100000 0.100000 0.600365 0.488115 0.829098 0.403076 0.179418 0.100000 0.162524 1.142326 0.566594 0.100000 1.269893 0.672517 1.017994 0.100000 0.508759 0.100000 1.204030 1.133726 0.827547 0.681817 0.100000 0.501261 0.314872 1.021022 0.283024 0.903736 0.100000 0.144461 0.194505 0.622132 0.455883 0.778975 0.346754 0.376310 0.360823 0.100000 0.493709 0.918942 1.027030 0.100000 0.609455 0.701199 0.100000 0.714707 0.589042 1.032318 0.100000 
0.423527 0.100000 0.363466 0.100000 0.260386 0.362660 0.192776 1.002899 0.755551 0.100000 0.100000 0.100000 1.100993 0.635993 0.100000 0.622992 0.240850 0.100000 0.952680 0.100000 0.204442 0.418167 0.622918 0.100000 0.100000 0.100000 0.265370 0.100335 0.402693 0.146878 0.276890 0.100000 0.100000 1.067033 0.150803 1.096386 0.952897 0.306223 0.377829 0.100000 0.595766 1.076110 1.077064 1.284037 0.839873 0.217584 0.335231 0.100000 0.576459 0.100000 0.994720 0.752643 0.591156 0.439906 0.162845 0.188627 0.100000 0.481652 0.361156 
0.100000 1.148461 0.749023 0.100000 0.920806 0.198190 0.232054 0.100000 0.269748 0.100000 0.333730 0.271564 0.580449 0.674823 0.683157 0.100000 0.100000 0.324816 0.100000 0.808483 0.100000 0.158228 0.680555 1.051392 0.540971 1.136624 0.100000 0.524844 0.353297 0.136492 0.100000 0.678095 0.100000 0.637612 0.866315 0.100000 0.451125 0.484753 0.385628 0.585700 0.100000 0.732856 0.662816 1.327218 0.771663 0.920562 0.174839 1.468856 1.064125 0.287547 1.296932 0.714686 0.781153 0.100000 0.100000 0.848525 0.946306 0.518647 0.100000 
0.100000 0.100000 1.035880 0.302248 0.594299 0.100000 0.977159 0.203632 0.517965 0.100000 0.105686 0.100000 0.653927 0.581076 0.766492 0.100000 0.648066 0.100000 0.128442 0.100000 0.440109 0.100000 0.533648 1.521759 0.696545 0.100000 0.189448 0.100000 1.160019 0.527550 0.293374 0.558536 0.404595 1.129994 0.916477 0.809802 1.195400 1.163692 0.610366 0.132583 0.343375 0.524429 1.583168 1.229513 0.344247 0.474169 0.711180 0.809755 0.100000 0.529212 1.485628 0.100000 0.482631 0.812374 0.100000 0.855940 0.896587 0.756797 1.073693 
1.202617 0.326275 1.021097 1.140812 0.955144 0.599541 0.100000 0.856570 1.468607 0.418175 0.815490 0.100000 0.737523 0.814051 0.180095 0.141392 0.100000 0.100000 0.490123 0.894680 0.264013 0.331310 1.246375 0.873194 0.100000 0.100000 0.238581 0.241757 0.409296 0.869950 0.602350 0.100000 0.187324 0.695401 0.584177 1.096949 0.100000 0.117277 0.100000 0.100000 0.145233 0.100000 0.598623 0.761601 1.018956 0.100000 0.100000 0.100000 0.790187 0.772215 1.093657 0.235385 0.100000 0.100000 0.100000 1.067679 1.006004 0.121780 1.125499 
0.759565 0.100000 0.666067 0.463874 0.215812 0.100000 0.100000 0.414182 0.222261 0.740721 0.100000 1.139306 0.100000 1.019402 0.240523 0.100000 1.521800 0.141536 0.119841 1.000043 0.944661 0.166290 0.698761 0.955488 0.372455 1.085055 0.388882 0.149167 0.163445 0.312731 1.422948 0.852872 0.817572 0.512971 0.100000 0.100000 0.496407 0.926800 0.100000 0.100000 0.100000 0.856381 0.100000 1.027190 0.701143 0.402290 0.314665 0.100000 0.501584 0.100000 0.628006 0.586608 0.584399 0.617895 0.100000 1.008303 0.792569 1.381955 0.939793 
1.362414 0.100000 0.332835 1.379593 0.297709 0.100000 0.100000 0.100000 1.274291 0.441953 0.468491 0.100000 0.274673 0.328872 0.339995 0.670742 0.377537 0.512087 0.382166 0.540273 0.470422 0.100000 0.635546 0.475875 0.425298 0.659577 0.643370 0.100000 0.280448 0.834866 0.701334 1.397685 0.100000 0.927346 0.100000 0.456343 0.965041 0.661738 0.525059 0.305119 0.789641 0.835192 1.028296 2.018672 0.954737 0.100000 0.100000 1.209080 0.100000 0.581801 1.211700 0.188033 0.743868 0.800905 0.766639 1.087551 0.100000 0.539015 0.988538 
0.171346 0.100000 1.021243 0.100000 0.195051 0.114716 0.100000 1.085872 0.847927 0.100000 0.100000 0.453998 0.654290 0.361445 1.081684 0.100000 0.100000 0.469217 0.646943 0.431528 0.197789 0.100000 0.589280 0.464948 0.385078 0.394794 0.229265 0.100000 0.390616 0.328234 0.100000 0.883752 0.100000 0.100000 0.100000 0.760353 0.608691 1.140934 0.100000 0.100000 0.169119 0.100000 1.217901 1.069550 0.687350 0.121412 0.265590 0.503298 0.100000 0.691870 1.526961 1.329066 0.420589 0.100000 0.100000 0.342124 0.880254 0.698939 1.143411 
1.442617 0.371824 1.064492 0.100000 0.100000 0.667741 0.906580 0.251575 0.246485 0.898797 0.144869 0.100000 0.668185 0.132674 0.645122 0.312448 0.370144 0.360460 0.128044 0.755233 0.100000 0.100000 0.331528 0.628151 0.735969 0.693898 0.100000 0.100000 0.100000 0.100000 0.100000 0.142138 0.189982 0.599516 0.100000 0.100000 0.478376 0.755640 0.130578 1.192473 1.249545 0.100000 0.100000 0.711549 0.811995 0.100000 0.100000 1.036961 0.653763 0.491699 1.146041 0.100000 0.591733 1.089703 0.100000 0.741131 0.100000 1.922444 1.601048 
0.503739 0.100000 0.415494 0.100000 0.480736 0.100000 0.204575 0.100000 0.410845 0.551533 0.100000 0.347278 1.109282 1.159974 0.565284 0.368204 1.393724 0.743482 0.166143 0.555105 0.471238 1.236388 0.910978 0.439179 0.435268 0.744004 0.273665 0.412383 0.313196 0.650242 1.591680 1.071158 0.256600 0.914176 0.100000 0.149049 0.100000 0.119837 0.349090 0.100000 0.441504 0.100000 0.832484 1.152051 0.100000 0.766321 0.222116 1.793981 0.100000 1.271308 1.408787 0.965593 0.585765 0.596819 0.100000 0.100000 0.587820 0.574894 1.163606 
0.899381 0.100000 0.127021 0.328764 0.100000 0.100000 0.632342 0.272321 0.100000 0.111790 0.100000 0.100000 1.417281 0.421803 0.136097 0.992651 0.855524 0.957981 0.100000 0.100000 0.100000 0.100000 0.466855 0.366422 0.365655 0.100000 0.544312 0.860748 0.100000 0.216510 1.199482 0.692590 0.100000 0.100000 0.100000 1.082306 0.153391 0.266952 0.979139 0.100000 0.100000 1.318327 0.868816 0.343442 1.024032 0.225147 0.680262 0.183244 1.252635 0.203086 0.898867 0.144810 0.221826 1.053648 0.100000 0.726547 0.100000 0.250582 0.200344 
0.475584 0.100000 0.426326 0.106495 0.100000 0.752372 1.036860 0.286261 0.100000 0.553234 0.100000 0.886928 0.565459 0.270698 0.334545 0.100000 0.529559 0.100000 0.489812 0.627490 0.488775 0.100000 0.561795 0.855024 0.100000 0.549082 0.833974 0.100000 0.376383 0.465385 0.757722 0.608860 1.038447 0.406463 0.292941 0.100000 0.100000 0.100000 0.183740 0.516172 0.289934 0.100000 0.335326 0.804105 0.100000 0.238312 0.100000 0.388518 0.543284 0.677039 0.798529 0.100000 0.100000 0.100000 0.167094 0.895310 0.308840 0.371783 0.200045 
0.700209 1.136419 0.745746 0.154516 1.682564 0.100000 0.100000 0.787377 0.100000 1.144297 0.208014 0.980390 0.904030 0.580856 1.031076 0.161764 0.573800 0.499509 1.120417 0.441238 0.193469 1.055616 1.371555 0.501372 0.100000 0.333062 0.100000 0.603323 0.100000 0.100000 0.100000 0.998856 0.799999 0.869869 0.255612 0.100000 0.100000 0.524637 0.100000 1.032468 0.100000 0.100000 0.923693 0.828087 1.224966 0.826218 0.100000 0.100000 1.480076 0.100000 0.892141 0.630030 0.591610 0.637302 0.100000 1.113432 0.368618 0.778584 1.285417 
0.765640 0.314050 0.663711 0.558893 0.485864 0.100000 0.314567 0.156035 0.729366 0.495270 0.506802 0.102684 1.123551 0.414200 0.100000 0.153442 0.287957 0.100000 0.796698 1.254080 0.100000 0.100000 0.763074 0.100000 0.100000 0.558873 0.698064 0.975830 0.552504 1.301174 0.559809 1.198398 0.100000 1.165491 0.100000 0.331168 0.659044 0.198420 0.963239 0.100000 0.100000 0.742908 0.449026 0.363210 0.100000 0.663666 0.779910 0.223998 0.635687 1.105452 1.307212 0.100000 0.316497 1.038252 0.100000 1.332606 0.887560 0.555197 0.999125 
0.507089 0.785571 0.726381 0.792529 0.427790 0.100000 0.874496 0.300832 0.100000 0.746271 0.100000 0.224631 0.665426 0.760401 1.035648 0.397985 0.634821 0.331574 0.100000 0.100000 0.337746 0.242060 0.297160 0.671440 0.100000 0.100000 0.100000 1.022547 0.862757 0.100000 1.204014 0.100000 0.165365 0.339999 0.440445 0.222448 0.100000 1.088963 0.100000 0.354821 0.132747 0.223376 0.526130 0.791000 0.697462 0.100000 0.100000 0.100000 0.704541 0.293893 0.328186 0.905793 1.017818 0.100000 0.100000 1.012176 0.610789 0.100000 1.034562 
0.264944 0.276582 1.086259 0.391967 0.435055 0.100000 0.100000 0.432162 0.640953 0.107943 0.100000 0.100000 0.390877 0.624237 0.100000 0.100000 1.342051 0.100000 0.100000 1.242561 0.273753 0.575769 1.006644 0.100000 0.100000 0.100000 0.387824 0.100000 0.155768 0.589239 0.969879 0.100000 0.213294 0.186673 0.100000 0.407067 0.431072 0.100000 0.100000 0.736857 0.697667 0.703727 0.904457 0.875812 0.195627 1.435233 0.563609 0.115411 0.368470 1.709340 1.743261 0.847972 0.154007 1.420642 1.162335 0.759301 0.848551 1.134379 1.775959 
0.858302 0.100000 0.507108 0.355798 0.147216 0.840857 0.191922 1.056921 0.359732 0.543426 0.100000 0.100000 0.608957 0.451552 0.819893 0.541965 1.093864 0.814273 0.571019 0.100000 0.346851 0.100000 0.406347 0.908085 0.100000 0.100000 0.100000 0.100000 0.308044 1.329145 0.633274 0.902161 0.679950 0.481400 0.649752 0.532309 0.207960 0.468983 0.807362 0.100000 0.132916 0.440382 1.198615 1.205588 0.100000 0.809867 0.100000 1.100188 0.688805 0.757699 0.670219 0.221224 0.571106 0.100000 0.692376 0.751111 0.722924 0.841259 0.678579 
0.100000 0.100000 0.202087 0.459951 0.100000 1.212278 0.100000 0.675778 1.254599 0.274994 0.100000 0.406443 0.100000 1.471924 0.856171 1.342762 0.960041 0.815928 0.100000 0.100000 0.623224 0.335186 0.189076 0.538148 0.847856 0.567479 0.788671 0.192126 0.100000 0.100000 0.697319 0.100000 0.293736 0.407607 0.100000 0.100000 0.100000 0.100000 0.100000 0.625688 0.308264 0.100000 0.652179 0.100000 0.415603 0.430846 0.100000 0.100000 0.317441 0.170947 1.458519 0.492493 0.245532 0.833852 0.100000 0.818718 0.709037 1.298355 0.100000 
0.100000 0.971045 0.941748 0.100000 0.184474 0.100000 0.186801 0.100000 0.353231 0.671440 0.169045 0.118351 1.641798 0.553346 0.100000 0.100000 1.257976 1.052861 0.348597 0.684793 0.219099 0.112021 0.112560 0.266091 0.100000 0.225868 0.100000 0.100000 0.950291 1.257973 0.100000 0.480065 0.412214 0.967828 0.100000 0.102811 0.957261 0.153766 0.100000 0.100000 0.656046 0.100000 1.273915 0.744816 0.100000 0.100000 0.331151 0.100000 0.100000 0.343178 1.333941 0.901171 0.321382 0.204130 0.100000 0.741012 0.100000 1.388946 0.357152 
0.234123 0.100000 0.736895 0.216475 0.528179 1.126776 0.110229 0.624486 0.945330 1.439560 0.325995 0.100000 1.157309 0.100000 0.507188 0.278693 0.474025 0.627322 0.665027 0.744531 0.100000 0.568504 0.447864 1.339716 0.460084 0.523543 0.957072 0.409824 0.637830 0.652325 0.976690 0.786279 0.100000 0.424586 0.100000 1.374336 0.100000 0.313501 1.052001 0.883286 0.100000 1.249932 0.100000 1.504217 0.244817 0.957612 1.206963 0.100000 1.119147 0.100000 0.213831 0.540621 0.100000 0.727793 0.152434 0.590974 0.578456 1.076028 0.661699 
0.598643 0.164201 0.272592 0.403074 0.972325 0.100000 0.100000 0.298644 0.891321 0.272603 0.100000 0.290541 1.093642 0.818257 1.455056 0.100000 0.715766 0.291812 0.290951 1.556788 0.100000 0.100000 0.372980 0.100000 0.100000 1.005699 0.100000 0.100000 0.426099 1.105725 0.657575 0.525954 0.100000 0.100000 0.796522 0.161467 0.608726 0.373789 0.100000 0.116183 0.820367 0.533533 1.034169 1.368106 1.847344 0.709917 0.100000 0.297527 0.747497 0.812024 1.374277 0.603685 0.249930 0.345515 0.430859 0.768592 0.738090 0.266721 0.128277 
