66 Number of operations
20 Number of workers
Standard production times
0.436826 0.198809 0.331604 0.391055 0.455688 0.283821 0.369697 0.170513 0.277800 0.162097 0.574453 0.396892 0.633336 0.100000 0.551241 0.100000 0.330241 0.100000 0.539262 0.512992 0.495972 0.340811 0.315938 0.228077 0.318417 0.649516 0.100000 0.100000 0.538062 0.585624 0.717307 0.480261 0.146062 0.493841 0.660772 0.646257 0.445896 0.454722 0.266643 0.360484 0.497204 0.572092 0.100000 0.238532 0.100000 0.618461 0.282133 0.597837 0.392383 0.644536 0.657231 0.431644 0.169275 0.413947 0.588501 0.278597 0.308175 0.396599 0.569202 0.402256 0.238324 0.288863 0.302463 0.464080 0.450278 0.274325 
Production times: workers row and ops columns
0.525124 0.321337 0.645221 0.213193 1.091540 0.371793 0.100000 0.100000 0.210960 0.100000 0.100000 0.401912 0.106493 0.100000 0.555501 0.606353 0.100000 0.528896 0.100000 0.647859 0.100000 0.100000 0.100000 0.100000 0.657483 0.100000 0.100000 0.100000 0.353540 0.821553 1.640806 0.349664 0.785322 0.100000 1.026827 0.933073 0.733865 0.100000 0.744187 0.100000 0.100000 1.099191 0.100000 0.856273 0.616160 1.206343 0.461411 0.406883 0.100000 0.485483 1.158968 0.100000 0.560956 0.100000 1.175314 0.100000 0.668199 1.167843 0.409955 0.100000 0.841415 0.594430 0.100000 1.089752 0.100000 0.169910 
1.002992 0.101317 0.100000 0.259489 1.057925 0.100000 0.100000 0.100000 0.100000 0.303704 0.976890 0.100000 0.500509 0.483204 0.376535 0.446094 0.100000 0.100000 0.100000 0.405167 0.486295 0.412582 0.430576 0.256004 0.118247 0.100000 0.760691 0.100000 1.214556 1.453761 0.796533 0.439859 0.100000 0.398232 1.466348 0.375436 0.100000 0.665965 0.100000 1.030343 0.834439 0.890286 0.749419 0.573165 0.800255 1.241614 0.551551 0.276036 0.816849 0.100000 0.659513 0.100000 0.414981 0.851576 0.635734 0.100000 0.489957 0.930192 0.416622 0.962737 0.413866 0.500121 0.459301 0.176983 0.670399 0.813092 
0.100000 0.100000 0.119610 0.420809 0.736524 0.100000 0.501244 0.419307 0.689766 0.100000 0.214089 0.720277 0.806464 0.100000 0.290749 0.874380 0.360796 0.100000 0.671684 1.033165 0.553048 0.809747 0.517176 0.746064 0.715300 0.100000 0.221069 0.124300 1.129722 1.558053 0.217346 1.068213 0.937983 0.100000 0.939942 0.196508 0.100000 0.100000 0.673998 1.068257 0.100000 0.413566 0.100000 0.100000 0.348360 0.676923 0.427358 1.040349 0.743173 0.795100 0.607852 1.435755 0.100000 0.809746 0.100000 1.458107 0.819010 1.341988 0.482786 0.100000 0.100000 0.100000 1.517668 1.458451 1.338979 0.431684 
1.287574 0.100000 0.287948 0.156384 0.244338 0.721313 0.245654 0.100000 0.314511 0.165028 0.832016 0.191989 0.608237 0.611785 0.914247 0.100000 0.100000 0.100000 1.389154 0.596159 0.387012 0.971932 0.100000 0.181272 0.100000 0.295667 0.535743 0.232346 0.499237 0.602898 0.289945 1.205615 0.514216 0.548405 0.573782 1.438277 0.454159 0.151524 0.100000 0.490195 0.163908 0.336541 0.388399 0.267155 0.982768 0.830143 0.100000 1.146930 0.419226 0.249052 0.836687 0.100000 1.124404 0.708100 1.103995 0.670317 0.138690 0.100000 0.100000 0.100000 0.352593 0.244795 0.100000 0.870943 0.618414 0.100000 
0.482601 1.743242 0.576378 0.100000 0.100000 0.586491 0.280004 0.769236 0.251900 0.719102 0.320722 0.100000 0.100000 0.403602 0.373198 0.239017 1.055620 0.625147 0.170784 0.646974 0.302488 0.257874 0.518383 0.669318 0.387820 0.347902 0.876399 0.100000 0.304721 0.938261 0.885954 0.376519 1.461329 1.588147 0.941323 0.818508 0.100000 0.594621 0.100000 1.246539 0.100000 0.100000 0.652701 0.200818 0.100000 0.728629 0.268877 1.207092 0.100000 0.214334 0.100000 1.294114 0.100000 1.023950 0.665031 0.895812 0.433482 0.573879 0.201728 0.165813 0.487409 0.641586 0.218517 0.100000 0.125943 1.209716 
0.844542 0.100000 0.100000 0.625483 0.743235 0.100000 0.100000 1.117696 0.637019 0.159699 1.338685 0.100000 1.460305 0.100000 0.307493 0.100000 0.100000 0.420665 0.824814 0.100000 0.394998 0.773484 0.100000 0.100000 0.132570 0.346165 0.100000 1.169892 0.204179 0.740431 0.629106 0.860123 0.490078 0.485095 0.113039 0.596641 0.100000 0.249955 0.709079 0.573842 0.154775 0.254342 0.298156 0.100000 0.100000 0.399611 0.176289 0.811907 0.651126 0.942159 0.313658 1.532287 0.389355 0.366718 0.940519 0.396892 0.100000 0.988733 0.459776 0.100000 0.255374 0.626404 1.113983 0.961158 0.784285 0.609154 
0.986758 0.100000 0.949783 0.299386 0.507015 0.632622 0.563677 0.643733 1.040796 0.551037 0.541521 0.100000 0.587892 0.544701 0.100000 0.100000 0.584586 0.532346 1.128415 1.107817 0.554471 0.234436 0.324775 0.100000 0.113957 0.380766 0.140843 0.100000 1.724804 0.607670 0.786875 0.736868 0.100000 0.659323 0.100000 0.100000 0.704241 0.100000 0.973128 0.100000 0.174516 0.914705 0.115657 0.100000 0.100000 0.826139 0.899038 1.441019 0.315430 0.698003 0.100000 0.817642 0.444828 0.357009 0.746936 0.100000 0.100000 0.754236 1.018871 0.161310 0.100000 0.819428 0.376795 1.648093 0.862454 0.100000 
0.451237 0.100000 0.380774 0.633630 0.100000 0.100000 0.407675 0.416012 0.100000 0.100000 0.899037 0.289603 1.103962 0.100000 0.451296 0.586395 1.302471 0.463786 0.358562 0.988234 1.038292 0.100000 0.100000 0.307243 0.100000 0.546156 1.613791 0.100000 0.457476 0.100000 0.314092 0.704963 0.100000 0.100000 1.308293 1.049294 0.288657 0.100000 0.100000 0.178149 0.721927 1.143647 0.537520 0.100000 0.100000 0.858579 0.512714 0.619354 0.436641 0.995255 0.100000 0.455841 0.162783 0.201690 0.414015 0.100000 1.550884 0.505120 0.365884 0.100000 0.198321 0.166999 0.310231 0.529120 0.876330 0.352284 
0.637955 1.044041 0.246792 1.202473 0.451277 0.100000 0.607434 0.552291 1.100520 0.100000 0.339866 0.242484 0.892923 0.414455 0.767098 0.100000 0.603375 0.871625 0.670822 0.100000 0.196275 0.840158 1.297196 0.826278 0.100000 0.329498 0.396573 0.458119 0.668399 0.100000 0.163036 0.229475 0.412878 0.657323 0.100000 0.479082 0.623285 0.314763 0.100000 0.100000 0.724132 0.151231 0.100000 1.547696 0.580582 0.622780 0.505107 0.546387 0.100000 0.951165 0.559672 1.211669 0.100000 0.100000 0.961067 0.244998 0.100000 0.259245 0.689858 0.565712 0.100000 1.457620 0.610854 0.614856 0.776024 0.100000 
0.965863 1.255538 0.182007 0.425767 1.072790 1.081416 0.559957 0.100000 0.100000 0.100000 0.231281 0.101996 0.798653 0.663379 0.100000 0.100000 0.100000 0.100000 0.250121 1.278481 0.326014 0.100000 0.750570 0.100000 1.432928 0.636220 0.146872 0.534415 0.872348 0.108881 1.476467 0.100000 0.100000 0.100000 0.777314 0.100000 0.100000 0.100000 1.017635 0.100000 1.303636 1.028686 0.699935 0.100000 0.100000 0.589166 0.833838 1.141706 0.875909 0.360112 0.891903 0.100000 0.975338 0.100000 0.137665 0.419570 0.152669 0.577355 0.418755 0.591514 0.503828 0.657139 0.445609 0.774145 0.322937 0.193440 
0.188248 0.403123 0.414132 0.871959 0.962066 0.100000 0.564768 0.310787 0.434888 0.100000 1.392840 0.100000 1.142784 0.100000 0.738844 0.100000 0.695168 0.100000 0.100000 0.100000 0.536058 0.100000 0.630967 0.185171 0.100000 0.821757 0.377439 0.457134 1.339966 0.985587 0.870923 0.994918 0.100000 0.478821 0.556053 0.895661 0.682174 0.397993 0.100000 0.150070 0.100000 0.611897 0.100000 0.492337 0.100000 1.884831 1.092623 1.630832 0.100000 1.340671 0.396947 0.100000 0.100000 0.164898 0.100000 0.350550 0.100000 0.148112 1.109363 0.100000 0.622687 0.100000 0.587104 0.175206 0.489900 0.100000 
0.328707 0.135977 0.100000 0.542941 0.772402 0.402240 0.471632 0.938319 0.299314 0.100000 0.380546 0.100000 0.100000 0.247164 0.493009 0.199364 0.996164 0.123411 0.163990 1.202084 1.244999 0.720041 0.100000 0.100000 1.444393 0.100000 0.291909 0.100000 0.757645 0.781662 0.724345 1.532097 0.100000 0.109860 0.558006 0.617594 0.592299 0.376570 0.100000 0.383752 0.534113 0.646899 0.196625 0.373300 0.100000 0.416942 0.100000 0.348052 0.924459 0.919584 0.301337 0.638303 0.151610 0.100000 0.642527 0.100000 0.369365 0.291547 0.100000 0.764237 0.100000 0.402574 0.100000 0.298471 1.306162 0.487682 
1.280402 0.357198 0.634396 0.999109 1.081594 0.536056 0.100000 0.731889 0.283612 0.100000 0.522775 0.890950 1.398467 0.100000 1.241741 0.466901 0.846484 0.100000 0.190353 0.991221 0.100000 0.311741 0.625365 0.100000 1.336206 0.852746 0.240586 0.100000 0.100000 1.120191 0.831365 0.100000 0.176382 0.522438 1.485132 1.248550 0.205853 0.294985 0.627977 0.100000 0.105972 0.354220 0.191769 0.100000 0.100000 0.100000 0.100000 0.538992 0.343207 0.376435 0.947574 0.797148 0.572262 0.219054 1.205152 0.496192 1.595468 0.140984 0.778020 0.100000 1.293865 0.100000 0.410488 1.286542 1.034469 0.100000 
0.160239 0.674423 0.380383 0.100000 0.100000 0.100000 0.236928 0.635246 0.203601 1.790728 0.737991 0.100000 0.700649 0.564376 0.146059 0.265405 0.400049 0.269061 0.828296 0.108520 0.994754 0.437330 0.647639 0.563530 1.000394 1.051172 0.100000 0.100000 0.581212 0.522065 1.034446 0.284186 0.100000 0.100000 0.970761 0.267715 0.100000 0.977424 0.565318 0.296565 0.941798 0.513919 0.107638 0.104690 0.100000 0.100000 0.877724 0.417941 0.847196 0.879108 0.551015 0.679836 0.100000 0.100000 1.002725 0.100000 0.462306 0.499793 1.313077 0.349410 0.100000 0.100000 0.100000 0.789666 0.276328 0.518293 
0.100000 0.100000 0.553114 0.876317 0.225875 0.585903 0.401057 0.100000 0.509864 0.100000 0.139040 0.287368 0.702792 0.813928 0.390671 0.100000 0.149851 0.100000 0.100000 1.660924 0.262966 0.813491 0.319439 0.100000 1.080489 0.834409 0.281060 0.277546 0.327524 0.100000 0.337545 0.766630 0.132412 0.273459 0.573115 0.206387 0.774691 0.484828 0.433669 0.691550 0.100000 0.728758 0.100000 0.573157 0.100000 0.723970 1.297626 0.162885 0.100000 0.186156 0.100000 1.178669 0.353832 0.215526 0.100000 0.100000 0.100000 0.777166 0.128860 0.711946 0.100000 0.100000 0.145799 1.254081 0.100000 0.971631 
0.821933 0.719123 0.100000 0.449339 0.799368 0.687182 0.716912 0.674020 1.287646 0.100000 0.511563 0.100000 0.100000 0.366812 0.916287 0.100000 1.106829 0.149008 0.172947 0.654052 0.184569 0.100000 0.191387 0.100000 0.908469 1.060123 0.780165 0.500141 0.720243 1.244312 0.341268 0.245260 0.686155 0.968620 1.744465 0.100000 1.174750 0.852505 0.352474 0.100000 0.100000 0.755121 1.397725 0.912487 0.670085 0.771818 0.156160 1.078596 0.968809 0.201075 0.784791 0.919389 1.337762 0.492908 0.100000 0.100000 0.100000 1.156503 0.453660 1.382289 0.100000 0.875507 0.100000 0.827896 0.919471 0.100000 
0.100000 0.350185 0.717390 0.132573 0.174080 0.882601 0.100000 0.507784 0.106800 0.100000 0.756128 0.540053 0.100000 0.100000 0.175292 0.372818 0.309371 0.100000 0.207567 1.180708 0.413299 0.274586 0.104353 0.100000 0.349032 1.659953 0.688690 0.289441 0.100000 0.112701 0.977040 0.350045 0.332111 0.100000 0.100000 0.348193 0.500592 0.129546 0.134887 0.100000 1.309343 0.100000 0.100000 0.901411 0.100000 1.473561 0.462558 0.936736 0.623278 0.100000 0.609591 0.365068 0.100000 0.693888 0.100000 0.100000 0.100000 0.100000 0.243557 1.135083 0.100000 0.199807 1.076723 1.148164 0.100000 0.531935 
0.100000 1.069488 0.422920 0.104560 1.040980 0.111224 0.536167 0.100000 0.100000 0.100000 0.359106 0.643044 0.187242 0.100000 0.175434 0.100000 0.921714 1.532871 1.284890 1.046404 0.346559 0.100000 0.100000 0.461724 0.240231 0.694512 0.144939 0.100000 0.736244 0.627836 0.584961 1.002282 0.581448 0.707972 0.526241 0.217475 0.100000 1.433149 0.484450 0.826805 0.223701 0.298696 0.100000 0.100000 0.100000 0.100000 0.499302 1.163879 0.100000 0.939163 0.100000 0.535208 0.100000 0.954310 1.457802 0.515542 0.741718 0.625165 0.100000 0.420467 0.100000 0.100000 1.546888 0.602551 0.420539 0.100000 
0.100000 0.333809 1.357175 0.499519 0.100000 0.100000 0.100000 0.100000 0.100000 0.311724 0.100000 0.100000 0.100000 0.227139 0.100000 0.616219 1.239426 0.100000 0.100000 0.100000 0.882930 0.314362 0.100000 0.611371 0.270343 0.929661 0.735998 0.100000 0.713928 0.418031 0.767528 0.388078 0.496798 0.265307 0.540653 0.656884 0.178220 0.100000 0.221755 0.833950 0.152906 0.957466 0.100000 0.100000 0.542991 0.171950 0.100000 0.885392 0.414213 0.961407 0.526105 0.697026 0.100000 1.349415 0.100000 0.100000 0.210177 0.100000 1.122678 0.100000 0.179866 0.426848 0.100000 0.119705 0.303977 0.100000 
0.653181 0.100000 0.747033 1.062685 0.708299 0.199893 0.414503 0.100000 0.810983 0.100000 0.588797 0.106420 0.559902 0.100000 0.358996 0.108200 0.100000 0.100000 0.889219 0.539798 0.572121 0.100000 0.100000 0.665137 1.218266 1.543316 0.100000 0.100000 0.906316 0.100000 0.518444 0.911362 0.421506 0.401840 0.707577 0.405230 0.196030 0.142616 0.849927 0.685017 1.419478 0.214761 0.290369 0.870502 0.100000 1.593833 0.290636 1.211042 0.100000 0.844982 1.018617 0.944783 0.551201 0.694259 0.100000 0.100000 0.100000 0.100000 0.456041 0.220101 0.100000 0.100000 1.024750 0.783334 0.440357 0.100000 
