47 Number of operations
21 Number of workers
Standard production times
0.290051 0.119425 0.716550 0.190971 0.451519 0.100000 0.100000 0.336942 0.571636 0.414269 0.100000 0.116889 0.577166 0.526380 0.408052 0.219375 0.435065 0.438886 0.292950 0.555470 0.434268 0.311430 0.740981 0.584869 0.139028 0.323885 0.251275 0.312576 0.314710 0.676281 0.419674 0.326109 0.145356 0.602997 0.103788 0.342580 0.388635 0.242379 0.413542 0.192219 0.347265 0.507650 0.705652 0.791335 0.495640 0.423869 0.228507 
Production times: workers row and ops columns
0.100000 0.744450 1.340700 0.100000 0.745666 0.273430 0.783516 0.673800 0.100000 0.100000 0.100000 0.575488 0.617291 0.640500 0.100000 0.358440 0.399986 0.753680 0.100000 1.329195 0.596796 0.205473 0.100000 1.107469 0.644216 0.359303 0.610070 0.187223 0.288945 0.682846 0.520794 0.553585 0.100000 0.693531 0.507532 0.748848 0.494086 0.453269 0.704505 0.100000 1.495698 1.351899 1.018558 0.100000 0.525689 0.655079 0.570925 
0.100000 0.618951 0.562465 0.373890 1.255272 0.100000 0.100000 0.580739 1.441172 0.448754 0.336621 0.100000 0.187612 0.137549 0.719333 0.433156 0.472069 0.212302 0.595027 1.748073 0.372326 0.149333 0.896358 1.815683 0.100000 0.100000 0.593399 0.328592 0.412845 1.130007 0.100000 0.734532 0.737442 0.500757 0.100000 1.049821 0.100000 0.579136 0.100000 0.145280 0.262377 0.237078 0.974626 0.986977 1.601598 0.342747 0.374096 
0.344082 0.100000 0.832967 0.268667 0.748381 0.100000 0.515282 0.393551 0.100000 1.214010 1.337210 0.100000 0.965739 0.571556 0.314753 0.591005 0.225475 0.441366 0.100000 0.365791 0.162456 0.853239 0.801884 0.911689 0.100000 0.774321 0.952518 0.421417 0.272910 0.100000 0.316643 0.347186 0.100000 1.592843 0.100000 0.836688 0.480187 0.704375 0.680128 0.100000 0.100000 0.578037 1.589453 0.397449 0.464779 0.543082 0.265893 
0.459203 0.258464 1.328533 0.100000 0.878740 0.853425 0.361667 0.544597 0.863330 0.794000 0.306345 0.700808 0.100000 0.100000 0.100000 0.100000 0.100000 0.942582 0.100000 0.760856 0.404031 0.100000 1.044451 0.100000 0.100000 0.471667 0.367027 0.451593 0.659726 0.217293 0.100000 0.371488 0.726457 0.763889 0.774447 0.413418 1.257327 0.430263 1.152670 0.100000 0.120551 0.418153 0.389094 1.028649 0.253359 0.611811 0.602531 
0.100000 0.241231 0.100000 0.100000 0.686798 0.100000 0.374441 0.213184 0.459072 0.604115 0.100000 0.100000 1.461865 0.524771 0.100000 0.100000 0.302584 0.992527 0.100000 0.850922 0.453245 0.100000 0.140469 0.545347 0.533974 1.416974 0.100000 0.513498 0.100000 1.036398 1.165480 0.376697 0.694475 0.660575 0.765003 0.834159 1.017230 0.473665 0.100000 0.633413 0.715249 0.100000 1.267765 0.498134 1.225639 0.284830 0.446813 
0.309162 0.864464 2.015446 0.100000 0.100000 0.577008 0.100000 0.887390 1.127087 0.290337 0.100000 0.199571 0.590938 0.201428 0.100000 0.660558 0.100000 0.100000 0.260006 0.100000 0.456206 0.100000 1.213439 0.622496 0.100000 0.139510 0.784083 0.349652 1.146182 0.959159 0.444888 0.173522 1.058243 0.421900 0.100000 0.100000 0.302585 0.829493 0.672808 0.708563 0.728979 0.984282 0.488532 1.416892 0.358116 0.100000 0.405039 
0.254614 0.100000 0.422288 0.904204 0.294625 0.914012 0.100000 0.100000 1.273810 0.354058 0.516114 0.100000 0.725528 0.100000 0.418558 0.100000 0.249157 0.235183 0.681967 0.672897 0.649315 0.433220 0.100000 0.294881 0.100000 0.483925 0.638217 0.100000 0.438464 0.100000 0.713211 0.193527 0.100000 0.100000 0.464167 0.352674 0.100000 0.371050 0.503978 0.747799 0.114454 1.447000 0.100000 1.230563 0.508371 0.342486 0.318373 
0.100000 0.100000 1.119700 0.100000 0.100000 0.100000 0.100000 0.100000 0.100000 0.606711 0.100000 0.743378 0.406036 0.817176 0.100000 0.435090 0.100000 0.195720 0.210065 0.904994 0.100000 2.098109 0.482608 0.720369 0.100000 0.493599 0.284923 0.413979 0.740613 0.635879 0.100000 0.453523 0.111967 0.924385 0.368911 1.065646 0.956930 0.100000 0.405968 0.132664 0.100000 0.389342 1.573365 0.233775 0.430095 0.100000 0.100000 
1.104644 0.195794 0.187408 0.139996 0.475379 0.100000 0.659307 0.696871 1.260391 0.456667 0.100000 1.056937 0.695529 0.866470 0.404900 0.119225 0.539971 0.552975 0.963467 1.131241 0.100000 0.593358 1.688876 0.918976 0.610760 0.128247 0.560947 0.100000 0.797154 0.305554 1.078970 0.171274 0.100000 0.300447 0.100000 0.869147 0.841568 0.674509 0.100000 0.100000 0.148527 0.340284 0.561758 0.753971 0.658930 0.100000 0.100000 
0.100000 0.236008 0.946793 0.100000 0.703974 0.100000 0.707308 0.444032 0.791717 0.100000 0.100000 0.100000 0.100000 0.100000 0.261864 0.100000 0.735878 1.076780 0.653894 0.786077 0.100000 0.675698 1.397018 0.100000 0.520868 1.033384 0.100000 0.100917 0.100000 0.433268 0.303972 0.202888 0.529339 0.289565 1.739071 0.189060 0.196261 0.249974 0.100000 0.100000 0.100000 0.606955 0.570299 0.931959 0.100000 0.485432 0.100000 
0.100000 0.348284 0.100000 0.322763 0.853566 0.567484 0.228240 0.222348 0.100000 1.047752 0.502552 0.597043 0.794641 0.866486 1.342494 0.294728 0.150735 1.076355 0.668317 0.960339 0.100000 1.140956 0.896517 0.692726 0.100000 0.160714 0.100000 0.100000 0.371834 1.183159 0.100000 0.113780 0.555390 0.100000 0.100000 0.100000 1.017458 0.135288 0.100000 0.100000 0.100000 0.851906 0.100000 0.619173 0.948119 0.575977 0.956167 
0.156236 1.142780 0.434661 0.100000 0.100000 0.202278 0.496890 0.350903 1.364008 1.028387 0.100000 0.177519 0.219547 0.540387 0.755277 0.427584 0.252232 0.859785 0.100000 0.876583 0.463072 0.849057 0.938765 0.470198 0.100000 0.456715 0.369954 0.100000 0.116467 0.624743 1.124356 0.315803 0.627990 0.478632 0.648621 0.100000 1.202848 0.100000 0.426306 0.886854 0.499356 1.241037 0.723445 1.299218 0.853480 1.289958 0.100000 
0.100000 0.100000 0.549566 0.100000 0.189508 0.100000 0.597676 0.163048 0.100000 0.749836 0.100000 0.812587 0.100000 0.100000 0.100000 0.677041 0.131590 0.895893 0.100000 2.047046 0.604406 0.100000 0.678291 1.048161 0.100000 0.519278 1.045820 0.786511 0.645797 0.613402 1.000687 0.100000 0.100000 0.100000 0.326675 0.100000 0.921012 0.805287 0.834834 0.100000 0.146287 0.100000 0.100000 0.145071 0.576362 0.152635 0.644387 
1.049095 0.100000 0.949630 0.215019 0.100000 0.100000 0.204966 0.100000 0.100000 0.100000 0.100000 0.100000 0.164123 0.723300 0.633949 1.177367 0.100000 0.454771 0.100000 0.936170 0.219331 0.871750 1.461346 0.543230 0.100000 0.100000 0.455341 0.775951 1.296523 0.100000 0.100000 0.868679 0.299257 0.844268 0.867244 0.170605 0.100000 0.375008 0.100000 0.268441 0.182864 0.100000 1.466111 1.088284 0.120788 0.979165 0.100000 
1.822198 0.100000 0.751093 0.100000 0.100000 0.100000 0.100000 0.100000 0.771035 0.401705 0.727996 0.100000 1.064217 0.592426 0.100000 0.100000 0.473521 0.746196 0.306229 0.204432 0.468759 0.100000 0.971695 0.100000 1.036712 0.116480 0.237017 1.079729 0.100000 0.724843 0.100000 0.147225 0.100000 1.484499 0.599541 0.276923 0.100000 0.616972 0.267420 0.113315 0.154665 0.474404 0.721350 0.100000 0.495237 1.453956 0.100000 
0.486241 0.100000 0.335614 0.100000 0.724900 0.100000 0.588714 0.100000 0.100000 0.135602 0.203486 0.274826 0.175323 0.100000 0.100000 0.298368 0.444335 0.694959 0.722023 0.532100 0.100000 0.575250 0.649975 2.114260 0.100000 0.260274 0.722427 0.135780 0.585217 0.221568 0.100000 0.100000 0.271412 0.168138 0.312484 0.100000 0.100000 0.707948 1.704444 0.308615 0.100000 0.842710 0.100000 0.180624 1.087977 0.100000 0.782505 
0.438270 0.348977 0.624409 0.983849 0.367811 0.100000 0.636828 0.947843 1.316227 0.220944 0.100000 0.138959 0.437122 0.359558 0.203868 0.144424 0.577120 1.676956 0.100000 1.545526 0.356264 0.901793 1.259605 0.835671 0.670233 0.209502 0.224356 0.100000 0.477229 0.453272 0.100000 0.284205 0.303146 0.640966 0.473837 0.198283 0.100000 0.100000 0.495766 0.388979 0.757792 1.295552 0.251664 1.219203 1.109063 0.619795 0.413880 
0.826447 0.100000 0.818169 0.543437 0.257715 0.100000 0.100000 0.280414 0.647290 1.674110 0.100000 1.258060 0.826457 0.302897 0.772257 0.306105 0.926757 0.299707 0.100000 0.100000 0.699371 0.474466 1.291234 0.536856 0.283256 1.140759 1.040419 0.100000 0.391987 0.100000 0.497330 0.621389 0.100000 1.144980 0.238627 0.935224 0.580940 0.100000 0.792251 0.377675 0.100000 0.100000 0.622189 0.558033 0.540811 0.721236 0.100000 
0.100000 0.451622 0.723044 0.582237 1.583085 0.100000 0.100000 0.100000 0.100000 0.100000 0.947358 0.482696 0.946918 0.832013 0.283465 0.294032 0.100000 0.100000 0.100000 1.524533 0.950532 0.892120 1.195143 1.339818 0.361118 0.100000 0.354047 0.384052 0.100000 0.408736 0.100000 0.100000 0.359407 1.197824 0.100000 1.099115 0.100000 0.100000 0.600669 0.794615 0.300890 1.492750 0.627514 0.669869 0.100000 0.334680 0.100000 
0.894840 0.100000 1.299186 0.380877 0.892458 0.100000 0.280677 0.819699 0.607799 0.786183 0.100000 0.100000 0.899108 0.853690 0.558150 0.415719 0.261517 0.100000 0.940694 0.750529 0.100000 0.468818 0.911053 0.807427 0.201576 0.100000 0.444980 0.100000 0.100000 0.680790 0.537817 0.100000 0.100000 0.100000 1.003633 0.182363 0.100000 1.419825 0.100000 0.157544 1.106393 0.100000 0.441200 0.559198 0.734923 0.100000 0.912826 
0.319712 0.100000 0.100000 0.565966 0.271808 0.100000 0.100000 1.277639 0.563328 1.065484 0.100000 0.100000 0.484841 0.873375 0.100000 0.194946 0.299739 0.885154 0.821039 0.100000 0.331071 0.227877 0.992357 0.931862 0.100000 0.582550 0.995240 0.975302 0.100000 0.577432 0.365547 0.840487 0.100000 1.020663 0.100000 1.296469 0.100000 0.100000 0.307047 0.127477 0.879601 0.100000 1.486322 1.312121 0.100000 0.433172 0.100000 
