64 Number of operations
21 Number of workers
Standard production times
0.290051 0.119425 0.716550 0.190971 0.451519 0.100000 0.100000 0.336942 0.571636 0.414269 0.100000 0.116889 0.577166 0.526380 0.408052 0.219375 0.435065 0.438886 0.292950 0.555470 0.434268 0.311430 0.740981 0.584869 0.139028 0.323885 0.251275 0.312576 0.314710 0.676281 0.419674 0.326109 0.145356 0.602997 0.103788 0.342580 0.388635 0.242379 0.413542 0.192219 0.347265 0.507650 0.705652 0.791335 0.495640 0.423869 0.228507 0.247610 0.527861 0.409505 1.022967 0.293508 0.469117 0.314897 0.100000 0.751079 0.347161 0.569259 0.817347 0.505296 0.596762 0.100000 0.221035 0.466013 
Production times: workers row and ops columns
0.254972 0.434219 0.100000 0.964695 0.614047 0.100000 0.100000 0.859542 1.076824 0.449687 0.458795 0.100000 0.551401 0.532945 0.509172 0.446852 0.235430 0.529420 0.696694 0.961738 0.539719 0.522319 1.031943 0.379765 1.287461 1.168134 0.564180 0.100000 0.344759 0.907492 0.762092 0.100000 0.644882 0.448912 0.286707 1.146334 0.269546 0.100000 0.657339 1.061755 0.381749 0.744271 0.380475 0.401782 0.106809 0.735150 0.442288 0.284615 0.301277 0.711582 2.215570 0.231566 0.307020 0.470274 1.330814 0.593018 0.100000 0.911384 0.833363 0.603431 1.050487 0.100000 0.629459 1.058098 
0.187810 0.100000 1.423792 0.100000 0.788275 0.100000 0.100000 0.252055 0.301063 0.683242 0.295641 1.222847 0.496044 0.671969 0.462083 0.119609 0.551481 0.516583 0.589813 0.100000 0.849550 0.368039 0.119608 1.384611 1.376237 0.157723 0.639848 0.357751 0.221411 1.047911 0.210085 0.328589 0.100000 0.413318 0.100000 0.884389 0.449538 0.569199 0.368964 0.642655 1.048508 0.616491 0.663852 0.100000 0.392609 0.444947 0.100000 1.237456 0.230851 0.903613 1.114519 0.755504 0.735703 0.100000 0.100000 0.821466 1.230962 0.175372 0.786485 0.624509 0.634148 0.269152 0.360073 1.077995 
0.100000 0.546647 1.469976 0.452638 0.659174 0.391694 0.479731 0.543287 1.155554 0.100000 0.100000 0.100000 0.100000 0.100000 0.911748 0.100000 0.640450 0.408650 0.100000 0.858940 0.100000 0.100000 0.888762 0.700621 0.278045 0.668901 0.100000 0.100000 0.360089 1.257383 0.580565 0.996767 0.216194 1.471690 0.291672 1.081708 0.100000 0.100000 0.324045 0.100000 0.584578 0.265369 0.893594 1.165360 0.100000 0.545675 0.100000 0.100000 0.763141 0.100000 1.297408 0.169750 0.356553 0.504743 0.100000 0.677769 1.231861 0.567650 0.484116 0.119378 0.464281 0.653641 0.100000 0.761464 
0.309028 0.100000 0.116039 0.151449 0.846465 1.193089 0.100000 0.537864 0.173689 0.774385 0.845806 0.167478 1.126285 0.583958 1.069267 0.710955 1.063660 0.670172 0.100000 0.996664 0.802253 0.100000 1.303093 0.291668 0.869026 0.184846 0.469581 0.331686 1.059748 1.975177 0.238216 0.100000 0.622364 0.427309 0.654236 0.898031 0.264703 0.100000 0.496224 0.205991 0.100000 0.126244 1.146835 0.371924 0.156375 0.390924 0.100000 0.269549 0.207194 0.881964 1.060594 0.103265 0.284742 0.847706 0.137076 1.582552 0.630039 0.594473 0.664760 1.418183 0.415665 0.100000 0.100000 0.379963 
0.877164 0.378691 1.232894 0.572685 0.928151 0.100000 0.725557 0.199417 0.100000 0.590800 0.100000 0.100000 0.282903 1.239614 0.251159 1.033387 0.100000 0.100000 0.995124 0.495259 0.850382 0.211066 0.889343 0.116226 0.149533 0.190717 0.100000 0.108872 0.703727 0.793708 0.634722 0.447899 0.100000 0.313009 0.100000 0.502620 0.775577 0.100000 0.537296 0.100000 0.640801 0.375069 0.215511 0.100000 0.856019 0.433963 0.100000 0.376282 0.618297 0.965085 0.790156 1.232858 0.100000 0.754125 0.112731 0.669697 0.437028 0.100000 0.746162 0.908446 0.254798 0.100000 0.130673 0.406409 
0.100000 0.100000 0.908993 0.100000 1.078007 0.100000 0.390796 0.100000 0.787351 0.100000 0.100000 0.100000 0.926690 0.100000 2.194731 0.100000 0.570565 0.100000 0.462664 0.589119 0.535671 0.737332 0.700579 0.221062 0.266442 0.290496 0.572662 0.577699 1.037776 1.244576 0.260173 0.318535 0.100000 0.100000 0.100000 1.210293 0.100000 0.176834 0.100000 0.100000 1.161858 0.584018 0.176509 0.740361 0.519500 0.100000 0.787814 0.607540 1.216616 0.451904 0.767569 1.233555 0.587480 0.654987 0.100000 0.650929 0.452068 0.683347 1.487863 1.081066 0.100000 0.381928 1.168931 0.800120 
0.761783 0.100000 1.026223 0.100000 0.933962 0.100000 0.759296 0.182107 0.100000 0.111718 0.100000 0.643457 1.030098 0.958511 0.100000 0.100000 0.236327 0.271520 0.149056 0.518106 0.597558 0.100000 0.386765 0.259822 0.255610 0.554128 0.100000 0.565031 0.197378 1.283590 0.526765 0.546190 0.100000 0.571446 0.100000 0.100000 0.100000 0.100000 0.100000 0.493032 0.985159 0.868594 0.936258 0.130571 0.859908 1.079906 0.100000 0.629451 1.237360 0.222342 0.811308 0.100000 0.226104 0.199195 0.100000 1.135063 0.100000 2.204542 0.663826 0.312921 0.604356 0.100000 0.100000 0.100000 
0.389355 0.100000 0.857174 0.100000 0.513081 0.100000 0.100000 0.565800 0.100000 0.546061 0.502048 0.584373 0.705405 0.411786 0.100000 0.852859 0.837617 0.919039 0.510425 0.895576 1.368710 0.386782 0.456652 1.222338 0.514394 0.728754 0.100000 1.142102 0.470246 0.784139 0.182300 0.162938 0.100000 0.101159 0.160912 0.849458 0.100000 0.100000 0.823576 0.100000 0.109711 0.100000 1.334475 0.684244 0.100000 0.100000 0.100000 0.591867 0.100000 0.237343 1.475446 0.445616 1.196776 0.181082 1.123354 0.469190 0.250751 0.100000 0.919624 0.902185 0.610724 0.892372 0.835153 0.462530 
0.350680 0.100000 0.730557 0.538196 0.659727 0.100000 0.520899 0.100000 0.892748 0.443073 0.637627 0.314674 0.462495 0.254138 0.540883 0.338055 0.100000 0.240643 0.241411 1.260152 0.423962 0.794064 0.616615 1.129702 0.100000 1.138098 0.100000 0.325340 1.009345 0.828373 1.153061 0.343901 0.653238 0.960837 0.969877 0.100000 0.117571 0.100000 0.246558 0.100000 0.100000 0.100000 1.203328 0.617442 0.100000 0.759436 0.100000 0.943308 0.100000 0.100000 0.486505 0.751173 0.165643 0.771904 0.100000 2.242655 0.517299 0.100000 0.754657 0.968587 0.494399 0.295393 1.015580 0.939948 
0.621138 0.100000 1.297563 0.100000 0.202754 0.100000 0.322887 0.100000 1.104012 0.977177 0.521292 0.100000 0.376189 0.100000 0.100000 0.100000 0.515787 0.167652 0.708830 1.314514 0.100000 0.544509 0.765029 0.100000 0.100000 0.428851 0.100000 0.100000 0.100000 0.671280 0.100000 0.100000 0.342276 0.828894 1.061779 0.100000 0.404520 0.100000 0.794242 0.100000 0.907585 1.228015 0.664013 0.260089 0.100000 0.627935 0.691882 1.229423 0.100000 0.100000 1.565537 0.447409 0.710388 1.078353 0.100000 0.100000 0.479790 0.148337 0.893568 0.340895 0.100000 0.860459 0.517983 0.100000 
0.845347 0.100000 2.248698 0.100000 0.486062 0.100000 0.100000 0.100000 0.100000 0.100000 0.299399 0.104326 1.205162 0.216005 0.895104 0.285421 0.100000 0.100000 0.331407 0.862780 0.447547 0.100000 0.775472 0.357640 0.369742 0.100000 1.148959 0.105171 0.300452 1.443435 0.100000 0.374670 0.100000 0.424114 0.100000 1.224081 0.884388 0.176722 0.100000 0.566811 0.201142 0.428746 0.513053 0.758089 0.511338 0.100000 0.228104 1.277697 0.275528 0.605696 0.930856 0.100000 0.185275 0.588279 0.100000 1.239794 0.100000 0.100000 0.538680 0.608782 0.754698 0.100000 0.100000 0.100000 
0.369043 0.128696 0.972623 0.620044 0.428149 0.100000 0.363820 0.245935 2.101027 0.100000 0.100000 0.588042 0.400371 0.796888 0.100000 0.100000 0.100000 0.564942 0.100000 0.764166 0.137863 0.100000 1.206550 1.875771 0.255424 0.100000 0.586335 0.100000 0.100000 1.268619 0.100000 0.880107 0.293575 0.832549 0.100000 1.135459 0.304928 0.210159 0.950370 0.803120 1.091856 0.314326 0.423628 0.813405 0.355596 0.257047 0.100000 0.172659 0.669916 1.647575 0.452806 1.283563 0.391113 0.905260 0.618624 1.001881 0.878367 0.454876 0.790427 0.100000 0.759280 0.100000 0.100000 0.424109 
0.447840 0.157394 1.086599 0.100000 0.100000 0.100000 0.182224 0.533702 0.982163 1.202170 0.100000 0.544757 1.190589 0.722307 0.593425 0.755771 0.100000 0.540505 0.645416 0.361667 0.100000 0.249596 0.684453 0.660523 1.398869 0.154363 1.392445 0.561867 0.100000 1.040487 0.506403 0.817801 0.100000 0.406770 0.100000 0.607683 0.551672 0.792632 0.365529 0.336447 1.164139 1.296795 0.411234 0.868612 0.100000 0.501525 0.523788 0.126174 1.069843 0.544344 1.615611 0.485812 0.290468 0.693607 0.285456 0.435108 0.100000 0.485796 0.584044 0.550466 0.894129 0.100000 0.100000 0.798210 
0.296545 0.510691 1.848117 0.100000 0.100000 0.100000 0.100000 0.100000 1.418994 0.780075 0.469752 0.422522 0.452579 0.601037 0.100000 0.100000 0.147037 1.407949 0.809214 1.136160 0.888430 1.066378 0.963071 0.287656 0.241800 0.395361 0.100000 0.100000 0.100000 0.192905 0.633725 0.920935 0.100000 1.359532 0.100000 0.100000 0.575762 0.844775 0.367168 1.177319 0.269127 0.386184 0.100000 0.702146 0.100000 1.028658 0.107131 0.830246 0.717768 0.850445 0.355710 0.474184 0.951874 0.351060 0.471914 0.555564 0.213141 0.891201 1.144657 0.655393 0.793105 0.100000 0.100000 1.113756 
0.485110 0.100000 0.873939 0.361043 0.674077 0.162548 0.100000 0.530647 0.100000 0.100000 0.104509 0.235032 0.126261 0.371089 0.100000 1.119220 0.274847 0.100000 1.470396 0.100000 0.399593 1.070559 0.100000 0.320417 0.100000 0.563168 0.100000 0.996895 0.344372 0.652486 0.100000 0.701104 0.100000 0.388122 0.100000 1.283278 0.380327 0.893595 0.100000 0.100000 0.254940 0.854645 0.100000 0.766906 0.360315 0.870137 0.756596 0.100000 0.424664 0.325952 1.274343 0.640500 0.100000 0.573562 0.843966 1.413805 0.100000 0.470410 0.763220 1.019674 0.207209 0.517666 0.100000 1.419902 
0.100000 0.100000 0.610056 0.126229 0.983855 0.100000 0.880670 0.857728 0.100000 0.423571 0.100000 0.100000 0.454518 0.858844 0.531033 0.961222 0.400379 1.113381 0.972750 0.768337 0.477450 0.100000 1.379233 0.100000 0.100000 0.561260 0.900702 0.100000 0.100000 1.492671 0.100000 1.152066 0.100000 0.100000 0.100000 0.100000 0.496445 0.484431 1.151606 0.487917 1.271791 0.701151 0.444503 0.424676 0.856953 0.100000 0.100000 0.251080 0.917186 0.100000 1.363812 0.100000 0.100000 0.700684 0.635612 1.340071 0.648078 1.485856 1.444795 0.100000 0.669868 0.428781 0.198468 0.649474 
0.344887 0.913481 1.494468 0.292091 0.487086 0.100000 0.380464 0.901297 0.771764 0.307724 0.365619 0.822627 0.816252 0.967613 0.100000 0.131539 0.100000 0.100000 0.414938 0.777677 0.416185 0.100000 0.882862 0.786265 0.673562 0.100000 0.100000 0.100000 0.630055 0.692718 0.443004 0.828093 0.866261 0.166895 1.223588 0.100000 0.100000 0.112464 0.471013 0.100000 1.009569 0.325040 0.530087 0.717316 0.100000 0.100000 0.212791 0.556943 0.540078 0.100000 0.616253 0.443488 0.766523 0.532968 0.100000 0.100000 0.243797 0.419064 0.970696 0.946449 0.290595 0.100000 0.122509 0.100000 
0.598413 0.100000 1.229120 0.292301 0.789386 0.100000 0.109248 0.100000 0.568781 0.271628 0.100000 0.587933 0.883946 0.100000 1.156182 0.100000 1.584475 0.405441 0.100000 0.100000 0.360813 0.459303 0.936408 0.100000 0.100000 0.100000 0.524769 0.308935 0.195276 1.779999 1.142608 0.917045 0.100000 0.552596 0.100000 0.100000 0.100000 0.629766 0.100000 0.100000 0.563052 0.291108 0.538260 1.099957 0.100000 0.100000 0.100000 0.446070 0.100000 0.685500 0.772836 0.491374 0.100000 0.100000 0.100000 0.930837 0.361317 0.448316 0.793277 0.497072 0.875559 0.374127 0.412257 0.881364 
1.370222 0.100000 1.694156 0.222191 0.561873 1.093642 0.111401 0.984926 0.295630 0.825274 0.100000 0.556022 0.852219 0.575460 0.100000 0.502900 0.628225 1.190480 0.100000 0.711682 0.542583 0.100000 0.340077 0.497191 0.874167 0.100000 0.100000 1.087114 0.100000 1.174944 0.876647 0.100000 0.627982 0.723886 0.521540 0.100000 1.447250 0.100000 0.235917 0.385043 0.161819 0.994606 0.100000 1.700569 0.729041 0.100000 0.222702 0.233344 1.016590 0.100000 1.508949 0.505328 0.574864 0.596687 0.100000 1.464411 0.190100 0.897604 1.771984 0.759541 0.278821 0.100000 0.954141 0.487318 
0.100000 0.298698 0.692864 0.659428 0.490130 0.422766 0.324238 0.722677 0.417810 0.769846 1.169863 0.316079 0.100000 0.775072 0.100000 0.100000 0.516518 0.273856 0.844408 0.100000 0.831154 0.100000 0.100000 0.132193 0.100000 0.581721 0.100000 0.652850 0.100000 1.003964 1.128946 0.769095 0.100000 1.326565 0.275984 0.453618 0.100000 0.330239 0.351870 0.138190 0.589604 0.342427 0.743435 0.961042 0.431846 0.575515 0.505868 0.514563 0.462963 0.973164 0.969279 0.389005 0.554513 0.626348 0.343222 1.586502 0.100000 0.542385 0.238148 0.104959 0.920627 0.100000 0.100000 0.468464 
0.382157 0.877607 0.771546 1.046211 0.534385 0.100000 0.100000 0.669626 0.838536 0.100000 0.340027 0.100000 0.148965 0.100000 0.967464 0.273924 0.100000 0.156879 1.146983 0.427640 1.110452 0.738210 0.787942 0.970389 0.100000 1.104308 0.100000 0.779529 0.153724 0.138565 0.621506 1.404284 0.100000 0.326863 0.573021 0.992759 1.251624 0.100000 0.629095 0.663384 0.100000 0.100000 1.076515 0.776130 0.461532 0.985625 0.748570 0.323137 0.601053 0.645757 0.643956 0.928330 1.009267 0.391382 0.274411 0.948937 0.400150 0.100000 0.919241 0.656082 0.772323 0.100000 0.100000 0.100000 
