60 Number of operations
21 Number of workers
Standard production times
0.290051 0.119425 0.716550 0.190971 0.451519 0.100000 0.100000 0.336942 0.571636 0.414269 0.100000 0.116889 0.577166 0.526380 0.408052 0.219375 0.435065 0.438886 0.292950 0.555470 0.434268 0.311430 0.740981 0.584869 0.139028 0.323885 0.251275 0.312576 0.314710 0.676281 0.419674 0.326109 0.145356 0.602997 0.103788 0.342580 0.388635 0.242379 0.413542 0.192219 0.347265 0.507650 0.705652 0.791335 0.495640 0.423869 0.228507 0.247610 0.527861 0.409505 1.022967 0.293508 0.469117 0.314897 0.100000 0.751079 0.347161 0.569259 0.817347 0.505296 
Production times: workers row and ops columns
0.330176 0.233545 0.276312 0.330035 0.416440 0.414794 0.100000 1.110666 0.734164 0.308312 0.100000 0.639490 1.082354 0.561799 0.766847 0.100000 0.409300 0.445451 0.394070 0.782946 0.234634 0.401963 1.144725 0.991137 0.244479 0.534775 0.542237 0.107472 1.463143 1.520530 0.732580 0.100000 0.175405 0.834208 0.446206 0.100000 0.888161 0.100000 0.596461 0.995972 0.228176 0.337236 0.949449 1.660872 0.530125 0.660490 0.100000 0.100000 0.139030 0.720787 1.236748 0.330512 0.242532 0.616974 1.292603 0.689138 0.185064 0.724636 2.048161 0.347234 
0.100000 0.461550 0.732567 0.289106 0.905244 0.100000 0.508424 0.929027 0.469396 0.358846 0.807241 0.100000 0.913923 0.140233 0.361114 0.134488 0.164492 0.707860 0.488592 1.661428 0.353145 0.457019 0.795012 0.485103 0.255444 0.401582 0.548137 0.100000 0.729992 0.732890 0.100000 1.125850 1.382566 0.436835 0.492361 0.387756 0.295336 0.614008 0.203953 0.194699 0.100000 0.317971 0.433841 1.333144 0.556543 0.750689 0.183929 0.698046 1.229104 0.518346 0.981167 0.100000 0.366086 0.335975 0.100000 1.740925 0.100000 1.063367 0.908899 0.967292 
0.556637 0.100000 0.436282 0.261357 1.335319 0.100000 0.100000 0.456155 0.609022 0.583421 0.239038 0.728872 0.100000 0.953602 1.161477 0.481042 0.642720 0.730580 0.672682 0.761815 1.018186 0.100000 0.100000 0.135535 0.100000 0.100000 0.754971 0.100000 0.520095 0.646045 0.100000 0.629579 0.100000 0.166337 0.251570 0.458332 0.527652 0.587395 0.100000 0.100000 0.392644 1.088751 0.866543 1.461994 0.566478 1.292561 0.416391 0.986738 0.100000 0.182791 0.933469 0.100000 0.706430 0.100000 0.287942 1.125104 0.100000 0.691065 0.100000 0.280980 
0.525331 0.100000 0.990992 0.100000 0.338955 0.289846 0.100000 0.263632 1.456335 0.412659 0.100000 0.100000 0.444686 1.080021 0.100000 0.514827 0.454042 0.100000 0.100000 0.515948 0.829214 1.404518 0.277635 0.785792 0.100000 0.684001 0.997080 0.363164 0.863829 0.733859 1.080889 0.817688 0.773951 0.834283 0.100000 0.783774 0.756620 0.100000 0.975655 0.100000 1.077263 0.368611 0.923958 0.810446 1.240678 1.722764 0.100000 0.100000 1.004869 0.233817 1.573415 0.848959 0.345185 0.100000 0.182682 0.764852 0.100000 0.187853 1.258529 0.100000 
0.100000 0.100000 0.100000 0.212909 0.130852 0.572459 0.137627 0.146699 0.387261 0.947077 0.137076 0.948362 0.860043 0.551595 0.255465 1.132262 0.253968 0.338098 0.100000 0.469420 1.021381 0.570696 1.257324 0.966583 0.615660 0.106765 0.876832 0.175051 0.100000 0.852813 0.384238 0.100000 0.100000 1.316231 0.100000 1.156592 0.100000 0.100000 1.115716 0.132008 0.763379 0.407286 0.854014 0.322692 0.506146 0.290701 0.100000 0.100000 0.916878 0.526932 1.238014 0.415298 0.100000 0.100000 0.100000 0.911119 0.734103 0.283435 0.941101 0.100000 
0.583587 0.100000 0.226410 0.100000 0.811898 0.110094 0.100000 0.465613 0.662071 0.969849 0.100000 1.056239 0.100000 0.965608 0.420783 0.137993 0.524931 0.100000 0.221766 0.958620 0.100000 0.100000 0.650619 0.525266 0.100000 0.100000 0.443717 0.100000 0.941198 0.505152 0.710470 0.100000 0.361071 0.100000 0.100000 0.259695 0.738159 0.100000 2.200221 0.100000 0.482765 0.100000 0.875366 0.824984 0.597043 0.849772 0.188105 0.100000 0.655276 0.376116 1.344354 0.558631 1.192182 0.883192 0.100000 0.743506 0.287607 0.100000 0.699039 1.373009 
0.100000 0.100000 0.386310 0.100000 1.266112 0.176368 0.100000 0.285967 0.595496 0.100000 0.659307 0.476819 1.265921 0.568779 0.152654 1.159423 0.553428 0.778976 0.289798 0.455320 0.539174 0.425518 1.411498 1.160640 0.100000 0.605813 1.199170 0.646683 0.786442 0.480643 0.729347 0.100000 0.627800 0.232270 0.763084 0.187745 0.100000 0.100000 0.100000 0.718786 0.800197 0.939780 0.365811 0.460153 0.296903 0.256503 0.100000 0.210246 0.691151 0.100000 0.668751 0.100000 0.585699 0.545140 0.100000 1.003535 0.229829 1.176567 0.924437 0.725377 
0.100000 0.100000 0.558184 0.100000 0.100000 0.100000 0.100000 0.637755 1.209530 0.775212 0.330606 0.100000 0.941434 1.182417 0.100000 0.601216 1.144564 0.251723 0.100000 0.100000 0.191255 0.195728 0.617761 0.968853 0.100000 1.959168 0.100000 0.120201 0.322305 0.269972 0.100000 0.100000 0.244661 0.467645 0.244412 0.100000 0.450198 0.100000 0.100000 0.421077 0.100000 0.639443 1.107700 1.258819 0.623880 0.309275 0.100000 0.881094 0.930413 0.889658 1.240441 0.633614 1.403559 0.390250 0.100000 1.388548 0.722528 0.974128 0.100000 1.334822 
0.445587 0.227283 0.479177 0.100000 0.100000 0.100000 0.157124 0.843819 0.211618 0.201940 0.510034 0.100000 0.339612 0.100000 1.036875 0.112284 0.100000 0.100000 0.100000 0.899727 0.100000 0.139267 1.193460 0.736977 0.866687 0.190070 1.274629 0.100000 0.218300 0.146661 0.521952 0.722998 0.159318 1.395370 0.717907 0.339098 0.449264 0.100000 0.427548 0.539444 0.555473 0.324817 1.126551 0.270552 0.816753 0.452673 0.766134 0.445395 0.413190 0.137263 1.155797 0.412187 0.100000 0.116654 0.100000 1.455761 0.336856 1.051893 0.692981 1.050129 
0.100000 0.933639 0.100000 0.203735 1.146154 0.252091 0.833387 0.354734 1.079518 0.772108 0.966089 0.100000 0.306102 0.100000 0.241068 0.100000 0.173054 0.100000 0.790626 0.381577 0.100000 0.646997 0.581672 1.280566 0.100000 0.100000 0.100000 0.770241 0.100000 1.133288 0.100000 1.817684 0.315494 0.100000 0.100000 0.805871 0.286272 0.437772 1.208087 0.666154 0.678352 0.444770 1.286665 0.465314 0.246875 0.100000 0.451394 0.100000 1.060238 0.972414 1.444259 0.100000 0.268140 0.100000 0.100000 0.104815 0.427884 0.298025 1.233227 1.264340 
0.100000 0.352505 0.740599 0.100000 0.363133 0.204966 0.100000 0.100000 0.100000 0.409267 0.100000 0.100000 0.774086 0.752277 1.366043 0.100000 0.450949 0.100000 0.673650 0.340533 0.994588 1.031795 0.699341 0.100000 0.100000 0.527951 0.714650 1.294388 0.100000 0.133040 0.962244 0.480010 0.386627 1.366453 0.100000 0.100000 0.521264 0.100000 0.489764 0.100000 0.100000 1.268109 1.002600 0.416483 1.050936 0.123712 1.760654 0.100000 0.562404 0.296581 0.415995 0.100000 0.100000 0.100000 0.299399 0.738516 0.975158 0.258884 1.304398 0.571342 
0.100000 0.100000 0.755007 0.498281 0.464798 0.100000 0.134492 0.109713 0.802350 0.100000 0.997684 0.100000 0.562908 1.293533 0.100000 0.267937 0.100000 0.260003 0.203644 1.436972 0.930021 0.245773 0.100000 0.959462 0.100000 0.244981 0.100000 0.279329 0.330408 0.100000 0.419272 1.356195 0.100000 0.799188 0.100000 0.100000 0.104794 0.515761 0.100000 0.680933 0.100000 0.100000 0.426986 0.894822 0.653576 0.100000 0.100000 0.100000 0.606854 0.418776 1.279040 0.722581 0.445747 0.100000 0.363820 0.660073 1.876552 0.166747 0.753735 0.976448 
0.113255 0.389933 0.261837 0.100000 0.100000 0.226056 0.100000 0.545637 0.275232 0.100000 0.565569 1.407791 0.693562 0.100000 0.743112 0.100000 0.100000 1.031223 0.100000 1.109468 0.582487 0.540981 0.648839 1.377748 0.100000 0.291665 0.788103 0.923477 1.059301 0.482957 0.137650 0.348178 0.100000 0.436175 0.100000 0.267628 0.530690 1.480449 0.100000 1.182274 0.269261 1.098013 1.224276 1.042137 1.026845 0.309486 0.201588 0.100000 0.690380 0.186495 0.217637 0.251604 0.626906 0.352866 0.470049 0.606782 0.100000 0.381840 0.899571 0.702056 
0.700578 0.907327 0.262562 0.618839 1.064942 0.295926 0.285373 0.873337 0.100000 0.515888 0.452466 0.100000 0.233343 0.464546 0.351525 0.295030 1.694906 0.269364 1.434121 0.804761 0.210784 0.675635 0.827710 1.076561 0.100000 0.127658 0.100000 0.577679 0.477747 1.226534 0.371661 0.470337 0.962230 1.392142 0.100000 0.419857 0.100000 0.320035 0.708823 0.100000 0.889247 0.642489 1.298296 0.983640 0.316992 0.802579 0.413963 0.100000 0.100000 0.326042 0.789664 0.338678 0.766484 0.100000 0.100000 1.083276 0.353655 0.960525 1.948913 0.100000 
0.100000 0.100000 0.100000 0.100000 1.298877 0.465807 0.469752 0.642574 0.447049 0.488925 0.100000 0.100000 0.289139 1.495443 0.924316 0.800066 0.889227 1.193835 0.515041 0.258257 0.537040 0.382906 0.416064 0.317324 0.100000 0.100000 0.465326 0.907403 0.104235 1.432816 0.100000 0.100000 0.332483 1.205393 0.100000 1.327680 0.310497 0.120913 0.100000 0.103030 0.100000 1.112439 0.584276 1.373971 0.685547 0.864809 0.100000 0.428287 1.010618 0.445668 1.394881 0.100000 0.335097 0.636839 0.427310 0.901177 0.543505 0.395711 0.214014 1.153039 
0.485110 0.100000 0.873939 0.361043 0.674077 0.162548 0.100000 0.530647 0.100000 0.100000 0.104509 0.235032 0.126261 0.371089 0.100000 1.119220 0.274847 0.100000 1.470396 0.100000 0.399593 1.070559 0.100000 0.320417 0.100000 0.563168 0.100000 0.996895 0.344372 0.652486 0.100000 0.701104 0.100000 0.388122 0.100000 1.283278 0.380327 0.893595 0.100000 0.100000 0.254940 0.854645 0.100000 0.766906 0.360315 0.870137 0.756596 0.100000 0.424664 0.325952 1.274343 0.640500 0.100000 0.573562 0.843966 1.413805 0.100000 0.470410 0.763220 1.019674 
0.100000 0.537091 0.100000 1.144860 0.100000 0.100000 0.100000 0.272200 1.103972 0.100000 0.880670 0.637676 0.100000 0.535683 0.188656 0.100000 0.312417 0.771350 0.415931 1.297317 0.399582 0.985925 1.420780 0.797736 0.182210 0.100000 0.889527 0.100000 0.259259 0.913657 1.069101 0.100000 0.100000 1.419387 0.100000 1.168537 0.313964 0.100000 0.100000 0.100000 0.455074 0.749703 1.443716 1.087034 1.420167 0.617370 0.100000 0.100000 0.889174 0.100000 0.537614 0.296978 0.858442 0.100000 0.440845 0.100000 0.100000 0.955046 1.352958 1.094287 
0.590968 1.036022 1.343999 0.100000 0.524625 0.428781 0.100000 0.520403 0.626472 1.208324 0.877918 0.218010 0.612733 0.202338 0.688516 0.783731 0.635193 0.332342 0.558570 1.261208 0.673354 0.752663 0.100000 0.497033 0.100000 0.100000 0.373263 0.534782 0.296627 0.453494 0.561556 0.527504 0.679891 0.296102 0.100000 0.100000 0.703981 0.258815 0.436872 0.694204 1.068170 0.100000 1.825452 0.319240 0.173445 0.293954 0.285978 0.100000 1.190166 0.226895 0.847401 0.219489 0.100000 0.100000 0.100000 1.060412 0.359378 0.100000 0.410633 0.655276 
0.587457 0.337496 0.219259 0.100000 0.348154 0.100000 0.253349 0.778095 0.265469 0.100000 0.100000 0.100000 0.885528 0.100000 0.920621 0.320706 0.772932 0.100000 0.302199 0.289655 0.431413 0.168789 0.100000 1.055913 0.445808 0.100000 0.999404 0.100000 1.464121 0.642837 0.100000 0.100000 0.100000 0.750871 0.299215 0.100000 0.267757 0.100000 0.687036 0.188578 0.227831 1.611367 1.428586 1.382272 0.159952 0.373467 0.100000 0.100000 0.220551 0.796892 0.323836 0.100000 0.684904 0.100000 0.100000 1.059701 0.100000 0.100000 0.294703 0.703755 
0.100000 0.395421 0.466420 0.388837 0.100000 0.100000 0.100000 0.516699 0.585791 0.293326 0.100000 0.108666 0.855963 0.800508 0.599274 0.634727 1.515236 0.100000 1.270556 0.586691 0.544622 1.305071 0.752382 1.232853 0.100000 0.734890 0.100000 0.751708 0.589763 0.725361 0.100000 0.609633 0.338516 1.354591 0.100000 0.498792 0.496950 0.100000 0.100000 0.104540 1.082404 0.100000 0.390186 1.565873 0.100000 0.922531 0.685480 0.100000 1.010487 0.530393 1.440718 0.100000 1.527732 0.153713 0.100000 0.943904 0.161716 1.056214 0.133418 1.414530 
0.523452 0.100000 0.710746 0.176704 0.940248 0.100000 0.585982 0.548761 0.677383 0.696059 0.100000 0.830221 0.420104 0.854725 1.362690 0.473621 0.117123 0.186715 1.026056 0.576775 0.100000 0.490702 0.717295 1.053326 0.177639 0.646651 0.475512 0.698311 0.160884 1.031859 1.489537 0.525298 0.100000 0.851689 0.100000 0.118503 0.470089 0.100000 0.965000 0.100000 0.744151 0.100000 0.100000 0.338659 0.100000 0.681705 0.100000 0.587885 0.269904 0.737187 1.732238 0.736494 0.141533 1.038464 0.272196 0.862117 0.100000 0.657119 0.755674 0.451267 
