51 Number of operations
22 Number of workers
Standard production times
0.395487 0.532490 0.222502 0.307822 0.261232 0.472611 0.856732 0.348992 0.510849 0.592732 0.929213 0.391227 0.206876 0.575733 0.100000 0.623915 0.189126 0.198222 0.386496 0.383715 0.967043 0.350765 0.541102 0.253267 0.159032 0.456081 0.295062 0.100000 0.627160 0.519564 0.619080 0.716055 0.419631 0.380416 0.100000 0.410165 0.555420 0.278717 0.305743 0.100000 0.571778 0.269913 0.412373 0.663896 0.543813 0.237312 0.591981 0.366152 0.400966 0.541476 0.611755 
Production times: workers row and ops columns
0.743886 0.445855 0.100000 0.100000 0.698339 0.313191 0.883444 0.100000 0.608476 0.655738 0.765926 0.995076 0.100000 1.177434 0.308580 0.570556 0.377182 0.258606 0.100000 0.723116 1.084971 0.834226 0.624016 0.991421 0.195373 0.683128 0.100000 0.100000 0.183783 0.631111 0.100000 0.428939 0.693970 0.663025 0.570844 0.475153 0.805396 0.425548 0.372421 0.717924 0.102520 0.100000 0.540634 0.598461 1.127999 0.177188 1.114743 0.386594 0.478718 1.284006 0.414157 
0.720803 0.541421 0.100000 0.100000 0.100000 0.751472 0.624117 0.327599 0.521359 0.100000 1.349103 0.489480 0.876807 0.495386 0.419463 0.500333 0.100000 0.179353 0.204875 0.409856 0.971675 0.100000 0.100000 0.231644 0.698864 0.883158 0.704801 0.683074 0.190341 0.382260 0.501742 1.108027 0.100000 0.747981 0.268755 0.924509 0.107042 0.100000 0.259852 0.177621 1.212046 0.770609 0.198877 1.384654 1.228452 0.100000 1.345179 0.199964 0.904384 0.100000 0.162498 
0.100000 1.204451 0.552746 0.865639 0.100000 1.123128 0.100000 1.186646 0.761080 0.403026 0.604801 0.201539 0.100000 0.308407 0.100000 1.358337 0.100000 0.652967 0.332520 0.146984 0.422740 0.504233 0.389068 0.112384 0.115747 0.189056 0.100000 0.712056 1.268605 1.206353 0.981665 0.314867 0.100000 0.289261 0.531816 0.100000 0.100000 0.100000 0.100000 0.100000 1.402764 0.100000 0.209691 1.141384 0.100000 0.100000 0.273167 0.298123 0.428121 0.100000 0.171241 
0.751628 1.119743 0.100000 0.100000 0.100000 0.489196 1.097715 0.101245 0.458354 1.057877 0.314548 0.100000 0.100000 0.968738 0.100000 0.329298 0.100000 0.100000 0.798703 0.238691 1.963719 0.100000 1.354058 0.100000 0.100000 0.555152 0.190449 0.100000 0.588750 0.305620 0.897319 0.575873 0.722933 0.665185 0.100000 0.241980 0.775461 0.100000 1.206006 0.113626 0.125750 0.686559 0.214908 0.297673 1.211217 0.260010 1.426493 0.100000 0.100000 0.830713 0.944875 
0.127878 0.776961 0.100000 0.838717 0.146970 0.778207 0.285940 0.634310 0.749782 1.107901 1.300508 0.850282 0.100000 0.541967 0.100000 0.763816 0.767964 0.986812 0.845953 0.427530 1.400693 0.100000 1.556128 0.132249 0.100000 0.420936 0.134105 0.100000 1.113588 1.027190 0.973278 0.100000 0.135087 0.100000 0.183211 0.834235 1.228184 0.100000 0.295089 0.100000 0.418490 1.135061 0.218150 0.928757 0.705725 0.100000 0.887135 0.970737 0.707670 0.787226 0.194937 
0.584874 0.272978 0.100000 1.479338 0.154748 0.316056 0.100000 1.160323 0.689519 0.560008 0.974298 0.185995 0.100000 0.605552 0.100000 0.786664 1.100467 0.100000 0.100000 0.472787 0.655978 0.294501 0.412218 0.100000 0.100000 1.152423 0.880029 0.100000 1.179581 0.685948 0.658265 0.465079 0.198654 0.536518 0.590483 0.625992 0.100000 0.100000 0.100000 0.100000 0.306724 0.100000 0.769750 0.304390 0.564101 0.100000 0.789212 0.388210 0.754570 1.371002 1.158435 
1.342132 0.321627 0.838375 0.147802 0.194898 0.687853 0.908534 0.184726 0.108701 0.466535 0.381287 0.100000 0.100000 0.937065 0.100000 0.364009 0.706873 0.100000 0.100000 0.293599 0.971933 0.108941 0.889340 0.100000 0.223318 0.430706 0.100000 1.118436 0.802662 0.100000 0.436418 0.870350 1.037273 0.100000 0.397979 0.298407 0.667789 0.568775 0.100000 0.761948 0.175039 0.716869 1.103107 0.100000 0.996893 0.100000 1.091361 0.857050 0.340870 0.326048 0.159256 
0.100000 0.655264 0.100000 0.437601 0.100000 0.100000 1.202434 0.594291 0.788942 0.434460 0.846740 0.100000 0.100000 0.552557 0.549035 0.493717 0.100000 0.338840 1.140602 0.174870 0.984306 0.146648 0.132331 0.100000 0.100000 1.270464 0.100000 0.519798 0.568311 0.100000 0.156273 0.100000 0.100000 0.100000 0.228456 0.564209 0.742939 0.257107 0.100000 0.100000 0.861148 0.100000 1.249987 0.531251 0.100000 0.100000 1.739942 0.155406 0.100000 1.128861 0.976880 
0.100000 0.100000 0.100000 0.491193 1.062722 0.983823 0.576227 0.100000 1.804942 0.749317 0.503055 0.272773 0.299757 0.819742 0.504032 0.640437 0.100000 0.366297 0.100000 0.776205 0.848718 0.100000 1.135519 0.206650 0.626844 0.155645 0.502410 0.656788 1.002186 0.339704 0.342004 0.896818 0.831071 0.230148 0.442247 0.510662 0.562950 0.932371 0.100000 0.114232 0.100000 0.100000 0.370358 0.171046 0.248886 0.100000 0.523270 1.275897 0.130478 0.147581 0.100000 
0.893473 1.087284 0.729856 0.100000 0.702210 0.870347 1.262644 0.373607 0.100000 0.345366 0.995947 1.302761 0.100000 0.164929 0.973670 0.494320 0.633479 0.212763 0.100000 1.464452 0.855182 0.217635 1.133773 0.100000 0.100000 1.025043 0.235189 0.582824 1.053832 1.585763 0.627172 0.774639 0.100000 0.150349 0.203966 0.123424 0.555544 0.100000 0.100000 0.201694 1.036774 0.539357 1.169623 1.228549 0.100000 0.258927 1.656007 0.223925 0.245614 0.424274 0.428764 
0.100000 0.717607 0.100000 0.438232 0.100000 0.509106 0.370889 0.614459 0.618415 0.830566 1.885752 0.100000 0.349852 0.666305 0.100000 0.960753 0.168960 0.100000 1.092768 0.797268 1.278921 0.100000 1.005964 0.100000 0.100000 0.798745 0.100000 0.100000 1.014995 1.264384 0.121461 0.747643 0.812736 0.100000 0.100000 0.128609 0.100000 0.100487 0.100000 0.100000 0.183267 1.285424 0.100000 0.943860 0.376584 0.100000 0.875604 0.340677 1.222735 0.645779 0.848700 
0.221216 0.755961 0.701781 0.100000 0.100000 1.198996 0.995785 1.151531 0.937514 0.487177 0.620770 0.100000 0.548262 0.236616 0.393533 1.197172 0.339693 0.100000 0.100000 0.100000 0.933268 0.100000 0.460329 0.100000 0.100000 1.424085 0.453384 0.680930 0.478314 0.202170 0.793146 1.089089 0.100000 0.100000 0.100000 0.100000 0.297643 0.100000 0.857040 0.100000 0.165707 0.100000 0.829111 0.101031 1.106134 0.100000 1.101388 0.598700 1.200082 1.297643 0.307331 
0.281514 1.260280 0.134276 0.765840 0.100000 0.924463 1.318783 0.100000 0.636613 0.412606 1.091343 0.100000 0.100000 0.100000 0.100000 0.613699 0.100000 0.100000 0.100000 0.393902 1.324203 0.100000 0.174667 0.100000 0.100000 0.440416 0.759093 0.504367 1.187664 0.100000 0.100000 1.141644 0.764384 0.230239 0.443310 0.672011 0.550729 0.441090 0.837496 0.100000 0.277464 0.100000 0.100000 0.773283 0.836146 0.100000 1.515936 0.307276 0.100000 0.255576 0.100000 
0.100000 0.960766 0.852259 0.100000 0.579589 0.728669 0.519950 0.100000 0.187272 0.811566 1.226037 1.037943 0.100000 0.772912 0.100000 0.205713 0.104275 0.100000 0.806397 0.659914 0.309833 0.100000 1.823791 0.100000 0.643625 1.085594 0.100000 0.100000 1.166156 0.464115 1.204516 1.429700 1.098723 0.100000 0.510403 0.295362 0.948451 0.340827 0.902005 0.634380 0.724324 0.496848 0.857644 0.649753 0.386792 0.100000 0.819005 0.303977 0.100000 0.100000 1.085765 
0.100000 0.244246 0.375603 0.100000 0.764508 0.100000 1.034303 0.100000 0.414424 0.272740 0.670679 0.364353 0.100000 0.100000 0.100000 0.725277 0.100000 0.480953 0.705798 0.743425 0.100000 0.230971 0.803647 0.100000 0.100000 0.132915 0.100000 0.344769 1.462558 1.025592 0.690981 1.541451 0.251298 0.244993 0.100000 0.100000 0.993774 0.535364 0.267713 0.100000 0.844443 0.369354 0.707223 0.803467 0.397879 0.901890 0.100000 0.537030 0.982118 1.076764 0.790463 
0.329619 0.959007 0.100000 0.100000 0.100000 0.538748 0.838405 0.455768 0.527601 0.100000 0.336963 0.317153 0.100000 0.871516 0.195380 1.197765 0.137405 0.492497 0.100000 0.714641 0.758176 0.646411 1.785443 0.550846 0.999055 0.393229 1.284411 0.100000 0.790097 0.483521 0.392437 0.916370 0.332518 0.379322 0.100000 0.302231 0.100000 0.100000 0.956734 0.100000 0.943568 0.100000 0.349933 0.220538 0.686769 0.503380 0.414692 0.713638 1.207156 0.482307 0.345901 
0.969659 0.100000 0.211166 0.885943 1.118990 0.321669 1.625746 0.628190 1.094481 0.344471 0.428748 0.100000 0.100000 0.477550 0.172168 0.641279 0.100000 0.100000 0.437735 0.490637 0.991466 0.975818 1.321234 1.262148 0.363813 0.613371 1.258472 0.100000 0.100000 0.100000 1.138720 0.641568 0.100000 0.546783 0.100000 1.019627 0.633759 0.140752 0.618445 0.492945 0.100000 0.583244 0.860943 0.616899 0.913299 0.126868 1.273192 0.932477 0.473275 0.673013 1.145152 
0.152298 0.860627 0.656953 0.100000 0.791429 0.379309 1.372029 0.100000 1.133395 0.711924 1.515201 0.659409 0.337359 0.360978 0.361523 0.894772 0.332890 0.741072 1.039559 0.464386 1.077397 0.100000 0.100000 0.404679 0.783862 0.988579 0.171146 0.100000 0.576316 1.092728 0.100000 1.142726 0.684237 0.947831 0.100000 0.100000 0.100000 0.100000 0.100000 0.387022 0.724062 0.446690 0.150817 0.939459 0.995344 0.284786 0.380077 0.802475 0.100000 0.162854 0.988448 
0.100000 1.122172 1.131356 0.746950 0.327423 0.586607 0.767636 0.627503 0.890090 0.576751 1.248128 0.772525 0.100000 1.191858 0.250663 1.198158 0.470316 0.100000 0.218969 0.103354 0.143515 0.507561 0.100000 0.100000 0.616964 0.552112 0.527185 0.100000 0.983937 0.199511 0.100000 1.188181 0.564420 0.100000 0.100000 0.100000 0.524413 0.101490 0.100000 0.987549 0.953373 0.323347 0.329506 0.798056 0.226298 0.986747 0.863448 0.838945 0.810310 0.205080 0.996750 
0.211396 0.650292 0.799441 0.496807 0.918238 0.372956 0.744044 0.100000 0.816328 0.282911 0.178433 0.981574 1.036977 0.181672 0.183342 0.100000 0.189138 0.305802 0.781792 0.487099 2.159197 0.207297 0.156368 0.595270 0.386665 0.254000 0.804176 0.450987 0.542326 0.930830 0.501256 0.304376 0.100000 0.100000 0.359464 0.100000 0.213329 0.609683 0.100000 0.100000 0.737186 0.100000 0.449376 0.702841 0.100000 0.403215 0.100000 1.147014 0.100000 0.637269 1.730700 
0.904379 0.808020 0.100000 0.100000 0.100000 1.256498 1.120456 0.101351 0.100000 0.797682 0.629534 0.611714 0.100000 0.100000 0.417133 1.220678 0.269564 0.693792 0.431574 0.100000 1.091342 0.623590 0.100000 0.100000 0.100000 0.835378 0.347766 0.100000 0.793960 0.290664 0.231812 1.650513 1.731707 0.287930 0.672264 0.798779 0.100000 0.250727 0.585435 0.502092 0.938411 0.661743 0.266105 0.255338 0.100000 0.120840 1.200614 0.381070 0.117379 1.008424 0.100000 
1.350281 0.605872 0.100000 0.457735 0.126305 0.414934 0.994702 0.279619 0.422416 0.585523 0.612269 0.622287 0.100000 0.898640 1.395578 0.469093 0.404156 0.100000 0.449411 0.922775 1.240478 0.100000 0.385962 0.100000 0.100000 1.043226 0.880830 0.403230 0.839252 0.100000 0.136778 0.570229 0.828368 0.729387 0.100000 0.241092 0.727598 0.370573 0.100000 0.100000 0.654318 1.052368 0.571124 1.151052 2.187872 0.100000 0.681721 1.062693 0.819942 0.949331 1.590311 
