50 Number of operations
22 Number of workers
Standard production times
0.436826 0.198809 0.331604 0.391055 0.455688 0.283821 0.369697 0.170513 0.277800 0.162097 0.574453 0.396892 0.633336 0.100000 0.551241 0.100000 0.330241 0.100000 0.539262 0.512992 0.495972 0.340811 0.315938 0.228077 0.318417 0.649516 0.100000 0.100000 0.538062 0.585624 0.717307 0.480261 0.146062 0.493841 0.660772 0.646257 0.445896 0.454722 0.266643 0.360484 0.497204 0.572092 0.100000 0.238532 0.100000 0.618461 0.282133 0.597837 0.392383 0.644536 
Production times: workers row and ops columns
0.344267 0.375770 0.867425 0.800456 0.100000 0.884882 0.578478 0.100000 0.908642 0.100000 1.070162 0.489611 0.351703 0.664118 0.712341 0.210816 0.100000 0.559563 0.599710 1.021679 0.237334 0.659387 0.100000 0.517488 0.455968 0.100000 0.100000 0.100000 0.814604 0.420376 2.106449 0.542861 0.704872 0.100000 0.224200 0.171697 0.661023 0.320444 0.150330 0.470734 0.235100 2.081439 0.394324 0.100000 0.100000 0.100000 0.100000 1.234456 0.921772 1.063836 
0.618879 0.364796 0.211815 0.130427 0.856752 0.342077 0.272603 0.100000 1.327531 0.432041 1.008422 0.155293 1.580643 0.100000 1.069582 0.851375 0.100000 0.554868 0.381760 0.222542 0.100000 0.737059 0.216976 0.537778 0.639820 1.088763 0.100000 0.365310 1.548193 0.187345 1.043424 0.793746 0.100000 0.100000 0.588170 0.176896 0.119964 1.252803 0.100000 0.100000 0.366064 1.304936 1.077727 0.100000 0.100000 0.240039 0.705117 0.444843 0.100000 0.152680 
0.244309 0.100000 1.327876 0.100000 0.100000 0.100000 0.628948 0.807503 0.100000 0.282372 0.529693 0.485499 0.539651 0.100000 0.531459 0.224256 0.694956 0.828736 0.823209 0.141205 1.122593 0.100000 0.591510 0.829934 0.658471 1.291531 0.100000 0.164391 0.441900 0.345333 0.276397 0.572909 0.858431 0.498393 0.291458 0.833228 1.049607 0.513603 0.733795 0.135485 1.030939 0.431821 0.100000 0.308825 0.508804 0.885378 0.100000 1.200351 0.534896 0.100000 
0.663341 0.420444 0.648540 0.526357 0.913345 0.625690 0.299780 0.100000 0.348542 0.273069 0.253152 0.100000 0.774137 0.329592 0.740303 0.100000 0.886831 0.161094 0.979263 0.615466 1.097638 0.425773 0.923398 0.505449 0.957903 1.499761 0.118979 0.178374 1.392239 0.875029 0.305376 0.100000 0.100000 0.633858 0.430550 1.560756 0.669067 0.412850 0.292008 0.309627 0.100000 1.447264 0.100000 0.100000 0.421423 0.100000 1.028701 1.147509 0.545389 0.978856 
1.268895 0.169037 0.336903 0.100000 1.586206 0.225524 0.100000 0.236931 0.100000 0.100000 0.748299 0.100000 1.785037 1.080864 0.219324 0.900284 0.109628 0.147890 0.938514 0.429785 0.189890 0.213746 0.420724 0.971193 0.100000 0.596002 0.100000 0.100000 0.100000 1.534198 1.133794 0.100000 0.514891 0.764594 0.385913 0.100000 0.399316 0.100000 0.986537 0.100000 0.664707 0.893109 0.284280 0.100000 0.612832 0.100000 0.100000 0.578798 1.437668 0.722680 
0.329268 0.100000 0.409805 0.100000 0.487634 0.569590 0.856286 0.568819 0.100000 0.100000 0.100000 0.440457 1.233953 1.170633 1.146908 0.627019 0.100000 0.508407 0.100000 0.453122 0.100000 0.100000 0.100000 0.100000 0.352186 0.924674 0.100000 0.100000 0.966295 1.679080 1.027436 0.481190 0.100000 0.761503 1.105103 1.555831 0.834557 0.210186 0.811093 0.284100 0.100000 0.540340 0.569476 0.100000 0.435211 0.299492 0.441327 0.144443 0.940477 1.323982 
0.291974 0.100000 0.241502 0.422819 0.377060 0.454060 0.100000 1.273650 0.569834 0.383029 0.273211 0.766070 0.651960 0.545474 1.415277 0.175738 0.489160 0.519561 0.690172 0.235622 0.100000 0.100000 0.172881 0.100000 0.700399 0.408473 0.100000 0.100000 0.918046 0.100000 1.299107 0.315243 0.748637 0.378410 1.151926 0.698952 0.100000 0.909761 0.387052 0.237077 0.260983 0.714607 1.005046 0.100000 0.100000 0.310904 0.493528 0.928938 0.228533 0.465035 
0.931521 0.808640 0.263315 0.100000 0.100000 1.135657 0.330469 1.040890 0.100000 0.399312 0.108296 0.100000 0.646620 0.142189 0.195282 0.100000 0.818511 0.237699 0.100000 0.350549 0.100000 0.173125 0.748867 0.100000 1.318301 0.616324 0.919539 0.100000 0.535247 0.462817 0.691817 0.819800 0.100000 0.100000 0.861071 0.220598 0.100000 0.226827 0.104088 1.010337 0.544374 0.542776 0.213348 0.111240 0.385634 1.253495 0.100000 0.141667 0.442331 0.811823 
0.481497 0.627784 0.100000 0.187267 0.787389 0.252344 1.580609 0.428568 0.825538 0.495672 0.413434 1.118887 0.100000 0.799229 0.100000 0.255301 0.776268 0.276249 0.593266 0.741051 0.100000 0.758710 0.768260 0.216985 0.100000 0.100000 0.557092 0.100000 1.070040 1.180632 0.470052 0.580241 0.530638 0.780520 0.100000 0.661265 0.320849 0.371828 0.750215 0.406397 0.501155 0.100000 0.356269 0.308173 0.797305 1.420877 0.107051 0.100000 0.100000 0.100000 
0.100000 0.292198 0.807429 0.725513 0.100000 0.100000 0.100000 0.197486 0.390094 0.100000 0.834265 0.100000 0.857588 0.147909 0.944208 0.450464 0.380342 0.100000 0.100000 0.100000 0.952396 0.528624 0.484113 0.100000 0.100000 0.116987 0.366181 0.344630 1.159080 0.100000 0.100000 0.507188 0.424457 0.516720 0.100000 1.083949 0.356814 0.467767 0.100000 0.100000 0.100000 0.197502 0.100000 0.493701 0.139452 0.651412 0.275027 0.596705 0.663705 0.541816 
0.538950 0.788419 0.776825 0.587721 0.100000 0.100000 0.935046 1.083085 0.203754 0.100000 0.559147 0.100000 0.100000 0.430052 1.515355 0.100000 0.107384 0.100000 1.617382 0.312448 0.100000 0.866663 0.100000 0.108467 0.157310 0.426104 0.100000 0.489592 0.692985 0.100000 0.815187 1.960477 0.100000 0.444588 0.681785 0.100000 0.100000 0.613150 0.100000 0.674530 1.507280 1.371483 0.226922 0.464845 0.620925 0.694028 0.100000 0.555077 0.997418 0.639760 
0.187855 1.057561 0.100000 0.803131 0.814064 0.553817 0.100000 0.448116 0.989524 0.505426 0.100000 0.869942 1.332445 0.145770 0.894218 0.100000 0.100000 0.299731 0.879454 0.220831 0.207721 0.547483 0.100000 0.774777 0.612285 0.259164 0.100000 0.606146 0.100000 0.349653 0.606345 0.987573 0.100000 0.294964 0.990590 1.541512 0.702570 0.100000 0.151674 0.788170 0.545512 0.711841 0.426634 0.100000 0.100000 0.273202 0.100000 0.100000 0.358473 1.016970 
0.698557 0.100000 0.555868 1.069434 1.397692 0.100000 0.303101 0.262111 0.549318 0.834569 1.128443 0.481892 0.656606 0.100000 0.100000 0.271713 0.103331 0.723766 0.754710 0.317109 0.100000 1.187645 0.100000 0.100000 0.707909 1.080062 0.100000 0.100000 0.737832 0.685634 0.126448 0.100000 0.136305 1.507540 1.011834 0.769638 0.100000 0.563825 0.100000 1.125267 0.100000 0.858751 0.100000 0.135100 0.397622 0.651496 0.100000 0.148959 0.133063 0.100000 
1.476040 0.788121 0.100000 1.021222 0.100000 1.266442 0.100000 0.741935 0.100000 0.542320 0.100000 1.150402 1.540117 0.739077 0.108328 0.444353 0.482059 0.100000 0.757810 0.641712 0.100000 0.725948 0.100000 0.510196 0.712608 1.013361 0.100000 1.013984 0.364646 1.472575 0.100000 0.832591 0.100000 1.504880 0.474806 0.615296 0.100000 0.169023 0.259459 0.360761 0.342978 0.100000 0.172477 0.425294 0.392109 1.348956 0.668207 0.813361 0.100000 1.835704 
0.357926 0.100000 0.371561 0.100000 0.576503 0.100000 0.656942 0.100000 1.644892 0.100000 0.924927 0.440949 0.995980 0.100000 0.100000 0.100000 0.100000 0.100000 0.637082 0.100000 0.344557 0.771847 0.100000 0.100000 0.100000 1.033338 0.100000 0.415833 0.100000 0.825167 0.921551 0.125835 0.291090 0.124634 0.972431 0.304529 0.563544 0.463362 0.100000 0.100000 0.100000 0.573457 0.220978 0.100000 0.402229 0.512219 0.319730 0.100000 0.675327 1.026824 
1.114470 0.100000 0.100000 1.036542 0.427748 0.100000 0.100000 0.281047 0.505936 0.633941 0.100000 0.398764 0.186780 0.100000 0.579060 0.486714 0.100000 0.375695 0.185737 0.955386 0.293828 0.100000 0.546446 0.100000 0.619907 1.090841 0.100000 0.100000 0.160593 0.649793 1.083483 1.137601 0.100000 0.383844 0.790576 0.100000 0.227833 0.100000 0.335507 0.100000 0.669899 1.443362 0.526476 0.594093 0.745017 1.383058 0.576994 0.883981 0.877944 0.435588 
0.938250 0.214955 0.100000 0.100000 0.134354 0.426344 0.486915 0.546837 0.100000 0.687050 1.127640 0.724611 0.572382 0.100000 0.295103 0.100000 0.426297 0.875845 0.100000 0.751378 1.316639 0.639971 0.472969 0.157231 0.854863 0.834765 0.245844 0.609124 0.100000 0.943277 0.546189 0.200454 0.216929 0.511149 0.160414 1.182822 0.100000 1.238691 0.100000 0.100000 1.129670 0.403864 0.100000 0.807222 0.245119 1.111230 0.242807 1.292917 0.100000 0.704213 
0.229481 1.046462 1.041762 0.708919 0.100000 0.485838 0.706873 0.447548 0.100000 0.100000 0.100000 1.212236 1.067616 0.100000 0.923626 0.100000 0.100000 0.100000 0.908749 0.659151 1.480321 0.703879 0.100000 0.506845 0.582932 1.467928 0.238330 0.284324 0.835815 1.203441 1.166228 0.870516 0.100000 0.372982 0.298960 1.087733 0.592168 0.638297 0.100000 0.525812 0.100000 0.502880 0.119990 0.345575 0.100000 0.100000 0.243146 0.925126 0.100000 0.802976 
0.100000 0.100000 0.593588 0.873793 0.100000 0.100000 0.525851 0.126877 0.164338 0.702226 1.356559 0.467679 0.609719 0.566635 0.286132 0.323854 0.607222 0.100000 0.724174 0.367842 0.184081 0.100000 0.574087 0.100000 0.799416 0.867593 0.100000 0.225493 0.341038 1.203664 0.773798 0.404994 0.243426 0.499541 0.325659 0.818736 0.172061 0.275973 0.728939 0.100000 1.107923 0.495969 0.100000 0.172844 1.529717 0.730837 0.660778 0.960442 0.140852 0.974561 
1.236217 0.100000 0.100000 0.356874 0.655794 0.250023 0.375036 0.105708 0.771560 0.861379 0.742117 0.100000 1.051775 0.100000 0.482137 0.100000 0.316961 0.100000 0.100000 0.795989 0.720717 0.100000 0.100000 0.100000 0.233101 1.314415 0.618358 0.100000 0.971325 0.100000 0.535358 0.325405 0.582391 0.100000 1.649213 0.338946 1.009233 0.201422 0.539033 1.266523 0.673312 0.793394 0.506890 0.590416 0.100000 1.361014 0.601211 0.737672 1.381997 0.131413 
0.153201 0.100000 0.350729 0.843751 0.110376 0.604060 0.476569 0.466093 0.100000 0.444461 0.902103 0.100000 1.003131 0.765537 0.966452 0.417781 0.100000 0.412976 0.771543 0.101931 0.323784 1.209409 1.369217 0.701387 0.100000 0.840127 0.816859 0.255561 0.618662 0.999908 0.935992 0.297830 0.162082 0.220669 1.744100 1.264300 0.100000 0.100000 0.565029 0.546207 0.607889 1.841901 0.100000 0.826463 0.832640 0.311441 1.132238 0.199404 1.090113 0.594078 
1.033894 0.100000 0.100000 0.100000 0.939125 0.895226 0.219049 0.100000 0.542688 0.100000 1.281252 0.100000 0.383723 0.100000 1.174398 0.100000 0.205861 0.599453 1.012520 0.100000 1.302463 0.246403 0.100000 0.100000 0.921349 0.100000 0.614758 0.107314 0.627172 0.225018 0.473141 1.003232 0.100000 0.100000 0.572204 1.801682 0.106829 0.416649 0.100000 0.551233 0.100000 0.100000 0.739871 0.506064 0.852992 0.275227 0.793379 0.536800 0.100000 1.210801 
