53 Number of operations
21 Number of workers
Standard production times
0.436826 0.198809 0.331604 0.391055 0.455688 0.283821 0.369697 0.170513 0.277800 0.162097 0.574453 0.396892 0.633336 0.100000 0.551241 0.100000 0.330241 0.100000 0.539262 0.512992 0.495972 0.340811 0.315938 0.228077 0.318417 0.649516 0.100000 0.100000 0.538062 0.585624 0.717307 0.480261 0.146062 0.493841 0.660772 0.646257 0.445896 0.454722 0.266643 0.360484 0.497204 0.572092 0.100000 0.238532 0.100000 0.618461 0.282133 0.597837 0.392383 0.644536 0.657231 0.431644 0.169275 
Production times: workers row and ops columns
0.219068 0.100000 0.100000 0.504738 0.515681 0.433165 1.280347 0.350813 0.415933 0.100000 0.825086 0.772524 1.246993 0.100000 0.952351 0.712332 0.444887 0.455068 0.948305 0.100000 0.224670 0.100000 0.758621 0.578682 0.100000 0.695861 0.493943 0.100000 0.499623 1.327349 0.100000 0.363034 0.289696 0.895911 0.530522 0.105273 0.868542 1.099944 0.100000 0.277715 0.683102 0.634087 0.100000 0.183027 0.124997 0.900379 0.114219 0.769565 0.828923 0.100000 0.508210 0.801665 0.675421 
0.100000 0.441030 0.100000 0.637694 0.826398 0.956725 0.100000 0.100000 0.100000 0.660386 0.468224 0.100000 0.363238 0.431702 0.288773 0.100000 0.254710 0.112227 0.550225 0.468900 0.432660 0.483252 0.451614 0.100000 0.100000 1.320852 0.100000 0.862083 0.634331 0.201892 1.331224 0.534312 0.266969 0.576690 0.100000 1.293159 0.451306 0.435006 0.100000 0.100000 0.450637 0.608791 0.100000 0.188552 0.100000 1.529827 0.912172 1.298941 0.100000 0.400051 0.283949 0.206622 0.363038 
0.100000 0.100000 0.306121 0.390009 0.435836 0.100000 0.613045 0.100000 0.457528 0.840888 0.135746 1.180487 0.594003 0.100000 1.194809 0.100000 0.149014 0.100000 0.245523 0.905330 0.830019 0.272097 0.100000 0.100000 0.609575 1.526552 0.100000 0.157489 0.949639 0.100000 0.641187 0.317696 1.009023 0.427374 0.375903 1.747769 0.325953 0.585501 0.462850 0.769576 1.461486 0.268111 0.847460 0.132737 0.110698 0.111515 0.100000 0.194416 0.256415 1.000128 0.710939 0.320891 0.950786 
0.152611 0.242142 0.100000 0.100000 0.128639 0.428913 0.714154 0.285713 0.361879 0.293051 0.496530 0.406401 1.199960 0.100000 0.637352 0.100000 0.593447 0.100000 0.587625 0.600815 0.151952 1.364038 0.264447 0.339305 0.100000 1.576520 0.573679 1.213037 1.375826 0.515304 1.257371 1.436986 0.321289 0.423732 0.237995 0.689324 0.100000 1.081297 0.402433 0.854328 0.480440 1.301798 0.100000 1.292433 0.549028 0.714316 0.231838 0.327023 0.598436 0.719295 0.662876 0.381307 0.100000 
0.669308 0.979873 0.516642 1.234499 0.367424 0.536323 0.100000 0.220532 0.100000 0.870285 0.476979 0.276553 0.801345 0.964029 0.100000 1.165805 0.100000 0.260203 0.468867 0.903208 0.100000 0.589966 0.100000 0.100000 0.174263 0.617760 0.100000 0.343135 1.350241 1.287230 0.177709 0.993500 0.646992 0.100000 0.126884 0.474546 0.274788 0.773050 0.383689 0.331572 1.354722 0.320557 0.500867 0.153599 0.100000 1.520210 0.168320 0.250823 0.100000 0.604795 0.100000 0.518413 1.827410 
0.101090 0.781715 0.743448 0.124253 1.264258 0.813783 0.307199 0.840899 0.100000 0.100000 0.808275 1.149347 1.132707 0.100000 0.729833 0.100000 0.286163 0.100000 0.316174 0.656532 0.548008 0.100000 0.963661 0.100000 0.323320 0.925271 0.100000 0.628892 0.695514 0.532860 0.891300 0.100000 1.206864 0.100000 0.724423 0.675715 0.559641 0.671267 0.100000 0.210625 0.515116 0.326282 0.909353 0.939806 0.100000 0.722389 0.138979 0.209128 0.391303 0.447689 1.244443 0.318586 0.293449 
0.749574 0.491128 0.266478 0.100000 0.429942 1.027670 0.210308 0.655543 0.100000 0.440998 0.709356 0.532947 0.100000 0.444221 1.085373 0.100000 0.345580 0.100000 0.100000 0.100000 0.960526 0.100000 0.100000 0.100000 0.897691 0.524220 0.100000 0.564317 1.059019 0.474372 1.992105 1.226659 0.100000 0.606861 1.056216 0.676259 0.100000 0.765161 0.515983 0.501397 0.214495 0.646084 0.432481 0.386668 0.150168 0.100000 0.100000 0.872503 0.893315 0.226000 1.182982 0.819416 0.725984 
0.738919 0.288210 0.100000 0.387414 0.246636 0.234734 0.977980 0.100000 0.100000 0.545991 0.475694 0.139654 0.100000 0.579471 1.062340 0.100000 1.342702 0.688532 0.304778 0.502764 0.404346 0.753414 0.100000 0.100000 1.337003 0.716709 0.100000 0.645858 1.259056 0.876761 0.532705 0.795995 0.100000 0.100000 0.613548 0.867145 1.097413 0.569468 0.409189 0.100000 0.359793 0.242676 0.221918 0.100000 0.100000 1.452762 0.100000 0.698209 0.100000 0.509811 0.318556 0.765106 0.100000 
0.457145 0.114893 0.354184 1.353410 0.100000 0.100000 0.497677 0.265836 0.100000 0.813389 0.562122 0.747405 0.928053 0.100000 0.924291 0.100000 0.100000 0.604926 1.432640 0.345374 0.658214 1.366419 0.100000 0.100000 0.111712 1.585537 0.583582 0.672212 0.161784 0.450142 0.169447 1.166094 0.100000 0.583009 0.541274 0.100000 0.100000 0.625666 0.533473 0.568902 1.078360 0.974003 0.100000 0.121539 0.100000 0.435352 1.020485 0.361705 0.753387 0.422459 0.100000 0.346549 0.100000 
1.430289 0.298438 0.100000 0.596322 0.356550 0.103094 0.100000 0.100000 0.293179 0.728618 0.835170 0.375483 0.646868 0.100000 1.116570 0.200237 0.899420 0.184319 0.394544 0.100000 1.571712 0.100000 1.333909 0.100000 0.100000 0.609653 0.540588 0.100000 1.046136 0.100000 0.300163 0.744046 0.100000 0.254329 0.564759 0.100000 0.999606 0.100000 0.100000 0.431840 0.288786 0.926756 0.100000 0.241754 0.100000 0.100000 0.100000 0.629987 0.587800 1.267444 0.100000 0.174635 0.100000 
0.773489 1.102756 0.705234 0.894654 0.100000 0.601784 0.560326 0.873703 0.161016 0.100000 0.687120 0.425349 0.100000 0.448892 0.101942 0.427154 0.100000 0.998001 0.548028 0.262200 0.935903 0.348832 0.100000 0.771869 0.100000 1.021182 0.648831 0.934003 0.100000 0.770861 0.879655 1.386965 0.100000 0.620954 0.712382 1.038917 0.841924 0.100000 1.279948 0.815947 1.371215 0.600015 0.543787 0.434618 0.708854 1.342060 0.100000 0.781710 0.418518 1.229096 1.197571 1.078864 0.218473 
0.329487 0.721758 0.100000 0.166348 0.100000 0.878339 0.100000 0.100000 0.100000 0.221974 0.689679 0.427225 0.695554 0.100000 1.092142 0.100000 0.241269 0.128727 0.100000 0.980906 0.618519 0.100000 0.826721 0.278092 0.920585 1.333228 0.417380 0.599845 0.100000 1.003449 0.100000 0.878404 0.100000 0.659052 0.605988 0.918791 0.100000 1.841374 0.829191 0.742183 0.276949 0.612926 0.901388 0.657586 0.102979 0.179782 0.347899 0.728011 0.201076 1.957977 1.259201 0.241986 0.142622 
0.198477 0.808949 0.100000 0.100000 0.383961 0.100000 0.362494 0.361173 0.165563 0.461764 1.221714 0.387704 0.100000 0.627642 1.642383 0.100000 0.100000 0.100000 0.907538 0.100000 0.204803 0.100000 0.310679 0.356149 0.172088 0.100000 0.200922 0.585163 0.606620 0.641723 0.100000 0.505190 0.100000 0.879321 0.771798 0.935152 0.488596 0.461211 1.162302 0.970649 0.100000 0.311219 0.196009 0.685965 0.100000 0.100000 0.100000 0.374933 0.100000 1.126813 1.095999 0.198792 0.774278 
0.279808 0.466007 0.805800 0.467770 0.233929 0.100000 0.107794 1.214726 0.397602 0.100000 0.100000 0.121161 0.398057 0.235231 0.586210 0.239673 0.100000 0.834845 0.835086 0.100000 0.100000 0.742028 0.100000 0.398345 0.508315 0.250615 0.100000 0.604864 0.100000 0.973947 0.294069 0.562480 0.868159 0.219985 0.285415 1.459349 0.678304 0.736841 0.100000 0.483433 0.713532 0.135715 0.100000 0.124200 0.514583 0.751397 0.100000 0.100000 0.344097 0.623851 1.083715 0.654897 0.100000 
1.406892 0.121615 0.162255 0.114965 0.610298 0.344972 0.131111 0.100000 0.508207 0.100000 0.392518 0.346283 0.444502 0.100000 0.100000 0.100000 1.290826 0.504857 0.354844 1.042462 0.414429 0.641111 0.100000 0.100000 0.708265 1.083417 0.100000 0.100000 0.448576 0.433859 0.606345 0.198904 0.406800 0.100000 0.621590 1.486237 0.100000 0.334379 0.764299 0.565044 1.126341 0.100000 0.348312 0.166287 0.533462 0.736965 0.100000 0.702631 0.795875 0.100000 0.778642 0.753556 0.844772 
0.100000 0.333361 0.369400 0.558357 0.405660 0.887300 0.939933 0.100000 0.100000 0.682431 0.182473 0.100000 0.472571 0.100000 0.375215 0.100000 0.578242 0.445121 0.100000 0.985548 0.186118 0.746158 1.162538 0.100000 0.100000 1.532365 0.100000 0.635452 1.049786 0.100000 0.959245 0.573316 0.100000 0.941827 0.218611 1.030702 0.915037 0.867446 0.402131 0.100000 0.707369 0.395618 0.100000 0.912728 0.399356 0.125798 0.429910 1.122489 0.833665 1.028285 0.100000 0.516895 0.100000 
0.680474 0.783453 0.696708 0.280669 0.773137 0.377768 1.450440 0.100000 0.100000 0.237090 1.175827 0.864239 0.708941 0.918597 1.247175 0.100000 0.538357 0.749980 0.961822 0.737054 1.018528 0.125324 0.746223 0.204497 0.711396 1.394347 0.104660 0.303164 0.610078 0.100000 0.879979 0.436510 0.363807 0.100000 0.146071 0.727556 0.794183 1.312740 0.561654 0.318069 0.636565 0.155638 0.100000 0.100000 0.821952 0.106183 1.145738 0.519815 0.100000 0.100000 1.491193 0.792367 0.100000 
0.533340 0.227525 0.100000 0.280262 0.192737 0.427981 1.073656 0.566428 0.354294 0.855534 1.097413 0.100000 0.100000 0.100000 1.379688 0.100000 0.100000 0.100000 0.100000 0.472595 0.100000 0.282021 0.586540 0.100000 0.899087 0.512681 0.100000 0.100000 1.272734 0.761944 0.100000 0.100000 0.100000 0.100000 0.322938 0.100000 0.510311 0.100000 0.689614 0.194932 0.241914 0.369325 0.100000 0.100000 0.594960 0.924306 0.487151 0.100000 1.783302 0.100000 0.100000 0.100000 0.100000 
0.454303 0.571564 0.102897 1.336380 0.113139 0.630943 0.279979 0.100000 0.100000 0.174707 1.057708 0.100000 0.740059 0.100000 0.730324 0.100000 0.517285 0.100000 1.028484 0.986021 0.705168 0.865456 0.808592 0.370720 0.100000 0.265701 0.576387 1.135971 1.072261 0.652196 0.834412 0.100000 0.836506 0.100000 0.468275 0.613366 0.453891 1.192274 0.100000 0.100000 0.659149 1.046449 0.100000 0.100000 0.551621 0.582193 1.047219 0.115646 0.837093 0.100000 0.605205 0.100000 1.303486 
0.100000 0.100000 0.100000 1.136549 0.632079 0.507798 0.312997 0.100000 0.100000 0.380642 0.521767 0.836267 0.100000 0.284676 0.562527 0.659219 0.100000 0.423715 0.100000 0.100000 0.215027 0.133066 0.110534 0.182896 0.753540 1.135458 0.100000 1.099887 0.751187 0.150007 0.407043 0.277775 0.100000 1.371855 0.100000 0.100000 0.100000 0.233280 0.100000 0.100000 0.575854 0.701236 0.179387 0.100000 0.422854 0.911487 0.100000 0.357914 0.979783 0.772026 0.284866 0.897414 0.100000 
0.466227 0.100000 0.366997 0.585366 0.811374 0.465029 0.915046 0.100000 0.100000 0.100000 0.564818 0.578642 0.100000 0.297891 0.304104 0.280957 0.718600 0.100000 0.344123 0.229190 0.532501 0.860837 0.100000 0.100000 0.100000 0.391504 0.107612 0.100000 0.647373 0.392159 0.580855 0.905545 0.100000 0.100000 0.494317 1.464352 0.661615 0.301392 0.100000 0.375084 1.232311 0.100000 0.100000 0.100000 0.100000 0.100000 0.344575 0.594781 0.430553 1.053899 1.230522 0.668588 0.376562 
