61 Number of operations
22 Number of workers
Standard production times
0.436826 0.198809 0.331604 0.391055 0.455688 0.283821 0.369697 0.170513 0.277800 0.162097 0.574453 0.396892 0.633336 0.100000 0.551241 0.100000 0.330241 0.100000 0.539262 0.512992 0.495972 0.340811 0.315938 0.228077 0.318417 0.649516 0.100000 0.100000 0.538062 0.585624 0.717307 0.480261 0.146062 0.493841 0.660772 0.646257 0.445896 0.454722 0.266643 0.360484 0.497204 0.572092 0.100000 0.238532 0.100000 0.618461 0.282133 0.597837 0.392383 0.644536 0.657231 0.431644 0.169275 0.413947 0.588501 0.278597 0.308175 0.396599 0.569202 0.402256 0.238324 
Production times: workers row and ops columns
0.932535 0.291529 0.100000 0.955173 0.616788 0.394637 0.100000 0.630076 0.338248 0.670783 0.315814 0.715467 0.294344 0.389411 0.688792 0.100000 0.100000 0.100000 0.815804 0.347744 1.885114 0.403411 0.874748 0.100000 0.100000 0.174956 0.315127 0.100000 0.421749 0.695875 0.455203 1.989608 0.440386 0.238293 0.608477 0.100000 0.100000 1.091341 0.796032 0.779784 0.679258 0.738079 0.100000 0.100000 0.501064 0.676717 0.185039 0.179834 1.442113 0.914481 1.091200 0.190045 1.116582 0.398440 1.106841 1.029972 0.100000 0.851467 0.411700 0.111805 0.100000 
0.833073 0.100000 0.641304 0.712458 0.894935 0.100000 0.635007 1.180644 0.100000 0.488213 0.887938 0.100000 0.100000 0.100000 0.100000 0.100000 1.128323 0.100000 0.100000 0.381852 1.228816 1.318538 0.100000 0.100000 0.100000 1.072500 0.100000 0.100000 0.100000 0.393108 0.100000 1.476534 0.100000 0.100000 0.159662 0.905508 1.082886 0.100000 0.386918 0.315724 0.585812 0.478406 0.100000 0.218750 0.224256 0.983176 1.010869 0.881783 0.100000 1.271157 0.352666 0.707216 0.771132 0.754001 1.230516 0.100000 0.372566 0.300436 0.328911 0.100000 0.330972 
1.149194 0.203361 0.100000 0.578026 1.059399 0.342703 0.836849 0.100000 0.811534 0.100000 0.480929 0.467185 1.042141 0.366917 0.100000 0.702514 0.472754 0.100000 0.765778 0.734627 0.812908 0.476113 0.773595 0.569946 0.248501 0.229474 0.170742 0.210973 0.216761 0.233004 0.858108 0.709853 0.335124 0.461288 1.217361 0.707351 0.885897 0.557195 0.868309 0.445446 1.104664 0.849464 0.739486 1.088777 0.118979 0.696835 1.136310 0.887241 0.100000 0.100000 0.100000 0.571661 0.100000 1.328446 0.811671 0.236725 0.333541 0.345742 0.100000 1.277428 0.100000 
0.100000 0.520232 0.100000 1.137623 1.005361 0.436828 0.704017 1.002583 0.248028 0.167395 0.148320 1.527410 0.575040 0.100000 0.617659 0.100000 0.100000 0.273846 0.100000 1.664693 1.476836 0.100000 1.116222 0.100000 0.366308 1.048767 0.100000 0.100000 0.410998 0.690410 1.460423 0.100000 0.100000 0.232402 0.221949 0.124303 1.394470 0.871208 0.100000 0.729313 0.767957 0.297233 0.100000 0.191951 0.100000 1.338355 0.100000 0.765339 0.713400 0.828817 0.328390 0.944476 0.100000 0.113954 0.569462 1.323882 0.386319 0.289042 0.388152 0.480457 0.100000 
0.468772 0.484578 0.818193 0.789361 0.204779 0.175929 0.100000 0.214079 0.878417 1.232729 1.170121 0.923911 0.241273 0.508407 0.100000 0.100000 0.100000 0.100000 0.100000 0.100000 0.529741 0.615970 0.100000 0.100000 0.746650 1.742971 0.410128 0.100929 0.126794 0.853287 1.161638 1.389835 0.534723 0.249305 1.205222 0.569873 0.100000 0.422970 0.736119 0.100000 0.832415 0.253123 0.259193 0.100000 0.648094 1.297907 0.137281 0.288116 0.302280 0.676300 0.578603 0.601883 0.100000 1.517083 0.880534 0.499529 0.100000 0.765777 0.587826 0.847731 1.102360 
0.512564 0.357728 0.751165 0.541965 0.178318 0.100000 0.100000 0.100000 0.100000 0.544078 0.333411 0.100000 0.604826 0.479983 0.100000 0.681799 0.165223 0.702575 0.423831 1.004146 0.548667 0.100000 0.770977 0.348486 0.195010 0.413294 0.242515 1.005046 0.164852 0.100000 0.409750 0.691656 0.477163 0.329991 0.481270 1.140952 1.055728 0.386432 0.100000 0.100000 1.349040 0.532863 0.970377 0.100000 0.337216 0.152304 0.100000 0.611121 0.434572 0.288577 0.275133 0.919914 0.306974 0.100000 0.426057 0.100000 0.140489 0.829528 0.100000 1.402140 0.205132 
1.256365 0.100000 0.328788 0.268248 0.430198 0.623360 0.173134 0.100000 0.478100 0.100000 0.100000 0.168997 0.470781 0.749853 0.598411 0.100000 0.443589 0.100000 0.824896 1.148026 0.100000 0.100000 0.365886 0.395364 0.363089 1.078490 0.100000 0.100000 0.869764 0.554148 1.928219 0.738316 0.693800 0.827417 0.499752 1.368252 0.100000 1.153950 0.100000 0.515786 0.943231 0.748341 0.154003 0.466591 0.100000 1.036360 0.734455 0.586745 0.100000 0.100000 1.114324 0.183104 0.701253 1.008955 0.341245 0.378577 0.692751 0.683278 0.100000 0.417264 0.113277 
0.353932 0.682380 0.377517 0.395006 0.100000 0.540090 0.439339 0.867818 1.080216 0.100000 0.100000 0.100000 0.100000 0.100000 0.644630 0.575825 0.664699 0.100000 0.178870 0.146608 0.522946 0.453105 0.100000 0.487889 0.100000 0.873767 0.147909 0.492967 0.888526 0.635725 0.273589 0.100000 0.100000 0.950265 0.848585 0.814432 0.131467 0.108581 0.100000 0.626665 0.741834 1.193110 0.100000 0.100000 0.126927 0.896856 0.305012 0.100000 0.830075 0.555454 0.670277 0.219728 0.100000 0.100000 0.213911 0.164828 0.563344 0.436052 0.602154 0.395150 0.237192 
0.708148 0.100000 0.433729 0.980665 0.900910 0.480487 0.100000 0.100000 0.843149 1.074668 0.500408 0.100000 0.618030 0.100000 0.100000 0.430052 1.294355 0.100000 0.316406 0.100000 1.574092 0.140267 0.100000 0.753929 0.100000 0.529906 0.100000 0.100000 0.100000 0.975216 0.872230 0.100000 0.243942 1.974057 0.100000 0.597003 0.466910 0.100000 0.100000 0.518913 0.180761 0.886137 1.110076 1.037923 0.226922 0.844774 0.803059 0.673404 0.100000 0.601776 1.262267 0.426868 0.100000 1.272699 0.140812 0.690673 0.666551 0.666595 0.242726 0.679859 0.950048 
0.780155 0.100000 0.804655 1.090164 0.501458 0.626799 0.100000 0.100000 0.477531 0.502288 0.282292 0.108641 0.840008 0.100000 1.097940 0.393868 0.100000 0.100000 1.045409 0.100000 0.260000 0.229849 0.823250 0.100000 0.119540 0.979334 0.995255 0.356674 0.100000 0.470656 1.144993 0.528569 0.285811 0.820475 0.304404 0.100000 0.100638 0.100000 0.100000 0.326575 0.869638 0.833823 0.100000 0.462796 0.778379 1.560464 0.100000 0.531240 0.483980 0.916055 1.329704 0.985634 0.254276 0.437216 0.511109 0.100000 0.479889 0.169689 1.192969 0.617704 0.100000 
0.100000 1.045643 0.100000 0.100000 0.845180 0.714368 0.297199 0.157104 0.477569 0.262106 0.100000 0.100000 0.623579 1.113699 0.902303 0.223382 0.100000 0.209103 0.118636 1.277775 0.100000 0.627471 0.100000 0.124646 0.616040 0.682551 0.100000 0.100000 0.278743 0.100000 1.756522 1.069573 0.100000 1.124008 0.210778 1.628878 0.100000 1.026144 0.100000 0.740708 0.100000 1.325602 1.006780 0.877609 0.100000 0.962814 0.433951 0.471151 0.610930 0.773256 0.116089 0.816781 0.100000 0.696066 0.982692 0.642442 0.100000 1.310583 0.395786 1.289207 0.100000 
0.789155 0.100000 1.342642 0.205089 0.424728 0.100000 0.100000 0.163329 0.278076 0.100000 0.100000 0.469368 0.820098 0.392109 1.281736 0.486074 0.545765 0.100000 1.730430 0.434093 0.182759 0.380768 0.100000 0.348892 0.100000 0.936761 0.100000 1.467092 0.263890 0.936099 0.761365 0.842904 0.100000 0.100000 0.426306 0.196356 0.224340 0.552541 0.100000 0.209068 0.928240 0.276662 0.100000 0.100000 0.483823 0.161955 0.597966 0.100000 0.631926 0.848781 0.302805 0.576672 0.100000 0.725607 0.246773 0.396245 0.316816 0.100000 0.100000 0.100000 0.239689 
0.557804 0.100000 0.633833 0.284814 0.493285 0.100000 0.652641 0.552800 0.955444 0.100000 0.123376 1.042379 0.605396 0.100000 0.100000 0.210534 0.558377 0.571845 0.100000 0.514865 0.100000 0.100000 0.343757 0.614792 0.100000 0.925211 0.100000 0.542394 0.335918 0.214089 0.947815 0.100000 0.447552 0.935167 0.309916 0.628203 0.100000 0.518890 0.632819 1.017824 0.317732 0.462094 0.229804 0.100000 0.100000 0.223932 0.350997 0.114373 0.565077 1.515807 1.083708 0.787206 0.814293 1.178544 0.883362 0.564741 0.793737 0.187650 1.070626 0.418402 0.100000 
0.100000 0.100000 0.474126 0.508273 0.832012 0.100000 0.894650 0.723700 0.605519 0.101142 0.100000 0.140754 0.364243 0.196056 1.327086 0.100000 0.568627 0.920667 0.838422 0.670023 0.425126 0.877257 0.501187 0.373921 0.827542 0.100000 0.457652 0.100000 0.258255 0.656491 0.734615 0.100000 0.682627 0.100000 1.444741 0.161496 0.100000 1.087187 0.100000 0.100000 1.065894 0.717211 0.592769 0.199206 0.795081 0.314772 0.341810 0.390492 1.240036 1.354694 0.975095 0.100000 0.371293 0.751123 0.865535 0.100000 0.178932 0.100000 1.384546 0.836536 0.100000 
0.809211 0.100000 0.100000 0.388921 0.825175 0.429980 1.354046 0.533581 0.100000 0.440865 0.838968 1.215304 0.771666 0.284324 0.848994 0.717817 0.779162 0.490254 0.320144 0.392133 0.134160 0.782287 0.462209 0.411653 0.137846 0.814844 0.100000 0.100000 0.558052 0.692668 0.178952 0.100000 0.107075 0.821130 0.100000 0.804696 0.100000 0.100000 0.528627 0.843222 0.100000 0.100000 0.256154 0.194895 0.100000 1.158591 1.064239 0.668624 0.368765 1.111172 0.392122 0.655498 0.446256 0.100000 0.773413 0.133447 0.100000 0.100000 0.827351 0.186026 0.719323 
0.654903 0.100000 0.457097 0.194030 1.073728 0.340312 0.294430 0.267877 0.283499 0.100000 0.746932 0.123056 0.454587 0.562296 0.100000 0.710719 0.254118 0.100000 0.473575 1.942710 0.608348 0.719456 0.678544 0.100000 0.648441 1.448907 0.100000 0.100000 0.503881 0.785730 0.683509 0.485601 0.100000 0.987601 1.360055 0.813921 0.100000 0.873160 0.100000 0.291381 0.308461 0.558812 0.100000 0.100000 0.382997 0.843205 0.100000 0.100000 0.258807 0.559220 1.322130 0.950002 0.100000 0.847210 0.100000 0.100000 0.153319 0.832928 0.162761 1.390697 0.100000 
1.000162 0.100000 0.603994 1.297094 0.631796 0.505123 0.776587 0.522397 0.233013 0.904649 0.893531 0.536727 1.622950 0.100000 0.267617 0.100000 0.349366 0.552696 0.193950 0.833231 0.602844 0.636391 0.106011 0.510442 0.646067 0.100703 0.469795 0.765537 0.953274 0.903405 0.100000 0.793237 0.378343 0.100000 0.488583 1.514855 1.499175 0.928031 0.100000 0.551095 1.214063 0.727653 0.180599 0.652816 0.318685 0.436030 0.298152 0.324664 1.475711 1.262580 0.100000 0.100000 0.467661 0.599669 0.699185 1.548406 0.100000 0.984530 1.301842 0.100000 1.088429 
0.100000 0.896539 0.281146 0.988123 0.194180 0.100000 0.100000 0.653950 0.889204 0.100000 0.308332 0.661780 0.347579 0.806799 0.100000 0.100000 0.135697 0.723157 0.281943 0.388613 0.995425 0.814068 0.100000 1.034568 0.224009 0.100000 0.100000 0.702932 0.100000 1.100382 0.724621 0.569371 0.100000 0.249675 1.183742 0.137880 0.100000 0.366154 1.422069 0.100000 0.459132 0.100000 0.290749 0.100000 0.100000 1.258332 0.549666 1.350829 0.100000 1.155783 0.596194 0.100000 0.735540 0.100000 0.639531 0.521791 0.106267 0.113845 0.100000 0.100000 0.100000 
1.268005 0.100000 0.100000 0.100000 0.545992 0.100000 1.062745 0.925511 0.587255 0.100000 0.238627 0.327094 0.556972 0.122203 0.404623 0.100000 0.196939 0.224777 0.100000 0.904128 0.100000 0.147794 0.100000 0.100000 0.287970 0.100000 0.135456 0.100000 1.698772 0.745182 0.368986 0.634918 0.343125 0.100000 1.313934 0.275534 0.231883 0.281553 1.471821 0.704240 1.350593 0.122141 0.547974 0.100000 0.100000 0.576773 0.469548 0.428051 0.100000 0.931245 0.100000 0.938686 0.100000 0.195254 0.100000 0.220333 0.993791 0.738250 0.685303 0.100000 0.501468 
0.100000 0.466241 0.100000 0.883238 1.030580 0.284640 0.480178 0.681945 0.100000 0.185917 0.100000 0.100000 1.176624 0.100000 0.547266 0.200278 0.652680 0.122117 0.100000 0.100000 0.886621 0.100000 0.100000 0.837740 0.100000 0.600098 0.100000 0.213313 0.100000 1.093613 0.181310 0.476931 0.100000 0.100000 1.166603 0.344112 0.100000 0.448998 0.363119 0.100000 0.100000 0.287058 0.350548 0.100000 0.564236 0.690429 0.864735 0.964293 0.245257 1.381013 0.560129 0.324477 0.100000 0.100000 0.517379 0.616511 0.612576 0.835788 0.602428 0.922160 0.100000 
0.100000 0.100000 0.100000 0.100000 0.100000 0.100000 0.100000 0.582666 0.579700 0.100000 0.324610 0.227838 0.100000 0.100000 0.929197 0.150825 0.697841 0.545587 0.100000 1.169423 0.100000 0.718755 0.100000 0.297736 1.401670 0.100000 0.197865 0.100000 0.877741 0.672788 0.985047 0.125068 0.400727 0.100000 0.365431 0.692684 0.863315 0.196728 0.146723 0.100000 1.048939 0.653614 0.100000 0.100000 0.505757 0.707031 0.100000 0.383235 0.743102 0.100000 0.583248 0.100000 0.676801 0.701210 1.454431 0.915713 0.892803 0.277704 2.162102 0.603517 0.774124 
0.100000 0.740473 0.776555 0.119629 0.929106 0.100000 0.124609 0.721863 0.100000 0.100000 0.513735 0.325414 0.491162 0.100000 0.343372 0.157091 0.571352 0.554097 0.526104 1.134217 0.446393 0.759211 1.543539 0.100000 0.389138 0.494201 0.175919 0.605806 1.599291 0.832339 1.578825 1.098958 0.100000 0.100000 0.546398 0.122925 0.731700 0.734407 0.100000 0.169909 0.513830 0.100000 0.162402 0.100000 0.144458 0.429149 0.724731 1.240337 0.450291 1.101043 0.537166 1.309243 0.100000 1.253777 0.495088 0.100000 0.100000 0.717105 1.211209 0.857681 0.100000 
