64 Number of operations
20 Number of workers
Standard production times
0.436826 0.198809 0.331604 0.391055 0.455688 0.283821 0.369697 0.170513 0.277800 0.162097 0.574453 0.396892 0.633336 0.100000 0.551241 0.100000 0.330241 0.100000 0.539262 0.512992 0.495972 0.340811 0.315938 0.228077 0.318417 0.649516 0.100000 0.100000 0.538062 0.585624 0.717307 0.480261 0.146062 0.493841 0.660772 0.646257 0.445896 0.454722 0.266643 0.360484 0.497204 0.572092 0.100000 0.238532 0.100000 0.618461 0.282133 0.597837 0.392383 0.644536 0.657231 0.431644 0.169275 0.413947 0.588501 0.278597 0.308175 0.396599 0.569202 0.402256 0.238324 0.288863 0.302463 0.464080 
Production times: workers row and ops columns
1.039917 0.100000 0.419902 0.513583 0.769305 0.105959 1.005549 0.258485 0.100000 0.100000 0.507613 0.100000 0.100000 0.105021 0.100000 0.100000 0.334502 0.606353 0.100000 0.941888 0.100000 0.475678 0.100000 0.100000 0.100000 0.224592 0.439066 0.100000 0.100000 0.573524 0.532784 0.716190 1.069561 0.363244 1.300032 0.126420 0.811952 0.741538 0.554612 0.100000 0.974748 0.100000 0.100000 0.765631 0.100000 1.236202 0.798293 1.185719 0.571661 0.453583 0.339869 0.272590 0.671012 0.100000 0.980181 0.100000 0.894989 0.128821 0.929226 1.173500 0.100000 0.100000 0.905555 0.769647 
0.183221 0.824480 0.100000 0.286640 1.021855 0.186329 0.100000 0.100000 0.880037 0.100000 0.100000 0.100000 0.100000 0.241607 0.953678 0.100000 0.197414 0.483204 0.364557 0.859086 0.100000 0.100000 0.100000 0.120252 0.308739 0.721287 0.214638 0.127926 0.337893 0.100000 1.377998 0.247058 0.822556 1.361977 0.739997 0.605854 0.264209 0.359112 1.072220 0.100000 0.100000 0.783335 0.100000 0.908391 0.437235 0.936656 0.931552 0.932470 1.092638 1.267690 0.926649 0.109843 0.593741 0.100000 0.590783 0.100000 0.553881 0.834228 0.616436 0.100000 0.420106 0.822455 0.149883 1.024561 
0.612367 0.410067 0.488442 0.103958 0.675809 0.822588 0.100000 0.100000 0.100000 0.191850 0.855289 0.100000 0.764884 0.348793 0.963206 0.100000 0.100000 0.423385 0.712390 0.395852 0.235480 1.115191 0.346493 0.100000 0.450839 1.169689 0.157076 0.568936 0.739300 1.103611 1.114190 0.100000 0.267132 0.518141 1.252432 1.618685 0.100000 1.042674 1.058564 0.100000 0.776375 0.122343 0.100000 0.100000 0.507355 1.326234 0.100000 0.439311 0.100000 0.270538 0.905591 0.490106 0.314500 0.856459 0.939291 0.429161 0.258797 1.400710 0.156996 0.798056 0.100000 1.468373 0.813298 1.409469 
0.350409 0.100000 0.100000 0.100000 1.670893 1.278192 1.258398 0.327872 1.128548 0.100000 0.530797 0.162220 0.421986 0.537492 0.427198 0.100000 0.366952 0.102932 0.796825 0.308090 0.470873 0.852596 0.678944 0.100000 0.100000 0.100000 0.949892 0.183166 0.429103 1.216745 0.100000 0.433456 0.100000 0.139993 1.096515 0.778603 0.407071 0.471995 0.100000 1.085838 0.865358 0.626655 0.100000 1.030552 0.108263 0.315264 0.100000 0.727548 0.100000 0.408986 0.945630 0.460267 1.052044 0.625629 0.202159 0.827691 0.335019 0.100000 0.748658 0.100000 1.193453 0.583016 0.817958 0.855801 
0.267340 0.100000 0.100000 0.100000 0.569957 0.239753 0.100000 0.577376 0.445936 0.100000 0.620228 1.941324 0.878110 0.100000 0.100000 0.402669 0.240548 0.698723 0.513363 1.069998 0.242241 0.100000 0.100000 0.531679 0.140375 0.788532 0.825378 0.625147 0.169584 0.719606 0.523823 0.397325 0.348508 0.935082 0.730174 0.344643 1.222295 0.312763 0.100000 0.713121 0.665851 0.468349 1.415267 1.332838 0.380551 0.790712 0.100000 0.737736 0.211840 1.530591 0.100000 0.100000 0.721977 0.376233 0.534248 0.388766 0.294919 1.005855 0.111977 0.100000 0.100000 1.151333 0.184439 1.074083 
0.513356 0.816024 0.456910 0.568335 0.100000 0.100000 0.618782 0.523236 0.193853 0.100000 0.250119 1.332283 1.041053 0.100000 0.197343 0.334428 0.617788 0.100000 0.194059 1.460175 0.855191 0.338414 1.080170 0.100000 1.145386 0.614908 0.100000 0.100000 0.100000 0.906290 1.002859 0.100000 0.100000 0.926514 0.436670 0.130468 0.260049 0.151371 0.225558 1.430376 0.163320 0.726898 0.100000 0.618393 0.444016 0.609715 0.100000 0.548221 0.100000 0.439770 1.099667 0.645001 0.100000 0.100000 0.786657 0.100000 0.100000 0.177750 0.463358 0.616326 0.497067 0.586485 0.100000 1.564723 
0.656905 0.151580 0.683622 0.509350 0.100000 0.875955 0.260271 0.100000 0.294850 0.499638 1.385972 0.893970 0.967344 0.434829 1.101173 0.100000 0.948420 0.100000 0.590589 0.861793 0.689952 0.814031 1.078935 0.617017 0.285485 0.100000 0.100000 0.544701 0.100000 0.531013 0.971652 0.912607 0.735215 1.088666 0.719271 0.539881 0.454733 0.100000 0.100000 0.100000 0.538047 0.126236 1.286742 0.260578 0.169568 0.875068 0.100000 0.763318 0.100000 0.100000 0.915576 0.100000 0.875761 0.100000 0.265812 0.621211 0.323832 0.165788 0.100000 0.609935 0.855229 1.132045 0.225511 0.517547 
0.100000 0.584807 0.607157 0.334117 0.614123 0.100000 0.100000 0.528150 0.727469 0.100000 0.330560 0.927456 0.707668 1.284013 0.963418 0.100000 0.344653 0.100000 0.588432 0.755567 0.100000 0.100000 0.353917 0.473576 0.100000 0.100000 0.424584 0.100000 1.008688 0.308378 0.617363 0.966656 1.118292 0.857628 0.480071 1.121499 0.988216 0.100000 0.100000 0.439650 0.100000 0.468732 1.613791 0.100000 0.100000 0.100000 0.100000 0.822539 0.252360 0.100000 1.304752 0.834682 0.100000 0.100000 0.301703 0.100000 0.532898 0.968155 1.006722 0.100000 0.100000 0.528981 0.533044 0.485597 
0.481084 0.549528 0.100000 0.415252 0.449196 0.100000 0.195211 0.100000 1.520509 0.270617 0.371134 0.100000 0.593333 0.100000 0.559009 0.165039 0.756293 0.177959 0.740392 1.358224 0.411160 1.152229 0.311527 0.100000 0.556154 1.031293 0.922720 0.100000 0.303475 0.431217 0.976893 0.794716 0.361920 0.100000 0.933906 1.417881 0.577456 0.100000 0.100000 0.859831 1.478462 1.170292 0.100000 0.100000 0.396573 0.976580 0.412470 0.100000 0.100000 0.393750 0.924047 0.595126 0.100000 0.246772 0.765889 0.138638 0.100000 0.100000 0.796130 0.100000 0.100000 1.598027 0.783045 0.468399 
0.659799 0.147359 0.100000 0.697684 0.358129 1.063847 0.100000 0.100000 0.650366 0.128498 0.100000 0.259537 0.753992 0.263456 0.100000 1.268757 0.638632 0.250775 0.865009 0.167899 1.025010 1.397540 0.166341 0.262789 0.935519 1.447111 0.290260 0.100000 0.267007 0.519245 0.374135 0.185366 0.311379 1.057221 0.100000 0.255139 0.109247 0.318079 0.100000 1.125973 0.327246 0.193638 0.534632 0.100000 1.214511 0.605165 0.329005 1.032252 0.726669 0.167793 1.416391 0.100000 0.100000 0.100000 0.705043 0.100000 0.100000 0.100000 1.320194 0.100000 1.044756 0.745458 0.902398 0.100000 
0.222879 0.169514 0.883309 0.934925 0.939215 0.100000 0.604369 0.100000 1.083863 0.100000 0.123617 0.537865 0.477830 0.280756 0.400794 0.289258 0.595745 0.468276 0.682408 0.823057 0.368632 0.259927 0.100000 0.432391 0.400945 1.130419 0.606378 0.100000 0.733133 0.725899 0.874395 0.100000 0.964449 0.181299 1.170219 0.589738 0.633499 0.100000 0.631570 0.100000 0.100000 0.100000 0.140086 0.100000 0.415029 0.575555 0.100000 0.770078 0.669822 1.001670 1.459135 0.831607 0.322891 0.928604 0.329415 0.263577 0.203456 0.646004 0.805480 0.345528 0.100000 0.100000 0.100000 0.503886 
0.100000 0.452614 0.146295 1.657425 1.266178 1.316817 0.100000 0.866647 0.100000 0.100000 0.370568 0.147843 0.100000 0.171953 0.100000 0.100000 0.870402 0.100000 0.923625 0.100000 0.780613 0.100000 0.355560 0.100000 0.210298 0.586683 0.100000 0.251886 0.854776 0.704043 0.819243 1.248067 0.167576 0.100000 0.466864 0.231629 0.100000 0.601885 0.208411 0.459848 1.163127 0.595503 0.100000 0.927623 0.849026 0.997691 0.100000 0.431460 1.518359 0.100000 0.849141 0.359701 0.388858 0.609985 0.595538 1.330433 0.100000 0.100000 0.466437 0.373593 0.384727 0.210712 0.100000 0.487348 
0.473734 0.273617 0.428229 0.525824 0.128940 0.100000 0.100000 0.100000 0.809876 0.437144 0.218559 0.603551 0.615671 0.100000 0.605267 0.100000 0.391431 0.100000 0.100000 0.874974 0.100000 0.454522 0.100000 0.100000 1.174301 0.862873 0.943577 0.258389 0.840855 1.193679 1.343213 0.732496 0.100000 1.055217 0.666584 0.425137 0.394218 0.948780 1.031773 0.100000 1.187704 0.938993 0.616243 0.100000 0.100000 1.096690 0.100000 0.568767 0.701810 0.299511 1.675020 0.634875 0.309861 0.100000 0.101344 0.813164 0.422233 0.100000 0.599522 0.430852 1.062684 0.891156 0.100000 0.304343 
0.798160 0.100000 0.100000 0.173183 0.547458 0.100000 0.100000 0.100000 0.100000 0.103252 0.525277 0.128791 0.923679 0.465504 0.954228 0.100000 0.946892 0.317595 1.826555 0.257377 0.704790 0.100000 1.371479 0.100000 0.426442 1.471978 0.684191 0.100000 0.261476 1.061238 0.766086 0.100000 0.100000 0.100000 0.528002 1.110990 0.371698 2.083353 0.430181 0.100000 0.564516 1.036467 0.100000 0.403937 0.169808 0.787522 0.571167 0.193365 0.891165 0.741055 0.988932 0.767097 0.851252 0.815603 0.440594 0.100000 0.351325 0.333040 0.886341 0.206181 0.186273 0.100000 0.612453 0.100000 
0.100000 0.721511 0.630279 0.327136 0.900282 0.225649 0.377335 0.100000 0.100000 0.100000 1.170044 0.216996 1.088149 0.334572 0.445025 0.348192 0.100000 0.100000 0.953487 0.100000 0.650103 0.444005 1.059813 0.175231 0.134842 0.454759 0.100000 0.425585 0.364113 0.829593 0.100000 0.205816 0.367572 0.979103 0.430959 0.948338 0.477256 0.220549 0.498707 0.122740 0.100000 0.462568 0.169456 0.952459 0.100000 0.366283 0.101743 0.199714 0.100000 1.792468 0.424225 0.904324 0.172776 0.100000 1.350573 0.463490 0.489235 0.574145 0.358664 0.100000 0.100000 0.575232 0.288813 0.243698 
0.349169 0.100000 0.660399 0.421162 0.622714 0.614887 0.100000 0.327180 0.100000 0.496722 0.281562 0.502401 1.648829 0.100000 0.211198 0.100000 0.100000 0.847025 0.723819 0.314571 0.100000 0.100000 0.100000 0.608644 0.100000 0.959206 0.100000 0.100000 0.381398 1.375625 0.120297 1.177568 0.531169 1.014155 0.248314 0.704541 0.789577 0.858082 0.613859 0.863991 1.507050 0.473759 0.100000 0.100000 0.100000 0.885273 0.647179 0.471129 1.168971 0.693544 0.290916 0.572704 0.100000 0.170178 0.463949 0.110841 0.898227 0.807207 1.249368 0.802397 0.420505 0.947550 0.100000 0.229079 
0.976918 0.673587 1.415297 0.100000 1.184542 0.681605 0.455528 0.100000 0.100000 0.345126 1.872178 1.070846 1.203421 0.253357 0.425268 0.580759 0.906667 0.100000 0.666823 1.000737 1.664459 0.419772 0.100000 0.100000 0.100000 1.409420 0.100000 1.080033 0.286370 1.172269 0.165857 0.844077 0.615256 0.100000 0.305654 0.797633 0.831682 0.196240 0.100000 0.959264 0.100000 0.909362 0.100000 0.100000 0.281675 0.761622 0.100000 0.274354 0.100000 0.917355 0.636361 0.117934 0.100000 1.081663 0.505827 0.212372 0.100000 0.100000 0.599817 1.412693 0.827014 0.478304 0.100000 0.100000 
0.696558 0.100000 0.517653 0.100000 0.100000 0.100000 0.424393 0.100000 0.146044 0.100000 1.386592 0.100000 0.390275 0.762879 0.381737 0.955100 0.510666 0.438899 0.770158 0.100000 0.448332 0.274235 0.100000 0.508018 0.100000 0.100000 0.100000 0.100000 0.212417 1.318451 0.376119 0.391206 0.920322 1.177926 0.100000 0.903867 0.100000 1.325401 0.357959 0.100000 1.082496 0.399494 0.266470 0.100000 0.100000 0.100000 0.100000 0.843990 0.100000 0.155898 0.281424 0.425350 0.760749 1.846818 1.334129 0.812009 0.158762 0.100000 0.100000 0.635903 0.160138 0.333859 0.347402 0.100000 
0.635007 0.241021 0.199257 0.913076 0.891074 0.497952 0.235166 0.100000 0.100000 1.140524 0.792260 0.863213 0.359833 0.100000 0.100000 0.100000 0.274554 0.100000 0.756431 1.079034 0.125700 0.635437 0.100000 0.331641 0.100000 1.189879 0.969302 0.336945 0.971605 0.814191 0.100000 0.498472 0.100000 0.229539 1.905196 0.784727 0.416157 0.100000 0.100000 0.495485 1.522775 0.680555 0.100000 0.100000 0.100000 0.100000 0.100000 0.747464 0.100000 0.234418 0.100000 0.558783 0.100000 0.930166 1.497686 0.275546 0.100000 0.100000 0.956160 0.375807 0.100000 0.672157 0.254389 0.744225 
1.072824 0.100000 0.507470 0.223461 0.505909 0.191638 0.720432 0.100000 0.157682 0.172724 0.306776 0.100000 0.588448 0.573465 0.206943 0.485375 0.100000 0.100000 0.982253 0.100000 0.211893 0.628366 0.337768 0.544947 0.187291 0.914898 0.100000 1.035469 0.100000 0.307565 0.619308 0.100000 0.699538 0.100000 0.602314 0.784242 0.173426 0.110347 0.120343 0.100000 0.713560 0.100000 0.515429 0.910162 0.352610 0.534532 0.326939 0.343294 0.925566 0.276964 0.671575 0.141172 0.100000 0.100000 0.396256 0.286797 0.100000 0.100000 0.919159 0.429062 0.314472 0.100000 0.100000 0.901140 
