49 Number of operations
22 Number of workers
Standard production times
0.436826 0.198809 0.331604 0.391055 0.455688 0.283821 0.369697 0.170513 0.277800 0.162097 0.574453 0.396892 0.633336 0.100000 0.551241 0.100000 0.330241 0.100000 0.539262 0.512992 0.495972 0.340811 0.315938 0.228077 0.318417 0.649516 0.100000 0.100000 0.538062 0.585624 0.717307 0.480261 0.146062 0.493841 0.660772 0.646257 0.445896 0.454722 0.266643 0.360484 0.497204 0.572092 0.100000 0.238532 0.100000 0.618461 0.282133 0.597837 0.392383 
Production times: workers row and ops columns
0.344267 0.375770 0.867425 0.800456 0.100000 0.884882 0.578478 0.100000 0.908642 0.100000 1.070162 0.489611 0.351703 0.664118 0.712341 0.210816 0.100000 0.559563 0.599710 1.021679 0.237334 0.659387 0.100000 0.517488 0.455968 0.100000 0.100000 0.100000 0.814604 0.420376 2.106449 0.542861 0.704872 0.100000 0.224200 0.171697 0.661023 0.320444 0.150330 0.470734 0.235100 2.081439 0.394324 0.100000 0.100000 0.100000 0.100000 1.234456 0.921772 
0.856125 0.380863 0.497591 0.271267 0.195060 0.684885 0.427953 0.100000 0.100000 1.211827 0.844398 0.830861 0.391737 1.047307 0.535734 0.618341 1.081616 0.100000 0.994130 0.355490 0.205522 0.100000 0.712186 0.129115 0.628117 0.970919 0.539247 0.100000 0.803372 1.595755 0.319028 0.806378 0.459548 0.100000 0.100000 0.573655 0.100000 0.128789 1.064725 0.100000 0.100000 0.440951 0.832844 1.216259 0.100000 0.100000 0.100000 1.020821 0.239389 
0.100000 0.100000 0.139088 0.100000 1.451961 0.100000 0.100000 0.100000 0.537051 0.799086 0.100000 0.517167 0.588576 0.188608 0.457555 0.100000 0.310460 0.224256 0.903977 1.241728 0.779919 0.100000 0.942559 0.100000 0.593989 1.251373 0.440054 0.742015 0.100000 0.650016 0.621144 0.239970 0.100000 0.586489 1.373140 0.650809 0.100000 0.641692 0.870354 0.419366 0.964356 0.347093 0.633734 0.100000 0.100000 0.688754 0.690937 0.864754 0.100000 
1.039340 0.341322 0.100000 0.617571 0.677323 0.600757 0.504999 0.628170 0.619669 0.100000 0.154411 0.467633 0.744309 0.100000 0.198620 0.240801 0.559833 0.289062 0.506709 1.069582 0.557066 0.780812 0.418412 0.829743 0.403379 1.256976 0.377372 0.739486 1.388308 0.604603 0.795681 1.334438 0.435467 0.100000 0.100000 0.100000 0.585913 0.224500 1.181142 0.583655 0.455332 0.597457 0.100000 0.100000 0.975172 0.404668 0.100000 0.919260 0.100000 
1.183393 0.748481 0.484611 0.725375 1.287758 0.254049 0.374996 0.100000 1.408318 0.103800 0.197381 0.463309 0.100000 0.100000 0.725087 0.100000 1.481941 1.080864 0.207345 1.313276 0.275359 0.388702 0.715190 0.144870 0.100000 0.522451 0.204786 0.843116 0.100000 0.532111 0.455868 0.100000 0.100000 1.442415 1.077259 0.100000 0.814725 0.725474 0.100000 0.100000 0.450623 0.100000 0.819894 0.100000 0.267502 0.939479 0.466413 0.268996 0.905215 
0.100000 0.100000 0.312565 1.436340 0.533832 0.176264 0.188646 0.248714 0.100000 0.194043 0.860222 0.883481 1.031643 0.100000 0.443349 0.100000 0.373807 0.700617 1.609895 1.108660 1.022991 0.100000 0.724345 0.100000 0.258547 0.195726 0.100000 0.100000 0.100000 0.619393 0.992466 0.100000 0.100000 0.922074 1.754227 0.956385 0.446826 0.100000 0.534305 0.804815 1.406778 0.960752 0.100000 0.782982 0.100000 0.100000 0.250381 1.067313 0.100000 
0.772037 0.100000 0.490797 0.100000 1.003783 0.963267 0.224845 0.100000 0.187698 0.193860 0.495825 0.567131 0.111061 1.203136 0.843275 0.320932 0.100000 0.469178 0.557886 0.958467 1.360009 0.416549 0.474857 0.647638 0.469326 0.372145 0.100000 0.100000 0.395005 0.100000 1.099289 0.239219 0.100000 0.465330 1.040755 0.100000 1.027696 0.289704 0.869218 0.245053 0.988358 0.624786 0.100000 0.693571 0.220409 0.495054 0.100000 0.740352 1.297429 
0.100000 0.100000 0.100000 0.602450 0.786789 0.119971 0.190196 0.665209 0.887631 0.100000 0.100000 0.100000 1.485172 0.100000 1.421618 0.100000 0.567457 0.100000 0.166119 0.526276 0.538161 0.100000 0.100000 0.716347 0.456116 0.100000 0.100000 0.100000 0.370376 1.018553 0.100000 1.480145 0.112870 1.313380 0.100000 0.643441 0.323089 0.429231 0.606182 0.163921 0.100000 0.772391 0.100000 0.100000 0.100000 0.455906 0.931986 0.645007 0.363067 
0.550174 0.100000 0.617237 1.026089 0.100000 0.100000 0.419645 0.337799 0.322472 0.591071 0.100000 0.193104 0.965038 0.100000 1.762153 0.358055 0.877979 0.433575 0.378243 1.234988 0.100000 1.040040 0.100000 0.383379 0.764444 0.825765 0.154003 0.328059 0.100000 1.003524 1.169629 0.469169 0.100000 0.100000 1.117864 0.397717 0.977874 1.049729 0.100000 0.460464 0.881780 0.858771 0.100000 0.253540 0.100000 0.535567 0.765704 0.643749 0.396334 
0.100000 0.455078 0.401245 1.088360 1.258104 0.108739 0.100000 0.100000 0.100000 0.100000 0.667842 0.872717 0.967795 0.100000 0.190848 0.100000 0.357214 0.212294 0.100000 0.772804 0.100000 0.565063 0.363848 0.621044 0.668881 0.699617 0.100000 0.100000 0.100000 1.042048 0.905120 0.648436 0.100000 0.147701 0.128243 0.912438 0.690526 1.075739 0.100000 0.100000 0.524131 0.850487 0.122879 0.100000 0.537692 0.529378 0.295179 0.385921 0.100000 
0.100000 0.100000 0.217835 0.646224 0.495141 0.316773 0.362591 0.169381 0.549122 0.100000 0.676578 0.986501 1.078558 0.296666 0.100000 0.100000 0.895590 1.012572 0.465217 0.112178 0.480666 0.100000 0.100000 0.558129 1.282531 0.601947 0.100000 0.100000 1.616182 0.385080 0.271834 1.006113 0.100000 0.374231 0.499664 0.422845 0.100000 0.844314 0.421566 0.100000 0.595084 2.052308 0.100000 0.189278 0.121013 0.100000 0.100000 0.756266 0.100000 
0.750872 1.208885 1.130995 0.517977 0.682001 0.804747 0.445264 0.100000 0.235040 0.767132 0.569677 0.147921 1.492088 0.100000 0.963317 0.458375 0.600237 0.100000 0.816865 1.224716 0.839302 0.100000 0.788989 0.927186 0.364187 0.992493 0.100000 0.100000 0.737793 0.925816 0.425146 0.192010 0.352734 0.100000 1.207471 0.940125 0.100000 0.435306 0.772789 0.100000 0.261232 0.461130 0.607312 0.100000 0.100000 0.948279 1.177388 0.854510 0.100000 
0.321857 0.626495 0.379912 0.530804 0.782322 0.100000 0.100000 0.100000 0.100000 0.100000 0.540544 0.769325 0.895068 0.100000 0.775505 0.778379 1.272245 0.100000 0.472666 0.604590 0.767491 1.013284 0.869928 0.313077 0.341686 0.572125 0.100000 0.271713 0.311152 1.209391 0.932755 0.284378 0.100000 1.340675 0.127726 0.100000 0.835388 0.885268 0.194145 0.347075 0.696974 0.672101 0.100000 0.100000 0.100000 1.632160 0.633196 0.721218 0.100000 
0.545929 0.100000 1.096387 0.100000 0.742348 0.100000 0.266265 0.468136 0.310835 0.100000 0.125575 0.137572 0.100000 1.139214 1.140553 0.100000 0.960408 0.100000 1.521884 0.100000 1.067394 0.100000 0.696162 0.100000 1.071927 1.556296 0.739077 0.100000 0.882416 0.737442 0.590621 0.698808 0.274782 0.100000 1.045909 0.100000 0.728016 0.848913 0.630488 0.100000 1.411188 0.398675 0.986951 0.100000 0.452330 0.120227 1.293172 0.411871 0.361422 
0.100000 0.100000 0.324420 0.391332 0.301462 0.100000 0.442174 0.357275 0.569909 0.892592 0.960527 0.612416 0.332640 1.291168 0.472342 0.100000 0.370198 0.100000 0.660077 0.100000 0.783217 0.100000 1.683030 0.100000 0.668891 0.693573 0.462643 0.100000 0.100000 0.351159 0.267406 0.258705 0.243882 0.100000 0.509356 1.077292 0.150467 0.100000 0.100000 0.744307 0.100000 0.887924 0.100000 0.478075 0.304244 0.264035 0.427161 0.228629 0.704043 
0.100000 0.316456 0.340244 0.100000 0.100000 0.100000 0.371062 0.291491 0.100000 0.464325 0.468212 0.434488 0.100000 0.382944 0.933528 0.777644 0.100000 0.100000 1.184749 0.485052 0.100000 0.100000 0.426472 0.456213 0.790262 0.100000 0.101873 0.100000 0.100000 0.613443 1.104022 0.100000 0.421758 0.140316 1.103166 0.444112 0.100000 0.685229 0.100000 0.661974 0.938530 0.221236 0.100000 0.100000 0.164168 0.984637 0.939473 0.418365 0.282385 
0.566630 0.100000 0.113540 0.100000 0.524552 0.100000 0.542391 1.041783 0.704276 0.517658 1.219470 1.161489 0.928198 0.386144 1.036802 0.100000 0.831665 0.116146 0.100000 0.133226 0.174638 0.483334 0.433156 0.604401 0.100000 1.174469 0.653187 0.427719 0.477108 0.100000 0.461169 0.211167 0.242118 1.269686 0.181003 0.884642 1.266563 0.753882 0.423674 0.289638 1.033650 0.757341 0.245844 0.747656 0.100000 0.976113 0.111015 0.318030 0.463250 
0.454134 0.100000 0.868169 0.100000 1.239657 0.100000 0.100000 0.802979 0.109572 0.100000 1.143143 0.542011 1.126105 0.100000 1.246322 0.100000 0.389918 0.100000 1.386915 1.223150 0.813836 0.100000 0.517955 0.565253 0.595452 0.362151 0.100000 0.100000 1.353406 1.019904 0.562058 0.852646 0.100000 0.100000 0.658638 1.015743 0.592055 1.439070 0.629711 0.100000 0.775972 0.836607 0.918412 0.376862 0.284324 0.916214 0.899950 1.046757 0.782637 
0.217707 0.100000 0.100000 0.832531 0.601959 0.467397 0.189126 0.335841 0.100000 0.100000 0.594443 0.503935 0.100000 0.100000 0.512254 0.427289 0.100000 0.258440 0.100000 0.100000 0.757956 0.823549 0.100000 0.100000 0.474571 0.605879 0.100000 0.640130 1.320168 0.656411 0.693690 0.946897 0.100000 0.717695 0.937752 0.171367 0.630808 0.309571 0.100000 0.100000 0.755353 0.355862 0.580999 0.456609 0.100000 0.743954 0.100000 1.215876 0.448873 
0.361559 0.296173 0.337303 0.100000 0.628167 0.100000 0.190948 0.632809 0.100000 0.772816 0.498330 0.219434 0.567649 1.529717 0.663617 0.478645 0.692847 0.100000 0.869287 1.312383 0.263589 0.100000 0.281757 0.428183 0.284619 0.654855 0.100000 0.593760 1.237345 0.753289 0.310396 0.898700 0.100000 0.424738 0.472028 0.632977 0.333831 0.100000 0.549640 0.585229 0.100000 0.100000 0.100000 0.153216 0.764899 1.136819 0.100000 1.031100 0.100000 
0.254876 0.100000 0.767933 0.100000 1.444129 0.100000 0.933034 0.100000 0.550190 1.068135 0.750561 0.618194 1.040227 0.451884 0.506453 0.842553 0.649319 0.239836 1.528876 0.100000 0.212348 0.100000 0.335063 0.680773 0.100000 0.969754 0.206872 0.395580 0.328135 0.867989 1.044957 0.100000 0.515857 1.159378 1.075983 0.964037 0.100000 0.767697 0.498923 0.100000 0.325016 1.440689 1.153279 0.711842 0.100000 0.809072 0.998992 0.753398 0.472982 
0.851109 0.417494 0.149173 0.407074 0.182516 1.367150 0.987740 0.100000 0.100000 0.460482 0.760176 0.507576 1.903145 0.100000 1.139172 0.832640 0.100000 0.950105 0.140829 1.210722 0.445514 0.937879 0.100000 0.100000 0.100000 1.132952 0.711404 0.100000 0.271941 0.850512 0.431550 1.187060 0.100000 0.244228 0.466227 1.269414 0.188577 0.330342 0.766096 0.833741 0.100000 1.378582 0.100000 0.100000 0.100000 1.221393 0.100000 1.112595 0.399697 
