44 Number of operations
20 Number of workers
Standard production times
0.290051 0.119425 0.716550 0.190971 0.451519 0.100000 0.100000 0.336942 0.571636 0.414269 0.100000 0.116889 0.577166 0.526380 0.408052 0.219375 0.435065 0.438886 0.292950 0.555470 0.434268 0.311430 0.740981 0.584869 0.139028 0.323885 0.251275 0.312576 0.314710 0.676281 0.419674 0.326109 0.145356 0.602997 0.103788 0.342580 0.388635 0.242379 0.413542 0.192219 0.347265 0.507650 0.705652 0.791335 
Production times: workers row and ops columns
0.462843 0.100000 0.100000 1.068669 0.319422 0.523147 1.143366 0.600181 1.063540 0.100000 0.100000 0.281921 1.101461 1.201330 1.030890 0.100000 1.075601 0.100000 0.100000 0.553697 0.690565 0.227499 1.414149 0.277123 0.100000 0.831853 0.100000 0.530705 0.241365 0.688028 0.290523 1.245687 0.100000 1.390063 0.482238 0.100000 0.100000 0.287352 1.254398 0.100000 0.267722 0.100000 0.729668 0.100000 
0.100000 0.156698 0.275574 0.100000 0.100000 0.111775 0.100000 0.100000 0.439063 0.327808 0.100000 0.920868 1.149817 0.284588 0.917754 0.100000 0.100000 1.400817 0.100000 1.328232 0.100000 0.100000 0.536955 0.636020 0.100000 0.504503 0.100000 0.100000 0.145270 0.586654 0.299200 0.202259 0.100000 0.889852 0.100000 0.100000 0.748273 0.859579 0.280308 0.974543 0.100000 0.547714 0.720233 0.204068 
0.100000 0.100000 0.350287 0.527877 0.234064 0.100000 0.163783 0.695912 0.766104 0.949989 0.689111 0.100000 1.435054 0.608747 0.659589 0.100000 1.250996 0.177607 0.100000 1.271265 0.100000 0.100000 0.719849 0.375354 0.100000 0.905348 0.100000 0.361285 0.100000 0.565869 0.695548 0.301916 0.100000 0.100000 0.107580 0.100000 0.433521 0.745969 0.100000 0.100000 0.218889 0.704441 0.100000 0.359426 
0.100000 0.224614 0.654721 0.340260 0.740013 0.100000 0.437828 0.100000 0.100000 0.510989 0.100000 0.172221 1.288983 0.100000 0.571614 0.429438 0.281737 0.348853 0.100000 0.305190 0.100000 0.100000 1.274531 1.124833 0.227028 0.387469 0.100000 0.100000 0.100000 0.722857 0.100000 0.440037 1.023553 0.227705 0.100000 0.349167 0.575795 0.100000 0.274489 0.351142 0.167884 0.486680 1.334623 1.105510 
0.100000 0.513414 0.187991 0.462049 0.911223 0.125367 0.700677 0.293932 0.497568 0.483832 0.100000 1.281961 0.424033 0.100000 0.100000 0.100000 0.436554 0.305013 0.100000 0.634106 0.603735 0.100000 1.092514 0.422139 0.100000 0.652673 0.559370 0.100000 0.333136 0.100000 0.100000 0.885288 0.100000 0.508895 0.100000 0.594930 0.100000 0.765195 0.151269 0.917918 0.695125 1.340366 0.174622 0.429772 
0.842690 0.460878 1.918197 0.322970 0.416417 0.100000 0.100000 0.482209 0.100000 1.066827 0.100000 0.797652 0.620943 1.026028 0.805629 0.292967 1.000368 0.100000 0.247261 1.254975 1.051000 0.288984 0.100000 0.787701 0.100000 0.271060 0.575652 0.100000 0.268057 1.194559 0.100000 0.865204 0.100000 0.576202 0.847420 0.350329 0.313860 0.349979 0.100000 0.628183 0.100000 0.600742 0.352759 0.683125 
1.261340 0.148035 0.100000 0.100000 0.100000 0.100000 0.305675 0.455301 0.984148 0.125307 0.428293 0.863449 0.983279 1.397132 0.100000 0.722321 0.990726 0.252336 0.318175 0.697960 0.126943 0.438397 1.198033 1.375021 0.100000 0.100000 0.424237 0.435023 1.229836 0.721248 0.515791 0.100000 0.394807 1.032911 0.657498 0.426987 0.100000 0.690376 0.330067 1.319164 0.554162 0.994754 0.100000 1.108698 
1.069543 0.124109 0.475350 0.615847 1.540209 0.100000 0.100000 0.100000 0.100000 0.471171 0.100000 0.639873 0.939361 0.373535 0.681396 0.100000 0.476814 1.059439 0.100000 1.142034 0.100000 0.480574 0.100000 0.100000 0.174590 0.289084 0.139584 0.100000 0.100000 0.413720 0.604470 0.100000 0.305550 0.100000 0.100000 0.260240 0.908786 0.100000 1.134662 0.625795 0.168541 0.884299 0.960147 0.849747 
0.100000 0.100000 0.920125 0.100000 0.371032 0.100000 0.299301 0.100000 1.601354 0.100000 0.100000 0.100000 0.507718 0.100000 0.226065 0.272652 0.719420 0.249379 0.672899 0.749720 0.100000 0.100000 0.954237 0.562762 0.662509 0.732450 0.100000 0.424973 0.686417 0.100000 0.100000 1.425776 0.100000 0.967804 0.762304 0.176160 0.100000 0.395118 0.737682 0.100000 0.434347 0.100000 0.505648 0.739710 
0.203042 0.716962 0.526089 0.100000 0.100000 0.257057 0.970913 0.311881 1.211238 0.952880 0.355402 0.100000 1.409604 1.073265 0.100000 0.235215 0.100000 0.100000 0.100000 0.676665 1.085388 0.100000 1.075603 0.513422 0.100000 1.073857 0.100000 0.100000 0.280237 0.372728 0.646636 0.223589 0.100000 0.391365 0.660791 0.100000 0.275976 1.063751 0.208872 1.056753 0.100000 0.680231 1.078422 1.027995 
1.275350 0.754011 1.387695 0.428166 0.717045 0.217961 0.127913 0.100000 0.100000 1.084304 0.100000 0.100000 1.170754 0.608045 0.116650 0.604837 1.061070 0.100000 0.100000 0.852320 0.100000 0.225256 0.313049 0.208141 0.190529 0.960473 0.100000 0.164841 0.706109 1.483314 0.308700 0.269270 0.100000 1.289212 0.211026 1.230063 0.258653 0.100000 0.140363 0.100000 0.501049 0.100000 0.323968 0.759609 
1.116245 0.905923 0.100000 0.100000 0.758919 0.100000 0.906760 0.100000 0.100000 1.408832 0.100000 0.100000 0.496916 0.824926 1.438798 0.111667 0.748455 0.485929 0.512426 0.940416 0.650155 0.100000 0.390759 0.631362 0.691979 0.230365 1.197299 0.100000 0.475787 1.181685 1.042522 0.386123 0.100000 1.189626 0.475787 0.100000 0.100000 0.325412 0.779470 0.100000 0.506091 0.100000 0.910874 0.431788 
0.100000 0.100000 0.251216 0.388895 0.565015 0.100000 0.100000 0.365820 0.439967 0.100000 0.100000 0.219794 0.425346 0.100000 1.161435 0.100000 0.722376 0.100000 0.186363 0.289321 0.605311 0.100000 0.237317 1.923691 0.498179 0.282546 0.100000 0.250267 0.100000 0.100000 0.604049 0.100000 0.301368 0.702956 0.281009 1.084797 0.249964 0.100000 1.722558 0.100000 0.100000 0.576676 0.100000 1.125207 
0.113725 0.100000 0.100000 0.196010 1.118663 0.222358 0.282908 0.100000 1.209128 0.100000 0.600960 0.364579 0.670552 1.114218 0.399630 1.248836 0.100000 0.457844 0.430949 0.714300 0.322168 0.367834 1.966125 0.100000 0.533506 0.381197 0.100000 0.404676 0.273544 0.100000 0.100000 0.100000 0.100000 0.593204 0.100000 0.471969 0.807678 0.329715 1.100262 0.790258 0.481315 1.283837 0.266917 0.791134 
0.443233 0.100000 1.488962 0.100000 0.783874 0.207804 0.100000 0.694255 0.815498 0.100000 0.639606 0.375759 0.230673 0.379114 0.939831 0.456616 0.100000 0.133432 0.100000 0.487733 1.113754 0.100000 0.355715 0.549589 0.673142 0.100000 0.613576 0.510890 0.608174 0.877523 0.309493 0.759701 0.100000 0.100000 0.100000 0.136426 0.675136 0.100000 0.139895 0.100000 1.136618 0.959292 0.100000 0.434468 
0.220682 0.277019 0.100000 1.099989 0.100000 0.100000 0.372721 0.533153 0.100000 0.484527 0.525552 0.562859 0.964380 0.310402 0.969357 0.100000 0.100000 0.348774 0.100000 0.100000 0.100000 0.878230 1.325007 0.577564 0.100000 0.179803 0.100000 0.124532 0.100000 1.302918 0.477086 0.213822 0.100000 0.100000 0.291813 1.251102 0.803396 0.100000 0.743667 0.137741 0.100000 0.486198 0.141856 0.665247 
1.260866 0.455788 0.644267 0.390217 0.987236 0.112011 0.478110 0.100000 0.347126 0.100000 0.745826 0.443818 0.479460 1.189045 0.100000 0.470937 0.911659 0.589500 0.202025 1.049477 0.795459 0.100000 0.582565 0.490640 0.509384 0.100000 0.215090 0.100000 0.360219 0.100000 0.646176 0.280273 0.100000 0.656334 0.100000 0.100000 0.637150 0.189404 0.761086 0.118476 0.594528 1.013885 0.723780 0.100000 
0.781351 0.914753 0.560246 0.189930 0.100000 0.100000 0.305159 1.275286 0.755428 1.112986 0.525763 0.368880 0.892704 0.546967 0.956187 0.100000 0.100000 0.456937 0.753118 0.100000 0.136538 0.413867 0.438769 0.514284 0.100000 0.348785 0.100000 1.080561 0.853405 0.100000 1.075723 0.758999 0.100000 1.021601 0.702868 0.293746 0.213312 0.468816 0.100000 1.079881 0.934248 1.617170 1.185474 0.460263 
0.100000 0.173386 1.394977 0.803551 0.100000 0.100000 0.349179 0.100000 0.135630 1.008331 0.119820 0.100000 0.861925 0.310816 1.034282 0.895167 0.118829 0.395117 0.100000 0.667398 0.660584 0.672677 0.727797 0.969201 0.100000 0.100000 0.179344 0.876965 0.120165 0.298704 1.378246 0.181204 0.100000 1.075388 0.100000 0.161894 1.612245 0.410661 0.632240 0.100000 0.918623 0.789391 1.442699 1.161924 
1.349715 0.380380 0.582836 0.100000 0.419837 0.100000 0.100000 0.551703 1.061080 1.211425 0.100000 0.100000 0.750734 0.100000 0.303540 0.100000 0.576433 0.611953 0.100000 0.651651 0.926845 0.660719 1.372499 0.468976 0.479047 0.237567 0.244200 0.100000 0.326261 1.399414 0.391237 0.991115 0.374731 0.920934 0.100000 0.244013 0.100000 0.217557 0.207470 0.715622 0.514322 0.708012 1.241116 0.963502 
