46 Number of operations
22 Number of workers
Standard production times
0.436826 0.198809 0.331604 0.391055 0.455688 0.283821 0.369697 0.170513 0.277800 0.162097 0.574453 0.396892 0.633336 0.100000 0.551241 0.100000 0.330241 0.100000 0.539262 0.512992 0.495972 0.340811 0.315938 0.228077 0.318417 0.649516 0.100000 0.100000 0.538062 0.585624 0.717307 0.480261 0.146062 0.493841 0.660772 0.646257 0.445896 0.454722 0.266643 0.360484 0.497204 0.572092 0.100000 0.238532 0.100000 0.618461 
Production times: workers row and ops columns
0.429254 0.100000 0.334321 0.160015 0.363130 0.460782 0.905518 0.579914 0.100000 0.763157 0.783234 0.100000 1.264179 0.100000 1.046950 0.192720 0.100000 0.664118 0.700362 0.623808 0.147609 0.800374 0.376386 0.736764 0.100000 0.968091 0.100000 0.389411 0.675613 0.100000 0.448984 0.100000 0.422604 0.328593 2.049913 0.708857 1.004706 0.100000 0.100000 0.100000 0.712331 0.437814 0.100000 0.348782 0.100000 2.127808 
0.731149 0.100000 0.279310 0.100000 0.100000 0.920440 0.899086 0.589813 0.459854 0.328084 0.454665 0.136264 1.034401 0.158256 0.454147 0.100000 1.379972 0.369945 0.973231 0.271393 1.443279 0.325304 0.834279 0.979452 0.100000 1.104383 0.100000 0.100000 0.100000 0.981872 0.618345 0.789962 0.467465 0.933088 0.100000 0.911567 1.456027 0.100000 0.592760 0.673969 0.100000 0.100000 0.100000 0.100000 0.100000 1.416543 
0.122354 0.100000 0.200463 1.123899 1.433415 0.100000 0.100000 0.100000 0.700784 0.100000 0.100000 0.100000 0.440820 0.100000 1.547513 0.100000 0.100000 0.100000 0.798514 1.149982 0.100000 0.461086 0.271178 0.316685 0.224732 0.473389 0.100000 0.224256 0.902778 1.314360 1.001254 0.108474 0.772683 0.189276 0.936344 1.248114 0.785950 1.096737 0.100000 0.424875 0.401041 0.331801 0.100000 0.331180 0.812369 0.623013 
0.100000 0.385780 0.935315 0.449937 0.922840 0.100000 0.903431 0.100000 0.184276 0.232390 0.983257 0.663808 0.100000 0.702514 0.693754 0.100000 0.556757 0.321635 0.856198 0.648294 0.953629 0.682680 0.246022 0.100000 0.389159 0.760488 0.100000 0.100000 0.678863 0.815217 0.906369 0.447708 0.702652 0.554935 1.100773 0.748731 1.047562 0.539683 0.874103 0.637856 1.136690 1.422337 0.118979 0.316906 0.954177 0.907865 
0.100000 0.100000 0.100000 0.531072 0.225466 1.198320 0.592868 0.128641 0.303165 0.111240 0.100000 1.272064 0.419543 0.100000 0.872664 0.100000 1.076809 0.649672 0.692269 0.847312 1.328042 0.311039 0.321237 0.100000 1.448935 0.591219 0.100000 0.166418 0.100000 0.100000 0.891153 0.100000 1.297763 1.474705 0.328855 1.446541 0.225283 0.502612 0.665895 0.277277 0.191122 0.445027 0.204786 0.981648 0.100000 0.564947 
0.175387 0.100000 0.100000 1.339629 0.872175 0.100000 0.738526 0.441266 0.100000 0.100000 0.527872 0.100000 1.353230 0.100000 0.718743 0.421018 0.514522 0.100000 1.052095 0.100000 0.195979 0.321772 1.361223 0.306221 0.210860 0.468465 0.178201 0.100000 0.570009 0.871393 1.203896 0.878567 0.100000 0.385949 0.108588 0.689822 1.046513 1.525354 0.862311 0.887503 0.105141 0.980498 0.100000 0.178662 0.100000 0.100000 
0.100000 0.100000 0.365373 0.666214 0.100000 0.100000 0.797930 1.263969 0.587928 0.163026 0.163185 0.664554 1.077667 1.009574 0.939901 0.100000 0.874691 0.100000 0.100000 0.481241 0.965449 0.100000 0.651149 0.100000 0.477610 0.196122 0.648094 0.779446 0.393210 0.275904 0.627205 0.512025 0.100000 0.664080 0.138496 1.749393 0.737930 0.675654 0.100000 0.729662 0.515828 1.017566 0.964036 0.314270 0.258919 1.038022 
0.587735 0.100000 0.100000 0.100000 0.312631 0.100000 0.751679 0.100000 0.100000 0.133586 0.954436 0.100000 1.215136 0.100000 1.153816 0.100000 0.821395 0.152695 0.169825 0.968032 0.616381 0.217404 0.100000 0.370592 1.223463 0.276306 0.100000 0.100000 0.749458 0.916725 0.553457 0.300760 0.640758 1.103673 0.592482 0.100000 0.100000 1.306557 0.227415 1.230861 0.173835 0.809307 0.100000 0.100000 0.113284 0.660650 
0.100000 0.100000 0.819874 0.528754 0.100000 0.121378 0.100000 0.100000 0.710729 0.100000 1.574337 0.363700 1.452875 0.100000 0.548425 0.100000 0.304751 0.439539 0.342699 0.113734 0.696272 0.100000 0.100000 0.100000 0.155862 1.299369 0.147170 0.100000 0.651411 0.458333 1.002941 1.115295 0.100000 0.100000 0.710719 0.813543 0.490568 0.883696 0.100000 0.156696 0.828905 0.540615 1.310912 0.496587 0.647738 0.952036 
0.275806 0.920805 0.100000 1.090284 0.100000 0.439123 0.815724 0.346763 0.331803 0.390156 0.100000 0.814791 1.085658 0.100000 0.187575 0.100000 0.787334 0.100000 1.071240 1.108000 0.248717 0.440791 0.700514 0.514756 0.100000 0.664524 0.100000 0.100000 1.021634 0.631537 0.721258 0.100000 0.402331 0.563483 1.358076 1.448673 0.270814 0.100000 0.100000 0.100000 0.100000 0.665480 0.575825 0.572990 0.100000 0.258068 
0.100000 0.225782 0.443897 0.100000 0.715500 0.100000 0.593949 0.218423 0.670767 0.512560 0.624554 0.100000 0.100000 0.100000 1.007665 0.287813 0.498416 0.100000 0.193122 0.100000 0.762153 0.585441 0.936956 0.100000 0.100000 0.676442 0.378395 0.122879 0.100000 1.023317 0.628225 0.493307 0.100000 0.100000 0.100000 0.271667 0.332127 0.709891 0.306096 0.393436 0.490098 0.570960 0.371322 0.135811 0.202125 1.208070 
0.882047 0.395475 0.100000 0.100000 1.021038 1.196393 0.295651 0.100000 0.262494 0.100000 0.100000 0.726943 1.597450 0.100000 0.328384 0.100000 1.408361 0.100000 0.100000 1.038844 0.100000 0.221201 0.154831 0.100000 0.100000 1.039108 0.254923 0.100000 0.635942 2.065840 0.100000 0.431008 0.167076 0.100000 0.129505 0.804686 0.129453 0.768767 1.276719 1.159875 0.624126 0.798404 0.620925 0.314099 0.100000 0.575701 
1.041861 0.194032 0.100000 1.249807 0.100000 0.695897 0.728072 0.440509 0.100000 0.439699 1.286177 0.740221 0.100000 0.573051 1.250350 0.145770 0.673219 0.100000 0.100000 0.712723 0.836164 0.100000 0.100000 0.434749 0.100000 1.196215 0.393868 0.100000 0.518647 1.091771 0.100000 0.244289 0.100000 1.001153 0.170298 0.447380 0.775715 1.349976 0.523317 0.100000 0.382235 0.999777 0.148308 0.378281 0.426634 0.262093 
0.100000 0.100000 0.100000 0.100000 0.421779 0.656255 0.631429 0.100000 0.502064 0.840475 1.516457 0.211779 0.566740 0.191598 0.822759 0.772472 0.884232 0.185000 0.562532 0.435601 0.100000 0.512525 0.100000 0.851844 0.533865 0.453632 0.100000 0.946834 0.100000 0.100000 1.106799 0.910808 0.100000 0.480432 0.860541 0.746266 0.100000 0.100000 0.256886 1.374183 0.848267 0.695473 0.100000 0.347635 0.100000 1.383244 
0.100000 0.485469 0.100000 0.287623 0.753311 0.316856 0.122689 0.100000 0.100000 0.100000 1.613667 0.986203 0.100000 0.730167 0.101247 1.082621 0.100000 0.671422 0.246379 0.893216 0.100000 1.094321 1.222719 0.867154 0.100000 0.993869 0.251817 0.100000 0.756610 0.714344 0.176165 0.865398 0.100000 0.775960 1.054963 1.010102 0.100000 1.368705 0.100000 1.247435 0.100000 0.924421 0.100000 1.249570 0.100000 0.587500 
0.100000 0.100000 0.324420 0.391332 0.301462 0.100000 0.442174 0.357275 0.569909 0.892592 0.960527 0.612416 0.332640 1.291168 0.472342 0.100000 0.370198 0.100000 0.660077 0.100000 0.783217 0.100000 1.683030 0.100000 0.668891 0.693573 0.462643 0.100000 0.100000 0.351159 0.267406 0.258705 0.243882 0.100000 0.509356 1.077292 0.150467 0.100000 0.100000 0.744307 0.100000 0.887924 0.100000 0.478075 0.304244 0.264035 
0.581853 0.100000 0.643264 0.100000 0.573336 0.292462 0.100000 0.100000 0.100000 0.163462 0.695431 0.100000 0.935565 0.100000 0.588837 0.100000 0.613185 0.482287 1.216906 0.100000 0.100000 0.986298 0.287998 0.100000 0.100000 0.760050 0.328136 0.571845 0.100000 0.587497 0.270750 0.100000 0.173881 0.880556 0.252820 0.921952 0.100000 0.897115 0.100000 0.100000 0.727712 0.100000 0.401490 0.679857 0.100000 0.600407 
0.100000 0.262977 0.697780 1.048395 0.276216 0.173824 0.499501 0.100000 0.100000 0.100000 0.643317 0.100000 0.806031 0.971270 0.977717 0.455562 0.975258 0.864597 0.834123 0.799136 0.981534 0.131862 0.817362 0.244223 0.100000 0.269749 0.100000 0.242522 0.655280 0.961948 0.277023 1.005214 0.699249 0.821561 0.599818 0.100000 0.189758 0.185628 0.362699 1.136329 0.100000 0.810477 0.920667 0.537692 0.257031 0.547615 
0.973271 0.384058 0.477448 0.900180 0.100000 0.641474 0.198579 0.100000 0.348667 0.179405 0.100000 0.933457 0.203300 0.883969 0.100000 0.100000 0.962707 0.100000 0.134168 1.081682 0.641092 0.833580 0.276612 0.923158 0.100000 0.709192 0.100000 0.947653 1.248220 0.903488 0.100000 0.682278 0.483238 0.770876 0.373408 0.517014 0.100000 1.270066 0.700923 0.205235 0.869589 0.100000 0.100000 0.236398 0.469487 0.764620 
1.421174 0.561877 0.100000 0.669823 0.720203 1.102233 0.508027 0.354837 0.575553 0.779913 1.023373 0.787146 0.414218 0.100000 0.189429 0.541476 0.476512 0.283575 0.358691 0.678320 0.100000 0.271600 0.335928 0.335121 0.100000 0.100000 0.100000 0.427289 0.100000 0.744064 0.100000 0.100000 0.408046 0.976579 0.100660 0.100000 0.602050 0.411085 0.153182 0.900614 1.279310 0.642878 0.100000 0.705167 0.100000 0.842315 
0.713806 0.100000 0.516516 0.245905 0.143797 0.100000 0.627846 0.100000 0.758799 0.380174 0.100000 0.522385 0.436312 0.718039 0.607731 0.100000 0.427605 0.105699 0.204150 0.685471 0.222137 0.162062 0.778234 0.100000 0.929136 0.573393 0.100000 0.100000 1.967780 0.698000 1.095952 0.842867 0.100000 0.823866 1.460163 0.413873 0.100000 0.420541 0.466749 0.326686 0.502544 0.507287 0.593760 0.937815 0.267664 0.211550 
0.855264 0.100000 0.262500 0.202312 0.442408 0.171756 0.100000 0.453510 0.502544 0.100000 0.100000 0.263316 0.548020 0.764899 1.069599 0.100000 0.763504 0.100000 0.357313 0.358136 0.932301 0.100000 1.304379 0.100000 0.881754 0.396216 0.372390 1.006038 0.714170 0.806927 1.124198 0.832145 0.101275 1.236394 0.979850 0.786092 1.435510 0.100000 0.100000 0.100000 0.516329 1.024788 0.100000 0.558771 0.206872 0.914040 
