63 Number of operations
21 Number of workers
Standard production times
0.395487 0.532490 0.222502 0.307822 0.261232 0.472611 0.856732 0.348992 0.510849 0.592732 0.929213 0.391227 0.206876 0.575733 0.100000 0.623915 0.189126 0.198222 0.386496 0.383715 0.967043 0.350765 0.541102 0.253267 0.159032 0.456081 0.295062 0.100000 0.627160 0.519564 0.619080 0.716055 0.419631 0.380416 0.100000 0.410165 0.555420 0.278717 0.305743 0.100000 0.571778 0.269913 0.412373 0.663896 0.543813 0.237312 0.591981 0.366152 0.400966 0.541476 0.611755 0.607141 0.514341 0.395286 0.100000 0.249166 0.430479 0.769328 0.427803 0.599307 0.100000 0.665435 0.232499 
Production times: workers row and ops columns
0.226661 0.182416 0.100000 0.623917 1.169580 0.100000 0.357287 0.593743 0.651744 0.786154 1.314843 0.712529 0.100000 0.691662 0.184444 1.007653 0.100000 0.100000 0.307891 0.789068 2.101599 0.771261 0.753591 0.814312 0.330359 0.100000 1.781637 0.100000 0.107445 0.927504 0.605496 0.705124 0.100000 0.834959 0.100000 0.100000 0.434420 0.100000 0.900124 0.185247 0.904738 0.100000 0.766040 0.250480 1.105476 0.524867 0.334694 0.493803 0.361004 0.410174 0.316623 0.666317 1.330538 0.100000 0.247394 0.130875 1.419882 0.210204 0.841611 0.100000 0.100000 0.964703 0.100000 
0.100000 0.733992 0.100000 0.100000 0.277803 0.381240 0.240683 0.832966 0.873446 0.600436 1.697399 0.334526 0.360916 1.408218 0.100000 0.495150 0.727790 0.105613 0.969064 0.530634 0.606148 0.100000 0.218324 0.598202 0.100000 0.860475 0.363259 0.105721 1.578465 0.100000 0.635497 1.228046 0.505800 0.832754 0.334650 0.280059 0.666965 0.100000 0.100000 0.256220 0.768106 0.706984 0.100000 0.898749 0.758907 0.570007 0.167666 0.288331 0.100000 0.735076 0.469783 1.094928 1.017426 0.100000 0.668828 0.551446 0.100000 1.104096 0.362257 0.100000 0.887550 0.494427 0.741933 
0.656077 0.234863 0.100000 0.210075 0.645118 0.136998 0.624501 0.509331 0.441461 1.207345 0.980824 0.100000 0.100000 0.301078 1.060472 0.147028 0.312803 0.100000 0.698229 0.556323 0.529944 0.327157 0.100000 0.372911 1.379362 0.617425 0.100000 0.569819 0.895683 0.970649 0.916958 0.901535 0.108791 0.483134 0.100000 1.040086 0.608867 0.930570 0.100000 0.100000 0.265505 0.100000 0.264899 0.644637 0.155488 0.115175 1.291302 0.100000 0.219313 0.268439 0.630426 1.650954 0.100000 0.100000 0.151122 0.368688 0.134295 0.791453 0.100000 1.002188 0.100000 0.400493 0.100000 
0.103301 0.145196 0.219557 0.100000 0.100000 0.100000 0.263269 0.100000 0.100000 0.768615 0.573367 0.100000 0.731901 0.438174 0.560408 0.872551 1.381252 0.451293 0.283485 0.495284 1.080927 0.714609 0.534554 0.100000 0.100000 1.470590 0.323845 0.100000 0.100000 0.343138 1.324684 1.436215 0.871729 0.161227 0.666907 0.965465 0.100000 0.100000 0.811424 0.100000 0.100000 0.518788 0.100000 0.451482 0.215929 0.100000 1.065039 1.080524 1.352810 0.100000 0.194023 0.944035 0.325862 0.100000 0.100000 0.983524 1.600234 0.100000 0.405485 1.345047 0.129829 0.736665 0.910305 
0.629204 0.206723 0.100000 0.100000 0.100000 1.017214 0.749355 0.738045 0.682936 1.161347 0.912232 0.829978 0.251402 0.841876 0.135005 0.879690 0.100000 0.564995 0.471102 0.644144 1.241474 0.376530 1.234628 1.500861 0.189213 0.159901 0.100000 0.775498 0.957891 1.444705 0.733779 0.100000 0.100000 0.225899 0.100000 0.499515 0.100000 0.100000 0.100000 0.291515 0.100000 0.100000 0.375284 1.010087 0.744868 0.702086 0.995960 0.100000 0.100000 1.031693 0.682243 1.022834 0.575694 0.745044 0.434410 0.891794 0.590888 0.131847 0.952049 1.461908 1.253387 1.186104 0.720108 
0.771554 1.452277 0.100000 0.100000 0.193714 0.100000 1.573226 0.100000 0.700178 0.267076 0.456019 0.361739 0.371611 0.275650 0.346963 0.381253 0.971138 0.100000 0.607498 0.257350 1.539871 0.136862 0.145156 0.100000 1.046090 0.100000 0.100000 0.615788 1.301430 0.317218 0.338442 0.718213 0.251958 0.100000 0.100000 0.100000 0.442403 0.100000 0.100000 0.100000 0.833966 0.269107 0.327956 1.119902 0.833378 0.647888 1.106590 0.100000 0.100000 0.100000 0.549594 0.155734 0.432079 0.343049 0.100000 0.539706 0.513154 0.306844 0.146905 0.410668 0.460560 0.300052 0.100000 
0.100000 0.376084 0.100000 0.100000 0.100000 1.518487 0.266215 0.876646 0.898056 0.207197 1.427091 1.063368 0.100000 0.667529 0.100000 1.768001 0.100000 0.100000 1.265976 0.769435 1.621638 0.100000 0.236412 0.100000 0.338733 0.100000 0.100000 0.100000 0.358981 0.447950 0.769291 0.977454 0.758764 0.230739 0.100000 0.363915 0.729582 0.100000 0.100000 0.295270 1.356538 1.523150 0.339681 0.173846 0.786060 0.100000 1.321993 0.220128 0.328282 0.356306 0.108543 0.567773 0.776203 1.475787 0.100000 0.879627 0.100000 0.195006 0.136517 1.155139 0.100000 0.607164 1.017592 
0.702037 0.372856 0.100000 0.100000 1.211220 0.100000 0.969980 0.231715 0.599470 0.100000 0.800226 0.318672 0.100000 0.100000 0.459151 1.968596 0.100000 0.100000 0.100000 0.582526 0.847622 1.302861 0.585931 0.100000 0.302638 1.113522 0.251624 0.100000 0.100000 1.234822 1.076467 0.100000 0.212270 0.100000 0.100000 1.079670 0.624026 0.100000 0.714545 0.380579 0.166341 0.100000 0.248878 0.211017 0.665777 0.185166 0.100000 0.829902 0.392352 0.671039 0.999097 0.963837 0.100000 0.427330 0.100000 0.100000 1.674678 1.484023 0.701615 0.603787 0.648618 0.100000 0.738086 
0.281569 0.662638 0.100000 0.100000 0.100000 0.259361 0.799623 0.751241 1.214209 0.519395 0.916164 0.518284 0.558205 0.551823 0.100000 0.100000 0.186973 0.511846 0.100000 0.395691 0.303025 0.305085 0.509361 0.599088 0.690152 0.100000 0.100000 0.819080 1.525358 0.701806 0.811337 1.103212 0.100000 1.147023 0.100000 0.691072 0.381980 0.100000 0.100000 0.100000 0.133263 1.023880 0.100000 0.685589 0.670154 0.100000 0.496768 0.100000 1.249706 1.003433 0.100000 0.295842 0.659843 0.791405 0.503575 0.100000 0.100000 1.318464 0.343758 0.477519 0.258256 0.348828 0.100000 
1.187839 0.100000 0.100000 0.100000 0.100000 0.960120 1.743177 0.598018 0.749104 1.031243 0.778298 0.100000 0.620056 0.809116 0.917295 1.102981 0.100000 0.100000 0.100000 0.518730 0.272669 1.395783 0.133110 0.242840 0.104886 0.502931 0.100000 0.100000 0.566703 0.100000 0.100000 0.133264 0.645335 0.100000 1.148754 0.949337 0.358358 0.100000 0.551157 0.100000 0.373840 0.100000 0.203485 0.309557 0.100000 0.100000 0.491231 0.401342 0.100000 1.258634 1.225154 0.253895 0.663898 0.354317 0.100000 0.963768 0.100000 0.284252 0.100000 0.609935 0.100000 0.332049 1.293886 
0.341416 0.919918 0.100000 0.504448 0.100000 0.612108 1.051072 0.410106 0.100000 1.115458 1.088456 0.692690 0.100000 0.595271 0.100000 0.374575 0.475052 0.100000 0.100000 0.485581 1.056356 1.047545 0.100000 0.100000 0.100000 0.455130 0.289808 0.529933 0.497770 0.816043 1.353398 0.100000 0.100000 0.286848 0.933982 0.100000 1.670969 0.708221 0.370405 0.100000 0.465405 0.684446 0.122673 0.471160 0.100000 0.507624 0.100000 0.100000 0.632669 0.604812 1.064201 0.123418 0.100000 0.855930 0.100000 0.100000 0.457946 0.320505 0.100000 0.738428 0.100000 0.655995 0.100000 
0.151428 1.149133 0.100000 1.021762 0.100000 0.100000 1.448006 0.777653 0.729781 0.851893 1.552093 0.100000 0.316138 1.136853 1.020359 0.394442 0.100000 0.100000 0.128926 0.100000 0.786998 0.100000 0.364817 0.100000 0.236777 0.522068 0.100000 0.862969 0.132328 1.663877 0.820839 1.111855 0.100000 1.669134 0.100000 0.379890 0.536476 0.797709 0.100000 0.576271 0.323290 0.541145 0.116742 0.336357 0.742935 0.733710 0.986646 0.651202 0.100000 0.182895 0.532406 0.100000 2.178515 0.474235 0.600924 0.165756 1.037624 0.749607 0.233853 1.318149 0.100000 0.690895 0.100000 
0.300707 0.100000 0.645897 1.015960 0.100000 0.145330 0.869525 0.944313 0.211106 0.344039 1.491181 0.100000 1.380537 0.100000 0.100000 0.798898 0.100000 0.100000 0.100000 0.539598 1.488801 0.100000 1.069942 0.633973 0.100000 0.175709 0.100000 0.266469 1.575347 0.543559 1.204749 0.100000 0.102180 0.100000 0.100000 0.100000 0.435973 0.100000 0.353293 0.405890 0.584629 0.100000 0.499956 0.803028 0.750267 0.109263 0.937653 0.180487 0.335271 0.592115 0.100000 0.229936 0.100000 0.100000 0.728163 0.222395 0.821015 0.881670 0.317117 0.704626 0.624941 0.100000 0.448629 
0.100000 0.845218 0.100000 0.100000 0.100000 0.332511 1.128257 0.100000 0.100000 0.266257 0.946184 0.360257 0.617998 0.100000 0.339362 0.598479 0.100000 0.100000 0.436215 0.100000 1.255148 0.100000 0.941598 0.269194 0.100000 0.404248 0.100000 0.310252 0.643707 0.100000 0.366322 0.735423 0.673788 0.328683 0.261404 0.367800 0.163432 0.875381 0.264383 0.414835 0.260334 0.177887 0.196145 0.100000 0.910774 0.287971 0.989262 1.044563 0.100000 0.642002 0.649811 0.123354 0.726368 0.100000 0.100000 0.605764 0.100000 0.393378 0.774516 0.417226 0.100000 0.432769 0.743555 
1.092665 0.993835 1.096517 0.100000 0.658486 0.555833 1.291348 0.833132 0.668736 0.344724 1.205483 0.100000 0.374878 0.428867 0.100000 1.335791 0.100000 0.286610 0.100000 0.100000 1.331305 0.100000 0.158155 1.202152 0.100000 1.232127 0.100000 0.118293 0.571672 0.614665 0.100000 1.434365 0.181075 0.499536 0.100000 0.100000 0.698417 0.838823 0.507943 0.100000 0.534784 0.100000 0.493219 0.100000 1.568661 1.133142 0.339059 0.100000 0.800229 0.779235 0.192276 0.662645 0.100000 0.877324 0.100000 0.123477 0.108591 0.113368 0.559006 0.630461 0.100000 0.316179 0.251773 
0.696735 0.176136 0.100000 1.075377 0.742574 0.306532 1.119358 1.139378 1.476977 0.478992 1.202140 0.240886 0.131917 0.926647 0.100000 1.638245 0.100000 1.008199 0.462395 1.139007 0.836177 1.231757 0.439335 0.513642 0.361103 0.707356 0.100000 0.100000 0.586828 0.295457 0.650331 1.396070 0.100000 0.172717 0.100000 0.269959 0.875836 0.512841 1.032479 0.100000 0.186541 0.342695 0.616127 0.483973 0.389459 0.218586 0.766602 0.100000 0.601650 0.100000 0.619409 0.466395 0.513232 0.523870 0.283783 0.100000 0.486303 0.351791 0.775687 0.519341 0.100000 1.495244 1.099820 
0.209116 1.103844 0.275754 0.129581 0.100000 0.339385 1.318055 1.194020 0.608803 0.333878 1.774503 0.663316 0.656459 0.664273 0.100000 0.357219 0.100000 0.118426 0.589017 1.012648 1.292586 0.186576 0.740323 0.771776 0.581762 0.583372 0.787285 0.100000 1.167682 0.269050 0.704529 0.121410 0.100000 0.237767 0.100000 1.330432 0.100000 0.100000 0.100000 0.818159 1.058102 0.121010 1.187731 0.998972 0.589202 0.853254 0.410001 0.100000 0.100000 0.301733 0.100000 0.850020 0.445073 0.953193 0.317836 0.439439 0.949293 1.029956 0.616487 1.288329 0.100000 0.100000 0.153869 
0.100000 0.100000 0.100000 0.203682 0.100000 0.292046 0.378805 0.221483 0.100000 0.197453 0.964230 0.153234 0.100000 0.807566 0.100000 0.904119 0.497747 0.100000 0.100000 0.100000 1.411124 0.158367 0.480966 0.100000 0.598884 0.764955 0.100000 0.777144 0.100000 1.131288 0.675252 1.728828 0.100000 0.849801 0.393754 0.364397 0.100000 0.429552 0.470910 0.100000 0.662773 0.543805 0.573372 1.174414 0.536478 0.100000 0.144442 0.100000 1.083183 1.608398 0.766230 0.100000 1.460120 0.264004 0.100000 0.573065 0.146867 0.450327 0.752964 1.495703 0.565511 0.255009 0.160999 
0.185251 0.646958 0.100000 0.426571 0.100000 0.796119 0.952412 0.330115 0.561782 0.888600 1.419417 0.694651 0.100000 0.773977 0.724914 0.544682 0.100000 0.590452 0.541987 0.883854 0.851028 0.294641 0.324685 1.055397 0.147908 0.437061 0.100000 0.100000 0.100000 0.215154 0.473151 0.867384 1.329341 0.834436 0.430979 0.436049 1.514522 0.100000 0.127750 0.347491 0.739679 0.284466 0.807530 1.164030 1.073817 0.100000 0.483061 0.963603 1.309591 0.899553 0.476700 1.323401 0.100000 0.192468 0.576355 0.676476 0.614884 0.610671 0.602186 0.419547 0.271524 0.217767 0.100000 
0.425449 1.010263 0.607451 0.298060 0.757379 1.545880 0.981509 0.235304 0.901555 1.031732 1.775567 0.668026 0.100000 0.527161 0.686138 0.658673 0.499676 0.355087 0.618550 0.100000 0.583941 0.100000 0.100000 0.100000 0.100000 0.959992 0.100000 0.575039 0.452561 0.863480 0.574536 0.339579 0.571820 0.259926 0.100000 0.787593 1.866075 0.100417 0.100000 0.100000 1.950821 0.387945 0.100000 0.237777 1.626593 0.120968 0.100000 0.100000 0.224558 0.678577 0.418830 1.038411 0.100000 0.158090 0.494992 0.400476 0.100000 0.490290 0.994848 0.980179 0.248789 0.551516 0.100000 
0.598823 0.856219 0.120044 0.154106 0.820073 0.100000 0.797937 1.184049 0.414657 0.891275 0.978123 1.079299 0.580027 0.555568 0.100000 0.573740 0.100000 0.100000 0.100000 0.312588 0.100000 1.009581 1.230018 0.100000 0.100000 1.159777 0.448604 0.100000 0.902247 0.224502 0.237473 1.048571 0.100000 0.100000 1.367598 0.410810 1.110384 0.100000 0.611692 0.100000 0.677651 1.238797 0.100000 0.740676 1.019615 0.100000 0.809619 0.344968 0.455170 1.190313 0.825017 0.351973 0.100000 0.100000 0.100000 0.100000 0.620625 0.506614 0.884343 0.100000 0.716631 0.725258 0.499197 
