54 Number of operations
21 Number of workers
Standard production times
0.436826 0.198809 0.331604 0.391055 0.455688 0.283821 0.369697 0.170513 0.277800 0.162097 0.574453 0.396892 0.633336 0.100000 0.551241 0.100000 0.330241 0.100000 0.539262 0.512992 0.495972 0.340811 0.315938 0.228077 0.318417 0.649516 0.100000 0.100000 0.538062 0.585624 0.717307 0.480261 0.146062 0.493841 0.660772 0.646257 0.445896 0.454722 0.266643 0.360484 0.497204 0.572092 0.100000 0.238532 0.100000 0.618461 0.282133 0.597837 0.392383 0.644536 0.657231 0.431644 0.169275 0.413947 
Production times: workers row and ops columns
0.219068 0.100000 0.100000 0.504738 0.515681 0.433165 1.280347 0.350813 0.415933 0.100000 0.825086 0.772524 1.246993 0.100000 0.952351 0.712332 0.444887 0.455068 0.948305 0.100000 0.224670 0.100000 0.758621 0.578682 0.100000 0.695861 0.493943 0.100000 0.499623 1.327349 0.100000 0.363034 0.289696 0.895911 0.530522 0.105273 0.868542 1.099944 0.100000 0.277715 0.683102 0.634087 0.100000 0.183027 0.124997 0.900379 0.114219 0.769565 0.828923 0.100000 0.508210 0.801665 0.675421 0.100000 
0.679047 0.100000 0.578243 0.761765 1.128592 0.100000 0.160019 0.100000 0.776090 0.100000 0.100000 0.126793 0.965039 0.100000 0.100000 0.100000 0.342468 0.110963 0.495170 0.449680 0.638414 0.476487 0.100000 0.100000 0.989753 0.100000 0.862083 0.196269 0.154330 1.199541 0.771358 0.601168 0.228911 0.100000 1.307674 0.651666 0.426181 0.100000 0.100000 0.313917 0.533904 0.171441 0.100000 0.100000 1.011366 1.248500 0.983238 0.100000 0.147897 0.271254 0.432209 0.625406 0.100000 0.100000 
0.411343 0.197763 0.311752 0.148560 0.699037 0.100000 0.549425 0.849305 0.100000 0.945692 0.535120 0.102305 1.276904 0.100000 0.370013 0.100000 0.100000 0.492338 0.873309 0.444279 0.142537 0.117170 0.607096 1.105114 0.100000 0.707004 0.511576 0.100000 0.461942 0.423059 1.580268 0.413794 0.100000 1.595354 0.540828 0.777036 0.642103 0.863813 1.230925 0.100000 1.244664 0.466297 0.110698 0.100000 0.100000 0.215040 0.146165 0.953429 0.446091 0.533783 1.438742 0.147429 0.212608 0.100000 
0.100000 0.100000 0.476696 0.735512 0.570888 0.367901 0.500652 0.100000 0.287309 0.728720 0.100000 0.483002 0.305203 0.363206 0.100000 0.148363 0.418064 0.100000 1.562489 0.461501 0.607200 0.100000 1.242942 0.701756 1.431454 1.487280 0.100000 0.640063 1.494787 0.760852 0.647198 0.100000 0.189130 0.100000 1.287347 0.782047 0.939740 0.437957 0.996349 0.100000 1.551105 1.021120 0.195855 0.188236 0.100000 0.824514 0.356892 0.603481 0.342046 0.529418 0.889714 1.212708 0.354314 1.257391 
0.348561 0.451311 0.100000 0.441074 0.100000 0.992010 0.272223 0.100000 0.445809 1.026126 0.100000 1.462696 0.100000 0.260203 0.480846 0.490215 0.100000 0.349154 0.100000 0.100000 0.351818 0.309055 0.100000 0.471212 1.130596 1.351122 0.100000 0.613239 1.038992 0.177932 0.183419 0.308551 0.100000 0.812170 0.777818 0.617344 1.303414 0.203187 0.667510 0.275551 0.417879 1.473841 0.100000 0.100000 0.100000 0.578720 0.100000 0.684605 2.050517 0.308801 1.240137 0.843488 0.100000 1.222516 
0.966787 0.136311 1.001990 0.100000 0.100000 0.517643 1.122153 0.669884 0.100000 0.340689 0.160889 0.352813 0.253784 0.100000 0.694781 0.152036 0.100000 0.747723 0.178566 0.517895 0.771727 0.100000 0.844830 0.385529 0.265653 0.823508 0.100000 1.160801 0.100000 0.649276 0.746766 0.594006 0.362608 0.101646 0.510912 0.664169 0.200087 1.264075 0.967917 0.100000 0.601133 0.428937 0.100000 0.237451 0.100000 1.205673 0.169075 0.722010 0.705131 0.936855 0.592105 0.100000 0.143529 1.157795 
0.277437 0.683839 0.100000 0.669956 0.590591 0.419876 0.100000 0.514734 0.811932 0.100000 0.589791 0.100000 0.136384 0.100000 1.015795 0.100000 0.100000 0.100000 1.118536 0.387696 0.481407 0.805128 0.836895 0.116825 1.593215 1.395914 0.100000 0.213020 0.933507 0.615627 0.100000 0.790700 0.395402 0.634754 0.378062 0.720249 0.778378 0.602858 0.316811 0.100000 0.100000 0.846758 0.600933 0.100000 0.625751 1.006233 0.838842 0.899930 0.481783 0.100000 0.653590 0.222592 0.120189 1.022230 
0.100000 0.100000 0.715498 0.292296 0.198450 0.100000 0.849168 0.681612 0.208956 1.174557 1.162985 0.162408 0.623109 0.100000 0.963844 0.100000 0.100000 1.118586 0.606456 0.100000 1.041831 1.061805 0.607075 0.100000 0.634151 0.416607 0.100000 0.100000 0.758950 1.237141 0.832054 0.622807 0.100000 0.356430 0.331356 0.768175 0.168204 0.105502 1.100944 0.100000 0.597576 0.100000 0.100000 0.100000 0.433462 0.209429 0.302453 0.513921 0.414963 1.606892 0.261611 0.100000 0.297256 0.509270 
0.100000 0.850102 0.319273 0.741568 0.750405 0.100000 0.742747 0.100000 0.100000 0.667023 1.467831 0.229274 0.795578 1.125608 0.220595 0.100000 0.123536 1.036021 1.022845 1.085204 0.119694 0.205329 0.100000 0.913910 0.100000 0.738684 0.100000 0.100000 0.151991 0.756569 0.984137 0.688679 0.727218 0.895753 0.481948 0.529264 0.100000 0.271613 1.004995 0.124352 0.858209 0.350014 0.100000 0.153436 0.100000 1.611924 0.381763 0.100000 0.597649 0.545398 0.476504 0.100000 0.100000 0.429326 
1.003347 0.459526 0.310196 0.404587 0.160489 0.849150 0.469934 0.739692 0.362119 0.100000 0.100000 1.472632 0.219468 1.117971 0.100000 0.100000 0.290379 0.540588 0.262383 1.021065 0.100000 0.100000 0.579723 0.100000 0.100000 0.553503 0.100000 0.653710 0.100000 0.377575 0.788663 0.271843 0.500726 0.430857 0.663994 0.479327 0.100000 0.100000 0.298794 0.555902 1.120112 0.100000 0.100000 0.100000 0.436663 1.522408 0.655763 1.101436 0.100000 0.962500 0.847861 1.134834 0.100000 0.290495 
0.549493 0.227266 0.100000 0.739947 0.100000 0.610975 0.100000 1.068514 0.286566 0.100000 1.014384 0.404913 0.127454 0.643792 0.100000 0.471667 0.879072 0.934003 0.100000 0.698229 0.658320 1.247515 0.100000 0.355190 0.370027 1.042175 0.496027 0.100000 1.551367 1.041088 1.591318 0.508185 0.589849 0.689927 1.269626 1.369856 0.100000 0.638595 0.292778 0.945043 1.037544 1.219312 0.149198 0.131193 0.622949 0.349091 0.100000 0.128197 0.986900 0.118440 0.100000 0.100000 0.229153 0.529173 
0.467159 0.261026 0.100000 0.931956 0.267320 0.194849 0.398424 0.100000 0.745714 0.284644 0.100000 0.907674 0.683352 0.702168 1.234953 0.417380 0.830086 0.100000 0.957087 0.100000 0.894115 0.100000 0.481148 0.173293 0.590952 0.234193 1.486652 0.662547 0.919761 0.365369 0.758141 1.281650 0.565117 0.496821 0.222093 0.712023 0.576071 0.263414 1.580084 0.962454 0.307546 0.545438 0.100000 0.848672 0.100000 0.100000 0.210406 0.317143 0.385179 0.835197 0.544995 0.731311 0.816536 0.404759 
0.100000 0.726451 1.422746 0.100000 0.100000 0.100000 0.737972 0.100000 0.100000 0.100000 0.569194 0.524964 0.487007 0.100000 0.652163 0.585163 0.398798 0.156099 0.100000 0.537922 0.100000 0.726291 0.426964 0.516973 0.361116 0.656006 0.995659 0.710165 0.100000 0.324752 0.813316 0.927694 0.100000 0.100000 0.446439 0.423353 0.100000 0.936998 0.705411 0.127632 1.102207 0.415074 0.367198 0.712727 0.176715 0.396702 0.100000 0.335934 1.436595 0.764339 0.100000 0.100000 0.100000 0.178668 
0.572056 0.233778 0.471277 0.100000 1.190533 0.579645 0.100000 0.100000 0.679016 0.100000 0.744721 0.586790 0.234436 0.100000 1.056104 0.100000 0.718563 0.100000 0.621481 1.235089 0.222116 0.100000 1.129030 0.460485 0.600537 0.100000 0.222949 0.316327 0.101686 0.248555 0.602975 0.894844 0.278998 0.100000 0.100000 0.597971 0.425211 0.881205 0.489896 0.253148 1.467270 0.494898 0.100000 0.100000 0.254610 0.679612 0.100000 0.432346 0.622790 0.100000 0.475296 0.381036 0.100000 0.100000 
0.100000 0.100000 1.292189 0.795912 0.271270 0.813291 0.288154 0.470813 0.100000 0.100000 0.964301 0.830793 0.100000 0.100000 0.461755 0.100000 0.219279 0.100000 0.800000 0.100000 0.456790 1.180791 0.100000 0.107735 0.816073 0.854075 0.729137 0.100000 0.786374 0.513379 1.150769 0.598766 0.100000 0.598635 1.064264 0.100000 0.567307 0.776633 0.942139 0.100000 0.631756 0.609888 0.267302 0.188503 0.703478 1.188697 0.100000 0.100000 0.912717 0.252556 0.212297 0.270878 0.100000 0.237921 
0.292093 0.446810 0.676725 0.100000 0.928244 0.100000 0.775044 1.017113 0.100000 0.100000 1.457303 0.145157 1.168788 0.611724 0.100000 0.341937 0.423296 0.100000 0.987248 0.100000 0.880417 0.809951 0.728663 0.363565 0.100000 0.859680 0.100000 0.100000 1.212258 0.884980 0.224644 0.628038 0.670714 0.935124 1.044521 0.100000 0.531147 0.100000 0.510291 0.945128 0.862308 0.461705 0.417449 0.332479 1.180743 0.543440 0.100000 0.672830 0.993756 1.111883 0.732836 1.250241 0.865210 0.100000 
0.644941 0.848789 0.754163 0.615117 0.978244 0.100000 0.799982 0.146933 0.670779 0.906928 0.579113 0.600056 0.705352 0.100000 0.713912 0.100000 0.547985 0.100000 0.100000 0.594291 0.844259 1.198829 0.610949 0.185663 0.457778 0.233062 0.100000 0.100000 1.260015 0.100000 1.580912 0.402240 0.100000 0.100000 1.494734 1.006979 0.188773 0.551235 0.295359 0.118664 0.386411 0.309140 0.244160 0.942490 0.495915 0.694955 0.975570 1.120797 0.100000 0.100000 0.100000 1.260091 0.100000 0.115216 
0.416030 0.100000 0.291207 0.100000 0.396898 0.554423 0.100000 0.751184 0.140965 0.100000 0.496752 1.131563 0.809656 0.100000 0.100000 0.100000 0.100000 0.100000 0.100000 0.577407 0.100000 0.763782 0.150386 0.100000 0.115650 0.287961 0.100000 0.594960 0.843907 0.790643 0.100000 1.871180 0.100000 0.100000 0.166748 0.566468 0.463374 0.827476 0.100000 1.305809 0.154655 0.919213 0.100000 0.100000 0.100000 0.631071 0.765388 0.155893 0.499106 0.350203 0.836315 0.100000 0.356319 0.100000 
0.926047 0.671837 0.540800 0.915700 0.948342 0.426463 0.100000 0.100000 0.754187 1.198068 1.108652 0.463463 0.750441 0.100000 1.241685 0.100000 0.137744 0.100000 0.547256 1.250545 0.100000 0.100000 0.477882 0.702435 0.210074 0.229239 0.551621 0.100000 1.303149 0.103433 1.162017 0.100000 0.100000 0.100000 1.794982 0.242280 0.100000 0.174159 1.012137 0.536875 0.721181 0.515391 0.100000 0.100000 0.318545 0.565775 0.721508 0.100000 0.577059 0.655822 1.216450 0.157161 0.492990 0.100000 
0.100000 0.100000 0.123859 0.185651 0.410507 0.718944 0.855639 0.100000 1.277687 0.375221 0.138836 0.100000 0.430851 0.100000 1.429255 0.100000 0.100000 0.100000 0.317821 0.100000 0.100000 0.419461 0.445083 0.307465 0.100000 0.972369 0.393026 0.100000 0.298140 1.173025 0.844797 0.107895 0.611832 0.286965 0.690174 0.280312 0.481289 0.649032 0.622329 0.541692 1.042553 0.258494 0.100000 0.100000 0.100000 0.800211 0.100000 0.795728 0.145246 0.825494 1.045590 0.256446 0.100000 0.130145 
0.473354 0.718835 0.100000 0.100000 0.161209 0.100000 0.377309 0.100000 0.387110 0.100000 0.438001 0.822176 0.491020 0.100000 0.384786 0.918095 0.545959 0.100000 0.227192 0.527592 1.231079 0.100000 0.100000 0.100000 0.100000 0.120713 0.162442 0.100000 0.576233 0.994987 1.290598 0.717205 0.353349 0.100000 0.170928 0.668717 0.407937 0.592690 0.100000 0.387707 0.100000 1.052347 0.100000 0.345693 0.331052 0.918686 0.100000 1.199876 1.378282 0.381606 0.353272 0.345307 0.689386 0.922732 
