51 Number of operations
21 Number of workers
Standard production times
0.568828 0.576030 0.100000 0.365388 0.233006 0.174549 0.394368 0.288306 0.665057 0.748891 0.334017 0.331654 0.268163 0.479182 0.209502 0.564194 0.359905 0.142870 0.293089 0.317685 0.452590 0.303664 0.174290 0.240288 0.549479 0.506944 0.460291 0.331788 0.451039 0.494966 0.256394 0.285866 0.357990 0.293076 0.267545 0.790983 0.683888 0.361456 0.510103 0.622274 0.374585 0.530779 0.432874 0.592278 0.711027 0.152058 0.270332 0.318423 0.337974 0.483363 0.541074 
Production times: workers row and ops columns
0.761471 0.410881 0.100000 0.568962 2.140801 0.100000 0.196673 0.100000 1.195217 0.100000 0.100000 0.195617 0.100000 1.697814 0.100000 1.127578 0.100000 0.100000 0.262548 0.100000 0.407616 0.574852 0.235448 0.788669 0.533898 1.700991 0.100000 0.685673 1.153601 1.904687 1.346347 0.100000 1.625016 1.223651 0.100000 0.580969 0.619062 1.694046 0.617735 1.304337 0.698242 0.703825 0.666889 0.100000 0.853522 0.100000 0.186087 0.100000 0.270540 0.100000 1.063789 
1.060085 0.861276 0.162954 0.401057 0.947459 0.100000 1.144681 0.100000 1.178425 1.184805 0.668568 0.517515 1.076134 0.100000 0.100000 1.253710 0.100000 0.100000 0.516703 0.100000 0.814146 0.508297 0.100000 0.100000 0.840557 0.533698 0.708834 0.367299 0.100000 0.761668 0.156200 0.263138 0.224783 0.259505 0.311166 0.327983 1.549633 0.136132 0.767215 0.800896 0.100000 0.200770 0.100000 0.430611 1.197086 0.100000 0.905083 0.544103 0.471089 0.747061 0.100000 
0.654250 1.130954 0.125294 0.681764 0.245417 0.381255 0.707519 0.543385 1.612684 1.376121 0.173673 0.524299 0.100000 0.602635 0.100000 1.129323 0.100000 0.100000 0.331345 1.330713 0.100000 0.100000 0.100000 0.100000 1.077419 0.100000 0.100000 0.100000 1.136718 0.420709 0.100000 0.292113 0.547013 0.584961 0.597656 0.787147 0.489127 0.505902 0.189990 1.273760 0.972036 0.613492 0.455395 1.055100 1.029682 0.100000 0.100000 0.100000 0.100000 0.844267 0.112571 
0.456722 1.275888 0.100000 0.895085 0.167994 0.378137 0.610459 0.100000 0.486719 0.850300 0.218484 0.580278 0.100000 0.831099 0.808530 0.100000 0.283752 0.122389 0.172990 0.100000 0.149737 0.857270 0.165542 0.219605 0.365309 0.100000 0.232352 0.210337 1.412145 0.691294 0.100000 0.490643 0.682326 0.678149 0.100000 0.460551 0.598218 0.374827 0.465547 0.100000 0.286727 0.217064 1.062620 0.372024 0.660760 0.100000 0.862348 0.100000 0.100000 1.161098 0.877503 
0.386389 0.613622 0.598085 0.392272 0.100000 0.514305 0.611415 0.100000 0.100000 1.320313 0.100000 0.100000 0.122403 0.365111 0.721086 0.369090 0.805206 0.568393 0.100000 0.100000 0.100000 1.246897 0.557278 0.100000 0.627296 0.836123 0.295731 0.100000 0.736192 0.906008 0.645502 0.490321 0.774705 0.558506 0.100000 0.516783 0.594523 0.179094 0.866514 1.507148 0.100000 0.100000 0.297732 1.037607 2.007697 0.634180 0.435185 0.647333 0.771736 0.100000 0.100000 
0.417900 0.537756 0.100000 0.100000 0.479443 0.580945 0.100000 0.418380 0.149166 0.485388 0.100000 0.256238 0.568464 0.100000 0.133788 0.745620 0.100000 0.100000 0.100000 0.100000 0.100000 0.100000 0.418837 0.334599 0.100000 0.329268 0.100000 0.100000 0.100000 0.661176 1.248668 0.522064 0.100000 0.116648 0.100000 0.100000 0.291856 1.157051 0.723152 0.100000 0.100000 0.100000 1.287336 1.051744 0.720940 0.100000 0.352013 0.183509 0.990006 0.745528 0.603261 
0.377615 0.100000 0.251370 0.288013 0.100000 0.479792 0.272431 0.100000 0.391781 0.100000 0.744048 0.611305 0.100000 0.100000 0.100000 0.855087 0.306593 0.793817 0.383130 0.627315 0.622087 0.100000 0.648515 0.788800 0.507466 0.799768 0.377008 0.442800 0.589836 0.692143 0.974751 0.100000 0.184357 0.100000 0.619294 0.638578 1.045142 0.533222 0.100000 0.307215 0.693586 0.208363 0.879928 0.297392 0.337140 0.100000 0.118102 0.100000 0.100000 0.100000 0.100000 
0.842525 1.016456 0.298312 0.956173 0.146342 0.370842 0.252386 0.974031 0.469651 1.136193 0.229914 0.923667 0.346317 0.991751 0.166214 1.631463 0.547635 0.350345 0.100000 0.165511 0.430981 0.296867 0.100000 0.918703 0.100000 0.196780 0.378759 0.311358 0.697167 0.603244 0.100000 0.100000 0.100000 0.100000 0.462318 1.182462 0.100000 1.930346 0.727139 1.853493 0.806736 0.100000 0.641126 1.620812 1.170183 0.100000 0.100000 0.410897 0.324398 0.100000 0.758083 
0.100000 1.767700 0.100000 0.100000 0.191984 0.100000 0.569325 0.100000 1.045275 0.100000 0.249868 0.653449 0.710269 0.653424 0.100000 1.450452 0.102790 0.100000 0.865725 0.100000 0.100000 0.908652 0.546158 0.292323 0.100000 0.540899 0.728924 0.100000 0.721194 0.562156 0.340764 0.254757 0.495817 0.100000 0.795584 1.509681 1.392197 0.323853 1.063350 0.518129 0.544152 0.864666 0.100000 0.780739 0.652553 0.473256 0.308972 0.828849 0.132678 0.501157 0.562643 
1.073720 0.100000 0.270182 0.966603 0.100000 0.291400 0.443662 0.531768 0.512937 0.100000 0.100000 0.100000 0.466385 0.236252 0.100000 0.759763 0.302899 0.100000 0.100000 0.445591 0.100000 0.100000 0.455583 0.239055 0.648243 0.100000 0.548990 0.177504 0.424595 0.888127 0.100000 0.277449 0.151347 0.100000 0.242824 1.797298 0.100000 0.321916 0.617511 1.141408 0.224403 0.351470 0.142674 1.043478 0.981955 0.100000 0.100000 0.458420 0.409557 0.100000 0.342336 
0.283609 1.779016 0.100000 0.100000 0.442530 0.603636 0.100000 0.100000 2.139254 0.856385 0.338123 0.775123 0.122381 0.244068 0.543713 0.165442 1.015861 0.386494 0.100000 0.795738 1.915924 0.412078 0.100000 0.100000 0.100000 0.862050 0.894364 0.100000 0.714395 0.619638 0.789547 0.773514 0.941476 0.815281 0.789792 1.461448 0.405517 0.222853 0.100000 0.912709 0.697688 0.625776 0.100000 0.730842 0.451810 0.100000 0.100000 0.860999 0.226894 0.614529 0.425722 
0.622805 0.488890 0.354990 1.284867 0.222369 0.284312 0.351023 0.260973 1.175621 0.707043 1.092173 0.722877 0.100000 0.675103 0.292136 0.100000 0.100000 0.706341 0.779713 0.217467 0.934144 0.100000 0.585590 0.731827 0.813638 0.700444 0.599003 0.100000 0.433337 2.008314 0.100000 0.100000 0.878388 0.234375 0.100000 0.529833 1.687708 0.868139 0.443099 1.274598 0.100000 1.206134 0.100000 0.117649 0.319599 0.332645 0.100000 0.787159 0.188087 0.100000 1.624049 
0.217778 1.585780 0.100000 0.974198 0.782638 0.950140 0.100000 0.958295 1.565705 0.533471 0.100000 0.293552 1.510804 0.129296 0.142355 0.414803 0.431886 0.333139 0.124595 1.037164 0.247674 0.617772 0.100000 0.100000 1.324441 0.100000 0.100000 0.100000 0.599906 0.100000 0.975676 0.500755 0.100000 0.100000 0.450458 0.352148 1.233740 0.628803 0.100000 0.659134 0.703239 0.100000 0.888944 0.100000 0.525615 0.225934 0.568806 0.816415 0.475863 0.271541 0.100000 
0.430982 0.295430 0.100000 0.954227 0.100000 0.184082 1.000826 0.100000 1.193274 1.031219 0.389688 0.650093 0.100000 1.367434 0.254093 0.315279 0.385641 0.100000 1.000067 0.100000 0.880905 0.831090 0.341124 0.819505 0.100000 0.100000 0.427112 0.904843 0.525574 0.250867 0.100000 0.274452 0.448390 0.100000 0.884317 1.829090 1.316672 0.100000 0.605493 0.860314 0.384394 0.556704 1.731990 0.562896 1.185452 0.100000 0.683877 1.539133 0.646794 0.943866 1.026173 
0.333262 0.830442 0.100000 0.617795 0.100000 0.100000 0.100000 0.289858 0.418141 0.600662 0.686490 0.100000 0.336693 0.835323 1.150617 0.255368 0.765986 0.100000 0.193216 0.563281 0.526242 0.807843 1.217553 1.084899 0.552590 0.654548 0.313630 0.952985 0.100000 0.100000 0.536301 0.100000 0.316459 1.060484 0.172195 0.924172 0.100000 0.910900 0.100000 1.102905 0.297441 0.402064 1.134456 1.067850 1.094742 0.100000 0.496756 1.701648 0.423505 0.100000 0.100000 
0.395950 0.834519 0.100000 0.100000 0.100000 0.517205 0.100000 0.220087 0.233819 1.693995 0.393983 0.502986 0.443357 0.100000 0.100000 1.098904 0.100000 0.100000 1.000682 0.100000 0.660097 0.384115 0.396127 0.565426 0.992310 0.100000 0.318176 0.447451 0.542230 0.186031 0.100000 0.100000 0.100000 0.875157 0.368451 1.104966 0.977150 0.100000 0.883990 0.979254 0.361480 0.438575 0.640472 1.296190 0.100000 0.619690 0.100000 1.037257 0.625108 0.100000 0.100000 
0.219306 0.752429 0.223743 0.100000 0.175697 0.100000 0.100000 0.126506 0.534062 0.240530 0.593733 0.660738 0.100000 0.107382 0.100000 0.457146 0.647109 0.844747 0.100000 0.100000 0.269150 0.511779 0.100000 0.100000 0.870897 0.367767 0.100000 0.100000 0.349811 0.100000 0.100000 1.260731 0.100000 0.903057 0.381404 0.982672 0.293334 0.444695 0.885444 0.287287 0.562750 0.100000 0.404198 0.100000 1.157885 0.100000 0.158226 0.421425 0.100000 1.525919 0.825282 
0.416401 1.523394 0.100000 0.702412 0.755791 1.314056 0.646060 1.087562 0.138177 0.170623 0.225889 0.100000 0.165962 0.817878 0.100000 0.100000 1.415334 0.100000 0.100000 0.100000 0.823776 0.772070 0.957048 0.744202 1.066944 0.100000 0.467892 1.373347 0.242454 0.779150 0.100000 0.256472 0.100000 0.562849 0.980891 0.423651 0.544632 0.720893 0.100000 0.604457 0.280899 0.203617 0.405332 0.100000 0.100000 0.400890 0.135491 0.478754 0.812020 0.462122 0.673437 
1.119046 0.176428 0.100000 0.516980 0.176784 1.036065 0.100000 0.100000 0.737102 0.922872 1.096664 0.624706 0.100000 0.446679 0.100000 0.100000 0.100000 0.100000 0.937197 0.421962 0.100000 0.100000 0.489998 0.100438 0.867680 0.565770 0.100000 0.100000 0.792562 0.443043 0.100000 0.100000 0.721257 1.540882 0.182042 0.770524 0.309437 0.100000 0.910397 0.862670 0.269481 0.346812 0.100000 0.171307 1.225941 0.100000 0.100000 0.546538 0.100000 0.100000 0.869786 
0.716624 0.696935 0.294077 1.015921 0.966915 0.100000 0.980584 0.502490 0.100000 1.311123 0.987690 0.100000 0.100000 1.174461 0.100000 0.519528 0.100000 0.250722 0.625562 0.429465 0.977640 0.100000 0.100000 0.100000 0.412618 0.100000 0.553692 0.100000 0.100000 0.249820 0.488104 0.128263 0.100000 0.548545 0.648587 1.065768 0.548863 0.494551 0.100000 0.749661 0.175797 0.150183 0.100000 0.697938 0.555385 0.630071 0.195309 0.323085 0.948055 0.314876 0.100000 
1.372788 0.100655 0.100000 0.343672 0.126757 0.100000 0.379930 1.358929 1.525832 0.862596 0.100000 0.100000 0.100000 0.318317 0.100000 0.836040 0.100000 0.459334 0.665963 0.100000 0.705611 0.329951 0.100000 0.425027 0.462718 1.743509 0.444298 0.100000 0.330576 0.100000 1.540084 0.396880 0.100000 0.100000 0.621352 0.281402 0.258053 0.414916 0.134169 0.582872 0.730418 1.120096 1.381302 0.887459 1.244159 1.624242 0.100000 0.100000 0.100000 1.077968 0.513833 
