49 Number of operations
16 Number of workers
Standard production times
0.395487 0.532490 0.222502 0.307822 0.261232 0.472611 0.856732 0.348992 0.510849 0.592732 0.929213 0.391227 0.206876 0.575733 0.100000 0.623915 0.189126 0.198222 0.386496 0.383715 0.967043 0.350765 0.541102 0.253267 0.159032 0.456081 0.295062 0.100000 0.627160 0.519564 0.619080 0.716055 0.419631 0.380416 0.100000 0.410165 0.555420 0.278717 0.305743 0.100000 0.571778 0.269913 0.412373 0.663896 0.543813 0.237312 0.591981 0.366152 0.400966 
Production times: workers row and ops columns
0.541205 1.186482 0.364207 0.706782 0.100000 0.970763 0.705480 0.846996 0.436303 0.329571 0.934116 0.754447 0.781358 0.681421 0.734153 0.363628 0.100000 0.100000 0.517934 0.582611 1.196923 0.358077 1.048152 0.484834 0.409478 0.566408 0.154029 0.980179 1.277209 0.181317 0.636926 0.570061 0.705415 0.308552 0.276350 0.927643 0.100000 0.499171 0.100000 0.100000 0.653658 0.587939 0.395319 0.907463 0.661791 0.100000 0.773698 0.575185 0.100000 
0.564970 0.420631 0.188407 0.100000 0.381953 0.435139 0.791054 0.602300 0.844981 0.735477 0.873692 0.752197 0.128549 0.567704 0.210287 0.957674 0.226844 0.155741 0.471334 1.072410 0.619624 0.443947 0.693122 0.622639 0.159714 1.062877 0.364001 0.100000 1.068773 0.383534 0.895761 0.680905 0.702999 0.828184 0.553437 0.478248 0.724544 0.325534 0.920158 0.306876 0.562396 0.100000 0.684758 0.818755 0.458812 0.718816 0.882839 0.800893 0.446234 
0.593229 0.482143 0.100000 1.021612 0.525456 0.100000 1.571851 0.174950 1.130060 1.130638 1.378272 0.100000 0.100000 0.509071 0.100000 0.488167 0.100000 0.549457 0.957990 0.100000 1.702360 0.100000 0.864104 0.100000 0.923714 0.100000 0.149300 0.100000 0.871455 0.480447 0.906319 0.344093 1.040500 0.100000 0.100000 0.723279 0.407072 1.087152 0.100000 0.100000 0.210171 1.018263 1.139065 0.312708 0.367211 0.100000 0.961912 0.595402 0.100000 
0.200970 0.118594 0.630456 0.422696 0.514220 0.346774 1.123825 0.308274 0.531620 0.457543 0.786698 1.228556 0.391797 0.651529 0.100000 0.962688 0.260370 0.109027 0.194909 0.248613 0.809234 0.648650 0.829030 0.100000 0.100000 0.428650 0.595149 0.100000 1.496546 0.349753 0.407162 0.744897 0.254998 0.354386 0.109591 0.860169 0.735873 0.325312 0.304633 0.100000 0.884511 0.100000 0.251717 0.731063 0.100000 0.381793 0.811496 0.643958 0.898961 
0.280102 0.100000 0.369763 0.633724 0.181866 0.781599 1.147429 0.563089 0.256200 0.872956 0.960200 0.868156 0.100000 0.720285 0.166548 0.856712 0.416430 0.656200 0.685337 0.696825 1.199786 0.449085 0.772497 0.686061 0.100000 0.601272 0.264252 0.429300 1.406417 0.533678 0.880413 0.707869 1.201744 0.413087 0.809917 0.597476 0.496876 0.100000 0.650098 0.100000 0.833824 0.100000 0.938016 1.295387 0.619174 0.672982 0.654600 0.235300 0.195312 
0.100000 1.270148 0.312193 0.937525 0.589121 0.714155 1.338244 0.188938 0.304312 1.135895 0.745924 0.384584 0.100000 0.100000 0.484812 1.738835 0.100000 0.403819 0.511302 0.182398 0.805460 0.274243 0.100000 0.100000 0.236194 0.335895 0.100000 0.100000 0.551072 0.263957 0.689606 0.231146 0.100875 0.995886 0.100000 0.923751 0.828683 1.415511 0.100000 0.100000 0.412790 0.578658 0.494718 0.479985 0.100000 0.100000 0.621858 0.233056 0.549772 
0.100000 0.100000 0.100000 0.147383 0.215814 0.439398 0.803335 0.100000 1.132348 0.685929 0.661277 0.906951 0.100000 0.989778 0.100000 0.492213 0.100000 0.543085 0.196178 0.100000 1.135020 0.100000 0.636013 0.100000 0.100000 0.149336 0.100000 0.515503 0.100000 0.438695 0.364430 0.895078 0.544801 0.100000 0.100000 0.100000 0.877577 0.184289 0.100000 0.100000 0.178073 0.553963 0.648469 0.756712 0.934195 0.100000 0.346553 0.100000 0.100000 
1.028439 0.744618 0.100000 0.181738 0.164240 0.455619 0.615652 0.539483 1.108597 1.265456 1.316523 0.335577 0.100402 0.941661 0.145777 0.615111 0.100000 0.280773 0.682212 0.275438 1.593133 1.129905 0.299616 0.100000 0.155905 0.973393 0.100000 0.769151 0.655330 0.754759 0.475255 0.412504 0.817635 0.202476 0.219464 0.387256 0.674332 0.361005 0.245244 0.350816 0.998179 0.360906 0.771746 0.443536 0.230048 0.208556 1.270916 0.100000 0.163956 
0.546400 0.747397 0.100000 0.100000 0.617862 0.693733 0.740091 0.394909 0.100000 0.140395 1.072599 0.382722 0.100000 0.100000 0.427329 0.616584 0.100000 0.163461 0.911322 0.313607 1.102398 0.100000 0.247628 0.177055 0.202016 0.100000 0.100000 0.100000 0.100000 0.280974 0.763174 0.755987 0.450910 0.100000 0.304435 0.414238 0.616588 0.110999 0.100000 0.100000 0.730980 0.573525 1.569458 0.238186 0.344526 0.107842 0.349380 0.131440 0.213307 
0.100000 0.450965 0.536915 0.100000 0.100000 0.440279 1.101096 0.212655 0.579489 0.806130 1.464905 0.100000 0.717587 1.097813 0.491089 0.320744 0.100000 0.567230 1.570290 0.467683 0.928089 0.572326 0.654688 0.288152 0.603823 1.036525 0.766066 0.100000 1.185227 0.331267 0.574528 0.525039 0.895094 0.381952 0.100000 0.100000 1.054647 0.504782 0.100000 0.100000 0.465232 0.100000 0.630000 1.020756 0.547941 1.076184 0.128890 0.577862 1.352392 
0.567642 0.532673 0.100000 0.817892 0.100000 0.933633 0.750168 1.110807 0.773638 0.100000 1.867516 0.687583 0.228439 0.749157 0.507211 0.161874 0.192870 0.291338 0.100000 0.626906 0.354358 0.414761 0.100000 0.382989 0.462153 0.152648 1.194325 0.854855 0.840669 0.652618 0.908135 0.100000 0.100000 0.100000 0.414286 0.100000 1.054797 0.613756 0.786115 0.100000 0.282443 0.863469 0.100000 0.919150 1.722636 0.100000 0.368573 0.100000 1.077573 
0.152629 0.100000 0.100000 0.130539 0.339747 0.100000 0.536626 0.221125 0.422748 0.380194 0.470908 0.100000 0.100000 0.100000 0.100000 0.696084 0.100000 0.321990 0.100000 0.500814 1.311665 0.100000 0.448049 0.216023 0.203791 0.756481 0.100000 0.100000 0.596899 0.100000 0.971096 0.510449 0.430257 0.100000 0.100000 0.485523 0.414619 0.100000 0.174196 0.100000 0.406131 0.100000 0.701848 0.100000 0.208910 0.648644 0.643312 0.508717 0.217296 
0.100000 0.985664 0.100000 0.100000 0.868656 1.626643 0.371087 0.235573 0.359205 1.107114 1.453247 0.100000 0.100000 0.371169 0.589031 0.100000 0.758314 0.100000 0.100000 1.088870 1.382667 0.696266 0.740566 0.234515 0.341838 0.230859 1.202923 0.100000 0.111753 0.100000 0.131573 0.770439 0.216266 0.525443 0.100000 0.976475 0.312956 0.100000 0.310774 0.100000 0.100000 0.100000 0.160713 1.001086 0.503787 0.100000 0.656977 0.240316 0.100000 
0.460422 0.776204 0.858588 0.100000 0.100000 0.651216 1.081034 0.100000 0.570444 0.416897 1.298732 0.660631 0.100000 0.923463 0.100000 0.510926 0.100000 0.283577 0.856778 0.646678 1.152713 0.391467 0.835106 0.301555 0.100000 0.625871 0.382740 0.577159 0.984454 0.994539 1.124001 0.641351 0.374113 0.136535 0.100000 0.656080 0.536518 0.186203 0.809305 0.100000 0.866909 0.324316 0.743671 0.842558 0.439480 0.100000 0.472921 0.802580 1.102776 
0.177822 1.114062 0.100000 0.100000 0.100000 0.497877 0.853310 0.596810 0.365359 1.158312 0.659186 0.665735 0.600031 0.645095 0.100000 0.839871 0.100000 0.799295 0.538062 0.325699 0.909756 0.924485 0.160916 0.307202 0.100000 0.895663 0.100000 0.100000 0.283752 0.279376 0.381592 0.819507 0.356161 0.117178 0.354620 0.100000 0.552171 0.100000 0.264096 0.100000 0.100000 0.233540 0.100000 0.737479 0.100000 0.481034 0.281470 0.245992 0.780601 
0.546999 0.620528 0.154864 0.617165 0.663183 0.365102 1.063317 0.100000 0.969231 0.928206 0.601405 0.522465 0.233971 0.373875 0.584600 0.409723 0.897755 0.122094 0.436943 0.582150 1.610209 0.100000 0.847651 0.100000 0.100000 0.928480 0.354236 0.317517 0.160914 0.883217 0.100000 0.585416 0.535776 0.581494 0.191547 0.591168 0.455267 0.335495 0.916321 0.100000 0.648618 0.100000 0.421215 0.868487 0.317107 0.614484 0.773326 0.777579 1.050345 
