65 Number of operations
17 Number of workers
Standard production times
0.100000 0.955487 0.598828 0.419674 0.715293 0.352616 0.272730 0.457945 0.433146 0.845936 0.446799 0.424342 0.113526 0.481291 0.374991 0.538921 0.429073 0.593373 0.516084 0.100000 0.411474 0.100000 0.500557 0.423203 0.401341 0.286470 0.489353 0.432813 0.288822 0.642951 0.286229 0.350144 0.324549 0.100000 0.360495 0.557428 0.442608 0.421176 0.420113 0.431581 0.739999 0.336014 0.454685 0.521653 0.441869 0.212439 0.248614 0.452748 0.603416 0.340365 0.524761 0.415562 0.138130 0.176773 0.467088 0.704191 0.243678 0.433688 0.100000 0.489920 0.432062 0.100000 0.806990 0.427976 0.544582 
Production times: workers row and ops columns
0.247919 0.897807 0.239068 0.316119 0.816869 0.100000 0.100000 0.100000 0.963028 0.829156 0.100000 0.100000 0.364822 0.870485 0.654160 0.586500 0.396070 1.371812 1.007769 0.286280 0.100000 0.975411 0.801862 0.249274 0.100000 0.429756 0.100000 0.717921 0.100000 0.100000 0.100000 0.100000 0.196960 0.891604 0.100000 0.718209 0.216727 0.327447 0.174901 0.100000 1.149850 0.100000 0.927841 1.484969 0.100000 0.237597 0.100000 0.354178 0.100000 0.857342 0.870995 0.508835 0.100000 0.100000 0.100000 1.088199 0.323985 0.294440 0.129136 0.118725 0.100000 0.100000 1.266051 1.099853 1.241963 
0.133127 1.191679 0.316335 0.100000 0.902585 0.317117 0.100000 0.504484 0.100000 0.692887 0.379234 0.116544 0.401237 0.100000 0.100000 0.100000 0.313825 0.205710 0.143934 0.301234 0.589588 0.435681 0.478303 0.669705 0.100000 0.567028 0.669720 0.291274 0.289312 0.420594 0.100000 0.533375 0.125283 0.135536 0.392012 0.132428 0.178698 0.259820 0.100000 0.493932 0.676699 0.403376 0.181687 0.493420 0.453856 0.100000 0.100000 0.832791 0.305934 0.304689 0.368688 0.143064 0.489682 0.458083 0.479011 0.615692 0.177602 0.312615 0.100000 0.133025 0.407004 0.100000 1.447927 0.364138 0.857228 
0.100000 0.817092 0.626472 0.420497 0.631294 0.193387 0.366603 0.593187 0.921741 1.363239 0.987463 0.100000 0.154357 0.428370 0.537477 0.519648 1.363368 0.672976 1.058921 0.100000 0.817245 0.100000 0.469492 0.781263 0.100000 0.550234 0.864367 0.995365 0.147121 0.786337 0.300580 0.550589 0.365139 0.116722 0.100000 0.360520 0.100000 0.682939 0.254679 0.856901 1.033048 0.100000 0.155811 0.600441 0.231906 0.269010 0.425135 0.545355 0.831929 0.514530 0.773876 0.309461 0.134521 0.301341 0.589423 0.868633 0.100000 0.486264 0.100000 0.437083 0.596756 0.274089 0.937328 0.452207 1.267492 
0.451468 0.538305 0.249845 0.100000 1.067773 0.556819 0.100000 0.100000 0.205876 1.015219 1.193464 0.361526 1.241446 0.702729 0.100000 0.387217 0.802729 0.845029 0.100000 0.723761 1.179383 0.100000 0.698595 0.102475 0.882310 0.154333 0.100000 0.433858 0.749051 0.512438 0.100000 0.100000 1.084685 0.100000 0.615589 0.100000 0.100000 0.214530 0.100000 0.100000 0.876663 0.100000 0.664385 0.701429 0.383504 0.100000 0.816750 0.526292 0.100000 0.171385 0.100000 0.717345 0.346389 0.100000 0.616754 1.129544 0.104400 0.693752 0.318322 0.100000 0.100000 0.203260 0.474788 1.087170 1.062672 
0.100000 0.715473 0.484426 0.853521 1.116064 0.540695 0.459962 0.813036 0.687297 0.937429 0.458017 0.389641 0.274435 0.841894 0.448766 0.545846 0.562781 0.931519 0.846977 0.238802 0.141863 0.574825 0.175528 0.928618 1.101143 0.840527 1.180372 0.958393 0.100000 0.647616 0.744065 0.790114 0.216995 0.438788 0.316011 0.189639 0.763520 0.105799 0.549328 0.504302 1.099265 0.350166 0.370510 0.369355 0.492025 0.216504 0.116103 0.432424 0.530420 0.558636 0.225192 0.985229 0.100000 0.100000 0.580176 0.850139 0.516398 0.100000 0.275741 0.821873 0.476722 0.159190 1.354757 0.278155 0.867211 
0.100000 1.315547 0.168233 0.100000 0.980687 0.100000 0.139213 0.892240 0.448407 0.648257 0.180530 0.540199 0.100000 1.062254 0.585610 0.100000 0.100000 0.599894 0.348158 0.720871 0.100000 0.100000 0.300551 0.100000 0.799480 0.433689 1.085802 0.746957 0.310598 0.532791 0.163930 0.100000 1.060125 0.563557 0.100000 0.100000 0.100000 0.100000 1.288598 0.832527 0.252132 1.031228 0.820024 0.259019 0.902309 0.100000 0.102765 0.498291 1.761319 0.100000 0.100000 1.300426 0.709631 0.100000 0.100000 0.424293 0.100000 0.100000 0.255460 0.100000 0.100000 0.100000 0.894503 0.349726 0.314696 
0.472000 0.872019 0.504742 0.351341 0.740250 0.379790 0.100000 0.126264 0.100000 0.795835 0.223471 0.318483 0.100000 1.277672 0.322603 0.606993 0.100000 0.347913 0.912804 0.100000 0.100000 0.100000 0.592623 0.141726 0.595800 0.135881 0.620943 0.327814 0.100000 0.586134 0.311428 0.100000 0.100000 0.100000 0.100000 0.659352 0.329966 0.669220 0.233891 0.478525 0.533766 0.436401 0.967921 0.100000 0.574818 0.100000 0.100000 0.100000 0.397020 0.266137 0.968255 0.745872 0.193047 0.100000 0.728250 0.744871 0.100000 0.355689 0.100000 0.514638 0.270875 0.100000 1.063211 0.691513 0.286828 
0.569941 1.135254 0.540604 1.356887 0.504491 0.132521 0.800949 0.511052 0.620692 1.520987 0.674109 0.455132 0.657882 0.384207 0.637517 1.196954 0.550391 0.476916 0.681751 0.265982 0.863223 0.100000 0.969471 0.467663 0.318340 0.433343 0.732627 0.502754 0.292336 1.021126 0.460788 0.765432 0.274071 0.357092 0.910028 0.254214 0.203446 0.662527 1.007871 0.587475 0.560874 0.181391 0.381254 0.989048 0.573271 0.176934 0.100000 0.752745 0.644651 0.480467 0.383474 0.605466 0.504808 0.531173 0.611183 0.933084 0.935947 0.807093 0.108426 0.687628 0.972889 0.100000 0.652907 0.974765 0.586522 
0.436863 1.035025 0.794426 0.846803 0.939184 1.213862 0.392327 0.405385 0.133839 0.467996 1.356601 0.762687 0.617293 0.299523 0.219829 0.158418 0.638951 0.553918 0.140210 0.100000 0.339081 0.352763 0.271670 0.773518 0.325638 0.291157 0.656771 0.688239 0.106523 0.603333 0.116513 0.761691 0.190371 0.544811 0.136920 0.611634 0.589861 0.628272 0.211611 0.654658 1.314729 0.206961 0.966986 1.000355 0.308515 0.131677 0.349520 0.445083 1.162636 0.687752 0.636209 0.371575 0.374536 0.522901 0.393834 0.733978 0.280720 0.670589 0.100000 0.145092 0.100000 0.520482 0.606621 0.501234 0.691666 
0.100000 1.507755 0.708252 0.230361 0.349754 0.465774 0.100000 0.853749 1.233477 0.440544 1.237970 0.594324 0.100000 0.100000 0.419487 1.006390 0.100000 1.667695 0.548896 0.721358 0.654693 0.100000 1.091670 0.252543 1.251320 0.153225 0.753298 0.139669 0.100000 0.984123 0.234962 0.388093 0.588390 0.186422 0.425087 0.866156 0.258618 1.140886 0.100000 0.790941 0.739357 0.345266 1.051659 0.968096 0.100000 0.100000 1.013253 0.375381 0.800987 0.188042 0.748218 0.100000 0.310367 0.100000 0.100000 0.472039 0.100000 0.909778 0.100000 0.764628 0.229757 0.100000 1.144461 0.415434 1.016257 
0.160867 0.871658 0.619346 1.283836 0.985544 0.100000 0.381647 0.744508 0.669096 0.287221 0.421011 0.185125 0.277143 0.465146 0.100000 0.899116 0.884854 0.542544 1.314929 0.100000 0.555214 0.548528 0.855047 0.324460 0.921807 0.533220 0.633798 0.302435 0.100000 0.866989 0.401555 0.853966 0.194983 0.466707 0.898871 0.668499 0.718540 0.672720 0.557480 0.374144 0.100000 0.233977 0.647457 0.443589 0.804260 0.310000 0.774002 0.871734 0.434872 0.393152 0.100000 0.432577 0.137549 0.100000 0.761312 1.036132 0.100000 0.279141 0.771021 0.783385 0.430065 0.604491 0.570202 0.289840 0.918300 
0.171992 0.422861 1.108506 0.100000 0.807261 0.343283 0.333546 0.422520 0.100000 0.683157 0.100000 0.235009 0.386260 0.100000 0.139139 0.746968 0.100000 0.100000 0.383410 0.115868 0.188448 0.100000 1.695141 0.100000 0.100000 0.167097 0.100000 0.503887 0.301984 1.040121 0.726597 0.741477 0.100000 0.345835 0.743194 0.459403 0.735050 0.339066 0.883878 0.100000 1.051919 0.100000 0.712839 0.100000 0.100000 0.100000 0.100000 0.100000 0.665093 1.253123 0.631709 0.100000 0.100000 0.425125 0.465800 0.141342 0.934370 0.512024 0.100000 0.578289 0.213568 0.100000 0.282795 0.100000 0.100000 
0.143500 0.826583 0.607539 0.513847 0.738724 0.200753 0.148902 0.798364 0.100000 0.316685 0.325761 0.847873 0.100000 0.648890 0.520044 0.331967 0.464700 0.338026 0.100000 0.100000 0.140561 0.106059 0.636194 0.548673 0.399024 0.417311 0.145235 0.284620 0.331131 0.704478 0.100000 0.573563 0.807416 0.100000 0.100000 0.100000 0.836025 0.501224 0.100000 0.222426 0.620656 0.100000 0.451384 0.378963 0.100000 0.100000 0.100000 0.396949 0.458201 0.418238 0.186364 0.585515 0.454550 0.100000 0.564629 1.062382 0.100000 0.448790 0.100000 0.240634 0.485701 0.100000 1.100798 0.100000 0.708120 
0.100000 0.753433 0.717200 0.100000 0.714975 0.100000 0.208806 0.332056 0.505172 1.146792 0.163991 0.922094 0.780992 0.912945 0.126306 0.100000 0.944419 0.536897 0.642342 0.197998 0.840459 0.100000 0.149875 0.983988 0.100000 0.100000 0.602574 0.393956 0.132124 0.152582 0.100000 0.100000 0.100000 0.100000 0.190852 0.326993 0.543735 0.100000 0.100000 0.330187 0.257127 0.100000 0.100000 1.077036 0.100000 0.100000 0.265289 0.399829 0.172149 0.445895 1.088560 0.100000 0.835840 0.100000 1.281773 0.454842 0.161338 0.925943 0.100000 0.100000 0.410738 0.100000 0.952634 0.442128 0.226488 
0.100000 1.119316 0.100000 0.100000 0.736646 0.100000 0.205690 0.704132 0.284804 0.841083 0.802393 0.100000 0.100000 0.946767 0.323506 0.519116 0.464746 0.147572 0.281049 0.100000 0.337136 0.420748 0.100000 0.215276 0.100000 0.156547 0.865092 0.300495 0.136165 0.374622 0.472674 0.974494 0.356449 0.658179 0.100000 1.451256 0.615815 0.100000 0.842309 0.100000 0.311798 0.234383 0.100000 0.934471 0.100000 0.100000 0.430268 0.235399 0.135415 0.643357 0.790513 0.100000 0.644967 0.990774 0.487773 0.997569 0.100000 0.100000 0.346734 0.100000 0.314115 0.100000 1.100012 0.945443 0.100000 
0.100000 0.978000 0.945684 0.685748 0.794091 1.616981 0.100000 0.100000 0.200652 0.792606 0.540537 0.100000 0.303704 1.220730 0.100000 0.288172 0.803691 1.275258 0.537934 0.100000 0.913986 0.599637 0.195625 1.478516 0.763005 0.100000 0.100000 0.175861 0.872019 0.998906 0.715996 0.482059 0.426432 0.100000 0.209892 0.100000 0.102235 0.669949 0.100000 0.100000 1.558911 0.280672 0.100000 0.571045 0.485024 0.100000 0.348206 0.100000 1.096783 0.540519 0.634600 0.659928 0.218681 0.478908 1.525211 0.634286 0.897033 0.623262 0.100000 0.440269 0.100000 0.100000 0.927318 0.351603 0.407848 
0.431232 1.418927 0.100000 0.497131 0.661788 1.030486 0.509478 0.100000 0.100000 1.534553 1.083185 0.412854 0.602773 0.429822 0.318549 0.100000 0.192971 0.100000 0.100000 0.100000 0.746080 0.135049 0.192085 0.100000 0.241903 0.100000 0.100000 0.100000 0.100000 0.100000 0.100000 0.100000 0.429053 0.299992 0.203289 0.675273 0.100000 0.469666 0.640157 0.670446 0.787639 1.183549 0.445853 1.553539 0.958880 0.100000 0.100000 0.644971 0.100000 0.100000 1.744930 1.107717 0.154725 1.038990 0.100000 1.057647 0.757039 0.529636 0.100000 0.100000 0.423677 0.100000 0.495375 0.496601 0.100000 
