61 Number of operations
18 Number of workers
Standard production times
0.436826 0.198809 0.331604 0.391055 0.455688 0.283821 0.369697 0.170513 0.277800 0.162097 0.574453 0.396892 0.633336 0.100000 0.551241 0.100000 0.330241 0.100000 0.539262 0.512992 0.495972 0.340811 0.315938 0.228077 0.318417 0.649516 0.100000 0.100000 0.538062 0.585624 0.717307 0.480261 0.146062 0.493841 0.660772 0.646257 0.445896 0.454722 0.266643 0.360484 0.497204 0.572092 0.100000 0.238532 0.100000 0.618461 0.282133 0.597837 0.392383 0.644536 0.657231 0.431644 0.169275 0.413947 0.588501 0.278597 0.308175 0.396599 0.569202 0.402256 0.238324 
Production times: workers row and ops columns
0.715331 0.100000 0.529029 0.346687 0.186708 0.522292 0.366357 0.137003 0.100000 0.337834 0.510722 0.602104 0.378153 0.191145 0.247846 0.173647 0.312772 0.100000 0.278268 0.151338 0.561897 0.141662 1.049423 0.165637 0.553703 0.100000 0.100000 0.100000 0.567139 0.405058 0.547519 0.446411 0.100000 1.299450 0.737366 0.392928 0.314520 0.100000 0.100000 0.642456 0.714838 0.723671 0.109232 0.238124 0.100000 0.362084 0.422772 0.532790 0.234127 0.293735 1.187070 0.493611 0.329657 0.168987 1.056885 0.169293 0.519180 0.747424 0.300516 0.575177 0.100000 
0.245697 0.536557 0.372226 0.676875 0.748530 0.647370 0.100000 0.429699 0.983878 0.100000 0.870123 0.684983 0.331169 0.100000 0.607680 0.100000 0.234682 0.678849 0.450579 0.247329 0.517288 0.880517 1.002574 0.100000 0.100000 0.522462 0.453790 0.108204 0.308794 0.390511 0.701798 0.164332 0.843826 0.253404 0.100000 0.445591 0.701447 0.936915 0.100000 0.532649 0.570348 0.725256 0.143789 0.232856 0.188131 0.793014 0.600962 1.135078 0.662751 0.521464 1.133204 0.348905 0.434619 0.875061 0.892533 0.763806 0.100000 0.535234 0.611505 0.358082 0.100000 
0.162555 0.526230 0.234335 0.100000 0.467871 0.546048 0.305026 0.350804 0.100000 0.382337 0.390291 0.240777 0.575512 0.245283 0.611391 0.100000 0.591750 0.100000 0.100000 0.548902 0.528953 0.430972 0.297119 0.402671 0.423539 0.507566 0.100000 0.100000 0.504646 0.292844 0.405735 0.464742 0.183817 0.507278 0.541240 0.880210 0.382553 0.618722 0.228127 0.621484 0.448181 0.836567 0.166423 0.522223 0.510147 0.529848 0.229157 1.010343 0.466025 0.297378 0.100000 0.100000 0.153285 0.175814 1.037200 0.312500 0.183052 0.311818 0.438688 0.100000 0.663427 
0.592414 0.170533 0.115658 0.683909 0.119191 0.831762 0.799500 0.362317 0.578392 0.761338 0.656590 0.500071 0.477656 0.878311 0.616263 0.100000 0.470092 0.100000 0.200384 0.717300 0.100000 1.131831 1.004456 0.128927 0.898588 0.617148 0.228734 0.439551 0.588138 0.501975 0.741068 0.643133 0.691932 0.128834 0.728663 0.589393 0.282603 0.241550 0.935787 0.710376 0.100000 0.893389 0.362452 0.173616 0.100000 0.690512 0.100000 1.129773 0.100000 0.845038 0.949842 0.642212 0.100000 0.821646 0.100000 0.198601 0.396752 1.123770 0.716089 0.437722 0.229694 
0.383746 0.100000 0.250772 0.462516 0.647642 0.422805 0.119151 0.100000 0.100000 0.100000 0.834823 0.939271 0.890737 0.316211 0.216003 0.245044 0.100000 0.100000 0.166988 0.100000 0.100000 0.100000 0.236199 0.293172 0.100000 0.435447 0.256940 0.656073 0.624139 0.486182 0.370546 0.540858 0.312661 0.939586 0.793968 0.399535 0.672566 0.308891 0.100000 0.241433 0.678890 0.100000 0.201127 0.100000 0.100000 0.246425 0.510990 0.905504 0.205472 0.358704 0.503170 0.350702 0.100000 0.416090 0.175135 0.840479 0.383396 0.429159 0.288457 0.523763 0.149498 
1.055248 0.344252 0.526955 0.742792 0.646234 0.217399 0.100000 0.100000 0.291966 0.100000 0.903642 0.352266 0.206582 0.182893 0.879231 0.100000 0.779321 0.100989 1.000807 0.543734 0.890665 0.472428 0.194276 0.601101 0.490662 0.675471 0.100000 0.285509 1.181090 0.461698 0.263939 0.395727 0.372899 0.792502 0.662462 0.638556 0.842714 0.920620 0.325670 0.100000 0.290155 1.183193 0.176463 0.860758 0.100000 0.860790 0.102439 0.473951 0.500353 0.769850 0.543656 0.302385 0.562237 0.596566 0.339242 0.281131 0.147916 0.395987 0.928960 0.125738 0.938255 
1.256365 0.100000 0.328788 0.268248 0.430198 0.623360 0.173134 0.100000 0.478100 0.100000 0.100000 0.168997 0.470781 0.749853 0.598411 0.100000 0.443589 0.100000 0.824896 1.148026 0.100000 0.100000 0.365886 0.395364 0.363089 1.078490 0.100000 0.100000 0.869764 0.554148 1.928219 0.738316 0.693800 0.827417 0.499752 1.368252 0.100000 1.153950 0.100000 0.515786 0.943231 0.748341 0.154003 0.466591 0.100000 1.036360 0.734455 0.586745 0.100000 0.100000 1.114324 0.183104 0.701253 1.008955 0.341245 0.378577 0.692751 0.683278 0.100000 0.417264 0.113277 
0.604110 0.388952 0.259152 0.293426 0.100000 0.337583 0.311482 0.488896 0.659250 0.100000 0.154907 0.100000 0.100000 0.100000 0.507274 0.285495 0.430916 0.100000 0.223027 0.193162 0.412156 0.308187 0.100000 0.283964 0.100000 0.684067 0.100000 0.235780 0.648341 0.515685 0.351076 0.100000 0.100000 0.667695 0.673459 0.647162 0.157239 0.147037 0.100000 0.420193 0.543982 0.844702 0.100000 0.100000 0.100000 0.685498 0.195860 0.100000 0.554998 0.491087 0.565059 0.204495 0.100000 0.100000 0.263747 0.110336 0.361277 0.320271 0.488973 0.297993 0.137645 
0.499619 0.100000 0.292879 0.644821 0.622821 0.301821 0.100000 0.100000 0.517010 0.609640 0.430026 0.100000 0.524153 0.100000 0.100000 0.198031 0.808710 0.100000 0.305548 0.164577 1.042844 0.120485 0.100000 0.443588 0.100000 0.477750 0.100000 0.100000 0.100000 0.719380 0.710261 0.100000 0.104790 1.281971 0.100000 0.516705 0.358504 0.100000 0.100000 0.355541 0.207338 0.660519 0.606046 0.618166 0.100000 0.654249 0.494688 0.543177 0.100000 0.518880 0.920253 0.328778 0.100000 0.829198 0.219887 0.425843 0.423201 0.458596 0.273316 0.468818 0.565358 
0.542823 0.100000 0.515434 0.710520 0.383150 0.389608 0.100000 0.100000 0.297638 0.266212 0.299156 0.123941 0.657339 0.100000 0.779261 0.176321 0.100000 0.100000 0.742950 0.100000 0.254389 0.174234 0.520325 0.100000 0.100000 0.747407 0.537153 0.154004 0.100000 0.416643 0.873919 0.409246 0.129912 0.589822 0.346951 0.100000 0.138741 0.100000 0.100000 0.240138 0.620664 0.629131 0.100000 0.273090 0.407027 1.083663 0.100000 0.457879 0.347341 0.707447 0.960715 0.664038 0.120276 0.327909 0.442066 0.100000 0.311203 0.160453 0.843462 0.431525 0.100000 
0.516910 0.100000 0.939704 0.171228 0.179940 0.617516 0.728025 0.227014 0.369754 0.381958 0.734459 0.142376 0.475511 0.194146 1.259460 0.410638 0.504270 0.100000 0.704724 0.360616 1.054842 0.179962 0.587934 0.100000 0.356358 0.928089 0.219821 0.100000 0.368735 0.530033 0.350196 1.203790 0.599649 0.259067 1.138872 0.476261 1.135469 0.229976 0.709496 0.284754 0.825339 0.103393 0.652106 0.882600 0.583446 0.452713 0.588745 0.788927 0.416371 0.875665 0.834463 0.206959 0.500358 0.100000 0.857772 0.615112 0.626482 0.120723 1.217593 0.398206 0.870495 
0.353932 0.100000 0.683934 0.100000 1.466727 0.100000 0.338737 0.100000 0.100000 0.154912 0.574730 0.242665 0.100000 0.172477 0.738003 0.392109 1.060737 0.486074 0.754786 0.212296 1.687140 0.261912 0.100000 0.268034 0.100000 0.770330 0.100000 0.387245 0.100000 1.952716 0.443135 0.830735 0.190120 0.856485 0.127811 0.106317 0.211431 0.100000 0.100000 0.458304 0.100000 0.420676 0.531036 0.100000 0.100000 0.200334 0.665956 0.141331 0.708215 0.100000 0.896774 0.635888 0.100000 0.558975 0.219293 0.590257 0.100000 0.514247 0.577843 0.100000 0.100000 
0.203618 0.299628 0.504191 0.100000 0.737026 0.320076 0.492255 0.100000 0.547567 0.491469 1.081039 0.100000 0.462690 0.587292 0.634477 0.100000 0.100000 0.266320 0.776144 0.896099 0.239348 0.441935 0.148004 0.100000 0.435108 0.981544 0.100000 0.365417 0.425947 0.951061 0.696021 0.357340 0.384367 0.302172 0.941666 1.011052 0.335383 0.543889 0.140162 0.498985 0.816910 1.066495 0.100000 0.272533 0.277882 0.362246 0.251295 0.461119 0.533701 0.454458 0.860848 1.054406 0.525161 0.727284 1.075511 0.837356 0.585092 0.668286 0.960539 0.376887 0.639178 
0.100000 0.100000 0.100000 0.376569 0.426019 0.409615 0.100000 0.385485 0.509712 0.258728 0.437881 0.100000 0.379654 0.100000 0.508874 0.465507 0.100000 0.143031 0.931662 0.592488 0.490191 0.198303 0.537805 0.239227 0.305924 0.854990 0.100000 0.214591 0.335392 0.317740 0.659827 0.390646 0.100000 0.715780 0.302750 1.016638 0.100000 0.100000 0.546123 0.159548 0.154147 0.813305 0.100000 0.434193 0.100000 0.935509 0.100000 0.533643 0.167976 1.053128 0.983326 0.522362 0.100000 0.435157 0.690806 0.344818 0.100000 0.219053 0.100000 0.791463 0.398892 
0.809211 0.100000 0.100000 0.388921 0.825175 0.429980 1.354046 0.533581 0.100000 0.440865 0.838968 1.215304 0.771666 0.284324 0.848994 0.717817 0.779162 0.490254 0.320144 0.392133 0.134160 0.782287 0.462209 0.411653 0.137846 0.814844 0.100000 0.100000 0.558052 0.692668 0.178952 0.100000 0.107075 0.821130 0.100000 0.804696 0.100000 0.100000 0.528627 0.843222 0.100000 0.100000 0.256154 0.194895 0.100000 1.158591 1.064239 0.668624 0.368765 1.111172 0.392122 0.655498 0.446256 0.100000 0.773413 0.133447 0.100000 0.100000 0.827351 0.186026 0.719323 
0.654903 0.100000 0.457097 0.194030 1.073728 0.340312 0.294430 0.267877 0.283499 0.100000 0.746932 0.123056 0.454587 0.562296 0.100000 0.710719 0.254118 0.100000 0.473575 1.942710 0.608348 0.719456 0.678544 0.100000 0.648441 1.448907 0.100000 0.100000 0.503881 0.785730 0.683509 0.485601 0.100000 0.987601 1.360055 0.813921 0.100000 0.873160 0.100000 0.291381 0.308461 0.558812 0.100000 0.100000 0.382997 0.843205 0.100000 0.100000 0.258807 0.559220 1.322130 0.950002 0.100000 0.847210 0.100000 0.100000 0.153319 0.832928 0.162761 1.390697 0.100000 
0.546513 0.636811 0.279624 0.654489 1.099311 0.489486 0.602478 0.514647 0.588930 0.235224 1.119985 0.688339 0.817238 0.793768 0.343367 0.100000 0.100000 0.211475 0.910880 0.405805 0.788116 0.504934 0.593286 0.202121 0.587836 0.946106 0.100000 0.421877 1.037385 0.934751 1.007976 0.100000 0.433848 0.733209 0.514135 0.642944 1.067055 1.186689 0.650629 0.266208 0.711571 1.102207 0.293337 0.386891 0.448570 0.849672 0.272675 0.707448 0.328479 1.394534 1.128057 0.100000 0.100000 0.692978 0.799934 0.445008 1.170061 0.100000 1.021961 0.941840 0.154112 
1.286931 0.100000 1.029334 0.340597 1.052756 0.100000 0.100000 0.100000 0.761237 0.773501 0.423805 0.130770 0.898224 0.100000 1.258040 0.100000 0.100000 0.100000 1.162420 0.255673 0.371592 0.840264 0.789195 0.100000 1.124907 0.555107 0.100000 0.100000 1.140994 0.100000 1.232065 0.487575 0.235172 0.133235 0.416605 1.169227 0.100000 0.100000 0.178075 1.515910 0.158137 0.534019 0.100000 0.429281 0.100000 0.100000 0.922004 0.865369 1.145375 0.301302 1.168478 0.370607 0.100000 0.980212 0.136283 0.329627 0.551369 0.194691 0.286449 0.100000 0.100000 
