56 Number of operations
16 Number of workers
Standard production times
0.290051 0.119425 0.716550 0.190971 0.451519 0.100000 0.100000 0.336942 0.571636 0.414269 0.100000 0.116889 0.577166 0.526380 0.408052 0.219375 0.435065 0.438886 0.292950 0.555470 0.434268 0.311430 0.740981 0.584869 0.139028 0.323885 0.251275 0.312576 0.314710 0.676281 0.419674 0.326109 0.145356 0.602997 0.103788 0.342580 0.388635 0.242379 0.413542 0.192219 0.347265 0.507650 0.705652 0.791335 0.495640 0.423869 0.228507 0.247610 0.527861 0.409505 1.022967 0.293508 0.469117 0.314897 0.100000 0.751079 
Production times: workers row and ops columns
0.504628 0.424395 0.990253 0.100000 0.735841 0.100000 0.100000 0.235878 0.625414 0.263910 0.403901 0.100000 0.254255 0.731161 0.141505 0.250253 0.291058 0.345934 0.115460 1.007217 0.276071 0.683669 0.868051 0.326732 0.100000 0.250869 0.655788 0.155373 0.166985 0.164342 0.334084 0.100000 0.100000 0.525361 0.100000 0.172708 0.100000 0.149444 0.100000 0.100000 0.167721 0.355774 0.100000 1.173722 0.739231 0.178794 0.434328 0.100000 0.100000 0.886664 0.790082 0.657165 0.100000 0.100000 0.100000 0.681770 
0.130064 0.327796 0.535191 0.100000 0.449855 0.146223 0.127716 0.362632 0.621080 0.686381 0.100000 0.100000 0.892948 0.996700 0.428112 0.788770 0.239996 0.562925 0.401699 0.303110 0.206282 0.377673 0.621223 0.887013 0.108555 0.116834 0.389545 0.627958 0.531391 1.097714 0.873141 0.154073 0.760089 0.752418 0.354710 0.172624 0.978194 0.185611 0.341995 0.721695 0.194500 0.451696 0.792973 0.765626 0.446712 0.872747 0.204026 0.376836 0.435855 0.443257 1.288491 0.378992 0.465128 0.100000 0.202275 0.559188 
0.416982 0.521580 0.549716 0.100000 0.474494 0.318075 0.100000 0.177796 0.365786 0.577382 0.162902 0.306463 0.850263 0.506812 0.710749 0.149080 0.126911 0.596918 0.224091 0.688669 0.961358 0.100000 0.939118 0.810907 0.147031 0.369865 0.223808 0.262408 0.100000 0.481781 0.839804 0.750087 0.298156 0.741148 0.100000 0.290821 0.162305 0.370324 0.144089 0.360576 0.974182 0.382475 0.697029 0.895288 0.707936 0.100000 0.245075 0.442965 0.520233 0.496923 1.500349 0.582013 0.268239 0.651291 0.100000 1.013727 
0.749756 0.144793 1.317227 0.147961 0.377450 0.169563 0.100000 1.502013 0.418503 0.100000 0.100000 0.100000 0.578655 0.392507 0.206161 0.298011 0.604532 0.100000 0.644483 0.392740 0.114394 0.640218 1.049076 0.100000 0.157454 0.100000 0.100000 0.871755 0.100000 0.582179 0.100000 0.578459 0.100000 1.125813 0.100000 1.068279 0.736495 1.075095 0.100000 0.100000 0.899903 0.849103 1.907298 0.923335 0.460538 0.127990 0.184916 0.392878 0.100000 1.062063 0.930791 0.974270 0.512894 0.814545 0.497577 0.824671 
0.855354 0.100000 0.670861 0.890476 1.068251 0.100000 0.100000 0.539773 0.100000 0.361444 0.424377 0.100000 0.530513 1.044658 0.100000 0.758471 0.100000 0.412091 1.036583 0.563219 0.359493 0.419030 0.297572 1.020834 0.100000 0.416977 0.100000 0.204365 1.285999 0.704891 0.100000 0.100000 0.100000 0.100000 0.309463 0.460939 0.801148 0.100000 0.741835 0.938778 0.753377 1.378401 0.100000 1.294281 1.051302 0.237319 0.253732 0.390100 0.220536 0.536472 1.480019 1.083660 0.312422 0.100000 0.272962 0.873526 
1.205176 0.164392 0.812667 0.100000 0.700969 0.529914 0.653710 0.421349 0.141664 0.862266 0.100000 1.243835 0.784064 1.013485 0.100000 0.536738 1.214556 0.443570 0.100000 0.980346 1.522958 0.197677 0.521918 0.183230 0.100000 0.380787 0.248502 0.835559 0.676905 0.523436 0.693018 0.100000 0.187105 1.223550 0.100000 0.929144 0.100000 0.411523 0.100000 0.100000 0.382827 0.472849 0.593961 0.177201 0.100000 0.161308 0.413303 0.100000 0.688055 0.100000 0.424821 0.211168 0.989268 0.100000 0.821120 1.184656 
0.100000 0.245415 0.769247 0.126018 0.100000 0.100000 0.122145 0.100000 0.423344 0.189288 0.119580 0.100000 1.094997 0.100000 0.100000 0.100000 0.293396 0.100000 0.100000 0.487436 0.504881 0.100000 0.868950 0.601419 0.100000 0.100000 0.279228 0.199311 0.528798 0.821420 0.100000 0.293547 0.268380 0.100000 0.100000 0.902381 0.112510 0.361263 0.708651 0.100000 0.100000 0.499293 0.800136 0.271113 0.447890 0.100000 0.100000 0.116635 0.375656 0.668027 0.808690 0.100000 0.100000 0.309131 0.522548 0.636043 
0.929653 0.658036 0.971952 0.100000 1.283957 0.646884 0.100000 0.352781 0.100000 0.100000 0.100000 0.238084 1.228286 0.230175 0.742674 0.147929 0.100000 1.188858 0.100000 0.100000 0.399794 0.100000 0.967943 0.482350 0.100000 0.112253 0.808277 0.100000 0.202051 1.497654 0.215004 1.190643 0.100000 0.775578 0.476558 0.579240 1.373935 0.876965 1.084687 0.429414 0.612791 0.625611 0.733565 0.409264 0.100000 1.093904 0.100000 0.100000 1.121449 0.491170 0.731565 0.678969 1.095123 0.100000 0.100000 1.047929 
0.139823 0.167721 0.559791 0.100000 0.582419 0.581953 0.100000 0.348301 0.906475 0.998488 0.133416 0.182786 0.392197 1.038109 0.572395 0.851865 0.457075 0.318816 0.229043 0.486690 0.626538 0.142565 0.611970 0.665833 0.734744 0.895784 0.100000 0.170325 0.599150 0.691249 1.003730 0.203248 0.100000 1.299736 0.100000 0.416024 0.440485 0.521506 1.131990 0.227594 0.635299 0.635876 0.937338 1.122303 0.725172 0.176649 0.118374 0.375506 0.959632 0.453393 1.690581 0.100000 0.665763 0.718140 0.573709 0.887088 
0.100000 0.706055 1.088549 0.100000 0.121829 0.183033 0.465928 0.100000 0.730462 0.100000 0.305222 0.100000 0.195686 0.303171 0.100000 0.417300 0.548560 0.391711 0.100000 0.584349 0.302599 0.100000 0.100000 0.687774 0.100000 0.100000 1.004658 0.100000 0.602021 0.100000 0.313087 0.100000 0.316399 0.100000 0.100000 1.681402 0.747786 0.201040 0.156703 0.129910 0.127881 0.100000 0.890027 0.100000 0.651652 0.523827 0.405728 0.989827 0.389189 0.100000 2.331983 0.100000 0.100000 0.383923 0.100000 1.084951 
0.113725 0.100000 0.100000 0.196010 1.118663 0.222358 0.282908 0.100000 1.209128 0.100000 0.600960 0.364579 0.670552 1.114218 0.399630 1.248836 0.100000 0.457844 0.430949 0.714300 0.322168 0.367834 1.966125 0.100000 0.533506 0.381197 0.100000 0.404676 0.273544 0.100000 0.100000 0.100000 0.100000 0.593204 0.100000 0.471969 0.807678 0.329715 1.100262 0.790258 0.481315 1.283837 0.266917 0.791134 0.648823 0.100000 1.000918 0.100000 0.860216 0.517310 0.465816 0.650821 0.712979 0.100000 0.639606 1.009949 
0.100000 0.100000 1.248330 0.428211 0.100000 0.100000 0.100000 0.269204 1.251122 0.100000 0.100000 0.100000 1.111280 0.100000 0.770354 0.417690 0.728529 0.640128 0.182769 0.989062 0.100000 0.100000 0.476785 0.378715 0.425529 0.100000 0.100000 0.100000 1.104064 1.127924 0.100000 0.100000 0.100000 0.760591 0.100000 1.251598 0.100000 0.100000 0.686263 0.388430 0.100000 0.577908 1.131204 1.237305 0.882854 0.207891 0.789812 0.100000 0.100000 0.319393 0.698060 0.100000 0.100000 0.881698 0.684026 0.743774 
0.330768 0.132976 0.531387 0.178144 0.383159 0.575982 0.234447 0.369570 0.622798 0.100000 0.312815 0.762003 0.926022 0.380095 0.706127 0.286689 0.283495 0.526015 0.100000 0.579817 1.116757 0.613247 0.797611 0.804417 0.560458 0.431092 0.578141 0.100000 0.280004 0.469787 0.907170 0.622265 0.186733 1.100596 0.100000 0.593517 0.774592 0.432747 0.458987 0.588623 0.663979 0.466866 0.710602 0.834798 0.817854 0.100000 0.306796 0.129916 0.655166 0.100000 1.258868 0.366006 0.179580 0.446899 0.100000 0.458913 
0.538566 0.100000 1.064094 0.117228 0.698782 0.606235 0.118128 0.100000 1.062936 1.209596 0.100000 0.115849 0.100000 0.419057 0.613211 1.157719 0.618856 1.137603 0.718713 0.807460 0.749806 0.332016 1.289116 0.174679 0.100000 0.341936 0.711443 0.100000 0.100000 0.778719 0.117462 0.255523 0.100000 0.627897 0.100000 1.110565 0.927330 0.100000 1.069591 0.625109 0.221267 0.926253 1.304732 0.742501 0.320317 0.650306 0.100000 1.135273 1.114845 1.519025 1.502788 0.100000 0.100000 0.368858 0.778427 1.363660 
0.100000 0.100000 0.966058 0.100000 0.289915 0.556437 0.211892 0.232922 0.842491 0.384930 0.575738 0.622364 0.487425 0.600119 0.100000 0.386532 0.670854 0.755635 0.385040 0.886069 0.470285 0.100000 0.797823 1.023503 0.122301 0.197338 0.926418 0.325633 0.100000 1.059716 0.255920 0.317697 0.979522 0.803966 0.335007 0.227952 0.831450 0.511424 0.955770 0.514572 1.083063 0.764223 0.725423 0.288389 0.576631 0.402866 0.271704 0.476467 0.921528 0.987799 0.971322 0.259423 0.673257 0.100000 0.137293 0.215053 
0.274872 0.123265 0.222431 0.148679 0.647065 0.209574 0.378911 0.167405 0.675647 0.262478 0.100000 0.100000 0.484097 0.860260 0.290990 0.518379 0.472690 0.529648 0.100000 0.396330 0.100000 0.196537 0.517337 0.798911 0.139262 0.344102 0.472553 0.315875 0.173476 0.609311 0.605047 0.159994 0.100000 0.681729 0.224796 0.100000 0.100000 0.100000 0.100000 0.316240 0.329674 0.168942 0.866875 1.205264 0.522496 0.297541 0.135704 0.100000 0.665793 0.147465 0.663062 0.100000 0.155517 0.333222 0.100000 0.903809 
