67 Number of operations
17 Number of workers
Standard production times
0.594494 0.275242 0.100000 0.482248 0.496630 0.561570 0.374365 0.397748 0.777258 0.462024 0.562300 0.398793 0.319305 0.618882 0.554526 0.262041 0.100000 0.842410 0.458797 0.609154 0.395980 0.772822 0.518283 0.263044 0.506577 0.137037 0.542733 0.514667 0.367460 0.476751 0.766811 0.100000 0.239085 0.362389 0.227317 0.488966 0.567671 0.526752 0.215684 0.202942 0.183076 0.441137 0.355889 0.222719 0.268480 0.272944 0.752211 0.483665 0.100000 0.288523 0.381554 0.571335 0.670547 0.365387 0.100000 0.596672 0.260478 0.559517 0.323264 0.100000 0.476345 0.319421 0.458720 0.751805 0.599093 0.587617 0.433229 
Production times: workers row and ops columns
0.537066 0.205661 0.220231 0.266470 0.359900 0.408468 0.100000 0.270790 0.808013 0.361122 0.672652 0.450716 0.421714 0.160494 0.519563 0.143293 0.100000 0.571802 0.333039 0.844160 0.227288 0.732858 0.213417 0.501617 0.585542 0.100000 0.202854 0.324201 0.568836 0.315436 0.316817 0.100000 0.100000 0.382847 0.118898 0.169951 0.932893 0.121767 0.154732 0.570109 0.100000 1.128275 0.100000 0.619718 0.100000 0.533448 0.768516 0.100000 0.280336 0.188811 0.179518 0.249181 0.536202 0.100000 0.685329 0.704520 0.100000 0.884121 0.100000 0.100000 1.160476 0.506578 0.110035 0.841134 0.639014 0.100000 0.725716 
1.199258 0.100000 0.100000 0.427691 0.100000 0.292682 0.497734 0.596341 0.843967 0.100000 0.434356 0.414067 0.100000 0.298797 1.107134 0.284927 0.152765 0.576764 0.344136 0.183454 0.930927 1.402615 0.811803 0.409233 0.318552 0.100000 0.119211 0.386692 0.100000 0.229193 0.687675 0.147749 0.100000 0.100000 0.100000 1.010253 0.688869 0.662094 0.100000 0.100000 0.110268 0.100000 0.596825 0.246549 0.100000 0.100000 0.715782 0.383976 0.100000 0.103800 0.782889 0.615757 0.100000 0.944295 0.100000 0.629899 0.100000 0.483823 0.173482 0.100000 0.257666 0.100000 0.264543 0.597476 0.632476 0.652604 0.539550 
0.100000 0.231967 0.100000 0.138946 1.238910 0.393805 0.743135 0.373803 0.100000 0.642399 0.307487 0.906104 1.124313 0.331946 0.100000 1.073292 0.508525 0.533720 0.100000 1.065121 0.262010 0.449440 1.324850 0.348839 0.100000 0.100000 1.162570 0.100000 0.354869 0.100000 0.100000 0.285173 0.100000 0.100000 0.699605 0.392581 0.277237 0.777252 0.641591 1.085085 0.126544 0.671840 0.875274 0.142076 0.100000 0.614819 1.630523 1.479546 0.100000 0.100000 0.245566 0.232833 0.746485 1.312309 0.100000 0.865338 1.149728 1.170663 0.131811 0.284448 1.126556 0.826753 0.110361 0.834788 0.327240 0.100000 0.100000 
0.715063 0.110217 0.574438 1.390089 0.109775 1.285890 0.309775 0.509053 0.606292 0.177884 0.501468 0.893398 0.463953 0.123042 0.698358 0.100000 0.333602 1.222978 0.460764 0.752125 0.734549 0.473692 0.100000 0.100000 0.509434 0.427490 0.794719 0.688061 0.782625 0.121511 0.647908 0.350106 0.167308 0.670278 0.100000 0.592068 0.541857 0.188906 0.724761 0.774248 0.218692 0.364775 0.385404 0.267324 0.194000 0.812486 0.870572 0.941833 0.100000 0.629925 0.134757 0.755714 0.280943 0.536114 0.397075 1.003850 0.412683 0.619287 0.180933 0.584002 0.635119 0.100000 0.431346 0.972443 0.622448 0.227827 0.403341 
0.278446 0.100000 1.067562 0.100000 0.756503 0.100000 0.319477 0.108963 0.471090 0.225601 0.100000 1.061538 0.100000 0.125069 0.132531 0.100000 0.821093 1.737584 0.708208 1.086723 0.245197 1.386290 0.183553 0.100000 1.052061 0.595059 0.903207 1.095124 0.374010 0.306678 0.444689 0.351686 0.357186 0.605301 0.100000 0.614168 0.100000 1.093580 0.100000 0.447155 0.100000 0.100000 1.349496 0.238716 0.100000 0.493401 0.100000 0.405639 0.100000 0.576761 0.828764 0.100000 0.829982 0.100000 0.431500 0.128444 0.100000 0.759688 0.100000 0.150690 1.489438 0.399684 0.248542 0.993600 0.857888 0.383425 0.100000 
0.100000 0.100000 0.100000 0.100000 0.505020 0.591167 0.100000 0.241936 0.516761 0.100000 0.435178 0.398916 0.100000 0.394676 0.214654 0.329504 0.100000 0.100000 0.115999 0.750778 0.152633 0.829620 0.730156 0.353441 0.309602 0.100000 0.729502 0.755381 0.100000 0.288768 0.898586 0.100000 0.100000 0.277303 0.524235 0.415107 0.831215 0.307345 0.281492 0.319040 0.100000 0.282258 0.201191 0.100000 0.415792 0.512624 0.403715 0.163968 0.100000 0.100000 0.408844 0.466935 0.840082 0.100000 0.203632 0.428333 0.100000 0.443834 0.352353 0.100000 0.798101 0.100000 0.131901 0.547743 0.100000 0.747101 0.159415 
0.704052 0.100000 0.100000 0.100000 0.877666 0.242059 0.393508 0.100000 0.486407 0.283030 1.459969 0.751836 0.100000 0.100000 0.386983 0.397895 0.100000 0.816065 0.682219 0.100000 0.746222 0.763856 1.015029 0.100000 1.300998 0.722554 0.486449 0.764839 0.572309 0.100000 0.761627 0.273093 0.893101 0.704995 1.221365 0.371920 1.398932 1.598403 0.823353 0.454579 0.100000 0.100000 0.317673 0.100000 0.100000 0.100000 1.107303 0.717473 0.156842 0.243073 0.899200 0.307832 1.329925 0.100000 0.620680 0.857996 1.091510 0.768870 0.930684 0.100000 0.100000 0.100000 0.840977 1.294553 0.495111 0.100000 0.960095 
0.670128 0.220858 0.400824 0.100000 1.024189 1.401514 0.285677 0.100000 1.295728 0.323651 1.098076 1.064607 0.228596 0.426132 0.444918 0.300962 0.147161 0.988887 0.181877 0.859023 0.100000 1.200470 0.100000 0.807662 0.174411 0.100000 0.356904 0.730467 0.100000 0.943200 1.817075 0.100000 0.207921 0.766860 0.100000 0.248163 1.348163 0.100000 0.350420 0.264481 0.100000 0.623042 0.587896 0.882998 0.100000 0.442390 0.568613 0.100000 0.100000 0.639547 0.699965 0.667613 0.396869 0.793264 0.100000 1.077929 0.741722 0.876908 0.315370 0.100000 0.173739 0.100000 0.100000 1.302350 0.187062 0.749688 0.441091 
1.389244 0.257651 0.846357 0.424797 0.250358 0.836607 0.459953 0.416472 1.152290 0.100000 0.149038 0.100000 0.314308 0.604987 0.165888 0.100000 1.366682 0.100000 0.351762 0.100000 0.851380 1.173372 0.761443 0.306107 0.100000 0.100000 0.136043 1.383421 0.100000 0.100000 0.641638 0.283304 0.565618 0.923508 0.192297 0.100000 0.669267 1.029494 0.100000 0.100000 0.423806 0.100000 0.100000 0.461758 0.273503 0.979650 0.100000 0.100000 0.101603 0.816893 0.720063 1.330302 0.587667 0.100000 1.179139 0.868805 0.100000 0.677012 0.202915 0.100000 0.824670 0.100000 0.593132 0.241653 0.100000 0.916326 0.100000 
0.602134 0.260721 0.100000 0.487748 0.735364 0.584770 1.371857 0.100000 0.100000 0.454864 1.522600 0.100000 0.550339 0.700110 1.006254 0.424362 0.100000 1.097076 0.429645 0.658401 1.038768 0.561449 0.100000 0.156803 0.822460 0.100000 0.741133 1.068824 0.100000 0.264241 0.685305 0.100000 0.100000 0.641235 0.100000 0.417921 1.403795 0.518273 0.421112 0.305863 0.100000 0.899791 0.100000 0.333978 0.969530 0.417198 0.411224 0.410445 0.100000 1.133817 0.100000 0.461276 0.100000 0.100000 0.100000 0.100000 0.290576 0.689015 0.337530 0.154565 1.224273 0.100000 0.863565 0.203313 0.403428 0.350429 0.100000 
1.085195 0.373244 0.574480 0.741781 0.853496 1.071311 0.667626 0.100391 0.638862 0.876652 0.755657 0.850452 0.386929 0.698777 0.502957 0.471096 0.317114 1.216160 0.289987 0.854197 0.170475 0.587670 0.535152 0.186259 0.100000 0.340848 0.970859 0.273639 0.962679 0.472675 0.905892 0.316705 0.199873 0.465856 0.301523 0.620242 0.822963 0.808604 0.110366 0.266562 0.154766 0.500772 0.422998 0.644238 0.654640 0.430917 0.714539 0.245327 0.100000 0.348674 0.100000 0.723511 1.134978 0.108651 0.220455 1.020032 0.729666 0.805499 0.100000 0.100000 0.390841 0.301431 0.351725 1.215390 0.100000 0.422816 0.261085 
0.420248 0.186587 0.100000 1.044131 1.602937 1.344114 0.525941 0.793458 1.489828 0.100000 0.866190 0.100000 0.365001 0.446052 1.506771 0.584261 0.100000 0.606485 0.736753 0.100000 0.583763 1.455369 0.436195 0.100000 0.311216 0.100000 0.100000 0.602329 0.598057 0.596049 1.027586 0.100000 0.100000 0.100000 0.100000 0.565711 1.091756 0.376853 0.396475 0.554148 0.100000 0.372247 0.892758 0.177470 1.092013 0.896972 1.562021 0.100000 0.100000 1.270763 0.564474 0.447209 0.100000 0.621870 0.198788 0.403871 0.549730 0.439752 0.100000 0.100000 0.100000 0.100000 0.585683 0.451235 1.175545 1.449765 0.100000 
0.559219 0.590670 0.100000 0.470495 0.100000 1.234750 0.100000 0.221534 0.738093 0.738962 0.615278 0.497761 0.258376 1.461115 0.100000 0.100000 0.100000 1.381899 0.724081 0.238829 0.100000 0.569406 0.477208 0.100000 0.561079 0.100000 0.317071 0.111563 1.308070 0.988719 0.672564 0.100000 0.100000 0.216214 0.401755 0.884717 0.100000 0.251569 0.218364 0.185242 0.626446 1.090511 1.103215 0.238447 0.100000 0.452517 1.305722 0.506216 0.360498 0.364944 0.184782 1.046929 0.133719 0.740741 0.100000 0.976625 0.828132 1.287336 1.009650 0.444418 1.657970 0.100000 0.100000 1.102871 1.177314 0.754461 0.100000 
0.538344 0.258953 0.100000 0.251353 0.404749 0.636517 0.900424 0.316809 1.034664 0.665272 0.697302 0.556485 0.376068 0.844500 0.865734 0.228681 0.100000 1.023477 0.100000 0.448998 0.346547 0.493467 0.437243 0.631636 0.150671 0.100000 0.520046 0.100000 0.126714 0.853497 0.456333 0.100000 0.502582 0.100000 0.100000 0.298918 0.100000 0.169938 0.278754 0.197618 0.100000 0.674963 0.681395 0.113089 0.100000 0.100000 0.517573 0.877228 0.100000 0.276085 0.398848 0.222530 0.979302 0.264602 0.100000 0.968443 0.100000 0.597390 0.215835 0.235672 0.100000 0.623905 0.691756 0.231036 0.664732 0.559095 0.337864 
1.192835 0.100000 1.022005 0.100000 0.636577 0.840656 0.602921 0.501667 0.100000 0.632108 1.303199 1.306400 0.100000 0.387114 0.948960 0.497983 0.354424 0.368623 1.085646 0.980832 1.096912 0.351519 0.435890 0.431932 0.100000 0.410209 0.569666 0.418299 0.541380 0.100000 1.917417 0.100000 0.446289 0.921853 0.100000 0.100000 0.327848 0.609499 0.112142 0.100000 0.105056 0.100000 0.100000 0.136097 0.203192 0.675948 1.105507 0.100000 0.100000 0.100000 0.336730 0.738383 0.968151 0.683995 0.237401 0.803582 0.100000 1.038970 0.389383 0.100000 0.958506 0.100000 0.100000 0.100000 0.661650 0.100000 0.386837 
0.638476 0.202740 0.100000 0.100000 1.038751 0.829926 0.285758 1.235498 0.322839 1.729053 0.419127 0.100000 0.165679 0.471021 0.694038 0.100000 0.232423 0.309574 0.486375 0.716103 0.547904 0.449883 1.557679 0.357775 0.100000 0.248368 0.100000 0.995820 1.061211 0.907841 1.392151 0.561148 0.266329 0.802853 0.440852 0.151530 0.552081 0.626052 0.100000 0.100000 0.131746 0.399826 0.100000 0.341372 0.536815 0.581384 1.712975 0.100000 0.296403 0.847013 0.291824 1.200862 1.054560 0.613770 0.100000 1.710219 0.338757 0.843350 0.136477 0.100000 0.100000 0.100000 0.100000 1.105719 0.508513 0.284313 0.885432 
0.970512 0.100000 0.111991 0.806390 0.640890 0.549351 0.584206 0.121131 0.125106 0.582298 0.462953 0.345015 0.861888 1.084813 1.319370 0.500045 0.754037 0.893176 1.015267 1.303557 0.454538 0.996195 1.119256 0.609702 0.478494 0.542255 0.668644 0.758742 0.258210 0.452005 1.016999 0.100000 0.378434 0.263934 0.158118 0.288750 1.023107 0.897300 0.469553 0.310367 0.100000 0.849886 0.844241 0.958128 0.100000 0.100000 1.095664 0.405618 0.179091 0.343595 0.366779 0.744597 0.966460 0.807469 0.100000 1.208168 0.100000 0.713173 0.516120 0.100000 0.100000 0.352190 1.184853 1.050711 0.876384 0.437567 0.172601 
