67 Number of operations
17 Number of workers
Standard production times
0.290051 0.119425 0.716550 0.190971 0.451519 0.100000 0.100000 0.336942 0.571636 0.414269 0.100000 0.116889 0.577166 0.526380 0.408052 0.219375 0.435065 0.438886 0.292950 0.555470 0.434268 0.311430 0.740981 0.584869 0.139028 0.323885 0.251275 0.312576 0.314710 0.676281 0.419674 0.326109 0.145356 0.602997 0.103788 0.342580 0.388635 0.242379 0.413542 0.192219 0.347265 0.507650 0.705652 0.791335 0.495640 0.423869 0.228507 0.247610 0.527861 0.409505 1.022967 0.293508 0.469117 0.314897 0.100000 0.751079 0.347161 0.569259 0.817347 0.505296 0.596762 0.100000 0.221035 0.466013 0.609718 0.669980 0.649135 
Production times: workers row and ops columns
0.100000 0.483660 0.714068 0.100000 0.100000 0.313560 0.303113 0.258193 0.686913 0.239057 0.100000 0.100000 0.537838 0.562866 0.188272 0.173696 0.577311 0.582647 0.256221 0.582004 0.508845 0.100000 1.330041 0.991418 0.226771 0.100000 0.169304 0.351302 0.420161 0.397643 0.619389 0.133657 0.155108 0.985249 0.100000 0.140332 0.434913 0.664101 0.334233 0.234191 0.100000 0.173918 0.372353 0.878104 0.523909 0.346072 0.100000 0.328857 1.143423 0.272340 0.825709 0.286734 1.107605 0.120060 0.100000 0.856354 0.256771 0.528140 0.989582 0.100000 0.741816 0.355251 0.100000 0.332759 0.934063 0.144986 0.751189 
0.243112 0.100000 0.445978 0.459944 0.647160 1.205957 0.100000 0.482531 0.625667 0.314502 0.216416 0.194586 0.874028 0.100000 0.823334 0.275984 0.100000 1.238628 1.530160 0.389308 0.822841 0.356605 0.647682 0.956498 0.100000 0.326365 0.100000 0.122896 0.100000 1.218090 0.480577 0.652929 0.100779 1.053433 0.805031 0.451421 0.346835 0.100000 0.310511 0.213297 0.100000 1.497495 0.408642 1.285444 0.587192 0.885866 0.495093 0.100000 0.247593 0.479892 1.906767 0.100000 0.438256 0.434111 0.137386 0.920232 0.486200 1.181242 0.102097 0.932517 1.350187 0.361667 0.428691 0.757706 0.989450 0.876325 1.233053 
0.100000 0.100000 0.304529 0.100000 0.853736 0.100000 0.323231 0.418800 0.362948 0.696351 0.100000 0.100000 0.765835 0.695832 0.591462 0.526385 0.259672 0.283335 0.420178 1.004131 0.630802 0.813825 0.883483 1.206085 0.351758 0.867362 0.100000 0.276547 0.361012 0.586347 0.662062 0.280740 0.358121 0.927412 0.100000 0.515663 0.100000 0.207790 0.654710 0.100000 0.611929 0.533396 0.738114 1.005243 0.560932 0.479883 0.859327 0.346645 0.427923 0.277954 1.043479 0.725692 0.164496 0.592168 0.211387 0.565262 0.100000 0.645546 1.154315 1.261149 0.418755 0.320554 0.100000 0.782082 1.157202 0.800333 1.078606 
0.424597 0.616155 1.111498 0.668128 0.690290 0.100000 0.464717 0.657733 0.266227 0.851536 0.100000 0.654889 0.593743 0.757364 0.519519 0.766398 1.314402 0.430011 0.117870 0.941675 0.428855 0.741699 1.174252 0.610510 0.100000 0.473494 0.359538 0.217605 0.185866 1.040991 0.268027 0.222549 0.225589 0.257786 0.216951 0.250180 0.772110 0.364955 0.399396 0.181594 0.766950 0.629896 1.304535 1.061062 0.610769 0.432317 0.876239 0.238952 0.567388 0.226709 1.071337 0.745776 0.724676 0.724703 0.429029 1.137059 0.316889 1.044593 0.834832 0.306723 0.802681 0.178738 0.100000 0.389455 1.137658 0.675844 1.237542 
0.100000 0.100000 0.100000 0.893144 0.391308 0.516114 0.100000 0.485304 0.102992 0.424774 0.100000 0.100000 0.373462 0.915397 0.525479 0.434423 0.556855 0.100000 0.100000 0.374647 0.594307 0.698372 0.455157 0.708623 0.100000 0.617421 0.118694 0.100000 0.100000 1.036661 0.429768 0.100000 0.274027 0.693433 0.659368 0.109769 1.327985 0.100000 0.852770 0.204950 0.265882 0.597516 0.100000 0.720151 0.898790 0.100000 0.100000 0.157248 0.468257 0.100000 0.489855 0.485950 0.100000 0.941386 0.100000 1.041875 0.100000 0.784974 0.100000 0.262129 0.513876 0.449524 0.100000 2.252692 0.351346 0.805480 0.100000 
0.491879 0.239615 0.877392 0.546512 0.527278 0.100000 0.276449 0.416908 0.864468 0.673343 0.633839 0.557866 0.581465 0.621836 0.472319 0.100000 0.464080 1.059514 0.100000 0.616143 0.336124 0.100000 1.329737 0.730690 0.100000 0.393300 0.365591 0.100000 0.750294 0.992239 0.932927 0.451548 0.100000 1.267026 0.274806 0.646634 0.486744 0.282289 0.576486 0.360672 0.849575 0.953112 0.318908 1.060492 1.164377 0.724333 0.611546 0.230227 0.813664 0.280398 1.412433 0.171071 0.964694 0.321996 0.100000 0.669549 0.220969 0.985199 1.189106 0.864574 0.492857 0.100000 0.201792 0.465593 0.623382 0.747561 0.847109 
0.171680 0.100000 0.621522 0.360920 0.689664 0.100000 0.351473 0.366542 1.036021 0.578523 0.332049 0.100000 0.658235 0.531361 0.100000 0.100000 0.447352 0.293909 0.573438 1.038207 0.750834 0.549793 0.444522 0.903430 0.632650 0.100000 0.580379 0.838275 0.302412 0.649286 0.147114 0.280301 0.175935 0.629065 0.434178 0.254521 1.469805 0.250267 0.398117 0.296776 0.203479 0.371310 0.411388 0.950918 0.514428 0.608243 0.100000 0.384548 0.216981 0.309280 1.260282 0.100000 0.648192 0.656126 0.480490 0.928023 0.378405 0.100000 1.297437 0.846827 0.984854 0.330485 0.525099 1.126678 0.754930 0.599382 1.131616 
0.100000 0.244645 0.859472 0.100000 0.849235 0.100000 0.100000 0.100000 0.373733 0.101234 0.100000 0.100000 0.781293 0.210370 0.180655 0.365396 0.100000 0.196354 0.100000 0.832764 0.270013 0.100000 0.373243 0.156079 0.245582 0.100000 0.100000 0.484063 0.305975 1.012877 0.239385 0.840121 0.100000 0.445151 0.100000 0.303947 0.526769 0.150756 0.788965 0.460690 0.245175 0.444028 0.391081 0.699739 0.603975 0.448794 0.100000 0.400150 0.115391 0.502173 0.940249 0.516084 0.487787 0.146095 0.100000 0.730778 0.318369 0.100000 0.598401 0.374372 0.919571 0.100000 0.410615 0.291393 0.836618 0.298351 1.037663 
0.100000 0.132190 1.411186 0.343062 1.184906 0.117793 0.607882 0.694781 1.437724 0.100000 0.100000 0.100000 0.410182 0.100000 0.146042 0.100000 0.932741 0.264993 0.100000 0.891038 0.274959 1.007127 0.100000 0.100000 0.100000 0.781551 0.100000 0.769582 0.100000 2.167857 0.589812 0.100000 0.100000 1.066289 0.100000 0.537973 1.183180 0.716315 0.744629 0.129339 0.928277 0.181629 0.456887 0.279373 0.718527 0.100000 0.760884 0.810519 0.949153 0.100000 0.821990 0.100000 0.100000 0.100000 0.180722 0.479845 0.763041 1.328303 0.298645 0.738375 0.620810 0.100000 0.132649 0.570979 0.100000 0.100000 0.100000 
0.285049 0.100000 0.303508 0.387890 0.677416 1.057991 0.100000 0.352826 0.100000 0.794969 0.100000 0.677210 1.297531 0.484741 0.100000 0.100000 0.639131 0.902261 1.274763 0.100000 0.100000 0.854000 0.894882 0.826140 0.902483 0.151910 0.100000 0.445204 0.100000 0.752503 0.255274 0.100000 0.905815 0.899946 0.100000 0.897876 0.100000 1.774526 0.100000 0.226762 0.234340 0.100000 0.370907 0.100000 0.100000 0.623268 0.215943 0.875607 0.217486 0.896557 1.089013 0.100000 0.107014 0.353354 0.407310 0.764359 0.100000 0.603750 0.590118 0.736010 0.100000 0.997684 0.100000 0.451755 1.376871 0.100000 0.697697 
0.100000 0.100000 0.627244 1.072472 0.947272 0.100000 0.100000 0.711534 0.425514 0.335365 0.100000 0.100000 0.592864 0.100000 0.407649 1.249462 0.182732 0.635077 0.200840 0.174533 0.150426 0.584811 0.358258 1.073584 0.100000 0.100000 0.100000 0.416062 0.472646 0.274438 0.100000 0.100000 0.224349 0.612268 0.359861 0.771653 0.365265 0.100000 0.677362 0.101213 1.876656 0.105138 0.642041 1.262488 0.318845 0.694376 0.100000 0.100000 0.100000 0.535561 0.588107 0.502204 0.172713 0.100000 0.565569 2.041981 0.463557 0.100000 1.152407 0.100000 0.100000 0.692337 0.100000 1.020011 0.757937 0.899531 0.556993 
0.139826 0.100000 0.938647 0.457512 0.798273 0.100000 0.100000 0.250184 0.387609 0.214175 0.100000 0.100000 0.562399 1.169222 0.100000 0.713409 0.288262 0.693104 0.504124 0.605951 0.652991 0.142800 0.624829 0.233554 0.136539 0.100000 0.100000 0.187433 0.309384 0.599063 0.541703 0.139530 0.100000 0.390546 0.100000 0.360636 0.534951 0.615120 0.100000 0.348940 0.615318 0.525206 0.716876 1.013173 0.100000 0.384840 0.339987 0.100000 0.221567 0.272405 0.889050 0.238900 1.125022 0.113184 0.684702 0.800654 0.113071 0.687782 0.769384 0.700311 0.413254 0.100000 0.100000 0.525074 0.607540 0.900132 0.520327 
0.276588 0.509550 1.090037 0.100000 0.397885 0.100000 0.100000 0.414110 0.398774 0.639458 0.100000 0.372476 0.592549 0.319191 0.535278 0.230649 0.145482 0.100000 0.142872 0.315489 0.361370 0.389850 0.455433 0.100000 0.238346 0.227781 0.386034 0.891515 0.100000 0.308485 0.100000 0.100000 0.100000 1.011412 0.223272 0.464431 0.472015 0.100000 0.358336 0.100000 0.100000 0.234834 1.187090 1.001094 0.744054 0.596366 0.581476 0.280865 0.249533 0.371169 0.965853 0.100000 0.208590 0.100000 0.100000 0.779510 0.604057 0.342974 1.171267 0.100000 0.349670 0.112276 0.482472 0.338188 1.100778 0.523097 0.476255 
0.100000 0.165912 0.542910 0.653844 0.478693 0.549581 0.313944 0.701505 0.271282 0.622675 0.489654 0.238587 0.900314 0.509071 0.427640 0.512540 0.731451 0.628945 0.510756 0.551341 0.172268 0.800076 0.958016 0.383465 0.333461 0.525928 0.484809 0.450104 0.100000 0.892505 0.100000 0.183804 0.248061 0.773883 0.100000 0.349405 0.143142 0.882286 0.417411 0.100000 1.153732 0.162314 0.784847 1.346813 0.123630 0.365198 0.189225 0.491180 0.307820 0.920097 1.140764 0.379230 0.100000 0.639895 0.100000 0.722154 0.364023 1.233678 0.912362 0.996025 0.285482 0.100000 0.265640 0.774209 0.204134 0.755322 0.667940 
0.657811 0.536279 0.521787 0.229053 0.501387 0.350826 0.408196 0.100000 0.826835 0.960648 0.597636 0.100000 0.617856 0.593904 0.816679 0.100000 0.785664 0.100000 0.965284 0.372438 0.444874 0.347533 0.802136 1.004271 0.100000 0.892287 0.663746 0.100000 0.420292 0.644644 0.383822 0.352520 0.444834 0.776786 0.648896 0.421768 0.893332 0.750259 0.641262 0.318128 0.167379 0.990602 0.313624 0.858065 0.738065 0.913525 0.185016 0.100000 1.117695 0.257729 1.618541 0.348705 0.238804 0.100000 0.100000 0.915765 0.592393 1.112098 1.094765 1.160012 0.812862 0.100000 0.101039 0.782801 0.353869 0.478768 0.751217 
0.423646 0.100000 0.821057 0.100000 0.100000 0.231472 0.321367 0.590336 0.652186 0.864227 0.376469 0.100000 0.521030 0.623649 0.294512 0.229452 0.367966 0.815320 0.659701 0.516143 0.355608 0.100000 0.809259 0.823482 0.159105 0.159958 0.310646 0.636018 0.358161 0.841021 0.100000 0.173407 0.100000 0.274098 0.100000 0.375904 0.277785 0.100000 0.398671 0.213056 0.567985 0.223513 0.247420 0.364347 0.584847 0.333731 0.142505 0.448801 0.860404 0.100000 1.594846 0.100000 0.175800 0.136948 0.100000 0.246440 0.644544 0.359693 0.612007 0.360884 0.211906 0.100000 0.111606 0.551612 0.517048 0.100000 0.305107 
1.082929 0.416831 0.934621 0.100000 0.100000 0.100000 0.100000 0.490291 1.012790 0.108102 0.100000 0.100000 0.100000 0.834742 0.100000 0.731944 0.536395 0.776754 0.100000 0.564719 0.168452 0.308575 0.598340 0.100000 0.610071 0.630665 0.100000 1.060706 0.100000 1.825692 0.386229 0.100000 0.100000 0.529543 0.251662 0.538007 0.100000 0.121500 0.100000 0.465713 0.343624 0.388216 1.809369 1.514269 1.086576 0.100000 0.178105 0.100000 0.195767 0.102195 1.410353 0.100000 0.176984 0.530685 0.100000 0.583688 0.655783 0.100000 0.100000 0.100000 0.795221 0.100000 0.497030 0.215882 0.807584 0.261491 0.147352 
