58 Number of operations
18 Number of workers
Standard production times
0.436826 0.198809 0.331604 0.391055 0.455688 0.283821 0.369697 0.170513 0.277800 0.162097 0.574453 0.396892 0.633336 0.100000 0.551241 0.100000 0.330241 0.100000 0.539262 0.512992 0.495972 0.340811 0.315938 0.228077 0.318417 0.649516 0.100000 0.100000 0.538062 0.585624 0.717307 0.480261 0.146062 0.493841 0.660772 0.646257 0.445896 0.454722 0.266643 0.360484 0.497204 0.572092 0.100000 0.238532 0.100000 0.618461 0.282133 0.597837 0.392383 0.644536 0.657231 0.431644 0.169275 0.413947 0.588501 0.278597 0.308175 0.396599 
Production times: workers row and ops columns
0.165729 0.659445 0.556872 0.100000 0.934194 0.294729 0.767122 0.326145 0.208820 0.600567 0.771113 0.563381 0.524318 0.475738 0.687510 0.505212 0.275058 0.391145 0.435867 0.786639 0.678503 0.100000 0.254944 0.100000 0.584342 0.650367 1.033485 0.237560 0.973348 0.203759 0.555364 0.295526 0.375138 0.513275 0.690984 0.812407 0.388634 1.460330 0.543237 0.307155 0.565828 0.305925 0.100000 0.720503 0.517633 0.970041 0.491365 0.797429 0.420510 0.588160 0.997870 0.566598 0.211019 0.263145 1.318339 0.540564 0.668557 0.351640 
1.384133 0.183302 0.849945 1.142430 0.174545 0.738689 0.212195 0.100000 0.100000 0.558344 0.475491 0.706592 0.954739 0.539247 0.100000 0.365310 1.340372 0.100000 0.865379 0.826478 0.100000 0.100000 0.243337 0.100000 0.100000 1.447598 0.100000 0.100000 0.406922 1.318468 1.695034 0.100000 0.100000 0.115419 1.083756 0.493263 0.100000 0.100000 0.100000 0.100000 1.493477 0.100000 0.100000 0.100000 0.359251 1.255451 0.100000 0.718112 0.347623 0.733144 0.563546 0.255518 0.149494 0.538203 0.953216 1.007333 0.592122 0.100000 
1.063447 0.100000 0.607176 0.992912 0.795742 0.925836 0.100000 0.234904 0.181637 0.100000 0.133543 0.489540 1.345705 0.104552 0.181927 0.286971 0.933952 0.158882 1.006414 0.287993 1.029707 0.200540 0.222414 0.298370 0.727221 0.916433 0.100000 0.702514 0.680576 0.100000 0.943823 0.701896 0.462998 0.629143 1.118429 0.988126 0.375980 0.100000 0.337385 0.471457 0.175903 0.219471 0.240801 0.468124 0.289062 0.585908 0.838723 0.658931 0.832384 0.747010 1.258897 0.516606 0.776735 0.691319 1.227986 1.128843 0.327154 0.474973 
1.049332 0.472452 0.184445 0.100000 0.176397 0.467831 0.331564 0.819213 0.511702 0.236973 0.689672 0.466378 0.358413 0.725103 0.522965 0.100000 0.623095 0.100000 1.087203 0.942796 0.687776 0.641403 0.915180 0.310214 0.421596 0.493836 0.878311 0.165022 0.411819 0.725475 0.336165 0.141383 0.350370 0.100000 1.451792 1.334775 0.346746 1.034892 0.234275 0.489218 0.836755 0.622167 0.100000 0.262293 0.262871 1.164330 0.100000 0.665729 0.335519 0.481243 0.444059 1.100788 0.519168 0.100000 0.909798 0.541049 0.243260 0.100000 
0.390245 0.100000 1.051498 0.100000 0.623191 0.604839 0.553977 0.100000 0.790632 0.100000 0.274460 0.377853 1.678621 0.178144 0.443683 0.100000 0.408442 0.100000 0.571209 0.798761 0.982561 0.739117 0.100000 0.120185 0.100000 0.693081 0.700617 1.170633 1.133730 1.112643 0.325244 0.888668 0.100000 0.433971 0.206982 0.100000 0.100000 0.100000 0.300412 0.635643 0.100000 0.381977 0.528233 1.331987 0.410128 0.619390 0.100000 0.865499 0.836714 1.554111 1.045892 0.187108 0.713725 0.337563 0.100000 0.246845 0.777652 0.100000 
0.537952 0.100000 0.327120 0.100000 0.684545 0.591489 0.182786 0.100000 0.123739 0.100000 0.427276 0.399035 0.219971 0.661882 0.626461 0.132559 0.100000 0.221507 0.450437 0.680277 0.914394 0.286254 0.311289 0.379814 0.308963 0.383094 0.100000 0.100000 0.352228 0.100000 0.846496 0.235636 0.100000 0.376735 0.788762 0.158053 0.694976 0.255711 0.528188 0.191226 0.691897 0.503709 0.100000 0.411555 0.100000 0.444417 0.100000 0.583346 0.835411 0.320610 0.100000 0.147110 0.196113 0.512607 0.390191 0.100000 0.504993 0.662498 
0.295852 0.100000 0.100000 0.802156 0.332151 0.706047 0.100000 0.212843 0.100000 0.100000 0.482423 0.322205 0.319761 0.100000 0.744203 0.100000 0.100000 0.100000 0.179003 0.312381 0.655729 0.100000 0.815869 0.108162 0.710141 0.100000 0.100000 0.100000 0.422768 0.689348 0.499369 0.140706 0.166242 0.138446 0.266409 0.409520 0.248363 0.744633 0.194945 0.242895 0.465213 0.395717 0.171380 0.519552 0.100000 0.244759 0.212102 0.598209 0.319186 0.801921 0.140817 0.209371 0.268296 0.295061 1.215048 0.333430 0.536818 0.496744 
0.440214 0.732006 0.100000 0.910592 0.134072 0.477002 0.737313 0.376263 0.410202 0.398932 0.379973 0.747631 1.004730 0.193345 0.433041 0.100000 0.704497 0.100000 0.958449 0.969997 0.447619 0.500799 0.646683 0.500085 0.100000 0.758521 0.124972 0.150264 0.928205 0.713172 0.819678 0.217775 0.399824 0.635626 1.179154 1.227707 0.440847 0.235176 0.100000 0.100000 0.100000 0.728125 0.485495 0.539207 0.100000 0.502225 0.162303 0.714021 0.559759 0.477932 0.913118 0.181916 0.403827 0.542693 0.924281 0.588875 0.438236 0.230368 
0.100000 0.100000 0.505458 0.403743 0.456593 0.100000 0.100000 0.100000 0.337508 0.208874 0.847064 0.100000 0.100000 0.100000 0.618278 0.100000 0.100000 0.262615 0.385813 0.420820 0.268823 0.100000 0.100000 0.100000 0.150156 0.702617 0.100000 0.100000 0.433799 0.484945 0.780100 0.318629 0.107337 0.747607 0.827905 0.664256 0.100000 0.100000 0.505853 0.808027 0.352777 0.231603 0.100000 0.100000 0.100000 0.716492 0.760602 0.469296 0.158669 0.296122 1.204103 0.211318 0.100000 0.629458 0.100000 0.106831 0.111511 0.162552 
0.100000 0.332564 0.324558 0.100000 0.414416 1.071951 0.100000 0.100000 0.190408 0.100000 0.155693 0.391949 0.343470 0.188428 1.057287 0.479635 0.306394 0.135788 0.751818 0.458333 0.100000 0.215155 0.578959 0.125211 0.100000 1.064767 0.100000 0.247245 0.653088 0.647622 0.421421 0.546823 0.473097 0.599839 0.100000 0.830087 0.765362 0.382183 0.372430 0.100000 0.100000 0.591930 0.204115 0.100000 0.100000 0.642464 0.100000 0.825857 0.468704 0.310325 0.545582 0.635332 0.100000 0.172364 0.421923 0.482984 0.100000 0.177273 
0.534717 0.635962 0.385608 0.100000 0.286707 0.440433 0.298682 0.154363 0.373780 0.100000 0.100000 0.100000 0.100000 0.100000 0.430895 0.223460 0.387280 0.100000 0.573821 0.820020 0.961174 0.129744 0.175980 0.183036 0.381328 0.952999 0.332394 0.100000 0.452024 0.439190 0.294802 0.483289 0.100000 0.768101 0.690040 0.428727 0.100000 0.862822 0.100000 0.100000 0.630899 0.730420 0.100000 0.130486 0.119862 0.578466 0.100000 0.240011 0.286529 1.152756 0.767869 0.405673 0.100000 0.379409 0.236125 0.637467 0.100000 0.468595 
0.100000 0.100000 0.410177 0.310876 0.207483 0.100000 0.114105 0.100000 0.801329 0.415684 0.139678 0.674992 0.263340 0.589573 0.126495 0.342853 0.100000 0.228134 0.100000 0.865098 0.940041 0.624257 0.100000 0.334689 0.309508 0.473504 0.131128 0.100000 0.113377 0.716707 0.100000 0.549533 0.282577 0.612148 0.184896 1.094647 0.241847 0.886892 0.100000 0.471882 0.100000 1.078715 0.100000 0.119956 0.100000 0.347042 0.177823 0.498003 0.199847 0.112864 0.600717 0.443701 0.244541 0.752244 0.720145 0.307911 0.100000 1.011300 
0.289486 0.100000 0.255578 0.100000 0.428177 0.100000 0.442044 0.100000 0.998055 0.100000 0.684738 0.323326 0.750922 0.100000 0.127277 0.100000 0.100000 0.100000 0.497954 0.100000 0.305123 0.499432 0.100000 0.100000 0.100000 0.779809 0.100000 0.189500 0.100000 0.629350 0.739854 0.167606 0.133079 0.172317 0.747768 0.341220 0.416485 0.359906 0.100000 0.100000 0.100000 0.472911 0.100000 0.100000 0.181337 0.454716 0.204691 0.100000 0.462149 0.773909 0.963818 0.100000 0.100000 0.701239 0.471737 0.100000 0.100000 0.362920 
0.673707 0.581916 0.100000 0.492179 0.287754 0.100000 0.486388 0.502542 0.133029 0.427514 0.462338 0.762328 0.612050 0.100000 0.789546 0.100000 0.611135 0.464795 0.428749 0.602160 0.369491 0.479312 0.635644 0.722481 0.310734 0.683517 0.277882 0.100000 0.507224 0.448907 0.858626 0.290183 0.349679 1.116603 1.016658 0.959594 0.932907 1.013480 0.543560 0.632171 0.888541 0.546722 0.500854 0.348219 0.100000 0.490601 0.189333 0.783350 0.562714 0.970331 0.493061 0.846616 0.601188 0.710579 0.651928 0.100000 0.254493 0.335143 
0.394459 0.564316 0.100000 0.434087 0.848088 0.363317 0.363915 0.100000 0.499667 0.173246 0.561960 0.602366 0.149120 0.214591 0.348570 0.100000 0.272761 0.100000 0.139048 0.734931 0.137951 0.711193 0.100000 0.100000 0.597897 0.448579 0.100000 0.341214 0.525134 0.781286 0.593712 0.797310 0.100000 0.429647 0.436365 1.054849 0.771991 0.545440 0.100000 0.381695 0.599510 0.638312 0.100000 0.100000 0.100000 1.007667 0.442701 0.404688 0.515814 0.100000 0.248976 0.330364 0.290967 0.401642 1.079110 0.396438 0.100000 0.463860 
0.695535 0.789856 0.514602 0.601650 0.734340 0.754511 0.739049 0.504666 0.246329 0.189581 0.457366 0.761777 0.821099 0.310145 0.542898 0.299197 0.100000 0.158473 0.651256 0.677218 0.272959 0.100000 0.392546 0.524451 0.100000 0.844579 0.100000 0.100000 0.795253 0.975267 0.481240 0.198245 0.339755 0.567659 0.692695 1.070335 1.015160 0.597194 0.352473 0.740465 0.438139 0.806404 0.366188 0.100000 0.310947 0.631371 0.194999 0.301889 0.647272 0.614798 1.045830 0.662491 0.100000 0.589243 0.570286 0.749421 0.442070 0.451439 
0.395244 0.102229 0.100000 0.394542 0.191387 0.100000 0.547074 0.100000 0.544231 0.100000 0.367978 0.257479 1.391167 0.100000 0.678428 0.217563 0.100000 0.198015 0.918897 0.273562 0.116611 0.220303 0.336001 0.107798 0.221621 0.510633 0.296256 0.419570 0.538661 0.241478 0.868371 0.100000 0.100000 0.280595 0.552804 0.479018 0.100000 0.524520 0.301490 0.100000 0.100000 0.391946 0.100000 0.537471 0.311015 0.351207 0.442091 0.202982 0.183213 0.451623 0.819028 0.100000 0.662340 0.129561 0.826503 0.100000 0.371609 0.840222 
0.642490 0.431590 0.675738 0.702186 0.528816 0.829353 0.661144 0.354414 0.971568 0.100000 0.504279 0.143040 0.744811 0.471618 0.444053 0.392143 0.494364 0.377348 0.513306 0.782411 0.792562 0.111524 0.637815 0.727399 0.667544 0.940184 0.100000 0.387785 0.777431 0.438988 0.713994 1.101420 0.878030 0.877827 0.566495 0.860623 0.976012 0.648058 0.415003 0.709054 0.728415 0.562633 0.209612 0.174628 0.849997 1.089287 0.100000 0.424487 0.671414 0.855970 0.823642 1.293530 0.100000 0.866706 1.128084 0.194385 0.918238 0.257539 
