57 Number of operations
17 Number of workers
Standard production times
0.290051 0.119425 0.716550 0.190971 0.451519 0.100000 0.100000 0.336942 0.571636 0.414269 0.100000 0.116889 0.577166 0.526380 0.408052 0.219375 0.435065 0.438886 0.292950 0.555470 0.434268 0.311430 0.740981 0.584869 0.139028 0.323885 0.251275 0.312576 0.314710 0.676281 0.419674 0.326109 0.145356 0.602997 0.103788 0.342580 0.388635 0.242379 0.413542 0.192219 0.347265 0.507650 0.705652 0.791335 0.495640 0.423869 0.228507 0.247610 0.527861 0.409505 1.022967 0.293508 0.469117 0.314897 0.100000 0.751079 0.347161 
Production times: workers row and ops columns
0.100000 0.100000 0.633251 0.649569 0.491644 0.214119 0.100000 0.476006 0.536557 0.729063 0.100000 0.890614 0.739695 0.420424 0.100000 0.741976 0.940252 0.474305 0.651745 0.430118 0.408503 0.317994 0.842100 0.812345 0.100000 0.414419 0.655019 0.718843 0.420161 0.887171 0.710637 0.121005 1.293789 1.447246 0.416694 0.100000 0.418684 0.473589 0.755960 0.100000 0.846790 0.353565 0.888571 1.595089 0.376551 0.253455 0.472304 1.117147 0.562346 0.646126 0.697789 0.100000 0.100000 0.626179 0.313781 0.788084 0.120577 
0.592128 1.312028 0.654609 0.100000 0.606896 1.330814 0.100000 0.100000 0.913761 0.430285 0.198135 0.570615 0.100000 0.934804 1.000138 0.117135 0.379642 1.146128 0.100000 0.892227 0.100000 0.264491 0.656094 0.314297 0.408002 0.519526 1.357232 0.231453 0.460299 0.730313 0.319908 0.442525 0.223053 0.899860 0.100000 0.757862 0.445244 0.100000 1.213284 1.429428 0.181102 0.896223 0.750828 0.698037 0.867269 0.214280 0.230987 0.100000 0.338182 0.137694 1.564776 0.354411 0.795937 0.270320 0.550436 1.452323 0.456003 
0.164971 0.100000 0.554732 0.103617 0.100000 0.593907 0.100000 0.533407 0.526567 0.591467 0.159952 0.100000 0.309005 0.468612 0.838332 0.100000 0.316548 0.410414 0.215382 0.556962 0.417691 0.578619 0.211831 0.741202 0.491083 0.380885 0.275868 0.387592 0.442549 0.700089 0.670025 0.100000 0.100000 0.233397 0.100000 0.100000 0.590853 0.100000 0.436773 0.100000 0.100000 0.589732 0.100000 0.429339 0.484309 0.393320 0.211917 0.354620 0.152468 0.100000 0.950194 0.542168 0.465651 0.617293 0.100000 1.172295 0.359892 
0.100000 0.100000 0.627053 0.100000 0.688832 0.100000 0.287942 0.710966 0.100000 0.536074 0.100000 0.100000 0.812446 0.100000 0.682494 0.100000 0.322501 0.628732 0.235103 0.482160 1.318967 0.309820 0.407751 0.198951 0.100000 0.877526 0.100000 0.608027 0.333688 0.199919 0.100000 0.286587 0.540303 1.696086 0.100000 0.543503 0.100000 0.602495 1.159348 0.242807 0.896384 0.565228 1.366867 1.282915 1.124235 0.655155 0.100000 0.688805 0.895846 0.100000 1.585079 0.100000 1.199115 0.175858 0.318306 0.770190 1.092200 
0.281176 0.100000 1.102755 0.185558 0.881788 0.533271 0.125641 0.100000 0.721245 0.522532 0.100000 0.100000 0.941875 0.374734 0.304493 0.299609 0.100000 0.552049 0.200550 0.938945 0.556844 0.297284 0.730356 1.004554 0.261274 0.922768 0.521001 0.427704 0.323158 1.324014 0.411016 0.365636 0.100000 0.651367 0.556056 0.598140 0.798441 0.571408 0.799521 0.161947 0.822599 0.525136 0.507080 0.997254 0.574378 0.301438 0.151949 0.775551 0.533725 0.997912 0.763715 0.100000 0.990421 0.378771 0.449668 0.790861 0.536179 
1.588946 0.129931 0.583382 0.100000 0.247815 0.489017 0.217427 0.551989 0.693427 0.100000 0.100000 0.100000 0.737205 0.913322 0.122229 0.343130 0.100000 0.732423 0.160369 0.100000 0.100000 0.671809 0.751075 0.100000 0.267699 0.414321 0.806855 0.100000 1.254060 0.100000 0.858902 0.338840 0.100000 0.692864 0.100000 0.271395 0.791785 0.100000 0.100000 0.101857 0.287661 0.144755 0.172540 0.983778 0.100000 1.050357 0.100000 0.538406 0.100000 0.625220 0.268321 0.100000 0.386231 0.664421 0.100000 2.537759 0.100000 
0.425551 0.100000 0.886264 0.224619 0.552922 0.525903 0.100000 0.100000 0.699050 0.380880 0.421387 0.382013 1.300232 1.094675 0.248551 0.211802 0.375510 0.100000 0.174642 1.423183 0.100000 0.245885 0.410741 0.100000 0.953621 0.400253 0.100000 0.261601 0.338570 0.100000 0.978982 0.686038 0.834111 0.645396 0.100000 1.282627 0.506998 0.582469 0.410390 0.100000 0.452171 0.621739 1.376169 1.367106 0.100000 0.705797 1.176403 0.581717 0.999593 0.213867 1.332639 0.100000 0.951560 0.100000 0.759296 0.596244 0.100000 
0.100000 0.100000 1.243117 0.643903 0.883649 0.100000 0.100000 0.138204 0.404270 0.270374 0.100000 0.280179 0.213215 0.172164 0.100000 0.335958 0.665307 0.100000 0.545405 0.438138 1.041576 0.418520 0.961062 0.100000 0.107476 0.165519 0.100000 0.100000 0.168522 0.267987 0.720488 0.964003 0.506300 0.833604 0.100000 0.706848 1.044672 0.100000 0.795382 0.901718 0.160101 0.295992 0.100000 0.548322 0.379938 0.300649 0.612490 0.100000 2.163144 0.255985 0.830592 0.301102 0.100000 0.100000 0.100000 0.850384 0.211809 
0.108865 0.303800 0.440344 0.327908 0.140639 0.100000 0.337315 0.100000 0.750711 0.755497 0.480490 0.293833 0.608409 0.100000 0.888142 0.560907 0.823156 0.669371 0.597014 1.216135 0.579479 0.240832 1.223462 0.910089 0.481949 0.100000 0.848990 0.505897 0.479424 0.633857 0.421772 0.213074 0.100000 0.737272 0.507915 0.226570 0.361238 0.588400 0.100000 0.149687 0.100000 0.984944 0.741397 0.330423 0.327902 0.195079 0.535061 0.100000 0.524563 0.780993 1.214232 0.830103 0.488828 1.028910 0.100000 0.793233 0.129389 
0.392329 0.516315 0.730512 0.983343 1.065637 0.100000 0.160629 0.100000 0.585642 0.761494 0.308208 0.100000 0.998065 0.100000 0.729165 0.248179 0.972692 0.636671 0.178279 0.283228 0.567098 0.430109 0.100000 0.386626 0.100000 1.028567 0.240969 0.795210 0.190345 1.221115 0.100000 1.140322 0.100000 0.615762 0.798423 0.494671 1.122022 0.260172 0.921424 0.550059 1.213353 0.100000 0.434588 0.304209 0.328656 0.100000 0.100000 0.100000 1.025537 0.235612 0.327157 0.629075 0.309808 1.010594 0.100000 0.171070 0.100000 
0.207966 0.493629 0.571554 1.185916 0.653602 0.100000 0.162386 0.714916 0.610218 0.631505 0.676727 0.501251 0.875818 0.588653 0.856660 0.123762 0.385805 0.231709 0.526682 0.436212 0.853694 0.749175 1.093756 0.360814 0.118441 0.100000 0.100000 0.100000 0.463143 0.613541 0.769202 0.881535 0.100000 0.842845 0.218217 0.100000 0.435603 0.405359 0.100000 0.100000 0.100000 0.604649 0.431113 0.643510 0.713792 0.659407 0.903302 0.100000 0.637392 0.158014 1.351387 0.264546 0.905309 0.847116 0.175016 0.532331 0.153248 
0.633527 0.297450 1.205638 0.100000 0.100000 0.325542 0.100000 0.381704 0.929709 0.211083 0.100000 0.100000 0.224613 0.472114 0.209412 0.100000 0.791340 0.517055 0.100000 0.788648 0.154174 1.130718 0.207682 0.505595 0.100000 0.100000 0.100000 0.100000 0.100000 0.695921 0.312136 0.602906 0.100000 0.795228 0.100000 0.100000 0.100000 0.165453 0.497928 0.100186 0.100000 0.428345 0.469315 0.829764 0.100000 0.862480 0.100000 0.139056 0.888153 0.100000 0.952104 0.100000 0.261787 0.161313 0.528901 0.948531 0.207767 
0.512490 0.100000 1.041306 0.203297 0.504176 0.100000 0.180052 0.446360 0.111150 0.514027 0.818052 0.100000 0.794880 0.571114 0.279490 0.149070 0.699094 0.309253 0.686179 0.162943 0.114542 0.244230 0.903073 0.779631 0.100000 0.100000 0.100000 0.459971 0.420272 0.929925 0.777118 0.412087 0.100000 0.861289 0.149184 1.360215 0.247128 0.304212 0.796234 0.186142 0.609569 0.334822 0.446112 0.446302 0.671274 0.262953 0.453724 0.169768 0.217356 0.788847 1.897508 0.463345 0.100000 0.615933 0.100000 0.484652 0.802564 
0.179102 0.551824 0.905482 0.428702 0.496234 0.675727 0.149776 0.417610 0.993733 0.880809 0.646755 0.100895 0.507952 0.639622 0.424026 0.219282 0.412554 0.493915 0.478183 1.398312 0.192171 1.005463 0.794179 1.039087 0.550202 0.574366 0.669998 0.343946 0.398559 0.524967 0.617185 0.292303 0.100000 0.677855 0.298462 0.465361 0.710664 0.255801 0.100000 0.179768 0.496599 0.725706 1.051968 1.364076 0.323247 0.780590 0.696561 0.465166 0.739085 0.831343 0.632454 0.454479 0.780596 0.298615 0.100000 0.813979 0.413245 
0.747716 1.379267 0.547028 1.332141 0.700810 0.100000 0.464205 0.423671 1.063328 0.275089 0.100000 0.100000 0.842269 0.689417 0.958305 0.171362 0.579293 1.255761 1.082095 0.261052 0.511545 0.100000 0.818637 0.880150 0.100000 0.865867 0.386114 0.905220 0.507015 0.497633 0.798384 0.511565 0.100000 0.100000 0.100000 0.109278 0.433806 0.539746 0.104296 0.100000 0.679462 0.514144 1.096918 1.922902 0.100000 0.100000 0.100000 0.100000 0.192390 1.256864 1.388773 0.663260 0.774749 0.190310 0.174656 0.100000 0.100000 
0.100000 1.088488 1.232814 0.771661 0.905681 0.854948 0.322091 0.100000 0.674408 0.485745 0.100000 0.100000 0.100000 0.100000 0.622103 0.814202 0.224590 1.195421 0.100000 0.310317 0.621395 0.913826 0.694606 1.569970 0.100000 0.202419 0.100000 0.223387 0.100000 1.281071 0.298298 0.908744 0.335263 1.043937 0.100000 0.523257 0.871393 0.278542 0.785456 0.100000 0.213244 0.829592 1.032962 0.941433 0.691984 0.250321 0.100000 0.895354 0.722920 0.100000 1.180355 0.463580 0.691675 0.377445 0.100000 0.944785 0.100000 
0.435443 0.222131 0.887436 0.100000 0.458344 0.100000 0.739907 0.340811 0.350861 1.220736 0.100000 0.196085 1.132643 0.154371 0.349381 0.180093 0.678634 0.218845 0.803542 0.673267 0.519990 0.100000 1.065978 0.577043 0.110103 0.340747 0.915693 0.407591 0.805439 0.365002 0.269473 0.370714 0.453553 0.197413 0.189131 0.361385 0.756396 0.659232 0.218778 0.230301 0.397133 0.758476 1.013848 0.450519 0.750839 0.970249 0.726143 0.198843 0.568551 0.477029 1.431594 0.159776 0.819716 0.100000 0.772333 0.568047 0.357768 
