59 Number of operations
19 Number of workers
Standard production times
0.290051 0.119425 0.716550 0.190971 0.451519 0.100000 0.100000 0.336942 0.571636 0.414269 0.100000 0.116889 0.577166 0.526380 0.408052 0.219375 0.435065 0.438886 0.292950 0.555470 0.434268 0.311430 0.740981 0.584869 0.139028 0.323885 0.251275 0.312576 0.314710 0.676281 0.419674 0.326109 0.145356 0.602997 0.103788 0.342580 0.388635 0.242379 0.413542 0.192219 0.347265 0.507650 0.705652 0.791335 0.495640 0.423869 0.228507 0.247610 0.527861 0.409505 1.022967 0.293508 0.469117 0.314897 0.100000 0.751079 0.347161 0.569259 0.817347 
Production times: workers row and ops columns
0.536606 0.196754 1.156039 0.746916 1.207191 0.100000 0.100000 0.285602 0.719647 0.777119 0.294690 0.100000 0.585305 0.874773 0.577080 0.547979 0.468366 0.478659 0.448919 0.778486 0.593758 0.447132 0.639782 0.798138 0.275574 0.762730 0.710950 0.468123 0.302124 0.584662 0.646722 0.449311 0.142200 0.716076 0.100000 0.651990 0.354497 0.709731 0.634589 0.470292 0.118791 0.658465 1.027819 0.605225 0.515775 0.533653 0.100000 0.442158 0.881709 0.251650 1.228131 0.100000 0.557508 0.100000 0.536425 0.973750 0.439776 0.436710 1.299473 
0.100000 0.737508 1.530376 0.359976 0.100000 0.531673 0.100000 0.100000 0.100000 0.689537 0.496403 0.100000 0.837454 0.100000 0.808983 0.242659 0.341780 0.388013 0.727393 0.930676 0.699000 0.380280 0.779891 0.894059 0.255275 0.665161 0.100000 0.100000 0.834122 1.769771 0.640356 0.276031 0.100000 0.543470 0.112493 0.100000 0.130088 0.100000 0.537942 0.100000 0.594870 0.420299 1.198820 0.898102 1.590990 0.100000 0.100000 0.698354 1.792024 0.285188 1.044801 0.180351 1.134845 0.171243 0.440035 0.591179 0.100000 0.726033 1.068939 
0.936664 0.100000 0.407869 0.472351 0.571887 0.240333 0.100000 0.917111 0.756382 1.366598 0.655528 0.446414 0.100000 0.827540 0.618193 0.624851 0.957286 0.238447 0.704953 0.274318 1.411707 0.100000 0.100000 0.100000 0.100000 0.100000 1.229314 0.149326 0.100000 1.233473 0.126412 0.100000 0.583275 0.914678 0.100000 1.046350 0.453186 1.050854 0.664912 0.971622 0.401966 0.100000 1.930336 0.518448 0.396221 0.100000 0.126810 0.368945 0.628776 0.740015 1.919046 0.233275 0.100000 0.100000 0.100000 0.100000 0.759676 0.320152 0.661854 
0.289105 0.100000 0.285892 0.528326 0.760788 0.100000 1.005267 0.100000 0.399142 0.298849 0.100000 1.085654 0.760332 0.100000 1.433639 0.512206 0.649828 0.135387 0.346062 0.100000 0.831781 0.124211 0.808005 1.185897 0.281402 0.455119 0.389524 0.100000 0.732712 1.447961 0.799077 0.768563 0.100000 0.169104 0.100000 0.958707 0.261545 0.942301 0.100000 0.100000 0.394977 0.968375 0.736027 0.896898 0.503904 0.512463 0.100000 0.288074 0.434571 0.381093 1.269135 0.100000 0.426863 0.166216 0.308651 1.143465 0.100000 0.862214 1.850238 
0.980181 0.100000 0.552377 0.207241 1.038373 0.204006 0.100000 0.623483 0.491694 0.851292 0.291580 0.633523 0.478763 1.535638 0.755427 0.515749 0.519708 0.321207 0.132620 0.614677 0.295087 0.496232 0.593152 0.871194 0.525864 0.212133 0.709080 0.341193 0.761296 0.907731 0.856373 0.127003 0.213318 1.138426 0.100000 0.100000 0.100000 0.100000 0.100000 0.168727 0.830823 0.474981 0.902710 0.858338 0.598205 0.473409 0.276253 0.485960 0.275066 0.812543 1.398972 0.334990 0.810735 0.204494 0.100000 0.897959 0.390095 0.534637 0.715612 
0.100000 0.100000 1.186135 0.100000 0.627766 0.100000 0.463907 0.594479 0.100000 0.706592 0.262137 0.127821 0.342829 0.953021 0.201537 1.136734 0.717256 1.507800 0.100000 0.100000 0.791662 0.737782 0.758661 0.100000 0.100000 0.632878 0.159186 0.254583 0.226980 0.209324 0.153164 0.100000 1.029336 0.365311 0.342593 0.100000 0.785899 0.100000 0.873850 0.174535 1.402567 0.100000 0.743842 0.974951 1.112090 0.212441 0.271739 0.100000 0.112777 0.635313 1.575054 0.152640 1.497295 1.195022 0.100000 0.100000 0.100000 0.180329 1.375267 
0.483132 0.100000 0.747921 0.774979 0.439077 0.100000 0.816387 0.452964 0.527889 0.619319 0.205149 0.100000 1.039703 0.961091 0.760311 0.288509 0.879135 0.523975 0.532943 0.965576 0.776921 0.948356 0.976366 0.179651 0.100000 0.828917 0.251890 0.528537 0.159273 1.076546 0.404224 0.863541 0.100000 1.038437 0.406107 0.225862 0.818334 0.100000 0.266802 0.508732 0.259662 0.429497 0.702482 0.591285 0.909138 0.706423 0.307708 0.315093 0.762908 1.039106 1.384258 0.240971 0.802342 0.379266 0.140301 1.411021 0.321480 0.525503 0.331715 
0.325388 0.100000 0.771175 0.100000 0.121326 0.202371 0.438268 0.414683 0.830985 0.825647 0.312027 0.100000 0.445562 0.615439 0.183598 0.254959 0.100000 0.100000 0.351614 0.100000 0.100000 0.206114 0.125162 0.502005 0.100000 0.136407 0.100000 0.269364 0.100000 0.603187 0.139327 0.392931 0.553499 0.562058 0.100000 0.100000 0.496645 0.100000 0.100000 0.259451 0.301576 0.739803 1.038515 0.529431 0.434153 0.851994 0.418469 0.361525 0.819723 0.128124 1.113942 0.616284 0.855390 0.100000 0.100000 0.765894 0.160462 0.351714 0.922547 
0.100000 0.100000 0.925105 0.163623 0.332059 0.100000 0.504147 0.100000 0.161836 0.431515 0.568687 0.609801 0.330671 0.573091 0.100000 0.622738 0.100000 0.495927 0.702845 0.588746 0.975316 0.150427 0.951738 0.940854 0.197114 0.839779 0.515713 0.100000 1.602291 0.970875 0.551877 0.100000 0.269886 0.565015 0.397094 0.554081 1.044538 0.385054 0.667594 0.403956 0.402718 0.552630 1.135952 1.125344 0.406808 0.189838 0.308284 0.696042 0.619602 1.033436 0.890446 0.436000 0.100000 0.236197 0.107264 1.004361 0.960360 0.679742 1.353522 
0.588555 0.515331 0.676704 0.706468 0.229629 0.348548 0.100000 0.281498 0.233215 0.359364 0.305335 0.196258 0.272836 1.067602 0.609218 0.621795 0.770633 0.339426 0.100000 0.380843 0.901814 0.100000 1.085794 0.501147 0.356961 0.100000 0.701397 0.400675 0.680458 0.833240 0.759093 0.395529 0.468363 0.250126 0.100000 0.660222 0.476882 0.273753 0.459658 0.442736 0.269261 0.760742 0.530914 0.769160 0.891126 0.845245 0.100000 0.599201 0.316106 0.729412 0.553323 0.100000 0.416425 0.364951 0.627084 1.122279 0.919802 1.031241 0.832487 
0.824537 0.139611 0.638054 0.100000 0.398289 0.100000 0.100000 0.100000 0.917923 0.174932 0.100000 0.790442 0.100000 0.684710 0.100000 0.264240 0.640197 0.868822 0.100000 0.715299 0.593345 0.301814 0.815989 0.816636 0.337968 0.100000 0.100000 1.565566 1.274606 0.100000 0.644783 0.639827 0.521025 0.673195 0.100000 0.251370 0.143073 0.309566 0.279356 0.126381 0.856541 1.122929 0.115100 0.561370 0.100240 1.035730 0.198823 0.972105 0.289071 0.422505 0.348619 0.944775 0.287811 0.100000 0.100000 0.100000 0.331253 0.625503 0.961386 
1.039105 0.100000 1.120278 0.347090 0.354858 0.100000 0.573751 0.100000 0.580614 0.100000 0.241498 0.170905 0.591875 0.458984 0.932661 0.702486 0.798023 2.099426 0.100000 0.365711 0.100000 0.529423 0.397237 0.100000 0.100000 0.360011 0.756168 0.100000 0.100000 0.606606 0.100000 0.591690 0.147356 0.763630 0.100000 1.110848 0.388448 0.889154 0.194043 0.487239 0.100000 0.100000 0.353477 0.768402 0.386273 1.193473 0.100000 0.100000 1.377955 0.713897 0.100000 0.542142 0.587783 0.100000 0.100000 0.742352 0.712863 1.046507 0.865220 
0.310153 0.529461 0.772668 0.100000 0.271264 0.362794 0.100000 0.640284 0.339664 0.406501 0.351615 0.582272 0.100000 0.384527 0.522771 0.140550 0.793551 0.100000 0.501491 0.783246 0.548992 0.742101 0.472108 1.017454 0.100000 0.641550 0.254013 0.656879 0.648851 0.337065 0.473327 0.398379 0.173993 0.476299 0.759219 0.505309 0.955140 0.171634 0.195003 0.331893 0.278294 1.324694 0.879279 1.237115 0.528369 0.426051 0.319234 0.454326 0.882737 0.472859 0.918711 0.100000 0.546113 0.586786 0.337384 0.845734 0.267120 0.713288 1.088888 
0.271642 0.175610 0.641298 0.648720 0.232419 0.192768 0.297214 0.699703 1.319578 0.751995 0.399607 0.100000 0.880368 1.673239 0.100000 0.100000 0.327738 0.949510 0.555325 0.316908 0.416273 0.829949 1.077291 1.799308 0.641871 0.500669 0.558638 0.138084 0.100000 0.762260 0.664955 0.100000 0.100000 0.418369 0.236609 0.212347 0.611184 0.291435 0.943706 0.100000 1.175827 1.216487 0.730811 1.116497 0.798914 0.100000 0.310839 0.636698 0.682769 0.935166 1.070465 0.333883 0.100000 0.132628 0.100000 1.603821 0.467414 0.100000 1.016646 
0.194049 0.100000 0.956477 0.100000 0.740751 0.100000 0.100000 0.584112 0.100000 0.190919 0.202189 0.423006 0.949608 0.508240 0.100000 1.181283 0.132074 1.340681 0.100000 1.136113 0.969250 0.100000 0.918623 0.962565 0.489519 0.224416 0.402255 0.115231 0.100000 1.168288 0.139833 1.015988 0.446581 0.156674 0.100000 0.199388 0.100000 0.493094 0.174235 1.008065 0.777710 0.100000 0.696152 0.677955 0.100000 0.889497 0.703411 0.710361 0.299367 0.943998 0.918090 0.761082 1.375381 0.384952 0.100000 0.592629 0.667654 1.179196 0.250450 
0.332886 0.289427 0.947050 0.564098 0.266987 0.100000 0.502390 0.554642 0.806150 0.851866 0.231216 0.375291 0.582797 0.222877 0.119475 0.341672 0.475196 0.342505 0.488354 0.388389 0.567669 0.405573 0.588984 0.100000 0.675986 0.518876 0.100000 0.284647 0.532846 0.707839 0.693773 0.134128 0.297906 0.686952 0.148869 0.376271 0.548563 0.622195 0.354506 0.170047 0.495434 0.571605 0.921333 1.106823 0.982997 0.488936 0.100000 0.326723 0.734022 0.453419 1.076996 0.100000 0.721512 0.317687 0.100000 0.589653 0.187712 0.851884 1.085838 
0.100000 0.213803 0.211056 0.100000 0.690736 0.470006 0.100000 0.404582 0.100000 0.100000 0.100000 0.100000 0.320753 0.357346 0.160748 0.323166 0.763329 0.349745 0.801949 0.265149 0.176737 0.327750 0.534541 0.837985 0.100000 0.620693 0.209527 0.982211 0.100000 0.515473 0.363370 0.100000 0.226036 0.647251 0.100000 0.100000 0.100000 0.318365 0.666096 0.570558 0.100000 0.100000 0.524070 0.100000 0.218961 0.579406 0.618888 0.231357 0.920027 0.432767 0.980376 0.142075 0.425198 0.138441 0.100000 0.452512 0.324871 0.473593 0.273472 
0.169701 0.100000 0.100000 0.432912 1.230863 1.284865 0.881210 0.100000 1.159258 0.974218 0.100000 0.547534 0.890754 0.607784 0.552360 0.248529 1.251032 0.237992 0.192981 0.559165 0.572100 0.100000 1.434968 0.697969 0.423590 0.422543 0.158054 0.134955 0.362767 0.752308 0.997305 0.499137 0.100000 1.596280 0.100000 0.100000 0.565936 0.136192 0.100000 0.100000 0.100000 1.073214 0.395026 1.316643 0.725531 0.320704 0.239093 0.461940 0.100000 0.573039 0.833407 1.192467 0.123482 0.886179 0.100000 1.158392 0.485213 0.445751 0.756902 
0.844476 0.346326 0.776276 0.100000 0.495775 0.870417 0.214054 0.524178 0.540219 0.566485 0.253384 0.138529 0.936145 0.349457 0.468994 0.470892 0.454963 0.171722 0.560429 0.360822 0.400075 0.162985 0.807762 0.556053 0.100000 0.628179 0.880057 0.305321 0.571507 0.669657 0.549357 0.764434 0.260444 0.458333 0.100000 0.257556 0.484644 0.599782 0.105903 0.100000 0.169902 0.100000 1.203429 0.880422 1.165874 0.100000 0.716762 0.137116 0.505650 0.212816 0.838008 0.100000 0.634017 0.100000 0.127459 0.848319 0.647145 0.699376 1.013744 
