52 Number of operations
17 Number of workers
Standard production times
0.290051 0.119425 0.716550 0.190971 0.451519 0.100000 0.100000 0.336942 0.571636 0.414269 0.100000 0.116889 0.577166 0.526380 0.408052 0.219375 0.435065 0.438886 0.292950 0.555470 0.434268 0.311430 0.740981 0.584869 0.139028 0.323885 0.251275 0.312576 0.314710 0.676281 0.419674 0.326109 0.145356 0.602997 0.103788 0.342580 0.388635 0.242379 0.413542 0.192219 0.347265 0.507650 0.705652 0.791335 0.495640 0.423869 0.228507 0.247610 0.527861 0.409505 1.022967 0.293508 
Production times: workers row and ops columns
0.100000 0.394440 0.991040 0.100000 0.528007 0.104058 0.410110 0.439056 0.100000 0.100000 0.100000 0.292048 0.501241 0.494852 0.100000 0.202814 0.314018 0.527763 0.100000 0.919705 0.431785 0.147856 0.176964 0.798429 0.342140 0.245136 0.366552 0.137364 0.199251 0.580220 0.380346 0.362594 0.100000 0.557318 0.246034 0.486341 0.351906 0.268913 0.488120 0.100000 0.936324 0.914199 0.793395 0.207926 0.413669 0.462595 0.333958 0.100000 0.727576 0.217054 1.032718 0.675760 
0.318598 0.117177 0.962829 0.812693 0.572210 0.341972 0.100000 0.203209 0.438337 0.701037 0.328269 0.239092 0.541215 0.807626 1.223614 0.282210 0.437806 0.632112 1.131439 0.560633 0.100000 0.616705 0.850591 0.743750 0.511263 0.100000 0.596329 0.767827 0.353366 0.743028 0.944019 0.100000 0.447410 0.471309 0.175625 0.391648 0.326292 0.503763 0.630927 0.955793 0.398591 0.695004 0.838071 0.831476 0.665490 0.570487 0.506625 0.100000 0.877030 0.543471 0.750143 0.873353 
1.527260 0.100000 1.105124 0.236146 0.358220 0.471629 0.100000 0.339422 0.154857 0.224589 0.100000 0.658698 0.638069 0.853200 0.363475 0.669811 1.136308 0.547727 0.251150 0.100000 0.331236 0.332507 0.100000 1.574714 0.100000 0.817993 0.342827 0.774572 0.581296 0.383715 0.139406 0.396495 1.029156 0.209110 0.100000 0.461793 0.426021 0.411531 0.552580 0.804202 0.100000 0.934872 1.459077 1.053002 0.703296 0.715563 0.608238 0.453956 1.111779 0.100000 0.100000 0.100000 
0.100000 0.100000 0.918768 0.100000 0.474750 0.100000 0.100000 0.419024 0.100000 0.100000 0.100000 0.100000 0.560576 0.633390 0.100000 0.100000 0.362292 0.687547 0.289485 0.857866 0.376770 0.732645 0.753711 0.928346 0.100000 0.100000 0.100000 0.100000 0.357098 0.430913 0.432439 0.450523 0.100000 0.576081 0.100000 0.107991 0.429803 0.100000 0.478207 0.100000 0.179726 0.521558 0.570944 0.647349 0.926460 0.322903 0.100000 0.100000 0.348373 0.641690 0.518346 0.370779 
0.309028 0.100000 0.116039 0.151449 0.846465 1.193089 0.100000 0.537864 0.173689 0.774385 0.845806 0.167478 1.126285 0.583958 1.069267 0.710955 1.063660 0.670172 0.100000 0.996664 0.802253 0.100000 1.303093 0.291668 0.869026 0.184846 0.469581 0.331686 1.059748 1.975177 0.238216 0.100000 0.622364 0.427309 0.654236 0.898031 0.264703 0.100000 0.496224 0.205991 0.100000 0.126244 1.146835 0.371924 0.156375 0.390924 0.100000 0.269549 0.207194 0.881964 1.060594 0.103265 
0.100000 0.339111 0.638796 0.589854 0.521245 0.100000 0.100000 0.784674 0.362978 0.253796 0.100000 0.100000 0.829434 0.581940 0.617858 0.348404 0.621044 0.208614 0.568284 0.372956 0.100000 0.317349 0.619719 0.262438 0.100000 0.651825 0.100000 0.700983 0.100000 0.100000 0.740978 0.189982 0.295024 0.442779 0.100000 0.100000 0.294939 0.100000 0.201997 0.100000 0.480675 0.478106 0.734681 0.764410 0.100000 0.149876 0.100000 0.243634 0.660026 0.138011 0.997219 0.100000 
0.583587 0.100000 0.226410 0.100000 0.811898 0.110094 0.100000 0.465613 0.662071 0.969849 0.100000 1.056239 0.100000 0.965608 0.420783 0.137993 0.524931 0.100000 0.221766 0.958620 0.100000 0.100000 0.650619 0.525266 0.100000 0.100000 0.443717 0.100000 0.941198 0.505152 0.710470 0.100000 0.361071 0.100000 0.100000 0.259695 0.738159 0.100000 2.200221 0.100000 0.482765 0.100000 0.875366 0.824984 0.597043 0.849772 0.188105 0.100000 0.655276 0.376116 1.344354 0.558631 
0.823890 0.560402 0.720850 0.286426 0.515786 0.100000 0.129015 0.957569 0.337099 0.474942 0.100000 0.100000 1.165922 0.672201 0.190566 0.288791 0.549380 0.100000 0.728535 0.871428 0.947521 0.436869 0.687742 1.248898 0.310046 0.627939 0.349383 0.352486 0.477654 0.844735 0.921984 0.771571 0.100000 0.872154 0.772525 0.643044 0.771674 0.224996 0.699345 0.100000 0.736731 0.385214 1.201229 0.798434 0.240788 0.342339 0.102315 0.663551 0.899620 0.768783 0.919062 0.194798 
0.270808 0.119006 0.730214 0.268552 0.649493 0.100000 0.100000 0.241914 0.741585 0.652414 0.100000 0.368363 0.606766 0.990765 0.572307 0.451424 0.212962 0.519955 0.297930 0.244842 0.210834 0.323717 0.596004 0.865357 0.621764 0.640451 0.489638 0.100000 0.633271 1.169904 0.100000 0.655213 0.671056 0.590699 0.100000 0.100000 0.342827 0.272958 0.439610 0.522609 0.259205 1.588820 0.713540 0.775911 0.600197 0.280083 0.100000 0.100000 0.687444 0.428294 1.207341 0.100000 
0.226988 0.100000 0.416325 0.228286 0.100000 0.100000 0.241229 0.517432 0.548580 0.245512 0.100000 0.396980 0.718697 0.714472 0.438537 0.323439 0.895730 0.384098 0.100000 0.837952 0.559488 0.454351 0.209549 0.982585 0.132350 0.288599 0.100000 0.114673 0.100000 0.275178 0.353948 0.530235 0.100000 0.375600 0.249809 0.100000 0.146103 0.100000 0.690836 0.100000 0.100000 0.139912 0.276862 0.897889 0.100000 0.220572 0.399995 0.238875 0.864457 0.229216 1.536979 0.100000 
0.193640 0.100000 0.818828 0.587860 0.465480 0.892372 0.714118 0.333459 0.632265 0.100000 0.114006 0.464115 0.785374 0.343548 0.828951 0.100000 0.756177 0.467690 0.830578 0.753255 0.319597 0.100000 0.873811 0.703549 0.100000 0.125642 0.199736 1.017258 0.304405 1.158916 0.295309 0.870942 0.100000 1.417211 0.100000 0.355344 1.083270 0.394470 1.146929 0.210012 0.855147 0.865490 1.571741 0.243228 0.224576 0.100000 0.100000 0.100000 0.265851 0.100000 1.520643 0.119614 
0.100000 0.420766 0.720965 0.708389 0.136998 0.100000 0.100000 0.711541 0.489551 0.788473 0.100000 1.111835 0.779249 0.248882 0.470438 0.597350 0.473647 0.656122 0.869677 0.939832 0.732920 0.373702 1.189588 0.489256 0.100000 0.116707 0.485007 0.193318 0.734136 1.114027 0.772449 0.102053 0.124770 0.266583 0.100000 0.100000 0.537068 0.179638 0.763070 0.747645 0.136044 0.747498 0.820081 0.534499 0.542608 0.586849 0.100000 0.100000 0.253133 0.506504 0.748427 0.145682 
0.508203 0.354964 1.391345 0.100000 0.561049 0.100000 0.428420 0.307979 1.007828 0.946488 0.175016 0.100000 0.383252 0.748820 0.786077 0.908463 0.100000 0.212941 0.718492 0.747811 0.679030 0.869503 0.737796 0.283462 0.318605 0.171332 0.397008 0.313935 0.100000 1.232557 0.697843 0.201197 0.578533 0.522903 1.123076 0.100000 0.509361 0.274624 0.149359 0.100000 0.100000 0.270900 0.925292 0.883797 0.972438 0.337644 0.620738 0.387238 0.246681 0.292243 1.146041 0.577894 
0.303330 0.100000 0.751042 0.100000 0.682233 0.100000 0.997684 0.129536 0.557378 1.181422 0.100000 0.165451 0.100000 0.347497 0.318746 1.100877 0.930818 0.373229 0.100000 0.930063 0.288146 0.232526 0.548381 0.551623 0.154725 0.100000 0.250872 1.342663 0.100000 0.872472 0.327564 0.100000 0.100000 0.876379 0.100000 0.831295 0.100000 0.100000 0.134876 0.295705 0.505201 0.105807 0.100000 0.338613 0.574633 0.433140 0.484580 0.676684 0.504491 0.100000 1.286787 0.202502 
1.107685 0.100000 0.578384 0.373662 0.245441 0.162304 0.100000 0.100000 0.100000 0.389902 0.100000 0.142107 0.299323 0.100000 0.587394 0.893916 0.404902 0.100000 0.393986 0.100000 0.100000 0.566832 0.430032 0.817268 0.127959 0.361616 0.100000 0.688303 0.164486 0.556949 0.641771 0.592649 0.492111 0.387003 0.100000 0.255822 0.204609 0.100000 0.191031 0.100000 0.332498 1.150492 0.263555 1.285369 0.348838 0.678087 0.439681 0.298092 0.746584 0.240876 0.906815 0.100000 
0.452569 0.100000 0.100000 0.149067 0.609308 0.137969 0.470049 0.192644 0.100000 0.226850 0.182224 0.313650 0.987693 1.314282 0.100000 0.647243 1.048487 0.634813 0.478323 1.091866 0.100000 0.413049 1.093447 0.391066 0.100000 0.262051 0.194747 0.388230 1.574551 0.506759 1.560845 0.575399 0.100000 0.967203 0.190517 0.834272 0.249456 0.100000 0.100000 0.457322 0.510301 1.057903 0.657639 0.935564 1.312515 1.213014 0.100000 0.324887 0.100000 0.487161 1.318248 0.172071 
0.515240 0.100329 0.972137 0.206353 0.244330 0.227226 0.111274 0.100000 0.158286 0.264191 0.100000 0.100000 0.655586 0.240833 0.100000 0.318694 0.338961 0.573646 0.871890 0.105399 0.100000 0.100000 0.240202 0.283587 0.547443 0.443369 0.373126 0.395955 0.139958 0.621075 0.100000 0.100000 0.100000 1.084435 0.313546 0.590994 0.561133 0.595348 0.446796 0.100000 0.308928 0.450536 0.410702 0.530808 0.100000 0.100000 0.256938 0.504507 0.301576 0.763426 0.567239 0.100000 
