50 Number of operations
17 Number of workers
Standard production times
0.436826 0.198809 0.331604 0.391055 0.455688 0.283821 0.369697 0.170513 0.277800 0.162097 0.574453 0.396892 0.633336 0.100000 0.551241 0.100000 0.330241 0.100000 0.539262 0.512992 0.495972 0.340811 0.315938 0.228077 0.318417 0.649516 0.100000 0.100000 0.538062 0.585624 0.717307 0.480261 0.146062 0.493841 0.660772 0.646257 0.445896 0.454722 0.266643 0.360484 0.497204 0.572092 0.100000 0.238532 0.100000 0.618461 0.282133 0.597837 0.392383 0.644536 
Production times: workers row and ops columns
1.088762 0.636880 1.560780 0.100000 0.237930 0.100000 0.100000 0.284196 0.337792 0.311441 1.485103 0.577191 0.771469 0.100000 0.801874 0.475632 0.943897 0.100000 0.940373 1.125325 0.610618 0.695879 0.724981 0.100000 0.100000 0.382009 0.542683 0.450604 0.101969 0.631970 1.111250 0.470018 0.107622 1.235566 0.100000 0.529030 0.589530 0.856791 0.136393 0.100000 0.919850 1.217314 0.100000 0.155763 0.285898 0.680457 0.100000 0.542332 0.417380 0.926455 
0.268912 0.370537 0.768145 0.100000 0.306667 0.653842 0.875843 0.100000 0.520021 0.100000 0.821092 0.767601 1.306240 0.100000 0.341563 0.100000 0.828531 0.100000 0.100000 0.242894 0.827674 0.100000 0.100000 0.152546 0.330644 0.660478 0.100000 0.100000 0.680504 0.721301 0.148912 0.100000 0.817399 0.100000 1.422855 0.742526 0.100000 1.068638 0.320694 0.481391 0.580053 0.100000 0.746903 0.243941 0.100000 0.220158 0.100000 0.551270 0.429082 0.243885 
0.386846 0.100000 1.242970 1.021094 1.156793 0.100000 0.125212 0.100000 0.100000 0.355859 0.213879 0.100000 0.607854 0.100000 0.531389 0.100000 0.573590 0.100000 0.718991 1.191784 0.100000 1.124407 0.276605 0.100000 0.961985 0.100000 0.100000 0.100000 0.244323 0.977962 1.051354 0.411548 0.100000 0.270200 0.951930 1.523293 0.209969 0.512210 0.678219 0.100000 0.421084 0.409527 0.962961 0.172065 0.100000 1.719973 0.162190 0.728616 0.588589 1.053628 
1.115395 0.116421 0.880080 0.427578 0.562107 0.100000 0.254990 0.100000 0.296219 0.475452 0.706678 0.430440 1.202243 0.100000 0.677241 0.100000 0.100000 0.100000 0.726318 0.819666 0.665092 0.491259 0.494511 0.281323 0.424123 1.089490 0.100000 0.251666 0.441182 0.843548 0.496940 0.609279 0.298756 0.387429 1.374708 0.715362 0.612633 0.343179 0.922846 0.744692 1.265027 1.174750 0.157808 0.662570 0.774035 0.823597 0.340067 0.444171 0.518223 0.293783 
0.712771 0.180283 0.527910 0.280996 0.793512 0.100000 0.902038 0.339930 0.235313 0.100000 0.311965 0.420524 0.578191 0.100000 0.421039 0.100000 0.369731 0.468638 0.550285 0.919059 0.343013 0.392312 0.100000 0.158088 0.100000 0.974429 0.100000 0.100000 0.538868 1.004042 0.100000 1.019744 0.100000 0.489963 0.518535 0.780386 0.100000 0.504214 0.100000 0.100000 0.310712 0.453038 0.100000 0.284413 0.487307 0.939424 0.100000 0.805780 0.592941 0.299921 
0.100000 0.100000 0.160496 0.709384 0.572734 0.254909 1.227215 0.100000 0.678667 0.100000 0.495128 1.298641 0.519524 0.100000 0.100000 0.100000 0.100000 0.186769 2.197397 0.177257 1.078878 0.752655 0.100000 1.036647 0.848379 0.587017 0.770386 0.100000 0.100000 0.819447 1.469763 0.979632 0.100000 0.672433 0.247207 0.602178 0.100000 0.231634 0.410183 0.412520 0.105830 1.219814 0.100000 0.243434 0.375755 0.163959 0.811025 0.755288 0.339618 0.818529 
0.100000 1.259610 0.100000 0.454707 0.485146 0.397566 0.586243 0.100000 0.127941 0.180009 0.328643 1.206245 1.334611 0.100000 0.655169 0.100000 0.100000 0.100000 0.342415 1.100204 0.382914 0.464984 0.628687 0.520396 0.253291 0.232754 0.100000 0.843849 0.378674 1.070654 0.100000 0.759162 0.280965 0.629896 0.100000 0.990478 0.980028 0.100000 0.281982 0.100000 0.100000 0.100000 0.564554 0.100000 0.100000 0.290026 0.861407 0.472541 0.377817 1.108853 
0.649400 0.100000 0.996483 0.738894 0.164764 0.251633 0.506964 0.100000 0.100000 0.248360 0.624057 0.381439 0.363711 0.100000 0.650730 0.100000 0.260342 0.100000 0.178475 0.577792 0.696532 0.100000 0.531389 0.360740 0.552442 0.730772 0.100000 0.100000 0.435877 0.360193 0.587855 0.745231 0.100000 0.109712 0.791108 0.487001 0.191554 0.100000 0.454326 0.567144 0.355898 1.079568 0.353119 0.100000 0.100000 0.463485 0.429695 0.178328 0.149623 1.155688 
0.377142 0.100000 0.559119 0.723652 0.530370 0.100000 0.459138 0.100000 0.100000 0.100000 0.606986 0.687802 0.602184 0.100000 0.144421 0.100000 0.100000 0.100000 0.272647 0.203461 0.896553 0.100000 0.276161 0.100000 0.137582 0.346310 0.200077 0.100000 0.450254 0.435275 0.630855 0.957674 0.100000 0.125865 0.637560 0.603451 0.100000 0.745497 0.159244 0.470792 0.574034 0.229718 0.223830 0.100000 0.100000 0.821417 0.718160 0.397266 0.389728 1.159901 
0.138438 0.100000 0.107581 0.852668 0.645838 0.527148 0.100000 0.100000 0.100000 0.473596 0.165623 0.350393 0.461638 0.100000 0.219598 0.102567 0.390339 0.125051 0.787956 0.654139 0.288678 0.170615 0.100000 0.100000 0.661428 0.407836 0.216603 0.100000 0.100000 0.434567 0.359756 0.976339 0.105840 0.100000 0.683932 0.486774 0.237460 0.100000 0.100000 0.269711 0.737117 0.628522 0.100000 0.146651 0.100000 0.857658 0.242275 0.839344 0.342975 0.457706 
0.100000 0.744253 0.100000 0.901838 0.100000 0.100000 0.245779 0.334866 0.100000 0.366940 0.100000 0.100000 0.691607 0.100000 0.307534 0.100000 0.100000 0.332226 0.100000 0.288162 0.438786 0.115760 0.428737 0.100000 0.220350 0.449358 0.100000 0.100000 0.457353 0.602875 0.991052 0.100000 0.100000 0.100000 0.762770 1.088625 0.570074 0.656881 0.100000 0.451262 0.511582 0.894006 0.100000 0.100000 0.100000 0.535535 0.100000 0.707172 0.100000 0.740829 
0.208688 0.837610 0.436863 0.340580 0.819647 0.388634 0.166168 0.596788 0.100000 0.485096 1.003752 0.997293 0.404360 0.311142 0.748649 0.744022 0.109812 0.276268 0.670228 0.848588 0.833589 0.100000 1.023921 0.601355 0.942823 0.766270 0.466272 0.317651 1.003375 1.119784 0.480710 0.690585 0.261743 0.944577 1.084975 1.134589 0.575415 0.490318 0.680413 0.298862 0.462380 0.390308 0.556711 0.100000 0.100000 0.516406 0.418060 0.766972 0.510583 0.781867 
0.100000 0.623349 0.318583 0.437672 0.572924 0.100000 0.750445 0.344041 0.100000 0.568566 0.704462 0.858192 1.143564 0.390428 0.951148 0.100000 0.680936 0.100000 0.878148 0.416724 0.695098 0.407941 0.579459 0.100000 1.250408 1.087044 0.429019 0.100000 0.662563 1.166457 1.068740 0.582049 0.100000 0.633301 0.838876 0.631472 1.333961 0.915904 0.252849 0.444492 0.454195 1.038176 0.100000 0.100000 0.156964 0.550045 0.377811 0.812233 0.425041 0.924337 
0.725182 0.100000 0.100000 0.607640 1.010374 0.100000 0.100000 0.100000 0.398765 0.100000 0.299752 0.136054 0.530181 0.100000 0.363444 0.100000 0.290795 0.291098 0.480397 0.446652 0.100000 0.255769 0.100000 0.359365 0.285033 0.722853 0.100000 0.100000 0.975458 0.851723 0.214241 0.223737 0.103667 0.662301 0.143392 0.205094 0.217296 0.220979 0.100000 0.549850 0.660465 0.332381 0.363002 0.100000 0.160319 0.802978 0.228162 0.364781 0.100000 0.387395 
0.963353 0.170690 0.100000 0.100000 0.190250 0.100000 0.350835 0.100000 0.261604 0.100000 0.915360 0.474386 0.190837 0.100000 0.691971 0.100000 0.332402 0.113939 0.199922 0.100000 0.698890 0.100000 0.448931 0.100000 0.267748 0.982773 0.100000 0.100000 0.925918 0.625069 0.786579 0.100000 0.119832 0.523638 0.298946 0.344015 0.277297 0.603471 0.246405 0.100000 0.100000 0.443120 0.100000 0.394422 0.133952 0.454059 0.764173 0.451520 0.190774 0.378883 
0.429591 0.135499 0.100000 0.191761 0.493932 0.100000 0.160536 0.100000 0.100000 0.100000 0.100000 0.100000 1.109687 0.242914 0.340590 0.317682 0.181315 0.180180 0.100000 0.100000 0.629881 0.501152 0.100000 0.100000 0.164725 0.458457 0.100000 0.100000 0.594505 0.152358 0.593798 0.884249 0.100000 0.321636 0.859366 0.668993 0.723378 0.100000 0.315630 0.217137 0.657281 0.543194 0.100000 0.201408 0.242095 0.100000 0.254980 0.690984 0.697680 0.170529 
0.617557 0.321487 0.531985 0.461038 0.917775 0.725963 0.100000 0.100000 0.690001 0.100000 0.407492 0.400432 0.606650 0.100000 0.564401 0.348801 0.637314 0.100000 0.922796 0.427080 0.839180 0.948771 0.100000 0.195852 0.948127 0.598475 0.521271 0.507034 0.158895 0.830787 0.873140 0.121910 0.514854 0.328545 0.991439 1.027741 0.793531 0.636014 0.100000 0.586583 0.491320 0.602660 0.604517 0.518145 0.100000 0.807127 0.696924 0.962606 0.722632 0.106694 
