56 Number of operations
18 Number of workers
Standard production times
0.567571 0.639914 0.100000 0.312206 0.775779 0.272222 0.331210 0.500379 0.588685 0.252093 0.536621 0.347053 0.841642 0.535855 0.337292 0.100000 0.386657 0.490692 0.774895 0.628092 0.667392 0.417009 0.193737 0.239186 0.414916 0.195799 0.100000 0.739807 0.507602 0.469506 0.199579 0.303066 0.295391 0.486479 0.171462 0.309991 0.296000 0.372824 0.222922 0.423831 0.429237 0.454262 0.513389 0.359072 0.166426 0.100000 0.511685 0.756525 0.386058 0.609017 0.518981 0.124590 0.541078 0.491557 0.359177 0.555783 
Production times: workers row and ops columns
0.992332 0.259496 0.100000 0.124283 0.361456 0.100000 0.100000 0.303966 0.695507 0.447269 0.474673 0.536693 0.438526 0.515415 0.220188 0.235981 0.351990 0.333931 0.623795 0.565209 0.441528 0.371563 0.534636 0.100000 0.256667 0.100000 0.172413 0.328522 0.183059 0.100000 0.100000 0.294206 0.494317 0.594156 0.100000 0.100000 0.100000 0.100000 0.100000 0.400531 0.511922 0.711909 0.162566 0.250026 0.100000 0.241801 0.406690 0.988163 0.115718 0.774351 0.100000 0.100000 0.528785 0.717952 0.502579 0.853454 
0.100000 0.154054 0.100000 0.391828 0.950803 0.147822 0.272990 0.116783 0.401073 0.100000 0.528332 0.602486 0.878777 0.204189 0.599222 0.100000 0.654620 0.100000 0.499517 0.430950 0.637134 0.231425 0.393367 0.100000 0.131843 0.396636 0.144054 0.541787 0.367068 0.486237 0.383205 0.100000 0.100000 0.996710 0.440782 0.100000 0.100000 0.100000 0.154122 0.382096 0.324093 0.667772 0.697588 0.244003 0.673515 0.100000 0.183835 0.709106 0.207703 1.282705 0.782521 0.100000 0.351377 0.313551 0.149064 0.558796 
0.492085 0.852986 0.560758 0.313733 0.517649 0.100000 0.314674 0.532139 0.670042 0.310920 0.394905 0.159883 0.927332 0.511595 0.100000 0.531524 0.346180 0.100000 0.645820 0.321615 0.142525 0.100000 0.100000 0.457716 0.100000 0.104055 0.130466 0.937247 0.754970 0.200213 0.180986 0.200983 0.771378 1.481082 0.305207 0.168148 0.307771 0.258423 0.100000 0.135043 0.378097 0.570847 0.100000 0.100000 0.100000 0.100000 0.395057 0.445519 0.602633 1.013004 0.182040 0.100000 0.545183 0.376044 0.192317 0.100000 
0.706175 0.100000 0.790164 0.100000 0.533787 0.100000 0.204226 1.279034 0.100000 0.982667 0.100000 0.100000 0.203412 1.386333 0.100000 0.100000 0.375700 0.481732 1.770037 0.354512 0.598522 0.441634 1.258307 0.100000 0.882578 0.100000 0.533281 0.539855 0.451000 0.339896 0.100000 1.101421 1.381822 0.100000 0.106244 0.187173 0.367383 0.652127 0.100000 0.879377 0.540310 0.237426 0.100000 0.243134 0.100000 0.444330 1.528705 0.863932 1.651995 0.470667 0.603851 0.261568 0.475571 1.273202 0.837695 0.551266 
0.786792 0.647670 0.100000 0.545515 0.706678 0.100000 0.100000 0.313719 0.680428 0.100000 0.760011 0.781190 1.040707 0.227344 0.359449 0.100000 0.230183 0.249947 1.216272 0.589393 1.511366 0.468970 0.908560 0.351123 0.192196 0.100000 0.100000 0.358777 0.327242 0.438259 0.131004 0.624291 0.100000 0.941131 0.212563 0.284814 0.255079 0.381736 0.785782 0.491787 0.102054 0.560569 0.690630 0.100000 0.100000 0.516917 0.699179 0.154512 0.167505 0.727413 0.100000 0.100000 0.693652 0.493202 0.472985 0.543538 
0.826048 0.744290 0.201902 0.100000 0.985164 0.100000 0.107412 0.409052 0.531950 0.339661 0.231400 0.462169 0.842050 0.691240 0.213977 0.100000 0.488179 0.300864 1.094798 0.416012 0.855847 0.567764 0.100000 0.504894 0.212800 0.100000 0.100000 0.100000 0.567394 0.976527 0.496479 0.354830 0.104340 0.974226 0.179119 0.100000 0.100000 0.101343 0.298948 0.261772 0.871327 0.109889 0.100000 0.100000 0.419642 0.100000 0.445797 0.897916 0.100000 0.694484 0.674470 0.264550 0.647066 0.100000 0.100000 0.210853 
0.832791 0.214543 0.100000 0.100000 0.430187 0.100000 0.470912 0.575516 1.256494 0.545117 1.018132 0.443482 1.898110 0.499601 0.100000 0.192671 0.399659 0.815572 1.006649 0.100000 0.100000 0.375827 0.535892 0.530132 0.100000 1.059600 0.100000 0.100000 0.100000 0.326690 0.100000 0.100000 0.557471 0.100000 0.469139 1.061712 0.516330 0.100000 0.196479 0.482215 0.100000 0.755878 1.527707 0.929354 1.227291 0.100000 0.100000 1.417776 0.694363 0.846905 0.635922 0.252603 0.588986 0.208643 1.031920 1.045582 
0.163046 0.469971 0.100000 0.632582 0.948971 0.537723 0.275042 0.582490 1.017502 0.485495 0.767575 0.100000 0.966150 0.627766 0.747965 0.100000 0.100000 0.731163 0.908584 0.953812 0.411685 0.711105 0.362347 0.427727 0.838223 0.299045 0.404396 0.186824 0.567295 0.587119 0.264031 0.513069 0.100000 0.751289 0.100000 0.451542 0.466263 0.288807 0.264007 0.352974 0.658850 1.407095 0.448649 0.100000 0.265904 0.132157 0.418454 0.980387 0.917333 0.333456 0.977500 0.498908 0.655203 0.228845 0.284292 0.359746 
0.463513 0.366937 0.100000 0.100000 0.100000 0.100000 0.508374 0.100000 0.727551 0.100000 0.100000 0.516804 0.540111 0.557519 0.100000 0.524721 0.708749 0.425889 0.305920 0.666305 0.531409 0.100000 0.413069 1.111484 1.051150 0.100000 0.100000 0.100000 0.926436 0.257127 0.100000 0.204286 1.886361 1.217570 0.330283 0.555377 0.414978 0.618772 0.100000 0.516111 0.260046 1.479329 0.614867 0.100000 0.100000 0.587272 1.154104 1.055764 0.301585 0.529778 0.720647 0.355558 0.100000 0.861602 1.216775 0.687077 
0.100000 0.526238 0.359256 0.100000 0.415919 0.476741 0.284364 0.361779 0.484162 0.453659 0.100000 0.754120 0.870094 0.856018 0.100000 0.133662 0.100000 0.427521 0.331000 0.440227 0.625605 0.287849 0.100000 0.100000 0.654407 0.720756 0.372312 0.823099 0.927711 0.127740 0.567946 0.100000 0.100000 0.594554 0.328965 0.351872 0.270079 0.286364 0.100000 0.140875 0.790326 0.471497 0.300690 0.323221 0.321942 0.255006 0.869944 1.103890 0.499441 0.750377 1.216584 0.100000 0.100000 0.628313 0.479722 0.816100 
1.120077 0.963399 0.465288 0.810153 1.146300 0.470238 0.172849 0.260849 1.210224 0.164281 1.162381 1.103229 0.935183 0.145560 0.235326 0.423915 1.067202 0.355704 0.766162 1.205409 0.651466 0.100000 0.100000 0.266729 0.388155 0.669803 0.377975 1.813587 0.610631 0.577349 0.582674 0.910577 0.100000 0.100000 0.263014 0.876328 0.790661 0.819153 0.457323 0.352073 0.668549 1.014967 0.524090 0.595181 0.686335 0.380355 0.461578 1.307278 1.023521 0.453458 1.444419 0.100000 0.688288 0.962942 0.109199 0.501861 
0.487536 0.662384 0.100000 0.144012 0.826462 0.100000 0.571962 0.984454 0.525864 0.750649 0.632969 0.100000 0.868724 0.536370 0.234758 0.100000 0.609724 0.100000 1.089804 0.791272 0.649562 0.675509 0.753191 0.307578 0.372315 0.567071 0.100000 1.035447 0.333040 0.218382 0.403117 0.100000 0.247952 0.226244 0.316593 0.659254 0.311542 0.238560 0.100000 0.100000 0.689809 0.460930 0.208422 0.100000 0.100000 0.100000 1.040531 1.273628 0.384254 0.401249 0.680777 0.396707 0.100000 0.100000 0.100000 0.199557 
0.754526 0.525541 0.100000 0.100000 0.567855 0.242129 0.383404 0.244172 0.475789 0.100000 0.760008 0.270023 0.754563 0.269284 0.849144 0.122408 0.253426 0.628709 0.283346 0.494404 0.408134 0.708951 0.241630 0.161239 0.859397 0.387555 0.122103 0.873169 0.312431 0.107921 0.378333 0.600921 0.604193 0.937480 0.565617 0.638594 0.530038 0.606169 0.120247 0.621618 0.407380 0.720523 0.490116 0.546564 0.454217 0.100000 0.637617 1.107911 0.177723 0.182355 0.861411 0.314932 0.213252 0.478763 0.403457 0.580578 
1.177329 0.621895 0.100000 0.501968 0.605913 0.612327 0.100000 0.817039 0.701055 0.100000 0.454457 0.100000 0.100000 1.497232 0.672083 0.100000 0.311206 0.665475 0.137046 0.235394 0.707001 0.322934 0.474861 0.100000 0.100000 0.803153 0.258427 0.271419 0.385570 1.568636 0.100000 0.100000 0.100000 0.385547 0.237409 0.668786 0.445806 0.310750 0.228798 0.486440 0.352215 0.100000 0.100000 0.390965 0.100000 0.182816 0.100000 0.649757 0.930918 1.296969 0.398714 0.100000 0.744504 0.548189 0.264907 1.029808 
0.702383 0.839958 0.494111 0.878038 1.081338 0.920124 0.100000 0.425317 0.742853 0.386708 0.907348 0.100000 1.339537 0.733603 0.449148 0.100000 0.590151 0.321226 0.743153 1.086052 0.675354 0.579141 0.615672 0.793132 0.669817 1.049757 0.876190 0.478352 0.587164 0.494616 0.649976 0.100000 0.100000 0.855152 0.100000 0.897823 0.100000 0.300679 0.319307 0.364068 0.565862 0.361229 0.572841 0.368840 0.458989 0.485695 0.110312 1.082095 0.323577 0.415393 0.645971 0.452875 0.941561 0.100000 0.299789 0.614384 
0.721099 0.465868 0.100000 0.273840 0.521499 0.100000 0.100000 0.837528 0.364554 0.639995 0.354790 0.107662 0.611671 0.272785 0.100000 0.100000 0.745396 0.247693 0.953904 0.643649 0.399600 0.750461 0.117296 0.214745 0.100000 0.100000 0.116272 0.580250 0.100000 0.375618 0.208178 0.635505 0.349984 0.100000 0.100000 0.578995 0.243389 0.333825 0.100000 0.993915 0.256071 0.534912 0.720349 0.565969 0.100000 0.100000 0.295517 0.100000 0.364659 0.358710 0.147559 0.100000 0.982923 0.100000 0.100000 0.100000 
0.488754 0.792176 0.145615 0.569809 0.849866 0.100000 0.100000 0.339559 0.296751 0.959122 0.390747 0.259637 0.541861 0.591608 0.184304 0.409563 0.462634 0.525234 1.077864 0.235779 0.727682 0.100000 0.312886 0.769724 0.331757 0.453738 0.557900 0.767298 0.475985 1.258629 0.141023 0.100000 0.100000 0.423496 0.100000 0.100000 0.262385 0.815381 0.721734 0.957819 0.122977 0.755801 0.765657 1.113076 0.377032 0.100000 0.560258 0.787052 0.960326 1.091385 0.875116 0.538955 0.779122 0.100000 0.100000 0.508369 
0.629291 1.246855 0.100000 0.423825 1.103004 0.100000 1.059022 1.553799 0.100000 0.715981 0.100000 0.100000 1.363714 0.733780 0.100000 1.047860 0.795343 0.100000 0.493608 0.470657 0.152973 0.744663 0.180150 0.885009 0.100000 0.100000 0.100000 0.927231 0.129608 0.335050 0.364838 0.550901 0.653847 0.155515 0.323170 0.140107 0.257325 0.599286 0.645023 0.100000 0.332465 0.835936 0.473587 0.624056 0.371602 0.100000 1.100467 0.813045 0.379344 1.363995 0.736848 0.868443 0.541008 2.134250 0.822051 0.475334 
