66 Number of operations
16 Number of workers
Standard production times
0.395487 0.532490 0.222502 0.307822 0.261232 0.472611 0.856732 0.348992 0.510849 0.592732 0.929213 0.391227 0.206876 0.575733 0.100000 0.623915 0.189126 0.198222 0.386496 0.383715 0.967043 0.350765 0.541102 0.253267 0.159032 0.456081 0.295062 0.100000 0.627160 0.519564 0.619080 0.716055 0.419631 0.380416 0.100000 0.410165 0.555420 0.278717 0.305743 0.100000 0.571778 0.269913 0.412373 0.663896 0.543813 0.237312 0.591981 0.366152 0.400966 0.541476 0.611755 0.607141 0.514341 0.395286 0.100000 0.249166 0.430479 0.769328 0.427803 0.599307 0.100000 0.665435 0.232499 0.665336 0.283636 0.157893 
Production times: workers row and ops columns
0.100000 0.100000 0.274900 0.472648 0.477698 0.318132 1.535148 0.568270 0.761593 0.609944 0.527491 1.691526 1.123624 0.100000 0.100000 0.213925 0.498766 0.100000 0.513745 1.079511 0.100000 0.551521 0.100000 0.100000 0.128831 0.819458 0.100000 0.339277 0.657123 0.100000 0.755276 0.897778 0.100000 0.496220 0.100000 0.186674 0.100000 0.313252 0.100000 0.100000 0.827290 0.660133 0.483614 0.404694 0.978763 0.100000 0.411933 0.383297 0.790564 0.437672 0.374287 0.581873 1.495499 0.100000 0.100000 0.335866 0.879431 0.603799 1.272463 0.547538 0.100000 1.234790 0.100000 0.959803 0.100000 0.463505 
0.843255 0.985927 0.290585 0.476945 0.308049 1.087026 1.063608 0.339610 0.100000 0.865118 1.084073 0.306226 0.688380 0.866591 0.534742 0.669183 0.407772 0.268013 0.373392 0.911989 1.225578 0.100000 1.070174 0.248842 0.630558 0.878824 0.664497 0.100000 0.514380 0.579567 0.663688 0.734606 0.391713 0.691157 0.542896 0.277809 1.096611 0.222537 0.599545 0.100000 1.130588 0.100000 0.424916 0.670004 0.790390 0.313841 0.864324 0.242974 0.873487 0.246162 0.343122 0.895010 0.525332 0.980347 0.100000 0.131293 0.313515 1.318339 0.963818 0.488594 0.100000 0.354179 0.554458 0.902886 0.100000 0.100000 
0.100000 0.100000 0.430456 0.222696 0.314220 0.146774 0.923825 0.108274 0.331620 0.257543 0.586698 1.028556 0.191797 0.451529 0.100000 0.762688 0.100000 0.100000 0.100000 0.100000 0.609234 0.448650 0.629030 0.100000 0.100000 0.228650 0.395149 0.100000 1.296546 0.149753 0.207162 0.544897 0.100000 0.154386 0.100000 0.660169 0.535873 0.125312 0.104633 0.100000 0.684511 0.100000 0.100000 0.531063 0.100000 0.181793 0.611496 0.443958 0.698961 0.226090 0.100000 0.554403 0.640243 0.115920 0.208988 0.339864 0.444575 0.314680 0.508027 0.430293 0.376929 0.166595 0.177051 0.531884 0.316433 0.185197 
0.992118 0.863892 0.577686 0.529060 0.258432 0.691603 1.411387 0.100000 0.586167 0.374716 1.311379 1.523322 0.100000 0.844621 0.100000 1.760769 0.100000 1.214751 0.532014 0.119475 0.472872 0.758023 0.100000 0.523343 0.100000 1.165486 1.180881 0.100000 1.186611 0.457264 0.234327 0.206632 1.157290 0.470107 0.729703 0.738054 0.796965 0.760229 0.145689 0.100000 1.114941 0.100000 0.405730 0.392018 0.100000 0.622123 1.706900 0.100000 0.606563 0.666282 0.410438 0.445559 0.437819 0.100000 0.100000 0.326328 0.310293 0.552107 0.100000 0.523219 0.100000 0.735961 0.100000 0.346580 0.899107 0.100000 
0.909073 0.805753 1.359296 0.100000 0.101765 0.313623 1.165477 0.431337 0.326937 0.100000 0.422678 0.421105 0.100000 0.724539 0.100000 0.100000 0.100000 0.100000 0.477466 0.495026 1.044715 0.100000 1.743601 0.575262 0.100000 1.482288 0.100000 0.956742 0.452420 0.466727 0.100000 1.457494 0.269102 0.100000 0.546628 0.104725 0.880271 0.186950 0.115694 0.100000 0.327984 1.129085 0.100000 0.695780 0.286062 0.702349 0.967263 0.100000 0.100000 0.100000 1.315350 0.616428 0.313027 0.100000 0.100000 0.889250 0.990638 1.090688 1.245107 0.100000 0.100000 0.100000 0.100000 1.083524 1.171890 0.344773 
0.100000 0.155684 0.100000 0.112835 0.100000 0.623429 1.686312 1.303532 0.989697 0.333315 0.585090 0.834440 0.116505 0.394392 0.100000 0.594834 0.515320 0.100000 1.263311 1.515615 0.397899 0.100000 0.369223 0.948787 0.100000 1.404666 0.175347 0.325325 0.220785 0.100000 1.115754 0.252822 0.452071 0.175568 0.131519 0.380645 0.287922 0.530077 0.849745 0.100000 1.004067 0.100000 0.100000 0.449304 1.508705 0.100000 0.100000 0.307709 0.925811 0.100000 0.427404 1.368192 1.049544 0.367551 0.343195 0.100000 0.100000 1.174971 0.580294 0.100000 0.100000 1.377650 0.386947 0.375602 0.392368 1.199270 
0.445308 0.924748 0.100000 0.100000 0.300878 0.710918 0.263828 0.100000 0.100000 0.100000 0.698230 0.798050 0.440096 0.794531 0.100000 1.131306 0.362582 0.466834 0.273633 0.100000 1.105272 0.782767 1.213790 2.348408 0.100000 0.290603 0.245947 0.100000 0.402641 0.373467 0.100000 0.634531 0.734044 0.100000 0.100000 0.377833 0.799785 0.142380 0.374384 0.313398 1.107470 0.100000 0.923084 1.185976 0.934902 0.100000 0.194251 0.735160 1.584760 0.625444 0.572801 0.828702 0.627927 0.430171 0.544792 0.829610 0.901483 0.667488 0.985871 0.411010 0.100000 0.474419 0.707962 0.666872 0.270848 0.100000 
0.795023 0.768129 0.100000 0.100000 0.297304 0.112137 1.087308 0.663108 0.613326 1.196056 0.751359 0.618254 0.877732 0.779025 0.200110 0.486440 0.595169 0.182879 0.763109 0.419777 1.524132 0.608439 0.176718 0.916249 0.436845 0.569019 0.499117 0.444327 0.449935 0.621810 0.774950 0.551710 0.665546 0.112805 0.238398 0.221527 0.733254 0.560590 0.223684 0.739557 1.124691 0.498018 0.592206 0.937329 0.100000 0.100000 0.432445 0.654723 0.244232 0.941101 0.912779 0.995364 0.430157 0.321685 0.556134 0.100000 0.683631 1.576622 0.439796 0.565262 0.100000 1.171399 0.189641 0.390813 0.307294 0.180610 
0.693013 0.100000 0.100000 0.261376 0.281064 0.285048 0.259556 0.100000 0.100000 0.100000 0.949021 0.678175 0.100000 0.948680 0.100000 0.985746 0.930163 0.100000 0.398073 0.488308 1.208309 1.018098 0.303993 0.360994 0.275264 0.100000 1.048422 0.100000 0.811536 0.100000 0.386574 1.008318 0.351630 0.100000 0.100000 0.100000 0.446008 0.100000 0.954869 0.100000 0.180273 1.122134 0.664592 1.068173 0.404364 0.100000 0.110924 0.819326 0.100000 0.100000 1.219179 1.761173 0.100000 0.281867 0.100000 0.763548 0.954513 0.274976 0.134856 0.394743 0.589031 0.100000 0.801687 0.236118 0.100000 0.863047 
0.744861 0.839790 0.442181 0.396570 0.470916 0.437478 1.501448 0.100000 0.301605 0.204715 0.736709 0.523858 0.184857 0.762749 0.100000 1.063701 0.143647 0.100000 0.489514 0.100000 0.753805 0.189728 0.490106 0.555581 0.235016 0.147434 0.434060 0.124499 0.490075 0.942403 0.862795 1.352142 0.100000 0.147840 0.278605 0.634467 0.100000 0.338312 0.129908 0.469519 0.841182 0.100000 0.760103 0.543416 0.430824 0.119415 0.677336 0.836434 0.663929 0.727145 0.652457 0.901145 0.562628 0.100000 0.269790 0.336843 0.907638 1.126623 0.902778 1.104227 0.100000 0.619916 0.100000 0.395205 0.529551 0.138990 
0.100000 1.205092 0.100000 0.633039 0.185238 0.858107 0.987835 0.100000 0.100000 0.227633 1.489928 1.394243 1.342829 0.321736 0.100000 0.100000 0.397902 0.359186 0.966191 0.307898 2.076343 0.100000 1.165281 1.075193 0.441303 0.316467 0.821655 0.100000 1.795616 0.938842 0.689053 0.787243 1.542497 0.100000 0.356557 0.100000 1.454723 0.100000 0.100000 0.100000 0.338131 0.100000 0.751460 0.724779 0.271749 0.828345 0.100000 0.527402 0.100000 0.638731 0.213543 0.100000 0.620386 0.100000 0.389304 0.100000 1.003350 0.418478 0.394205 1.398699 0.185853 0.645498 0.100000 1.014242 0.786889 0.100000 
0.602072 0.281090 0.680884 0.643295 0.100000 0.603849 0.883827 0.147135 0.995449 0.378541 1.637842 0.315100 0.257324 0.774168 0.743166 0.172834 0.495675 0.100000 0.171258 0.856114 1.026217 0.568282 0.100000 0.616920 0.100000 0.325441 0.411207 0.301078 0.718706 0.700567 0.518927 0.772833 1.030209 0.123200 0.176839 0.224754 0.564262 0.483308 0.100000 0.477173 0.753124 0.681340 1.061752 0.821966 1.174258 0.551624 1.190655 0.442478 0.368737 0.620509 0.524758 0.411312 0.194978 0.494935 0.801854 0.165505 0.925578 0.557356 0.451760 0.240494 0.290567 0.489753 0.234769 0.615783 0.496948 0.458249 
0.635578 0.580084 0.308381 0.233650 0.390902 0.708016 0.100000 0.100000 1.033787 0.741547 0.100000 0.122062 0.504697 1.361881 0.100000 1.305312 0.100000 0.771171 0.100000 0.100000 1.053927 0.100000 0.522594 0.331586 0.474917 0.401576 0.100000 0.278789 1.224288 0.542110 0.666513 0.438396 1.139027 0.532260 0.100000 0.596296 0.519033 0.523037 0.100000 1.350683 0.100000 0.100000 0.436156 0.566783 0.792944 0.454345 0.197903 0.318310 0.696698 0.131574 0.877329 1.381601 0.340289 0.100000 0.100000 0.637371 0.551813 1.112840 0.100000 0.754841 0.100000 1.315907 0.478175 0.932547 0.685502 0.435919 
0.100000 0.377496 0.978322 0.113488 0.760267 0.259809 1.731674 0.653695 0.629570 0.767362 0.707814 0.219853 0.294738 0.398326 0.246219 0.938356 0.562906 0.344828 0.100000 0.809973 1.481859 0.100000 1.240823 0.444509 0.123441 1.023574 0.100000 0.100000 1.451352 0.876412 0.362405 1.180305 0.100000 1.177136 0.100000 0.178680 1.305432 0.100000 0.790355 0.366593 0.100000 0.644049 0.706940 1.007535 0.920786 0.100000 0.712199 0.912717 0.763407 0.689889 0.873507 0.928675 1.036537 0.177250 0.100000 0.774312 0.694574 1.519508 0.213813 0.539857 0.100000 0.528434 0.248181 0.648441 0.100000 0.470820 
0.566567 0.100000 0.100000 0.100000 0.415447 0.100000 0.100000 0.516915 0.791928 1.177547 0.572937 0.192624 0.100000 0.883217 0.100000 0.595951 1.089010 0.100000 1.102976 0.100000 1.565603 0.163895 0.100000 0.685832 0.100000 0.693460 0.643883 0.100000 1.301821 0.678015 0.100203 0.838792 0.615719 0.100000 0.100000 0.100000 0.453692 0.258020 0.242373 0.100000 0.677260 0.100000 1.156431 1.532355 0.543816 0.100000 0.837092 0.234799 1.175624 1.264276 1.561270 0.655587 1.165012 0.100000 0.188449 0.339496 0.100000 0.100000 0.336429 0.939222 0.100000 1.054517 0.105069 0.431256 0.981893 0.100000 
0.100000 0.100000 0.100000 0.100000 0.650597 0.647816 0.867781 0.100000 0.791252 0.100000 0.747794 0.100000 0.100000 0.639842 0.100000 0.812002 0.922156 0.501523 0.417759 0.278838 2.001004 0.424120 0.365434 0.881720 0.685129 0.100000 0.100000 0.100000 0.824533 1.116319 1.047767 1.118447 0.194527 0.100000 0.585315 0.100000 0.967327 0.438304 0.100000 0.141861 0.980004 0.336455 0.100000 1.173040 0.932546 0.100000 0.151995 0.100000 0.495700 0.545914 0.961901 1.180275 0.387438 0.100000 0.100000 0.429800 0.531673 1.019864 0.424381 0.224366 0.411629 0.551520 0.100000 0.764387 0.530944 0.457434 
