46 Number of operations
17 Number of workers
Standard production times
0.290051 0.119425 0.716550 0.190971 0.451519 0.100000 0.100000 0.336942 0.571636 0.414269 0.100000 0.116889 0.577166 0.526380 0.408052 0.219375 0.435065 0.438886 0.292950 0.555470 0.434268 0.311430 0.740981 0.584869 0.139028 0.323885 0.251275 0.312576 0.314710 0.676281 0.419674 0.326109 0.145356 0.602997 0.103788 0.342580 0.388635 0.242379 0.413542 0.192219 0.347265 0.507650 0.705652 0.791335 0.495640 0.423869 
Production times: workers row and ops columns
0.631743 0.130868 1.145168 0.282936 0.243463 0.725025 0.724150 0.100000 0.865783 0.587698 0.783516 0.453748 0.100000 0.102258 0.324752 0.677973 0.475190 0.553006 0.100000 0.694535 0.399189 0.626224 0.100000 1.358593 0.301556 0.217929 0.100000 0.835176 0.819898 0.711700 0.778469 0.200756 0.119591 0.609562 0.204908 0.570056 0.189001 0.332913 0.817286 0.598486 0.452716 0.718540 0.996615 0.586232 1.644073 1.268118 
0.377794 0.100000 0.634580 0.229697 0.556970 0.100000 0.299715 0.144490 0.581387 0.796521 0.100000 0.100000 0.623444 0.948102 0.328743 0.261348 0.139958 0.105154 0.100000 0.642239 0.462536 0.233633 0.505030 0.666115 0.754590 0.186720 0.100000 0.305802 0.953198 0.481444 0.100000 0.431383 0.100000 0.561878 0.276023 0.100000 0.533689 0.497630 0.252198 0.100000 0.671609 0.100000 0.807706 0.459647 0.367477 0.272937 
0.227707 0.380810 0.933935 0.954545 0.502845 0.287353 0.232419 0.377082 0.741485 0.560887 0.378118 0.100000 0.926335 0.660346 0.135228 0.799220 1.277390 0.439189 0.626094 0.682576 0.478288 0.634407 0.715227 0.686357 0.100000 0.310077 0.188188 0.737661 0.451252 0.972374 0.492928 0.696370 0.666102 0.768302 0.178708 0.100000 0.426816 0.355026 0.100000 0.886126 0.269059 0.904115 0.860583 1.168533 0.755592 0.348329 
0.100000 0.100000 1.146831 0.100000 0.333002 0.100000 0.100000 0.338433 0.555059 0.681458 0.100000 0.273222 0.929221 0.583381 0.432645 0.294392 0.562903 0.462693 0.543301 0.100000 0.100000 0.100000 0.128959 0.100000 0.341246 0.100000 0.274506 0.194434 0.100000 0.758364 0.100000 0.100000 0.134025 0.572449 0.100000 0.449590 0.100000 0.100000 0.340770 0.440880 0.343799 0.810045 0.648155 1.212551 0.508371 0.767346 
0.100000 0.100000 0.562852 0.100000 0.493907 0.100000 0.112765 0.461356 0.115098 0.387352 0.100000 0.100000 0.618334 0.100000 0.472717 0.100000 0.267526 0.452794 0.158242 0.411484 0.865087 0.210464 0.441043 0.253318 0.100000 0.556070 0.100000 0.389846 0.226097 0.290464 0.100000 0.202395 0.282324 1.158851 0.100000 0.363134 0.100000 0.358449 0.761025 0.122572 0.576736 0.442197 1.002381 0.986283 0.772797 0.462641 
0.100000 0.560620 1.084535 0.100000 1.013631 0.100000 0.829999 0.197903 0.789942 0.433379 0.845038 1.415785 0.395708 0.100000 0.885060 0.100000 0.985513 0.994338 0.169018 0.100000 0.516949 0.325202 0.416029 0.203463 0.580210 0.100000 0.100000 0.279631 0.100000 0.698220 0.100000 0.798567 0.182983 0.412754 0.100000 0.875389 0.425711 1.073851 0.696419 0.217433 0.194678 1.420537 0.524555 0.690547 0.100000 0.337819 
0.877164 0.378691 1.232894 0.572685 0.928151 0.100000 0.725557 0.199417 0.100000 0.590800 0.100000 0.100000 0.282903 1.239614 0.251159 1.033387 0.100000 0.100000 0.995124 0.495259 0.850382 0.211066 0.889343 0.116226 0.149533 0.190717 0.100000 0.108872 0.703727 0.793708 0.634722 0.447899 0.100000 0.313009 0.100000 0.502620 0.775577 0.100000 0.537296 0.100000 0.640801 0.375069 0.215511 0.100000 0.856019 0.433963 
0.100000 0.296628 0.870812 0.624319 0.411832 0.763610 0.100000 0.700478 0.679275 0.465439 0.253920 0.100000 0.634455 0.868270 0.302874 0.100000 0.480847 0.503124 0.175213 0.335603 0.649733 0.100000 1.216874 0.582191 0.413505 0.151750 0.480704 0.100000 0.268810 0.726550 0.729389 0.100000 1.317364 0.547974 0.285088 0.100000 0.590463 0.362568 0.574384 0.547760 0.423023 0.389366 0.882101 0.871302 0.788472 0.682943 
0.823890 0.560402 0.720850 0.286426 0.515786 0.100000 0.129015 0.957569 0.337099 0.474942 0.100000 0.100000 1.165922 0.672201 0.190566 0.288791 0.549380 0.100000 0.728535 0.871428 0.947521 0.436869 0.687742 1.248898 0.310046 0.627939 0.349383 0.352486 0.477654 0.844735 0.921984 0.771571 0.100000 0.872154 0.772525 0.643044 0.771674 0.224996 0.699345 0.100000 0.736731 0.385214 1.201229 0.798434 0.240788 0.342339 
0.100000 0.645992 1.169483 0.623101 0.111677 0.100000 0.100000 0.169575 0.427741 0.376904 0.263290 0.100000 0.222950 0.201334 0.524634 0.449618 0.100000 0.691341 0.175618 1.162778 0.541358 0.531511 0.204143 0.553318 0.100000 0.100000 0.100000 0.166388 0.100000 0.977095 1.057568 0.687052 0.375962 0.100000 0.468056 0.998617 0.100000 0.624219 1.123041 0.100000 0.135606 0.100000 0.462639 0.675633 0.372420 0.807852 
0.100000 1.754708 0.563030 0.100000 0.459113 0.100000 0.100000 0.100000 0.670940 0.278916 0.240624 0.100000 0.638728 0.100000 0.100000 0.448234 0.100000 0.570679 0.694998 1.022954 0.562507 0.196836 0.100000 1.218353 0.541580 0.804038 0.468749 0.652682 1.249152 0.751634 0.135345 0.963577 0.520723 1.007867 0.100000 1.172106 0.544171 0.350236 0.176168 0.100000 0.100000 0.100000 0.762776 1.298213 0.135623 0.211541 
0.700085 0.100000 0.478997 0.100000 1.080341 0.100000 0.100000 0.100000 0.100000 0.758525 0.100000 0.100000 1.029645 0.678488 1.135712 0.100000 1.458419 0.156997 0.196540 0.100000 0.536546 0.708319 0.754942 1.377242 0.753146 0.320403 0.311904 0.100000 0.328716 1.023507 0.627882 0.143276 0.566255 0.100000 0.424901 0.371384 0.926262 0.440164 0.298871 0.100000 0.480095 0.626330 0.100000 0.593092 0.444101 1.128551 
0.183868 0.309006 0.541931 0.417871 0.100000 0.488528 0.100000 0.244600 0.888417 0.405523 0.440032 0.100000 0.781895 0.641084 0.827705 0.100000 0.172426 0.100000 0.100000 0.100000 0.177061 0.100000 0.939586 0.380533 0.100000 0.425225 0.100000 0.629994 0.100000 0.228276 0.100000 0.500708 0.100000 0.777201 0.100000 1.137525 0.390718 0.100000 0.275928 0.370194 0.185847 0.524886 1.082379 0.975697 0.594292 0.286141 
0.738658 0.100000 0.667291 0.100000 0.685251 0.100000 0.519426 0.774687 0.924411 0.190213 0.100000 0.100000 0.239107 0.238621 0.556485 0.156635 0.784593 0.994313 0.100000 0.795318 0.548697 0.100000 0.787949 0.747849 0.100000 0.100000 0.100000 0.409575 0.100000 0.528456 0.637826 0.561647 0.820151 0.308966 0.213319 0.100000 0.717055 0.213417 0.849734 0.724438 0.422281 0.288902 0.511738 1.013775 0.873665 1.112957 
0.100000 0.100000 1.259121 0.344872 0.692790 0.863456 0.100000 0.100000 0.704264 0.100000 0.176222 0.100000 0.100000 1.286839 0.705001 0.100000 0.990360 0.138729 1.825097 0.100000 0.468811 0.198505 0.134009 0.250124 0.100000 0.100000 0.450674 0.300012 0.942706 0.365906 0.906726 0.392154 0.100000 0.240894 0.142245 0.649890 0.401914 0.100000 0.448034 0.100000 0.577979 0.100000 1.603336 0.583930 0.481382 1.191022 
0.100000 0.100000 0.322520 0.100000 0.297935 0.528901 0.297452 0.197547 0.100000 0.539024 0.100000 0.100000 0.361606 0.406433 0.317471 0.100000 0.334823 0.956938 0.100000 0.573184 0.279002 0.100000 0.470676 0.648898 0.100000 0.517114 0.100000 0.100000 0.100000 0.638373 0.414436 0.100000 0.100000 0.231364 0.100000 0.248142 0.442279 0.399823 0.299520 0.100000 0.405556 0.353046 1.523287 0.449828 0.357473 0.606561 
0.113255 0.389933 0.261837 0.100000 0.100000 0.226056 0.100000 0.545637 0.275232 0.100000 0.565569 1.407791 0.693562 0.100000 0.743112 0.100000 0.100000 1.031223 0.100000 1.109468 0.582487 0.540981 0.648839 1.377748 0.100000 0.291665 0.788103 0.923477 1.059301 0.482957 0.137650 0.348178 0.100000 0.436175 0.100000 0.267628 0.530690 1.480449 0.100000 1.182274 0.269261 1.098013 1.224276 1.042137 1.026845 0.309486 
