63 Number of operations
18 Number of workers
Standard production times
0.290051 0.119425 0.716550 0.190971 0.451519 0.100000 0.100000 0.336942 0.571636 0.414269 0.100000 0.116889 0.577166 0.526380 0.408052 0.219375 0.435065 0.438886 0.292950 0.555470 0.434268 0.311430 0.740981 0.584869 0.139028 0.323885 0.251275 0.312576 0.314710 0.676281 0.419674 0.326109 0.145356 0.602997 0.103788 0.342580 0.388635 0.242379 0.413542 0.192219 0.347265 0.507650 0.705652 0.791335 0.495640 0.423869 0.228507 0.247610 0.527861 0.409505 1.022967 0.293508 0.469117 0.314897 0.100000 0.751079 0.347161 0.569259 0.817347 0.505296 0.596762 0.100000 0.221035 
Production times: workers row and ops columns
0.334990 0.100000 0.769837 0.462688 0.779505 0.420705 0.504168 0.215412 0.748948 0.173033 0.673442 0.164356 0.158439 0.553158 0.565976 0.693714 0.520268 0.307782 0.160735 0.838476 0.100000 0.349999 0.400493 0.697335 0.247077 0.231547 0.240480 0.100000 0.422074 0.481569 0.428800 0.254983 0.100000 0.470623 0.247745 0.186340 0.100000 0.100000 0.335808 0.556820 0.680916 1.057360 1.268525 0.757016 0.100000 0.100000 0.100000 0.227498 0.788738 0.899441 1.151221 0.308557 0.450403 0.201168 0.100000 0.599765 0.298988 0.626825 0.654945 0.919358 0.777713 0.322675 0.219834 
0.423275 0.391746 1.022540 0.808102 0.100000 0.100000 0.213920 0.413982 0.924263 0.624489 0.100000 0.100000 0.598910 0.978494 0.587448 0.100000 0.852412 0.591475 0.920330 0.437188 0.688758 0.202654 1.374573 0.959336 0.483752 0.637310 0.299882 0.351534 0.541360 1.183347 0.456307 0.822923 0.100000 0.674343 0.112132 0.511269 0.338774 0.334963 0.424210 0.263683 0.526654 0.317998 0.785161 1.196998 0.598078 0.100000 0.412710 0.579391 0.542809 0.487682 1.268095 0.671343 0.100000 0.494983 0.167036 0.639229 0.209761 0.554579 1.074943 0.660961 1.096336 0.310349 0.100000 
0.228246 0.100000 1.240378 0.300583 0.105540 0.503616 0.100000 0.100000 1.231365 0.100000 0.100000 0.223627 0.459103 0.100000 0.100000 0.100000 0.449160 0.226645 0.380933 0.100000 0.291484 0.100000 0.172896 1.048905 0.186042 1.077691 0.815536 0.376420 0.278997 0.386639 0.668176 0.894568 0.516768 1.095699 0.448021 0.136295 0.495359 0.100000 0.462140 0.100000 0.319018 0.966786 0.827692 0.916344 0.558485 0.100000 0.100000 0.160003 0.100000 0.100000 2.052002 0.325980 0.100000 0.784184 0.198190 0.883133 0.100000 0.267371 0.372033 0.739026 0.751436 0.103284 0.369478 
0.565156 0.100000 0.100000 0.100000 0.128146 0.353013 0.100000 0.183740 0.511210 0.880791 0.501944 0.929629 0.204493 0.738649 0.446639 0.100000 0.100000 0.790872 0.100000 0.590085 1.196795 0.100000 0.803471 0.827243 0.111114 0.717367 0.100000 0.537782 0.271874 1.212164 0.695697 0.822801 0.100000 1.824243 0.640052 0.220622 0.662601 0.663557 0.725578 0.100000 0.100000 0.605096 1.304796 0.740723 0.100000 0.100000 0.100000 0.566940 0.639139 0.552285 0.910380 1.170666 0.335807 0.261227 0.100000 0.756766 0.100000 0.646020 0.872042 0.863735 0.174584 0.313001 0.100000 
0.291346 0.100000 0.820055 0.100000 0.427119 0.762134 0.534510 0.290094 0.634540 0.364065 0.707185 0.127651 0.601386 0.765837 0.663596 0.635574 1.022678 0.819220 0.877009 1.208258 0.652362 0.375648 0.838647 0.694937 0.765538 0.686792 0.260439 0.442756 0.704314 1.113568 0.259746 0.497933 0.522953 0.482585 0.211897 0.741066 0.365485 0.405295 0.843197 0.404742 0.601072 1.155190 0.929762 1.074063 1.165545 0.826044 0.628232 0.339682 0.939638 1.047688 1.125311 0.822801 0.436368 0.511111 0.372602 0.714305 0.400371 0.100000 0.636627 0.723600 0.900287 0.100000 0.332963 
0.578376 0.100000 0.100000 0.178278 0.380700 0.194586 0.293669 0.519617 0.100000 0.456236 0.192404 0.597278 1.331535 0.100000 0.282950 0.100000 0.100000 0.236855 0.100000 0.448441 0.404534 0.834745 0.100000 0.239948 0.100000 0.586211 0.613985 0.383265 0.256587 0.194743 0.180581 0.100000 0.461956 1.261840 0.100000 0.650732 0.858149 0.100000 0.363058 0.465123 0.111557 0.293020 0.431050 0.868576 0.146266 0.750322 0.100000 1.270027 0.100000 0.902527 0.855438 0.100000 1.555852 0.100000 0.100000 1.195652 0.857555 0.424119 0.775127 0.875914 0.830189 0.861170 0.358642 
0.126642 0.100000 0.353000 1.194244 0.978282 0.772216 0.100000 0.102067 0.100000 0.522041 0.784421 0.100000 0.162350 0.100000 0.756783 0.100000 0.670919 0.644389 0.271371 0.641629 0.100000 0.285153 0.100000 0.189908 0.432128 0.439167 0.554273 0.100000 0.571933 1.121689 1.232370 0.448555 1.217720 0.579679 0.100000 1.531203 0.234826 0.152288 0.100000 0.100000 1.049920 0.535334 1.074143 0.100000 0.193147 0.226361 0.160450 0.698977 0.470334 0.482706 1.112183 0.278311 0.505272 0.100000 0.100000 0.642085 0.633432 0.904951 1.209442 0.100000 0.562500 0.258585 0.502695 
0.693288 0.862371 0.376591 0.485580 0.288060 0.268258 0.545843 0.688557 0.738546 0.582009 0.465426 0.413415 0.870752 1.362782 0.783510 0.100000 0.329560 1.115768 0.100000 0.758848 0.647508 0.348145 1.005831 0.976474 0.639011 0.625768 0.110796 0.394430 0.517425 0.705058 0.397805 0.608924 0.100000 0.549117 0.212618 0.310575 0.937994 0.508154 0.247472 0.100000 0.649530 0.653925 0.706691 1.295514 0.338895 0.250592 0.346706 0.560006 0.553496 0.367618 0.974731 0.302487 0.497164 0.562528 0.242545 0.837874 0.277361 0.714802 0.708518 0.100000 1.031348 0.100000 0.100000 
0.131233 0.270089 0.748584 0.630104 0.100000 0.100000 0.100000 0.100000 0.778985 0.481197 0.115026 0.100000 0.499416 0.579793 0.100000 0.288794 0.637461 0.960221 0.163834 0.246237 0.292123 0.100000 0.960836 0.562677 0.234667 0.915425 0.302714 0.421341 0.100000 0.342743 0.660318 0.710057 0.100000 0.307907 0.294505 0.269502 0.100000 0.196991 0.100000 0.234461 0.303108 0.368698 0.558596 0.592392 0.515497 0.100000 0.100000 0.100000 0.453830 0.667670 1.144974 0.100000 0.100000 0.100000 0.100000 0.370992 0.136779 0.496035 0.715258 0.401527 0.255463 0.100000 0.428991 
1.290305 1.021706 0.100000 0.100000 0.371733 0.416355 0.100000 0.100000 1.360986 0.540171 0.182194 0.239964 0.100000 0.648997 1.182858 0.100000 0.425116 0.179345 1.646135 1.339172 0.647956 0.100000 0.439924 0.353455 0.168245 0.100000 0.355849 0.100000 0.153920 0.813546 0.335978 0.556497 0.677472 1.236591 0.261020 0.491409 1.347294 0.546975 0.286734 0.191854 0.384235 1.432608 0.875649 0.645646 0.791881 0.843989 0.250897 0.347417 0.526347 0.383466 2.194972 1.038557 0.580360 0.626076 0.100000 0.557549 0.100000 0.446717 0.752894 0.100000 0.691001 0.100000 0.347867 
0.100000 0.424897 0.812716 1.218793 0.100000 0.717082 0.431492 0.840193 0.741625 0.683422 0.100000 0.100000 0.821561 0.629762 0.715808 0.684974 0.292126 0.185169 0.475626 0.427974 0.392140 0.730835 0.802209 0.236172 0.100000 0.100000 0.268477 0.916645 0.351964 0.613108 0.983640 0.678384 0.556813 0.451358 0.100000 0.100000 0.100000 0.177904 0.382474 0.428195 0.239100 0.783473 1.134555 0.407426 0.319777 0.991754 0.548396 0.100000 0.100000 0.243543 1.566802 0.252361 0.583861 0.754256 0.100000 0.642030 0.933567 0.767157 0.648611 0.922331 0.577528 0.471053 0.282415 
0.824915 0.100000 0.742091 0.201752 0.403144 0.643250 0.100000 0.422222 0.100000 0.323063 0.100000 0.328209 0.537224 0.452246 0.457367 0.100000 0.926488 1.101002 0.362542 0.168565 0.617647 0.278413 1.303004 0.677845 0.100000 0.379781 0.115030 0.469272 0.100000 0.894399 0.562886 0.458813 0.100000 0.595486 0.365881 0.136775 0.623753 0.691999 0.336659 0.329222 0.320727 0.810479 0.975303 1.427190 0.477720 0.637361 0.100000 0.100000 0.473966 0.371624 1.317339 0.359109 0.319756 0.192702 0.207662 0.311306 0.335827 0.100000 1.001891 0.614549 0.857282 0.100000 0.100000 
0.650766 0.100000 0.100000 0.258065 0.595750 0.100000 0.100000 0.100000 0.981794 1.431262 0.129195 0.100000 1.808211 0.517391 0.257760 0.669811 0.100000 1.168914 0.400964 1.418971 0.761132 0.365905 1.364004 0.527257 0.277763 0.384508 1.078742 0.198344 0.100000 1.420468 1.050248 0.242612 0.100000 0.612175 0.100000 0.633327 0.100000 0.100000 0.100000 0.864966 1.001907 0.774522 0.857476 0.516883 0.100000 0.706127 0.100000 1.087860 0.100000 0.100000 1.241008 0.330259 1.198442 0.717246 0.100000 0.363443 1.299376 0.100000 0.686521 0.841818 0.719255 0.422404 0.100000 
0.607463 0.232300 0.942146 0.571813 0.836872 0.316775 0.168296 0.657695 0.692243 0.320196 0.328740 0.108346 0.771804 0.674981 0.752133 0.310852 0.862896 0.471578 0.100000 0.615910 0.446003 0.100000 1.143230 1.104035 0.100000 0.100000 0.364530 0.100000 0.100000 0.917274 0.787748 0.824061 0.388032 1.077933 0.287869 0.965954 0.100000 0.679875 0.376070 0.285372 0.609510 0.581275 1.135470 0.536907 0.213077 0.665024 0.174531 0.100000 0.100000 0.653383 1.453809 0.379340 0.633813 0.832465 0.370547 0.580723 0.355590 1.103272 0.800789 0.954212 1.021001 0.191563 0.430102 
0.520274 0.619113 0.822449 0.651906 0.537282 0.100000 0.664698 0.415276 0.351353 0.713470 0.137036 0.281534 0.730122 0.766793 0.884609 0.426541 0.654919 0.474499 0.112549 0.135157 0.476355 0.369808 0.574688 0.736812 0.100000 0.215084 0.259223 0.838559 0.743538 0.269175 0.990278 0.100000 0.257362 0.545198 0.405782 0.370501 0.305510 0.850330 0.319091 0.389780 0.318554 0.437086 0.697939 0.891134 0.716733 0.303057 0.100000 0.100000 0.733869 0.440138 0.706098 0.760879 0.898337 0.192233 0.100000 1.007737 0.605338 0.134278 1.047676 0.590231 0.791056 0.421825 0.441633 
0.100000 0.100000 0.317525 0.100000 0.408651 0.100000 0.100000 0.176703 0.293364 0.202495 0.100000 0.100000 0.137059 0.970573 0.100000 0.100000 0.747319 0.242577 0.351554 0.614868 0.100000 0.100000 0.468399 0.566799 0.100000 0.128520 0.100000 0.542699 0.100000 0.617044 0.100000 0.100000 0.100000 0.528459 0.100000 0.100000 0.615418 0.352621 0.431188 0.211502 0.297950 0.227642 1.212470 0.892397 0.316320 0.228234 0.908408 0.579787 0.760540 0.120440 1.586414 0.830908 0.374049 0.515731 0.339072 1.226247 0.588112 0.320655 0.591681 0.504192 0.314180 0.444514 0.176188 
1.010030 0.100000 0.845707 0.100000 0.100000 0.131792 0.100000 0.748782 0.894225 1.073068 0.475387 0.394959 0.100000 0.438964 0.100000 0.100000 0.758280 0.352523 0.100000 0.100000 0.100000 0.304764 1.393845 0.798469 0.715081 0.858479 0.129677 0.858540 0.504438 0.495606 0.646278 0.719929 0.100000 0.388649 0.100000 0.835543 0.802888 0.100000 0.799540 0.100000 1.199842 0.668594 1.053846 0.438587 0.423356 0.525858 0.100000 0.839986 0.527893 0.785267 1.294967 0.154740 0.100000 0.100000 0.100000 1.020060 0.100000 1.681537 0.756766 0.844132 1.279725 0.100000 0.155779 
0.579605 0.100000 1.662094 0.639089 1.574905 0.624976 0.477041 0.100000 0.100000 0.603225 0.123757 0.100000 0.530444 1.235209 0.651646 0.756772 0.314615 0.100000 0.100000 0.833115 0.100000 0.459810 0.545590 0.100000 0.100000 0.100000 0.100000 0.100000 0.748180 0.637281 0.100000 0.272636 0.100000 0.522960 0.110765 0.100000 0.100000 0.100000 0.174984 0.627771 0.546250 0.284065 1.224607 0.100000 0.563279 0.785744 0.957603 0.100000 0.188029 1.261125 1.248164 0.100000 0.202072 0.100000 0.186801 0.325197 0.128756 0.826431 0.886392 0.506757 1.661394 0.126965 0.100000 
