61 Number of operations
18 Number of workers
Standard production times
0.395487 0.532490 0.222502 0.307822 0.261232 0.472611 0.856732 0.348992 0.510849 0.592732 0.929213 0.391227 0.206876 0.575733 0.100000 0.623915 0.189126 0.198222 0.386496 0.383715 0.967043 0.350765 0.541102 0.253267 0.159032 0.456081 0.295062 0.100000 0.627160 0.519564 0.619080 0.716055 0.419631 0.380416 0.100000 0.410165 0.555420 0.278717 0.305743 0.100000 0.571778 0.269913 0.412373 0.663896 0.543813 0.237312 0.591981 0.366152 0.400966 0.541476 0.611755 0.607141 0.514341 0.395286 0.100000 0.249166 0.430479 0.769328 0.427803 0.599307 0.100000 
Production times: workers row and ops columns
0.554063 0.670293 0.224529 0.770131 0.100000 0.933632 1.081880 0.416977 0.723682 0.728963 0.847610 0.694868 0.377633 0.965809 0.249748 1.166807 0.310931 0.434450 0.100000 0.256568 0.801017 0.517693 0.268494 0.180998 0.423635 0.725646 0.677569 0.238993 0.877145 0.707663 0.759087 1.186809 0.238076 0.100000 0.276957 0.470904 1.005932 0.342642 0.719401 0.212265 0.718429 0.815431 0.393815 0.959086 0.649172 0.100000 0.404522 0.326031 0.668282 0.501907 0.698919 0.713448 0.177536 0.747220 0.258951 0.751125 0.482271 1.061006 0.453654 0.485044 0.188679 
0.386515 0.648174 0.325281 0.100000 0.100000 0.559637 1.280631 0.705239 0.856692 1.042577 0.767122 0.408845 0.236473 0.910916 0.100000 0.944454 0.390379 0.606828 0.217468 0.106469 1.039508 0.497337 1.025263 0.653685 0.130934 0.988536 0.805846 0.101802 1.179079 0.519851 1.021131 0.255639 0.250077 0.100000 0.603177 0.708312 0.990111 0.100000 0.796053 0.100000 1.174371 0.520051 0.398549 0.569249 0.530000 0.271700 0.531585 0.310468 0.941619 0.397007 0.984602 0.674756 0.472303 0.168704 0.292081 0.257946 0.445949 0.843357 0.367589 0.459014 0.567233 
0.880354 1.044563 0.540053 0.167109 0.100000 0.517918 1.215821 0.167677 0.145713 0.245604 0.805038 0.294345 0.805467 0.502797 0.100000 1.010408 0.100000 0.100000 0.295207 0.442898 1.083336 0.124326 0.376794 0.566952 0.611384 0.100000 0.100000 0.100000 0.737111 0.764154 0.570432 0.784558 0.798718 0.111617 0.100000 0.346226 0.891224 0.104915 0.228973 0.100000 0.347260 0.617237 0.425359 1.361902 0.100000 0.825085 0.575892 0.214677 0.560409 0.578708 0.587174 0.684096 0.485974 0.662229 0.115891 0.531147 0.701341 0.857188 0.426892 0.831331 0.100000 
0.303662 0.164873 0.372490 0.100000 0.100000 0.773053 0.770351 0.749700 0.100000 0.305275 1.002756 0.491099 0.100000 0.622416 0.100000 0.842452 0.100000 0.281579 0.100000 0.454905 1.010403 0.559866 0.663879 0.428700 0.100000 0.335822 0.100000 0.100000 0.874462 0.892719 0.794755 0.642344 0.579821 0.100000 0.609015 0.237554 0.100000 0.157630 0.109169 0.100000 0.763635 0.474488 0.524892 0.179526 0.273086 0.100000 0.541907 0.520593 0.704624 0.293109 0.505363 0.253712 0.322368 0.814375 0.100000 0.308082 0.427626 0.108757 0.504896 0.862058 0.184022 
0.100000 0.721876 0.100000 0.100000 1.432748 0.366128 0.700177 0.100000 1.322180 0.771403 0.896489 0.436312 0.100000 0.191408 0.129819 0.622994 0.351876 1.109562 0.100000 0.100000 1.056115 0.100000 0.484838 0.124384 0.100000 0.100000 0.991404 0.684966 0.375255 1.071985 0.785464 0.755240 0.168655 0.159439 0.256102 0.900648 0.771247 0.100000 0.117758 0.100000 0.100000 0.100000 0.115493 1.021273 0.184306 0.257600 0.367723 0.563383 0.423025 0.895080 1.441281 1.153822 1.460986 0.184423 0.715873 0.100000 0.364145 0.984570 0.479605 0.435040 0.100000 
1.035645 0.303734 0.100000 0.227244 0.578031 0.530482 0.800788 0.759640 0.314269 0.370387 0.975144 0.494161 0.161782 0.884676 0.100000 0.762486 0.273902 0.100000 1.097557 0.589016 0.104538 0.341168 0.733679 0.723853 0.100000 0.734868 0.328007 0.267421 0.901195 0.474458 1.116249 0.578011 0.787805 0.894856 0.100000 0.782013 0.100000 0.678345 0.700283 0.163943 0.542522 0.100000 0.222680 0.837561 0.342113 0.415179 0.342736 0.100000 0.708387 0.788655 0.878611 0.612178 0.564857 0.197660 0.100000 0.335261 0.799900 0.791209 0.425809 0.783678 0.652464 
0.442937 0.307182 0.132859 0.100000 0.100000 0.100000 0.537925 0.737622 0.100000 0.744611 0.793904 0.100000 0.100000 0.100000 0.100000 0.172915 0.166200 0.190648 0.399007 0.270749 0.464471 0.137536 0.614724 0.100000 0.561600 0.276493 0.100000 0.100000 1.215937 0.293117 0.286073 0.968486 0.538706 0.100000 0.100000 0.224993 0.565443 0.659611 0.512471 0.100000 0.100000 0.946369 0.406324 0.308201 0.372741 0.193040 0.638386 0.508571 0.310879 0.100000 0.612600 0.100000 0.649835 0.224291 0.100000 0.505816 0.302509 0.950015 0.147542 0.623715 0.334073 
0.269289 0.907516 0.100000 0.100000 0.441995 0.884051 0.706463 0.691239 0.611345 0.600262 1.582868 0.100000 0.221108 0.100000 0.100000 0.581900 0.100000 0.100000 0.101151 0.315004 1.876788 0.100000 0.147207 0.100000 0.657018 1.010875 0.802416 0.100000 1.068138 0.917300 1.024993 0.740670 0.100000 0.133049 0.166734 1.321699 0.100000 0.100000 1.179413 0.100000 1.016131 0.284453 0.100000 1.744633 0.431952 0.104181 1.184652 0.100000 0.158157 1.110438 0.551881 1.089965 0.941014 1.461485 0.108091 0.307750 0.100000 0.539261 0.531769 0.312565 0.100123 
0.326167 0.261871 0.383518 0.686819 0.522899 1.026961 1.295523 0.100000 0.623818 1.331148 0.943877 0.398016 0.236555 0.565938 0.100000 0.834986 0.100000 0.376468 0.297679 0.505612 0.775538 0.610045 0.705642 0.495968 0.832955 0.100000 0.480848 0.254343 0.420197 0.821667 0.706980 0.732543 0.943395 0.728548 0.387127 0.279333 0.934338 0.176389 0.114996 0.405598 0.494021 0.100000 0.745074 1.210788 0.345241 0.356264 0.927843 0.126899 0.158286 0.472542 0.388958 0.600203 0.482186 0.338681 0.100000 0.958473 0.100000 1.037306 0.427466 0.155040 0.370174 
0.788548 0.495072 0.264669 0.103259 0.295315 0.660179 0.571191 0.100000 0.846680 0.576164 1.310737 0.547226 0.100000 0.290666 0.100000 0.728746 0.100000 0.274342 0.630450 0.374055 0.639982 0.100000 0.100000 0.133003 0.100000 0.307617 0.100000 0.100000 1.107962 0.514557 0.867638 0.526748 0.129195 0.384855 0.223820 0.100000 0.183977 0.100000 0.100000 0.100000 0.100000 0.500690 0.100000 0.320254 0.152752 0.387355 0.154261 0.603545 0.100000 0.747120 0.651284 0.986611 0.868041 0.112631 0.100000 0.585840 0.277543 0.944139 0.100000 0.770418 0.277231 
0.100000 0.507948 0.100000 0.305099 0.100000 0.100000 0.321187 0.144870 0.404719 0.389009 0.708194 0.100000 0.112988 0.690029 0.100000 0.304054 0.100000 0.100000 0.277097 0.562133 1.109663 0.587068 0.130555 0.100000 0.314385 0.562933 0.104956 0.205986 0.684267 0.416749 0.616504 0.935107 0.100000 0.103827 0.100000 0.100000 0.521052 0.354116 0.100000 0.554373 0.436453 0.100000 0.140833 0.100000 0.163448 0.394278 0.869835 0.100000 0.491980 0.595111 0.309686 0.175321 0.220195 0.426586 0.178094 0.537196 0.100000 0.787636 0.265136 0.248385 0.100000 
0.100000 0.952391 0.498701 0.100000 0.100000 1.755299 0.118754 0.833586 1.140362 0.314573 0.861991 0.930223 0.151426 1.161169 0.813645 1.303007 0.100000 0.608625 0.271692 0.776746 1.029154 0.947026 1.075482 0.405813 0.385967 0.901351 0.280919 0.100000 0.100000 0.746588 0.556906 0.317771 0.100000 0.854426 0.100000 0.121921 0.708521 0.100000 0.809020 0.100000 0.749350 0.100000 0.315949 0.343904 0.285278 0.210437 0.299672 0.100000 0.100000 0.642838 0.100000 0.889873 0.833644 0.754995 0.100000 0.129372 0.693023 0.588817 0.267531 0.276141 0.100000 
0.640256 1.367887 0.728529 0.379723 1.086628 0.304277 0.721308 0.100000 0.100000 1.031086 1.185860 0.353197 0.100000 0.848397 0.199441 0.918764 0.328697 0.100000 1.051074 0.100000 1.137922 0.931917 1.076391 0.431976 0.100000 0.882598 0.100000 0.100000 0.100000 0.585702 0.600754 0.822831 0.436384 0.100000 0.100000 0.336091 0.224852 0.574500 0.401123 0.673850 0.520057 0.564188 0.100000 0.994823 0.334945 0.532958 1.836321 0.663730 1.240989 0.478624 1.601103 0.357353 0.677278 0.359242 0.100000 0.449481 0.343365 0.768234 0.100000 0.491373 0.100000 
0.480202 0.256486 0.713096 0.100000 0.584306 0.258436 0.919267 0.182977 0.696622 0.852374 0.922840 0.699719 0.790590 0.640231 0.100000 1.068418 0.100000 0.291420 0.833368 0.998370 0.976478 0.912173 0.808621 0.703447 0.110075 0.255802 0.100000 0.100000 0.668250 0.662865 0.729498 0.436142 0.100000 0.511159 0.264153 0.524819 1.030452 0.846796 1.011072 0.322869 0.766152 0.947959 0.100000 0.100000 0.224899 0.649095 0.647288 0.162843 0.600786 0.585790 1.077432 0.754145 0.531562 0.682907 0.435767 0.100000 0.718478 1.138470 0.499605 0.920998 0.133734 
0.704214 0.772285 0.165888 0.286744 0.481270 0.226698 0.953614 0.509663 0.265617 0.810851 0.773232 0.600406 0.100000 0.849260 0.100000 0.875507 0.250035 0.176511 0.157643 0.440629 1.029558 0.337023 0.766812 0.545106 0.107434 0.422293 0.100000 0.100000 0.618007 0.794462 0.838579 0.541705 0.100000 0.249910 0.343898 0.100000 0.711423 0.337480 0.546192 0.100000 0.100000 0.100000 0.197025 0.230479 0.616026 0.228682 0.598047 0.109218 0.466303 0.712394 0.540240 0.379999 0.676135 0.113010 0.100000 0.375182 0.114194 1.023138 0.873116 0.762784 0.100000 
0.306391 0.811000 0.601744 0.291840 0.580147 0.853909 0.100000 0.965118 0.661511 1.166975 1.210403 0.228368 0.100000 0.295371 0.100000 0.780711 0.100000 0.100000 0.844428 0.479746 1.199166 0.100000 0.897879 0.100000 0.100000 0.928206 0.439851 0.100000 0.411485 0.100000 0.588072 0.538828 0.100000 1.267965 0.481595 0.463600 0.472553 0.412877 0.100000 0.849436 0.843246 0.742706 0.821717 0.327501 0.928807 0.100000 0.709783 0.943091 0.589952 1.198482 0.512100 0.494454 0.100000 0.700766 0.100000 0.100000 1.020826 1.599429 0.100000 0.682648 0.100000 
0.395498 0.640070 0.617798 0.411205 1.453385 0.329144 0.471997 0.690995 0.738482 0.390652 1.438327 0.742214 0.122042 0.986998 0.100000 0.212236 0.100000 0.100000 0.645960 0.100000 0.624951 0.681731 0.100000 0.100000 0.324439 0.100000 0.332065 0.138944 0.100000 0.685468 0.100000 1.496917 0.100000 0.476210 1.218945 0.919057 0.830951 0.100000 0.100000 0.100000 1.355665 0.533636 0.164732 0.100000 0.748762 0.100000 0.812468 0.100000 0.100000 0.858609 1.208517 0.687579 1.009911 0.440365 0.100000 0.373464 0.703304 0.255627 0.100000 0.365128 0.479298 
0.448191 0.100000 0.389302 0.100000 0.100000 1.407069 2.168807 0.256506 1.083112 0.981346 0.100000 0.363238 0.486568 0.977825 0.466632 1.015745 0.100000 0.100000 0.100000 0.267243 1.575677 0.365684 0.257515 0.720216 0.100000 1.410875 0.368444 0.100000 0.777073 0.384637 0.561403 0.854025 0.350258 0.291984 0.100000 0.100000 0.786480 0.100000 0.628651 1.395578 0.416957 0.484942 0.105846 0.726812 1.082873 0.510746 0.324556 0.211012 0.100000 0.467199 1.198900 1.192909 0.817571 0.607378 0.100000 0.100000 0.284652 1.178065 0.776774 0.100000 0.100000 
