63 Number of operations
19 Number of workers
Standard production times
0.678768 0.594004 0.100000 0.532378 0.347011 0.197495 0.591416 0.656664 0.194978 0.644422 0.517604 0.613964 0.512952 0.540998 0.620905 0.100000 0.199025 0.329646 0.674327 0.372625 0.546257 0.467416 0.307748 0.553037 0.416357 0.337340 0.754867 0.606695 0.426208 0.653859 0.290798 0.239830 0.456234 0.212837 0.515736 0.751803 0.155818 0.545311 0.488629 0.770711 0.634409 0.233517 0.408417 0.189141 0.359608 0.611863 0.245603 0.459781 0.401990 0.478368 0.191346 0.916538 0.215083 0.714042 0.191262 0.564665 0.574776 0.205385 0.781438 0.114704 0.642772 0.100000 0.216805 
Production times: workers row and ops columns
0.904731 0.780653 0.115163 0.981547 0.100000 0.737133 1.491545 0.867855 0.100000 0.601338 1.514773 0.532050 0.337193 0.323502 0.200279 0.100000 0.187200 0.100000 0.579964 0.100000 0.100000 0.916547 0.100000 0.537439 0.535434 0.740261 0.318964 0.506171 0.100000 0.993452 0.593114 0.100000 0.953973 0.100000 0.710705 0.114956 0.541096 0.982846 0.556017 1.052808 0.746898 0.100000 0.100000 0.100000 0.320124 0.645207 0.817268 1.349781 0.100000 1.006742 0.967028 0.889590 0.100000 0.100000 0.100000 0.572050 0.116790 0.100000 0.222891 0.100000 0.727163 0.100000 0.856334 
0.498479 1.013435 0.159757 0.551420 0.900102 0.336360 0.811909 0.845051 0.164448 0.401634 0.521009 0.868183 0.766565 0.380717 1.222735 0.498862 0.648796 0.100000 0.632010 0.208166 0.496200 0.570249 0.332070 1.028052 0.653260 0.643162 0.734430 0.959545 0.984980 0.662578 0.331168 0.604781 0.335264 0.690115 0.236318 0.913417 0.214690 0.484961 0.567047 0.470687 0.480002 0.454183 0.693203 0.100000 0.485411 1.157458 0.647252 1.049376 1.044390 1.138064 0.346963 0.244987 0.364548 0.920529 0.292820 1.038677 0.719426 0.100000 1.373899 0.100000 1.064468 0.482835 0.552915 
0.602672 1.232746 0.100000 0.335206 0.424206 0.225169 0.532305 0.146126 0.100000 0.100000 0.872521 0.769712 0.100000 0.358917 0.638094 0.550539 0.286970 0.648061 0.955392 0.100000 0.548677 0.307091 0.465337 0.100000 0.390691 0.100000 0.656339 0.803270 0.335563 0.103197 0.604542 0.166219 0.682413 0.100000 0.939766 0.607458 0.480751 0.100000 0.651022 1.077595 1.089690 0.476844 0.281054 0.167351 0.300479 0.273563 0.100000 0.511856 0.997554 0.504672 0.100000 1.246528 0.100000 1.325350 0.100000 0.573459 0.426226 0.402066 0.600811 0.188576 0.727173 0.156381 0.582082 
0.867497 0.662134 0.447387 0.803781 0.716810 0.436712 0.729675 0.743354 0.518352 0.797232 0.733659 0.958647 1.092943 0.674548 1.368970 0.425911 0.100000 0.100000 1.303486 0.562215 0.770594 0.938434 0.698079 0.651417 0.557415 0.398327 1.368545 1.270531 0.856395 0.875071 0.649631 0.503447 0.817890 0.405048 0.735615 1.197471 0.100000 0.100000 0.801937 0.294193 0.770506 0.651274 0.386364 0.207565 0.310114 0.632236 0.437692 0.345247 0.346782 0.992364 0.516253 0.955860 0.448500 0.688477 0.100000 0.616835 0.713867 0.100000 1.286962 0.100000 0.788269 0.692842 0.305468 
0.521863 0.139350 0.100000 0.676461 0.345598 0.685711 0.639579 0.771209 0.287320 0.991505 0.291548 0.461719 0.100000 0.290373 0.717306 0.100000 0.222194 0.100000 0.728923 0.313844 0.100000 0.100000 0.145260 0.671737 0.163567 0.198037 0.139639 0.935315 0.118313 1.088656 0.100000 0.205852 0.353052 0.100000 0.384157 0.543905 0.100000 0.919499 0.586433 0.353273 0.760577 0.102720 0.811779 0.100000 0.542658 0.961336 0.394654 0.180803 0.348920 0.335695 0.260665 0.640446 0.151967 0.397168 0.610067 0.152512 0.812317 0.381644 0.725267 0.417903 0.716857 0.100000 0.100000 
1.073093 0.511127 0.328660 0.283010 0.920499 0.100000 0.341761 0.488005 0.100000 0.328314 0.830925 0.841404 0.721729 0.222203 0.434181 0.290466 0.188928 0.100000 0.476150 0.465664 0.100000 0.894541 0.451639 0.516140 0.547705 0.100000 0.759242 0.757338 0.360781 0.495912 0.476647 0.550230 0.127503 0.100000 0.174730 1.004511 0.129911 0.514948 0.220731 0.582680 0.290961 0.100000 0.470673 0.542814 0.100000 0.506071 0.100000 0.591700 0.573662 0.391849 0.453261 0.667870 0.486146 0.263444 0.100000 0.733057 0.687657 0.100000 1.089918 0.100000 0.736823 0.232997 0.100000 
0.510270 0.534779 0.100000 0.801067 0.100000 0.970591 0.771533 0.882497 0.100000 1.363563 0.871438 0.848851 0.980849 0.922716 0.100000 0.100000 0.100000 0.100000 0.495747 0.812643 0.950520 0.100000 0.100000 0.434098 0.719288 0.642684 0.212685 0.906661 0.276112 0.269025 0.599377 0.619147 0.781435 0.100000 1.086873 0.100000 0.132608 1.845442 0.234469 0.827298 0.909574 0.424772 0.100000 0.100000 0.186348 0.949604 0.270490 0.196641 0.100000 1.296999 0.100000 0.882830 0.201539 1.148869 0.732002 0.877802 1.411700 0.100000 0.228853 0.524881 0.991710 0.100000 0.227058 
0.531979 0.146863 0.782035 1.053115 0.750704 0.525796 0.416385 0.100000 0.100000 0.665238 0.245689 0.997755 0.389172 0.170419 1.123285 0.100000 0.748331 0.841512 1.098978 0.100000 0.871499 0.182907 0.682571 0.100000 0.100000 0.389554 1.308599 0.511721 0.165114 1.896345 0.238963 0.785780 0.175676 0.100000 0.933763 0.692732 0.180554 0.802480 0.911402 0.217897 0.660728 0.100000 0.393787 1.259671 0.100000 0.590572 0.493871 0.100000 1.081412 0.677429 0.100000 1.098789 0.493097 0.691599 0.100000 0.100000 1.242208 0.411559 1.026898 0.518411 0.521857 0.100000 0.284574 
0.809385 0.432461 0.366355 0.280395 0.601011 0.521345 1.120877 0.508481 0.530817 0.813348 0.419143 0.313286 0.565678 0.779547 0.663999 0.331443 0.103280 0.766470 0.858318 0.318171 0.502259 0.481445 0.166410 1.226082 0.972412 0.658079 0.820366 0.411140 0.100000 0.270245 0.213209 0.100000 0.314462 0.100000 0.730566 0.815209 0.100000 0.511912 0.491903 1.279088 1.088470 0.100000 0.100000 0.149165 1.036954 0.460570 0.778408 0.714377 0.770352 0.785998 0.100000 1.310513 0.126799 0.669943 0.584635 0.842002 0.748160 0.100000 0.613844 0.452614 0.793190 0.342868 0.234439 
0.352174 0.369980 0.100000 0.833945 0.690208 0.394989 0.868140 1.409369 0.781307 1.254194 0.757433 0.789323 0.227955 0.810683 0.669300 0.469033 0.360708 0.605641 1.337577 0.967150 0.276912 0.495935 0.279355 0.854507 0.100000 0.265133 0.455296 0.693618 0.731751 1.327885 0.289137 0.100000 0.465109 0.320723 0.442163 1.328208 0.454063 0.933480 0.187970 0.639716 1.177618 1.110174 0.190414 0.541974 0.778171 1.015171 0.130334 1.194992 0.632345 0.922197 0.233902 1.137237 0.814647 0.814591 0.100000 0.477271 0.636214 0.100000 1.071188 0.475470 0.274202 0.507898 0.440841 
1.078717 0.100000 0.879314 0.449049 0.680354 1.289481 0.227925 1.386128 0.134933 0.757434 0.303436 0.374285 0.768770 1.184214 1.234512 0.387387 0.687605 0.103649 1.488491 1.173139 0.100000 1.267942 0.266740 0.435702 0.308215 0.229609 1.101962 1.144320 0.100000 0.231043 0.637985 0.100000 0.609821 0.275178 0.403018 1.071048 0.100000 0.600298 0.447269 0.590588 0.415005 0.100000 1.350788 0.865900 0.100000 0.100000 1.522803 0.100000 0.100000 1.097878 0.454114 0.564067 0.427271 1.356731 0.100000 1.383717 0.234562 0.100000 0.873567 0.317875 1.197918 0.326564 0.279418 
0.922688 0.955849 0.100000 0.100000 0.189697 0.628053 0.691080 0.648885 0.100000 0.165587 1.014344 1.308499 0.769685 0.514025 0.557316 0.319106 0.629950 0.100000 0.663416 0.799473 0.420149 0.541420 0.314214 0.679921 0.711152 0.100000 0.779862 1.170267 0.828654 0.709979 0.981856 0.466629 0.445921 0.568119 0.100000 0.658027 0.100000 0.672893 0.369944 0.489115 0.927225 0.503956 0.288313 0.267956 0.173432 0.936472 0.100000 1.251170 0.679092 0.364188 0.245022 0.746609 0.100000 0.853345 0.228251 0.989609 0.267256 0.100000 0.387261 0.296345 0.170195 0.100000 0.371953 
0.760458 0.549263 0.221351 0.537661 0.290824 0.523067 0.100000 0.549457 0.401260 0.352324 0.369396 0.500207 0.426213 0.829422 0.499832 0.100000 0.100000 0.138923 0.196298 0.210023 0.566117 0.100000 0.254931 0.368196 0.463540 0.483191 1.035986 0.729209 0.100000 0.789601 0.100000 0.264273 0.100000 0.366557 0.265139 0.663745 0.297812 0.100000 0.359100 0.977855 0.100000 0.100000 0.512744 0.190828 0.620446 0.568446 0.277435 0.176725 0.100000 0.623557 0.100000 0.451194 0.100000 0.818224 0.493483 0.755422 0.715709 0.550551 0.476943 0.100000 0.378241 0.133938 0.474882 
1.771253 0.100000 0.100000 0.100000 0.109281 0.100000 0.532550 0.202586 0.100000 0.383401 0.857044 0.412331 0.771217 0.670777 0.100000 0.100000 0.483961 0.342987 0.684607 0.100000 0.308806 0.100000 0.499141 0.963761 0.167237 0.100000 1.252637 0.509612 0.341773 1.446508 0.236851 0.100000 0.446000 0.170332 0.553066 0.964450 0.165989 0.780254 1.035503 0.822851 0.418425 0.100000 0.684570 0.100000 0.650937 0.591979 0.100000 0.100000 0.162551 0.100000 0.100000 0.772391 0.100000 0.830057 0.451005 0.509586 0.100000 0.170188 1.110531 0.100000 0.365927 0.234596 0.100000 
0.117059 0.805144 0.100000 0.100000 0.100000 0.265580 0.982760 0.181136 0.797603 0.677109 1.298302 1.026037 0.292776 1.141491 0.224369 0.391442 0.517482 0.736247 0.563941 0.107719 0.618702 1.848093 0.123987 0.138315 0.364677 0.174489 1.201850 1.889855 0.100000 0.100000 0.100000 0.233397 0.648566 0.587860 0.100000 1.158642 0.843417 0.100000 0.553603 1.177325 1.044063 0.398929 0.650577 0.100000 0.100000 0.939317 0.736626 0.706067 0.100000 0.697840 0.100000 1.526583 0.100000 0.374906 0.100000 0.658736 0.992960 0.100000 0.639013 0.462573 1.721226 0.100000 0.100000 
0.989131 0.422259 0.103287 1.221978 0.100000 0.100000 1.000118 0.382267 0.493524 0.100000 0.100000 0.100000 0.497233 0.100000 0.100000 0.100000 0.162278 0.459186 0.914997 0.126649 1.161757 0.211940 0.100000 0.207199 0.684785 0.408629 0.178999 0.520935 0.394264 0.499306 0.100000 0.451260 0.552242 0.389130 1.197026 0.704462 0.100000 0.100000 0.500237 0.100000 0.269416 0.418858 0.100000 0.631979 0.100000 1.089680 0.197786 0.579129 0.100000 0.644608 0.100000 0.563281 0.100000 0.831681 0.100000 1.145234 0.111696 0.100000 0.827125 0.100000 0.838857 0.100000 1.099153 
0.884717 0.416807 0.100000 0.457401 0.620049 0.100000 0.314375 1.226006 0.100000 0.404626 0.282221 0.742313 0.842377 0.587570 1.150996 0.100000 0.172494 0.100000 0.748427 0.100000 0.305924 0.100000 0.606147 0.100000 0.196907 0.229277 0.427879 0.604553 0.262065 0.647954 0.273504 0.100000 0.100000 0.100063 0.950811 0.732050 0.236734 0.100000 0.100000 0.916282 0.334422 0.276463 0.207955 0.252082 0.448646 0.441338 0.100000 0.145072 0.575755 0.100000 0.100000 1.211286 0.100000 0.330900 0.100000 0.451732 0.557042 0.133263 0.591345 0.531019 0.206324 0.100000 0.250857 
0.340293 0.580232 0.100000 0.610597 0.497659 0.113534 0.255924 0.615400 1.084027 0.100000 0.469840 0.361817 0.531992 0.473650 0.428431 0.100000 0.253364 0.439826 0.999331 0.395548 1.174604 0.428918 0.260778 0.354228 0.355069 0.260731 0.961807 0.126790 0.397765 0.616210 0.260996 0.380205 0.814977 0.834886 0.623191 0.718121 0.797563 0.751841 0.916054 0.750074 0.934825 0.521720 0.100000 0.100000 0.302296 0.857661 0.474558 0.430583 0.198675 0.403723 0.361655 0.562612 0.100000 0.715988 0.100000 0.489884 0.864406 0.448518 0.728554 0.100000 0.904174 0.122448 0.271448 
0.969137 0.469322 0.100000 0.884462 0.100000 0.100000 0.846368 0.261745 0.434556 0.359785 0.830620 0.100000 0.537979 1.097642 0.594455 0.101794 0.108897 0.199106 0.452122 0.661916 0.466507 0.100000 0.100000 0.106661 0.315276 0.100000 0.807488 0.347569 0.100000 0.286912 0.431290 0.158085 0.276334 0.100000 0.241599 0.761381 0.100000 0.635440 0.233058 1.270672 0.414809 0.548759 0.346643 0.100000 0.760639 0.583438 0.100000 0.289627 0.594092 0.437805 0.100000 0.711328 0.316623 1.206761 0.484182 0.545805 0.523237 0.100000 0.817537 0.139386 0.660809 0.100000 0.286381 
