55 Number of operations
18 Number of workers
Standard production times
0.290051 0.119425 0.716550 0.190971 0.451519 0.100000 0.100000 0.336942 0.571636 0.414269 0.100000 0.116889 0.577166 0.526380 0.408052 0.219375 0.435065 0.438886 0.292950 0.555470 0.434268 0.311430 0.740981 0.584869 0.139028 0.323885 0.251275 0.312576 0.314710 0.676281 0.419674 0.326109 0.145356 0.602997 0.103788 0.342580 0.388635 0.242379 0.413542 0.192219 0.347265 0.507650 0.705652 0.791335 0.495640 0.423869 0.228507 0.247610 0.527861 0.409505 1.022967 0.293508 0.469117 0.314897 0.100000 
Production times: workers row and ops columns
0.100000 0.419298 0.411188 0.467765 0.500537 0.100000 0.100000 0.144754 0.416575 0.148376 0.100000 0.188607 0.705153 0.647085 0.612220 0.100000 0.412377 0.100000 0.666393 0.402937 0.100000 0.138207 0.698905 0.859208 0.100000 0.100000 0.100000 0.395581 0.100000 0.514851 0.100000 0.238574 0.100000 0.310660 0.100000 0.100000 0.295999 0.100000 0.222667 0.100000 0.100000 0.175276 0.649609 0.435096 0.100000 0.100000 0.100000 0.412211 0.661512 0.759215 1.385840 0.100000 0.100000 0.100000 0.100000 
0.550928 0.609361 0.844805 0.206020 0.432805 0.100000 0.100000 0.185627 0.523463 0.471835 0.100000 0.530952 0.758117 0.749055 0.406851 0.352599 0.707385 0.744875 0.910081 0.100000 0.100000 0.425349 0.818021 0.937497 0.349248 0.270497 0.130637 0.334320 0.766824 0.855677 0.100000 0.743456 0.297945 1.230377 0.100000 0.597071 0.279860 0.875971 0.788009 0.536943 0.660689 0.556257 0.744610 1.017985 1.002705 0.460502 0.725321 0.100000 0.599206 0.417850 1.191656 0.243646 0.561700 0.325566 0.171464 
0.469440 0.100000 0.796059 0.596633 0.553956 0.100000 0.284203 0.668723 0.586584 0.492445 0.345128 0.494725 0.123023 0.706466 0.475088 0.107525 0.297664 0.424207 0.550546 0.711136 0.933842 0.521779 0.457492 0.647786 0.100000 0.738181 0.417042 0.204989 0.656880 0.659753 0.109924 0.821946 0.100000 0.565102 0.267830 0.371742 0.100000 0.100000 0.306698 0.300676 0.319920 0.660440 0.488010 0.805665 0.235082 0.183018 0.606929 0.375819 1.080144 0.848062 1.161273 0.372080 0.395331 0.563998 0.541076 
0.661463 0.612127 1.060784 0.100000 0.558242 0.100000 0.148598 0.100000 0.543389 0.873404 0.222040 0.241899 0.640011 0.100000 0.100000 0.131768 0.100000 0.100000 1.321985 0.587943 0.100000 0.780717 0.839171 0.716923 0.100000 0.100000 0.100000 0.546306 0.469384 0.679565 0.568117 0.601214 0.100000 0.100000 0.100000 0.100000 0.641648 0.100000 0.260341 0.131793 0.813787 0.909594 1.518391 0.418662 0.707909 0.462456 0.100000 0.100000 0.879847 0.100000 1.057582 1.056035 0.222800 0.377387 0.342374 
0.262137 0.512907 0.100000 0.416177 0.408683 0.635882 0.376023 0.833634 0.517967 1.635514 0.636264 0.100000 0.851132 0.947558 0.720088 0.100000 0.100000 0.536332 0.892094 0.504858 0.100000 0.100000 0.370121 0.904199 0.250306 0.466665 0.138688 1.189734 0.181400 0.622611 0.100000 0.331795 0.100000 0.679759 0.158483 0.701020 0.100000 0.455380 0.100000 0.100000 0.100000 0.513491 0.280156 0.584002 1.432530 0.981386 0.100000 0.185784 0.277522 1.254814 0.874236 0.167208 0.701544 0.574136 0.626997 
1.102740 0.586648 1.523315 1.112283 0.648343 0.100000 0.100000 0.353720 1.449152 0.852447 0.100000 0.167190 1.059839 1.088525 0.100000 0.339082 0.897726 0.100000 0.306465 1.052947 0.229017 0.416290 1.290406 0.772407 0.395374 1.236451 0.458124 0.617122 1.264551 1.179907 0.919215 0.312894 0.664985 1.499968 0.107695 1.058070 0.167387 0.402736 0.701212 0.100000 0.269281 0.100000 0.237786 0.988509 0.834849 0.253614 0.248387 0.753005 0.816186 0.232942 0.100000 0.280815 0.398298 0.409483 0.293669 
0.100000 0.100000 0.641731 0.146413 0.639752 0.452621 0.100000 0.161880 0.172191 0.100000 0.100000 0.100000 0.412949 0.408540 0.622042 0.100000 0.128112 0.157027 0.350346 0.673096 0.376682 0.176556 0.352058 0.341413 0.100000 0.413845 0.546580 0.100000 0.399601 0.857990 0.100000 0.195818 0.209098 0.361573 0.100000 0.100000 0.334980 0.100000 0.509413 0.100000 0.860715 0.100000 0.901465 0.590818 0.187010 0.975910 0.100000 0.100000 0.694605 0.615741 0.835883 0.168176 0.591488 0.354953 0.456702 
0.472727 0.257033 0.553142 0.100000 0.100000 1.103274 0.626763 1.009158 0.481609 0.179394 0.100000 0.224662 1.261587 0.116399 0.100000 0.100000 0.783795 0.100000 0.528805 0.760974 0.412688 0.397588 0.100000 0.558593 0.100000 0.100000 0.544375 0.427858 0.617708 0.227112 0.676898 0.771516 0.958052 0.725444 1.176152 0.319261 0.100000 1.431002 0.259733 0.102127 0.100000 0.268475 1.408307 0.819019 0.864131 0.100000 0.100000 0.100000 0.459804 0.860872 0.965439 0.366708 0.558333 0.299700 0.136155 
0.198287 0.156165 0.751154 0.462733 0.752934 0.435258 0.100000 0.416384 0.766787 0.683265 0.842946 0.100000 0.871775 0.362922 0.576310 0.665219 0.786680 0.605796 0.460691 0.920896 0.730793 0.605016 1.577383 0.960327 0.100000 0.218380 0.928156 0.100000 0.518088 0.889522 0.456389 0.590959 0.536961 1.102981 0.405671 0.202102 0.470489 0.445094 0.442319 0.170349 0.630080 0.458092 0.651772 0.900165 0.463635 0.973227 0.494282 0.100000 0.162774 0.711770 1.169241 0.294547 0.973296 0.158153 0.100000 
0.644043 0.100000 0.480072 0.100000 0.299818 0.100000 0.346051 0.407850 0.549627 0.131268 0.175906 0.100000 0.100000 1.084024 0.100000 0.100000 0.337034 0.856659 0.513006 1.454026 0.100000 0.100000 0.562835 0.100000 0.651277 0.602100 0.442984 0.100000 0.351793 0.931969 0.100000 0.608474 0.649350 1.638555 0.100000 0.100000 0.318395 0.100000 0.946634 0.321899 0.673329 1.660216 0.958050 1.139277 0.100000 0.100000 0.796248 1.054191 0.442494 0.100000 1.507495 0.338377 0.100000 0.405916 0.100000 
0.527121 0.212498 0.651630 0.112544 0.286613 0.299762 0.100000 0.119705 0.162183 0.457550 0.696941 0.486902 0.100000 0.100000 0.100000 0.100000 0.100000 0.254916 0.337577 0.551989 0.427987 0.100000 0.830721 1.098130 0.100000 1.324140 1.153555 0.100000 0.100000 0.596495 0.736029 0.100000 0.100000 1.392348 0.229690 0.424774 0.511710 0.100000 0.536158 0.967025 0.116143 0.497701 0.446111 2.144520 1.279342 0.637557 0.100000 0.100000 0.296447 0.438722 0.100000 0.398082 0.100000 0.154107 0.237264 
0.206354 0.349814 1.248666 0.824564 0.608751 0.248829 1.058659 0.641537 0.444828 0.413903 0.136971 1.041848 0.747163 0.380691 0.704293 0.639495 0.457455 0.538693 0.291437 0.529431 1.606273 1.056479 0.852225 0.896048 0.100000 0.130354 0.100000 0.190033 0.250258 0.100000 0.513914 0.100000 0.272188 0.963713 0.100000 0.685032 0.382244 1.788749 0.100000 1.054021 0.733085 1.179735 0.822300 1.073257 0.320929 0.100000 0.469166 0.253246 0.874120 1.018835 0.618069 0.100000 0.606910 0.100000 0.100000 
0.408249 0.180653 0.367854 0.109483 0.173244 0.117203 0.704069 0.374195 0.508463 0.978234 0.452276 0.528347 0.425526 0.249996 0.100000 0.100000 0.370589 0.407818 0.528926 0.447305 0.710090 0.740333 0.357071 0.409006 0.706913 0.643774 0.100000 0.100000 0.148747 1.220117 0.378528 0.440852 0.584714 0.417544 0.100000 0.928986 0.586534 0.100000 0.830577 0.172985 0.718317 0.569031 1.240516 0.767484 0.521180 0.434650 0.180132 0.790861 0.437004 0.494786 0.520176 0.202302 0.198915 0.526217 0.100000 
0.822393 0.100000 0.632075 0.100000 1.103891 1.036860 0.100000 0.100000 0.710601 0.192575 0.870039 0.105182 0.321483 0.452873 0.100000 0.313870 0.100000 0.635748 0.364970 0.609977 0.100000 0.132244 1.011135 0.100000 0.364225 0.906585 0.100000 0.374248 0.103814 1.014329 0.702426 1.219200 0.100000 0.792150 0.100000 0.100000 0.132143 0.100000 0.737495 0.134888 0.100000 0.137324 0.718422 0.100000 0.310083 0.100000 0.369414 0.263033 0.795395 0.185067 0.475575 0.100000 0.100000 0.381991 0.244231 
0.367058 0.100940 0.446170 0.537066 1.161715 0.217517 0.178127 1.175568 0.666242 0.424093 0.470261 0.100000 1.115183 0.691189 1.026152 0.515494 0.567750 0.912700 0.358383 0.738712 0.570641 0.907910 0.772442 0.540390 0.685539 0.802229 0.301177 0.204877 0.420216 0.566330 0.694122 0.200574 0.100000 0.464621 0.607436 0.835366 0.648758 0.433473 0.348871 0.100000 0.616619 0.226861 1.309802 0.403098 0.100000 0.654694 0.350558 0.785206 0.869270 0.117140 0.890385 0.964837 0.186780 0.336402 0.401914 
0.383493 0.100000 0.833962 0.103845 0.477114 0.280843 0.285353 0.353716 0.439932 0.535022 0.100000 0.100000 0.605906 0.317837 0.402690 0.167976 0.579146 0.330363 0.520782 0.388162 0.100000 0.171870 0.552716 0.100000 0.341277 0.643051 0.100000 0.100000 0.227966 0.246202 0.100000 0.367101 0.313429 0.900950 0.146465 0.617515 0.372716 0.665753 0.100000 0.429715 0.109793 0.400803 0.767897 0.664960 0.725458 0.100000 0.100000 0.288765 0.273885 0.100000 0.306563 0.337386 0.699959 0.200730 0.100000 
0.463547 0.389972 0.546194 0.199399 0.985531 0.100000 0.548916 0.761181 0.663199 0.623336 0.330223 0.616577 0.683064 0.987316 0.493815 0.185341 0.999762 0.517220 0.100000 0.854671 0.471303 0.476074 0.893937 0.825281 0.615585 0.531051 0.471129 0.348188 0.134309 0.255968 0.461761 0.384486 0.100000 0.754940 0.100000 0.233779 0.396583 0.768362 0.842370 0.100000 0.917869 0.100000 0.817658 0.733536 0.797634 0.451790 0.145381 0.855561 0.433410 0.607067 0.994256 0.222943 0.461403 0.414696 0.321093 
0.169238 0.100000 0.100000 0.396979 0.482152 0.100000 0.567371 0.766162 0.448971 0.151108 0.356658 0.375066 0.142185 0.756709 0.492988 0.413669 0.756890 0.659484 0.383072 0.356445 0.212989 0.468562 0.882571 0.501074 0.178790 0.245613 0.239501 0.471290 0.100000 0.436175 1.063866 0.100000 0.100000 1.115252 0.107479 0.601184 0.648033 0.100000 0.295684 0.119637 0.529194 0.359824 0.710287 0.839110 0.925763 0.139501 0.369270 0.100000 0.100000 0.548197 1.148429 0.100000 0.100000 0.741680 0.410242 
