64 Number of operations
19 Number of workers
Standard production times
0.395487 0.532490 0.222502 0.307822 0.261232 0.472611 0.856732 0.348992 0.510849 0.592732 0.929213 0.391227 0.206876 0.575733 0.100000 0.623915 0.189126 0.198222 0.386496 0.383715 0.967043 0.350765 0.541102 0.253267 0.159032 0.456081 0.295062 0.100000 0.627160 0.519564 0.619080 0.716055 0.419631 0.380416 0.100000 0.410165 0.555420 0.278717 0.305743 0.100000 0.571778 0.269913 0.412373 0.663896 0.543813 0.237312 0.591981 0.366152 0.400966 0.541476 0.611755 0.607141 0.514341 0.395286 0.100000 0.249166 0.430479 0.769328 0.427803 0.599307 0.100000 0.665435 0.232499 0.665336 
Production times: workers row and ops columns
0.438646 0.609324 0.569913 0.782285 0.240064 0.157256 1.366902 0.814358 0.472247 0.797999 1.143773 0.661110 0.368138 1.097742 0.100000 1.036162 0.403268 0.233081 0.838555 0.100000 1.415500 0.566588 0.301162 0.483195 0.167806 1.331669 0.945662 0.332207 0.511384 0.444540 0.621565 0.647985 0.248957 0.303124 0.117146 0.355100 0.445843 0.100049 1.170875 0.100000 0.365354 0.499631 0.415299 0.891044 0.883567 0.716096 0.917570 0.168023 0.833709 0.112000 0.677429 0.557689 0.296101 0.672786 0.145023 0.655122 0.100000 1.123222 0.677185 0.737258 0.100000 0.689903 0.100000 0.140540 
1.279411 0.723748 0.660280 0.100000 0.370091 0.581836 0.937186 0.250090 0.342374 0.100000 1.012257 0.418276 0.442242 0.393460 0.522544 0.389665 0.100000 0.379671 0.145992 0.100000 0.904490 0.477716 0.513534 0.302495 1.291640 0.602418 0.654590 0.100000 0.636676 0.651789 0.409736 0.353261 0.438587 0.186031 0.100000 0.655015 0.856090 0.269506 0.100000 0.154311 0.720616 0.359099 0.100000 0.462491 0.551553 0.323978 0.780215 0.493663 0.100000 0.229249 0.145326 1.048484 0.468464 0.461235 0.309909 0.100000 0.100000 0.541372 0.283359 0.949738 0.260879 0.239308 0.331765 0.785801 
0.100000 0.399935 0.100000 0.306968 0.100000 0.100000 0.547280 0.320978 0.244964 0.582590 0.995013 0.100000 0.100000 1.119136 0.100000 0.269866 0.107265 0.100000 0.626319 0.394806 1.192785 0.521419 0.558191 0.445920 0.116504 0.157418 0.100000 0.100000 0.100000 0.967363 0.100000 0.593063 0.100000 0.100000 0.100000 0.218765 0.407503 0.343401 0.100000 0.113638 0.625754 0.100000 0.227317 0.725424 0.460988 0.185038 0.100000 0.283708 0.413930 0.400832 0.612527 1.078454 0.439950 0.494886 0.100000 0.100000 0.186483 0.363434 0.325523 0.219158 0.100000 0.134292 0.100000 0.362637 
0.100000 0.206024 0.100000 0.132190 0.783971 1.157119 1.219408 0.169255 1.259325 0.100000 0.100000 0.525214 0.205773 0.506087 0.116283 0.100000 0.100000 0.815239 0.900588 0.100000 1.933622 0.100000 0.255411 0.399483 0.100000 0.212116 0.208527 0.100000 1.062580 0.815968 0.100000 0.375290 0.509665 0.346950 0.100000 0.622542 0.965363 0.100000 0.700273 0.100000 0.100000 0.519882 0.100000 0.165417 0.412119 0.100000 0.755514 0.100000 0.215206 2.121959 0.666730 0.100000 0.814251 0.669978 0.791891 0.323341 0.103708 1.473745 0.783834 0.100000 0.473799 0.548986 0.787822 0.478667 
0.788560 0.629574 0.515604 0.297628 0.100000 0.506268 1.172631 0.557789 1.318437 0.805536 1.246895 1.442342 0.239939 0.843512 0.100000 0.644894 1.010084 0.354071 1.112081 0.100000 0.266620 0.504528 0.100000 1.588436 0.783257 0.100000 0.211478 0.100000 0.835171 0.490641 1.085024 1.450221 0.308971 0.100000 0.381335 0.327908 1.127848 0.202658 0.720638 0.268033 0.477256 0.100000 0.769136 1.928764 0.962621 0.171470 0.945777 0.423179 0.100000 0.696399 1.385900 0.449227 0.100000 0.639534 1.015473 0.719254 0.939837 1.920517 1.238350 0.955648 0.100000 0.734244 0.180823 1.089511 
0.230549 1.096106 0.366254 0.287790 0.605794 0.100000 0.706401 0.251677 0.857018 0.545985 1.456704 0.357170 0.463209 0.463274 0.546659 0.647556 0.444804 0.150323 0.160531 0.414440 1.396446 0.145402 0.182285 0.260871 0.493258 0.239329 0.231897 0.255291 0.627957 0.705727 1.075939 0.822416 0.500008 0.710251 0.181509 0.224296 0.351081 0.100000 0.979524 0.186421 0.844851 0.585254 0.230674 0.952529 0.474465 0.100000 0.627466 0.143643 0.399574 0.744439 1.396517 0.558408 0.565152 0.606772 0.255956 0.301637 0.205600 0.582341 0.472790 0.351365 0.100000 0.390000 0.669844 0.315984 
0.866092 0.258375 0.100000 0.100000 0.395076 0.680591 0.502132 0.348454 0.365971 0.420000 0.874573 0.520748 0.100000 0.100000 0.100000 0.502652 0.294554 0.100000 0.100000 0.746776 0.473962 0.359795 0.202640 0.100000 0.100000 0.711896 0.100000 0.100000 0.254140 0.772501 0.608843 0.819835 0.314333 0.351228 0.148211 0.774048 0.529478 0.100000 0.549873 0.100000 0.139547 0.117027 0.100000 1.189901 0.340426 0.100000 0.582951 0.100000 0.687597 0.481953 0.100000 0.356904 0.100000 0.100000 0.100000 0.100000 0.389358 0.406559 0.100000 0.724878 0.569080 0.376711 0.676125 0.100000 
0.676839 0.241454 0.185501 0.100000 0.100000 0.315205 0.683261 0.554714 1.674044 0.275706 0.852008 0.100000 0.100000 1.271314 0.100000 0.251117 0.199757 0.653680 0.544134 1.316819 0.875794 0.100000 0.610580 0.312993 0.100000 0.289761 0.100000 0.967258 0.320784 0.100000 0.758797 0.100000 0.633140 0.583910 0.100000 0.130255 0.255160 1.086153 0.503220 0.100000 0.100000 0.231139 0.405703 0.279735 0.689430 0.138646 1.130395 0.584857 0.354367 0.609291 0.170401 1.049514 0.705943 0.186789 0.158898 0.100000 1.674071 0.543648 0.687221 0.781531 0.100000 0.668264 0.100000 0.790093 
0.523641 0.916302 0.614012 0.104290 0.100000 0.177707 0.425466 0.100000 0.812684 0.552926 0.823577 0.100000 0.100000 0.100000 0.100000 0.958530 0.486281 0.159168 0.100000 0.379224 0.968223 0.703641 0.924036 0.120149 0.141689 0.804178 0.523657 0.100000 0.100000 0.186974 1.038437 0.790969 0.896220 0.207795 0.140135 0.806927 0.899332 0.474558 0.850173 0.767656 1.266951 0.100000 0.169214 0.499612 0.361505 0.100000 1.242541 0.100000 0.450716 0.100000 0.358218 0.478117 0.100000 0.762991 1.290242 0.100000 0.100000 1.645237 0.708824 0.441260 0.100000 1.031760 0.339078 1.441593 
0.100000 0.445709 0.100000 0.199406 0.790049 0.893796 0.536522 0.302831 0.395442 1.037294 0.841090 0.100000 0.100000 0.551844 0.558610 1.261828 0.834510 0.380276 0.127528 0.674358 0.871581 0.100000 0.685728 0.453416 0.590798 0.100000 0.100000 0.349592 0.141494 1.014641 0.100000 0.421010 0.100000 1.398741 0.100000 0.362180 0.285347 0.151461 0.712582 0.144066 0.557310 0.856254 0.100000 1.220661 1.332258 0.100000 0.718454 0.100000 0.100000 0.107913 0.864437 0.976467 0.321028 0.100000 0.100000 0.100000 0.105876 0.100000 0.299241 0.530818 1.181231 0.994211 0.152368 0.691849 
0.549665 0.171346 0.100000 0.100000 0.137160 0.519397 0.486928 0.100000 0.366997 0.607762 1.202844 0.258068 0.413928 0.100000 0.494761 0.583541 0.100000 0.100000 0.427907 0.100000 1.318050 0.172697 0.757097 0.100000 0.302905 0.808306 0.100000 0.100000 0.330676 0.675366 0.624097 0.955457 0.379478 0.100000 0.100000 0.175245 0.775524 1.400048 0.730154 0.100000 0.100000 0.517159 0.411397 0.100000 0.981657 0.231924 0.376813 0.100000 0.875527 0.566929 0.478744 0.117676 0.322436 1.006211 0.353613 1.244084 0.954673 0.935710 0.869983 0.673750 0.100000 0.357013 0.393167 0.192112 
0.336445 0.254727 0.825765 0.100000 0.100000 0.302915 1.245063 0.783947 0.441313 0.862269 0.758205 0.488935 1.087986 0.956508 0.184740 0.323591 0.196726 0.100000 0.100000 0.663555 1.239926 0.508943 0.939154 0.100000 0.676671 0.229455 0.507349 0.335430 1.049468 1.218398 0.822715 0.701214 0.185641 0.557817 0.100000 0.102629 0.594568 0.580061 0.312749 0.100000 0.714271 0.100000 0.100000 1.201588 0.716675 0.931378 0.249592 0.777227 0.447909 1.445369 0.647128 0.573805 0.741487 0.551974 0.100000 0.622690 0.737533 1.135036 0.647929 0.486411 0.100000 0.943333 0.100000 1.274749 
0.411734 0.135401 0.741284 0.297725 0.859822 0.578505 1.740880 0.157250 0.100000 0.100000 0.112272 0.686174 1.111449 0.478214 0.100000 0.965376 0.415977 0.100000 0.590470 0.386920 0.391934 0.693574 0.288718 0.100000 0.100000 1.240083 1.276247 0.800068 0.379659 0.100000 0.791052 0.635053 0.489147 0.100000 0.100000 0.100000 0.941772 0.809876 0.100000 0.391307 0.892548 0.100000 0.417311 1.070613 0.100000 0.860453 0.488895 0.395835 0.278791 0.100000 0.781274 0.603728 0.309273 0.285315 0.308655 0.175457 0.165358 0.809544 0.804884 0.617269 0.100000 1.080874 0.100000 0.958016 
0.451698 0.349200 0.100000 0.137671 0.290990 0.100000 1.071634 0.778875 0.538200 0.359880 0.529120 0.558823 0.430469 0.693008 0.408908 0.522189 0.213363 0.380947 0.418686 0.629875 1.215720 0.369219 0.351913 0.135954 0.587695 0.194831 0.412982 0.100000 1.419294 0.429202 0.909193 0.525505 1.477202 0.100000 0.306931 0.134246 0.901182 0.100000 0.272690 0.100000 0.552467 0.370101 1.034741 0.100000 0.807286 0.349891 0.509306 0.402493 0.618175 0.630219 0.698540 0.472957 0.494033 0.640481 0.100000 0.193474 0.552507 0.967119 0.643603 0.638710 0.100000 0.993880 0.632940 1.123689 
0.565217 0.954186 0.100000 0.100000 0.173566 0.347765 1.352562 0.745488 0.249521 0.378226 0.902781 0.422724 0.909141 0.324977 0.736122 0.100000 0.100000 1.022159 0.573109 0.424681 1.251406 0.233524 0.558657 0.351660 0.257907 0.624499 0.100000 0.268968 0.262146 0.799575 0.525008 0.829036 0.547402 0.100000 0.100000 0.328101 0.767821 0.735469 0.268623 0.100000 0.680876 0.248947 0.776903 1.253194 1.501652 0.100000 0.345488 0.318110 0.777795 0.866294 0.629722 0.977948 0.229994 0.203019 0.238861 0.100000 1.199847 0.365346 0.100000 0.747654 0.100000 0.441793 0.139846 1.292120 
1.398316 0.677984 0.100000 0.480133 0.554118 0.293097 1.054631 0.914693 0.752239 0.454487 0.858630 0.100000 0.172805 0.498665 0.609148 0.258088 0.100000 0.350507 0.657806 0.315415 1.119585 0.644670 0.856167 0.457752 0.415319 0.100000 0.628572 0.236805 0.476080 0.497327 0.627259 0.648315 0.465710 0.359291 0.100000 1.146400 0.763872 1.033236 0.317931 0.675481 0.627695 0.831737 0.782340 0.985972 0.585852 0.397911 1.085372 0.100000 0.291517 0.264504 0.433773 0.887235 0.859696 0.432474 0.534025 0.126177 0.349141 0.904073 0.645620 0.658045 0.100000 0.933049 0.839463 0.651640 
0.405740 0.100000 0.218142 0.100000 0.344756 1.243255 1.115650 0.100000 0.910254 0.100000 1.529333 0.539472 0.100000 0.411611 0.100000 1.614997 0.469709 0.100000 0.100000 0.457829 0.677999 0.462610 0.724399 0.100000 0.458956 1.284516 0.448231 0.403977 0.365789 0.260608 0.764887 0.272457 0.100000 0.786493 0.100000 0.512024 0.605719 0.475797 0.597270 0.355764 0.420355 0.669898 0.227189 0.834657 0.228331 0.272115 0.161933 1.051812 0.556824 0.170950 0.100000 0.239738 1.156624 0.100000 0.580161 0.133042 0.257067 0.236420 0.560093 1.101779 0.476135 0.913833 0.100000 0.700553 
0.100000 0.100000 0.389800 0.100000 0.483795 0.296478 1.550227 0.246040 0.729085 1.064501 1.188766 0.677189 0.100000 0.985918 0.100000 0.249402 0.100000 0.100000 0.100000 0.221456 0.434788 0.222851 0.134189 0.112119 0.523150 0.100000 0.224748 0.100000 0.100000 0.255388 1.279563 0.850061 0.100000 0.698240 0.232242 0.100000 0.326547 0.211406 0.267379 0.225915 0.531021 0.249966 0.103026 0.436628 0.241747 0.447393 0.490725 0.100000 0.733395 1.709195 0.501165 1.200660 0.214292 0.471364 0.525592 0.783827 1.470167 0.513081 0.454725 1.264516 0.739660 0.235326 0.225408 1.164515 
1.004587 0.100000 0.399837 0.100000 0.767878 1.351477 0.310399 0.239864 0.100000 0.363518 1.200698 0.683765 0.409521 0.100000 0.100000 1.556713 0.304785 0.100000 0.512958 0.100000 1.049767 0.100000 0.204870 0.100000 1.034780 0.815748 0.607339 0.534711 0.565423 0.100000 0.875613 1.061426 0.688828 0.185857 0.100000 0.807170 0.761493 0.250343 0.190034 0.100000 0.292620 0.100000 0.360549 0.449599 0.704566 0.100000 0.735639 0.100000 0.627923 1.575831 0.563776 0.922627 0.953097 0.574159 0.222571 0.100000 0.100000 1.542498 0.531805 0.706687 1.071478 0.100000 0.760345 0.992852 
