46 Number of operations
17 Number of workers
Standard production times
0.436826 0.198809 0.331604 0.391055 0.455688 0.283821 0.369697 0.170513 0.277800 0.162097 0.574453 0.396892 0.633336 0.100000 0.551241 0.100000 0.330241 0.100000 0.539262 0.512992 0.495972 0.340811 0.315938 0.228077 0.318417 0.649516 0.100000 0.100000 0.538062 0.585624 0.717307 0.480261 0.146062 0.493841 0.660772 0.646257 0.445896 0.454722 0.266643 0.360484 0.497204 0.572092 0.100000 0.238532 0.100000 0.618461 
Production times: workers row and ops columns
0.760450 0.100000 0.822766 0.753898 1.293194 0.193757 0.339042 0.157540 0.100000 0.330306 0.710449 0.586498 1.279726 0.308180 0.734121 0.154142 0.580621 0.425379 1.007456 0.591725 0.836639 0.808210 0.484725 0.541118 0.663843 0.126904 0.100000 0.100000 0.903672 0.895987 0.555651 0.608068 0.482428 0.587696 0.737708 1.191292 0.102346 0.484385 0.452823 0.701726 0.519054 0.347501 0.453587 0.725665 0.100000 0.668799 
0.648364 0.336006 0.209583 0.457752 0.570686 0.552972 0.368949 0.373550 0.639724 0.100000 0.585040 0.718904 1.037024 0.100000 0.796573 0.100000 0.578225 0.422426 1.043005 0.362058 0.470166 0.197191 0.714912 0.264339 0.100000 0.587457 0.399021 0.100000 0.100000 0.640306 0.824644 0.586839 0.219607 0.555854 0.846237 0.827662 0.204859 0.268320 0.769445 0.100000 1.054454 0.729853 0.100000 0.706882 0.232431 0.791005 
0.586535 0.100000 0.819745 0.494301 0.543859 0.144839 0.247242 0.242573 0.399820 0.100000 0.644465 0.100000 1.280156 0.578023 1.071904 0.100000 0.283550 0.100000 0.504249 0.729250 0.379628 0.207922 0.400649 0.327450 0.406506 0.604018 0.346009 0.100000 0.745899 1.092899 0.554083 1.050419 0.222462 0.417089 1.146912 0.236649 0.437160 0.408648 0.190400 0.695887 0.797632 0.630863 0.100000 0.204347 0.374695 1.244683 
0.195269 0.133302 0.478550 0.100000 0.310016 0.100000 0.787473 0.100000 0.100000 0.723004 0.402487 0.375359 0.651060 0.245455 1.029810 0.100000 0.678717 0.100000 0.445681 0.108825 0.181265 0.100000 0.134357 0.341432 0.250642 0.483064 0.468906 0.100000 0.464062 0.100000 0.118593 0.184031 0.133118 0.600515 0.629892 0.596704 0.424469 0.307967 0.172349 0.600458 0.104208 0.523758 0.100000 0.296455 0.100000 0.547479 
0.524649 0.100000 1.354831 0.339564 0.566916 0.100000 1.296701 0.644192 1.390837 0.999861 0.504133 0.936955 1.590061 0.275227 0.481131 0.100000 0.373309 0.100000 1.165838 0.648783 0.989816 0.324046 1.045644 0.100000 1.372318 1.098544 0.195855 0.100000 0.267248 0.791678 0.792066 0.485906 0.100000 0.378722 0.893254 1.427320 0.630935 1.298165 0.178379 0.612986 0.195479 0.622110 0.100000 0.946721 0.100000 0.498123 
0.637631 0.817227 0.100000 1.130538 0.155245 0.479943 0.427460 0.504642 0.100000 0.411589 0.321873 0.105908 0.646844 0.180946 0.351003 0.345881 0.917548 0.620963 0.315503 0.920936 0.896530 0.196196 0.100000 0.225051 0.315752 0.940513 0.270227 0.182653 1.152573 0.534704 1.057827 0.529301 0.198467 1.134891 0.692484 0.538049 0.100000 0.530877 0.100000 0.512545 1.592085 0.470650 0.549744 0.585638 0.100000 1.203603 
0.854803 0.261310 0.833835 0.259192 0.100000 0.524114 0.921170 0.570136 0.100000 0.369252 0.426314 0.470445 0.505605 0.100000 0.737365 0.231221 0.195417 0.588634 0.422845 0.615934 0.761425 0.168110 0.733273 0.422548 0.386758 0.853911 0.100000 0.836481 0.100000 0.723815 0.834982 0.648508 0.375990 0.358524 0.670856 0.757004 0.398411 1.040333 0.787408 0.255509 0.659561 0.586199 0.100000 0.337884 0.100000 1.070788 
0.323768 0.322982 0.644352 0.683374 0.390562 0.100000 0.343951 0.914362 0.118411 0.647126 0.100000 0.675793 0.768239 0.236055 0.100000 0.444221 0.864373 0.100000 0.554601 0.100000 0.100000 0.100000 0.780492 0.100000 0.100000 0.321081 0.679274 0.100000 0.523497 1.049941 1.238264 0.369009 1.420860 1.240239 0.342565 0.759276 0.841341 0.484724 0.100000 0.670923 0.746544 0.713004 0.100000 0.312524 0.432481 0.766597 
0.486993 0.100000 0.100000 0.665722 0.956621 0.100000 0.895448 0.558285 0.834509 0.464190 0.663854 0.100000 0.629695 0.100000 0.502154 0.708283 0.100000 0.100000 0.923157 0.414233 0.238734 0.100000 0.795409 0.739177 0.249573 1.661976 0.688532 0.100000 0.527835 0.493999 1.129910 0.100000 0.100000 1.512427 0.727965 0.210188 0.991755 1.175716 0.557780 0.175882 0.812939 0.339183 0.100000 0.191308 0.320888 1.269977 
0.551572 0.341354 0.100000 0.253643 0.126272 0.405739 0.100000 0.100000 1.112101 0.100000 0.674825 0.100000 0.498611 0.100000 0.884703 0.100000 0.350561 0.100000 0.561842 1.475347 0.100352 0.100000 0.443918 0.323401 0.100000 1.300808 0.100000 0.450513 0.832779 0.181669 1.090357 0.202085 0.100000 0.998767 1.554149 0.478639 0.608138 1.480329 0.100000 0.100000 0.290499 1.508113 0.583582 0.810743 0.100000 0.482978 
0.100000 0.884642 0.100000 0.480223 0.336191 0.100000 0.100000 0.341458 0.544630 0.370515 1.155609 0.798803 0.454513 0.100000 0.149963 0.100000 1.068593 0.100000 0.900267 0.290915 0.100000 0.255716 0.100000 1.221540 0.418047 0.100000 0.305267 0.100000 0.357335 0.100000 0.106388 0.495640 0.712584 0.754558 0.639364 0.659789 0.150697 1.020051 0.366880 0.929663 0.581524 0.427373 0.100000 1.314272 0.100000 1.636432 
0.233909 0.100000 0.407686 0.755408 0.389561 0.688665 0.100000 0.100000 0.536071 0.100000 0.530746 0.439284 0.399200 0.532226 0.287688 0.100000 0.473055 0.100000 0.852061 0.575202 0.597906 0.340653 0.100000 0.100000 0.437707 0.866766 0.573745 0.100000 0.483857 0.336005 1.019305 1.122629 0.470240 0.896001 0.402293 0.937035 0.660274 0.976636 0.296573 0.386413 0.664805 0.689166 0.100000 0.547867 0.100000 0.914753 
0.100000 0.637610 0.236863 0.140580 0.619647 0.188634 0.100000 0.396788 0.100000 0.285096 0.803752 0.797293 0.204360 0.111142 0.548649 0.544022 0.100000 0.100000 0.470228 0.648588 0.633589 0.100000 0.823921 0.401355 0.742823 0.566270 0.266272 0.117651 0.803375 0.919784 0.280710 0.490585 0.100000 0.744577 0.884975 0.934589 0.375415 0.290318 0.480413 0.100000 0.262380 0.190308 0.356711 0.100000 0.100000 0.316406 
0.496703 0.314035 0.361937 0.453272 0.100000 0.824722 0.181329 0.100000 0.306527 0.100000 1.042367 0.519439 0.100000 0.610782 0.601256 0.702168 1.013953 0.417380 1.039107 0.100000 0.913797 0.100000 0.714081 0.100000 0.483627 0.594732 0.372534 0.100000 1.924715 1.148172 1.099006 0.260006 0.186896 1.295230 1.079826 0.649236 0.100000 0.520487 0.396818 0.169177 1.810645 1.174062 0.100000 0.211878 0.100000 1.228601 
0.100000 0.100000 0.259877 0.110361 0.448485 0.474481 0.257460 0.470180 0.925061 0.152909 0.100000 0.924533 1.724479 0.100000 0.100000 0.100000 0.698516 0.100000 0.248093 0.244929 0.490713 0.468883 0.169609 0.100000 0.419339 1.134679 0.168557 0.156099 0.100000 0.610554 0.116718 0.865741 0.257088 0.782737 0.703471 0.652747 1.341556 1.064886 0.100000 0.100000 0.593213 1.019524 0.100000 0.100000 0.100000 0.395557 
0.100000 0.388175 0.494865 0.151344 0.718690 0.100000 0.430016 0.355031 0.223829 0.100000 0.100000 0.139750 1.159864 0.100000 0.100000 0.100000 0.100000 0.100000 0.520401 0.433974 0.479776 0.100000 0.656845 0.305572 0.100000 0.289657 0.240730 0.100000 0.540223 0.599563 0.377967 0.100000 0.348980 0.100000 0.793765 0.292314 0.395228 0.787979 0.100000 0.100000 0.885060 0.611536 0.169272 0.100000 0.100000 0.648257 
0.100000 0.100000 0.163005 0.539805 0.435450 0.100000 0.100000 0.100000 0.165389 0.317987 0.608405 0.232490 1.115376 0.100000 0.349632 0.100000 0.323007 0.100000 0.296111 0.313698 0.534216 0.100000 0.106777 0.100000 0.105117 0.355185 0.100000 0.100000 1.014413 0.728539 0.506656 0.697943 0.100000 0.574021 0.100000 0.100000 0.579805 0.615063 0.100000 0.100000 0.343513 0.381033 0.100000 0.100000 0.156443 0.185194 
