48 Number of operations
16 Number of workers
Standard production times
0.290051 0.119425 0.716550 0.190971 0.451519 0.100000 0.100000 0.336942 0.571636 0.414269 0.100000 0.116889 0.577166 0.526380 0.408052 0.219375 0.435065 0.438886 0.292950 0.555470 0.434268 0.311430 0.740981 0.584869 0.139028 0.323885 0.251275 0.312576 0.314710 0.676281 0.419674 0.326109 0.145356 0.602997 0.103788 0.342580 0.388635 0.242379 0.413542 0.192219 0.347265 0.507650 0.705652 0.791335 0.495640 0.423869 0.228507 0.247610 
Production times: workers row and ops columns
0.100000 0.546045 0.537292 0.344859 0.977538 0.157944 0.295143 0.100000 0.203188 0.413287 0.314577 0.421859 0.850868 0.219023 0.692374 0.100000 0.100000 0.337822 0.346729 0.405112 0.738169 0.100000 0.418070 0.789650 0.100000 0.354763 0.107268 0.219623 0.137219 1.128028 0.261477 0.698348 0.272426 0.344860 0.100000 0.269564 0.793149 0.100000 0.265817 0.100000 0.261674 0.100000 0.217085 0.713699 0.131054 0.253997 0.100000 0.154675 
0.100000 0.100000 0.583978 0.104510 0.100000 0.903979 0.672651 0.100000 1.081338 0.100000 0.100000 1.078820 0.355691 1.299142 0.100000 0.100000 0.231038 0.490037 0.100000 0.736088 0.100000 0.100000 0.571540 0.495241 0.100000 0.200036 0.167015 0.599430 0.100000 0.350520 0.779312 0.943308 0.100000 1.385322 0.100000 0.382644 0.403217 0.100000 0.100000 0.135958 0.100000 0.844557 0.488197 0.279583 0.559423 0.782840 0.422975 0.783331 
0.879162 0.100000 1.574438 0.273338 0.703055 0.100000 0.915932 0.100000 0.285724 1.130063 0.100000 0.100000 0.556034 0.316865 0.159838 0.800839 0.227596 0.487595 0.100000 0.445057 0.710142 0.287237 0.567666 0.100000 0.142820 0.100000 0.296161 0.816166 0.100000 0.100000 0.291299 0.522899 0.100000 0.171088 0.100000 0.447769 0.326806 0.391668 0.702036 0.100000 0.685092 0.223824 0.100000 0.888055 0.214208 0.479201 0.940324 0.100000 
0.488188 0.345463 0.724554 0.236951 0.424052 0.100000 0.100000 0.142441 0.991766 0.838247 0.252800 0.255040 0.100000 0.474621 0.181722 0.347321 0.165612 0.607243 0.919868 0.430295 0.425645 0.415382 0.953276 0.130004 0.155596 0.519239 0.243646 0.399994 0.792092 0.964786 0.218796 0.662502 0.100000 0.865645 0.479611 0.457800 0.849041 0.316573 0.469101 0.333957 0.100000 1.306693 0.713772 0.454516 0.100000 0.450233 0.329401 0.267287 
0.268916 0.266607 0.918231 0.100000 0.762438 0.102362 0.100000 0.634214 0.856493 0.207139 0.211056 0.100000 0.381635 0.961888 0.286966 0.262914 0.170933 0.690296 0.100000 0.969160 0.376904 0.846849 1.049697 1.184499 0.100000 0.206947 0.682858 0.617447 1.135698 0.855481 0.498613 0.248581 0.219201 0.790158 0.100000 0.834115 0.433330 0.750836 0.539808 0.592007 0.685811 0.651805 1.144834 0.612576 0.568226 0.943572 0.698546 0.334143 
0.100000 0.322257 0.100000 0.138146 0.775896 0.100000 0.100000 0.855220 0.100000 0.953364 0.100000 0.100000 1.320798 0.534129 0.333277 0.326975 0.100000 0.874851 0.100000 0.648562 0.100000 0.203219 1.712270 0.613478 0.100000 0.100000 0.100000 0.100000 0.520385 0.794640 0.832187 0.100000 0.473649 1.349557 0.509901 1.213331 0.100000 0.745324 0.969204 0.100000 0.372489 0.650140 0.398327 0.918302 0.952692 1.214021 0.100000 0.100000 
0.463013 0.241873 1.631676 0.235937 0.547636 0.100000 0.349451 0.766855 1.125346 0.498676 0.100000 0.564887 0.493691 1.653326 0.614950 0.706480 0.100000 0.756248 1.072442 0.560154 0.193067 0.736306 1.829671 0.471117 0.100000 0.100000 0.100000 0.369478 0.311937 1.199265 0.781869 0.173263 0.418700 0.350255 0.145537 0.963133 0.100000 0.828943 0.100000 0.361363 0.100000 0.100000 0.741214 0.756534 0.383949 0.100000 0.100000 0.100000 
0.474846 0.100000 0.876744 0.100000 0.100000 0.100000 0.620151 0.100000 1.292756 0.847845 0.100000 0.493538 0.831660 0.584792 0.100000 0.100000 0.638639 0.100000 0.212463 0.347170 0.633568 0.100000 1.770699 0.100000 0.100000 0.157735 0.181827 0.100000 0.132723 0.729558 0.704030 0.136601 0.525305 0.797247 0.100000 0.100000 0.601891 0.220271 0.937023 0.600784 0.100000 0.620048 1.077359 0.100000 0.119789 1.523537 0.100000 0.612417 
0.585160 0.100000 0.135752 0.182614 0.546003 0.100000 0.100000 0.100000 0.351634 0.283294 0.100000 0.375411 0.362889 0.305081 0.100000 0.213609 0.857612 0.323850 0.576712 0.778637 0.487509 0.100000 1.140444 0.813000 0.100000 0.233389 0.100000 0.100000 0.100000 0.648998 0.710346 0.100000 0.246129 0.460129 0.100000 0.692563 0.100000 0.100000 0.292858 0.100000 0.383442 0.346138 0.566625 0.564356 0.729842 0.137833 0.100000 0.640434 
0.267249 0.738146 0.412191 0.394519 0.775181 0.341996 0.791180 0.817693 1.074323 0.656586 0.359316 0.287666 0.693914 0.397138 0.100000 0.721397 0.429542 0.100000 0.749103 0.704469 0.359426 0.642706 1.216584 0.383142 0.100000 0.601995 0.101046 0.360871 0.157951 0.550244 0.550575 0.808061 0.100000 0.614357 0.438627 0.926800 0.422051 0.308276 0.228573 0.703948 0.511607 1.140140 0.727663 0.671266 0.431732 0.355089 0.420778 0.100000 
0.100000 0.100000 1.542744 0.977469 0.100000 0.100000 0.407401 0.195220 1.378396 0.100000 0.100000 1.111453 0.102681 0.482121 0.327802 0.517921 1.465811 0.331178 0.606340 0.602513 0.653744 0.696376 0.956868 0.100000 0.100000 0.370378 0.804226 0.219055 1.260734 0.100000 0.580751 0.831512 0.768204 0.663012 0.100000 0.929209 0.760634 0.100000 0.100000 0.275252 0.713193 0.100000 0.864478 0.100000 0.700862 0.100000 0.100000 0.100000 
0.100000 0.138180 0.684648 0.100000 0.100000 0.100000 0.100000 0.100000 0.100000 0.376012 0.100000 0.100000 0.929196 0.221953 0.480439 0.100000 0.271112 0.179196 0.295576 0.100000 0.100000 1.014723 0.856471 0.460066 0.100000 0.186500 0.100000 0.100000 0.325335 0.100000 0.413281 0.286083 0.151689 0.948327 0.100000 0.100000 1.074045 0.100000 0.100000 0.133635 0.100000 0.607973 0.499857 0.365364 0.100000 0.326893 0.528794 0.221025 
0.472958 0.100000 1.354043 0.100000 0.952479 0.347690 0.193386 0.924779 0.563214 1.443730 0.100000 0.135847 0.715165 0.685210 0.295952 0.275780 1.660209 0.100000 0.687429 0.612782 0.167877 0.403530 0.699815 0.100000 0.100000 0.100000 0.100000 0.302782 0.109959 0.805671 0.838717 0.413445 0.832076 1.201036 0.237838 1.118767 0.100000 0.242178 0.566725 0.100000 1.119676 0.221328 1.038008 0.899140 0.100000 0.781182 0.472369 0.100000 
0.513815 0.174747 0.408655 0.100000 0.670586 0.142344 0.100000 0.100000 0.100000 0.273626 0.407692 0.100000 0.246006 0.405212 0.628521 0.100000 0.552445 0.457875 0.369029 0.576215 0.268159 0.471585 0.100000 0.149667 0.100000 0.100193 0.323175 0.100000 0.100000 0.256900 0.793286 0.497094 0.100000 0.288877 0.100000 0.337136 0.100000 0.687790 0.100000 0.100000 0.410897 0.525377 0.100000 0.733490 0.650971 0.591451 0.360836 0.100000 
0.851356 0.100000 0.100000 0.100858 0.126612 0.100000 0.100000 0.903742 1.155662 0.406964 0.100000 0.100000 0.101893 0.338337 0.127452 0.846012 0.492477 0.326600 0.211554 0.100000 0.622292 1.219952 1.155741 0.174394 0.469153 0.269407 0.100000 0.291124 0.100000 0.550193 1.390489 0.662471 0.100000 0.802244 0.639505 0.354591 0.766745 0.100000 0.189032 0.100000 0.993091 0.834578 0.607947 1.454000 0.100000 0.675431 0.705102 0.398224 
0.335495 0.515829 1.033265 0.150186 0.456469 0.143463 0.422214 0.100000 0.649925 0.296575 0.227305 0.100000 0.813067 0.598879 0.118516 0.351377 0.109532 0.146720 0.542059 0.623685 0.742794 0.367184 0.989339 0.988610 0.249905 0.100000 0.646055 0.889772 0.320928 0.775657 0.100000 0.361715 0.368452 1.266004 0.314063 0.861810 0.744093 0.493573 0.702865 0.304571 0.776145 0.361536 0.557361 0.902166 0.871741 0.100000 0.149869 0.409073 
