53 Number of operations
18 Number of workers
Standard production times
0.395487 0.532490 0.222502 0.307822 0.261232 0.472611 0.856732 0.348992 0.510849 0.592732 0.929213 0.391227 0.206876 0.575733 0.100000 0.623915 0.189126 0.198222 0.386496 0.383715 0.967043 0.350765 0.541102 0.253267 0.159032 0.456081 0.295062 0.100000 0.627160 0.519564 0.619080 0.716055 0.419631 0.380416 0.100000 0.410165 0.555420 0.278717 0.305743 0.100000 0.571778 0.269913 0.412373 0.663896 0.543813 0.237312 0.591981 0.366152 0.400966 0.541476 0.611755 0.607141 0.514341 
Production times: workers row and ops columns
0.504527 0.380509 0.100000 0.100000 0.423496 0.276959 0.772759 0.100000 0.469425 0.530536 0.731241 0.653537 0.100000 0.836754 0.125148 0.491899 0.201960 0.134453 0.104892 0.487355 0.937800 0.540841 0.490850 0.596160 0.100000 0.492309 0.100000 0.100000 0.261134 0.486492 0.146472 0.443786 0.484234 0.449981 0.282507 0.349158 0.605406 0.266815 0.245750 0.370754 0.190224 0.100000 0.389330 0.524635 0.794324 0.101237 0.805638 0.278417 0.347617 0.886994 0.393196 0.702331 0.419700 
0.100000 0.298955 0.501363 0.100000 0.239839 0.483121 0.128723 0.768882 0.609101 1.262663 0.848866 0.710690 0.100000 0.218628 0.100000 0.442294 0.215267 0.202854 0.100000 0.100000 0.945419 0.890597 0.968179 0.663006 0.742106 0.100000 0.157758 0.100000 1.019131 0.100000 0.986645 0.884810 0.933975 0.100000 0.100000 0.364274 0.633041 0.918984 0.806440 0.100000 1.292536 0.954552 0.248710 1.417095 0.377625 0.740729 0.100000 0.100000 0.100000 1.213437 0.941999 1.164959 0.100000 
1.046004 0.100000 1.060156 0.558053 0.100000 0.148199 0.667043 0.239640 0.243523 0.333259 1.663635 0.100000 0.661621 0.521757 0.100000 0.100000 0.342594 0.100000 0.245612 0.340430 0.700019 0.100000 1.153158 0.894712 0.845821 0.818665 0.100000 0.100000 0.536005 0.951380 0.150221 0.100000 0.100000 0.100000 0.100000 1.241151 0.267193 0.100000 0.783232 0.100000 0.100000 0.100000 0.344345 0.691052 0.100000 0.100000 0.948122 0.953405 0.100000 0.100000 0.369053 0.623727 0.755324 
0.100000 0.283841 0.100000 0.486908 0.100000 0.100000 0.592793 0.484796 0.137047 0.315962 0.654992 0.100000 0.354201 0.388719 0.598006 0.100000 0.576900 0.100000 0.100000 0.343158 0.804275 0.126184 0.418057 0.100000 0.225975 0.271972 0.377044 0.170862 0.515020 0.318653 0.651105 0.479983 0.859789 0.288591 0.100000 0.560153 0.336941 0.100000 0.606186 0.100000 0.972486 0.100000 0.124916 0.737439 0.643685 0.100000 0.638664 0.100000 0.619503 0.372919 0.695112 0.164666 0.585531 
0.634420 1.047658 0.593797 0.766876 0.100000 0.438846 0.487308 0.488894 1.089686 1.381323 1.388671 0.435042 0.640525 0.100000 1.115026 0.502897 0.100000 0.163076 0.225538 0.275712 1.453471 0.858391 0.895300 0.100000 0.100000 0.167814 0.378274 0.524069 1.299924 0.272286 0.608426 0.293673 0.266343 1.245564 0.100000 0.675026 0.717332 0.100000 0.600898 0.704585 0.878482 0.515663 0.100000 0.853283 0.284301 0.100000 1.763497 0.259668 0.244411 0.100000 1.423086 0.785812 0.481617 
0.372348 0.401895 0.340393 0.407269 0.458881 1.119416 0.758205 0.100000 0.664292 0.506093 0.995455 0.413897 0.100000 0.296700 0.617805 1.074895 0.137984 0.629674 0.586326 0.507226 0.916458 0.318179 0.734763 0.647557 0.388528 0.100000 0.282271 0.100000 0.390979 0.460532 0.540952 1.030481 0.303927 0.492589 0.100000 0.628504 0.668656 0.590879 0.903459 0.528008 1.239765 0.243395 0.881897 0.667884 0.604012 0.466457 0.723062 0.367592 0.259677 0.565757 0.382999 0.403550 0.433763 
0.253357 0.276546 0.433150 0.100000 0.100000 0.318542 0.759666 0.103898 0.619792 0.334761 0.867785 0.276003 0.100000 1.086795 0.105301 0.100000 0.100000 0.190799 0.657081 0.100000 1.045830 0.183710 0.508523 0.327302 0.100000 0.753250 0.100000 0.268174 0.941600 0.100000 0.790928 0.100000 0.619260 0.574955 0.100000 0.180909 0.183921 0.100000 0.279408 0.100000 0.549646 0.100000 0.100000 0.771318 0.590992 0.304168 0.397017 0.216667 0.100000 0.107021 0.497850 0.776562 0.336222 
0.712286 0.716860 0.774966 0.282514 0.371589 0.450141 0.711469 0.100484 0.392042 1.181362 0.420630 0.743106 0.271567 0.384179 0.100000 0.312361 0.100000 0.100000 0.563569 0.576141 1.179555 0.437799 0.238530 0.240038 0.432654 0.330266 0.897631 0.120413 0.288700 0.100000 1.407857 0.689608 0.286624 0.832847 0.419075 0.262027 0.100000 0.293545 0.515766 0.680894 0.978505 0.201610 0.100000 1.540352 0.737763 0.100000 0.620908 0.521880 0.647371 0.883895 0.721668 0.231910 0.715186 
0.100000 0.867983 0.251507 0.100000 0.717882 0.544641 1.237419 0.268731 0.735257 1.026805 1.254229 0.383311 0.140630 0.784191 0.446864 0.633754 0.494475 0.358520 0.491013 0.875908 0.319032 0.459304 0.201765 0.188139 0.233823 0.260371 0.218106 0.100000 0.685933 1.165411 0.556788 0.579718 0.112370 0.779207 0.532877 0.814577 0.346070 0.643304 0.644385 0.443547 0.686547 0.100000 0.363953 0.803937 1.190733 0.100000 0.445498 0.990354 0.423209 0.908087 0.720480 0.100000 1.262783 
0.428370 0.552611 0.678105 0.100000 0.215546 0.913989 0.920808 0.738687 0.866852 1.332452 1.034068 0.526377 0.100000 0.537692 0.262380 0.551870 0.289200 0.128901 0.115877 0.544731 1.346040 0.612432 1.095452 0.692059 0.100000 0.569050 1.033478 0.114664 0.633949 0.549243 0.609286 0.420082 0.630702 0.223883 0.278246 0.321348 0.677318 0.100000 0.565024 0.264539 0.814479 0.943836 0.100000 0.849682 0.698156 0.100000 0.894083 0.454052 0.417454 1.065239 0.959887 0.894268 0.383509 
0.440572 0.997352 0.100000 0.100000 0.603896 0.176349 0.341964 0.736828 1.255668 0.100000 0.960801 0.784332 0.100000 0.100000 0.100000 0.100000 0.100000 0.100000 0.125488 0.100000 1.982555 0.100000 0.821066 0.100000 0.100000 0.739704 0.269588 0.921769 0.731463 0.756510 0.444809 0.939526 0.898911 0.100000 0.100000 1.136550 0.694473 1.081256 0.732409 0.100000 0.263334 0.100000 0.753759 0.324780 0.837346 0.810569 0.742547 0.100000 0.100000 0.100000 0.577980 0.100000 0.433568 
0.100000 0.100000 1.190506 0.466144 0.842161 0.323765 0.539337 0.523058 0.883882 0.132242 0.476808 0.100000 0.100000 0.317955 0.100000 1.175211 0.100000 0.100000 0.100000 0.800453 0.404177 0.913087 0.100000 0.762675 0.391580 1.255197 1.051230 0.100000 0.513186 1.247355 0.530854 1.174073 0.100000 0.832268 0.562051 0.100000 0.681185 0.100000 0.467873 0.100000 0.100000 0.100000 0.238836 0.653681 0.370941 0.100000 0.100000 0.376338 0.758126 0.281594 0.245320 0.314184 0.143984 
0.379822 0.996520 0.626869 0.868326 0.100000 0.100000 1.282321 0.693745 0.360672 0.936042 1.191059 0.386536 0.369249 1.107485 0.100000 0.329600 0.100000 0.100000 0.495882 0.676048 0.735646 1.274720 0.482226 0.100000 0.100000 0.100000 0.100000 0.528276 1.256917 0.100000 0.937438 0.972113 0.100000 0.100000 0.100000 0.628999 0.852244 0.925433 0.100000 0.297179 0.467333 0.100000 0.327522 0.100000 0.963714 0.513511 0.100000 0.100000 1.683654 0.100000 1.096349 1.236655 0.236182 
0.455154 0.955887 0.289232 0.759083 0.789419 0.980066 0.482462 0.695234 0.541967 0.928551 1.066480 0.848984 0.627504 0.767260 0.336161 0.991077 0.280640 0.204009 0.102080 0.619929 1.029739 0.211795 0.309713 0.637674 0.100000 0.383135 0.486923 0.100000 1.029125 0.119773 0.825623 0.492923 0.461777 0.288420 0.100000 0.494040 0.480035 0.100000 0.100000 0.260817 0.100000 0.539552 0.703955 0.979722 0.100000 0.265436 0.849507 0.357845 0.404803 0.447576 0.541516 0.854003 1.115580 
0.193492 0.475630 0.617740 0.106821 0.100000 0.100000 0.461532 0.512005 0.564837 0.469914 0.611298 0.454826 0.166541 0.652642 0.100000 0.436355 0.487873 0.100000 0.389023 0.632406 1.188216 0.357990 0.401581 0.409178 0.100000 0.163832 0.100000 0.100000 0.516164 0.483630 0.529132 0.100000 0.100000 0.235972 0.100000 0.487635 0.512648 0.523027 0.174711 0.176565 0.188731 0.368468 0.187053 0.741284 1.190417 0.315859 0.995994 0.228441 0.894575 0.291603 0.609517 0.485515 0.278355 
0.595802 0.445376 0.221408 0.100000 0.153298 0.100000 0.230059 0.999983 0.100000 0.964522 0.405589 0.328787 0.100000 0.718689 0.366069 0.446626 0.536613 1.004411 0.327327 0.117861 1.541215 0.100000 0.529766 0.831389 1.016790 0.305139 1.064076 0.379198 1.210792 0.271303 0.118615 0.100000 0.191307 0.282233 0.172168 0.427529 0.100000 0.100000 0.356982 0.206922 0.596201 0.894965 1.192505 1.672777 0.748595 0.394602 1.555391 0.100000 0.100000 0.100000 1.131395 0.532654 0.100000 
0.239802 0.798167 0.169505 0.125043 0.348853 0.608378 0.265750 0.436991 0.679991 0.464534 1.050905 0.224961 0.515603 0.815528 0.100000 0.602838 0.409165 0.100000 0.483378 0.544385 0.721812 0.568883 0.385121 0.462446 0.100000 0.729609 0.266577 0.351592 0.688069 0.497854 0.390228 0.772969 0.482146 0.366674 0.325710 0.702003 0.503823 0.244929 0.100000 0.100000 0.562625 0.544810 0.631872 0.489547 0.100000 0.106805 0.835879 0.100000 0.556968 0.600239 0.852204 0.139055 0.100000 
0.561854 0.340243 0.100000 0.594844 0.413516 0.649388 0.595175 0.624555 0.962380 0.640207 0.717309 0.827551 0.100000 0.197112 0.476693 0.263441 0.778809 1.107076 0.825624 0.449906 1.081039 0.261669 0.819613 0.632509 0.143050 0.774996 0.676360 0.100000 1.243285 0.670227 1.193323 0.997245 0.256772 0.212889 0.100000 0.100000 0.712216 0.100000 0.113379 0.557932 0.667810 0.502036 0.100000 1.020674 0.223760 0.100000 1.064106 0.510940 0.100000 0.325801 0.100000 0.576134 0.337114 
