45 Number of operations
19 Number of workers
Standard production times
0.395487 0.532490 0.222502 0.307822 0.261232 0.472611 0.856732 0.348992 0.510849 0.592732 0.929213 0.391227 0.206876 0.575733 0.100000 0.623915 0.189126 0.198222 0.386496 0.383715 0.967043 0.350765 0.541102 0.253267 0.159032 0.456081 0.295062 0.100000 0.627160 0.519564 0.619080 0.716055 0.419631 0.380416 0.100000 0.410165 0.555420 0.278717 0.305743 0.100000 0.571778 0.269913 0.412373 0.663896 0.543813 
Production times: workers row and ops columns
0.169692 0.392791 0.110631 0.305623 0.100000 0.386488 0.553429 0.100000 0.568138 0.713316 0.633238 0.543964 0.100000 0.495679 0.100000 0.999261 0.100000 0.100000 0.495031 0.100000 0.810202 0.227599 0.688513 0.527731 0.100000 0.100000 0.605233 0.365366 0.388558 0.524831 0.633640 0.785938 0.380894 0.702425 0.100000 0.622412 0.569562 0.113576 0.557803 0.100000 0.820235 0.285736 0.100000 0.693824 0.352587 
1.313153 0.752834 0.100000 0.100000 0.100000 0.192494 0.405609 0.100000 0.372759 0.334290 0.579918 0.100000 1.482095 0.100000 0.100000 0.840113 0.100000 0.410134 0.786086 1.015022 1.343026 0.100000 1.095674 0.100000 0.101821 0.206994 0.100000 0.395833 0.535531 1.029492 0.100000 1.139211 0.668601 0.443668 0.100000 0.284278 0.100000 0.100000 1.945616 0.585430 1.468075 0.100000 0.760472 1.012605 0.844571 
1.071076 0.364015 0.100000 0.390865 0.288281 0.707977 0.674459 0.771536 0.276599 0.116104 1.110663 0.150723 0.100000 0.513180 0.226951 0.596347 0.238354 1.330829 0.532833 0.743243 0.271289 0.360281 0.673327 0.100000 0.100000 0.475037 0.100677 0.100000 0.872010 0.820234 0.609869 0.479787 0.473942 0.529253 0.189187 0.100000 0.354015 0.286457 0.392410 0.288235 0.699289 0.100000 0.100147 0.197468 0.985156 
0.549610 0.798439 0.632411 0.309121 0.100000 0.444654 0.912288 0.899423 0.871728 0.366605 1.228480 0.711693 0.100000 0.643178 0.100000 0.823061 0.194418 0.100000 0.277044 0.555700 0.901158 0.540623 0.806901 0.101135 0.165351 1.199484 0.431394 0.100000 0.745298 0.217988 1.058904 0.927147 0.845373 0.751070 0.317089 0.802818 0.712892 0.180054 0.100000 0.100000 0.100000 0.917711 0.100000 0.740905 0.248543 
0.100000 0.607816 0.231102 0.359904 0.525916 0.387098 1.070370 0.602968 0.510396 0.607677 1.190741 0.508403 0.354603 0.100000 0.217556 0.836879 0.248482 0.398994 1.057808 0.509324 1.266643 0.195766 0.385400 0.209272 0.100000 0.553801 0.114913 0.147501 0.296017 0.123904 0.516382 0.495935 0.323752 0.296788 0.100000 0.823808 1.066125 0.596323 0.297901 0.649086 0.212445 0.100000 0.592765 0.763234 0.602025 
0.505257 0.140321 0.100000 0.778032 0.669687 0.356047 1.536679 0.127754 0.439434 0.780462 0.670713 0.344848 0.254955 0.557129 0.461252 0.901757 0.100000 0.100000 0.540516 0.463636 0.830718 0.578191 0.887068 0.163932 0.495750 0.100000 0.100000 0.349982 0.476805 0.320476 0.640064 0.612847 0.617751 0.100000 0.100000 1.458455 0.688406 0.100000 0.585690 0.364815 1.086913 0.414417 0.316311 1.186547 0.857431 
0.100000 0.856769 0.252633 0.741015 0.249230 0.808455 1.014982 0.624854 0.604733 0.568410 1.049407 0.680767 0.432154 1.160286 0.327682 0.914524 0.919795 0.318060 0.647163 0.302773 1.079630 0.943339 0.734611 0.788618 0.100000 0.135827 0.487320 0.100000 1.528261 0.994099 0.345362 0.765904 0.346648 0.605222 0.182646 0.789731 1.095920 0.312320 0.100000 0.368801 0.622424 0.713369 0.466738 1.012833 0.744633 
0.397317 0.437968 0.100000 0.664584 1.526099 0.891419 0.790891 0.702789 0.567876 0.100000 1.084137 1.165373 0.100000 0.100000 0.344248 1.539388 0.659214 0.707580 1.537685 1.194261 1.323385 0.246413 0.609911 0.201591 0.583207 0.100000 1.067756 0.172920 0.427107 0.927167 0.100000 0.298836 0.100000 0.790698 0.100000 1.122649 0.331991 0.539271 0.100000 0.677765 0.444513 0.529375 0.165876 0.120622 0.428354 
0.824890 0.327126 0.100000 0.315425 0.595458 0.255859 0.793567 0.504283 0.511646 0.778895 1.386072 0.497588 0.287253 0.905568 0.181509 0.438046 0.100000 0.100000 1.060276 0.470136 1.240116 0.666107 0.359402 0.541900 0.100000 0.100000 0.330547 0.100000 0.625768 0.722528 1.403842 0.667321 0.470442 0.591903 0.255956 0.462636 0.330542 0.100000 0.350730 0.100000 0.474448 0.100000 0.849718 0.314544 1.214418 
0.321372 0.316015 0.100000 0.641666 0.669211 0.318011 1.056194 0.404115 0.538117 0.738092 1.258734 0.100000 0.100000 0.737740 0.178737 0.929343 0.100000 0.100000 0.949556 0.100000 1.176073 0.212303 0.519516 0.100000 0.614846 0.100000 0.100000 0.100000 1.080096 0.709327 0.922860 0.810757 0.590443 0.628627 0.663883 0.584222 0.214788 0.722847 0.434411 0.100000 0.618892 0.100000 1.138378 0.660509 0.100000 
0.547104 0.117552 0.866887 0.375284 0.100000 0.222215 0.312651 0.100000 0.188976 0.100000 1.027345 0.100000 0.100000 0.951684 1.048466 0.309375 1.095169 0.100000 0.667848 0.100000 0.930042 0.100000 0.243741 0.100000 0.100000 0.661803 1.458258 0.100000 0.549955 0.100000 0.100000 1.411636 0.100000 0.100000 0.110630 0.865624 0.713058 1.211821 0.214495 0.100000 0.641256 0.329638 0.100000 0.497577 0.250619 
0.311662 0.214457 0.406332 0.100000 0.489337 0.694707 0.703439 0.281046 0.430693 1.177194 1.147699 0.130083 0.100000 0.652469 0.195998 0.493418 0.376497 0.239022 0.809544 0.614938 1.039084 0.491454 0.376290 0.618691 0.373993 0.430983 0.430401 0.100000 1.473315 0.484156 0.874731 0.925390 0.280127 0.482113 0.103720 0.585019 0.732313 0.609004 0.640649 0.100000 0.514311 0.192970 0.253614 0.241035 0.824914 
0.471603 0.569108 0.100000 0.100000 0.100000 0.541723 1.157500 0.627285 0.587417 0.369111 1.026519 0.491935 0.518602 0.905493 0.120129 0.713509 0.497985 0.435378 0.435285 0.100000 0.867489 0.702379 0.686051 0.639221 0.155459 0.580162 0.633120 0.406347 0.844665 0.946222 1.119674 1.233159 0.100000 0.334520 0.101429 0.400781 0.164136 0.769053 0.105352 0.229850 0.100000 0.217790 0.434959 0.483136 0.864436 
1.262745 1.722732 0.100000 0.100000 1.137141 0.753632 0.698685 0.100000 0.877174 0.699312 1.705470 0.100000 0.120095 0.421765 0.100000 1.152732 0.610311 0.100000 0.340334 0.268308 1.411604 0.262642 0.100000 0.100000 0.135143 0.914691 0.932976 0.745384 0.809214 0.260597 0.909723 0.620593 0.107004 0.525042 0.300149 0.841931 0.102979 0.100000 0.555336 0.100000 1.066855 0.100000 0.117328 0.100000 1.562138 
0.154245 0.403699 0.100000 0.131468 0.405335 0.399050 0.748051 0.600797 0.100000 0.826791 1.302280 0.100000 0.182760 0.100000 0.100000 0.263777 0.240736 0.319817 0.170508 0.100000 0.729851 0.100000 0.246341 0.100000 0.100000 0.314987 0.843801 0.197265 0.479081 0.435472 0.611587 0.399369 0.100000 0.100000 0.100000 0.338237 0.233538 0.100000 0.119432 0.100000 0.635957 0.100000 0.436604 0.257000 0.680670 
0.100000 0.549490 0.347349 0.100000 0.571836 0.465770 1.086328 0.143634 0.697173 0.904068 0.890354 0.426891 0.128986 0.769214 0.203010 0.867556 0.265035 0.100000 0.100000 0.342763 1.199105 1.123564 0.895749 0.163289 0.100000 0.704429 0.394476 0.100000 0.989866 0.616332 0.589980 0.230972 0.804368 0.495688 0.120194 0.216486 0.540277 0.745272 0.557911 0.796951 0.986295 0.469741 0.777681 0.808562 0.205009 
0.271263 0.528890 0.100000 0.100000 0.100000 0.875874 0.357383 0.100000 0.141153 0.781064 1.164168 0.121691 0.276413 0.204724 0.100000 1.305025 0.369901 0.100000 0.100000 0.191314 0.468369 0.100000 0.620942 0.326150 0.117210 0.654133 0.100000 0.417639 0.200534 0.531851 0.654510 0.938364 0.918464 0.384051 0.100000 0.100000 0.532821 0.100000 0.100000 0.100000 0.673122 0.100000 0.100000 0.606389 0.100000 
0.100000 1.261975 0.343939 1.297931 0.100000 0.991070 0.768304 1.688815 0.403137 0.370505 1.141124 0.485708 0.100000 1.031607 0.445090 1.066761 0.389336 0.100000 0.100000 0.680211 0.497515 1.199787 0.557350 0.100000 0.677814 0.445984 0.893652 0.205894 1.511308 0.327822 0.100000 0.100000 0.100000 0.675363 1.004572 0.312646 0.100000 0.620177 0.532594 0.100000 0.775752 0.273118 0.100000 1.006705 0.291429 
0.100000 0.414328 1.006505 1.289006 0.961300 0.225110 0.343147 0.520964 0.429847 0.662249 0.364011 0.100000 0.100000 0.962085 0.631160 0.282603 0.480433 0.518992 0.100000 0.388653 1.373760 0.100000 1.164243 0.150182 0.188716 0.333906 0.100000 0.269519 0.623746 0.314496 0.509109 0.924710 0.345923 0.115295 0.140215 0.787246 0.573383 0.100000 0.721183 0.100000 0.864458 0.196930 0.100000 0.100000 0.100000 
