48 Number of operations
16 Number of workers
Standard production times
0.395487 0.532490 0.222502 0.307822 0.261232 0.472611 0.856732 0.348992 0.510849 0.592732 0.929213 0.391227 0.206876 0.575733 0.100000 0.623915 0.189126 0.198222 0.386496 0.383715 0.967043 0.350765 0.541102 0.253267 0.159032 0.456081 0.295062 0.100000 0.627160 0.519564 0.619080 0.716055 0.419631 0.380416 0.100000 0.410165 0.555420 0.278717 0.305743 0.100000 0.571778 0.269913 0.412373 0.663896 0.543813 0.237312 0.591981 0.366152 
Production times: workers row and ops columns
0.541205 1.186482 0.364207 0.706782 0.100000 0.970763 0.705480 0.846996 0.436303 0.329571 0.934116 0.754447 0.781358 0.681421 0.734153 0.363628 0.100000 0.100000 0.517934 0.582611 1.196923 0.358077 1.048152 0.484834 0.409478 0.566408 0.154029 0.980179 1.277209 0.181317 0.636926 0.570061 0.705415 0.308552 0.276350 0.927643 0.100000 0.499171 0.100000 0.100000 0.653658 0.587939 0.395319 0.907463 0.661791 0.100000 0.773698 0.575185 
0.100000 0.701972 0.110644 0.273727 0.100000 0.593332 0.819260 0.283315 0.764156 0.926864 1.071958 0.335706 0.567846 0.497406 0.100000 0.734202 0.522885 0.235939 0.344015 0.468554 1.655738 0.100000 0.634284 0.405288 0.528403 0.456763 0.901858 0.168939 0.490194 0.961177 0.483050 0.992736 0.384481 0.663783 0.547768 0.863602 0.623504 0.447840 0.352561 0.714415 0.778654 0.260530 0.100000 0.936282 0.698672 0.152311 1.073484 0.657010 
0.830229 0.577758 0.441147 0.377613 0.248128 1.000885 1.115266 0.100000 1.039920 0.588307 1.400740 0.813971 0.576311 0.120500 0.100000 0.683918 0.233734 0.216773 0.358578 0.694456 1.409940 0.218408 1.082292 0.197087 0.452833 0.434447 0.853872 0.100000 0.639703 0.525672 0.865657 0.792585 0.691975 0.257239 0.572521 0.114851 0.286787 0.566585 0.316734 0.685061 0.507219 0.152040 0.295409 1.212907 1.079828 0.126598 0.586019 0.100000 
0.765418 0.761740 0.100000 0.100000 0.100000 0.100000 1.369988 0.373784 0.765829 0.216337 1.207702 0.156697 0.100000 0.183750 0.100000 1.852796 0.330661 0.157882 0.100000 0.781670 0.919116 0.100000 0.100000 0.100000 0.100000 0.785889 0.608276 0.100000 0.324390 0.307179 0.952558 0.184938 1.701942 0.100000 0.100000 0.291568 0.114365 0.100000 0.155062 0.683340 0.705866 0.180904 0.243855 0.100000 0.898367 0.100000 0.157553 0.311429 
0.100000 0.676971 0.442017 0.585628 0.759226 0.357226 0.212793 0.496254 0.836751 0.513367 1.238202 0.681925 0.420973 0.321084 0.380223 0.654902 0.666055 0.100000 0.531048 0.450263 1.199840 0.578069 0.999081 0.552109 0.472142 0.688824 0.393383 0.331395 1.059953 0.220912 0.764271 0.685245 0.748931 1.159673 0.114114 0.671498 0.547234 1.060829 0.338414 0.809917 0.759089 0.211368 0.215871 1.008251 0.298141 0.499357 0.142064 0.891795 
1.026978 0.607851 0.658172 0.370441 0.130380 0.266957 1.399327 0.502807 0.988671 0.889466 1.174140 0.780134 0.210844 0.551811 0.525898 0.613941 0.285140 0.135095 0.100000 0.714602 1.735995 0.100000 0.764460 0.428151 0.138242 0.459131 0.349149 0.100000 0.330999 0.665861 0.646969 0.685722 0.317567 0.434764 0.100000 0.552481 0.364475 0.187463 0.775026 0.100000 0.979930 0.533870 1.194450 0.528658 0.548133 0.241919 0.877228 0.515559 
0.211576 0.100000 0.100000 0.337699 0.128136 0.621418 0.100000 0.100000 0.387155 0.492001 1.020184 0.502538 0.284548 0.100000 1.302499 0.945909 0.100000 1.224428 0.100000 1.240457 0.792304 0.297928 0.100000 0.994706 0.100000 0.146951 0.741690 0.100000 0.952011 0.427797 0.429031 0.371480 0.175837 1.239588 0.100000 0.442049 0.297670 0.743755 0.681026 0.100000 0.100000 0.100000 1.115968 0.673183 0.342499 0.100000 0.102471 1.006235 
0.831583 0.825305 0.812884 0.104902 0.215805 0.100000 0.280349 0.699906 1.143801 0.804860 0.612660 0.265144 0.109884 0.558741 0.100000 0.814406 0.786874 0.870945 0.773805 0.328065 0.860569 0.716693 0.586879 0.244463 0.100000 0.538633 0.590779 0.100000 1.253249 1.298704 0.377594 0.443352 0.416504 0.897728 0.100000 1.079316 0.583591 0.513912 0.161918 0.100000 0.969782 0.100000 0.531837 0.640988 0.662724 0.319600 0.531482 0.616968 
0.821888 0.623483 0.581875 0.100000 0.100000 0.443856 1.535667 0.100000 0.273839 0.657667 1.344121 0.113610 0.196266 1.132363 0.521122 0.707274 0.435043 0.100000 0.134158 0.727101 1.158538 0.100000 0.122634 0.780597 0.351701 0.382240 0.460301 0.824826 0.757052 0.854919 0.492691 0.622581 0.543419 0.623400 0.100000 0.171260 0.100000 0.100000 0.267153 0.444094 0.811710 0.501192 0.100000 1.068331 0.747886 0.498479 0.624263 0.266040 
0.533715 0.964492 0.895190 2.402962 0.100000 0.307133 0.807616 0.111324 0.286330 0.446635 0.208968 0.309703 0.521289 0.135557 0.100000 0.591583 0.433491 0.100000 0.455136 0.597113 1.502735 0.100000 1.051813 0.775347 0.550121 0.152910 0.100000 0.469009 1.810954 0.603533 0.580126 0.937616 0.533217 0.415301 0.544792 0.990609 1.026424 0.176876 0.863811 0.100000 0.527226 0.100000 0.887836 0.665433 0.531025 0.100000 1.091208 0.592217 
0.100000 0.100000 0.100000 0.100000 0.291808 0.586727 0.759209 0.752316 0.132994 0.619759 1.400069 0.394520 0.106986 0.238258 0.306042 0.408572 0.365740 0.100000 0.743584 0.441389 0.402659 0.813746 0.618915 0.166205 0.163087 0.600408 0.100000 0.100000 0.583030 0.155219 0.664995 0.248444 0.358029 0.100000 0.100000 0.492038 0.273361 0.718274 0.658657 0.128106 0.551611 0.343345 0.100000 0.304953 0.184277 0.325883 0.235246 0.565777 
0.696511 0.920712 0.138318 0.234220 0.717366 0.287706 1.109884 1.156287 0.522842 0.558688 0.692370 0.897192 0.164018 0.301209 0.123658 0.646633 0.467642 0.100000 0.266390 0.455847 1.078942 0.338227 0.282797 0.100000 0.100000 0.100000 0.406947 0.372169 0.483723 0.843333 0.361747 1.033154 0.964253 0.218684 0.206946 0.572921 0.800180 0.779117 0.263478 0.264636 0.741518 0.100000 0.964389 0.658290 0.754438 0.100000 0.552477 0.641509 
0.254686 0.100000 0.100000 0.100000 0.100000 0.100000 1.146207 0.100000 0.175946 1.004065 0.980545 0.533793 0.100000 0.358068 0.100000 0.795820 0.100000 0.100000 0.650950 0.976134 0.575656 0.182714 0.350116 0.461897 0.373452 0.100000 0.100000 0.100000 0.820579 0.100000 0.860593 0.358524 0.100000 0.703509 0.249374 0.517466 0.575099 0.167465 0.315427 0.100000 1.016495 0.100000 0.100000 0.100000 0.151308 0.169942 0.369961 0.353168 
0.100000 1.098800 0.100000 0.100000 0.266262 0.100000 0.334668 0.100000 0.259189 0.929922 0.889187 0.100000 0.271873 0.449897 0.100000 1.161979 0.428650 1.091699 0.100000 0.100000 1.098051 0.557935 0.100000 0.185926 0.100000 0.905279 0.577403 0.100000 1.040043 0.152097 0.264098 0.352893 0.395223 0.997554 0.371605 0.552948 0.456590 0.602056 0.219556 0.100000 0.688094 0.249375 1.040971 1.092721 1.168771 0.912179 0.300808 0.123621 
0.100000 0.100000 0.465694 0.109651 0.100000 1.145213 0.100000 0.674210 0.434855 0.978228 1.060317 0.100000 0.100000 0.210633 0.660715 1.626931 1.325080 0.100000 0.100000 0.100000 1.175819 0.511729 1.120798 0.177450 1.268332 0.172702 0.919241 0.921925 0.909431 0.379951 1.145673 0.536236 1.588087 0.799694 0.169973 0.481353 1.678286 0.100000 0.562300 0.100000 1.471081 0.100000 0.100000 0.258216 0.310165 0.100000 0.931067 0.427034 
0.132249 0.787109 0.100000 0.304572 0.100000 0.430964 0.517804 0.100000 0.474476 0.100000 1.002796 0.100000 0.450598 0.265223 0.100000 1.003550 0.140638 0.100000 0.118858 0.493059 1.168995 0.100000 0.547687 0.100000 0.417414 0.591555 0.100000 0.100000 0.454255 0.117707 0.903680 0.301863 0.928260 0.104288 0.100000 0.408600 0.998587 0.100000 0.412292 0.100000 0.156541 0.542312 0.271547 0.681413 0.100000 0.400964 0.100000 0.100000 
