43 Number of operations
19 Number of workers
Standard production times
0.240083 0.692741 0.613706 0.377530 0.746272 0.320261 0.535024 0.205741 0.424652 0.100000 0.451537 0.532352 0.443864 0.648335 0.406487 0.396757 0.590876 0.404898 0.100000 0.326784 0.297972 0.505103 0.240228 0.886395 0.434160 0.655532 0.254634 0.118284 0.570007 0.311556 0.645224 0.377610 0.220764 0.312725 0.525177 0.651917 0.273285 0.443853 0.436530 0.340241 0.551709 0.321657 0.270348 
Production times: workers row and ops columns
0.136072 1.048061 0.325949 0.293284 0.372253 0.311381 0.456060 0.100000 0.265568 0.100000 0.606930 0.268521 0.609949 0.926333 0.448017 0.897048 0.928660 0.473299 0.100000 0.443675 0.149166 0.189843 0.100000 0.888295 0.436482 0.532643 0.100000 0.100000 0.424544 0.224407 0.672534 0.100000 0.733004 0.205940 0.122336 0.289918 0.309473 0.470951 0.100000 0.753505 0.399736 0.478576 0.670279 
0.100000 0.627978 0.732344 0.205015 0.563454 0.100000 0.516716 0.100000 0.137667 0.100000 0.791976 0.403265 0.947314 0.952901 0.615107 0.355918 0.100000 0.608530 0.100000 0.426279 0.100000 0.221977 0.275265 0.555133 0.729871 1.028500 0.449028 0.100000 0.413415 0.298111 0.424731 0.331044 0.100000 0.100000 1.067852 0.663954 0.304865 0.511233 0.100000 0.524922 0.411068 0.100000 0.270795 
0.100000 0.664092 1.199814 0.707253 0.776420 0.592767 0.588255 0.786266 0.114804 0.106789 1.002519 0.775773 0.437263 0.597058 0.169486 0.384327 0.492288 0.139779 0.100000 0.348129 0.981428 0.294434 0.100000 0.974559 0.477622 0.727480 0.452461 0.100000 0.458743 0.694599 0.746546 0.154074 0.100000 0.379196 0.640521 0.899575 0.231107 0.486860 0.259425 0.712719 0.623167 0.657883 0.100000 
0.215867 0.836782 0.468370 0.465508 0.742119 0.100000 0.226771 0.562002 0.316691 0.128321 0.262844 0.790305 0.633898 0.100000 0.211492 0.386305 0.667698 0.367235 0.783910 0.407591 0.182420 0.649160 0.891463 1.360571 0.350038 1.077762 0.342453 0.100000 0.590799 0.318326 0.422047 0.180431 0.100000 0.936346 0.615137 0.454305 0.551460 0.219967 0.361890 0.100000 0.438222 0.317866 0.100000 
0.100000 0.332207 0.524927 0.234811 0.878409 0.423393 0.542387 0.347164 0.582460 0.247340 0.633753 0.293848 0.831137 0.520922 0.338344 0.282225 0.386146 0.521848 0.295266 0.312882 0.225414 0.162143 0.423983 0.670913 0.254075 0.704977 0.100000 0.287621 0.189681 0.100000 0.599235 0.376234 0.223862 0.469356 0.100000 0.614292 0.499966 0.438995 0.528678 0.100000 0.306851 0.566169 0.100000 
0.100000 0.598366 1.148235 0.378397 0.619658 0.611560 0.650092 0.514639 0.480445 0.310194 0.324209 0.579377 0.100000 1.303621 1.179983 1.065913 0.419077 0.383531 0.408898 0.274452 0.155753 0.449638 0.652369 0.772380 0.272477 0.463388 0.508654 0.100000 0.632243 0.513678 1.056921 0.100000 0.477210 0.100000 0.424687 0.491297 0.523516 0.593300 0.207408 0.100000 0.445839 0.157124 0.413553 
0.100000 0.716372 0.538481 0.155671 1.054356 0.273293 0.683442 0.434615 0.670673 0.243554 0.304885 0.651852 0.351393 1.118631 1.116067 0.408527 1.142024 0.384372 0.360908 0.967253 0.857985 1.140313 0.226708 1.230911 0.620597 1.021775 1.026175 0.495225 1.109763 0.263866 0.602655 0.464929 0.100000 0.462073 1.076317 0.532020 0.557092 0.100000 0.657880 0.228131 0.889836 0.423839 0.371646 
0.100000 0.707910 0.204144 0.334308 0.727814 0.487698 1.017059 0.100000 0.100000 0.100000 0.466618 0.561352 0.486187 0.135138 0.100000 0.379294 0.557768 0.330771 0.100000 0.426339 0.473843 0.921463 0.100000 0.887351 0.525072 0.787653 0.100000 0.111784 0.100000 0.100000 1.417996 0.628219 0.834527 0.115361 0.983549 0.311102 0.101388 0.810637 0.703806 0.220896 0.215619 0.566433 0.330829 
0.729089 0.915692 0.645224 0.311729 0.835772 0.443087 0.921686 0.487554 0.351492 0.690525 0.226837 0.475904 0.911797 0.995468 0.181961 0.866990 0.845519 0.606064 0.247985 0.246922 0.637307 0.792677 0.333455 1.442147 0.273168 0.721596 0.510851 0.100000 0.305683 0.208579 1.008278 1.079025 0.409832 0.210341 0.742222 0.584888 0.621149 0.153635 1.231564 0.304659 0.805229 0.117953 0.514602 
0.100000 0.993921 0.745657 0.215376 0.638834 0.374091 0.338371 0.562266 0.100000 0.190956 0.339792 0.441901 0.100000 0.426797 0.272618 0.661815 0.582930 0.191759 0.100000 0.100000 0.290672 0.419622 0.100000 0.563684 0.387333 0.761108 0.145105 0.100000 0.350608 0.100000 1.476106 0.429055 0.100000 0.100000 0.384826 0.197776 0.260534 0.345726 0.432630 0.307828 0.316837 0.532496 0.609529 
0.100000 0.659441 0.527993 0.439037 1.015656 0.154207 1.039331 0.469829 0.100000 0.100000 0.935105 0.925603 0.555074 0.463019 1.058447 0.266142 1.109145 0.551457 0.254355 0.100000 1.038476 1.159446 0.274812 0.902053 0.533313 1.051249 0.331292 0.100000 0.592090 0.606379 0.667313 0.637716 0.473184 0.330917 1.076607 0.799791 0.280410 0.152602 0.627636 0.562848 0.854918 0.100000 0.266484 
0.100000 0.654069 0.150198 0.572345 0.305944 0.619713 0.100000 0.332649 0.100000 0.178879 0.626193 0.402893 0.575294 0.529683 0.457363 0.486491 0.655060 0.301277 0.100000 0.181434 0.251740 0.100000 0.256529 0.610387 0.102627 0.627803 0.100000 0.187390 0.677706 0.217418 0.734269 0.151708 0.772182 0.560588 0.819619 0.100000 0.174556 0.100000 0.474481 0.445976 0.293815 0.501670 0.465808 
0.437180 0.682214 0.818275 0.100000 0.584710 0.165044 1.142484 0.100000 0.636912 0.100000 0.108235 0.261733 0.238970 0.272442 0.402506 1.093181 0.940929 0.399190 0.100000 0.345874 0.100000 0.868633 0.100000 0.527168 0.100000 0.268451 0.638276 0.100000 0.603162 0.691037 0.319939 0.100000 0.115723 0.355212 0.447221 0.486084 0.703837 0.100000 1.099159 0.335397 0.742572 0.345606 0.196627 
0.243024 0.933077 0.100000 0.100000 0.664074 0.440765 0.620938 0.100000 0.760345 0.100000 0.482845 0.341882 0.318162 0.847652 0.822684 0.500149 0.462025 0.270513 0.100000 0.100000 0.100000 0.100000 0.100000 0.767203 0.199728 0.594963 0.497848 0.100000 0.561566 0.566717 1.115922 0.920894 0.435774 0.239547 0.869313 0.493279 0.184309 0.356279 0.665216 0.353787 0.100000 0.100000 0.254925 
0.285541 0.386805 0.744648 0.522001 0.667317 0.155543 0.799980 0.100000 0.100000 0.100000 0.100000 0.846827 0.356968 0.804014 0.131045 0.900986 0.449041 0.463560 0.195464 0.509882 0.100000 0.464131 0.100000 0.532729 0.267575 0.873527 0.339520 0.100000 0.531775 0.100000 0.831542 0.377164 0.100000 0.115421 0.526178 0.135084 0.342947 0.315010 0.236442 0.174534 0.777013 0.169421 0.241682 
0.390556 1.060826 0.597277 0.793913 1.047270 0.508241 0.681321 0.636993 0.144587 0.100000 0.810238 0.356606 0.372682 0.960558 0.118147 0.441273 0.100000 0.100000 0.100000 0.100000 0.140290 0.956230 0.618551 0.556687 0.576911 0.666103 0.100000 0.656676 0.639459 0.399182 0.299215 0.100000 0.100000 0.241403 0.100000 0.765600 0.215442 0.100000 0.418256 0.149729 0.725856 0.178444 0.359504 
0.524739 0.753092 0.587675 0.236805 0.915001 0.100000 0.550523 0.601051 0.536164 0.149869 0.294579 0.804748 0.256128 0.463653 1.120018 0.381130 0.347533 0.785396 0.102526 0.318547 0.100000 0.809348 0.546144 0.975359 0.191847 0.921296 0.100000 0.389006 1.116500 0.218549 0.524971 0.569974 0.100000 0.299915 0.225563 1.026959 0.100000 0.286482 0.592640 0.460682 0.656827 0.643763 0.435901 
0.322727 0.541302 0.878487 0.431508 0.711171 0.520589 0.631155 0.214049 0.495187 0.447700 0.526051 0.959895 0.565370 0.508122 0.976984 0.433108 0.100000 0.248314 0.340683 0.100000 0.593559 0.452138 0.698513 1.344086 0.755037 1.298721 0.396237 0.134325 0.180628 0.579824 0.911221 0.308267 0.172630 0.382168 0.942695 0.904778 0.824426 0.100368 0.689441 0.522422 0.768742 0.728373 0.162115 
0.138966 0.763846 0.597208 0.201530 0.489851 0.353487 0.477289 0.100000 0.100000 0.100000 0.123549 0.354487 0.100000 0.592491 0.600771 0.452092 0.100000 0.477668 0.100000 1.053670 0.100000 0.717760 0.137916 0.963021 0.656703 0.820433 0.100000 0.810322 0.783911 0.699285 1.061959 0.458244 0.220217 0.712112 0.387803 0.100000 0.222111 0.233963 0.621956 0.100000 0.450685 0.125431 0.209485 
