54 Number of operations
16 Number of workers
Standard production times
0.290051 0.119425 0.716550 0.190971 0.451519 0.100000 0.100000 0.336942 0.571636 0.414269 0.100000 0.116889 0.577166 0.526380 0.408052 0.219375 0.435065 0.438886 0.292950 0.555470 0.434268 0.311430 0.740981 0.584869 0.139028 0.323885 0.251275 0.312576 0.314710 0.676281 0.419674 0.326109 0.145356 0.602997 0.103788 0.342580 0.388635 0.242379 0.413542 0.192219 0.347265 0.507650 0.705652 0.791335 0.495640 0.423869 0.228507 0.247610 0.527861 0.409505 1.022967 0.293508 0.469117 0.314897 
Production times: workers row and ops columns
0.685193 0.100000 0.548103 0.389989 0.866096 0.604970 0.573703 0.229584 1.055958 0.296149 0.100000 0.215826 0.830944 0.576022 0.911953 0.134728 0.312154 0.843667 0.226404 0.786348 0.490261 0.418478 0.763490 1.236616 0.180831 0.896124 0.578345 0.254438 0.188681 0.803265 1.024188 0.368906 0.197631 0.291058 0.218198 0.100000 0.100068 0.364743 0.248956 0.222347 0.160735 0.614715 0.514567 0.662060 0.516096 0.471993 0.100000 0.829998 0.971452 0.364430 1.428788 0.100000 0.195630 0.992056 
0.100000 0.483083 0.100000 0.100000 0.229103 0.100000 0.100000 0.345312 0.190276 0.100000 0.100000 0.100000 0.404882 0.352071 0.257496 0.291488 0.100000 0.143429 0.408733 0.825790 0.254327 0.680824 0.345913 0.508908 0.100000 0.100000 0.100000 0.178819 0.100000 0.778425 0.189201 0.100000 0.100000 0.718380 0.120469 0.564013 0.642102 0.100000 0.828275 0.141639 0.398186 0.137694 1.095211 0.534568 0.224093 0.753346 0.100000 0.100000 0.415182 0.183796 0.774038 0.542386 0.244635 0.244123 
0.100000 0.100000 0.992424 0.166778 0.278204 0.100000 0.103792 0.100000 0.616522 0.917859 0.100000 0.100000 0.448791 0.723171 0.100000 0.100000 0.100000 0.544075 0.231121 0.704760 0.722762 0.112149 1.078808 0.301043 0.100000 0.420605 0.100000 0.367907 1.026527 0.100000 0.583236 0.536171 0.100000 0.512964 0.100000 0.100000 0.100000 0.100000 0.947092 0.732183 0.435265 0.571234 0.100000 0.538403 0.100000 0.470444 0.100000 0.361539 1.406058 0.100000 0.841928 0.300095 0.656276 0.100000 
0.306619 0.314780 0.708922 0.278389 0.928901 0.388505 0.100000 0.673335 0.354500 0.676916 0.475823 0.232110 1.037572 0.600575 0.463611 0.361113 0.100000 1.237929 0.301071 0.218651 0.100000 0.337794 0.841874 0.604545 0.117893 0.471067 0.452955 0.100000 0.625630 0.678644 0.327750 0.623381 0.430213 0.395867 0.214844 0.100000 0.193105 0.677887 0.292455 0.235758 0.100000 0.759060 0.357982 1.205025 0.438276 0.959288 0.537223 0.847240 0.309243 0.292567 1.454550 0.598379 1.290105 0.494097 
0.368990 0.100000 0.790396 0.378131 0.100000 0.591535 0.144695 0.845399 0.697902 0.814057 0.438546 0.261045 1.016348 0.347621 0.480638 0.739078 0.905104 0.525419 0.100000 0.777169 0.100000 0.379735 1.035607 0.320680 0.211036 0.734852 0.100000 0.736033 0.100000 0.760204 0.965854 0.430758 0.200491 0.767557 0.100000 0.704159 0.168886 0.398234 0.301806 0.227293 1.030038 0.624816 0.168483 0.693734 0.346761 0.100000 0.451912 0.418626 0.875368 0.336128 1.319942 0.841443 0.812784 0.937348 
0.100000 0.622371 1.272212 0.100000 0.476743 0.242490 0.100000 0.463908 1.028688 1.204421 0.100000 0.100000 0.750128 0.648827 1.323178 0.264342 0.531181 0.100000 0.542401 0.985384 0.987978 0.395837 0.311009 1.032867 0.100000 1.450830 0.458172 0.799680 0.100000 0.993644 1.199166 0.330792 0.100000 1.027874 1.192479 0.228827 0.169572 0.100000 0.100000 0.249121 0.344491 1.030634 1.067847 0.638490 0.768984 0.171127 0.270256 0.868163 0.100000 0.996069 0.576183 0.462652 0.100000 0.100000 
0.211388 0.100000 0.549536 0.100000 0.100000 0.100000 0.110877 0.100000 0.567752 0.100000 0.100000 0.100000 0.789256 0.195035 0.740724 0.379521 0.227830 0.564875 0.345647 0.490517 0.100000 0.102800 0.763125 0.158022 0.100000 0.100000 0.270855 0.100000 0.832541 0.248677 0.104765 0.126418 0.100000 0.127409 0.100000 0.274546 0.459249 0.100000 0.541511 0.208768 0.100000 0.100000 0.733606 0.678071 0.709729 0.569008 0.100000 0.215049 0.650885 0.100000 0.697456 0.853308 0.192992 0.433781 
0.948566 0.100000 0.100000 0.343709 0.775659 0.100000 0.187083 0.100000 0.371632 0.362644 0.100000 0.714426 0.386704 0.324215 0.100000 0.376432 1.305977 0.413826 0.932553 1.094081 0.689670 0.100000 1.573419 1.131753 0.100000 0.339725 0.100000 0.100000 0.100000 0.797476 1.070794 0.100000 0.479978 0.531551 0.100000 1.092552 0.100000 0.100000 0.379069 0.100000 0.574227 0.405131 0.640606 0.579703 1.052643 0.113809 0.115848 1.068983 0.323191 1.274039 0.349035 0.466089 0.841886 0.551557 
0.781230 0.400177 1.019237 0.233288 0.510834 0.100000 0.100000 0.100000 0.100000 0.716290 0.100000 0.100000 0.833319 0.475379 0.133211 0.350652 0.710668 0.100000 0.100000 0.633580 0.100000 0.159725 0.384222 0.258832 0.100000 0.605838 0.100000 0.123935 0.449549 1.060501 0.253090 0.192005 0.100000 0.914726 0.100000 0.775070 0.210646 0.100000 0.149634 0.100000 0.339535 0.138785 0.376642 0.672300 0.891356 0.795768 0.100000 0.100000 0.612301 0.224472 1.407023 0.100000 0.100000 0.811635 
0.105360 0.192870 0.768400 0.470098 1.169966 0.135375 0.388034 0.465167 0.803321 0.745236 0.329532 0.100000 0.467033 0.654276 0.839823 0.263263 1.102679 0.100000 0.489597 0.958713 0.907977 0.447439 0.592736 1.036847 0.462227 0.100000 0.153461 0.462395 0.634267 0.100000 0.614970 0.100000 0.368489 0.487269 0.100000 0.308654 0.209435 0.461134 0.581639 0.263914 0.170797 0.624977 0.726651 0.562219 0.100000 0.585612 0.237415 0.100000 1.079891 0.305078 1.295353 0.100000 0.505164 0.255207 
0.492677 0.100000 0.514352 1.094264 0.767009 0.175197 0.100000 0.399557 0.540005 0.100000 0.310625 0.100000 0.770773 0.686355 0.614385 0.764705 0.451862 0.171125 1.178360 0.100000 0.162403 0.452845 0.458259 0.885192 0.133232 0.100000 0.100000 0.415599 0.814997 0.849696 0.629419 0.281170 0.627851 0.384522 0.504364 0.591194 0.544667 0.695081 0.508489 0.909895 0.100000 0.619025 0.888451 0.986633 0.528380 0.557712 1.063594 0.100000 0.864548 0.543892 0.963132 0.448768 0.544417 0.100000 
0.100000 0.100000 0.351079 0.181177 0.246768 0.229389 0.519043 0.424278 1.258356 1.012307 0.234050 0.893077 0.138431 0.526179 0.561235 0.100000 1.207476 0.152564 0.625306 0.663275 0.100000 0.668743 0.984843 0.100000 0.678634 0.582754 0.100000 0.165309 0.846489 0.913522 0.100000 0.100000 0.100000 0.535260 0.783274 0.100000 0.100000 0.207099 0.947656 0.100000 0.709566 0.705965 0.999116 0.992577 0.385459 0.857461 0.100000 0.100000 0.263666 0.203351 1.309468 0.100000 0.195470 0.100000 
1.079405 0.571068 0.100000 0.100000 0.382150 0.257593 0.100000 1.245960 0.100000 0.100000 0.372721 0.313101 0.100000 0.596638 0.833604 0.665345 0.822279 0.222908 0.854255 0.253483 0.100000 0.221317 0.416074 0.100000 0.100000 0.890686 0.835301 0.305271 0.215906 0.532200 0.100000 0.138065 0.100000 1.229634 0.161200 0.230294 0.307239 0.100000 0.601567 1.100741 0.762025 0.100000 1.035777 0.736858 0.100000 0.402417 0.100000 0.121522 1.498676 0.745867 0.950683 0.492754 1.004834 0.326908 
0.668161 0.100000 0.492041 0.100000 1.097345 0.426928 0.100000 0.999606 0.169248 0.665830 0.576595 0.267503 0.486240 1.020387 0.769244 0.100000 0.276649 0.344657 0.663307 0.100000 0.398084 0.100000 0.786490 0.100000 0.365529 0.278049 0.100000 0.365912 0.100000 0.100000 0.668189 0.273134 0.492900 0.529255 0.351052 0.848815 0.406763 0.100000 0.904842 0.987546 0.190960 0.506610 0.100000 0.684012 0.700799 1.362213 0.412299 0.946327 0.953624 0.661495 1.338505 0.314094 1.017252 0.100000 
0.100000 0.100000 0.892651 0.100000 0.172881 0.100000 0.100000 0.194590 0.100000 0.329208 0.100000 0.477681 0.800383 0.100000 0.701681 0.379110 0.259466 0.590048 0.552398 0.426170 0.229074 0.347292 0.264952 1.017467 0.391218 0.889597 0.439168 0.100000 0.100000 0.608658 0.726730 0.593657 0.100000 0.100000 0.153295 0.100000 0.100000 0.498816 0.325434 0.100000 0.418120 0.278312 0.981390 1.096810 0.205899 0.297608 0.100000 0.214767 0.563651 0.526254 0.915057 0.424107 0.305134 0.100000 
0.218120 0.683815 0.522006 0.100000 1.410091 0.100000 0.100000 0.809332 0.132045 0.233583 1.323610 0.285171 0.795864 0.168667 0.979410 0.501116 1.172112 0.809475 1.352614 0.816425 0.300553 0.100000 0.709299 0.383197 0.100000 0.538646 0.740719 1.109732 0.100000 0.452807 0.593242 0.100000 0.100000 0.100000 0.245156 0.515647 0.100000 0.338560 0.906119 0.541508 0.978783 0.391757 1.045671 0.705017 0.488565 0.100000 0.240058 0.970743 0.499424 1.074512 1.252342 0.611444 0.100000 0.216330 
