54 Number of operations
19 Number of workers
Standard production times
0.370449 0.328428 0.654161 0.714489 0.341627 0.100000 0.426713 0.377577 0.743747 0.603601 0.421211 0.466898 0.399669 0.395077 0.437941 0.379711 0.815419 0.254035 0.646155 0.675477 0.836921 0.171630 0.377393 0.627460 0.413118 0.279149 0.154525 0.165261 0.329904 0.698587 0.354608 0.381736 0.908303 0.614193 0.655338 0.224349 0.306883 0.480415 0.581456 0.361404 0.398655 0.448205 0.259800 0.100000 0.283447 0.310900 0.867944 0.302782 0.461059 0.336332 0.596965 0.347324 0.359045 0.160915 
Production times: workers row and ops columns
0.100000 0.275989 0.205601 0.298999 0.413132 0.100000 0.277353 0.153249 0.913730 0.639958 0.211045 1.027329 0.389048 0.100000 0.266071 0.172239 0.554295 0.301773 0.638002 0.413656 0.761959 0.100000 0.100000 1.284362 0.844060 0.100000 0.151192 0.100000 0.263095 0.639619 0.450727 0.418566 0.485890 0.815439 0.421016 0.100000 0.100000 0.475853 0.623259 0.100000 0.478834 0.243029 0.100000 0.100000 0.714596 0.135577 0.453164 0.610386 0.761885 0.546479 0.350814 0.100000 0.439825 0.100000 
0.657862 0.573214 0.822580 1.299582 0.636739 0.100000 0.161768 0.100000 0.806118 0.932644 0.916733 0.548753 0.575909 0.483967 0.642227 0.655627 0.402383 0.100000 0.505131 1.511805 0.605843 0.177244 1.459984 0.268930 0.244215 0.588256 0.765657 0.100000 0.581709 0.554225 0.673072 0.100000 1.667759 0.460349 1.316292 0.410256 0.608461 1.170090 0.408305 0.495427 1.018080 0.100000 0.222953 0.100000 0.175180 1.126650 1.586310 0.277644 0.841755 0.100000 0.479662 0.885255 0.115799 0.505609 
0.318340 0.648035 0.821434 0.973290 0.100000 0.232551 0.405867 0.219742 1.382058 0.673221 0.100000 0.384556 0.164901 0.100000 0.454169 0.747152 1.323501 0.347279 0.751793 0.111652 0.748331 0.390321 0.904512 0.755690 0.648315 0.724744 0.119706 0.874576 0.212358 1.110524 1.122668 0.366507 1.358153 0.875472 0.826097 0.582955 0.535855 0.100000 1.041293 1.177517 1.039127 0.578249 0.521897 0.534767 0.238919 0.100000 0.611339 0.236751 0.426393 0.357799 0.770437 0.607297 0.322216 0.350633 
0.534022 0.566351 0.340254 0.959743 0.579867 0.100000 0.259613 0.446973 0.714632 0.382685 0.483542 0.317872 0.732221 0.320192 0.285093 1.170958 1.782276 0.350235 0.764158 0.893776 1.028303 0.100000 0.662112 0.698223 0.637021 0.494939 0.492573 0.150019 0.694615 0.729404 0.405729 0.355468 0.951084 0.610310 1.047048 0.533949 0.584774 0.628827 1.043553 0.451389 0.342278 0.653755 0.100000 0.100000 0.100000 0.793693 0.691134 0.314782 0.765217 0.578442 0.732088 0.288784 0.809463 0.514250 
0.990183 0.848257 0.750707 0.811014 0.477492 0.100000 0.759918 0.362432 0.823986 0.741661 0.522145 0.272951 0.481319 0.236355 0.501783 0.473270 0.573820 0.926993 1.160207 0.100000 0.853205 0.100000 0.628547 0.325365 0.420825 0.814186 0.354554 0.287544 0.138828 0.976159 0.801164 0.662594 1.569013 0.447318 0.379137 0.217499 0.361828 0.388407 0.931099 0.100000 0.813893 0.696090 0.811900 0.101235 0.520302 0.119689 0.466385 0.485968 1.175857 0.344720 0.269439 0.294375 0.493816 0.209655 
0.100000 0.100000 1.074427 1.206770 0.490405 0.100000 0.100000 0.435131 1.332693 0.638484 0.100000 0.334666 0.255085 0.803130 0.509575 0.456278 0.139087 0.100000 0.628561 0.804521 0.518040 0.907902 1.450079 0.722359 0.573446 0.262589 0.100000 0.265005 0.456345 0.193411 0.800155 0.190230 1.236104 1.259554 0.968864 0.100000 0.552196 0.987256 0.500410 0.348664 0.100000 0.252674 0.619141 0.192912 0.105975 0.630681 0.955657 0.316403 0.284428 0.409172 1.110012 0.324278 0.100000 0.287316 
0.174452 0.110055 0.338511 0.615526 0.505486 0.213042 0.596821 1.103301 0.405354 0.672331 0.445812 0.631862 0.792896 1.136454 0.259577 0.688431 0.526889 0.206207 0.709544 0.793732 0.711297 0.241668 0.195755 0.961442 0.308073 0.672927 0.106165 0.162542 0.535259 0.977444 0.741512 0.753030 1.102030 0.812547 0.563076 0.223644 0.284233 0.769149 0.699367 0.469664 0.196601 0.985704 0.779033 0.191114 0.100000 0.100000 0.734331 0.596729 0.729977 0.774258 0.885573 0.306726 0.590057 0.100000 
0.100000 1.260864 0.561808 0.152491 0.100000 0.100000 0.658950 0.321472 0.919319 0.508781 0.100000 0.300725 0.629889 1.114110 0.100000 0.100000 1.426293 0.159702 1.259532 1.050479 1.102672 0.100000 0.125489 0.632051 0.256752 0.639105 0.100000 0.205434 0.546678 0.692058 0.212748 0.261628 1.110938 0.100000 0.100000 0.281438 1.156059 0.100000 1.267561 1.010868 0.100000 1.122551 0.388897 0.430007 0.100000 1.138996 0.368895 0.100000 0.408118 1.167439 0.916751 0.554641 0.100000 0.100000 
0.236947 0.318712 0.905663 0.998487 0.100000 0.100000 0.762429 0.379194 0.676204 0.895634 0.871909 0.398838 0.251951 0.351919 0.369529 0.360485 0.992709 0.100000 1.005795 0.685174 1.109709 0.637347 0.641651 0.991417 0.741739 0.100000 0.445661 0.357544 0.384932 0.683427 0.350297 0.218572 0.389943 1.098693 0.953753 0.343509 0.100000 0.363848 0.527109 0.611336 0.295421 0.129467 0.100000 0.241433 0.602912 0.667651 0.579925 0.143134 0.572258 0.259994 0.993619 0.262095 0.100000 0.100000 
0.580123 0.603231 0.734917 0.998049 0.174762 0.215173 0.539983 0.758490 1.293325 0.117193 0.455583 0.595074 0.282316 0.745186 0.104767 0.130033 0.667670 0.384401 0.895582 0.440418 0.844577 0.100000 0.534376 0.927717 0.430974 0.100000 0.100000 0.552296 0.317103 0.791922 0.566860 0.496541 0.804640 0.421303 0.494290 0.658798 0.100000 0.221929 1.025202 0.675408 0.564113 0.100000 0.161515 0.909868 0.312285 1.031865 1.319655 0.369469 0.895139 0.469835 0.774548 0.897180 0.374807 0.343048 
0.448836 0.181726 0.394617 0.827652 0.376546 0.100000 0.520368 0.100000 0.975375 0.824863 0.321329 0.100000 0.357143 0.195998 0.126377 0.479059 0.739412 0.561861 0.246651 0.901667 0.475010 0.299757 0.164662 0.733389 0.826777 0.360876 0.100000 0.100000 0.721948 0.100000 0.751547 0.100000 0.627252 1.137924 0.217909 0.270326 0.100000 0.167061 0.236152 0.200914 0.393682 0.252152 0.225954 0.100000 0.489392 0.522897 0.372674 0.134294 0.328188 0.756697 0.149356 0.309843 0.177152 0.183495 
0.612380 0.745781 1.508493 0.135188 0.412933 0.430459 0.840788 0.523086 0.964078 0.302266 0.332266 0.173381 0.704064 0.270077 1.198391 0.339019 0.506310 0.151498 0.304855 0.728413 1.053775 0.100000 0.678987 0.521057 0.903520 0.100000 0.880515 0.240862 0.787197 1.197858 0.342654 0.561991 0.789711 0.531907 1.035682 0.504546 0.462787 0.664025 0.100000 0.765173 0.775629 0.919533 0.100000 0.386042 0.414728 0.273429 1.228684 0.553952 0.653453 0.699426 0.537165 0.475734 0.323867 0.258283 
0.307805 0.205873 0.100000 0.799839 0.100000 0.100000 0.100000 0.559627 1.344058 0.100000 0.218520 0.470848 0.127699 0.309251 0.129541 0.100000 0.489937 0.850583 0.605326 1.519841 1.336808 0.200188 0.222813 1.332097 0.100000 0.966127 1.103018 0.121327 0.444601 1.080308 0.279365 1.006541 0.226739 0.100000 0.459092 0.100000 0.691209 0.100000 0.385685 0.100000 0.100000 0.439237 0.778067 0.100000 0.816082 0.141986 1.740955 0.777630 0.525177 0.943775 0.778196 0.166921 0.100000 0.100000 
0.612424 1.272658 1.436352 0.925413 1.028198 0.100000 0.385709 0.100000 1.139596 0.896006 1.350387 0.773840 0.335785 0.100000 0.749446 0.501069 0.932289 0.100000 0.368470 0.338233 1.039248 0.283055 0.276070 0.490518 0.531427 0.878229 0.100000 0.688835 0.357436 0.840704 0.543006 0.320069 0.748957 0.958959 1.024442 0.371785 0.793429 0.194919 1.140655 0.475517 0.315809 0.180870 0.477873 0.370826 0.100000 0.950624 1.435258 0.442632 0.680599 0.505267 0.648878 0.319751 0.606045 0.322271 
0.100000 0.691612 0.683979 0.604833 0.880219 0.100000 0.333340 0.122340 1.090668 0.798703 0.219135 0.495648 0.100000 0.100000 0.158672 0.675696 0.860669 0.319799 0.769947 0.542807 1.103551 0.239971 0.563079 0.511198 0.740846 0.100000 0.364915 0.484970 0.530347 0.884130 0.101776 0.868991 0.365231 0.919473 0.653841 0.261230 0.578779 0.837133 0.689036 0.315771 0.828207 0.647237 0.432412 0.100000 0.413785 0.100000 1.424221 0.740661 0.971189 0.836617 0.890974 0.301679 0.886776 0.396526 
1.296508 0.708763 1.623424 0.100000 0.100000 0.882097 0.612820 0.547118 0.492559 0.283986 0.100000 0.282918 0.334202 0.100000 0.342558 1.033112 0.388944 0.904686 0.792569 0.673247 1.504332 0.109663 0.578995 0.688438 0.100000 0.276479 0.442837 0.913407 1.230828 0.100000 0.367380 0.970687 0.706023 0.100000 0.141665 0.100000 0.100000 0.627986 0.372930 0.863245 0.500554 1.020333 0.372699 0.100000 0.464493 0.586042 1.144540 1.004559 0.100000 0.100000 0.435834 0.100000 0.286450 0.100000 
0.888701 0.820508 0.704746 0.996405 0.424868 0.100000 0.446710 0.775049 0.134902 0.691995 0.516343 0.264328 1.047725 0.559048 0.358827 0.100000 0.539831 0.965845 0.109965 0.981976 1.128086 0.100000 0.421518 0.100000 0.100000 0.100000 0.100000 0.100000 0.100000 1.337449 0.555599 0.496535 1.152796 0.756248 0.100000 0.100000 0.732401 0.203276 2.120821 0.620633 0.327119 0.100000 0.382819 0.100000 1.108737 0.274704 0.689331 0.225026 0.655512 0.304733 0.697006 0.100000 0.100000 0.311950 
0.100000 0.100000 0.100000 0.749653 0.340726 0.100000 0.100000 0.110022 0.584273 0.409345 0.789256 0.560374 0.690278 0.398423 0.167127 0.262129 0.770551 0.100000 0.955170 0.483304 0.381754 0.100000 0.303753 0.920751 0.639261 0.100000 0.100000 0.100000 0.584277 0.372122 0.673065 0.444835 0.908845 0.771208 0.949606 0.224977 0.126106 0.561462 0.575424 0.237062 0.710887 0.508674 0.543164 0.100000 0.100000 0.389802 0.248633 0.237084 0.746463 0.100000 1.000727 0.687082 0.301231 0.100000 
0.100000 0.100000 0.752675 1.133836 0.359123 0.543501 0.100000 0.833876 0.234233 0.834466 0.100000 0.621385 0.493237 0.159601 0.100000 0.100000 1.474413 0.441377 1.259843 0.406083 0.757725 0.398144 0.536038 1.180338 0.100000 0.551192 1.134574 0.515626 0.713918 1.531035 0.348821 0.100000 1.401230 0.331180 0.100000 0.578068 0.451055 0.491098 0.100000 0.561926 0.100000 0.814832 0.675719 0.100000 0.100000 0.652138 1.641218 0.599011 1.474320 0.686424 0.567353 1.176333 0.311366 0.100000 
