66 Number of operations
17 Number of workers
Standard production times
0.100000 0.551849 0.221509 0.149474 0.449117 0.489118 0.748321 0.211818 0.303618 0.649923 0.141775 0.575635 0.286328 0.654924 0.555093 0.254767 0.220575 0.666743 0.421027 0.514402 0.240452 0.230071 0.676432 0.403222 0.379734 0.205619 0.639488 0.502521 0.623800 0.446590 0.341361 0.492620 0.467335 0.100000 0.178765 0.555043 0.510743 0.293997 0.313736 0.410125 0.236869 0.190763 0.183997 0.319661 0.576058 0.649847 0.222472 0.581829 0.376247 0.620404 0.202858 0.631677 0.261730 0.228314 0.645921 0.438738 0.668889 0.243561 0.249945 0.100000 0.653793 0.291861 0.359620 0.495427 0.654304 0.269328 
Production times: workers row and ops columns
0.305412 0.677523 0.303306 0.100000 0.184312 0.881568 0.740959 0.138734 0.641654 0.968341 0.100000 0.849406 0.100000 0.336593 1.035014 0.100000 0.100000 0.972620 0.815482 0.155563 0.322923 0.170323 0.568647 0.475749 0.100000 0.239453 0.373075 0.446595 0.603138 0.100000 0.387479 0.329599 1.196874 0.386839 0.519603 0.525958 0.357006 0.677884 0.100000 0.657476 0.100000 0.719527 0.546747 0.528490 0.814812 0.590715 0.337689 0.983799 0.695792 1.426265 0.771372 0.383772 0.171534 0.100000 0.510028 0.855626 0.775620 0.100000 0.637664 0.308729 1.108613 0.166046 0.430162 0.445941 0.691231 0.756841 
0.100000 0.817880 0.100000 0.100000 0.100000 0.654522 0.923406 0.100000 0.694996 1.196396 0.855072 0.598186 0.100000 1.033507 0.100000 0.293595 0.336127 0.144105 0.663842 0.329512 0.411979 0.100000 0.856425 0.220415 0.753979 0.437770 0.987389 0.466980 0.240774 0.446325 0.387136 0.239123 0.241611 0.372653 0.100000 0.835319 0.402428 0.100000 0.100000 0.100000 0.770303 0.100000 0.112963 0.100000 0.896942 0.100000 0.100000 0.899672 0.609057 0.401798 0.344979 0.355906 0.371181 0.100000 0.241024 0.514361 0.806014 0.365540 0.100000 0.100000 0.759257 0.511122 0.555792 0.557675 0.765952 0.100000 
0.100000 0.684692 0.100000 0.459793 0.103241 0.647464 0.555494 0.102768 0.734101 0.412639 0.447345 0.405396 0.549819 0.798068 0.273377 0.421631 0.232699 0.650780 0.292612 0.944523 0.300540 0.765029 0.628543 0.530229 0.386356 0.100000 0.599369 0.284211 0.484388 0.509750 0.314859 0.826362 0.601096 0.422704 0.224855 0.292710 0.731627 0.723609 0.122861 0.100000 0.273432 0.470940 0.191798 0.543221 0.838703 0.678026 0.345158 0.839782 0.648973 1.320100 0.556698 0.687067 0.603440 0.501791 0.937651 0.525713 1.196000 0.470086 0.198290 0.103470 0.610386 0.272537 0.300907 0.494507 0.605363 0.697550 
0.495524 0.423266 0.473827 0.277646 0.737200 0.716869 1.108920 0.126782 0.189544 0.287469 0.100000 0.100000 0.321360 0.800695 0.569072 0.332646 0.304676 0.503970 0.956298 0.419047 0.100000 0.127764 1.218606 0.530031 0.105431 0.554801 0.362695 0.221123 1.176111 0.100000 0.198555 0.511837 0.100000 0.476636 0.100000 0.759626 0.864374 0.428138 0.372696 0.346153 0.473417 0.554040 0.322089 0.569743 0.438183 1.385907 0.662756 0.360686 0.639094 0.901543 0.283298 0.767676 0.437610 0.514112 0.759184 0.579389 0.667050 0.255387 0.100000 0.230909 1.083668 0.403829 0.571609 0.802119 0.621088 0.148869 
0.100000 0.876184 0.100000 0.307227 0.360835 0.601250 1.519797 0.290992 0.794589 0.500154 0.340474 1.386151 1.186547 0.467372 0.115266 0.258754 0.100000 0.588229 0.100000 0.423207 1.009417 0.100000 0.812709 0.100000 0.448046 0.603810 0.434137 0.100000 0.231385 0.100000 0.686268 0.682401 0.382413 0.558278 0.100000 0.924096 0.179870 0.100000 0.100000 0.769042 0.100000 0.100000 0.343586 0.445704 0.992747 0.100000 0.419894 0.566533 1.009658 0.100000 0.442903 0.272418 0.100000 0.505256 1.063214 0.869732 1.256351 0.100000 0.448298 0.898846 0.334544 0.100000 0.445170 1.097444 0.906561 0.100000 
0.100000 0.734454 0.100000 0.632945 0.882473 0.188382 0.245227 0.100000 0.879640 0.100000 0.810952 1.177812 0.288584 0.100000 1.055145 0.100000 0.212498 0.823145 0.240232 0.913986 0.100000 1.021775 0.550562 0.214253 1.144279 0.452394 0.100000 0.678788 0.462568 0.100000 0.693500 0.625587 0.589222 0.378323 0.100000 0.825709 0.112069 0.171167 0.156085 0.100000 0.193582 0.778405 0.721924 0.100000 0.100000 1.645655 0.100000 0.570659 1.239500 0.252612 0.478166 0.693378 0.100000 0.494259 0.464853 0.100000 0.359908 0.142543 0.763984 0.525390 1.187988 0.805259 0.100000 0.100000 0.892044 0.100000 
0.790057 1.205497 0.387423 0.100000 0.455188 1.036578 0.686977 0.100000 0.635095 1.808081 0.100000 0.413026 1.030695 1.112872 0.749118 0.545496 0.100000 1.333060 0.597303 0.439389 0.581427 0.188727 0.755070 0.379496 0.100000 0.100000 0.261683 0.956343 1.249127 0.535982 0.475108 0.100000 0.100000 0.100000 0.100000 0.100000 0.402859 0.403913 0.100000 0.307285 0.139327 0.855642 0.977116 0.899784 0.505621 0.415718 0.100000 0.100000 0.695892 0.100000 0.541207 1.205104 1.297142 0.664379 0.364257 0.371854 0.663669 0.448626 0.100000 0.100000 0.760390 0.827946 0.374402 0.367814 0.764304 1.323447 
0.100000 0.100000 0.126714 0.100000 0.100000 0.776970 0.271936 0.252599 0.100000 0.483052 0.100000 0.166758 0.100000 0.868408 0.639399 0.108080 0.332508 0.100000 0.250867 0.431281 0.342073 0.100000 0.465196 0.100000 0.525778 0.100000 0.850131 0.406451 0.658550 0.362630 0.100000 0.100000 0.290486 0.100000 0.100000 0.207689 0.145197 0.265294 0.100000 0.734209 0.221638 0.126022 0.100000 0.100000 0.275070 0.330272 0.585869 0.458720 0.401078 0.836938 0.100000 0.511103 0.128546 0.196000 1.281835 0.568125 1.409998 0.779833 0.345223 0.100000 0.202178 0.123077 0.521212 0.602710 0.720204 0.805606 
0.587766 0.715056 0.100000 0.577386 0.896882 0.374520 0.446833 0.100000 0.339386 0.967311 0.311373 0.140213 0.358287 1.030581 0.824709 0.349474 0.668246 1.007133 0.100000 0.275738 0.534658 0.345856 0.673262 0.362731 0.771918 0.412170 0.891895 0.924876 0.707614 0.391440 0.264342 0.581651 0.797005 0.120673 0.100000 1.190798 0.413987 0.814346 0.202816 0.461052 0.171708 0.399945 0.567324 0.163815 0.800046 0.799071 0.202534 0.165831 0.602568 0.806687 0.227918 0.771446 0.500389 0.100000 0.601490 0.804981 0.894514 0.163356 0.227808 0.358277 0.869818 0.100000 0.100000 0.861539 0.692788 0.498500 
0.195666 0.503659 0.319732 0.875024 0.828144 0.245085 0.988067 0.537949 0.326618 1.344730 0.100000 0.426689 0.100000 0.862946 0.587132 0.167948 0.415007 0.743874 0.365056 0.457577 0.394140 0.594882 1.139738 0.380742 0.433991 0.393942 0.293672 0.908844 0.722404 0.212626 0.452434 1.136306 0.191937 0.100000 0.613991 0.676252 0.837862 1.285465 0.193294 0.919376 0.250547 0.755510 0.298269 0.865398 0.803885 0.452278 0.646623 1.149098 0.748196 0.861114 0.149812 0.421601 0.100000 0.358021 1.274712 0.942306 0.806706 0.175501 0.463054 0.184706 1.079523 0.370304 0.514726 0.434322 1.099464 0.613419 
0.203178 0.348248 0.279402 0.100000 1.175408 0.405730 0.573908 0.103283 0.100000 0.200590 0.100000 0.210444 0.100000 0.580229 0.804994 0.457197 0.100000 0.908268 0.500510 0.265707 0.492220 0.100000 0.555116 0.236840 0.241585 0.366490 1.347094 0.100000 0.475052 0.896245 0.100000 0.670526 0.558719 0.100000 0.100000 0.127701 0.500908 0.440071 0.697150 0.147842 0.100000 0.100000 0.501203 0.100000 0.770097 0.394123 0.316364 0.285812 0.100000 0.737695 0.301131 0.296021 0.411118 0.100000 0.929133 0.756447 0.530993 0.399853 0.249742 0.606937 1.171233 0.172057 0.266211 0.740207 0.342702 0.100000 
0.360354 0.634627 0.279795 0.100000 0.159433 0.100000 0.909336 0.100000 0.292999 0.558673 0.100000 0.877240 0.698483 0.485184 1.061219 0.100000 0.170641 0.214633 0.446964 0.229821 0.134778 0.100000 1.146507 0.100000 0.593766 0.100000 0.314608 0.436530 0.837567 0.373438 0.128412 0.243952 0.287352 0.100000 0.100000 0.365078 0.427552 0.100000 0.304211 0.100000 0.100000 0.317552 0.117892 0.561138 0.100000 0.691131 0.100000 1.021964 0.380490 0.554164 0.180766 0.460270 0.100000 0.341358 0.311477 0.100000 0.343801 0.100000 0.124368 0.151733 0.825885 0.100000 0.490218 0.609740 0.413328 0.535345 
0.100000 0.355442 0.360870 0.100000 0.801542 0.100000 0.488057 0.497251 0.100000 0.100000 0.100000 0.215940 0.180481 0.270693 0.326373 0.253260 0.100000 1.104909 0.310399 0.281705 0.182019 0.100000 0.524441 0.264959 0.237532 0.100000 0.274109 0.968986 0.369595 0.614042 0.499908 0.100000 0.577019 0.100000 0.100000 0.706147 0.525152 0.347461 0.283181 0.100000 0.369476 0.100000 0.340931 0.633720 0.588885 0.211447 0.100000 0.782633 0.149843 0.487112 0.296446 0.344735 0.100000 0.100000 0.774863 0.247617 0.100000 0.503514 0.100000 0.100000 0.338211 0.318248 0.100000 0.621558 0.100000 0.260009 
0.100000 0.659056 0.100000 0.388220 0.921623 0.554592 0.497982 0.100000 0.207352 0.559280 0.100000 0.288559 0.100000 0.343191 0.429705 0.302144 0.361758 0.521892 0.336357 0.225343 0.379496 0.100000 0.317322 0.341544 0.152534 0.100000 0.208922 0.248157 0.639704 0.100000 0.360642 0.438893 0.356069 0.216263 0.100000 1.055253 0.353183 0.100000 0.164293 0.393300 0.100000 0.485327 0.100000 0.342661 0.192658 0.214360 0.100000 0.695304 0.303708 0.591812 0.100000 0.794634 0.466568 0.334850 0.557220 0.213112 0.821190 0.100000 0.100000 0.100000 0.795718 0.100000 0.298616 0.678571 1.123942 0.100000 
0.100000 0.496525 0.769517 0.100000 0.412950 0.720346 0.792846 0.267039 0.557239 0.498502 0.839763 0.463677 0.100000 0.927973 0.806850 0.314563 1.173575 0.436933 0.287053 0.100000 0.100000 1.536779 0.940897 0.909368 0.854246 1.106446 0.629885 0.998587 0.352643 0.675292 0.100000 0.352395 0.720513 0.100000 0.100000 0.100000 1.118770 1.061147 0.100000 0.365199 0.721125 0.167702 0.732568 0.100000 0.957765 1.673658 0.100000 0.799908 0.100000 0.251838 0.100000 0.722984 1.556083 0.352770 0.499927 0.100000 0.695928 0.100000 1.029743 0.100000 0.530933 0.955452 0.780372 0.457040 0.691346 0.100000 
0.388994 0.504031 0.100000 0.100000 0.390418 0.950149 0.514888 0.201232 0.650422 0.188228 0.319680 0.683353 0.747823 1.051068 0.821056 0.747570 0.557559 1.041170 0.200038 0.476121 0.467223 0.292324 1.019044 0.662164 0.523900 0.639111 0.655311 0.314089 0.788873 0.714274 0.550490 0.694437 0.884950 0.275734 0.418484 0.215780 0.631480 0.771904 0.653649 0.538478 0.449810 0.521525 0.126788 0.668029 0.660683 1.516964 0.241956 0.720766 0.386050 0.436157 0.377887 0.276979 0.223666 0.156584 0.892242 0.777775 0.541532 0.100000 0.440938 0.100000 0.970690 0.878884 0.405409 0.158612 1.063707 0.462783 
1.185351 0.429983 0.473877 0.100000 0.303223 0.100000 1.529110 0.839911 0.341035 0.729460 0.100000 0.497266 0.100000 0.777285 1.131522 0.403705 0.100000 0.502585 0.493995 0.757479 0.100000 0.816995 0.212435 0.883537 0.762070 0.100000 0.561605 0.266451 0.198945 1.805423 0.100000 0.100000 0.710963 0.100000 0.100000 0.595495 0.100000 1.756266 0.100000 0.100000 0.215906 0.100000 0.100000 0.100000 1.082480 0.851913 0.100000 0.100000 0.735811 1.046358 0.100000 0.100000 1.034433 0.509272 0.689614 0.656822 1.671135 0.563239 0.100000 0.100000 0.100000 0.100000 0.279622 0.539089 0.444387 0.658551 
