65 Number of operations
16 Number of workers
Standard production times
0.436826 0.198809 0.331604 0.391055 0.455688 0.283821 0.369697 0.170513 0.277800 0.162097 0.574453 0.396892 0.633336 0.100000 0.551241 0.100000 0.330241 0.100000 0.539262 0.512992 0.495972 0.340811 0.315938 0.228077 0.318417 0.649516 0.100000 0.100000 0.538062 0.585624 0.717307 0.480261 0.146062 0.493841 0.660772 0.646257 0.445896 0.454722 0.266643 0.360484 0.497204 0.572092 0.100000 0.238532 0.100000 0.618461 0.282133 0.597837 0.392383 0.644536 0.657231 0.431644 0.169275 0.413947 0.588501 0.278597 0.308175 0.396599 0.569202 0.402256 0.238324 0.288863 0.302463 0.464080 0.450278 
Production times: workers row and ops columns
0.898681 0.100000 0.484583 0.564572 0.743859 0.277104 0.851208 0.323296 0.165561 0.100000 0.634349 0.100000 0.343269 0.203012 0.335135 0.100000 0.432797 0.503812 0.100000 0.870330 0.315982 0.521731 0.142319 0.100000 0.135040 0.494561 0.403439 0.100000 0.309543 0.678364 0.706594 0.721819 0.800162 0.515483 1.144328 0.434355 0.765530 0.726812 0.539425 0.100000 0.883731 0.100000 0.100000 0.654791 0.196379 1.089106 0.691829 1.050566 0.599950 0.629964 0.566814 0.436212 0.570317 0.212776 0.923509 0.100000 0.760264 0.335932 0.885216 0.965002 0.242776 0.100000 0.764318 0.747421 0.398115 
0.100000 0.100000 0.571304 0.232560 0.100000 0.104881 0.631039 0.100000 0.100000 0.100000 0.100000 0.381856 0.774799 0.100000 0.371545 0.229922 0.125418 0.207656 0.163987 0.205595 0.100000 0.176116 0.210132 0.171140 0.287200 0.566271 0.100000 0.100000 0.834477 0.345702 1.023204 0.901143 0.100000 0.369600 0.451759 0.488891 0.829242 0.192229 0.100000 0.387230 0.175471 0.874007 0.202341 0.329449 0.389651 0.719241 0.602286 0.871729 0.454034 0.351456 0.811911 0.100000 0.100000 0.100000 0.635924 0.441174 0.236515 0.100000 0.578272 0.622412 0.100000 0.525151 0.307788 0.490835 0.444380 
0.656947 0.737576 0.100000 0.114021 0.243694 0.313575 0.650533 0.100000 0.409347 0.410890 0.986419 0.328809 0.272972 0.423385 0.724368 0.100000 0.100000 0.874380 0.569817 0.173287 0.628394 0.860984 0.373014 0.697013 0.519655 1.167502 0.496883 0.100000 0.659132 0.609925 1.308967 1.452690 0.100000 1.081793 1.452692 0.100000 0.725067 0.100000 0.100000 0.100000 0.904559 1.279865 0.100000 0.100000 0.100000 0.244463 0.530493 0.656299 0.537608 1.087048 1.008022 0.582208 0.119897 1.418057 0.176294 0.674397 0.100000 1.576109 1.080037 1.347645 0.151908 0.100000 0.100000 0.100000 1.665482 
1.431196 1.087510 0.488963 1.241803 0.100000 0.240166 0.135026 0.100000 0.715292 0.100000 0.248219 0.433603 0.636268 0.357562 0.346338 0.100000 0.842026 0.463006 0.169415 0.100000 0.100000 1.190703 0.399104 0.119117 0.949538 0.100000 0.100000 0.100000 0.184214 1.021368 0.849653 0.441436 0.163336 0.100000 1.386125 1.014411 0.500460 0.367732 1.058663 0.368747 0.194007 0.251125 0.229711 0.100000 0.100000 0.906860 0.310756 1.480605 0.604065 0.258194 1.206325 0.458487 0.100000 0.593402 0.100000 1.233726 0.602328 0.912094 0.960923 0.232771 0.100000 0.100000 0.100000 0.578349 0.406209 
0.912229 0.100000 0.675722 0.591937 0.249520 0.411286 1.396357 0.417377 0.100000 0.100000 0.856055 0.443076 1.092570 0.184460 0.985444 0.100000 0.178453 0.100000 0.821424 0.506167 0.679382 0.876038 0.731027 0.106990 0.498806 0.633425 0.150238 0.321467 0.902807 0.727266 0.636339 1.046101 0.160887 0.453836 0.972354 0.847445 0.483651 1.343882 1.023227 0.628815 0.700555 0.441677 0.283940 0.230206 0.731633 0.228316 0.100000 1.029458 0.469754 0.711985 0.823332 0.523690 0.634829 0.239612 0.430379 0.100000 0.925657 0.425784 1.035204 0.548174 0.708653 0.464047 0.508831 0.343596 0.408412 
0.685911 0.551532 0.247657 0.100000 0.131354 1.219213 0.777414 0.100000 0.100000 0.396524 0.862000 0.100000 0.288133 1.047183 0.910460 0.100000 1.094473 0.100000 1.366231 0.478384 0.252225 0.100000 0.100000 0.548742 0.603969 0.100000 0.100000 0.532673 0.313961 0.100000 0.531460 0.176911 0.104977 1.563733 0.326888 0.801064 0.357695 0.834583 0.610659 0.351738 0.100000 0.522476 0.100000 0.100000 0.542436 0.831818 0.100000 0.280088 0.590539 0.427988 0.100000 0.212795 0.100000 0.628017 0.847244 0.576220 0.100000 1.497242 0.789282 0.355028 0.590342 0.407158 0.100000 1.056214 0.340851 
0.164567 0.109039 0.434129 0.777967 0.653935 0.384226 0.470595 0.400472 0.100000 0.433004 0.419451 0.327688 0.742617 0.116388 0.735173 0.457798 0.463605 0.100000 0.100000 0.385725 0.662793 0.100000 0.183171 0.280684 0.477824 0.903007 0.356895 0.100000 0.374237 0.490927 0.371470 0.257585 0.100000 0.418347 0.293258 1.258302 0.359124 0.396462 0.320607 0.100000 0.496493 0.129780 0.100000 0.293539 0.100000 0.942352 0.100000 0.304224 0.497951 0.553931 0.418745 0.100000 0.193883 0.684090 0.994410 0.132426 0.240256 0.100000 0.700801 0.467588 0.104161 0.283924 0.100000 0.100000 0.564860 
0.100000 0.648478 0.100000 0.147162 0.986253 0.358153 1.553710 0.582690 0.100000 0.176508 0.391111 0.446061 0.875911 0.100000 0.239564 0.137978 0.575740 0.100000 0.100000 0.837576 0.388684 0.811437 0.100000 0.128133 0.804812 1.621746 0.463786 0.100000 1.013304 1.127945 0.100000 0.100000 0.225228 0.100000 0.557412 2.160047 0.100000 0.374136 0.100000 0.100000 0.721906 0.432069 0.100000 0.886053 0.503038 0.461222 0.100000 0.311040 0.210048 0.869259 1.228787 0.869164 0.100000 0.269718 0.828618 0.509178 0.329693 0.440858 0.919921 0.100000 0.262520 0.282370 0.100000 0.289594 0.249789 
1.282451 0.363922 0.309613 0.207158 0.531686 0.310703 0.474358 0.309537 0.633431 0.308872 0.795131 1.004031 0.682449 0.686851 0.648594 0.100000 0.572883 0.429067 1.132894 0.480858 0.455220 0.348167 0.571690 0.516750 0.547932 0.396633 0.363880 0.662975 0.716998 0.100000 0.637489 0.879869 0.834817 0.952762 0.604232 0.554246 0.723840 0.769593 0.444845 0.138764 0.264641 0.521620 0.360090 0.436621 0.100000 0.618156 0.488566 0.613862 0.100000 0.428710 0.893388 0.279128 0.100000 1.299445 0.976850 0.381189 0.541959 0.465729 0.333318 0.686233 0.279789 0.856878 0.100000 0.100000 0.773817 
0.516666 0.100000 0.349191 0.563448 0.653762 0.100000 1.170951 0.455548 0.468265 0.457545 0.467397 0.814314 1.367374 0.110242 0.672068 0.570261 0.908798 0.314156 0.508512 0.450359 0.556145 0.234908 0.239001 0.427267 0.756445 0.248758 0.100000 0.100000 0.556077 0.512140 1.276600 0.478286 0.100000 0.854621 0.415145 1.414964 0.537919 0.582845 0.627292 0.661056 0.311158 1.127587 0.100000 0.283318 0.100000 0.788386 0.100000 0.362790 0.235628 1.195132 0.143705 1.015503 0.543232 0.873908 0.272917 0.250229 0.390598 0.827622 0.995524 0.792372 0.167669 0.529666 0.100000 1.047718 0.100000 
0.266324 0.383393 0.338300 0.599509 0.465420 0.497376 0.628999 0.491479 0.463687 0.448135 0.598049 0.448361 0.584190 0.322588 0.700758 0.488542 0.734068 0.100000 0.756305 0.697157 0.690225 0.153350 0.906970 0.140552 0.724086 0.715605 0.312562 0.100000 0.857019 0.269345 0.219155 0.111961 0.270114 0.193956 0.949789 0.720513 0.318289 0.658066 0.533106 0.674765 1.078346 0.912069 0.292170 0.647326 0.100000 0.709449 0.319302 0.847480 0.634149 0.710500 0.559580 0.405396 0.100000 0.537830 0.229747 0.530880 0.296990 1.256421 1.155496 1.122053 0.100000 0.806543 0.246292 0.269226 0.427946 
0.100000 0.270762 0.100000 0.142568 0.995849 0.100000 0.754060 0.100000 0.562440 0.100000 0.614075 0.155924 0.525217 0.100000 0.265260 0.251886 0.646955 0.218419 0.641198 1.280798 0.517487 0.100000 0.122031 0.100000 0.100000 0.796679 0.100000 0.199364 1.203985 0.609036 0.342035 1.169353 0.895089 0.873072 0.249598 0.479880 1.571872 0.100000 0.458552 0.288541 0.716787 0.768129 0.107038 1.290367 0.100000 0.234479 0.179368 0.569174 0.538786 0.566385 0.321507 0.454912 0.206184 0.488755 0.685126 0.413366 0.100000 0.195080 0.146376 0.152471 0.770400 0.563910 0.100000 0.670739 0.432612 
0.387397 0.331225 0.233910 0.527769 0.492657 0.100000 0.686886 0.100000 0.446027 0.100000 0.575088 1.010422 0.861351 0.706146 0.746274 0.381675 0.795074 0.575543 0.790603 0.446893 0.932798 0.444299 0.283266 0.297070 0.714852 1.208594 0.100000 0.614300 0.858203 0.995370 0.448056 0.370916 0.533000 0.187449 0.743330 0.931913 0.338881 1.165395 0.488582 0.544836 0.242185 0.379798 0.520740 0.406967 0.100000 0.736653 0.399291 1.192453 0.853759 0.600510 0.661389 0.748444 0.100000 0.279208 0.557777 0.433659 0.287104 0.100000 0.189028 0.195998 0.303017 0.359357 0.241603 0.738286 0.769580 
0.778618 0.181873 0.801595 0.621612 1.328064 0.230452 0.594988 0.100000 1.011124 0.100000 0.739268 0.990369 1.083851 0.100000 0.485289 0.485368 0.459509 0.100000 0.100000 0.336526 0.516311 0.719651 0.371419 1.305256 0.516540 0.509608 0.240387 0.478625 0.394953 0.784867 0.859192 0.681698 0.419483 0.351158 1.060041 0.804168 0.744917 0.755993 0.775829 0.701478 0.508460 0.516678 0.225890 0.300396 0.390283 0.600816 0.350902 0.338900 0.678377 0.517412 0.232148 0.845265 0.448480 0.475596 0.955257 0.343694 0.412758 0.416294 0.375136 0.100000 0.695679 0.280925 0.675351 0.704823 0.486548 
0.100000 0.100000 0.100000 0.805279 0.100000 0.437952 0.472891 0.914388 0.224954 0.100000 0.379696 0.100000 0.958922 0.100000 0.795209 0.100000 0.100000 0.321510 1.024524 0.283179 0.798054 0.372171 0.100000 0.460141 0.100000 0.214102 0.100000 0.169456 1.251990 0.425054 0.465130 0.299871 0.100000 0.100000 1.808704 0.413251 0.918576 0.458222 0.100000 1.122556 0.682098 0.753151 0.277546 0.100000 0.100000 0.238699 0.568502 0.584187 0.172000 0.556880 0.217362 0.760439 0.199382 0.580973 0.919566 0.100000 0.464842 0.176718 0.903828 0.109365 0.343833 1.304356 0.100000 0.124038 0.100000 
0.685741 0.100000 0.879819 0.601789 0.436635 0.100000 0.323803 0.100000 0.606140 0.100000 0.860267 0.369696 0.541796 0.106002 1.125241 0.100000 0.848625 0.431064 0.951451 0.365517 0.630943 0.647019 0.657955 0.536407 0.720521 1.355423 0.141000 0.162266 0.399496 0.318710 0.977395 0.799289 0.170038 1.059794 0.790176 0.526468 0.630532 0.367880 0.220382 0.385753 0.496550 1.026122 0.446365 0.746631 0.440085 0.827769 0.777346 0.472213 0.351382 1.068592 1.042098 1.181860 0.100000 0.951259 0.927171 0.430096 0.100000 0.100000 0.779020 1.280891 0.742697 0.730914 0.494478 0.488496 0.838733 
