59 Number of operations
19 Number of workers
Standard production times
0.436826 0.198809 0.331604 0.391055 0.455688 0.283821 0.369697 0.170513 0.277800 0.162097 0.574453 0.396892 0.633336 0.100000 0.551241 0.100000 0.330241 0.100000 0.539262 0.512992 0.495972 0.340811 0.315938 0.228077 0.318417 0.649516 0.100000 0.100000 0.538062 0.585624 0.717307 0.480261 0.146062 0.493841 0.660772 0.646257 0.445896 0.454722 0.266643 0.360484 0.497204 0.572092 0.100000 0.238532 0.100000 0.618461 0.282133 0.597837 0.392383 0.644536 0.657231 0.431644 0.169275 0.413947 0.588501 0.278597 0.308175 0.396599 0.569202 
Production times: workers row and ops columns
0.655799 1.168298 0.100000 0.840724 0.378435 1.168635 0.611591 0.508621 0.599382 0.286640 0.100000 1.092723 0.100000 0.219282 0.858279 0.100000 0.402773 0.683941 0.527210 0.100000 0.100000 0.100000 0.100000 0.100000 0.100000 0.838163 0.100000 0.100000 0.877598 0.157906 0.567204 1.559336 0.583205 0.100000 0.620901 0.928499 1.062632 0.529215 0.100000 0.100000 0.819735 0.728622 0.100000 0.143996 0.100000 0.980790 0.100000 0.841044 0.818142 0.887661 0.240111 1.104140 0.100000 0.627164 0.211833 0.100000 0.421050 0.540117 0.530482 
0.142302 0.100000 0.181177 0.863838 0.600133 0.100000 0.437311 0.100000 0.100000 0.319882 0.316874 0.100000 0.261388 0.100000 0.489643 0.372485 0.100000 0.219440 0.567052 0.368288 0.646725 0.388447 0.100000 0.449582 0.100000 0.567400 0.100000 0.127391 0.220432 0.475141 0.575121 0.679388 0.100000 0.415665 0.482400 0.156843 1.148730 0.333356 0.100000 0.683072 0.100000 0.583353 0.258850 0.100000 0.100000 0.356380 0.143325 0.100000 0.100000 0.502301 0.868917 0.521167 0.588101 0.522163 0.335162 0.141744 0.100000 0.100000 0.163095 
0.418004 0.293158 0.100000 0.114505 0.100000 0.145493 0.344147 0.204247 0.100000 0.658643 0.832971 0.268320 0.375180 0.100000 0.496580 0.100000 0.375300 0.230690 0.849135 0.757172 0.362904 0.357286 0.100000 0.100000 0.791665 0.411562 0.597221 0.100000 0.513910 0.812447 0.624484 0.498199 0.100000 0.251184 0.511039 0.351342 0.835311 0.304412 0.683444 0.100000 0.402730 0.640677 0.100000 0.466928 0.191908 0.436081 0.312636 1.341400 0.367981 0.634387 0.425234 0.371693 0.100000 0.254460 1.225777 0.498762 0.400602 0.627776 1.033729 
0.714902 0.920073 0.752543 0.541011 1.071531 0.100000 0.298292 0.350249 0.104173 0.215279 0.482816 0.300567 1.546914 0.388242 0.635057 0.594550 0.359040 0.465602 0.744507 1.100964 0.170011 0.670527 0.452613 0.100000 0.738043 0.487803 0.685772 0.353928 0.846708 0.709762 1.088666 0.100000 0.268481 0.405366 0.845570 0.732110 0.730870 0.303432 0.918389 1.155242 0.534719 0.667600 0.286267 0.717758 0.769070 0.356720 0.197601 0.379190 0.158549 0.252748 0.866072 0.183933 0.720254 0.786443 0.379588 0.100000 0.224460 0.916589 0.414320 
0.321998 0.210826 0.100000 0.776884 0.427825 0.319733 0.100000 0.100000 0.130844 0.100000 0.560750 0.100000 0.524701 0.100000 1.057136 0.100000 0.488648 0.275702 0.100000 0.100000 0.297099 0.509956 0.243248 0.363707 0.499407 0.101797 0.100000 0.589942 0.266903 0.100000 0.547736 0.240861 0.171577 0.126119 0.587987 0.100000 0.602085 0.830781 0.556006 0.100000 0.492963 0.100000 0.100000 0.119224 0.100000 0.621599 0.223538 0.779688 0.330575 0.615045 0.100000 0.100000 0.100000 0.403000 0.486611 0.628864 0.100000 0.224710 0.545727 
0.267376 0.247483 0.100000 0.717158 0.259811 0.518605 0.260606 0.517970 0.100000 0.217136 0.344680 0.366312 0.891178 0.100000 0.100000 0.100000 0.306557 0.100000 0.468240 0.100000 0.100000 0.130058 0.330117 0.100000 0.100000 0.536962 0.100000 0.100000 0.309032 0.511114 0.946641 0.994161 0.246159 0.417569 0.271343 0.572973 0.579565 0.734115 0.100000 0.331406 0.641886 1.030335 0.100000 0.100000 0.100000 0.411229 0.100000 0.745798 0.613175 0.761994 0.914887 0.195513 0.183376 0.198548 0.501598 0.546093 0.199255 0.100000 0.393358 
0.122971 0.100000 0.100000 0.579243 0.859961 0.100000 0.570458 0.423980 0.100000 0.100000 0.461115 0.348607 0.100000 0.100000 0.768587 0.378661 0.779650 0.100000 1.000115 0.612764 0.100000 0.469294 0.110254 0.283800 0.187660 0.911987 0.100000 0.100000 0.727552 0.562491 0.493420 0.763443 0.100000 0.202701 0.398899 0.106615 0.179934 0.912985 0.100000 0.263010 0.100000 0.288686 0.455608 0.407439 0.100000 0.520327 0.100000 0.262575 0.100000 0.275395 0.655016 0.510682 0.215748 0.263116 0.100000 0.158464 0.100000 0.560990 0.636135 
0.560893 0.100000 0.100000 0.578424 0.723585 0.100000 0.311072 0.428489 0.100000 0.592401 0.369743 0.100000 0.944834 0.100000 0.255299 0.263936 0.100000 0.544592 0.194387 0.498788 0.276387 0.371681 0.482316 0.100000 0.454326 0.461306 0.100000 0.100000 0.136680 0.246924 0.902047 0.335014 0.388522 0.523368 0.252981 0.100000 0.139724 0.433959 0.169287 0.100000 0.701048 0.100000 0.100000 0.176720 0.658129 0.642641 0.100000 0.675634 0.497402 0.825894 0.434272 0.100000 0.104741 0.438529 0.967971 0.805492 0.100000 0.139708 0.450131 
0.261894 0.244546 0.377325 0.368424 0.758910 0.136268 0.100000 0.100000 0.100000 0.100000 0.100000 0.495848 0.588917 0.100000 0.184274 0.100000 0.100000 0.554373 0.100000 0.455535 0.619063 0.281651 0.120897 0.358499 0.100000 0.716179 0.429209 0.100000 0.192112 0.526407 0.914179 0.782006 0.250250 0.192990 0.226448 0.619150 0.465374 0.100000 0.184580 0.360155 0.710723 0.174923 0.167089 0.100000 0.100000 0.494978 0.637508 1.492128 0.368447 0.693124 0.859494 0.100000 0.298975 0.100000 0.977234 0.611645 0.358637 0.100000 0.969610 
0.100000 0.331882 0.605467 0.100000 0.684238 0.682654 0.571397 0.314091 0.100000 0.455163 0.734594 0.499611 0.564375 0.456851 1.025396 0.316444 0.699266 0.597807 1.115711 0.680687 0.531974 0.316327 0.420062 0.493667 0.699872 0.621493 0.244957 0.100000 1.017252 0.568186 0.924684 0.364450 0.156579 0.388042 1.272262 0.854066 0.495963 0.270429 0.183553 0.631096 1.096982 0.242825 0.100000 0.285795 0.100000 0.220706 0.387926 0.923150 0.100000 0.807824 1.046633 0.825742 0.143314 1.205372 0.855035 0.135277 0.703465 0.159823 0.937783 
0.414732 0.100000 0.468767 0.115987 0.695375 0.406024 0.403859 0.100000 0.503905 0.100000 0.604219 0.420921 0.701981 0.247868 1.561978 0.100000 0.471591 0.100000 0.911063 0.100000 0.905357 0.100000 0.100000 0.100000 0.166061 0.607789 0.100000 0.245045 0.427509 0.466665 0.100000 0.526464 0.349135 0.267639 0.100000 0.145305 0.847965 0.172859 0.100000 0.100000 0.601469 0.295739 0.100000 0.100000 0.100000 0.818745 0.137753 0.762503 0.345011 0.588888 0.610923 0.341976 0.377137 0.460303 0.315067 0.217183 0.185386 0.442079 0.523297 
0.661199 0.100000 0.545481 0.885139 0.150630 0.864101 0.558819 0.208189 0.100000 0.588376 0.383588 0.343534 0.897108 0.100000 0.355191 0.100000 0.396833 0.376561 0.760164 0.735213 0.492718 0.482952 0.208926 0.927380 0.476835 0.163020 0.100000 0.680391 0.228116 0.554316 0.938395 0.251274 0.566044 1.097566 0.513350 1.085045 0.278529 0.255337 0.440349 0.531864 0.418394 0.924699 0.100000 0.100000 0.100000 0.945970 0.623304 0.897919 0.103703 0.784367 0.894527 0.100000 0.100000 0.707706 0.899597 0.455168 0.570798 0.593828 0.714178 
0.100000 0.100000 0.110729 0.986388 0.433760 0.180613 0.200104 0.100000 0.100000 0.225508 0.465620 0.540216 0.324784 0.105070 0.714388 0.100000 0.280572 0.100000 0.338838 0.266844 0.100000 0.585457 0.100000 0.100000 0.415791 0.100000 0.288981 0.130266 0.617489 0.436424 0.252103 0.100000 0.483106 0.252259 0.405767 1.020906 0.156476 0.283334 0.100000 0.219246 0.100000 0.304027 0.385647 0.366860 0.100000 0.100000 0.282224 0.463951 0.180025 0.857358 0.100000 0.691522 0.108753 0.478469 0.564512 0.432439 0.133076 0.133922 0.703674 
0.504049 0.100000 0.836488 0.854285 0.988120 0.407730 0.574857 0.156050 0.100000 0.281738 0.727406 0.298063 1.282245 0.100000 0.406637 0.100000 0.817603 0.123023 0.541781 0.347345 0.366624 0.100000 0.720599 0.510744 0.715427 0.550808 0.953575 0.100000 0.100000 0.597992 0.858443 0.807163 0.100000 0.771098 1.273127 0.490679 0.323846 0.100000 0.438925 0.717708 0.827286 0.922179 0.624844 0.376765 0.485832 0.432976 0.144861 0.770097 0.246976 0.916047 1.169747 0.652705 0.100000 0.289404 1.098111 0.139156 0.434971 0.418931 0.685109 
0.574860 0.746994 0.100000 0.100000 1.181556 0.395328 0.732562 0.160824 0.666612 0.794465 1.257616 0.260165 0.457260 0.297434 0.654827 0.382898 0.100000 0.100000 0.764272 0.903615 0.817480 1.170533 0.742053 0.100000 0.811130 0.607048 0.727642 0.218994 0.764818 0.699486 0.744560 0.100000 0.174932 0.100000 0.909673 1.142216 1.471448 0.641760 0.100000 0.100000 1.471089 0.100000 0.547762 0.100000 0.100000 0.960073 0.444751 0.577067 0.100000 0.191203 1.161546 0.649509 0.100000 0.517360 0.125149 0.789743 0.938663 0.100000 0.620213 
0.389356 0.413283 0.100000 0.901428 0.808877 0.100158 0.563329 0.569172 0.100000 0.247864 0.431148 0.231931 0.746428 0.100000 0.100000 0.100000 0.224321 0.188670 0.432099 0.367214 0.386733 0.627605 0.375074 0.100000 0.131782 0.910922 0.100000 0.100000 0.430543 0.166151 0.888018 0.100000 0.481474 0.263294 0.183797 0.630936 0.100000 0.515927 0.398730 0.100000 0.280536 0.756715 0.100000 0.145283 0.104285 0.986449 0.100000 0.508241 0.631985 0.100000 0.476544 0.100000 0.100000 0.901038 0.551885 0.623643 0.135752 0.458735 0.339702 
0.172740 0.100000 0.270104 0.751036 0.296640 0.297773 0.192620 0.113974 0.100000 0.389523 0.318190 0.309352 0.469091 0.295394 0.607740 0.100000 0.282741 0.103032 0.666226 0.565080 0.781534 0.726338 0.400263 0.100000 0.742769 1.194489 0.100000 0.100000 0.100000 0.719397 0.314950 0.929103 0.100000 0.415560 0.763116 0.425571 0.107258 0.429492 0.100000 0.157505 0.385390 0.304897 0.100000 0.374588 0.100000 0.568241 0.100000 0.771817 0.100000 0.831469 0.100000 0.100000 0.100000 0.618073 0.569058 0.100000 0.100000 0.697623 0.448973 
0.502088 0.100000 0.100000 0.457654 1.042251 0.100000 0.440812 0.100000 0.546235 0.100000 0.336336 0.100000 0.400603 0.100000 0.855973 0.100000 0.515363 0.100000 0.343042 0.118373 0.100000 0.100000 0.691962 0.100000 0.100000 0.867948 0.100000 0.118796 0.269461 0.526016 0.861167 0.318607 0.100000 0.595623 0.736108 0.314379 0.273554 0.100000 0.538143 0.100000 0.437177 0.980018 0.226149 0.100000 0.100000 0.316019 0.443997 0.586803 0.278512 1.314597 0.295717 0.173976 0.100000 0.368941 0.571388 0.100000 0.419559 0.448785 0.368461 
0.100000 0.524663 0.133875 0.281167 0.497235 0.100000 0.209609 0.270665 0.252441 0.333730 0.392259 0.401509 0.388700 0.100000 0.710482 0.100000 0.100000 0.116013 0.656719 0.925979 0.557243 0.291396 0.100000 0.899556 0.107985 0.385602 0.129388 0.100000 0.935058 0.715601 0.939518 0.262337 0.100000 0.827517 1.008906 1.574318 0.853477 0.100000 0.372022 0.331198 0.905540 0.625723 0.327734 0.224144 0.364537 1.139156 0.180698 0.100000 0.165002 1.196188 0.807019 0.426407 0.100000 0.812462 0.758664 0.328653 0.229690 0.433966 0.557302 
