47 Number of operations
16 Number of workers
Standard production times
0.290051 0.119425 0.716550 0.190971 0.451519 0.100000 0.100000 0.336942 0.571636 0.414269 0.100000 0.116889 0.577166 0.526380 0.408052 0.219375 0.435065 0.438886 0.292950 0.555470 0.434268 0.311430 0.740981 0.584869 0.139028 0.323885 0.251275 0.312576 0.314710 0.676281 0.419674 0.326109 0.145356 0.602997 0.103788 0.342580 0.388635 0.242379 0.413542 0.192219 0.347265 0.507650 0.705652 0.791335 0.495640 0.423869 0.228507 
Production times: workers row and ops columns
0.100000 0.546045 0.537292 0.344859 0.977538 0.157944 0.295143 0.100000 0.203188 0.413287 0.314577 0.421859 0.850868 0.219023 0.692374 0.100000 0.100000 0.337822 0.346729 0.405112 0.738169 0.100000 0.418070 0.789650 0.100000 0.354763 0.107268 0.219623 0.137219 1.128028 0.261477 0.698348 0.272426 0.344860 0.100000 0.269564 0.793149 0.100000 0.265817 0.100000 0.261674 0.100000 0.217085 0.713699 0.131054 0.253997 0.100000 
0.100000 0.100000 0.583978 0.104510 0.100000 0.903979 0.672651 0.100000 1.081338 0.100000 0.100000 1.078820 0.355691 1.299142 0.100000 0.100000 0.231038 0.490037 0.100000 0.736088 0.100000 0.100000 0.571540 0.495241 0.100000 0.200036 0.167015 0.599430 0.100000 0.350520 0.779312 0.943308 0.100000 1.385322 0.100000 0.382644 0.403217 0.100000 0.100000 0.135958 0.100000 0.844557 0.488197 0.279583 0.559423 0.782840 0.422975 
0.825772 0.708537 0.263158 1.048858 0.533886 0.351537 0.100000 1.152873 0.310356 0.128357 0.815794 0.100000 0.317243 0.505249 0.198537 0.100000 1.016528 0.231417 0.341659 0.235459 0.323855 0.587304 0.716788 0.411555 0.100000 0.327677 0.100000 0.357462 0.818300 0.231558 0.100000 0.197733 0.342147 0.100000 0.100000 0.100000 0.493824 0.180550 0.562831 0.480713 0.147984 0.845478 0.421826 0.111080 0.592360 0.142437 0.283839 
0.817141 0.100000 0.914688 0.417008 0.459522 0.145980 0.100000 0.286774 0.128705 0.219768 0.520130 0.540868 0.729966 0.664531 0.100000 0.167616 0.208735 0.566831 0.100000 0.723828 1.061186 0.186255 0.732358 0.688822 0.351323 0.100000 0.267843 0.507930 0.307082 0.763700 0.897056 0.614613 0.100000 0.939391 0.100000 0.605227 0.764458 0.357599 0.873948 0.266413 0.402824 0.649388 0.234779 1.590378 0.503760 0.100000 0.100000 
0.316415 0.220319 0.736227 0.169836 0.598700 0.301681 0.100000 0.647861 0.573998 0.322344 0.397273 0.401747 0.370036 0.637436 0.141215 0.100000 0.870572 0.317800 0.336489 0.291338 0.685678 0.100000 1.154670 0.527505 0.674447 0.632601 0.850904 0.100000 0.197772 1.107865 0.724546 1.147096 0.324556 0.681936 0.100000 0.416425 0.575796 0.100000 0.905077 0.236914 0.855722 0.633916 1.105441 1.129882 0.639795 0.863051 0.100000 
0.244361 0.818930 1.333282 0.168525 0.100000 0.302832 0.100000 0.284117 0.896013 0.100000 0.100000 0.635167 0.104808 1.065476 0.100000 0.192580 1.178697 0.446635 0.218175 0.663070 0.100000 0.747394 0.208066 0.677961 0.100000 0.215675 1.222564 0.341185 0.100000 0.346945 0.100000 0.100000 0.351031 0.721356 0.516301 0.100000 0.716928 0.988938 0.819655 1.062970 0.100000 1.010596 1.261314 0.604785 0.520865 0.566359 0.100000 
0.417018 0.576478 1.506703 0.100000 0.170167 0.272962 0.222447 1.252067 0.616603 0.510385 0.100000 0.366340 1.007079 1.080090 0.492459 0.100000 0.883062 0.355411 1.419896 0.762368 0.921372 0.100000 1.058343 1.364361 0.143711 0.100000 0.676151 1.401266 0.200957 0.457218 0.100000 0.100000 0.202258 0.600224 0.626771 0.704775 0.235790 0.515723 0.160799 0.233968 0.967817 0.100000 1.292216 0.344551 0.664784 0.100000 0.100000 
0.325613 0.100000 0.604860 0.100000 0.100000 0.100000 0.284796 0.100000 0.731830 0.100000 0.100000 0.100000 1.097317 0.140804 1.129172 0.652952 0.256341 0.815535 0.547445 0.613882 0.100000 0.130381 0.944555 0.100000 0.100000 0.115585 0.450575 0.100000 1.344429 0.130275 0.100000 0.159958 0.100000 0.100000 0.100000 0.395857 0.672991 0.100000 0.793491 0.386468 0.100000 0.100000 0.918908 0.769228 1.019121 0.832434 0.100000 
0.197116 0.242450 0.100000 0.100000 1.011319 0.100000 0.218884 0.632051 0.371784 0.100000 0.100000 0.211373 0.100000 0.478630 0.100000 0.100000 0.304090 0.286681 0.551472 0.341193 0.212968 0.100000 0.735215 1.007417 0.100000 0.607647 0.474441 0.365817 0.100000 1.075744 0.647805 0.100000 0.100000 0.100000 0.100000 0.100000 0.361352 0.533051 0.135819 0.292992 0.204396 0.100000 1.055635 0.336831 0.100000 0.303185 0.100000 
0.526228 0.157914 0.777523 0.163991 0.885720 0.100000 0.132404 0.929765 0.548834 1.032989 0.100000 0.320438 0.900828 0.768376 1.099232 0.700127 0.937751 0.681203 0.552266 0.726247 0.551015 0.182187 0.299052 1.086890 0.133505 0.100000 0.707428 0.461574 0.239869 1.007558 0.895278 0.124381 0.100000 0.881107 0.100000 0.390876 0.231876 0.116342 0.544443 0.674172 0.100000 0.519009 1.040491 1.375555 0.529056 0.489766 0.100000 
0.402448 0.226663 1.604033 0.100000 0.100000 0.100000 0.100000 0.490726 0.123527 0.100000 0.100000 0.943083 1.363664 0.100000 0.100000 0.526776 0.293343 1.245646 0.100000 0.100000 1.428831 0.100000 0.696722 0.504619 0.437574 1.354631 0.143566 0.625966 0.361753 0.895757 0.804620 0.541996 0.100000 0.252775 0.150281 0.895531 0.295115 1.188403 0.100000 0.353296 0.852668 1.130498 0.765667 0.377595 1.082269 0.795868 0.100000 
0.100000 0.100000 0.836107 0.100000 0.446815 0.100000 0.123133 0.100000 0.242748 0.180343 0.100000 0.135644 0.545263 0.398075 0.100000 0.136703 0.256063 0.100000 0.100000 0.517213 0.243176 0.100000 1.093011 0.280442 0.211414 0.100000 0.100000 0.100000 0.317336 0.100344 0.100000 1.029401 0.260847 0.478194 0.100000 0.205195 0.157005 0.100000 0.424167 0.100000 0.340872 0.467625 0.711985 1.136665 0.312437 0.100000 0.913917 
0.100000 0.188452 0.100000 0.524842 0.275193 0.100000 0.100000 0.341981 1.238780 0.536626 0.282908 0.100000 1.214658 0.100000 0.909012 0.467065 0.528450 1.026723 0.284528 1.584931 0.100000 0.330387 0.878980 0.743699 0.100000 0.380290 1.476419 0.100000 0.709188 0.733593 0.153283 0.418209 0.104190 0.100000 0.100000 0.100000 0.100000 0.232586 0.208791 0.321608 0.766307 0.594987 1.392372 1.389374 0.629690 1.200056 0.100000 
0.100000 0.111335 0.292804 0.554417 0.179725 0.199413 0.100000 0.100000 0.686024 0.460586 0.100000 0.340653 0.632487 0.218485 0.219692 0.438443 0.477409 0.100000 0.100000 0.100000 0.293625 0.619121 0.414724 0.253710 0.100000 0.544354 0.100000 0.429957 0.333699 0.752360 0.440419 0.160000 0.305511 0.100000 0.100000 0.100000 0.164943 0.314280 0.107747 0.100000 0.100000 0.881262 0.876637 0.250089 0.181520 0.282248 0.223063 
0.289850 0.100000 1.625569 0.100000 0.100000 0.372721 0.296211 0.100000 0.641894 0.839821 0.545969 0.504104 0.361188 1.087685 0.106065 0.100000 0.344952 0.113980 0.100000 0.126338 1.001068 0.895456 0.733676 0.486065 0.100000 0.100000 0.100000 0.100000 0.941346 0.733694 0.307388 0.244712 0.100000 0.791022 1.012311 0.757340 0.100000 0.572504 0.359064 0.100000 0.325813 0.100000 0.579564 1.762150 0.832002 0.351585 0.427753 
0.801780 0.540856 0.823757 0.517837 0.170499 0.100000 0.100000 0.824437 0.867793 0.455645 0.597599 0.100000 0.828103 0.912337 0.598420 0.264820 0.831468 0.755601 0.252166 0.560421 0.477730 0.633644 0.100000 0.663159 0.100000 0.451190 0.100000 0.548477 0.387209 0.386745 0.551676 0.100000 0.100000 0.852106 0.172003 0.651106 0.444389 0.490737 0.817283 0.303096 0.100000 0.902430 1.282848 0.797553 0.595016 0.100000 0.264113 
