56 Number of operations
19 Number of workers
Standard production times
0.395487 0.532490 0.222502 0.307822 0.261232 0.472611 0.856732 0.348992 0.510849 0.592732 0.929213 0.391227 0.206876 0.575733 0.100000 0.623915 0.189126 0.198222 0.386496 0.383715 0.967043 0.350765 0.541102 0.253267 0.159032 0.456081 0.295062 0.100000 0.627160 0.519564 0.619080 0.716055 0.419631 0.380416 0.100000 0.410165 0.555420 0.278717 0.305743 0.100000 0.571778 0.269913 0.412373 0.663896 0.543813 0.237312 0.591981 0.366152 0.400966 0.541476 0.611755 0.607141 0.514341 0.395286 0.100000 0.249166 
Production times: workers row and ops columns
0.100000 0.953718 0.100000 0.341066 0.100000 1.264855 0.100000 0.303266 0.858409 0.100000 0.834479 0.352618 0.619228 1.199839 0.100000 0.100000 0.872744 0.807165 0.155493 0.559159 1.157976 0.633903 0.643206 0.956616 0.100000 0.976493 0.485298 0.100000 1.213925 0.100000 1.199841 0.909094 0.100000 0.596962 0.100000 1.702813 1.473087 0.499062 0.100000 0.100000 0.409253 0.100000 0.100000 0.368410 0.405723 0.100000 0.242686 0.100000 1.676185 0.100000 0.101048 0.823339 0.352551 0.607198 0.499590 0.880473 
0.721077 0.334361 0.655245 0.100000 0.326905 0.423159 0.638492 0.626492 0.555872 0.998689 0.584474 0.745121 0.456258 0.713684 0.100000 0.648383 0.100000 0.100000 1.470419 0.774973 1.604821 0.322061 0.849962 0.562492 0.439487 0.557179 0.326588 0.100000 0.910203 0.746613 1.054446 0.733783 1.042175 0.346166 0.100000 0.791614 0.514917 0.100000 0.443191 0.426951 0.744210 0.519140 1.744981 1.010234 1.103341 0.100000 0.801497 0.698376 0.391622 0.378682 0.830711 0.612756 0.436214 0.840136 0.600670 0.439955 
0.159219 0.586801 0.371340 0.397008 0.100000 0.271206 0.864472 0.435659 0.699083 0.720244 0.488918 0.100000 0.100000 1.017076 0.100000 0.689864 0.399035 0.100000 0.100000 0.155758 0.822599 0.701196 0.701982 0.100000 0.258298 0.576546 0.100000 0.100000 0.100000 0.518711 0.424372 0.211054 0.110180 0.352401 0.100000 0.400023 0.621220 0.100000 0.112062 0.643403 0.508110 0.100000 0.330512 0.162320 0.783637 0.248403 0.817723 0.536806 0.418055 0.734128 0.569227 0.308479 0.107287 0.160833 0.100000 0.696964 
0.100000 0.609498 0.100000 0.100000 0.336558 0.481211 0.908814 0.613676 0.425336 0.806371 1.183189 0.390774 0.221820 0.837260 0.217175 0.771642 0.100000 0.315778 0.599459 0.443071 1.167816 1.022078 0.666712 0.552868 0.100000 0.300378 0.251067 0.100000 0.724879 0.339415 0.666581 0.384912 0.100000 0.277717 0.100000 0.314286 0.471792 0.273338 0.719387 0.610705 0.889384 0.262070 0.961459 0.304563 0.100000 0.417703 0.691319 0.424364 0.510736 0.149308 0.364745 1.077352 0.922797 0.278722 0.779947 0.100000 
0.324073 0.720219 0.100000 0.261442 0.309310 0.454007 1.217984 0.626834 0.281060 0.488273 1.083233 0.471148 0.100000 0.803159 0.445966 0.534579 0.525844 0.100000 0.100000 0.633697 0.816689 0.151677 0.562086 0.150059 0.357152 0.119473 0.283607 1.148290 0.760145 0.100000 0.899026 0.980870 0.934765 0.524921 0.100000 0.932815 0.869039 0.100000 0.630023 0.130131 1.004972 0.257911 0.748217 0.822147 0.819674 0.331195 0.567658 0.486346 0.690506 0.766753 1.196308 0.834823 0.804950 1.125955 0.219838 0.509833 
0.314545 0.645077 0.815076 0.501331 0.796583 0.253133 0.536478 0.541250 0.199957 1.493834 1.403749 0.117509 0.256725 0.502750 0.324807 0.706561 0.568693 0.738721 0.420099 0.131768 1.235844 0.401410 0.984559 0.307632 0.507969 0.656901 0.338349 0.100000 0.941217 1.378485 0.970365 0.776550 0.731909 0.514632 0.100000 0.603119 1.119908 0.283968 0.100000 0.346549 1.221062 0.651965 0.817988 1.454610 1.130141 0.551117 0.629369 0.507437 0.469960 0.895981 0.446817 1.170757 0.658093 0.375254 0.444562 0.100000 
0.100000 0.203630 0.632784 0.100000 0.973715 0.249182 1.117286 0.100000 1.088614 0.465467 1.188676 0.144730 0.100000 0.460274 0.649005 0.114976 0.100000 0.100000 0.776873 0.100000 0.695101 0.442916 0.375764 0.396872 0.753796 0.466682 0.262358 0.483058 0.596342 0.100000 0.111849 0.158423 1.375932 0.357784 0.388455 0.769068 0.100000 0.593105 0.100000 0.100000 0.464253 0.100000 0.243387 0.835503 1.685083 0.100000 0.509999 0.551963 0.494227 0.462261 0.100000 0.128829 0.422653 0.100000 0.100000 0.100000 
0.957728 0.100000 1.173511 0.100000 0.100000 0.100000 1.246472 0.862291 0.100000 0.758502 0.854418 0.270007 0.282475 0.958268 0.100000 0.100000 0.292471 0.162784 0.728876 0.100000 0.473758 1.122533 0.100000 0.434984 0.100000 0.253438 0.100000 0.693024 0.100000 0.100000 0.164047 1.304282 0.569237 0.720050 0.100000 0.528186 0.802438 1.051856 0.429172 0.100000 1.145328 0.317691 0.100000 0.575753 0.100000 1.280653 0.419669 0.100000 0.552583 0.126538 1.256140 0.674604 0.100000 0.144890 0.100000 0.100000 
0.100000 0.100000 0.320633 0.100000 0.100000 0.848562 1.805198 0.100000 1.416892 0.100000 1.210566 0.100192 0.169875 0.100000 0.100000 0.466509 0.100000 0.403943 1.549691 0.100000 0.889838 0.100000 0.100000 0.948849 0.100000 0.100000 0.305693 0.555459 0.784798 1.452668 0.527831 0.100000 0.489109 0.440141 0.100000 0.243845 0.262226 1.145975 0.100000 0.100000 0.711495 0.100000 0.625882 0.867390 0.121659 0.100000 0.291720 1.173588 0.598443 0.100000 0.100000 0.568368 0.507671 0.100000 0.245617 0.150500 
0.818536 0.763713 0.294543 0.448511 0.100000 0.838034 1.071693 0.323894 0.646188 0.531727 1.775369 0.355819 0.462527 0.785067 0.100000 0.725612 0.192846 0.373076 0.563388 0.714002 1.301949 0.328646 0.483635 0.176325 0.100000 0.100000 0.576164 0.176116 0.663778 0.122244 0.268768 0.100000 0.488743 0.681185 0.378293 0.486733 0.331799 0.376022 0.406451 0.411726 0.901539 0.290042 0.501968 0.972755 0.780969 0.286101 0.100000 0.266598 0.752580 0.686424 0.997708 0.603569 0.638422 0.733343 0.406347 0.466671 
0.622145 0.833083 0.539606 0.100000 0.100000 0.274041 0.647347 0.100000 0.801185 0.192341 0.859063 0.100000 0.100000 0.398318 0.100000 0.744538 0.803272 0.100000 0.100000 0.809260 1.035656 0.155937 0.100000 0.373062 0.122979 0.821835 0.100000 0.100000 0.434779 0.354515 0.836371 0.868766 0.127506 0.252719 0.100000 0.576902 0.402547 0.100000 0.102151 0.100000 0.746944 0.552661 0.699604 0.673129 0.288433 0.311698 0.434703 0.100000 0.387742 0.561565 0.770815 0.235677 0.100000 0.445041 0.100000 0.446212 
0.100000 0.237444 0.100000 1.326146 0.100000 0.424626 0.586659 0.221737 0.917687 0.636798 0.914746 0.977569 0.100000 1.132498 0.888445 0.100000 0.315599 0.100000 0.100000 0.100000 1.219726 0.720091 0.347789 0.100000 0.100000 0.100000 0.100000 0.100000 0.498597 0.451075 1.700311 1.044831 0.339500 0.406929 0.254178 0.100000 0.100000 0.100000 0.181672 0.146786 0.201975 0.100000 0.268521 0.678926 0.817444 0.104153 0.799032 0.100000 0.795727 0.501102 0.100000 0.468808 0.555752 0.100000 0.451007 0.100000 
0.425084 0.127131 0.208826 0.419157 0.100000 0.308275 0.578842 0.342474 0.413859 0.636374 0.805122 0.100000 0.100000 0.334781 0.132062 1.196714 0.343773 0.100000 0.100000 0.432063 0.866457 0.100000 0.703809 0.150035 0.100000 0.100000 0.479799 0.100000 0.447353 0.125885 0.403937 0.982610 0.471799 0.877367 0.314517 0.409994 0.720728 0.223383 0.100000 0.100000 0.568179 0.100000 0.153332 0.186134 0.947076 0.100000 0.176118 0.100000 0.589297 0.776430 0.342219 0.676678 0.143333 0.292993 0.781110 0.429941 
0.370054 0.100000 0.100000 0.100000 0.100000 0.772344 1.144869 0.445957 1.007602 0.100000 1.625278 0.100000 0.394021 0.801450 0.637181 1.621970 0.361851 0.100000 0.100000 0.512716 0.542836 0.100000 0.439682 0.588841 0.100000 0.100000 0.365883 0.100000 0.100000 1.249050 0.740517 1.706165 0.100000 0.898875 0.100000 1.749987 0.447708 0.100000 0.517654 0.194481 0.342211 0.725786 0.757464 1.106742 0.744022 0.100000 0.241842 0.662648 0.100000 1.390498 0.628002 0.210052 1.033124 0.385189 0.698590 0.355060 
1.279636 0.340747 0.100000 0.100000 0.100000 0.767558 1.761304 0.251473 0.100000 0.934193 1.156064 0.200645 0.410850 0.578938 0.100000 0.966724 0.100000 0.100000 0.268334 1.167717 1.948228 1.050833 0.293601 0.100000 0.331003 0.375079 0.364579 0.100000 0.184050 0.100000 1.005432 1.247215 0.100000 0.671723 0.420770 0.100000 0.560358 0.685434 0.100000 0.723141 0.468693 0.299596 0.290199 0.100000 0.713332 0.233898 0.386912 0.256181 0.609621 0.467767 0.346634 0.647357 0.891422 0.413248 0.100000 0.664605 
0.247283 0.825170 0.149520 0.100000 0.100000 0.100000 0.739661 0.100000 0.702353 1.142537 0.808132 0.100000 0.100000 0.688392 0.305988 0.652708 0.537307 0.100000 0.260223 0.521591 0.854027 0.594365 0.788896 0.117357 0.100000 0.100000 0.842833 0.100000 0.657025 0.100000 1.772638 0.398785 0.736487 0.100000 1.695951 0.100000 0.733638 0.100000 0.715347 0.100000 0.350023 0.100000 0.213520 0.664211 1.414425 0.100000 0.864436 0.387117 0.100000 0.435379 0.807104 0.588381 0.492315 0.100000 0.100000 0.491157 
0.218754 0.476797 0.344530 0.505612 0.477031 0.512015 0.346396 0.677438 0.911290 1.051085 1.131051 0.744245 0.217724 0.341439 0.147401 0.649007 0.586624 0.536119 0.329699 0.355011 1.051184 0.469663 1.062461 0.202814 0.640705 0.135525 0.187095 0.694363 0.839128 0.644144 0.889698 0.745710 0.530164 0.539452 0.259325 0.611216 0.476123 0.480098 0.186735 0.368007 0.615335 0.437701 0.589036 0.536343 0.477674 0.288073 0.819421 0.740203 0.478694 0.431829 0.777214 0.694562 0.833059 0.848864 0.774704 0.100000 
0.347591 0.603665 0.548599 0.602712 0.372012 0.795095 0.786123 0.333632 0.694165 0.368530 1.490834 0.248838 0.100000 0.764741 0.100000 0.589730 0.233535 0.674292 1.389325 0.529209 0.677572 0.523076 0.833988 0.100000 0.356931 1.021781 0.536452 0.100000 0.556576 0.126501 0.585009 0.638988 0.928779 0.100000 0.100000 0.562450 0.826730 0.210417 0.458286 0.393905 0.886843 0.474397 0.668660 0.298458 0.877323 0.374117 0.440901 0.343915 0.409145 0.473736 0.657834 0.586017 0.176295 1.131521 0.308452 1.003685 
0.407674 1.107970 0.278419 0.869646 0.631199 0.794687 0.898771 0.509592 1.004241 0.100000 0.819764 0.114255 0.100000 0.855826 0.445355 0.661103 0.623151 0.100000 0.305158 0.518460 1.184860 0.409503 0.319702 0.520881 0.765996 0.442385 0.401214 0.100000 0.724544 0.344897 0.769195 1.278441 0.674982 0.262821 0.439643 0.100000 1.015492 0.467664 0.100000 0.101527 0.398517 0.964562 0.680723 0.460574 0.440683 0.381780 0.518554 0.533259 0.610944 0.205138 0.891710 1.204202 0.706242 0.677672 0.100000 0.193792 
