55 Number of operations
19 Number of workers
Standard production times
0.461863 0.463692 0.594820 0.427046 0.277659 0.573540 0.188887 0.512234 0.599494 0.265589 0.159857 0.278810 0.147651 0.484159 0.467665 0.367883 0.356871 0.293619 0.124082 0.476269 0.139103 0.292849 0.972591 0.598846 0.489168 0.363541 0.374444 0.133140 0.141151 0.595510 0.317334 0.596439 0.582722 0.100000 0.477729 0.724192 0.305269 0.100000 0.552081 0.551635 0.220756 0.399028 0.304223 0.663749 0.668373 0.316195 0.677069 0.236754 0.676354 0.218320 0.656508 0.480284 0.233176 0.239515 0.123646 
Production times: workers row and ops columns
0.100000 0.100000 0.903311 0.438333 1.042974 0.896126 0.321976 0.215330 0.214832 0.129147 0.358417 0.277858 0.100000 0.100000 0.934352 0.100000 0.994201 0.401974 0.754765 0.100000 0.324556 0.100000 0.716081 1.192096 0.100000 0.549541 1.033899 0.618948 1.054799 0.624933 0.638665 0.240642 0.100000 0.100000 1.142068 1.283791 0.845259 0.100000 0.172665 0.484419 0.100000 0.861928 0.100000 0.655451 1.131167 0.801670 0.248870 0.100000 0.936943 0.993907 0.399962 0.105777 0.100000 0.100000 0.100000 
1.132633 0.306436 1.009939 0.947479 0.719755 0.333148 0.100000 0.100000 0.407852 0.132919 0.100000 0.100000 0.100000 0.580682 1.011696 0.580641 0.487602 0.100000 0.456662 0.100000 0.100000 0.100000 1.524129 1.455680 0.390826 0.100000 0.100000 0.392731 0.100000 0.928308 0.100000 0.355132 0.100000 0.100000 0.443229 1.059355 0.825269 0.221183 1.307102 1.233920 0.100000 0.290134 0.275072 0.989125 0.807161 0.601613 0.717353 0.433962 1.381232 0.159210 1.140948 0.100000 0.100000 0.197526 0.100000 
0.457964 0.671247 0.864728 0.100000 0.202996 0.641676 0.100000 0.313277 0.349461 0.213371 0.100000 0.362698 0.100000 0.499643 0.625700 0.736670 0.100000 0.698312 0.407317 0.220321 0.100000 0.530267 0.711991 0.815520 0.473640 0.207192 0.991629 0.100000 0.100000 0.290958 0.583561 0.573349 1.000145 0.100000 0.231534 0.377456 0.256235 0.100000 0.383322 0.377854 0.100000 0.100000 0.486207 0.471115 0.783880 0.392568 0.100000 0.100000 0.665556 0.234248 1.209841 0.100000 0.298359 0.336519 0.100000 
0.844881 0.366827 0.885415 0.633208 0.100000 1.317765 0.100000 0.815379 0.842480 0.327373 0.625370 0.363222 0.119601 0.535791 0.762256 0.861265 0.260210 0.100000 0.439712 0.826556 0.100000 0.889164 1.269448 0.283315 0.953696 0.803489 0.438679 0.303932 0.100000 1.056158 0.618960 0.473879 0.656032 0.100000 0.279485 0.500814 1.148183 0.100000 0.856370 0.578566 0.458772 0.438801 0.613870 0.218315 0.649406 0.319525 0.497718 0.297055 0.687466 0.361702 0.678679 0.491678 0.100000 0.695177 0.100000 
0.100000 1.048570 0.100000 0.449430 0.572886 0.100000 0.100000 0.240998 0.754944 0.100000 0.100000 0.536263 0.320202 0.595849 0.100000 0.615988 0.286958 0.249064 0.272813 0.206503 0.100000 0.100000 1.367369 0.539283 0.360307 0.100000 0.100000 0.281201 0.100000 0.451708 0.100000 0.526970 0.694356 0.100000 0.541241 0.810474 0.385890 0.575912 0.342356 0.470553 0.157405 0.267246 0.100000 0.311521 0.878981 0.227221 0.614008 0.100000 0.639786 0.100000 0.411681 0.100000 0.100000 0.100000 0.100000 
0.153412 0.716565 0.229532 0.510257 0.105129 0.471230 0.506329 0.493239 0.619076 0.150133 0.219719 0.475005 0.100000 0.638202 0.384262 0.205661 0.803555 0.100000 0.398046 0.620255 0.185635 0.227529 1.020299 0.403418 0.982511 0.460469 0.403749 0.329771 0.156779 0.598067 0.754057 0.763892 0.676380 0.175875 0.574516 0.526446 0.841087 0.191483 0.964329 0.470393 0.320311 0.100000 0.258229 1.306148 0.693616 0.252188 0.854639 0.644862 0.852623 0.229708 0.544618 0.702981 0.100000 0.100000 0.100000 
0.891806 0.526497 0.989004 0.100000 0.488723 0.655243 0.335639 0.413853 1.008383 0.100000 0.100000 0.100000 0.100000 0.100000 0.326247 0.371768 0.356266 0.304520 0.100000 0.602159 0.652378 0.503265 0.954906 0.483651 0.111096 0.671346 0.476459 0.100000 0.123605 0.661246 0.300178 0.100000 0.444651 0.100000 1.360626 0.656993 0.737287 0.261935 0.730563 0.827065 0.100000 0.624016 0.820074 0.698406 0.689830 0.395518 1.002245 0.100000 0.596411 0.109743 0.434493 0.492539 0.272365 0.100000 0.472832 
0.143229 0.369105 0.638165 0.495826 0.135512 0.852424 0.661545 0.966164 0.979848 0.624893 0.637054 0.780923 0.100000 0.578489 0.479750 0.489089 0.194460 0.728465 0.100000 0.830919 0.194654 0.434872 0.773936 0.785134 0.866411 0.820913 0.950681 0.111307 0.589883 0.337504 0.100000 0.232671 0.889342 0.275337 0.551758 0.774021 0.329446 0.100000 0.884015 0.973463 0.460356 0.738274 0.100000 0.100000 0.817205 0.100000 0.933149 0.682862 0.642758 0.282151 0.668694 0.844582 0.287584 0.385831 0.564997 
0.503550 0.120815 1.072209 0.726283 0.139461 1.157871 0.835822 0.713847 0.468508 0.513974 0.225256 0.163330 0.391669 0.474502 0.418055 0.351519 0.634598 0.667015 0.100000 0.337415 0.934608 0.354863 0.613355 0.418309 0.302619 0.100000 0.462082 0.100000 0.100000 1.044880 0.295026 0.900818 0.936531 0.749966 0.562999 0.765171 0.226367 0.196846 0.514810 1.142947 0.268482 0.246842 0.761578 1.240642 0.895052 0.629532 0.405417 0.473869 0.631331 1.145001 1.069168 0.828981 0.394247 0.445796 0.100000 
0.887054 0.246984 0.883886 0.729251 1.515047 0.699173 0.129954 1.246622 0.576552 0.100000 0.100000 0.181240 0.198739 0.667498 0.622365 0.597175 0.588572 0.720561 0.429286 0.318450 0.441542 0.294436 1.071361 0.460506 0.426494 0.593750 0.877717 0.369701 0.100000 0.810256 0.330082 0.100000 1.077625 0.100000 0.650767 1.061717 0.226616 0.100000 0.293104 0.615500 0.100000 0.436034 0.328831 0.898933 0.426483 0.598771 1.079353 0.335320 1.110106 0.424369 0.402705 0.250743 0.404586 0.525331 0.110520 
0.409758 0.218922 0.544156 0.753753 0.319129 1.463674 0.425153 0.656678 0.864452 0.325591 0.733267 0.113631 0.624395 0.504687 0.620251 0.970194 0.392350 0.400095 0.350658 0.988627 0.310671 0.792569 0.942033 0.481117 0.755050 0.604001 0.694358 0.100000 0.277707 0.695798 0.796286 0.393647 0.642801 0.281357 0.588698 0.474283 0.671337 0.100000 0.322798 0.100000 0.194347 0.227989 0.100000 0.552855 1.044289 0.100000 0.832410 0.233139 0.637741 0.100000 0.544487 0.198822 0.379029 0.671401 0.207270 
0.774457 0.519501 0.100000 0.688944 0.451682 0.884212 0.534877 0.578103 0.303652 0.209972 0.100000 0.604146 0.221422 0.532281 0.981732 0.302206 0.696546 0.426293 0.100000 0.321021 0.436566 0.100000 0.914445 0.597159 0.852788 0.845890 0.208628 0.100000 0.100000 1.097224 0.200504 0.705586 0.303211 0.100000 0.100000 0.689200 0.562588 0.144872 0.366453 1.011035 0.181430 0.642429 0.821873 0.989265 1.209093 0.447001 0.507468 0.821806 0.651179 0.100000 0.268852 0.421850 0.462561 0.543068 0.711184 
1.513598 0.518010 0.714810 0.423523 0.340201 0.126287 0.100000 0.314404 0.670151 0.100000 0.100000 0.181600 0.156387 0.518545 0.463201 0.213831 0.100000 0.303169 0.237634 0.522725 0.313184 0.199023 1.175600 0.499452 0.221420 0.328561 0.345250 0.131754 0.100000 0.100000 0.883143 1.091795 0.530124 0.275490 0.769028 0.350917 0.121114 0.100000 0.507824 0.526697 0.831922 0.403720 0.126613 0.630280 0.233146 0.818290 1.102237 0.270313 0.308151 0.100000 0.509123 0.100000 0.124031 0.100000 0.309311 
1.147954 0.198471 0.304958 0.206168 0.100000 0.730979 0.405367 0.464809 0.137538 0.459661 0.100000 0.100000 0.447160 0.521370 0.270209 0.139658 0.100000 0.423166 0.439526 0.100000 0.100000 0.772185 1.185950 0.769841 0.667518 0.497954 0.399176 0.100000 0.103957 0.100000 0.229610 0.256645 0.100000 0.132148 0.431275 0.903077 0.241485 0.100000 0.733841 0.265434 0.790904 0.913284 0.100000 0.134306 0.564851 0.270174 0.643704 0.100000 1.101343 0.375058 0.948074 0.842253 0.584377 0.503000 0.100000 
0.245586 0.100000 0.430851 0.263345 0.452122 0.825461 0.380908 0.618744 0.218965 0.209191 0.264550 0.165092 0.751747 0.100000 0.100000 0.100000 0.528089 0.100000 0.126412 0.100000 0.100000 0.100000 1.206564 0.625701 0.420328 0.100000 0.432448 0.100000 0.100000 0.763088 0.100000 0.559087 0.387772 0.120946 0.452557 0.201356 0.322917 0.242565 0.403212 0.448638 0.422757 0.302004 0.171513 0.899857 0.765977 0.789325 0.575314 0.100000 0.257738 0.314618 0.891883 0.595704 0.100000 0.556146 0.360396 
0.311276 0.914090 0.831491 0.100000 0.100000 0.260505 0.100000 0.607809 0.282372 0.180437 0.485116 0.100000 0.100000 0.608255 0.642410 0.380344 0.352043 0.100000 0.100000 0.100000 0.488356 0.241510 0.920730 0.100000 1.052927 0.348559 0.766897 0.100000 0.100000 0.100000 0.100000 0.153923 0.368118 0.100000 0.577280 0.916901 0.100000 0.353715 0.135594 0.390753 0.100000 0.358908 0.100000 0.521413 0.476069 0.100000 0.142199 0.143573 0.338535 0.377782 0.905130 0.479720 0.100000 0.503139 0.100000 
0.442862 0.221727 0.873468 0.964934 0.100000 0.542100 0.100000 0.272564 0.355013 0.379396 0.100000 0.394526 0.420016 0.459845 0.263958 0.100000 0.100000 0.477899 0.100000 0.241948 0.100000 0.100000 1.346399 0.142753 0.291426 0.100000 0.693317 0.100000 0.638049 0.176764 0.172960 0.100000 0.572962 0.100000 0.610600 0.740782 0.100000 0.100000 0.418354 0.373325 0.468750 0.677758 0.168507 0.410336 0.432364 0.743487 0.775660 0.113858 0.100000 0.100000 0.669406 0.839478 0.100000 0.100000 0.100000 
0.405154 0.565995 0.636954 0.274153 0.212874 0.417779 0.372356 0.268318 1.064282 0.100000 0.424463 0.415250 0.100000 0.334901 0.338590 0.297143 0.100000 0.256224 0.272498 0.581684 0.431707 0.143804 1.305021 0.549859 0.148318 0.501735 0.249707 0.348141 0.101815 0.522208 0.100000 0.767730 0.217955 0.100000 0.803394 0.550692 0.602387 0.595563 0.100000 0.689280 0.310850 0.100000 0.100000 0.224820 0.369534 0.100000 0.637747 0.100000 0.452504 0.100000 1.243435 1.057099 0.100000 0.100000 0.100000 
0.416054 0.939732 0.763610 0.968502 0.299547 0.955892 0.254058 0.775595 0.741754 0.235619 0.472689 0.149375 0.100000 0.601682 0.327530 0.476763 0.856708 0.528284 0.752189 0.916760 0.221634 0.100000 1.706164 0.443577 0.474126 0.348741 1.049525 0.478216 0.380816 1.020647 0.100000 1.358247 0.886698 0.300515 0.775933 0.589065 0.853304 0.308256 0.942174 1.322960 1.059883 0.876118 0.328809 0.675917 0.826924 0.100000 0.958345 0.208326 0.355546 0.295111 0.697108 0.726806 0.637402 0.100000 0.176888 
