57 Number of operations
16 Number of workers
Standard production times
0.535089 0.107488 0.292201 0.100000 0.458960 0.345353 0.264529 0.481758 0.353117 0.199139 0.402105 0.360412 0.196680 0.397970 0.527667 0.645301 0.430944 0.516945 0.137858 0.668291 0.698149 0.413496 0.534058 0.100000 0.626991 0.383866 0.564343 0.100000 0.422523 0.503267 0.507067 0.187357 0.444528 0.469986 0.528216 0.539634 0.141600 0.348488 0.491422 0.397405 0.469836 0.552901 0.587696 0.376422 0.312073 0.177739 0.100000 0.564444 0.421210 0.435048 0.100000 0.875268 0.666898 0.245236 0.480377 0.687827 0.194242 
Production times: workers row and ops columns
0.883953 0.100000 0.100000 0.100000 0.100000 0.100000 0.250825 0.100000 0.804123 0.408331 0.787570 0.100000 0.100000 0.100000 0.151406 0.100000 0.100000 0.674798 0.100000 0.735797 0.692108 0.772974 0.415730 0.692161 0.442332 0.112383 0.506421 0.856726 0.163712 0.156454 0.902475 0.100000 1.130129 0.596793 0.595769 0.660482 0.100000 0.100000 1.326399 1.090058 0.683485 0.620135 0.875455 0.100000 0.840623 0.100000 0.133084 0.963787 0.553396 0.654429 0.301953 1.360851 0.100000 0.100000 0.100000 0.983899 0.100000 
0.641133 0.309859 0.501386 0.340918 0.785754 0.266732 0.100000 0.930935 0.100000 0.538120 0.114908 0.100000 0.393311 0.196493 0.124484 0.696663 0.707905 0.849233 0.100000 0.132829 0.835690 0.452076 0.459796 0.100000 0.931715 0.158723 0.134771 0.100000 0.519022 0.634314 0.344268 0.100000 0.384420 0.114569 0.659420 0.976699 0.215834 0.100000 0.440497 0.145169 0.417715 0.455554 0.379986 0.475106 0.100000 0.629313 0.534722 0.745417 0.100000 0.555362 0.225909 1.079678 0.100000 0.100000 0.598077 0.535657 0.461452 
0.845436 0.155997 0.397282 0.485139 0.616046 0.835714 0.118855 1.212730 0.727614 0.696367 0.485064 0.551796 0.100000 1.077694 0.145884 0.100000 0.365875 1.389784 0.835605 0.301001 0.569134 1.125452 1.186239 0.100000 1.194745 0.100000 0.995797 0.393791 0.726110 0.409776 0.884461 0.100000 0.790819 0.775762 0.973422 0.100000 0.123893 0.179027 0.263078 0.505537 0.100000 0.166539 0.883187 0.193497 0.100000 0.100000 0.769217 0.428237 1.442058 0.100000 0.100000 0.100000 0.471776 0.810957 0.148561 0.490777 0.503292 
0.524984 0.100000 0.130444 0.100000 0.361337 0.100000 0.355180 0.581076 0.241726 0.100000 0.243880 0.100000 0.629106 0.586063 0.757888 0.935276 0.221854 0.991485 0.100000 0.592052 0.786450 0.546091 0.244621 0.100000 0.713390 0.100000 0.451653 0.100000 0.182477 0.194336 0.633323 0.100000 0.100000 0.100000 0.587716 0.100000 0.100000 0.407531 0.312399 0.462409 0.207509 0.526140 0.459608 0.104219 0.100000 0.100000 0.100000 0.100000 0.441116 0.468851 0.312802 0.672927 0.851146 0.952350 0.625335 1.144261 0.100000 
0.274266 0.507934 0.561436 0.155862 0.908413 0.584171 0.924085 1.530215 0.100000 0.229329 0.976687 1.285731 0.100000 0.527709 1.100209 0.719407 0.100000 0.100000 0.929840 0.870304 0.585144 0.966536 0.499150 0.100000 0.477145 0.274772 0.100000 1.064819 1.049336 0.983387 0.551469 0.100000 0.226965 0.280447 0.758278 0.574223 0.100000 0.453725 1.476388 1.225333 0.917335 0.100000 0.576576 1.000836 0.326273 0.732557 0.100000 0.247600 0.876151 0.291981 0.100000 0.638517 0.839954 0.310430 0.417947 0.726892 0.100000 
0.684245 0.167224 0.100000 0.100000 0.242237 0.100000 0.105689 0.679048 0.100000 0.293836 0.100000 0.100000 0.100000 0.100000 1.034656 0.565683 0.715720 0.100000 0.325736 0.229422 0.921981 0.302803 0.462716 0.235110 0.620529 0.103726 0.271176 0.290274 0.310772 0.389157 0.704057 0.100000 0.156491 0.604670 0.885399 0.476678 0.100000 0.226845 0.693791 0.629483 0.100000 0.173590 0.414399 0.424924 0.449230 0.163613 0.219569 0.198500 0.267662 0.540849 0.238522 0.769583 0.100000 0.286749 0.132452 0.548552 0.100000 
0.702661 0.511801 0.223558 0.100000 0.473973 0.306596 0.100000 0.947929 0.100000 0.671703 0.100000 0.358476 0.100000 0.126133 0.745974 0.387193 0.528825 0.323404 0.100000 0.912816 0.550678 0.222128 0.370621 0.100000 0.350934 0.100000 0.498423 0.100000 0.719955 0.100000 0.100000 0.100000 0.536458 0.326282 0.340582 0.445415 0.100000 0.232014 0.504748 0.100000 0.699558 1.090444 0.609635 0.100000 0.100000 0.531385 0.500491 0.100000 0.275265 0.722374 0.100000 0.771299 0.899083 0.168854 0.291496 0.446951 0.666345 
0.621728 0.100000 0.100652 0.387146 0.191611 0.120813 0.185756 0.878379 0.821203 0.100000 0.462919 0.100000 0.397311 1.067155 0.277448 0.541433 0.353933 0.180178 0.100000 0.320847 0.498936 0.465681 0.367276 0.100000 0.430147 0.250567 0.538256 0.100000 0.350759 0.403516 0.782755 0.509158 0.492857 0.146581 0.551405 0.566207 0.100000 0.100000 0.381245 0.711726 0.611388 1.101307 0.404863 0.100000 0.628175 0.165150 0.141581 0.212880 0.100000 0.643400 0.312471 0.640460 0.150073 0.523051 0.684622 0.401075 0.962954 
0.636197 0.100000 0.117753 0.100000 0.485471 0.435665 0.166689 0.596195 0.100000 0.150680 0.215422 0.401425 0.100000 0.116939 0.241518 0.198992 0.114794 0.306625 0.100000 0.103423 1.036482 0.535250 0.543944 0.100000 0.758586 0.100000 0.100000 0.131788 1.041911 0.102469 0.151407 0.237692 0.393585 0.492055 0.127909 0.100000 0.249742 0.649996 0.527077 0.475379 0.310807 0.373731 0.374900 0.100000 0.536594 0.364825 0.100000 0.736999 0.214983 0.254516 0.344514 0.606243 0.780557 0.421935 0.549465 0.346178 0.784613 
0.494489 0.131007 0.617813 0.165633 0.479556 0.100000 0.369104 0.497145 1.286058 0.100000 0.135501 0.726725 0.304270 0.283446 0.455363 0.740664 0.100000 0.469277 0.100000 0.224322 0.858396 0.435929 0.793223 0.580304 0.423173 0.806375 0.724474 0.100000 0.208603 0.821935 0.726264 0.100000 0.853068 0.179295 0.775263 0.516943 0.100000 0.100000 0.603950 0.370704 0.478951 0.456993 0.534202 0.948848 0.385849 0.100000 0.100000 0.100000 0.395784 0.376972 0.100000 0.631417 1.359725 0.945845 0.907136 0.619205 0.357635 
0.100000 0.100000 0.831431 0.368941 0.373415 0.100000 0.690098 0.362246 0.737676 0.460738 1.040991 0.659881 0.993856 0.487126 0.100000 0.201391 0.545832 0.435816 0.550673 0.264927 1.599187 0.426197 0.112427 0.171000 0.646868 0.100000 0.972478 1.053817 0.154293 0.399790 0.397480 0.100000 0.279676 0.442031 0.100000 1.506434 0.100000 0.479477 1.613943 0.100000 0.351922 0.258408 1.271088 0.108397 0.100000 0.100000 0.544893 0.583561 0.486697 0.187252 0.100000 1.394296 0.100000 0.100000 0.262509 0.235845 0.633342 
0.352157 0.284463 0.100000 0.206646 0.629582 0.171249 1.074299 0.858381 0.955035 0.656093 0.365994 0.637090 0.398926 0.513208 0.887074 0.367381 0.380392 0.594062 0.100000 0.870158 0.521296 0.400962 0.100000 0.421554 0.282647 0.343770 0.933110 0.223563 0.766681 0.407502 0.577354 0.375863 0.543181 0.263761 0.836181 0.620982 0.884031 0.363246 0.624974 0.582520 0.644046 0.849650 0.672953 0.589039 0.186524 0.100000 0.641601 0.675246 0.274246 0.289947 0.191015 1.481139 0.630623 0.479264 0.723199 0.654919 1.133989 
0.100000 0.318969 0.100000 0.100000 0.400191 0.247103 0.318995 0.514524 0.544511 0.639258 0.100000 0.362177 0.100000 0.124515 0.100000 0.779299 0.100000 0.303325 0.845587 0.893047 0.524283 0.234793 0.687189 0.100000 0.501512 0.401604 0.747735 0.275221 0.212535 0.100000 0.554765 0.100000 0.387174 0.395266 0.290326 0.366062 0.100000 0.532686 0.101982 0.797911 0.214123 0.709145 0.476570 0.100000 0.410785 0.100000 0.294806 0.338781 0.628251 0.892096 0.100000 0.774616 0.720967 0.289708 0.541284 0.757811 0.100000 
0.591283 0.100000 0.493843 0.132910 0.476738 0.645971 0.387024 0.383828 0.688542 0.907863 0.100000 0.294313 0.122941 1.068216 0.526072 0.953365 0.766801 0.426663 0.100000 1.293869 0.814760 0.227696 1.333255 0.214630 0.967223 0.976063 0.663099 0.324948 0.597316 1.061835 0.516795 0.508091 0.725043 0.965839 0.701673 0.850614 0.779795 1.245938 0.728666 0.623481 1.246276 1.338992 0.380636 0.673884 0.669417 0.216632 0.100000 0.763934 0.465642 0.409557 0.291798 1.138849 1.513916 0.100000 0.485842 0.686152 0.574523 
0.870701 0.292766 0.100000 0.100000 0.654034 0.672923 0.366152 1.014012 0.724174 0.195370 0.100000 0.478104 0.182483 0.884912 0.862462 0.860395 0.408927 0.570440 0.104948 1.112654 0.999780 0.765065 0.772050 0.306674 0.993308 0.238452 0.376116 0.100000 0.238303 0.443414 1.221914 0.539980 0.274462 0.259020 0.100000 0.325567 0.378415 0.345426 0.434418 0.398861 0.740638 0.248563 0.983150 0.100000 0.991795 0.336090 0.100000 1.085368 0.378288 0.336275 0.133087 1.124818 0.886896 0.692299 0.213803 0.752023 0.100000 
0.100000 0.100000 0.445598 0.100000 0.655991 0.184508 0.509006 0.737631 0.260762 0.100000 0.153135 0.100000 0.289868 0.347687 0.255629 0.564885 0.286639 0.492595 0.100000 0.533248 0.409715 0.100000 0.100000 0.100000 0.100000 0.288826 0.166103 0.108732 0.434421 0.852591 0.249561 0.432265 0.100000 0.446242 0.534884 0.100000 0.100000 0.721861 0.100000 0.419562 0.100000 0.648776 0.275732 0.100000 0.198375 0.100000 0.100000 0.100000 0.209853 0.638433 0.100000 0.912440 0.501305 0.158803 0.424819 0.847817 0.128393 
