48 Number of operations
19 Number of workers
Standard production times
0.436826 0.198809 0.331604 0.391055 0.455688 0.283821 0.369697 0.170513 0.277800 0.162097 0.574453 0.396892 0.633336 0.100000 0.551241 0.100000 0.330241 0.100000 0.539262 0.512992 0.495972 0.340811 0.315938 0.228077 0.318417 0.649516 0.100000 0.100000 0.538062 0.585624 0.717307 0.480261 0.146062 0.493841 0.660772 0.646257 0.445896 0.454722 0.266643 0.360484 0.497204 0.572092 0.100000 0.238532 0.100000 0.618461 0.282133 0.597837 
Production times: workers row and ops columns
0.960899 0.865678 0.232897 1.278378 0.118324 0.359130 0.446170 0.100000 0.496773 1.131586 0.100000 0.846561 0.556083 0.984814 0.793135 0.438108 0.651823 0.224543 0.100000 1.208824 0.100000 0.460093 0.622977 0.100000 0.390949 1.233457 0.100000 0.100000 0.100000 0.100000 0.421768 0.222052 0.100000 0.682489 0.373418 0.591530 0.785432 0.100000 0.116540 1.439559 0.934347 0.100000 0.100000 0.520775 0.716736 0.692954 0.100000 0.232574 
0.730344 0.392727 0.276610 0.434334 0.430829 0.601218 0.262709 0.416438 0.633256 0.407971 0.424181 0.900389 0.529873 0.327931 0.425240 0.100000 0.497966 0.286111 0.616030 0.695813 0.401449 0.219572 0.365511 0.900860 0.662861 0.593518 0.367614 0.100000 0.500884 0.943410 0.659728 0.100000 0.100000 0.620366 0.799174 1.118742 0.331089 0.774161 0.494433 0.415780 0.847957 0.819727 0.100000 0.660037 0.100000 0.736346 0.382866 0.825228 
0.319196 0.288326 0.389418 0.790182 0.316914 0.405645 0.391325 0.100000 1.180634 0.240731 0.228456 0.919480 0.412161 0.311261 0.910091 0.100000 0.300974 0.100000 0.600454 0.126254 0.225281 0.398575 0.727624 0.517601 0.937242 0.957731 0.100000 0.163147 0.100000 0.397392 0.511199 0.661439 0.440411 0.425729 0.584221 0.282290 0.507568 0.629172 0.500377 0.225671 1.193751 1.030609 0.171429 0.180375 0.103525 0.763800 0.376545 0.842895 
0.821308 0.881930 0.905236 0.335941 0.649813 0.100000 0.100000 1.125927 0.100000 1.157465 0.399935 0.523304 1.178041 0.111961 0.747804 0.100000 0.100000 0.100000 0.214404 1.328684 0.412123 1.202146 0.100000 0.237288 0.599393 0.502605 0.647327 0.419846 0.400762 0.803129 2.123246 0.606259 0.295813 0.273846 0.727520 0.100000 0.346751 1.683515 0.800251 0.681194 1.049165 1.512969 0.396794 1.273971 0.634899 0.701721 1.141872 0.100000 
0.151151 0.331702 0.100000 0.313026 0.136293 0.100000 1.725660 0.484250 0.250826 0.819680 0.455784 0.839561 0.808744 0.913287 0.100000 0.482861 0.391366 0.100000 1.071972 0.100000 1.305592 0.597358 0.663680 0.268306 0.770681 0.100000 0.137364 0.100000 0.679393 0.562046 1.025596 0.100000 1.065638 1.651771 0.556630 0.638770 0.589675 1.086764 1.215094 0.100000 0.189650 0.100000 0.100000 0.100000 0.281402 0.100000 1.033764 1.051996 
0.100000 0.100000 0.100000 1.091038 0.100000 0.100000 0.344985 0.357208 0.100000 0.971812 0.694681 0.623411 0.205570 0.100000 0.472981 0.100000 0.474070 0.100000 0.524869 0.100000 1.505798 0.503942 0.746617 0.687581 0.100000 0.100000 0.100000 0.548575 0.583580 0.978341 1.185624 0.100000 0.289904 1.477079 0.375506 0.100000 0.329944 0.222387 0.475834 0.100000 0.542563 0.100000 0.526982 1.031965 0.748939 0.100000 0.441731 0.100000 
0.578419 0.166629 0.100000 0.562952 0.524696 0.753573 0.433351 0.288027 0.100000 0.100000 0.336503 0.545314 0.630187 0.850445 0.116161 0.100000 0.457782 0.100000 0.787053 0.227711 1.206143 0.181016 0.873911 0.212926 1.064178 0.100000 0.358399 0.100000 0.653763 1.182027 0.147759 0.100000 0.100000 0.621035 0.100000 0.694554 0.100000 0.100000 0.100000 0.550783 0.183997 0.326070 0.100000 0.102164 0.100000 0.403411 0.324615 1.146727 
1.150725 0.498905 0.455332 0.201626 0.582404 0.617490 0.849091 0.100000 0.448722 0.506778 1.232697 0.573569 0.570885 0.100000 0.544009 0.100000 0.678202 0.520792 0.856719 0.970648 0.459842 0.554912 0.300539 0.341175 0.785913 0.740595 0.100000 0.124155 0.424207 0.232949 0.580198 0.868449 0.750335 0.447139 1.061533 1.099723 0.197959 0.542913 0.353305 0.512200 0.119079 0.567349 0.517346 0.717193 0.749409 0.617208 0.942985 0.897608 
0.100000 0.327292 0.125920 0.446778 0.324931 0.546293 0.346665 0.100000 0.467290 0.138963 0.350566 0.680074 0.410833 0.100000 0.289369 0.100000 0.100000 0.558263 0.166777 0.415518 0.100000 0.100000 0.671546 0.396984 0.100000 0.551382 0.100000 0.100000 0.163616 0.216483 0.715092 0.559299 0.192535 0.343010 0.153358 0.526124 0.100000 0.619112 0.333576 0.484552 0.292694 0.100000 0.287369 0.506428 0.100000 0.559836 0.540109 0.175120 
1.320667 0.100000 0.100000 1.076884 0.602954 0.100000 0.809591 0.100000 1.185453 0.100000 0.717445 0.197584 0.851452 0.543963 0.139298 0.493181 0.183225 0.100000 0.427241 0.100000 0.100000 0.815378 0.240527 0.798844 0.534296 0.136532 0.100000 0.100000 0.670126 0.590031 0.302259 0.986667 0.100000 0.100000 0.724419 1.743138 0.652863 0.100000 0.562972 0.702182 0.966133 0.367159 0.100000 0.297640 0.307637 1.417578 1.326958 0.231302 
0.175340 0.167022 0.206718 0.633950 0.698557 0.412770 1.041733 0.100000 0.100000 0.100000 0.100000 0.100000 0.100000 0.431594 0.643875 0.100000 0.100000 0.100000 0.100000 1.436947 0.100000 0.411716 0.687757 0.296143 0.160015 1.033553 0.100000 0.377773 1.253411 0.100000 0.307391 0.548231 0.640849 1.163415 1.001085 0.311505 0.100000 0.576211 0.465772 0.100000 0.527099 0.738210 0.622532 0.100000 0.378482 0.100000 0.100000 0.558698 
0.792201 1.093100 0.307668 0.439643 0.657951 0.100000 0.499396 0.100000 0.666534 0.495144 0.624915 0.100000 1.033744 0.100000 0.484314 0.173863 0.100000 0.128550 0.738095 0.514693 0.439550 0.100000 0.409005 0.188218 0.221136 0.380554 0.256851 0.374155 0.554506 0.754649 1.015114 0.856710 0.113757 0.329843 0.436288 0.550381 0.511486 0.636176 0.100000 0.305441 0.100000 0.851281 0.100000 0.245908 0.100000 0.428978 0.100000 1.009327 
0.444635 0.100000 0.100000 0.107965 0.526300 0.683599 0.100000 0.100000 0.125064 0.100000 0.100000 0.302685 0.758649 0.100000 0.514529 0.289402 0.524339 0.100000 1.130687 0.579526 0.152652 0.536101 0.100000 0.396658 0.100000 0.786678 0.100000 0.339686 0.660266 0.619787 0.634897 0.706366 0.100000 0.523608 0.684802 0.714902 0.593765 1.465459 0.201678 0.501834 0.442915 0.943892 0.100000 0.647916 0.100000 0.100000 0.100000 0.445481 
0.395099 0.100000 0.476649 0.280502 0.336729 0.100000 0.415900 0.373586 0.100000 0.100000 0.100000 0.798960 0.351474 0.100000 0.205406 0.204265 0.100000 0.100000 0.100000 0.380653 0.696257 0.196431 0.480604 0.180705 0.262768 0.603208 0.100000 0.307862 0.584418 0.312191 0.655893 0.357472 0.191542 0.447936 0.685145 0.103060 0.459774 0.748805 0.100000 0.740764 0.486326 0.409767 0.100000 0.464811 0.100000 0.365104 0.345904 0.190163 
0.100000 0.100000 0.198196 0.467616 0.476590 0.306042 0.166443 0.112654 0.100000 0.661399 0.532871 0.100000 0.212544 0.480391 0.100000 0.100000 0.351329 0.100000 0.759244 0.916717 0.148551 0.579600 0.100000 0.100000 0.292123 0.620895 0.100000 0.252607 0.100000 0.228925 0.293946 0.607770 0.287233 0.593923 0.172092 0.586087 0.483192 0.100000 0.100000 0.454243 0.608301 0.548662 0.162623 0.235761 0.100000 0.485684 0.100000 0.424172 
0.415951 0.994141 0.509676 0.487847 0.486095 0.349260 0.388017 0.433925 0.368967 0.505420 0.465900 0.601962 0.996483 0.100000 0.701572 0.274120 0.329817 0.100000 0.100000 0.957639 0.316095 0.100000 0.613312 0.100000 0.707398 0.879781 0.379427 0.150800 0.272858 0.118996 1.254351 0.438679 0.100000 1.068490 0.571351 0.674869 0.474797 0.513484 0.100000 0.292420 0.982851 0.900420 0.100000 0.100000 0.300091 0.684575 0.269775 1.010659 
0.100000 0.658687 0.471081 0.655577 0.631699 0.637663 0.394597 0.107836 0.612271 0.314627 0.298167 0.901776 1.096566 0.632431 0.675150 0.305160 0.315778 0.100000 0.658904 0.665945 0.397144 0.989720 0.100000 0.100000 0.217006 1.136877 0.123023 0.102519 0.372415 0.456276 0.425921 0.884922 0.428729 0.890851 0.562064 1.499832 0.251503 0.100000 0.279010 0.501620 0.824106 0.366862 0.377257 0.850888 0.100000 0.496411 0.100000 0.770119 
0.594050 0.328891 0.481691 0.715899 0.393921 0.469653 0.100000 0.100000 0.250060 0.100000 0.645964 0.709407 0.654397 0.100000 0.226698 0.409610 0.100000 0.100000 0.361594 0.428899 0.724883 0.100000 0.100000 0.563598 0.285321 0.767234 0.100000 0.233287 0.817484 0.895522 0.535271 0.274615 0.164523 0.455993 0.730511 0.332975 0.100000 0.489727 0.401017 0.453389 0.895037 0.727760 0.100000 0.434160 0.100000 0.895046 0.253529 0.633890 
0.405143 0.115160 0.100000 0.308377 0.100000 0.333162 0.567273 0.685844 0.290023 0.100000 0.100000 0.881223 0.105455 0.268657 0.100000 0.100000 0.435208 0.100000 0.426800 0.165580 0.123972 0.543400 0.346657 0.100000 0.280465 0.271505 0.306687 0.378292 0.204107 0.516231 0.931781 0.187713 0.656435 0.847030 0.477109 0.839888 0.844555 0.100000 0.352410 0.217179 0.332243 0.685184 0.100000 0.100000 0.100000 0.512540 0.370804 0.490674 
