65 Number of operations
17 Number of workers
Standard production times
0.290051 0.119425 0.716550 0.190971 0.451519 0.100000 0.100000 0.336942 0.571636 0.414269 0.100000 0.116889 0.577166 0.526380 0.408052 0.219375 0.435065 0.438886 0.292950 0.555470 0.434268 0.311430 0.740981 0.584869 0.139028 0.323885 0.251275 0.312576 0.314710 0.676281 0.419674 0.326109 0.145356 0.602997 0.103788 0.342580 0.388635 0.242379 0.413542 0.192219 0.347265 0.507650 0.705652 0.791335 0.495640 0.423869 0.228507 0.247610 0.527861 0.409505 1.022967 0.293508 0.469117 0.314897 0.100000 0.751079 0.347161 0.569259 0.817347 0.505296 0.596762 0.100000 0.221035 0.466013 0.609718 
Production times: workers row and ops columns
0.369004 0.408302 0.272523 0.755205 0.649036 0.136426 0.100000 0.750502 0.974748 0.535520 0.415277 0.141678 0.661707 0.630319 0.568724 0.455861 0.415284 0.593206 0.635197 0.899231 0.597538 0.537963 1.015558 0.561807 0.928088 0.930434 0.539018 0.100000 0.432739 0.915008 0.725125 0.247470 0.545071 0.610546 0.313540 0.924832 0.417182 0.240131 0.659820 0.813941 0.467955 0.749623 0.610546 0.657603 0.362341 0.710638 0.456776 0.369813 0.491910 0.690751 1.838528 0.356343 0.471859 0.508123 0.938488 0.756242 0.100000 0.874534 0.926956 0.664177 0.968997 0.100000 0.566089 0.921264 0.648374 
0.997292 0.100000 1.053307 0.100000 0.404580 0.100000 0.100000 0.605915 0.767277 1.520226 0.100000 0.262479 0.631197 0.426614 0.524468 0.297072 0.731927 0.100000 0.708233 0.612079 0.100000 1.111171 1.978190 0.418707 0.527601 0.369061 0.157976 0.684205 0.105121 0.678762 0.100000 0.136429 0.100000 1.144806 0.164691 0.669400 0.344058 0.692815 1.114785 0.301060 0.305465 0.100000 0.602621 0.812413 0.100000 1.413714 0.100000 0.741719 0.619413 0.871502 1.289553 0.100000 0.188848 0.385284 0.983800 0.357193 0.316300 0.688472 0.854733 0.674448 0.735800 0.711983 0.100000 0.893234 1.363144 
0.551718 0.327081 1.008244 0.570702 0.657864 0.683918 0.100000 0.100000 0.122302 0.100000 0.100000 0.620586 0.100000 0.731766 0.377815 0.100000 0.738535 0.100000 0.100000 0.703252 0.550020 0.450447 1.085997 0.125881 0.100000 0.369264 0.832376 0.473467 0.985369 0.747119 1.288366 0.513993 0.884484 0.100000 0.100000 0.253083 0.100000 0.479693 0.171260 0.380161 0.721289 0.100000 0.827458 0.100000 0.271325 0.659149 0.100000 0.522052 0.404103 0.296941 1.212813 0.235660 0.395807 1.199596 0.100000 0.417849 0.100000 0.436779 1.370988 0.100000 0.892213 0.118978 0.100000 0.100000 0.570196 
0.356797 0.456393 1.472404 0.100000 0.672072 0.100000 0.416070 0.884425 0.701989 0.843740 0.234547 0.613619 0.972114 1.003537 0.646824 0.100000 0.799781 0.759677 0.100000 0.992738 0.358347 0.849429 0.757557 0.815853 0.250494 0.870908 1.130612 0.303701 0.139630 1.062486 0.414261 0.756377 0.578627 0.628638 0.100000 0.492189 0.496898 0.147408 0.284698 0.556928 0.195618 0.404091 0.785885 0.446124 0.608803 0.331469 0.611982 0.370187 0.513715 0.398880 1.442652 0.415753 1.068000 0.584623 0.215129 0.759527 0.994893 0.560601 0.856873 0.322499 0.645132 0.552268 0.476595 0.875819 0.938747 
0.476030 0.100000 0.991885 0.100000 0.100000 0.105919 0.100000 0.100000 0.295078 0.742209 0.100000 0.505297 0.117914 0.100000 0.729356 0.100000 0.584733 0.278668 0.281967 0.174284 0.340571 0.131529 0.529436 0.362647 0.272438 0.294341 0.280303 0.285650 0.100000 0.402288 0.211180 0.322132 0.277521 0.331503 0.100000 0.100000 0.464757 0.100000 0.100000 0.100000 0.463492 0.413706 0.100000 0.768538 0.449901 0.657217 0.100000 0.711220 0.100000 0.573042 0.930605 0.144678 0.423037 0.100000 0.100000 0.892969 0.100000 0.100000 0.663129 0.369534 0.279025 0.100000 0.236501 0.100000 0.885611 
0.580847 0.100000 0.932265 0.100000 0.208352 0.100000 0.449524 0.100000 2.358315 0.155896 0.235500 0.100000 0.746879 0.560029 0.509455 0.645278 0.394663 0.100000 0.420365 0.522081 0.755655 0.576553 1.464046 1.153164 0.100000 0.316311 0.191720 0.100000 0.196402 1.543995 0.100000 0.260564 0.100000 0.100000 0.918382 0.418948 0.100000 0.191405 0.437402 0.100000 0.906572 0.867580 1.394407 0.833734 0.240242 1.363916 0.346870 0.587700 0.524709 0.309355 1.127873 0.407596 1.139634 0.890668 0.100000 1.033007 1.295057 0.903366 1.289079 0.309657 0.906434 0.100000 0.703479 0.100000 1.269014 
0.100000 0.100000 0.590358 0.606911 0.823278 0.459278 0.100000 0.238232 0.552393 0.413849 0.113663 0.194471 0.775140 0.408010 0.295522 0.124347 0.605014 0.677032 0.100000 0.806943 0.463868 0.775815 0.905235 0.816918 0.100000 0.404954 0.256255 0.100000 0.100000 0.688569 0.274697 0.606597 0.628092 0.919564 0.342152 0.100000 0.707196 0.736001 0.100000 0.521323 0.872964 0.495352 0.678657 0.518775 0.449832 0.454448 0.254575 0.578000 0.439802 1.490675 1.030855 0.278083 0.573673 0.171111 0.100000 0.456815 0.506744 0.588047 1.001721 0.229089 0.733699 0.100000 0.120809 0.703328 0.271082 
0.469126 0.460654 1.097041 0.367914 0.482762 0.100000 0.580090 0.678473 0.959728 0.644753 0.404064 0.777555 0.722377 0.455783 0.890533 0.544595 0.777986 0.107455 0.890666 0.748792 0.598982 0.269005 0.743078 0.471834 0.100000 0.458159 0.655401 0.196565 0.287313 1.022302 0.100000 0.283576 0.100000 1.080291 0.139533 0.100000 0.220897 0.100000 0.720096 0.100000 0.343967 0.879138 0.896917 1.327931 0.515351 1.137882 0.159374 0.289764 0.310089 0.570872 1.361101 0.401885 1.044540 0.783368 0.197911 0.887457 0.232590 0.677663 1.125682 0.730221 0.587062 0.452539 0.100000 0.758680 0.727001 
0.135216 0.657053 0.914335 0.100000 0.179277 0.232830 0.218679 0.100000 0.373393 0.362730 0.804682 0.106584 1.059800 0.402015 0.952885 0.100000 1.249278 0.100000 0.305714 1.250106 0.586359 1.044817 0.758774 1.092752 0.496867 1.189974 0.100000 0.100000 0.100000 0.509297 0.100000 0.100000 0.100000 1.100674 0.100000 0.100000 0.724203 0.100000 1.109239 0.100000 0.100000 0.100000 1.163318 0.487861 0.952647 0.100000 1.720083 0.417749 0.100000 0.346815 1.486258 0.191145 0.664510 1.109443 0.573936 1.082167 0.284282 1.150272 0.491325 0.256531 0.100000 0.322887 0.100000 0.998389 1.172627 
0.642826 0.100000 0.695964 0.100000 0.113460 0.100000 0.248433 0.274201 0.921164 0.969695 0.100000 0.356737 0.691595 0.269544 0.455020 0.382355 0.100000 0.162772 0.100000 0.652469 0.159728 0.163604 0.959133 0.820407 0.813823 0.100000 0.360805 0.100000 0.643130 0.647319 0.855866 0.858328 0.220372 0.384249 0.100000 0.565020 0.766660 0.931467 0.100000 0.100000 0.772807 0.699991 0.950415 1.349409 0.492455 0.122462 0.408084 0.100000 0.673594 0.410865 0.794094 0.849783 0.747286 0.189986 0.533177 0.670985 1.366450 0.235961 0.938072 0.537541 0.332579 0.100000 0.100000 0.229263 0.829358 
0.382513 0.596223 0.630325 0.583201 0.591146 0.100000 0.100000 0.460016 0.856022 0.522236 0.100000 0.237584 0.540829 0.764809 0.170296 0.857986 0.410621 0.530331 0.853242 0.298870 0.563405 0.117399 0.733651 0.631285 0.767929 0.721337 0.311880 0.100000 0.639466 0.688608 0.472332 0.310549 0.225408 0.712416 0.100000 0.442338 1.106687 0.190979 0.631256 0.236953 0.218702 0.437345 0.969681 0.661702 0.888869 0.100000 0.100000 0.180411 0.689953 0.604267 0.881861 0.100000 0.297483 0.462293 0.205562 1.004723 0.704605 0.655237 0.685568 0.763588 0.642158 1.117635 0.100000 0.527846 0.992410 
0.100000 0.100000 0.778855 0.100000 0.100000 0.100000 0.100000 0.100000 0.596853 0.136426 0.100000 0.296231 1.251707 0.496218 0.100000 0.320411 0.100000 0.100000 0.548352 0.244522 0.666667 0.300361 0.778712 0.429584 0.514755 0.173661 0.131943 0.534673 0.581251 1.023036 0.203680 0.100000 0.100000 0.418971 0.100000 0.120069 0.243664 0.227612 1.056384 0.100000 0.841298 0.360848 0.959870 1.002510 0.546121 0.642592 0.100000 0.131459 0.176546 0.407016 0.789161 0.100000 0.343974 0.309571 0.100000 0.873109 0.160583 0.100000 0.604895 0.454630 0.614818 0.246316 0.593776 0.100000 0.766439 
0.903474 0.315352 0.901924 0.727367 0.100000 0.201619 0.452466 0.143138 0.227813 0.352435 0.100000 0.192544 1.837007 0.356858 1.549223 0.468666 0.211581 0.803091 0.379679 1.047162 0.295088 0.115203 0.100000 0.849972 0.302064 0.874138 0.203261 0.456804 1.131584 1.465426 0.125256 0.403385 0.100000 0.680653 0.399069 0.221143 0.930618 0.377218 1.006186 0.384523 0.168616 0.886360 0.891109 0.475364 0.100000 0.340406 0.100000 0.292781 0.825228 0.100259 0.186202 0.625705 0.475611 0.706163 1.231566 0.167628 0.100000 0.100000 0.149382 0.169825 1.444120 0.465807 0.590787 0.771645 0.485131 
0.364707 0.100000 0.246670 0.100000 1.420581 0.616264 0.680690 0.791104 1.326584 0.636359 0.100000 0.219662 0.648642 0.201464 0.140507 0.100000 0.100000 0.652938 0.887777 0.344995 1.190802 0.100000 0.495827 0.771996 0.741424 0.277511 1.236375 0.234438 0.193244 0.100000 0.330485 0.100000 0.750145 0.481621 0.686424 0.532487 0.829575 0.100000 0.594219 0.674976 0.383427 0.879564 0.510137 0.657315 0.817582 0.751179 0.378604 0.443954 0.354313 0.100000 1.670710 0.488567 0.100000 0.472285 0.270072 0.973637 0.409709 0.100000 1.011052 0.100000 0.192921 0.104509 0.339178 0.100000 0.454427 
0.100000 1.019270 0.556333 0.100000 1.628965 0.100000 0.100000 1.096070 0.100000 0.149816 0.100000 0.356173 0.100000 1.210700 0.437714 0.195579 0.100000 0.813882 0.113240 0.340595 0.295704 1.252128 0.732673 1.236085 0.100000 0.100000 0.158950 0.659570 0.100000 0.651852 0.284349 0.772376 0.673445 0.111724 0.100000 0.259027 0.640012 0.589372 0.100000 0.450884 1.091230 1.170376 0.457707 0.692486 0.441513 0.938247 0.100000 0.665276 0.100000 1.363394 0.551247 0.144519 0.362622 0.250155 0.632336 0.316890 1.127831 1.090045 0.100000 0.514598 0.377366 0.100000 0.100000 0.798476 0.732699 
0.169239 0.424122 1.024430 0.218691 0.377428 0.100000 0.382951 0.100000 0.438365 0.456694 0.389656 0.100000 0.118882 0.916214 0.100000 0.614950 0.290262 0.100000 0.100000 0.257547 0.398954 0.356661 1.083819 0.662288 0.593744 0.339986 0.100000 0.100000 0.431498 0.220432 0.100000 0.228191 0.278951 0.100000 0.208295 0.100000 0.100000 0.373851 0.634909 0.445613 0.427815 0.957608 0.982121 0.218986 0.439504 0.521138 0.114967 0.257687 0.460763 0.785939 1.389717 0.254180 0.390457 0.100000 0.168278 0.989693 0.367238 0.405332 0.876718 0.828738 0.640213 0.264740 0.100000 0.313311 0.124715 
0.100000 0.100000 0.749875 0.100000 0.217846 0.100000 0.120837 0.557662 0.287498 0.100000 0.100000 0.206097 0.487028 0.440379 0.609243 0.551918 0.100000 1.010766 0.100000 0.262153 0.256319 0.245913 0.236341 0.882252 0.100000 0.118546 0.106863 0.100000 0.100000 0.566852 0.505274 0.233439 0.100000 0.258969 0.100000 0.421024 0.419478 0.100000 0.100000 0.100000 0.157148 0.499660 0.870344 0.507635 0.100000 0.264753 0.100000 0.332628 0.134584 0.617047 0.983765 0.396228 0.100000 0.220446 0.100000 0.649366 0.161577 0.100000 0.999973 0.589364 0.100000 0.448878 0.100000 1.055659 0.489651 
