47 Number of operations
17 Number of workers
Standard production times
0.395487 0.532490 0.222502 0.307822 0.261232 0.472611 0.856732 0.348992 0.510849 0.592732 0.929213 0.391227 0.206876 0.575733 0.100000 0.623915 0.189126 0.198222 0.386496 0.383715 0.967043 0.350765 0.541102 0.253267 0.159032 0.456081 0.295062 0.100000 0.627160 0.519564 0.619080 0.716055 0.419631 0.380416 0.100000 0.410165 0.555420 0.278717 0.305743 0.100000 0.571778 0.269913 0.412373 0.663896 0.543813 0.237312 0.591981 
Production times: workers row and ops columns
0.555233 0.100000 0.100000 0.152393 0.699396 0.457407 0.739964 0.873856 0.781891 0.215689 1.010156 0.100000 0.100000 0.368301 0.333291 0.738283 0.187831 0.100000 0.142894 0.673372 1.612052 0.135348 0.341435 0.500118 0.343569 0.672134 0.626440 0.392781 0.279178 0.689122 0.769747 1.046298 0.138918 0.232601 0.152838 0.753377 1.336154 0.631014 0.533237 0.536627 0.774575 0.100000 1.404318 0.564054 0.331984 0.582075 0.683830 
0.488928 0.200656 0.595228 0.131307 0.151481 0.500011 0.412307 0.805621 0.661997 0.892508 0.655787 0.703427 0.100000 1.012731 0.372533 0.569543 0.365717 0.274245 0.407715 0.306636 1.102549 0.940483 0.336243 0.441704 0.188057 1.149723 0.100000 0.448285 0.275691 0.598988 0.898641 0.710983 0.107201 0.601317 0.100000 0.333371 0.665363 0.323894 0.100000 0.490384 0.889336 0.374534 0.973285 0.729876 0.736237 0.836803 0.654692 
0.418228 0.955688 0.266937 0.757363 0.449383 0.356074 0.689422 0.255325 0.817809 0.638470 1.271850 0.532145 0.310309 1.246516 0.100000 0.733765 0.596321 0.349923 0.757898 0.624505 0.988980 0.517692 0.298055 0.172775 0.352764 0.673877 0.657305 0.100000 0.868071 0.748621 0.918697 0.561466 0.472939 0.197876 0.316160 0.424982 0.948092 0.680567 0.191686 0.541297 0.853146 0.100000 0.713234 0.724568 0.268649 0.809842 0.589376 
0.656077 0.234863 0.100000 0.210075 0.645118 0.136998 0.624501 0.509331 0.441461 1.207345 0.980824 0.100000 0.100000 0.301078 1.060472 0.147028 0.312803 0.100000 0.698229 0.556323 0.529944 0.327157 0.100000 0.372911 1.379362 0.617425 0.100000 0.569819 0.895683 0.970649 0.916958 0.901535 0.108791 0.483134 0.100000 1.040086 0.608867 0.930570 0.100000 0.100000 0.265505 0.100000 0.264899 0.644637 0.155488 0.115175 1.291302 
0.801147 0.523498 0.158680 0.419024 0.987519 0.117299 0.615181 0.479666 0.682562 0.515022 1.042489 0.100000 0.548605 0.462734 0.100000 0.387642 0.113815 0.100000 0.484728 0.100000 0.765636 0.149620 0.285024 0.147126 0.100000 0.661611 0.181555 0.100000 1.042175 0.537029 0.995325 0.965236 1.234907 0.632259 0.138193 0.577106 0.723751 0.597023 0.401815 0.100000 0.504968 0.978618 0.529643 0.392219 0.322800 0.231456 1.115343 
0.927583 0.903748 0.190989 0.747966 0.694412 0.273502 0.788732 0.752401 0.406763 0.362009 1.178538 0.231524 0.179427 0.479003 0.100000 1.007750 0.717750 0.869328 0.218001 0.233076 1.269179 0.337677 0.294519 0.156506 0.699647 1.257934 0.100000 0.186609 1.174604 0.637461 0.761818 1.222739 0.659861 0.284956 0.100000 0.215967 0.100000 0.705478 0.341317 0.433432 0.775031 0.711081 0.502185 1.027147 0.670528 0.496997 0.712984 
0.100000 0.111933 0.589275 0.392428 0.521660 0.747042 0.882497 1.042518 1.758442 0.622914 0.633034 0.100000 0.882374 0.906464 1.025140 0.738614 0.100000 0.100000 0.231978 0.142617 1.056394 0.100000 0.100000 0.100000 0.350547 0.100000 0.100000 0.100000 0.973351 0.720620 1.083855 1.120035 0.100000 0.100000 0.590218 0.480653 0.971113 0.340070 0.655502 0.434410 1.214406 0.430322 0.100000 1.188142 1.406414 1.390699 1.112650 
0.648952 0.925055 0.548142 0.959694 0.219840 0.410749 0.916221 0.100000 1.040745 0.190367 1.142811 0.295833 0.100000 0.658040 0.298841 0.543865 0.437304 0.152625 0.955702 0.366957 1.199645 0.374946 0.984799 0.224926 0.100000 0.419528 0.927297 0.100000 0.495489 0.929037 1.123642 0.694647 0.351249 0.481710 0.100000 0.226267 0.629199 0.100000 0.337933 0.100000 0.433030 0.334341 0.669686 0.763413 0.593162 0.610915 0.865720 
0.741833 0.941255 0.154951 0.100000 0.100000 0.535315 0.685887 0.399635 0.579507 0.310303 1.203537 0.540833 0.100000 0.507194 0.100000 0.940251 0.100000 0.158899 0.100000 0.389872 0.650379 0.100000 0.368271 0.980793 0.100000 0.872673 0.627387 0.100000 1.025886 1.022849 0.625553 0.871133 0.158798 1.166867 0.100000 0.365488 1.183109 0.610149 0.798500 0.100000 0.488964 0.100000 0.620194 0.488222 0.394902 0.100000 0.531073 
0.545698 0.793889 0.561635 0.158144 0.100000 0.426361 1.030893 0.100000 0.100000 0.788002 1.713973 1.644465 0.134183 0.100000 0.342247 0.100000 0.919138 0.100000 0.313812 0.198546 0.463832 0.311396 0.802964 1.333768 0.100000 1.086542 0.100000 0.100000 0.335873 1.075396 0.155744 0.657784 1.204724 0.686966 0.100000 0.100000 0.243789 1.228705 0.100000 0.213248 0.454501 0.358534 0.100000 0.534909 0.471257 0.100000 0.100000 
1.102296 0.100000 0.100000 0.100000 0.280519 0.300958 1.327989 0.275890 0.100000 0.578896 1.223678 0.265164 0.100000 0.128093 0.429155 0.798347 0.100000 0.100000 0.100000 0.100000 1.268746 0.291929 0.283059 0.398548 0.227379 0.112818 0.100000 0.100000 0.255432 0.492743 0.487793 0.179475 0.597881 0.275247 0.100000 0.542570 0.669437 0.100000 0.224970 0.100000 0.336060 0.916432 0.741190 0.728183 0.446501 0.466483 0.100000 
0.452518 0.564139 0.400591 0.208472 0.100000 0.154855 0.828782 0.414727 0.852198 1.114749 0.985211 0.483398 0.383110 0.886530 0.185654 0.205782 0.100000 0.296929 0.674670 0.100000 1.074229 0.100000 0.613694 0.334223 0.466524 0.874753 0.100000 0.100000 1.158608 1.158483 0.828425 0.931409 0.751925 0.115695 0.659964 0.100000 0.823965 0.274653 0.241925 0.100000 0.464969 0.106803 0.964754 0.203982 0.656828 0.413116 0.548279 
0.598839 0.375362 0.100000 0.717066 0.438407 0.100000 0.569952 0.336293 0.648520 0.734878 0.601630 0.100000 0.436358 0.425306 0.100000 0.618869 0.100000 0.100000 0.761907 0.100000 0.778271 0.100000 0.100000 0.445773 0.590899 0.505496 0.338015 0.263106 0.436611 0.199451 0.766988 0.756085 0.810008 0.567856 0.100000 0.100000 0.100000 0.259726 0.100000 0.627011 0.226983 0.163656 0.279886 0.592006 0.188429 0.100000 0.455706 
0.754638 0.100000 0.100000 0.100000 0.486935 0.100000 1.905486 0.888164 0.313786 0.229691 1.174627 0.111506 0.100000 0.112187 0.100000 0.269575 0.100000 0.100000 0.285746 0.418906 0.592202 1.067924 1.154502 0.100000 0.308589 0.415112 0.100000 0.814602 0.100000 0.100000 0.100000 0.726683 0.316849 0.100000 1.161387 0.356094 0.942848 0.100000 0.502370 0.100000 0.711276 0.464253 0.473487 0.100000 1.066538 0.396554 0.893443 
0.100000 0.552028 0.100000 0.100000 0.547157 0.100000 0.100000 0.450859 0.600161 1.289512 0.450389 0.166548 0.100000 0.574782 0.100000 1.053848 0.100000 0.494701 1.120814 0.100000 0.583424 0.257197 1.375084 0.100000 1.274581 0.885585 0.359723 0.100000 0.520786 0.934098 0.329380 0.523318 0.100000 0.650728 0.100000 0.100000 0.787123 0.342053 0.758190 0.100000 0.100000 0.730557 0.404231 0.100000 0.571280 0.100000 0.100000 
0.100000 0.426825 0.100000 0.100000 0.531218 0.100000 1.185096 0.100000 0.100000 0.847497 1.086410 0.422586 0.262372 0.849460 0.100000 0.589472 0.425799 0.650437 0.148812 0.100000 0.525456 0.100000 0.141451 0.100000 0.100000 0.250310 0.100000 0.100000 0.566752 0.263412 0.976862 0.319156 1.006219 0.401471 0.237480 0.100000 1.228651 0.134225 0.187579 0.100000 0.783174 0.100000 0.598136 0.414803 0.606552 0.100000 0.295457 
0.534609 1.028888 0.617167 0.592872 0.100000 0.114030 0.777382 0.100000 2.175022 0.671682 1.430138 0.307818 0.814021 0.556012 0.100000 1.342757 0.100000 0.223682 0.232985 0.288935 0.100000 0.774160 1.249241 0.100000 0.100000 0.468874 0.890383 0.100000 0.378466 1.081532 0.244547 1.889716 0.100000 0.100000 0.274983 0.100000 0.100000 0.100000 0.461626 0.621758 0.183271 0.798753 0.793079 0.395889 0.263441 0.100000 0.758449 
