54 Number of operations
22 Number of workers
Standard production times
0.436826 0.198809 0.331604 0.391055 0.455688 0.283821 0.369697 0.170513 0.277800 0.162097 0.574453 0.396892 0.633336 0.100000 0.551241 0.100000 0.330241 0.100000 0.539262 0.512992 0.495972 0.340811 0.315938 0.228077 0.318417 0.649516 0.100000 0.100000 0.538062 0.585624 0.717307 0.480261 0.146062 0.493841 0.660772 0.646257 0.445896 0.454722 0.266643 0.360484 0.497204 0.572092 0.100000 0.238532 0.100000 0.618461 0.282133 0.597837 0.392383 0.644536 0.657231 0.431644 0.169275 0.413947 
Production times: workers row and ops columns
0.658318 0.344449 0.100000 0.651692 0.480957 0.100000 0.648202 0.100000 0.475225 0.117728 0.305473 0.635362 0.629996 0.100000 0.242223 0.275738 0.266510 0.305212 0.284079 0.604138 0.192577 0.414458 0.298469 0.100000 0.100000 0.287862 0.165925 0.100000 1.271547 0.523184 0.952593 0.100000 0.100000 0.109106 0.689848 0.465690 0.276108 0.420872 0.100000 1.166092 0.573799 0.318763 0.100000 0.100000 0.100000 0.900432 0.499767 0.749417 0.401615 0.644129 0.485358 0.175267 0.309914 0.348901 
0.278569 0.100000 0.861442 0.453022 0.616070 0.100000 0.838081 0.100000 0.488804 0.512921 0.305767 0.569812 0.438835 0.100000 0.160112 0.237749 0.170864 0.185820 0.632104 0.676541 0.100000 0.399997 0.822016 0.100000 0.414087 0.737607 0.100000 0.100000 0.394502 0.204008 0.421748 0.859110 0.100000 0.100000 0.482087 0.985963 0.932533 0.100000 0.100000 0.100000 0.650995 0.380296 0.100000 0.100000 0.100000 0.102532 0.779897 0.157400 0.100000 0.243871 0.712782 0.713838 0.100000 0.386112 
0.309970 0.151973 0.175393 0.185379 0.343819 0.258375 0.488526 0.507755 0.348168 0.100000 0.850426 0.114153 0.698680 0.361114 0.655273 0.385209 0.100000 0.100000 0.381565 0.268818 0.131426 0.296400 0.643359 0.130808 0.100000 0.661698 0.362227 0.100000 0.718353 0.350625 0.937548 0.296099 0.100000 0.436017 0.806054 0.706407 0.100000 0.716230 0.252151 0.100000 0.533114 0.605073 0.190161 0.219713 0.274594 0.723582 0.140183 0.245812 0.334828 0.611120 0.364450 0.120072 0.153756 0.451702 
0.650263 0.279277 0.765558 0.527711 0.819689 0.445305 0.830697 0.321490 0.742276 0.428520 1.058144 1.007039 0.744724 0.247024 1.163747 0.373643 0.183083 0.100000 0.259971 0.697002 0.457839 0.989511 0.549841 0.302954 0.433636 0.719002 0.100000 0.725103 0.509787 0.369678 1.010161 0.143764 0.694003 0.923645 0.852576 0.946849 1.045138 0.536858 0.369823 0.204804 1.275515 0.637114 0.100000 0.378382 0.100000 0.279583 0.486441 0.100000 1.183403 1.333055 0.558081 1.011814 0.136907 0.542681 
0.776377 0.248885 0.247954 0.414816 0.618560 0.829691 0.100000 0.238405 0.220937 0.100000 0.361281 1.066036 0.983229 0.100000 0.872538 0.362452 0.265326 0.100000 0.611314 0.329251 1.027909 0.100000 0.516440 0.520688 0.528985 0.552211 0.507699 0.100000 0.458067 0.674201 1.444478 0.627147 0.181528 0.485211 0.807692 0.389039 0.565064 0.726183 0.658597 0.699468 0.446659 0.607357 0.100000 0.364671 0.560370 1.360840 0.739534 1.014048 0.257145 0.989581 0.486139 0.495722 0.100000 0.176136 
0.100000 0.100000 0.251865 0.456150 0.100000 0.100000 0.526637 0.726587 0.363877 0.100000 0.227692 0.457489 0.799935 0.545744 0.684437 0.100000 0.556911 0.100000 0.100000 0.393941 0.677658 0.100000 0.417065 0.100000 0.313933 0.277479 0.328857 0.407668 0.351151 0.299792 0.563246 0.399319 0.100000 0.495985 0.247407 1.208139 0.521117 0.487281 0.100000 0.481991 0.408378 0.739376 0.518422 0.183975 0.100000 0.770198 0.272679 0.331415 0.100000 0.256191 0.471397 0.100000 0.298465 0.169322 
0.100000 0.100000 0.459594 0.100000 0.704768 0.100000 0.631242 0.100000 0.472492 0.100000 0.252791 0.569915 0.605582 0.100000 0.309508 0.100000 0.773269 0.100000 0.100000 0.228458 0.522809 0.439472 0.117628 0.100000 0.515234 0.915415 0.100000 0.100000 0.131013 0.996726 0.593770 0.902487 0.100000 0.536171 0.281078 0.322371 0.353867 0.380035 0.100000 0.100000 0.690166 0.554711 0.100000 0.100000 0.100000 0.417849 0.441890 0.121318 0.892313 0.524621 1.048955 0.100000 0.100000 0.240263 
0.321531 0.302532 0.113666 0.100000 0.475868 0.100000 0.100000 0.100000 0.100000 0.452008 0.502755 0.279302 0.601345 0.100000 0.622621 0.381020 0.100000 0.100000 0.469231 0.513364 0.422775 0.498196 0.100000 0.100000 0.417438 0.530630 0.726547 0.154833 0.766705 0.685770 0.520696 0.813458 0.100000 0.813378 0.139155 0.639438 0.613513 0.460471 0.199045 0.397320 0.102724 0.722831 0.271393 0.131877 0.100000 0.100000 0.456389 0.348713 0.611569 0.901541 0.408878 0.391632 0.300021 0.485954 
0.186041 0.307814 0.356576 0.441319 0.845831 0.411369 0.472068 0.100000 0.531561 0.303881 1.092836 0.978341 0.628287 0.100000 0.111567 0.100000 0.100000 0.256033 0.924757 0.813667 0.381846 0.224576 0.196108 0.344261 0.485793 0.482911 0.355887 0.100000 0.772613 0.714370 1.053087 0.790539 0.276123 0.327610 0.381176 0.226928 0.819751 0.667409 0.467548 0.271827 0.389520 0.352574 0.359708 0.485310 0.572611 0.265472 0.100000 0.713993 0.659420 0.758264 0.251339 0.794259 0.215826 0.521774 
0.224910 0.100000 0.100000 0.100000 0.341919 0.538990 0.409149 0.203465 0.270694 0.160965 0.845775 0.294171 0.735461 0.689610 0.996462 0.296666 0.100000 0.100000 1.104612 1.425564 0.421927 0.100000 0.300632 0.100000 0.100000 0.979568 1.064114 0.100000 0.315206 0.171600 1.795427 0.279717 0.100000 1.019693 0.100000 0.526647 0.284789 0.231310 0.100000 0.750076 0.652127 0.100000 0.197879 1.718748 0.100000 0.569207 0.303146 0.100000 0.100000 0.802965 0.340788 0.745690 1.179352 1.213338 
0.563748 0.425122 0.852529 0.466622 0.100000 0.241061 0.974732 0.165737 0.100000 1.020848 0.126764 0.808967 0.991712 0.369995 0.224764 0.377603 1.041965 0.443330 0.100000 0.986043 1.195081 0.386581 0.658916 0.100000 0.100000 0.849246 0.440192 0.100000 0.249811 0.792296 0.100000 1.026961 0.439930 0.103489 0.641356 1.152403 0.100000 0.218750 0.155681 0.867796 0.100000 0.373214 0.429819 1.133787 0.356674 0.100000 0.167164 1.025522 0.440691 0.784285 0.983865 0.100000 0.100000 0.100000 
0.100000 0.100000 0.211258 0.514515 0.512727 0.100000 0.404255 0.477541 0.743002 0.100000 0.434495 0.351850 0.696247 0.403483 0.783635 0.100000 0.244203 0.100000 0.116757 0.516020 0.259826 0.615071 0.345207 0.100000 0.100000 1.057616 0.100000 0.100000 0.671758 0.743952 0.573809 0.372216 0.165924 0.453847 0.206256 0.288431 0.340042 0.962941 0.377281 0.334513 0.100000 0.537554 0.100000 0.597401 0.100000 0.690457 0.100000 0.435778 0.470956 0.564357 0.409026 0.100000 0.100000 0.100000 
1.160354 0.652396 0.100000 0.869155 0.285692 0.973394 0.144952 0.613366 0.202070 0.490231 0.105755 0.948998 1.277405 0.583446 0.385493 0.406612 0.521332 0.123988 0.770391 0.690224 0.271287 0.671893 0.100000 0.497349 0.654932 0.967823 0.100000 0.748390 0.534013 1.217795 0.392179 0.791659 0.100000 1.200464 0.649192 0.727680 0.303440 0.383303 0.362333 0.460650 0.504668 0.240420 0.243486 0.450589 0.375266 1.156758 0.613777 0.827151 0.311965 1.459237 0.709892 0.343716 0.293249 0.174649 
0.557640 0.100000 0.618849 0.100000 1.822780 0.100000 0.720171 0.214571 0.640443 0.100000 0.100000 0.162426 0.183436 0.100000 0.649061 0.100000 0.178825 0.531036 0.243833 0.100000 0.100000 0.724634 0.100000 0.543910 0.100000 0.889058 0.304244 0.100000 0.683090 0.216417 1.028967 0.138533 0.263710 0.502482 0.212161 0.100000 0.100000 0.456087 0.387621 0.100000 0.799433 0.465850 0.137596 0.100000 0.382944 1.000748 0.959777 0.100000 0.100000 1.290024 0.629291 0.100000 0.100000 0.524481 
0.664961 0.670654 0.100000 0.392928 0.100000 0.100000 0.397516 0.557228 0.100000 0.437792 0.220928 0.839285 0.431192 0.100000 0.781749 0.100000 0.631731 0.541325 0.188407 0.494939 0.118503 0.404980 0.682114 0.885417 0.138945 0.539518 0.229804 0.100000 0.319999 0.191095 0.786171 0.100000 0.318757 1.365111 1.087248 1.001818 1.090913 1.219319 0.561504 0.646628 0.982766 0.363143 0.601424 0.254678 0.100000 0.238694 0.100000 0.740359 0.509601 1.020860 0.216947 0.956597 0.722462 0.741666 
0.500253 0.100000 0.277921 0.329599 0.613322 0.849328 0.181836 0.413545 0.870200 0.441593 0.768671 0.454384 1.055204 0.311149 0.738747 0.505475 0.100000 0.414591 0.536592 0.445108 0.638492 0.451196 0.115723 0.650016 0.160396 1.219897 0.100000 0.100000 1.017542 0.584688 0.574250 0.921475 0.333134 0.889503 0.737176 1.163305 0.363683 0.590527 0.242236 0.969076 1.023299 0.862810 0.100000 0.459742 0.402306 0.884682 0.209715 0.620291 0.100000 1.233743 1.017799 0.438495 0.492707 0.100000 
0.100000 0.196675 0.701091 0.537214 1.440037 0.646889 0.100000 0.449281 0.542315 0.980509 0.712783 0.581216 0.931089 0.717817 1.000161 0.490254 0.111122 0.100000 0.177450 0.954469 0.642244 0.524386 0.135367 0.393405 0.100000 0.580305 0.119990 0.207043 0.100000 0.100000 0.678320 0.807550 0.100000 0.652281 0.100000 0.100000 0.707880 0.937460 0.100000 0.100000 0.653358 0.528455 0.100000 0.778662 0.882106 0.689248 0.258516 1.064472 0.127274 0.868391 0.934212 0.100000 0.354188 0.268796 
0.149691 0.100000 0.386493 0.161317 0.644287 0.314668 0.100000 0.145809 0.100000 0.432920 0.508347 0.251732 0.591755 0.100000 0.250173 0.103487 0.100000 0.100000 0.716640 0.100000 0.762404 0.195137 0.109464 0.100000 1.076247 0.616941 0.227187 0.217563 0.287144 0.683639 1.096942 0.240831 0.100000 0.373333 0.680835 0.525978 0.349100 0.315839 0.462899 0.680054 0.497803 0.227945 0.251063 0.100000 0.100000 0.405215 0.174165 0.430598 0.100000 0.714335 0.692078 0.100000 0.100000 0.233802 
0.285636 0.497748 0.542619 0.123802 0.615646 0.100000 0.160527 0.100000 0.439597 0.100000 1.067518 0.112505 0.871339 0.100000 0.614675 0.543623 0.335906 0.132781 0.683397 0.624123 0.369100 0.686343 0.407385 0.211979 0.812185 0.241642 0.100000 0.100000 0.449538 0.757242 0.410120 0.572404 0.110185 0.571189 0.434815 0.715675 0.542486 0.100000 0.388520 0.659806 0.646331 0.662760 0.100000 0.326317 0.139368 0.271824 0.100000 1.018996 0.924350 0.828522 0.362955 0.446011 0.499391 0.407284 
0.585185 0.547379 0.562815 0.381597 0.565300 0.219918 1.119694 0.641339 0.100000 0.100000 0.853484 0.608325 0.799747 0.961885 0.205708 0.552759 0.869825 0.100000 1.149325 0.373933 1.014610 0.410536 0.774179 0.171173 0.190062 0.479163 0.490062 0.566843 0.547674 0.525952 0.976240 0.408807 0.670142 0.241694 0.611004 0.629530 0.919791 0.400330 0.292015 0.760156 0.881159 0.402259 0.683894 0.281887 0.100000 0.573268 0.743892 0.351380 0.801238 0.748925 0.810697 0.315280 0.122775 0.827729 
0.100000 0.100000 0.178463 0.984310 0.152248 0.160978 0.100000 0.184963 0.100000 0.100000 0.858376 0.457411 0.985132 0.100000 0.757989 0.100000 0.100000 0.339759 0.167932 0.443610 0.541888 0.119666 0.100000 0.100000 0.100000 0.264005 0.498708 0.100000 0.100000 0.100000 0.671489 0.176934 0.461891 0.846840 0.746445 0.209730 0.144400 0.312843 0.120825 0.273806 0.309233 0.151768 0.100000 0.213398 0.100000 0.753143 0.100000 0.382027 0.100000 0.299658 0.538963 0.100000 0.100000 0.100000 
1.033251 0.194543 0.100000 0.383849 0.473926 0.100000 0.661595 0.100000 0.100000 0.100000 1.197560 0.503145 1.045370 0.100000 0.720025 0.100000 0.100000 0.100000 0.551711 0.311121 0.100000 0.412836 0.100000 0.432302 0.100000 0.418300 0.100000 0.100000 0.849432 0.690615 0.686968 0.100000 0.203949 0.131482 0.721231 0.100000 0.641206 0.699657 0.167134 0.326772 0.704063 0.255223 0.100000 0.100000 0.100000 0.844434 0.100000 0.495452 0.352550 0.738000 0.570501 0.100000 0.100000 0.548336 
