47 Number of operations
22 Number of workers
Standard production times
0.436826 0.198809 0.331604 0.391055 0.455688 0.283821 0.369697 0.170513 0.277800 0.162097 0.574453 0.396892 0.633336 0.100000 0.551241 0.100000 0.330241 0.100000 0.539262 0.512992 0.495972 0.340811 0.315938 0.228077 0.318417 0.649516 0.100000 0.100000 0.538062 0.585624 0.717307 0.480261 0.146062 0.493841 0.660772 0.646257 0.445896 0.454722 0.266643 0.360484 0.497204 0.572092 0.100000 0.238532 0.100000 0.618461 0.282133 
Production times: workers row and ops columns
0.439543 0.100000 0.239046 0.568016 0.991509 0.693222 0.100000 0.771574 0.486581 0.100000 1.205296 0.248404 1.129045 0.192720 0.269608 0.664118 0.491341 0.210816 0.190899 0.972555 0.556420 0.849498 0.100000 0.546653 0.100000 0.938927 0.237551 0.100000 0.269739 0.149534 0.993849 0.315013 1.535204 0.556441 1.219581 0.100000 0.100000 0.100000 0.481770 0.226207 0.380891 0.682342 0.100000 1.747879 0.394324 0.362913 0.229839 
0.242207 0.680780 0.749237 0.742635 0.664920 0.483414 0.397824 0.114136 0.618438 0.297050 0.616197 0.246090 1.363175 0.361967 0.911622 0.100000 0.998625 0.190696 0.950267 1.063817 0.427286 0.713732 0.321437 0.153807 0.127289 0.987264 0.140622 0.385820 0.830904 0.949173 0.400219 0.739447 0.852140 0.354874 0.956442 0.934348 0.143729 0.100000 0.323082 0.178868 0.401645 1.150941 0.100000 0.100000 0.121316 1.158167 0.968769 
0.100000 0.100000 0.204551 0.744846 0.463892 0.100000 0.174583 0.155003 0.100000 0.859860 0.334016 0.100000 0.432671 0.355551 1.033435 0.100000 0.502406 0.173144 0.692427 0.556781 0.490297 0.428942 0.490492 0.546906 0.855659 0.919883 0.100000 0.575973 0.455323 0.850968 1.178421 0.784294 0.631271 0.199108 0.799406 0.688559 0.401722 0.290175 0.422232 0.887905 0.599935 0.450503 0.312183 0.700758 0.235329 0.998752 0.247134 
0.100000 0.732543 0.191333 0.297531 0.525981 0.692625 0.636614 0.100000 0.880314 0.304610 0.100000 0.623407 0.854971 0.416936 0.686543 0.557657 0.672110 0.100000 0.119220 0.583734 0.606945 0.100000 0.100000 0.368878 0.548009 0.838577 0.100000 0.656589 0.599156 1.025625 0.819781 1.081927 0.231024 1.101301 0.938144 1.285742 1.296142 0.473700 0.345017 1.214661 0.786609 0.160161 0.100000 0.100000 0.240017 0.388239 1.196632 
0.659996 0.156937 0.356969 0.340198 0.100000 1.158993 0.155904 0.100000 0.599223 0.100000 1.321021 0.946564 0.786343 0.434320 1.383310 0.100000 0.335540 0.100000 1.669780 0.454696 0.118900 0.407229 0.100000 0.100000 0.492263 0.100000 1.251700 1.080864 0.206145 1.385909 0.496694 0.528152 0.545314 0.410634 0.354689 0.519192 0.550682 1.197837 0.100000 0.306970 0.235765 0.133269 0.100000 1.187105 0.516487 0.100000 0.650962 
0.707578 0.100000 0.100000 0.344474 0.100000 1.003715 0.100000 0.338016 0.598818 0.346377 0.245612 0.909724 0.100000 0.100000 0.532202 1.145285 0.408385 0.100000 0.358212 0.591193 0.100000 0.372757 0.601707 0.714666 0.716723 0.398606 0.100000 0.100000 0.581628 1.186241 1.787940 1.075929 0.673081 0.101778 1.069179 0.194437 0.386026 0.100000 0.100000 0.100000 0.100000 0.605860 0.375158 0.100000 0.100000 1.046694 1.375589 
0.746954 0.199738 0.100000 0.658717 0.900019 1.193395 0.758358 0.100000 0.822250 0.100000 0.100000 0.365140 1.102813 0.100000 0.886452 0.100000 0.489435 0.100000 1.087357 1.192438 0.351120 0.100000 0.225836 0.259841 0.239789 0.819755 0.100000 1.203136 0.830096 0.806557 0.416065 0.849439 0.164686 0.939316 1.524808 0.721995 0.604815 0.874283 0.417553 0.100000 0.100000 0.100000 0.100000 0.100000 0.481982 0.377418 0.100000 
0.764816 0.100000 0.780683 0.392045 0.917233 0.314563 0.764389 0.302130 0.156138 0.535120 0.746698 0.422847 0.591603 0.285509 1.194269 0.100000 0.100000 0.100000 0.766099 0.811653 0.497662 0.333110 0.712755 0.693976 0.377443 0.100000 0.100000 0.711101 0.614525 1.207851 0.623285 0.722591 0.100000 0.369955 0.768742 0.771570 0.332321 0.325462 0.659605 0.543104 0.247946 0.574626 0.100000 0.237920 0.459757 0.341942 0.982064 
0.828549 0.100000 0.229915 0.217371 0.340394 0.387544 0.151759 0.100000 0.297980 0.100000 0.180090 0.160155 0.435803 0.389912 0.479543 0.100000 0.298250 0.100000 0.610642 0.794013 0.100000 0.100000 0.245907 0.228449 0.245220 0.806901 0.100000 0.100000 0.637083 0.466738 1.343854 0.535094 0.374705 0.593987 0.464160 0.979454 0.100000 0.774259 0.100000 0.353665 0.664820 0.577841 0.100000 0.275367 0.100000 0.769200 0.453526 
0.408315 0.100000 0.100000 0.848147 0.207148 0.815799 0.964705 0.100000 0.377780 0.546672 0.861132 0.100000 0.648344 0.100000 0.468347 0.583571 0.376154 0.103951 0.100000 0.769261 0.565614 1.038116 1.118354 0.100000 0.100000 0.100000 0.100000 0.100000 0.631451 1.061450 1.051765 0.123384 0.100000 0.127457 0.687745 0.758550 0.100000 0.714533 0.100000 0.584736 0.545114 0.965058 0.450464 0.288633 0.100000 0.100000 0.100000 
0.893249 0.386622 0.499779 0.100000 0.109548 0.100000 0.635878 0.415143 0.898818 0.100000 0.100000 0.423818 0.911731 0.122879 0.100000 0.537692 0.241159 0.113046 0.327346 0.100000 0.100000 0.100000 0.202169 0.483246 0.357870 0.682467 0.100000 0.100000 0.809384 0.482904 0.819432 1.069871 0.591284 0.690507 0.100000 0.100000 1.011246 1.367293 0.192598 0.100000 0.481898 0.100000 0.100000 0.568584 1.064114 0.570892 0.100000 
0.330170 0.745681 0.111278 0.100000 0.671199 0.100000 0.197931 0.100000 0.100000 0.100000 0.708208 0.389845 0.100000 0.100000 1.339370 0.100000 0.200689 0.100000 0.100000 0.100000 0.491030 0.100000 0.404366 0.734123 0.698052 0.625669 0.135788 0.312555 0.483403 0.141583 0.591651 0.743282 0.100000 0.244459 1.076023 0.277644 0.593142 0.569747 0.328640 0.100000 0.563766 0.899126 0.205998 0.100000 0.283830 0.937926 0.209595 
0.542612 0.100000 0.100000 0.410894 0.559803 0.100000 0.100000 0.194516 0.100000 0.390116 0.650774 0.100000 0.521687 0.303688 0.100000 0.100000 0.163664 0.304387 0.144978 0.293666 0.593863 0.777964 0.369942 0.100000 0.149436 0.806127 0.100000 0.100000 0.634043 0.271804 0.100000 0.173106 0.100000 0.100000 0.540426 0.769717 0.502935 0.256982 0.301202 0.667512 0.962406 0.361024 0.100000 0.193490 0.162911 0.921944 0.514527 
0.387826 0.112771 0.185169 0.100000 0.458716 0.100000 0.643957 0.199782 0.100000 0.100000 0.982553 0.100000 0.157588 0.233695 0.709569 0.100000 0.222196 0.119862 0.499268 0.100000 0.138146 0.234957 0.824157 0.338715 0.292446 0.118658 0.100000 0.100000 0.896932 0.224776 0.789303 0.100000 0.100000 0.572415 0.580593 0.398052 0.100000 0.199130 0.100000 0.884013 0.750791 0.137317 0.378100 0.100000 0.589573 0.193715 0.524986 
0.161096 0.326943 0.100000 0.743161 0.899756 0.567267 0.100000 0.277125 0.268890 0.100000 0.605581 0.374124 0.208651 0.231082 0.100000 0.169271 0.466756 0.218307 0.100000 0.961383 0.291923 0.772982 0.100000 0.339475 0.100000 1.156139 0.100000 0.100000 0.195606 0.314206 0.612997 0.380427 0.100000 0.100000 0.604258 0.658314 0.521162 0.793019 0.398287 0.389798 0.216787 1.186792 0.100000 0.100000 0.100000 0.179163 0.254622 
0.516910 0.471156 0.100000 1.311310 0.391185 0.594106 0.496131 0.488099 0.100000 0.100000 0.533774 0.226951 0.600402 0.258692 0.209585 0.109151 0.688863 0.100000 0.353828 0.362116 0.826266 0.166907 0.605438 0.100000 0.562143 0.872062 0.100000 0.287017 0.416538 0.872620 0.612271 0.650850 0.251247 0.324675 0.158465 0.413050 0.546716 0.627308 0.100000 0.641822 0.533459 0.694649 0.100000 0.508298 0.429372 1.125047 0.100000 
0.266179 0.686101 0.414840 0.179090 0.100000 0.450142 0.606578 0.553620 0.100000 0.263220 0.406519 0.100000 0.750028 0.432029 0.406470 0.365417 0.218126 0.465436 0.517976 0.390071 0.734277 0.149142 0.596832 0.592873 0.207904 0.738683 0.100000 0.238501 0.857768 1.080028 0.709624 0.514263 0.323945 0.237627 0.629934 0.509539 0.587215 0.264643 0.470260 0.983246 0.853090 0.885429 0.587010 0.797290 0.376917 0.890147 0.673470 
0.100000 0.399663 0.241292 0.100000 0.127828 0.100000 0.355210 0.140844 0.403594 0.100000 0.789425 0.628804 0.729968 0.100000 0.100000 0.100000 0.100000 0.100000 0.904769 0.125131 0.539004 0.733211 0.395434 0.222296 0.175910 0.871383 0.111149 0.100000 0.743537 0.101408 0.831899 0.277590 0.100000 0.436361 0.571157 0.246042 0.667835 0.100000 0.637025 0.100000 0.100000 0.851571 0.100000 0.100000 0.341214 0.605533 0.477795 
0.313230 0.515857 0.100000 0.326861 0.231281 0.692413 0.695792 0.261232 0.100000 0.183307 0.676759 0.463112 0.360918 0.100000 0.100000 0.489206 0.490809 0.100000 0.662693 0.100000 0.100000 0.239531 0.437630 0.215773 0.809026 0.767357 0.100000 0.167261 0.596771 0.976672 0.700305 0.490856 0.224714 0.764531 0.830124 0.780409 0.214425 0.282206 0.100000 0.525370 0.484967 0.582237 0.100000 0.237729 0.100000 0.476934 0.194127 
0.401052 0.100000 0.100000 0.267663 0.552061 0.100000 0.364761 0.100000 0.100000 0.219287 0.764096 0.100000 0.151320 0.100000 0.425059 0.100000 0.554319 0.469264 0.481734 0.398822 0.675954 0.100000 0.350251 0.294266 0.100000 0.660463 0.100000 0.100000 0.100000 0.640514 0.487569 0.668860 0.176909 0.100000 0.636068 0.428042 0.716720 0.388616 0.121483 0.318903 0.400624 0.271024 0.103487 0.100000 0.100000 0.795838 0.100000 
0.411456 0.665240 0.385930 0.384581 0.516276 1.241652 0.537123 0.497700 0.595363 0.111178 0.872468 0.976526 0.593906 0.100000 0.630732 0.320063 0.409962 0.203204 0.600379 0.909248 1.015542 0.541410 0.171791 0.579141 0.100000 0.708053 0.100000 0.192032 0.570823 0.322674 0.987105 0.715108 0.100000 0.243052 0.680626 0.695067 0.944836 0.865736 0.199390 0.720442 0.302350 0.562922 0.107086 0.600329 0.100000 1.311525 0.197747 
0.100000 0.762146 0.100000 0.663445 1.361727 0.459929 0.590999 0.577404 0.629684 0.117309 1.317006 0.715970 0.773172 1.089614 0.100000 0.100000 0.100000 0.119125 0.991959 0.167680 0.816211 0.447683 0.611518 0.100000 0.600782 0.977166 0.100000 0.469795 1.203599 1.000836 1.035088 0.100000 0.459038 0.726122 0.249711 0.474068 1.314494 1.508001 0.739953 0.100000 0.687815 1.288951 0.255561 0.319131 0.514284 0.837146 0.100000 
