62 Number of operations
20 Number of workers
Standard production times
0.290051 0.119425 0.716550 0.190971 0.451519 0.100000 0.100000 0.336942 0.571636 0.414269 0.100000 0.116889 0.577166 0.526380 0.408052 0.219375 0.435065 0.438886 0.292950 0.555470 0.434268 0.311430 0.740981 0.584869 0.139028 0.323885 0.251275 0.312576 0.314710 0.676281 0.419674 0.326109 0.145356 0.602997 0.103788 0.342580 0.388635 0.242379 0.413542 0.192219 0.347265 0.507650 0.705652 0.791335 0.495640 0.423869 0.228507 0.247610 0.527861 0.409505 1.022967 0.293508 0.469117 0.314897 0.100000 0.751079 0.347161 0.569259 0.817347 0.505296 0.596762 0.100000 
Production times: workers row and ops columns
0.150300 0.218362 0.970329 0.240612 0.955420 0.100000 0.100000 0.741722 0.505089 0.645146 0.155993 0.223937 0.599675 1.178127 0.449855 0.791615 0.762135 0.380749 0.166921 0.682454 1.038781 0.354227 0.793255 0.272930 0.253438 0.100000 0.100000 0.434939 0.150124 0.706410 0.233144 0.433174 0.100000 0.473722 0.124244 0.390703 0.100000 0.824766 0.857133 0.147144 0.753086 0.311890 0.432165 1.468494 0.462755 0.987526 0.100000 0.100000 0.505445 0.540196 0.862980 0.501878 0.287757 0.100000 0.100000 0.797303 0.374877 0.594949 0.866791 0.777408 0.409730 0.100000 
0.649688 0.736625 0.583317 0.973295 0.100000 0.140064 0.114581 0.100000 0.100000 0.358008 0.100000 0.453796 0.359711 0.100000 0.471836 0.578346 0.629533 0.974607 0.882061 0.102078 1.292155 0.393797 0.992517 0.134942 0.954959 0.100000 0.100000 1.028370 0.100000 0.416358 0.398543 0.116593 0.100000 1.184461 0.100000 0.391289 0.100000 0.131966 0.689416 0.168026 0.173950 0.100000 0.709444 0.304849 0.540526 0.927459 0.100000 0.100000 0.399486 0.606296 0.100000 0.100000 0.100000 0.420086 0.100000 0.900369 0.635656 0.369978 1.155174 0.221469 0.100000 0.196720 
0.221192 0.252625 1.243641 0.100000 0.649656 0.326037 0.108003 0.382922 0.544169 0.364101 0.100000 0.100000 0.997296 0.950359 0.560852 0.357526 0.100000 0.387127 0.100000 0.683415 0.164815 0.479787 1.367899 0.459694 0.130405 0.427837 0.463570 0.100000 0.331278 0.871636 0.412046 0.413527 0.622738 0.891502 0.100000 0.678973 0.171499 0.505026 0.789365 0.307439 0.807671 0.581845 0.761211 0.933073 0.100000 1.222912 0.236627 0.100000 0.100000 0.435869 1.123860 0.313184 0.447982 0.462079 0.301681 0.519810 0.658081 0.571621 0.725422 0.802569 0.881619 0.100000 
0.201107 0.100000 0.321020 0.426478 0.130432 0.100000 0.100000 0.388352 0.100000 0.627958 0.100000 0.452309 0.685882 0.926010 0.100000 0.100000 0.666648 0.543758 0.913938 0.534670 0.313207 0.100000 0.614826 0.572030 0.100000 0.615420 0.100000 0.621033 0.240976 0.876070 0.558220 0.270264 0.384538 0.224238 0.100000 0.662283 0.658674 0.128911 0.100000 0.213918 0.100000 0.375955 0.800278 0.327146 0.367649 0.634836 0.100000 0.471068 0.100000 0.293428 1.369146 0.198157 0.324252 0.279457 0.100000 0.912658 0.100000 0.525114 0.505611 0.340370 1.079535 0.100000 
0.100000 0.100000 0.567672 0.100000 0.674924 0.271015 0.447507 0.263564 0.868611 0.962204 0.443668 0.739340 0.106711 0.928148 0.841449 0.207445 0.550199 0.624380 0.208555 0.731650 0.808499 0.885521 0.746964 0.516058 0.342805 0.497353 0.900350 0.439556 0.472380 0.565105 0.669344 0.684057 0.577582 0.753642 0.100000 0.711378 0.438550 1.018546 0.637681 0.584481 0.100000 0.798067 1.273347 0.894146 0.450920 0.778795 0.981721 0.279359 0.496423 0.268522 0.600388 0.427649 0.567453 0.728687 0.417317 0.759372 0.611168 0.517613 0.942396 0.977627 0.123234 0.551939 
0.121980 0.320912 0.295737 0.100000 0.572856 0.179119 0.132985 0.100000 0.100000 0.356732 0.310877 0.100000 0.773282 0.255516 0.149165 0.269971 0.847155 0.307540 0.825622 0.915616 0.427033 0.637419 0.993678 0.719916 0.100000 0.315256 0.473419 0.100000 0.366418 0.651301 0.639255 0.100000 0.863187 0.375393 0.100000 0.342890 0.446966 0.100000 0.404350 0.324185 0.617878 0.493946 1.033621 1.007885 0.240814 0.100000 0.456460 0.334346 0.941949 0.754644 0.806132 0.460946 0.792141 0.100000 0.100000 1.510880 0.271037 0.888143 1.312456 0.505443 0.215964 0.291643 
0.614191 0.100000 0.803633 0.100000 0.251515 0.100000 0.100000 0.934478 0.381174 0.212103 0.100000 0.273946 1.448078 0.501320 1.047655 0.757986 0.690467 0.100000 1.125388 1.102355 0.100000 0.327269 0.100000 0.100000 0.100000 0.445080 0.902395 0.100000 0.649332 0.604835 0.100000 1.076081 0.100000 0.100000 0.100000 0.100000 0.615597 0.139860 0.348496 0.100000 0.904267 0.197590 0.592993 1.612708 0.290970 1.288403 0.100000 0.420191 0.900631 0.646165 2.008266 0.928093 1.140262 0.552093 0.365526 0.869040 0.375074 0.187188 0.100000 1.175331 0.420891 0.100000 
0.883639 0.201090 0.425148 0.576432 1.077525 0.100000 0.100000 0.633791 0.154589 0.328095 0.100000 0.100000 0.628667 1.162969 0.100000 0.100000 0.826464 1.245919 0.181976 0.498632 0.100000 0.997645 0.848219 1.472352 0.100000 0.100000 0.100000 0.100000 0.468494 0.228173 0.100000 0.294382 0.971550 1.389495 0.100000 0.100000 0.696036 0.100658 1.220302 0.100000 0.100000 1.502214 0.231167 0.747076 0.415390 0.722415 1.259253 0.139902 0.841251 0.456548 1.242443 0.678454 0.685004 0.100000 0.100000 0.797573 0.900112 0.475739 1.763371 0.100000 0.757839 0.605404 
0.763760 0.255434 0.568306 0.642948 0.774718 0.100000 0.100000 0.486761 0.891193 0.100000 0.295296 0.100000 0.800299 0.410652 0.279164 0.185450 0.255864 0.657641 0.461048 0.627165 0.257801 0.428757 0.761979 0.355753 0.100000 0.485628 0.260183 0.100000 0.866740 0.571854 0.692061 0.100000 0.181404 0.543308 0.306414 0.100000 0.186437 1.145672 0.729033 0.267416 0.293161 0.570265 0.674022 0.414577 0.706265 0.100000 0.422114 0.407585 0.734194 0.954835 1.039764 0.100000 1.354526 0.100000 0.100000 0.892495 0.100000 0.869582 0.811551 0.279324 0.316194 0.203024 
0.957195 0.241783 0.899458 0.100000 1.089011 0.100000 0.600960 0.584631 0.665022 1.002106 0.100000 1.146350 0.100000 0.545338 0.546051 0.378205 0.322964 0.495291 1.518095 0.100000 0.828746 0.368742 0.474590 0.676970 0.100000 0.100000 0.100000 0.100000 0.100000 0.666488 0.214923 0.455498 0.564399 0.690334 0.790508 0.940619 0.522685 1.018566 0.100000 0.192018 0.500447 0.100000 1.478063 0.505013 0.827996 0.531673 0.100000 0.604924 0.771723 0.100000 1.562573 0.552377 0.122624 0.167630 0.631779 0.988320 0.100000 0.263805 0.100000 0.437558 1.276248 0.100000 
0.100000 0.100000 1.250665 0.100000 0.813820 0.298315 0.393464 0.538183 0.461455 0.847861 0.100000 0.100000 0.312970 0.320227 0.694553 0.100000 0.161417 0.100000 1.082304 1.007112 0.100000 0.100000 0.671612 0.742462 0.100000 1.232903 0.100000 0.100000 0.587431 0.872493 0.100000 0.396367 0.570908 1.048967 0.491002 0.126602 0.949940 0.100000 0.100000 0.102107 0.100000 0.100000 0.276520 1.358136 1.079666 0.416564 0.129703 0.103529 0.100000 0.221462 0.742367 0.920144 0.526529 0.202611 0.100000 0.100000 0.535186 1.477781 1.232107 0.100000 0.926887 0.100000 
0.138481 0.206554 0.478273 0.215318 1.134008 0.401817 0.156630 0.556489 0.993066 0.521475 0.426866 0.100000 0.542460 0.319886 0.895548 0.515532 0.476441 0.936485 0.151517 0.806407 0.820225 0.501798 0.786425 0.981273 0.455743 0.283101 0.256225 0.356038 0.636924 0.100000 0.497964 0.208415 0.272661 0.146156 0.339689 0.415079 0.100000 0.374381 0.100000 0.100000 0.596374 0.575865 1.014178 0.847090 0.743998 0.827610 0.339384 0.100000 0.922641 0.986702 1.029184 0.392884 0.100000 0.350503 0.323096 1.414086 0.557436 1.088489 1.172804 0.756490 0.886085 0.212352 
0.518932 0.100000 0.368260 0.101801 0.627619 0.100000 0.100000 0.298404 0.290309 0.271917 0.100000 0.100000 0.317610 0.887172 0.631269 0.100000 0.728694 0.598620 0.117351 0.706632 0.693716 0.182129 0.535787 0.620732 0.100000 0.756483 0.503465 0.878288 0.502603 0.377638 0.100000 0.258485 0.452412 0.870546 0.100000 0.100000 0.438143 0.100000 0.100000 0.448656 0.259156 0.203630 0.776507 0.561997 0.771378 0.729344 0.100000 0.121349 0.100000 0.376662 1.058756 0.410256 0.361207 0.445496 0.100000 0.333197 0.204003 0.807893 0.600620 0.178749 1.071905 0.100000 
0.100000 0.591816 0.276960 0.100000 1.675129 0.268282 0.318698 0.100000 1.142994 0.696010 0.837047 0.487478 1.636830 0.787335 0.274337 0.100000 0.403383 0.237214 0.198279 0.770232 0.923712 1.108586 0.488240 0.361395 0.312596 0.100000 0.146763 0.100000 0.456078 0.849348 0.100000 0.422289 0.637933 0.952287 0.735306 0.226686 0.728655 0.156061 0.406467 0.100000 0.358816 1.230783 0.677215 1.456342 0.725015 0.741805 0.100000 0.149043 0.115698 0.384683 0.816895 0.816911 0.636174 0.515259 0.635464 0.923246 0.278438 0.624309 1.292968 0.395105 0.579912 0.397886 
0.611058 0.100000 0.529154 0.244473 0.100000 0.424021 0.282409 0.198234 0.932859 1.028197 0.326856 0.190561 0.684363 0.195659 0.745984 0.157336 0.275160 0.100000 0.179351 0.773795 0.319757 0.664159 0.378177 0.683532 0.241426 0.342791 0.100000 0.282230 0.113810 0.737114 0.676632 0.127708 0.100000 0.940799 0.526203 0.278153 0.556496 0.750495 1.028989 0.100000 0.387574 0.561611 1.650001 0.716150 0.472864 0.309870 0.121074 0.395921 1.027632 0.248802 1.084648 0.162300 0.190340 0.100000 0.658239 1.233235 0.694860 0.580575 0.867347 0.578237 0.565809 0.100000 
0.100000 0.353328 0.400757 0.523342 0.485056 0.100000 0.100000 0.512335 0.858403 1.337374 0.100000 0.100000 1.575816 0.670248 0.977503 0.100000 0.650897 0.769378 0.817603 0.288140 0.993958 0.331605 0.895163 0.932687 0.108153 0.420878 0.694841 0.100000 0.741791 1.218716 0.157170 0.387578 0.245883 0.512573 0.582173 0.732131 0.697751 0.874837 0.139896 0.451951 0.289764 0.512865 0.896604 1.436250 0.477160 0.942792 0.229876 0.415754 0.638989 0.994420 1.294822 0.315944 1.018247 0.286392 0.613104 1.072742 0.279672 0.919480 0.899618 0.728828 0.616164 0.100000 
0.100000 0.100000 0.628982 0.370791 0.418869 0.100000 0.175268 0.100000 0.966168 0.632711 0.100000 0.100000 0.490866 1.470054 0.861239 0.100000 0.100000 0.132105 0.100000 0.767363 0.586259 1.145466 1.074576 1.339729 0.275105 0.416975 0.478836 0.100000 0.660295 0.560884 0.100000 0.326276 0.100000 0.981254 0.100000 0.202864 0.553639 0.627142 0.580707 0.100000 0.703178 0.468523 0.100000 0.100000 0.899392 0.324354 0.279414 0.100000 1.612046 0.100000 1.965349 0.504003 0.157089 0.967055 0.525318 0.100000 0.333894 0.773795 1.004659 0.100000 0.379285 0.826189 
0.382650 0.562753 0.386983 0.264381 0.288491 0.300221 0.100000 0.757128 0.448066 0.359816 0.139540 0.114043 1.089453 0.226541 0.232163 0.100000 0.100000 0.524753 1.276847 0.367923 0.292447 0.260971 1.020161 0.360650 0.290615 0.479789 0.375251 0.100000 0.735713 0.688203 0.100000 0.907469 0.373412 0.201703 0.100000 0.775992 0.457221 0.315104 0.528769 0.378569 0.365539 0.423751 0.910158 0.585173 0.638743 0.644330 0.100000 0.348534 1.319484 0.529754 1.336865 0.341412 0.601377 0.776142 0.100000 1.033608 0.100000 0.538453 0.775659 0.545605 0.784400 0.172371 
0.100000 0.100000 1.066510 0.384685 0.418242 0.703956 0.100000 0.363569 1.108027 0.372983 0.350914 0.100000 0.948078 0.499477 0.100000 0.285928 0.559302 0.346786 0.296088 0.558457 0.704866 0.364550 0.382355 0.143683 0.100000 0.292426 0.100000 0.570883 0.710777 0.755089 0.689155 0.731732 0.418173 0.707842 0.869369 0.518853 0.195771 0.381575 0.375661 0.497238 0.100000 0.983478 0.416048 1.081383 1.087711 0.776141 0.438241 0.516195 0.782396 0.296211 1.588546 0.202401 0.605586 0.741625 0.152423 1.277261 0.484822 0.758743 0.740229 1.081634 0.867987 0.100000 
0.510133 0.100000 0.701259 0.440040 0.414876 0.100000 0.409512 0.500361 0.922882 0.100000 0.343204 0.100000 0.266229 0.100000 0.100000 0.317086 0.452337 0.781928 0.497871 0.593764 0.561035 0.298562 0.473610 0.402832 0.408870 0.268936 0.100000 0.321483 0.537496 0.376399 0.100000 0.100000 0.100000 0.497314 0.170701 0.115611 0.750006 0.512046 1.012211 0.455474 0.231735 0.100000 0.599411 0.609198 0.784012 0.362591 0.100000 0.100000 0.154354 0.100000 0.901733 0.324694 0.100000 0.100000 0.275302 1.265139 0.405744 0.196253 0.632279 0.492639 0.638480 0.100000 
