58 Number of operations
21 Number of workers
Standard production times
0.395487 0.532490 0.222502 0.307822 0.261232 0.472611 0.856732 0.348992 0.510849 0.592732 0.929213 0.391227 0.206876 0.575733 0.100000 0.623915 0.189126 0.198222 0.386496 0.383715 0.967043 0.350765 0.541102 0.253267 0.159032 0.456081 0.295062 0.100000 0.627160 0.519564 0.619080 0.716055 0.419631 0.380416 0.100000 0.410165 0.555420 0.278717 0.305743 0.100000 0.571778 0.269913 0.412373 0.663896 0.543813 0.237312 0.591981 0.366152 0.400966 0.541476 0.611755 0.607141 0.514341 0.395286 0.100000 0.249166 0.430479 0.769328 
Production times: workers row and ops columns
0.363725 0.100000 0.100000 0.100000 0.483384 0.496558 0.687906 0.100000 0.100000 0.908828 1.837562 0.100000 0.100000 0.820484 0.240895 0.817337 0.574756 0.519524 0.100000 0.499644 1.051487 0.734503 0.100000 0.100000 0.100000 0.861434 1.429618 0.520496 0.839649 1.080609 0.790407 0.109113 1.906206 0.100000 0.100000 0.818105 0.541836 0.267785 0.100000 0.554543 0.110920 0.100000 0.291373 0.100000 1.138193 0.322559 0.924940 0.100000 0.754633 0.128060 1.173418 0.894696 0.257054 0.522937 0.100000 0.117864 0.135347 0.828504 
0.985205 0.327630 0.410938 0.336847 0.954874 0.237137 1.205016 0.100000 0.590273 0.872293 0.924142 0.100000 0.427777 0.100000 0.100000 0.733858 0.234304 0.100000 0.776880 0.701273 1.071665 0.911676 0.607081 0.445692 0.758523 0.518792 0.317803 0.523198 0.671595 0.969105 0.807231 0.599518 0.252322 0.286749 0.406961 0.455903 0.898057 0.419635 0.409176 0.770783 0.216761 0.379763 0.819568 0.815598 0.915216 0.478101 0.613917 0.533079 0.157918 0.460983 0.805487 0.824938 0.876584 0.100000 0.340912 0.478222 0.730096 0.614740 
0.248794 0.149949 0.238662 0.122639 0.453904 0.674462 0.542674 0.590289 0.592217 0.103150 1.030074 0.251899 0.100000 0.948263 0.100000 0.829575 0.245480 0.100000 0.100000 0.225067 1.097375 0.100000 0.301764 0.249471 0.100000 0.724848 0.226029 0.100000 0.264547 0.254771 1.095363 0.329923 0.393837 0.138485 0.187040 0.413730 0.193161 0.164552 0.100000 0.100000 1.203976 0.266719 0.163270 0.845787 0.604927 0.407962 0.670707 0.377440 0.114462 0.503106 0.100000 0.885094 0.446409 0.686398 0.100000 0.100000 0.146715 0.217704 
0.248013 0.513230 0.100000 0.185684 0.960553 0.100000 0.675079 0.100000 0.529519 1.636545 0.170360 0.100000 0.257998 0.695255 0.100000 0.646040 0.100000 0.601103 0.100000 0.118774 0.406589 0.100000 0.153809 0.250322 0.100000 0.100000 0.100000 0.100000 0.283591 0.100000 0.794963 0.360209 0.100000 0.905441 0.100000 0.870573 0.804056 1.470843 0.558815 0.100000 0.683347 0.383796 0.776218 0.657348 0.349881 0.100000 1.606490 0.394934 0.100000 0.100000 0.435329 1.312745 1.234501 0.847384 0.100000 0.816073 0.985779 0.270813 
0.127487 0.735898 0.100000 0.100000 0.310557 0.112908 0.629283 0.100000 0.224180 0.776567 1.257837 0.862334 0.100000 0.225093 0.202136 0.410827 0.100000 0.100000 0.727110 0.985568 0.291764 0.237374 0.888546 0.171165 0.101770 0.762764 0.335292 0.100000 0.100000 0.125366 0.100000 0.942817 0.255205 0.513848 0.103253 0.651334 0.445232 0.441967 0.232459 0.159686 0.492781 0.323377 0.100000 0.783960 0.494577 0.293569 0.656639 0.281611 0.717081 1.190032 0.529864 0.329433 0.196074 0.700585 0.198439 0.704250 0.399298 0.240034 
0.100000 0.377972 0.100000 0.397172 0.100000 0.100000 0.332901 0.540508 0.100000 0.100000 0.892124 0.737418 0.407932 1.040507 0.503980 0.100000 0.100000 0.688439 0.456984 0.799407 1.028396 0.700523 0.875512 0.895895 0.319441 0.100000 0.819308 0.962602 1.780547 1.040234 1.106689 1.092122 1.339419 0.144763 0.100000 0.342647 0.100000 0.995211 0.100000 0.289329 0.246122 0.100000 0.382885 0.828631 0.243730 0.484275 0.349319 1.148163 0.206369 0.762478 0.485390 1.179969 0.300438 0.100000 0.100000 1.136224 0.100000 0.383211 
0.911275 1.206760 0.100000 0.100000 0.263389 0.304938 0.383568 0.305291 0.100000 0.479715 0.392599 0.100000 0.147590 0.837920 0.100000 0.539497 0.645132 0.487787 0.797072 0.898324 0.687792 0.100000 0.100000 0.191107 0.100000 0.373819 0.242825 0.100000 0.917699 0.602240 0.156596 0.435157 0.230992 0.740976 0.100000 0.177961 0.100000 0.122311 0.100000 0.100000 0.117059 1.315789 0.100000 1.191550 0.931020 0.100000 1.089858 1.038293 0.245088 0.633272 0.100000 1.751227 0.100000 0.154157 0.979481 0.634886 1.085073 0.100000 
0.100000 0.100000 0.402204 0.100000 0.100000 0.100000 0.588553 0.277378 0.661060 0.854131 1.268347 0.241550 0.100000 0.529483 0.274162 0.356529 0.100000 0.393491 1.171255 1.636952 0.894350 0.100000 0.783349 0.100000 0.889044 0.310057 0.222379 0.100000 0.123948 0.480195 0.880942 1.796556 0.308291 1.010877 0.100000 0.100000 0.264134 0.834549 0.100000 0.100000 1.356871 0.576463 0.252739 0.100000 0.232182 1.187300 0.100000 0.479400 0.283688 0.630097 0.100000 0.478154 0.441785 0.100000 0.100000 0.608317 1.775160 0.100000 
0.100000 0.384587 0.441789 0.336169 0.932489 0.599509 0.414796 0.535156 1.005313 0.666669 0.839800 0.143588 0.736031 0.950165 0.100000 0.599499 0.100000 0.100000 0.888199 0.524879 0.909000 0.696046 0.809449 0.110005 0.100000 0.457984 0.123334 0.273178 0.695872 0.182984 0.997330 0.810887 0.597369 0.712821 0.414017 0.258874 0.674647 0.368236 0.270025 0.946519 1.100595 0.534200 0.515061 1.093067 0.215483 0.640664 0.623630 0.544241 0.301616 0.315810 0.293999 0.579191 0.580076 0.736635 0.622016 0.305163 0.522649 0.945562 
0.706284 0.618143 0.100000 0.100000 0.359940 0.760786 0.278486 0.456178 0.212438 0.665325 1.010169 0.698720 0.625548 0.101853 0.100000 1.155363 0.828045 0.407566 0.601850 0.716009 0.702322 0.910729 0.210016 0.521812 0.154968 0.392263 0.100000 0.100000 0.464050 1.071945 0.159166 0.829070 0.595436 0.336715 0.142873 0.100000 1.164664 0.655891 0.100000 0.100000 0.759079 0.607584 0.754519 0.536313 0.100000 0.666793 0.641554 0.393079 0.595920 0.451512 0.588399 1.182553 0.301481 0.406514 0.100000 0.100000 0.822984 1.401196 
0.644902 0.775443 0.585608 0.317272 0.141119 0.820519 1.096761 0.939369 0.898288 0.401570 0.749562 0.109157 0.387885 0.259108 0.827011 0.479120 0.282870 0.265734 0.514606 0.228331 0.420625 0.414491 0.348189 0.100000 0.100000 0.691503 0.100000 0.829253 1.050663 0.501327 0.501255 0.963303 0.351798 0.361653 0.100000 0.384832 0.442817 0.100000 0.100000 0.139551 0.692893 0.145008 0.942669 1.131936 0.431865 0.427046 0.667399 0.245639 0.929727 0.306916 0.420709 0.349331 0.620718 0.433617 0.100000 0.985998 0.498037 1.101785 
0.100393 0.550465 0.100000 0.291520 0.277836 0.409279 0.379129 0.562627 0.506394 0.673610 0.440293 0.302950 0.100000 0.326129 0.171555 0.154677 0.100000 0.159341 0.340083 0.701783 0.579749 0.115958 0.100000 0.152697 0.100000 0.614041 0.117429 0.177887 0.967751 0.100000 0.288909 0.559914 0.820020 0.100000 0.669329 0.567867 0.494217 0.100000 0.141919 0.248720 0.297958 0.100000 0.100000 0.726084 0.100000 0.100000 0.631002 0.304153 0.572434 0.151241 0.178452 0.783528 0.409456 0.100000 0.100000 0.100000 0.100000 0.752801 
0.100000 0.523049 0.100000 0.100000 0.877875 0.100000 1.570672 0.100000 0.100000 1.184007 1.357874 0.610159 0.466037 1.198612 0.100000 0.733177 0.750247 1.118581 0.157022 0.100000 0.397731 0.100000 0.100000 0.100000 0.100000 0.279796 0.100000 0.177746 0.693147 0.259310 1.382049 0.221224 1.563944 0.582175 0.495800 0.100000 1.844139 0.204564 0.275469 0.100000 1.090771 0.100000 0.888644 0.415408 0.815045 0.100000 0.264441 0.565274 0.897364 0.936141 0.896806 0.100000 0.155760 0.315936 0.100000 1.913340 0.509428 1.270253 
0.445441 0.996777 0.310669 0.291451 0.792537 0.464587 0.972008 0.356886 0.553981 0.155710 1.283250 0.916110 0.100000 0.479364 0.207676 1.081107 0.109281 0.149005 0.823676 0.258995 1.771240 0.100000 0.282222 0.458257 0.100000 0.260426 0.100000 0.293530 1.040215 0.386460 1.036384 1.044479 0.358827 0.312193 0.100000 0.610046 1.224332 0.393114 0.757145 0.100000 0.481307 0.100000 0.401244 0.576781 0.572145 0.148670 0.720510 0.649686 0.508676 0.469546 0.764305 0.790621 0.738213 0.418457 0.407403 0.237767 0.491062 0.899712 
0.100000 0.206166 0.100000 0.100000 0.538130 0.356548 0.991053 0.316397 0.344437 0.555924 1.144178 0.100000 0.236554 0.100000 0.187637 0.394308 0.100000 0.100000 0.202436 0.446630 0.653855 0.100000 0.245217 0.163450 0.100000 0.602754 0.100000 0.143617 0.511898 0.100000 0.113007 0.645887 0.100000 0.453279 0.100000 0.550463 0.464977 0.100000 0.174643 0.100000 0.597929 0.179841 0.100000 0.412241 0.455433 0.289806 0.460941 0.362994 0.275547 0.206282 0.869753 0.482325 0.603242 0.108420 0.100000 0.100000 0.100000 0.889505 
0.446147 0.929771 0.900913 0.100000 0.361758 0.510667 0.372944 0.561020 0.202096 0.528355 1.285811 0.100000 0.100000 0.922446 0.100000 0.100000 0.100000 0.709278 1.083673 0.845061 1.841059 0.100000 0.938357 0.336489 0.593648 0.940221 0.452950 0.100000 0.903429 0.174454 0.787082 0.569189 0.100000 1.092292 0.100000 0.498553 0.100000 0.100000 0.670006 0.100000 0.188831 1.218797 0.100000 1.439943 0.167765 0.255605 0.536493 0.461253 0.100000 1.259785 0.373199 0.726261 0.385204 0.100000 0.242997 0.809273 0.632679 0.540402 
0.473290 0.408721 0.371009 0.100000 0.976141 1.110109 0.804979 0.287488 0.850407 0.835388 0.777526 0.524529 0.100000 0.964956 0.100000 0.648502 0.100000 0.100000 0.565217 0.502407 0.950846 0.241212 0.652667 0.534016 0.100000 0.366840 0.855596 0.488806 0.627512 0.777140 1.193311 1.395732 0.451387 0.644172 0.109795 0.465190 0.865969 0.100000 1.014341 0.100000 1.157764 0.415452 0.965549 0.685377 1.172408 0.276251 0.848205 0.587394 0.651731 0.412654 0.706803 0.682943 0.479877 0.514036 0.608009 0.100000 0.405860 0.497744 
0.211363 0.624739 0.262976 0.643863 0.100000 0.141469 0.800401 0.371245 0.302895 0.400120 0.817978 0.396000 0.100000 0.596143 0.100000 0.528507 0.100000 0.100000 0.363646 0.393985 0.488758 0.284259 0.190580 0.361998 0.100000 0.241029 0.692948 0.520393 0.415337 0.762377 0.551031 0.509111 0.100000 0.200480 0.276794 0.817182 0.514193 0.100000 0.712917 0.163253 0.741528 0.223037 0.151353 0.403879 0.384866 0.100000 0.613493 0.643512 0.496292 0.342962 0.631288 0.818246 0.667979 0.371661 0.295334 0.100000 0.654792 0.519019 
0.346757 0.100000 0.100000 0.122232 0.100000 0.924771 0.436365 0.100000 0.261092 0.923628 1.121008 0.201885 0.572091 0.676778 0.100000 0.893481 0.100000 0.100000 0.100000 0.139869 0.471260 0.396492 0.399541 0.488012 0.189734 0.470245 0.506351 0.156377 0.640370 0.832978 0.254542 0.100000 0.272453 0.100000 0.100000 0.100000 0.392937 0.100000 0.100000 0.100000 0.395272 0.100000 0.100000 0.584906 0.301017 0.100000 0.631081 0.100000 0.469088 0.626648 0.330717 0.332043 0.100000 0.561734 0.100000 0.113084 0.137444 0.933239 
0.704361 0.154563 0.899646 0.100000 0.872955 0.528783 1.869504 0.100000 0.980233 0.886486 0.883445 0.100000 0.357711 0.740899 0.100000 0.714910 0.463019 0.359220 0.897013 0.376380 0.752064 0.100000 0.102459 0.935485 1.225954 0.610555 0.100000 1.045779 0.495878 0.100000 0.942979 0.432443 0.100630 0.705577 0.996396 0.875676 0.144995 0.207217 0.100000 0.214469 0.296828 0.388662 0.100000 0.987404 0.639493 0.218434 0.642914 0.662020 0.891169 0.844899 0.277086 0.805385 1.139255 0.316052 0.100000 0.641396 0.585970 1.269467 
0.279472 0.476366 0.100000 1.109951 0.250108 0.453591 0.625055 0.300956 0.100000 0.288322 0.783285 0.542556 1.116586 1.029753 0.430979 0.649799 1.148228 0.100000 0.208502 0.631206 1.134944 0.365318 0.936259 0.753401 0.689036 0.292460 0.186143 0.697451 1.535785 0.877642 0.484026 1.432314 0.100000 0.177598 0.576355 0.837475 0.739825 0.120060 0.480126 0.100000 0.743302 0.100000 0.100000 0.693858 1.021586 0.622261 0.582219 0.862298 1.474234 0.666253 0.498066 0.997847 0.953340 1.241639 0.376799 0.100000 0.381907 1.355466 
