45 Number of operations
20 Number of workers
Standard production times
0.290051 0.119425 0.716550 0.190971 0.451519 0.100000 0.100000 0.336942 0.571636 0.414269 0.100000 0.116889 0.577166 0.526380 0.408052 0.219375 0.435065 0.438886 0.292950 0.555470 0.434268 0.311430 0.740981 0.584869 0.139028 0.323885 0.251275 0.312576 0.314710 0.676281 0.419674 0.326109 0.145356 0.602997 0.103788 0.342580 0.388635 0.242379 0.413542 0.192219 0.347265 0.507650 0.705652 0.791335 0.495640 
Production times: workers row and ops columns
0.100000 0.997124 0.584454 0.614118 1.494885 0.363239 0.591905 0.100000 0.124223 0.579300 0.624295 0.791839 1.200003 0.180785 1.048589 0.100000 0.100000 0.437113 0.549248 0.471540 1.107436 0.100000 0.369462 1.092837 0.100000 0.542015 0.177930 0.324322 0.185559 1.595860 0.322679 1.113174 0.523806 0.339435 0.100000 0.387553 1.229491 0.147042 0.334000 0.100000 0.371281 0.100000 0.100000 0.828608 0.100000 
0.100000 0.100000 0.325465 0.100000 0.271975 0.100000 0.100000 0.719329 0.815226 0.169193 0.305821 0.100000 0.103679 1.003539 0.175167 0.583033 0.100000 0.100000 0.100000 0.486161 0.100000 0.319800 0.359621 0.100000 0.100000 0.170108 0.100000 0.138266 0.164154 0.748394 0.100000 0.100000 0.261139 0.873317 0.100000 0.711975 0.100000 0.166417 0.322291 0.100000 0.100000 0.373893 0.385894 0.893479 0.265167 
0.428321 0.434808 0.933231 0.612403 0.904985 0.100000 0.714733 0.486362 0.822558 0.244312 0.689559 0.100000 0.505619 1.055857 0.255287 0.163421 0.522386 0.413177 0.244022 1.004348 0.409786 0.440655 0.648974 0.618621 0.404552 0.409370 0.247286 0.100000 0.416985 0.484390 0.546606 0.728263 0.100000 0.302012 0.126763 0.560655 0.100000 0.100000 0.207692 0.355332 0.410167 0.697224 0.978749 0.771767 0.798337 
0.100000 0.100000 0.674583 0.100000 0.384718 0.427090 0.100000 0.335079 0.597673 0.222272 0.100000 0.100000 0.326998 0.100000 0.100000 0.439505 0.659043 0.391687 0.231101 0.100000 0.182509 0.100000 0.668926 0.115417 0.107385 0.750803 0.100000 0.103953 0.218662 0.688577 0.100000 0.142677 0.140710 0.395369 0.100000 0.619962 0.477140 0.100000 0.549935 0.100000 0.409912 0.683473 0.620872 1.051741 0.369835 
0.145610 0.100000 0.100000 0.790013 0.259639 0.100000 0.100000 0.163306 0.472529 0.233945 0.100000 0.100000 0.578846 0.100000 0.518972 0.100000 0.143140 0.536159 0.377808 0.148340 0.345323 0.100000 0.345450 0.820377 0.100000 0.167424 0.100000 0.363986 0.100000 0.889971 0.162310 0.661528 0.254072 1.002627 0.100000 0.100000 0.620219 0.347251 1.034530 0.171418 0.226204 0.230122 0.579497 0.778496 0.100000 
0.173598 0.100000 1.397313 0.234748 0.951166 0.497577 0.173592 0.902245 0.107037 0.368579 0.799505 0.733621 0.554720 0.100000 0.610884 0.100000 0.382240 0.763263 0.100000 0.508818 0.952546 0.100000 1.280076 0.100000 0.112232 1.067517 0.259023 0.237801 0.422310 0.232873 0.855639 0.100000 0.238448 0.250105 0.100000 1.313869 0.417244 0.100000 0.100000 0.100000 0.100000 0.713325 0.824011 1.203848 0.206678 
0.618343 0.865985 1.122663 1.061722 0.100000 0.602945 0.655662 0.150391 0.596861 0.556758 0.100000 0.243856 1.034218 1.316533 0.251357 0.100000 0.608027 0.561333 1.208076 0.600437 0.530385 0.100000 0.990431 1.014783 0.692738 0.408292 0.100000 0.760573 0.231235 1.803227 0.626572 0.813213 0.100000 0.920360 0.883280 0.347264 0.147434 0.667255 1.502232 0.100000 0.128201 0.106011 0.100000 0.848237 0.492867 
0.219755 0.436743 0.724843 0.454977 0.399873 0.225049 0.572332 0.100000 1.023574 0.246198 0.301486 0.100000 0.338769 0.647718 0.487171 0.252361 0.166584 0.100000 0.235413 0.766348 0.390503 0.507546 0.470117 0.325982 0.189624 0.735975 0.119929 0.845248 0.674856 0.669047 0.745663 0.578805 0.280403 0.310693 0.100000 0.564725 0.161788 0.294087 0.388562 0.411799 0.100000 1.225481 0.478048 0.676427 0.495950 
0.348382 0.100000 0.707358 0.322937 0.722132 0.100000 0.427969 0.553491 0.316810 0.100000 0.327953 0.203625 0.991254 0.871519 0.191218 0.386814 0.758089 0.100000 0.167440 1.315271 0.358143 0.630313 1.236090 0.585017 0.100000 0.515528 0.545759 0.100000 0.466959 0.263886 0.399672 0.395133 0.193151 1.061519 0.100000 0.321281 0.100000 0.436613 1.036090 0.277182 0.831026 0.930817 0.958893 0.617516 1.095103 
0.813034 0.100000 0.732390 0.100000 0.100000 0.100000 0.221195 0.988062 0.275431 0.748890 0.100000 0.100000 1.327138 0.100000 0.100000 0.184902 0.131511 0.665848 0.190431 0.490425 0.222636 0.868432 0.430920 0.472210 0.960400 0.119215 1.115809 0.100000 0.487291 1.049051 0.656334 1.311408 0.779942 1.274142 0.340984 0.608106 0.506596 0.270292 0.100000 0.100000 1.017300 0.331779 0.100000 1.384924 0.577305 
0.100000 0.504887 1.342556 0.100000 0.100000 0.396850 0.100000 0.250768 0.143704 0.100000 0.151501 0.753478 0.100000 0.378646 0.799451 1.026408 0.324091 0.382048 0.100000 1.241685 0.541506 1.198912 0.610999 0.218086 0.100000 0.100000 0.405059 0.100000 0.100000 0.644555 1.245868 1.112606 0.100000 0.199246 0.411189 0.200859 1.195395 0.100000 0.100000 1.186782 0.100000 0.463391 0.625402 1.089881 1.526386 
0.182342 0.432816 0.763593 0.410447 0.836465 0.315887 0.100000 0.100000 0.618129 0.967220 0.100000 1.062914 0.100000 0.687458 0.913456 0.842224 0.495079 0.100000 0.879579 0.927469 0.100000 0.100000 0.824014 0.950797 0.100000 0.482711 0.100000 0.517798 0.100000 0.294802 0.196464 0.100000 0.343280 0.716493 0.100000 0.100000 0.417514 0.110710 0.100000 0.100000 0.450169 0.355830 0.100000 1.544719 0.154927 
0.581586 0.191812 0.161823 0.100000 0.191829 0.102626 0.100000 0.100000 1.274929 0.529759 0.100000 0.100000 0.439781 0.294750 0.100000 0.230000 0.100000 0.432493 0.252925 0.561803 0.779598 0.128227 0.273219 1.270279 0.100000 0.100000 0.192690 0.100000 0.415033 0.470486 0.100000 0.100000 0.100000 0.903284 0.100000 0.352325 0.143696 0.524874 0.100000 0.392795 0.395878 0.463682 0.958354 0.686282 1.013317 
0.718181 0.100000 0.827925 0.373770 0.646816 0.132740 0.233843 1.172028 0.124913 0.750956 0.234387 0.100000 0.732426 0.601681 0.100000 0.100000 0.285854 0.319603 0.387074 0.532620 0.611901 0.662855 0.893383 1.096901 0.597851 0.504315 0.816987 0.149335 0.414589 0.868191 0.195928 0.889555 0.100000 0.902411 0.268471 0.108290 0.703023 0.488696 0.100000 0.615983 0.602586 0.399754 0.717292 1.210403 0.737984 
0.100000 0.100000 0.100000 0.123233 1.131005 0.100000 0.100000 0.301661 1.105750 0.100000 0.462302 0.315204 0.870630 0.727622 0.297871 0.652968 0.100000 0.100000 0.100000 0.349317 0.720769 0.100000 0.467334 0.100000 0.928382 0.775527 0.100000 0.100000 0.245341 0.833875 0.100000 1.235127 0.100000 0.100000 0.376509 0.538791 0.100000 0.312637 0.839094 0.638188 0.734479 0.291672 1.266957 0.489349 0.100000 
0.100000 0.100000 0.359071 0.431051 0.701935 0.100000 0.100000 0.150493 0.186472 0.201442 0.100000 0.392871 0.511613 0.359009 0.259214 0.100000 0.447879 0.884000 0.441806 0.209185 0.532343 0.178743 0.389411 0.471998 0.100000 0.148232 0.733764 0.414393 0.171340 0.695829 0.641104 0.233315 0.272222 0.121978 0.100000 0.100000 0.676131 0.338536 0.254919 0.489817 0.100000 0.558587 0.891609 0.781704 0.341085 
0.199938 0.480617 0.481910 0.100000 0.357290 0.470357 0.100000 0.300757 0.208813 0.459778 0.100000 0.343391 0.531330 0.100000 0.461389 0.100000 0.100000 0.687401 0.239976 0.903014 0.360525 0.558693 1.247216 0.602997 0.100000 0.815185 1.046602 0.156272 0.313670 0.100000 0.312351 0.531268 1.083700 0.786789 0.802505 0.768343 0.640625 0.557917 0.434128 0.740354 0.100000 0.100000 0.723703 1.251503 0.100000 
0.486455 0.100000 0.678013 0.100000 0.309168 0.100000 0.100000 0.100000 0.932427 0.637486 0.100000 0.410519 0.736900 0.350782 0.559214 0.478824 0.305764 0.233692 0.328813 0.100000 0.866865 0.563620 1.306693 0.772762 0.100000 0.100000 0.183651 0.619632 0.582258 0.100000 0.100000 0.375616 0.100000 0.241394 0.360225 0.254472 0.100000 0.313234 0.184203 0.467957 0.652739 0.217909 0.579391 0.270126 0.462797 
0.516367 0.480673 0.703367 0.575302 0.344880 0.100000 0.100000 0.901331 0.377091 0.100000 1.058572 0.100000 0.100000 0.998771 0.100000 0.100000 1.658675 0.607168 0.511648 0.197757 1.005626 0.593171 1.478028 0.955457 1.198692 0.584840 0.117560 0.100000 0.283028 0.474609 0.325003 0.540870 0.634801 1.400153 0.100000 0.119106 0.562203 0.100000 0.309030 0.100000 0.488633 0.680717 0.100000 0.887516 0.988217 
0.768962 0.149889 1.020562 0.239180 0.547274 0.100000 0.206931 0.870821 0.654573 0.913272 0.337625 0.407651 0.370924 0.567240 0.260755 0.304482 0.411421 0.852928 0.493185 0.775687 0.855546 0.514729 0.799747 0.717899 0.524401 0.357771 0.341165 0.591307 0.635718 0.624188 0.232278 0.379611 0.100000 0.927018 0.286197 0.203872 0.749858 0.856308 0.640398 0.265891 0.454461 0.176929 1.043584 0.729295 0.335735 
