47 Number of operations
21 Number of workers
Standard production times
0.159108 0.681992 0.433574 0.100000 0.706837 0.283659 0.884787 0.647191 0.664954 0.436465 0.281420 0.438841 0.594544 0.226859 0.373489 0.580911 0.241798 0.480998 0.565452 0.815194 0.531498 0.352994 0.277978 0.752739 0.218508 0.159237 0.536237 0.133201 0.472546 0.499698 0.241243 0.365481 0.515488 0.411549 0.815351 0.348425 0.246211 0.518832 0.542669 0.868085 0.351179 0.450590 0.115225 0.403146 0.325707 0.121116 0.293869 
Production times: workers row and ops columns
0.430198 1.076514 0.913360 0.555899 0.789651 0.513920 0.921249 0.666546 0.735028 0.947265 0.672876 0.546535 0.473472 0.100000 0.274305 0.424017 0.508573 0.370625 0.689770 0.668671 0.974982 0.606422 0.721585 0.606724 0.182839 0.418293 0.849255 0.411925 0.532934 0.344494 0.581188 1.048266 0.755413 0.104813 0.803238 0.106858 0.100000 0.728440 0.331862 1.157957 0.969873 0.754873 0.507214 0.641203 1.007761 0.166963 0.147258 
0.100000 0.621404 0.182853 0.100000 0.614023 0.934898 1.043056 0.637967 0.598268 0.523209 0.276800 0.100000 1.249294 0.939144 0.368226 0.837769 0.433429 0.444026 0.812720 0.890533 0.117197 0.100000 0.690929 0.993939 0.100000 0.500525 0.646842 0.542891 0.711552 1.093829 0.171812 0.497099 0.438446 0.709155 1.109525 0.208666 0.118639 0.391698 0.100000 1.185421 0.485586 0.361905 0.254722 0.269497 0.436887 0.276413 0.716853 
0.100000 0.774791 1.081430 0.393853 0.977283 1.620156 0.237532 0.817086 0.682216 0.703620 0.409095 0.100000 0.745870 0.399171 0.768091 1.113153 0.100000 0.100000 1.288647 1.839875 0.100000 0.315295 0.286793 0.100000 0.100000 0.556932 0.100000 0.800278 0.864863 0.472196 0.100000 0.100000 0.688230 0.487802 1.198015 0.100000 0.100000 0.100000 0.255046 0.899370 0.137114 0.649982 0.100000 0.966557 0.100000 0.100000 0.100000 
0.100000 0.828126 0.100000 0.524032 1.342272 0.619354 0.743490 0.342598 0.306373 0.100000 0.100000 1.138092 1.323823 0.600111 0.463001 1.220642 0.100000 1.302798 1.821100 1.240237 0.530584 0.100000 0.929759 1.124497 0.176014 0.100000 0.161415 1.063450 0.625127 0.520281 0.364946 0.650894 0.100000 0.634505 1.098545 0.100000 0.505337 0.100000 0.359859 0.506570 0.100000 0.500333 0.483828 0.636371 0.477109 0.601241 0.875325 
0.532990 0.730618 0.820580 0.100000 0.421838 0.100000 1.241405 0.964765 0.527433 0.424014 0.100000 0.982363 0.690632 0.372142 0.100000 0.200204 0.134865 0.100000 0.493791 0.614071 1.135189 0.653861 0.587938 0.912813 1.196093 0.122880 0.359277 0.227035 0.427903 0.914950 0.100000 0.586490 0.774752 0.100000 0.528219 0.100000 0.795000 0.683163 0.757490 0.997572 0.771035 0.579774 0.142962 0.541940 1.235107 0.100000 0.979680 
0.100000 0.894965 0.278794 0.100000 0.562108 0.100000 0.919602 0.490742 0.408157 0.434943 0.100000 0.162089 0.886020 0.113572 0.294918 0.257790 0.534286 0.877567 0.598038 0.712676 0.360774 0.475938 0.242080 0.507548 0.100000 0.428209 0.210049 0.157479 0.551950 0.894398 0.284380 0.380770 0.934179 0.448146 0.829569 0.277151 0.100000 0.320043 0.923393 0.592314 0.619079 0.408008 0.100000 0.203099 0.100000 0.309252 0.280477 
0.494695 0.638968 0.100000 0.100000 0.952677 0.408477 0.616067 0.436709 0.952805 0.551417 0.682462 0.100000 0.280599 1.049792 0.588102 0.164679 0.100000 0.508827 0.100000 1.429012 0.722348 0.100000 0.211824 0.996715 0.489242 0.471636 0.536362 0.282255 0.100000 0.100000 0.100000 1.091710 0.496036 0.854001 1.007334 0.300895 0.651833 0.475860 0.791534 0.613613 0.100000 0.684837 0.100000 1.075397 0.307411 0.464161 0.733990 
0.100000 1.006510 0.355088 0.100000 0.100000 0.328654 0.557620 0.153320 0.456465 0.133594 0.100000 0.100000 0.100000 0.171169 0.437429 0.881934 0.100000 0.558348 0.610459 0.844512 0.176954 0.382838 0.100000 0.100000 0.293950 0.100000 0.390945 0.100000 0.546947 0.415504 0.100000 0.230278 0.629613 0.178998 0.728158 0.356200 0.234071 0.478212 0.188193 0.311977 0.446663 0.280602 0.100000 0.328127 0.840815 0.100000 0.100000 
0.540093 0.745774 0.881293 0.474149 0.642047 0.409148 0.293790 0.100000 0.523883 0.613955 0.440055 0.772685 0.815095 0.507435 0.806105 0.223650 0.479358 0.100000 0.977424 1.329339 1.346187 0.358911 0.100000 0.913901 0.824526 0.302355 0.100000 0.270770 0.904022 0.719717 0.402546 0.100000 0.530836 0.647005 0.635195 0.260704 0.782874 1.177066 0.161118 1.075701 0.100000 0.304680 0.404617 0.343193 0.841342 0.528102 0.100000 
0.304710 0.100000 0.100000 0.949222 1.158458 0.833777 0.826373 0.800938 0.538802 0.188817 0.100000 0.220822 0.100000 0.349966 0.187455 0.114537 0.872137 0.355368 0.480680 0.247353 0.700778 1.035731 0.100000 1.814048 0.972567 0.100000 0.494059 0.183990 0.100000 0.220274 0.688856 0.296552 1.193971 0.541494 0.100000 0.100000 0.536397 0.100000 0.455987 0.691124 0.560338 0.641623 0.173212 0.100000 0.506588 0.468334 1.580740 
0.583842 0.334617 0.100000 0.242415 0.425476 0.192796 0.792404 0.905331 0.363769 0.100000 0.203625 0.100000 0.359087 0.100000 0.868392 0.855037 0.100000 0.328961 0.620582 1.785777 0.331469 0.342436 0.521179 0.421337 0.187156 0.100000 0.682297 0.512184 0.171170 0.221306 0.100000 0.517461 0.100000 0.637268 1.515335 0.940806 0.100000 0.125691 0.100000 1.336104 0.384574 0.388760 0.100000 0.804089 0.398743 0.241882 0.106976 
0.100000 0.555749 0.127025 0.100000 0.594862 0.514409 0.643924 0.353070 0.100000 0.190140 0.100000 0.471265 0.172628 0.158476 0.100000 0.895515 0.225946 0.366129 0.270818 1.022594 0.342332 0.255975 0.454736 0.142086 0.513685 0.100000 0.100000 0.358837 0.332632 0.353793 0.365992 0.524914 0.711800 0.341956 0.264691 0.100000 0.658827 0.725494 0.713311 0.969813 0.106491 0.514091 0.424905 0.190835 0.434038 0.100000 0.100000 
0.100000 0.511126 0.523421 0.293454 0.461209 0.166100 0.953261 1.316896 1.059254 0.465500 0.570521 0.546760 0.792734 0.258594 0.316586 0.213905 0.136466 0.615036 0.552574 0.550454 1.120266 0.551405 0.100000 0.337131 0.323511 0.263481 0.659790 0.200532 0.554402 0.459750 0.371908 0.153350 1.127370 0.532995 0.269955 0.534997 0.423671 0.392378 0.997581 1.235264 0.100000 0.988265 0.470534 0.249034 1.001983 0.585169 0.239835 
0.696218 0.100000 0.600056 0.327826 1.280934 0.947254 0.880100 0.419678 1.661853 0.100000 0.538657 0.286552 0.891918 1.047365 0.256787 0.497767 0.100000 1.797086 0.100000 1.234277 0.777078 0.560197 0.490505 1.004295 0.287674 0.100000 1.018356 0.548954 0.907843 0.100000 0.100000 1.568139 0.743006 0.772233 0.860742 0.100000 0.426033 0.405803 0.743284 0.921934 0.372681 0.100000 0.889022 0.184614 0.889118 0.100000 0.178814 
0.101223 0.314253 0.101302 0.167268 0.658823 0.100000 0.974800 0.126262 0.474709 0.261098 0.255917 0.120249 1.199050 0.100000 0.100000 0.862344 0.224390 1.044709 0.668448 0.318150 0.100000 0.150853 0.100000 1.043848 0.100000 0.331882 0.617586 0.100000 0.226773 0.811614 0.347062 0.100000 0.695789 0.100000 0.886917 0.204217 0.100000 0.167191 0.220936 0.376454 0.259374 0.691777 0.162343 0.526704 0.100000 0.100000 0.100000 
0.256883 0.916234 0.693099 0.100000 0.913859 0.100000 1.380113 0.797518 1.245532 1.032062 0.595008 0.946527 0.335439 0.591789 1.074258 0.571540 0.100000 1.407551 0.767751 1.215947 0.745114 0.100000 0.336409 0.971555 0.411440 0.210684 0.422862 0.520751 0.433485 0.421060 1.138549 0.216483 0.143015 0.600297 0.717219 0.213367 0.100000 0.208765 0.590604 0.977970 0.513647 0.309536 0.433151 0.100000 0.364720 0.108492 0.552125 
0.484649 1.175618 1.053206 0.513164 0.809566 0.592751 0.811565 0.684509 0.260455 1.063930 0.100000 0.775575 1.022932 0.100000 0.255297 0.529995 0.947620 0.838460 0.695141 0.717120 0.564570 0.757054 0.316100 0.519760 0.116891 0.198940 0.670575 0.533810 0.145576 1.236167 0.445605 0.100000 1.019800 0.513322 1.101507 0.294884 0.286146 0.655653 0.630118 1.529255 0.635058 0.321249 0.100000 0.876004 0.182299 0.100000 0.500344 
0.252654 0.930475 1.221672 0.100000 0.773396 0.345055 1.060915 0.100000 0.801197 1.301460 1.328635 0.329102 0.100000 1.644115 0.671820 0.940319 0.968187 0.657920 0.289784 0.853426 0.603446 0.220640 0.195437 1.261369 0.199559 0.100000 0.311435 0.100000 0.100000 0.893358 0.100000 0.100000 0.460137 0.100000 1.722338 0.402645 0.100000 0.100000 0.775547 0.843909 0.100000 0.125690 0.100000 0.711579 0.100000 0.100000 1.068003 
0.566629 1.028753 0.783074 0.108097 0.803304 0.177415 0.873328 0.565374 0.726524 0.756219 0.363251 0.100000 0.858999 0.374958 0.476011 0.442326 0.575907 0.100000 0.395772 1.158086 0.409285 0.856245 0.448553 0.701227 0.100000 0.233142 0.677766 0.100000 0.912156 0.913292 0.612060 0.732090 0.817326 0.357365 0.903469 0.332347 0.559535 0.636232 1.196100 0.828567 0.614109 0.597217 0.100000 0.233305 0.100000 0.100000 0.127052 
0.100000 0.482351 0.426327 0.100000 0.317563 0.605369 1.072757 0.802944 0.725392 0.100000 0.100000 0.644817 0.100000 0.100000 0.362680 1.696752 0.516904 0.128803 0.884735 0.558442 1.722955 0.649786 0.171181 0.378774 0.100000 0.100000 0.831904 0.100000 0.920100 0.794106 0.100000 0.809437 0.847454 0.100000 0.661667 1.135401 0.988160 0.583345 1.349372 1.088157 0.970927 0.215834 0.100000 0.100000 0.100000 0.241773 0.435313 
0.302796 0.964504 0.516829 0.550678 0.885936 0.100000 0.467242 0.868960 0.384073 0.343796 0.183493 0.100000 0.365060 0.100000 0.626917 0.509331 0.343315 0.186047 0.136539 0.930272 0.984925 0.392212 0.301859 0.400546 0.456962 0.100000 0.100000 0.258755 0.353829 0.100000 0.209074 0.443635 0.266027 0.163590 0.764369 0.100000 0.100000 0.100000 0.694573 0.484449 0.254462 0.174001 0.203435 0.100000 0.382616 0.564954 0.100000 
