43 Number of operations
20 Number of workers
Standard production times
0.290051 0.119425 0.716550 0.190971 0.451519 0.100000 0.100000 0.336942 0.571636 0.414269 0.100000 0.116889 0.577166 0.526380 0.408052 0.219375 0.435065 0.438886 0.292950 0.555470 0.434268 0.311430 0.740981 0.584869 0.139028 0.323885 0.251275 0.312576 0.314710 0.676281 0.419674 0.326109 0.145356 0.602997 0.103788 0.342580 0.388635 0.242379 0.413542 0.192219 0.347265 0.507650 0.705652 
Production times: workers row and ops columns
0.462843 0.100000 0.100000 1.068669 0.319422 0.523147 1.143366 0.600181 1.063540 0.100000 0.100000 0.281921 1.101461 1.201330 1.030890 0.100000 1.075601 0.100000 0.100000 0.553697 0.690565 0.227499 1.414149 0.277123 0.100000 0.831853 0.100000 0.530705 0.241365 0.688028 0.290523 1.245687 0.100000 1.390063 0.482238 0.100000 0.100000 0.287352 1.254398 0.100000 0.267722 0.100000 0.729668 
0.100000 0.100000 0.753823 0.100000 0.335066 0.100000 0.111775 0.100000 0.189510 0.281696 0.100000 0.100000 1.381144 1.099032 0.166260 0.729077 0.100000 0.100000 1.254881 0.333995 1.207030 0.100000 0.243522 0.380843 0.190179 0.100000 0.431892 0.100000 0.100000 0.506841 0.330046 0.205635 0.100000 0.518737 0.390643 0.100000 0.100000 0.602017 1.030742 0.100000 1.129589 0.100000 0.745716 
0.198800 0.100000 0.288565 0.100000 0.131761 0.202144 0.100000 0.100000 0.509906 0.529651 0.116681 0.338322 0.830633 0.154345 0.822785 0.168796 0.485986 0.100000 0.682509 0.298703 0.162721 0.640906 0.388216 0.328915 0.100000 0.100000 0.100000 0.561454 0.100000 0.605507 0.127668 0.159861 0.210880 0.488482 0.100000 0.100000 0.290910 0.100000 0.340474 0.394373 0.100000 0.100000 0.528627 
0.100000 0.100000 0.510700 0.354084 0.514421 0.289574 0.373097 0.317373 0.874332 0.343973 0.100000 0.274922 0.508307 0.659579 0.935142 0.100000 0.633202 0.664924 0.300954 0.601450 0.406801 0.261262 0.298050 0.390369 0.559158 0.747864 0.404075 0.450726 0.100000 0.624522 0.193344 0.454054 0.100000 0.771355 0.730706 0.217405 0.380012 0.346331 0.625838 0.100000 0.363833 0.703004 0.698024 
0.919021 0.433600 0.215087 0.584960 0.100000 0.371079 0.559705 0.362309 1.172312 0.371259 0.100000 0.186453 0.100000 1.691451 0.254919 0.100000 0.100000 0.316160 0.294440 0.421597 0.232377 0.390066 0.910448 0.100000 0.490561 0.161155 0.100000 0.641364 0.622806 0.164398 0.438100 0.100000 0.100000 1.162177 0.100000 0.248478 0.100000 0.494729 0.100000 0.715034 0.100000 1.233349 1.053512 
0.308125 0.100000 0.399612 0.422554 0.556390 0.720988 0.100000 0.215881 0.294108 0.288114 0.100000 0.100000 0.868701 0.371075 0.716509 0.145642 0.634853 0.577432 0.237105 0.794652 0.100000 0.184016 1.060684 0.854908 0.100000 0.100000 0.272974 0.100000 0.183015 0.770908 0.100000 0.198117 0.356323 0.219582 0.327245 0.100000 0.272558 0.588558 0.318191 0.100000 0.311825 0.141605 0.867231 
0.377469 0.100000 0.872406 0.100000 0.486593 0.782774 0.217165 0.100000 0.474034 0.265390 0.100000 0.340294 0.748181 0.873888 0.334675 0.516351 0.983000 0.782554 0.915401 0.100000 0.836035 0.744827 0.729050 0.700004 0.324522 0.239490 0.427455 0.686807 0.888801 0.682264 0.350863 0.529886 0.318824 1.252073 0.230768 0.500250 0.277459 0.492049 0.771490 0.624445 0.497909 0.349667 1.074451 
0.139966 0.695593 0.740689 0.383233 0.100000 0.190417 0.467695 0.239752 0.326915 0.569194 0.653214 0.100000 0.345728 0.185397 0.100000 0.153517 0.333401 0.652676 0.410267 0.363763 0.498274 0.100000 0.666030 0.857201 0.100000 0.575824 0.100000 0.314062 0.100000 0.237884 0.341012 0.205228 0.100000 0.134516 0.100000 0.100000 0.399513 0.100000 0.409658 0.100000 0.100000 0.358246 0.917743 
0.100000 0.452097 0.876696 0.100000 0.577508 0.152697 0.100000 0.100000 0.363006 0.436413 0.100000 0.100000 0.352186 0.545961 0.100000 0.737207 0.100000 0.123977 0.100000 0.413801 0.100000 0.102238 0.672947 0.655483 0.100000 0.451854 0.267824 0.100000 0.100000 0.704235 0.306409 0.540197 0.290495 0.186163 0.100000 0.465604 0.100000 0.100000 0.973343 0.100000 0.466148 0.802759 0.505800 
1.122767 0.100000 0.869289 0.515111 0.100000 0.187083 0.100000 0.136938 0.520011 0.327259 0.697536 0.100000 0.375000 0.100000 0.565109 1.090288 0.410004 1.078489 0.831561 0.810872 0.100000 1.143868 1.287865 0.199473 0.154867 0.100000 0.100000 0.100000 0.435905 1.327402 0.123469 0.660730 0.100000 0.100000 0.853760 0.100000 0.100000 0.207906 0.109988 0.419181 0.244745 0.442605 0.494020 
0.847054 0.100000 0.603891 1.012343 0.246849 0.964534 0.100000 0.509523 0.944405 0.650928 1.085299 0.751475 1.248311 0.763576 0.673578 0.337336 0.462977 0.100000 0.100000 1.225505 0.258397 0.100000 1.334569 0.666534 0.100000 0.709346 0.877280 0.100000 0.100000 0.973131 0.100000 0.239935 0.100000 0.226269 0.155289 0.979168 0.100000 0.100000 0.804941 0.999251 0.236291 0.450812 0.230704 
0.454393 0.751915 0.738561 0.100000 0.387611 0.100000 0.292271 0.168077 0.442625 0.495233 0.695716 0.688788 0.291614 0.384130 0.692492 0.234343 1.019121 0.316026 0.100000 1.252208 0.249576 0.384874 0.792831 0.863997 0.857475 0.359260 0.539309 0.440801 0.546396 1.007249 0.649206 0.100000 0.100000 0.730893 0.535559 0.386468 1.056250 0.100000 0.610188 0.595461 0.820973 0.643659 0.557408 
0.742028 0.442625 0.447828 0.100000 0.601338 0.419557 0.100000 0.532237 0.237169 0.637402 0.100000 0.100000 0.543240 0.347180 0.626807 0.387473 0.506759 0.262419 0.410277 0.576469 0.205151 0.100000 0.902724 0.593777 0.100000 0.875915 0.146847 0.584962 0.100000 0.712329 0.359984 0.528735 0.100000 0.400799 1.007081 0.658071 0.463832 0.188276 0.476157 0.160588 0.100000 0.718275 0.257878 
0.976266 0.275437 0.816509 0.368192 1.193735 0.100000 0.100000 1.645958 0.100000 0.100000 0.169026 0.100000 0.911037 0.350055 0.100000 0.100000 0.440104 1.106031 0.415308 0.738378 0.192703 0.948922 0.210188 1.085829 0.386718 0.417271 0.839112 0.304154 1.344171 0.100000 0.438632 0.464107 0.304186 0.490897 0.160193 1.567724 0.100000 0.636857 0.470854 0.100000 0.439365 0.466484 0.100000 
0.100000 0.100000 0.351079 0.181177 0.246768 0.229389 0.519043 0.424278 1.258356 1.012307 0.234050 0.893077 0.138431 0.526179 0.561235 0.100000 1.207476 0.152564 0.625306 0.663275 0.100000 0.668743 0.984843 0.100000 0.678634 0.582754 0.100000 0.165309 0.846489 0.913522 0.100000 0.100000 0.100000 0.535260 0.783274 0.100000 0.100000 0.207099 0.947656 0.100000 0.709566 0.705965 0.999116 
0.491293 0.100000 1.150143 0.100000 0.100000 0.100000 0.100000 0.623443 0.228644 0.140621 0.100000 0.906243 1.028808 0.100000 0.100000 0.150006 0.592658 0.100000 1.201968 0.100000 0.100000 0.584150 0.937192 0.100000 0.209286 0.749437 0.697244 0.699790 0.100000 1.237587 0.117687 0.100000 0.100000 0.278091 0.100000 0.100000 0.955436 0.826405 0.406237 0.100000 0.203183 0.100000 0.517608 
0.100000 0.395407 0.650998 0.100000 0.302681 0.100000 0.112815 0.782055 0.720492 0.100000 0.198075 0.100000 0.225596 0.413509 0.100000 0.100000 0.917554 0.540704 0.149580 0.575018 0.655698 0.218636 0.867847 0.103850 0.100000 0.100000 0.538770 0.408733 0.156087 0.973880 0.100000 0.377045 0.331313 0.593366 0.100000 0.538984 0.505350 0.100000 0.218492 0.100000 0.469478 0.100000 0.583942 
0.417356 0.100000 0.952452 0.263469 0.161982 0.232002 0.100000 0.100000 0.820745 0.482484 0.408526 0.172644 0.825524 0.930122 0.518929 0.100000 0.829845 1.016082 0.299168 0.654846 0.100000 0.347036 0.964076 1.247876 0.349303 0.843115 0.606733 0.563770 0.604033 0.788633 0.848555 0.179995 0.100000 0.713828 0.479889 0.100000 0.309997 0.403841 0.332215 0.249868 0.100000 0.622590 0.646096 
0.828746 0.100000 1.372599 0.623861 0.325521 0.518603 0.699080 0.288107 0.396312 0.640706 0.100000 1.004552 1.164150 1.635900 0.887874 0.100000 0.100000 0.492847 0.971377 1.168051 0.100000 0.100000 0.990160 0.100000 0.100000 0.917947 0.271094 0.100000 0.599469 0.460717 1.045904 1.001900 0.100000 0.559229 0.100000 0.454508 0.614951 0.603627 0.400358 0.576550 0.240626 0.100000 0.633722 
0.100000 0.100000 0.390004 0.666114 0.264576 0.100000 0.283434 0.100000 0.363224 1.048435 0.100969 0.148108 0.262538 0.769195 0.477097 0.561604 0.557418 0.974685 0.349523 0.375241 0.100000 0.192421 0.519977 0.428067 0.167885 0.517552 0.629568 0.100000 0.100000 0.680422 0.100000 0.163401 0.100000 0.587818 0.107628 0.100000 0.346344 0.437925 0.523116 0.471130 0.177728 0.611662 0.553861 
