45 Number of operations
21 Number of workers
Standard production times
0.231184 0.479599 0.451151 0.542217 0.337489 0.620146 0.117402 0.889183 0.442957 0.328687 0.294854 0.147423 0.186779 0.100000 0.269083 0.340304 0.201659 0.380073 0.566398 0.705787 0.237243 0.127000 0.622542 0.766696 0.480570 0.168998 0.100000 0.567291 0.233851 0.347707 0.100000 0.282205 0.382296 0.428438 0.651958 0.511861 0.900509 0.362948 0.100000 0.480085 0.328681 0.317898 0.494899 0.247423 0.313563 
Production times: workers row and ops columns
0.100000 0.413758 0.425430 0.578196 0.583157 0.635614 0.100000 0.527678 0.254179 0.175308 0.100000 0.413963 0.282996 0.243626 0.100000 0.100000 0.226584 0.100000 0.100000 0.767022 0.100000 0.100000 0.606183 0.648238 0.897588 0.262848 0.262963 0.932665 0.203416 0.206458 0.100000 0.111165 0.266977 0.160130 0.855153 0.486218 0.297957 0.894789 0.100000 0.222845 0.100000 0.484822 0.319470 0.100000 0.309938 
0.411871 0.477175 0.716744 0.913251 0.100000 0.150730 0.100000 0.513327 0.100000 1.044337 0.100000 0.146126 0.191555 0.100000 0.296752 0.668092 0.100000 0.100000 0.524209 0.832160 0.100000 0.485846 0.185231 0.752504 0.511743 0.298918 0.201159 0.411650 0.416103 0.614043 0.100000 0.338764 0.567365 0.240033 0.355735 0.866162 1.686718 1.023314 0.100000 0.483724 0.581614 0.329545 0.966725 0.100000 0.477200 
0.100000 0.419692 0.100000 0.917434 0.224676 0.100000 0.657640 1.386735 0.758355 1.030532 1.322347 0.200529 0.472746 0.100000 0.745133 0.100000 0.100000 0.214564 0.312657 0.702469 1.288479 0.174967 0.865228 0.309216 0.100000 0.100000 0.564392 0.851188 0.100000 0.100000 0.197552 0.100000 0.100000 0.100000 0.964071 0.100000 1.337280 0.966982 0.100000 0.121033 0.100000 0.470930 0.651312 0.100000 0.178115 
0.461840 0.511292 0.338380 0.793847 0.388756 0.170017 0.100000 0.522495 0.489121 0.342635 0.604378 0.485430 0.692325 0.100000 0.243931 0.400771 0.641667 0.323762 0.315091 0.926816 0.100000 0.192005 0.807057 0.472665 0.761943 0.680431 0.211253 0.549523 0.361100 0.604130 0.100000 0.292865 0.100000 0.760642 1.061905 0.874382 0.860694 1.122078 0.100000 0.197078 0.100000 0.715111 0.641929 0.558176 0.625460 
0.367328 0.578503 0.566879 0.245083 1.376736 1.112265 0.257946 1.101423 0.100000 1.075419 0.100000 0.677120 0.100000 0.100000 0.524324 0.100000 0.100000 0.341635 0.100000 0.918015 0.100000 0.100000 0.443877 0.862180 0.363291 0.763970 0.100000 0.411973 0.390546 0.416699 0.100000 0.100000 0.100000 0.559354 1.571785 0.100000 1.609766 1.245885 0.937547 0.291081 1.105817 1.159958 0.100000 0.637438 0.204356 
0.169952 0.801502 0.346367 1.328822 0.911495 0.995000 0.100000 0.671719 0.150254 0.344435 0.200399 0.127197 0.329782 0.301671 0.375299 0.100000 0.100000 0.538182 1.128153 0.814603 0.367659 0.276856 0.744884 0.806314 0.567908 0.480225 0.366064 0.862805 0.204860 0.728558 0.186839 0.167504 0.122509 0.871690 0.292347 0.695626 0.825418 0.100000 0.100000 0.455737 0.369590 0.373667 0.565324 0.394895 0.667456 
0.100000 1.192423 0.478978 0.722606 0.601152 0.746850 0.137272 1.083970 0.100000 0.100539 0.874788 0.100000 0.889117 0.100000 0.188319 0.399178 0.896290 0.330944 0.238440 0.840328 1.214014 0.593404 0.100000 0.262722 0.100000 0.309311 0.100000 0.557636 0.100000 0.278261 0.100000 0.100000 0.340425 0.762547 0.100000 1.010071 1.402271 0.367495 0.645715 0.652574 0.100000 0.280742 1.349269 0.587382 1.078502 
0.100000 0.347133 0.783123 0.214671 0.306466 0.726658 0.126161 1.007422 0.247072 0.709193 0.100000 0.123272 0.717154 0.100000 0.117554 0.191204 0.391304 0.885840 0.100000 1.037155 0.347733 0.447102 0.426739 0.535536 0.575257 0.100000 0.264375 0.795613 0.100000 1.014753 0.240723 0.100000 0.368959 0.768589 0.673350 0.681489 0.965143 0.477604 0.292138 0.159051 0.370730 0.903765 0.404423 0.165984 0.875910 
0.657325 0.616940 1.026878 0.884757 0.144435 1.070566 0.478467 0.181605 0.676396 1.183620 0.925946 0.100000 0.100000 0.639631 0.644502 0.705108 0.779777 0.307678 0.100000 1.146008 0.100000 0.100000 0.584139 0.621222 0.132867 0.615466 1.092590 0.148340 0.100000 0.419680 0.875137 0.583226 0.100000 0.100000 0.807127 0.451113 1.767093 0.100000 0.100000 0.742584 0.557136 0.802399 1.595896 0.100000 0.100000 
0.100000 0.521048 1.310153 1.145922 0.537894 0.100000 0.245765 0.284937 1.089688 0.100000 0.643169 0.201176 0.324198 0.100000 1.158605 0.453142 0.371699 0.352226 0.274643 0.234031 0.100000 0.100000 0.871391 0.478026 1.041870 0.582490 0.100000 0.287449 0.189514 0.902885 0.319767 0.506433 1.735456 0.828545 0.629576 0.100000 0.805421 0.644933 0.100000 0.208153 0.809079 0.100000 0.539843 0.332127 0.100000 
0.530520 0.234581 1.107949 0.145629 0.355953 0.686158 0.785579 1.351747 0.479961 0.629092 0.227976 0.651616 0.100000 0.180366 0.450027 0.543365 0.260939 0.100000 0.682868 0.681207 0.176448 0.392175 0.495712 0.645934 0.789994 0.328855 0.452088 0.470321 1.030438 0.830782 0.100000 1.207534 0.223363 0.221048 1.074946 0.278112 0.279943 0.256441 0.676201 0.784530 0.427814 0.330302 0.423299 0.453177 0.192186 
0.100000 0.598769 1.103742 1.198091 0.387157 0.387716 0.601012 1.360043 0.558779 0.100000 0.153379 0.100000 0.257451 0.100000 0.100000 0.503411 0.894202 0.677920 0.688365 0.100000 0.100000 0.100000 1.242784 0.832128 0.367010 0.100000 0.100000 0.100000 0.356594 0.327378 0.874608 0.100000 0.724210 0.660816 0.150463 0.779177 1.148917 1.096178 0.100000 0.614844 0.796914 0.100000 0.553114 0.294964 0.100000 
1.046085 1.003947 0.431852 0.916261 1.168722 0.100000 0.213272 1.088916 0.742932 0.763191 0.650481 0.100000 0.188176 0.100000 0.100000 0.326367 0.367529 0.146120 0.356715 0.100000 0.100000 0.456551 0.294909 0.979915 0.100000 0.581491 0.100000 0.228780 0.100000 0.560755 0.302914 0.580431 0.100000 0.540451 0.729291 0.686830 0.322914 0.783313 1.249728 0.526439 0.561671 1.212746 0.498822 0.307317 0.156353 
0.703662 0.582254 0.100000 0.424419 0.278696 0.258514 0.346549 0.823834 0.100000 0.100000 0.202036 0.100000 0.350245 0.110567 0.100000 0.814496 0.394481 0.141589 0.435372 0.293691 0.100000 0.100000 0.508216 0.647291 0.325983 0.174557 0.100000 0.100000 0.461371 0.513264 0.100000 0.100000 0.342194 0.153772 0.852687 0.985238 0.787860 0.221265 0.333985 0.410959 0.453392 0.191108 0.312425 0.100000 0.100000 
0.100000 0.827809 0.100000 0.300115 0.100000 0.455755 0.100000 0.831987 0.100000 0.554159 0.376470 0.176736 0.100000 0.100000 0.100000 0.100000 0.144816 0.503663 0.376748 1.126747 0.100000 0.100000 1.078291 0.384333 0.624420 0.472705 0.100000 0.466278 0.201361 0.114145 0.100000 0.322153 0.365320 0.478941 0.661244 0.100000 0.559693 0.100000 0.140520 0.703751 0.140867 0.100000 0.594305 0.100000 0.248147 
0.614239 0.758964 1.243984 0.648916 0.217975 0.250950 0.100000 0.533378 0.100000 0.576272 0.100000 0.100000 0.149111 0.100000 0.183790 0.134062 0.100000 0.100000 0.560181 0.525365 0.100000 0.100000 0.678084 0.603264 0.163554 0.378209 0.201044 0.805858 0.329970 0.194911 0.716067 0.100000 0.307748 0.588789 0.724085 0.100000 0.732952 0.100000 0.100000 0.475804 0.100000 0.100000 0.335401 0.196558 0.705286 
0.100000 0.335591 0.293722 0.963601 0.150590 1.001584 0.274691 1.259061 0.245889 0.104065 0.100000 0.100000 0.299705 0.503469 0.659437 0.357005 0.100000 0.981365 0.100000 0.427477 0.100000 0.609133 0.448982 2.024075 0.645483 0.155389 0.818928 1.685776 0.457363 0.220410 0.100000 0.294530 0.100000 0.100000 0.844887 0.613108 0.903713 1.461469 0.100000 0.839698 0.918317 0.530338 0.658184 0.682160 0.100000 
0.236923 0.634733 0.416740 0.100000 0.469302 0.777765 0.100000 1.136700 0.444547 0.708732 0.482638 0.302856 0.165809 0.100000 0.100000 0.100000 0.356902 0.148372 0.619688 0.753349 0.689088 0.313478 0.551415 0.780792 0.591990 0.100000 0.549262 0.946321 0.352446 0.984332 0.135634 0.397387 0.246101 0.521356 0.659989 0.179840 1.338432 0.119705 0.244177 0.963719 0.221400 0.458799 0.554117 0.887138 0.744686 
0.100000 0.534853 0.196062 0.184880 0.100000 0.100000 0.100000 0.639368 0.100000 0.263002 0.100000 0.122328 0.100000 0.249485 0.172644 0.611107 0.100000 0.100000 0.164348 0.735374 0.692580 0.100000 0.560692 0.556026 0.209671 0.100000 0.100000 0.392022 0.100000 0.100000 0.239104 0.100000 0.100000 0.227242 0.432276 0.512213 1.217958 0.100000 0.100000 0.100000 0.735356 0.428859 0.495330 0.100000 0.100000 
0.100000 0.100000 0.245159 0.371482 0.154348 0.768486 0.100000 0.718809 0.100000 0.100000 0.138814 0.100000 0.299957 0.100000 0.188820 0.100000 0.100000 0.100000 0.860266 1.018903 0.175826 0.100000 0.141164 0.304033 0.602204 0.100000 0.100000 0.373376 0.100000 0.513007 0.100000 0.178000 0.126111 0.449287 0.447476 0.372700 1.135526 0.100000 0.100000 0.624679 0.100000 0.264995 0.368151 0.673798 0.100000 
0.517496 0.311369 0.100000 0.312895 0.100000 0.100000 0.221803 1.189693 0.645756 0.405185 0.100000 0.100000 0.176738 0.100000 0.100000 0.270454 0.398183 0.298889 0.242097 0.844680 0.100000 0.100000 0.231186 0.417072 0.825435 0.205046 0.431545 0.496848 0.100000 0.490297 0.100000 0.100000 0.441021 0.313108 0.537776 0.279473 0.976531 0.377203 0.100000 0.951769 0.100000 0.100000 0.291885 0.100000 0.100000 
