61 Number of operations
20 Number of workers
Standard production times
0.249837 0.387426 0.353513 0.513163 0.226118 0.440081 0.189476 0.404786 0.197974 0.591663 0.759886 0.303233 0.406840 0.489428 0.160233 0.415908 0.197870 0.385596 0.296803 0.240906 0.221447 0.346392 0.391615 0.369842 0.100000 0.350203 0.231736 0.363195 0.192656 0.428552 0.425938 0.607733 0.450800 0.967054 0.303605 0.331948 0.499475 0.549248 0.219756 0.330758 0.150035 0.282044 0.115231 0.504095 0.189281 0.553143 0.240814 0.568992 0.707440 0.240607 0.823408 0.310776 0.100000 0.558394 0.865747 0.339703 0.100000 0.164052 0.849570 0.383592 0.789997 
Production times: workers row and ops columns
0.382894 0.563378 0.467559 0.147896 0.358395 0.802532 0.254324 0.100000 0.114406 0.343334 0.580539 0.461780 0.407996 0.293347 0.146106 0.100000 0.100000 0.100000 0.201429 0.397667 0.673835 0.565050 0.100000 0.100000 0.100000 0.100000 0.234214 0.148281 0.100000 0.771692 0.262307 1.097545 0.100000 0.588049 0.100000 0.233312 0.924278 0.295917 0.109349 0.100000 0.100000 0.311155 0.100000 0.698781 0.100000 0.100000 0.261123 0.782835 0.481674 0.250242 0.772067 0.570454 0.100000 0.185312 0.293200 0.280455 0.123776 0.249793 0.658960 0.100000 1.298349 
0.100000 0.764914 0.100000 0.739846 0.100000 0.928826 0.246785 0.788072 0.100000 1.266129 0.871102 0.435539 0.335161 0.100000 0.100000 0.569432 0.100000 2.350564 0.483908 0.171685 0.130524 0.100000 0.139396 1.042994 0.100000 0.100000 0.490912 0.100000 0.651295 0.721512 0.100000 1.482202 0.100000 1.512502 0.100000 1.307138 0.895797 0.171022 0.443223 0.107009 0.910477 1.161499 0.100000 0.689103 0.100000 0.576798 0.100000 1.029674 1.202668 0.100000 0.302394 0.682428 0.100000 0.562354 0.926557 0.469038 0.251039 0.457345 0.835791 0.119512 0.100000 
0.295051 0.310093 0.100000 0.727864 0.220795 0.622843 0.266481 0.382507 0.100000 0.349879 0.362080 0.687815 0.777488 0.100000 0.100000 0.816135 0.949051 0.990188 0.100000 0.100000 0.100000 0.100000 1.114573 1.174854 0.982986 0.551807 0.100000 0.611764 0.344771 0.659317 0.149852 0.177716 1.084316 0.338766 0.100000 0.116183 0.100000 1.286489 0.100000 0.100000 0.558208 0.100000 0.439801 0.707805 0.191596 0.473055 0.100000 0.476085 0.369321 0.100000 1.268882 0.898108 0.363210 0.715132 0.814717 0.100000 0.100000 0.100000 1.688685 0.327332 1.078841 
0.100000 0.100000 0.202024 1.280688 0.302983 0.998235 0.385294 0.616848 0.100000 0.100000 1.536054 0.554610 0.309115 1.486624 0.100000 0.451359 0.284410 0.357049 0.236856 0.990197 0.343995 0.619235 1.117399 0.439850 0.100000 1.003128 0.522974 0.363159 0.381965 0.369787 0.283374 1.273305 0.661582 1.230229 0.974380 0.100000 0.669887 0.890485 0.411366 0.943968 0.154944 0.305657 0.369702 0.187073 0.100000 1.087887 0.580772 0.478707 0.895203 0.532547 0.531060 0.546115 0.100000 0.168504 1.033048 0.719158 0.100000 0.691222 1.013259 0.577433 0.855841 
0.557640 0.323344 0.104134 0.100000 0.100000 0.100000 0.348247 0.100000 0.615672 0.100000 1.154068 0.634336 0.100000 0.838641 0.524785 0.722240 0.100000 0.690468 0.796226 0.459437 0.680447 0.734716 0.213543 0.597659 0.100000 1.226203 0.704053 0.286666 0.100000 0.478787 0.303790 0.247191 1.057471 1.461634 0.320693 0.741914 0.266211 0.318689 0.610832 0.334683 0.460582 0.363936 0.444712 0.211076 0.100000 0.435258 0.100000 0.894304 0.949765 0.372114 0.449104 0.393516 0.100000 0.730818 0.891665 0.467810 0.186009 0.398260 1.340459 0.531649 0.862062 
0.869665 0.100000 0.100000 0.443429 0.100000 0.414452 1.086995 0.538934 0.100000 1.135012 0.100000 0.167874 0.100000 1.294594 0.100000 1.058629 0.100000 0.100000 0.100000 0.483855 0.100000 0.100000 0.537729 1.014600 0.100000 0.386696 0.437737 0.100000 0.100000 1.013333 0.122857 0.666663 0.594218 0.637811 0.100000 0.778295 0.245519 1.141476 0.100000 0.212636 0.100000 0.655486 0.100000 0.487905 0.283827 0.100000 0.165893 0.224977 0.413557 0.327761 0.760528 0.353745 0.100000 0.635093 1.365895 0.100000 0.100000 0.100000 0.143555 0.424364 0.307432 
0.100000 1.363690 0.534717 0.784009 0.438112 0.302426 0.306405 0.524515 0.100000 0.523482 0.444466 0.563790 1.049826 0.100000 0.784263 0.925924 0.588295 0.100000 0.781303 0.390897 1.250138 0.100000 0.402560 0.373673 0.441881 0.590244 0.795784 0.362362 1.281148 0.487968 0.100000 2.257318 0.210223 0.600471 0.100000 0.100000 1.753268 1.136320 0.100000 0.124134 0.673254 0.782268 0.614858 0.876382 0.231471 0.100000 0.469966 0.584799 0.325993 0.100000 0.962948 0.374484 0.100000 0.100000 0.173427 0.779022 1.010070 0.181959 0.892825 0.741238 1.047868 
0.100000 0.100000 0.627731 0.764585 0.100000 0.535170 0.100000 0.239344 0.100000 0.371534 0.457616 0.100670 0.189655 0.100000 0.100000 0.637917 0.100000 0.165635 0.515580 0.108011 0.100000 0.779368 0.464958 0.100000 0.250031 0.728439 0.793279 0.100000 0.100000 0.656710 0.100000 0.328590 0.175624 0.904829 0.100000 0.460496 0.197884 0.615571 0.100000 0.238020 0.100000 0.506171 0.100000 0.662119 0.100000 0.178656 0.115043 0.144876 0.674324 0.514833 0.558365 0.100000 0.369447 0.154383 1.140443 0.429798 0.254354 0.531305 0.243902 0.100000 0.420758 
0.401020 0.100000 0.100000 0.100000 0.300718 0.436241 0.100000 0.297919 0.504617 0.969402 0.449925 0.289861 0.273787 0.294628 0.453303 0.661795 0.100000 0.256001 0.405673 0.148848 0.280776 0.100000 0.100000 0.766787 0.100000 0.433730 0.342875 0.100000 0.100000 0.481446 0.579853 0.655394 0.240880 0.396629 0.431494 0.100000 0.313001 0.265773 0.109889 0.507258 0.100000 0.220972 0.100000 0.375571 0.271750 0.174440 0.100000 0.306918 0.697832 0.619016 1.111774 0.127565 0.100000 0.796160 0.820571 0.100000 0.100000 0.100000 0.873129 0.100000 1.095900 
0.406767 0.716090 0.857249 0.476550 0.657288 0.100000 0.914151 0.860857 0.552462 0.565771 0.100000 0.207124 0.579098 0.336845 0.691429 0.662920 0.603556 0.100000 0.100000 0.535891 0.392878 1.217153 0.100000 0.228451 0.404818 0.932579 0.100000 0.547664 0.100000 0.627528 0.267583 1.156847 0.353372 1.370076 0.100000 0.100000 0.995967 0.824164 0.100000 0.200818 1.322243 1.435076 0.381684 0.408204 0.203612 1.089436 0.100000 1.146239 0.934513 0.803189 1.089035 0.445018 0.100000 0.790212 0.823645 0.644065 0.421806 0.209133 0.762956 0.152085 0.587598 
0.100000 0.551846 0.908172 0.100000 1.450841 0.100000 0.100000 0.146503 0.336261 0.677126 1.047405 0.947887 0.100000 1.167680 0.100000 0.511410 0.100000 0.100000 0.298125 0.962806 0.945182 0.199158 1.117790 0.390896 0.100000 0.820166 0.100000 0.448576 0.461778 0.318568 0.293062 0.241116 0.590397 0.772768 0.104582 0.100000 0.153624 1.000218 0.100000 0.753447 0.772970 0.413736 0.100000 1.063701 0.229029 0.445133 0.100000 0.183565 0.827824 0.377007 0.943653 0.815109 0.245177 0.852560 0.630980 0.332685 0.595816 0.221176 1.430479 0.283472 0.844026 
0.100000 0.574518 0.251291 1.010883 0.350691 0.190320 0.554125 0.633693 0.469252 0.839197 0.698837 0.819614 0.652632 0.260195 0.433320 0.877481 0.242736 0.853651 0.100000 0.411644 0.175988 0.100000 0.288547 0.131134 0.285450 0.190977 0.205439 0.699711 0.702749 0.300878 0.768145 0.585975 0.100000 1.400490 0.289836 0.596415 0.693055 0.768626 0.569738 0.334105 0.100000 0.353254 0.116065 0.681930 0.483753 0.735149 0.100000 0.700842 0.464257 0.330893 1.201899 0.447079 0.293353 0.282284 1.155078 1.005740 0.361530 0.100000 0.987691 0.243537 0.890279 
0.362396 0.100000 0.511090 0.109216 0.443055 0.487568 0.640956 0.100000 0.100000 0.100000 0.657932 0.100000 0.100000 0.666121 0.100000 0.213778 0.100000 0.421892 0.100000 0.100000 0.360896 0.303217 0.165119 0.540643 0.100000 0.482099 0.682842 0.336513 0.100000 0.225513 0.289775 0.849273 0.100000 1.198636 0.720943 0.442548 0.100000 0.677480 0.100000 0.100000 0.100000 0.268793 0.239199 0.287062 0.341367 0.520968 0.232418 0.289440 0.494232 0.370047 0.479252 0.603520 0.100000 0.678719 1.090963 0.791955 0.100000 0.100000 0.462446 0.375123 0.406457 
0.680845 0.391232 1.049916 1.374061 0.186397 0.794698 0.459228 0.641179 0.561601 0.949598 0.643385 0.729328 0.368951 0.813783 0.507903 0.100000 0.556940 0.298474 0.472646 0.100000 0.706951 0.945720 0.923284 0.110240 0.589684 0.100000 0.299780 0.524675 0.588120 0.149129 0.534796 0.908452 0.392437 1.352133 0.402110 0.641105 0.751508 0.926493 0.458116 0.696874 0.289836 0.618253 0.354980 0.890462 0.100000 0.765940 0.228084 0.483293 0.811646 0.598548 0.787834 0.576245 0.100000 0.151134 0.995195 0.209244 0.128753 0.442558 0.966122 0.560296 0.918969 
0.429836 0.294215 0.580722 1.017855 0.284417 0.722851 0.100000 0.406136 0.157645 0.765143 0.891888 0.100000 0.498491 0.901301 0.142686 0.656823 0.100000 0.149486 0.201696 0.100000 0.660668 0.472899 0.379865 0.429074 0.786995 0.311665 0.100000 0.181437 0.100000 0.127732 0.253766 0.592370 0.699777 1.253956 0.699125 0.544234 0.988481 0.442487 0.369220 0.262425 0.100000 0.101971 0.100000 0.734420 0.284263 0.791839 0.465132 1.077958 0.431615 0.223044 0.958355 0.564515 0.424155 0.664536 0.784984 0.100000 0.410190 0.100000 1.105224 0.907723 1.471606 
0.100000 0.189746 0.374412 0.653785 0.100000 0.115722 0.198757 0.100000 0.121243 0.403525 0.810931 0.475506 0.269108 0.100000 0.118164 0.962239 0.100000 0.247662 0.190297 0.268556 0.100000 0.100000 0.100000 0.100000 0.431759 0.523625 0.291539 0.458917 0.895257 0.364986 0.100000 0.795484 0.357501 1.107464 0.100000 0.585647 0.209181 0.444288 0.625485 0.211193 0.438097 0.255868 0.243909 0.100000 0.181527 0.521440 0.100000 0.445273 1.008679 0.207193 0.790804 0.690873 0.267192 0.719673 0.100000 0.789744 0.100000 0.100000 0.876002 0.100000 0.560616 
0.124470 0.332646 0.461695 0.673727 0.340963 0.880363 0.678130 0.313248 0.279576 0.515560 1.348151 0.499807 0.192028 0.697829 0.344975 0.274548 0.100000 0.515915 0.742164 0.401749 0.399475 0.868265 0.464407 0.621218 0.201065 0.105249 0.100000 1.058616 0.536794 0.238635 0.421028 1.091268 0.355373 0.822571 0.811100 0.906068 0.856820 0.635917 0.274268 0.465398 0.118105 0.380304 0.455806 0.486638 0.749222 0.100000 0.632165 0.762422 0.616269 0.428361 0.948451 0.354544 0.140094 0.600243 0.941522 0.100000 0.343544 0.321476 0.892154 0.230783 1.173823 
0.226746 1.019414 0.182551 0.559890 0.344296 1.407875 0.100000 0.608938 0.501503 0.629787 1.168454 0.839847 0.100000 1.067622 0.534672 0.397557 0.100000 0.497225 0.657264 0.154700 0.544602 0.224763 0.563016 0.553331 0.100000 1.064108 0.624772 0.648361 0.500281 1.045324 0.454632 0.786094 0.367734 0.973673 0.252094 0.731815 0.369951 0.212585 0.160878 0.918698 0.286664 0.282692 0.284933 0.136464 0.465282 0.733996 0.380457 0.934557 1.062360 0.774010 0.673264 0.100000 0.181474 0.452974 1.097445 0.655675 0.165981 0.196839 1.096011 0.455458 0.725609 
0.100000 0.526991 0.691772 0.982280 0.475544 0.516665 0.100000 0.999444 0.100000 1.150243 1.943078 0.474155 0.100000 0.794532 0.100000 0.215919 0.684150 0.399498 0.178922 0.439515 1.048260 0.598680 0.100000 0.100000 1.082088 0.100000 0.100000 0.100000 0.100000 0.101174 0.790520 0.782050 0.349729 0.638860 0.100000 0.454778 1.186604 0.100000 0.125889 1.782609 0.484095 0.486457 0.100000 0.667093 0.100000 0.276685 1.045179 0.795117 0.995029 0.100000 0.117308 0.548582 0.100000 0.100000 0.922473 1.926714 0.615299 0.100000 1.008078 1.407886 1.033322 
0.100000 0.100000 0.540320 0.100000 1.122419 0.187665 0.100000 0.933171 0.100000 1.037575 0.889330 0.451200 0.100000 0.298769 0.100537 0.693363 0.694094 0.100000 0.707289 0.100000 0.129295 0.100000 0.465548 0.249042 0.571236 0.200160 0.551312 0.326909 0.425799 0.123874 0.100000 0.395596 1.022376 0.857304 0.100000 0.100000 1.482958 1.370939 0.326161 0.100000 0.100000 0.503279 0.324697 0.633536 0.724507 1.007577 0.368244 1.828291 0.358089 0.100000 1.430985 0.100000 0.125761 0.100000 0.100000 0.775475 0.100000 0.884015 0.786811 0.745313 1.246181 
