49 Number of operations
22 Number of workers
Standard production times
0.436826 0.198809 0.331604 0.391055 0.455688 0.283821 0.369697 0.170513 0.277800 0.162097 0.574453 0.396892 0.633336 0.100000 0.551241 0.100000 0.330241 0.100000 0.539262 0.512992 0.495972 0.340811 0.315938 0.228077 0.318417 0.649516 0.100000 0.100000 0.538062 0.585624 0.717307 0.480261 0.146062 0.493841 0.660772 0.646257 0.445896 0.454722 0.266643 0.360484 0.497204 0.572092 0.100000 0.238532 0.100000 0.618461 0.282133 0.597837 0.392383 
Production times: workers row and ops columns
0.344267 0.375770 0.867425 0.800456 0.100000 0.884882 0.578478 0.100000 0.908642 0.100000 1.070162 0.489611 0.351703 0.664118 0.712341 0.210816 0.100000 0.559563 0.599710 1.021679 0.237334 0.659387 0.100000 0.517488 0.455968 0.100000 0.100000 0.100000 0.814604 0.420376 2.106449 0.542861 0.704872 0.100000 0.224200 0.171697 0.661023 0.320444 0.150330 0.470734 0.235100 2.081439 0.394324 0.100000 0.100000 0.100000 0.100000 1.234456 0.921772 
0.856125 0.380863 0.497591 0.271267 0.195060 0.684885 0.427953 0.100000 0.100000 1.211827 0.844398 0.830861 0.391737 1.047307 0.535734 0.618341 1.081616 0.100000 0.994130 0.355490 0.205522 0.100000 0.712186 0.129115 0.628117 0.970919 0.539247 0.100000 0.803372 1.595755 0.319028 0.806378 0.459548 0.100000 0.100000 0.573655 0.100000 0.128789 1.064725 0.100000 0.100000 0.440951 0.832844 1.216259 0.100000 0.100000 0.100000 1.020821 0.239389 
0.100000 0.100000 0.139088 0.100000 1.451961 0.100000 0.100000 0.100000 0.537051 0.799086 0.100000 0.517167 0.588576 0.188608 0.457555 0.100000 0.310460 0.224256 0.903977 1.241728 0.779919 0.100000 0.942559 0.100000 0.593989 1.251373 0.440054 0.742015 0.100000 0.650016 0.621144 0.239970 0.100000 0.586489 1.373140 0.650809 0.100000 0.641692 0.870354 0.419366 0.964356 0.347093 0.633734 0.100000 0.100000 0.688754 0.690937 0.864754 0.100000 
0.622334 0.100000 0.567513 0.624036 0.745850 0.465002 0.744291 0.475635 0.335850 0.100000 0.716898 0.563475 0.540555 0.100000 0.735721 0.337755 0.543678 0.180468 0.973216 0.649649 0.859973 0.502295 0.776938 0.379054 0.782893 0.915939 0.583691 0.710147 0.649450 0.732649 1.329813 0.753904 0.100000 0.100000 0.381480 0.830267 0.407763 1.103421 0.500546 0.435361 0.612423 0.641578 0.100000 0.863635 0.100000 0.402515 0.574987 0.261339 0.940323 
0.428630 0.299401 0.730846 0.273192 0.358868 0.100000 0.948008 0.100000 0.100000 0.101947 0.100000 0.100000 0.637644 0.100000 1.142261 0.588518 0.100000 0.480170 0.306894 0.441727 0.635523 0.190887 0.100000 0.100000 0.281289 0.995385 0.100000 0.100000 0.281199 0.222331 0.304135 0.949405 0.295954 0.100000 0.782069 0.708708 0.180981 0.100000 0.138695 0.100000 0.829140 0.100000 0.100501 0.331142 0.110568 0.321156 0.489833 0.100000 0.112387 
1.039340 1.244094 0.409747 0.283498 0.274638 0.362022 0.100000 0.202459 0.563569 0.648685 0.972759 0.145982 0.525445 0.100000 0.594807 0.700617 1.400874 0.695667 1.066281 0.120929 0.904379 0.100000 0.256068 0.100000 0.100000 0.100000 0.100000 0.133769 0.813221 0.104467 0.527192 0.908494 1.239518 0.803970 0.661701 0.234989 0.713559 0.899053 1.176217 0.749145 0.252668 1.116542 0.100000 0.100000 0.100000 1.087937 0.100000 0.933048 0.100000 
0.596019 0.100000 0.879698 1.070501 0.310836 0.100000 0.279595 0.202277 0.199172 0.332336 0.100000 1.500028 0.925370 0.320932 0.249999 0.469178 0.348865 0.545474 1.403299 0.588730 0.654891 0.760372 0.466848 0.100000 0.100000 0.168940 0.100000 0.100000 0.920044 0.344582 0.100000 0.451750 0.526046 0.100000 1.242571 0.481239 1.048471 0.339291 0.757797 0.413179 0.127767 1.027131 0.220409 0.115125 0.100000 0.760976 1.187179 0.224627 0.100000 
0.325402 0.225646 0.430264 0.192745 0.247987 0.480638 0.635596 0.100000 0.100000 0.100000 0.985554 0.273355 1.055562 0.100000 0.593570 0.100000 0.100000 0.100000 0.464576 0.199417 0.166713 0.533773 0.298558 0.100000 0.120951 0.289257 0.100000 0.259757 0.100000 1.085555 0.597392 0.871985 0.100000 0.392152 0.487088 0.530963 0.549620 0.236783 0.100000 0.380664 0.141809 0.177729 0.100000 0.100000 0.389912 0.546763 0.164544 0.565846 0.216008 
0.508206 0.479829 0.100000 0.100000 0.385657 0.284193 0.296500 0.327898 0.100000 0.100000 0.673474 0.278006 1.259884 0.154833 0.779884 0.200145 0.133630 0.433197 0.100000 0.832529 0.100000 0.333992 0.483554 0.233827 0.250819 0.686351 0.100000 0.250739 0.709456 0.478969 0.399108 0.100000 0.320318 0.244717 0.879958 0.903261 0.197543 0.414709 0.397389 0.432492 0.100000 0.481096 0.100000 0.100000 0.290143 0.546008 0.184504 0.135351 0.446144 
0.378611 0.517192 0.713054 0.186006 0.100000 0.100000 0.100000 0.100000 0.233833 0.347592 0.675128 0.100000 0.317101 0.100000 0.467425 0.100000 0.100000 0.155887 0.100000 0.547543 0.424718 0.476591 0.426216 0.158138 0.100000 0.169920 0.100000 0.273854 0.550750 0.586530 0.428650 0.172577 0.100000 0.553550 0.707550 0.918867 0.100000 0.100000 0.182799 0.427521 0.410932 0.100000 0.262615 0.100000 0.100000 0.391311 0.100000 0.100000 0.100000 
0.268564 0.251910 0.255275 0.310826 0.351425 0.183142 0.432490 0.100000 0.239075 0.415862 0.741586 0.414891 0.108404 0.100000 0.790450 0.547543 0.185814 0.100000 0.430078 0.100000 0.100000 0.438842 0.794407 0.100000 0.100000 0.301101 0.646872 0.100000 0.170779 0.801135 0.110340 0.308495 0.100000 0.259794 0.135997 0.780012 0.438850 0.100000 0.225371 1.148614 0.100000 0.442539 0.100000 0.100000 0.100000 0.613518 0.100000 0.686264 0.898428 
0.866629 0.374962 0.567392 0.803610 0.601028 0.100000 0.444041 0.633534 0.374934 0.112714 1.189704 0.228278 0.980582 0.415025 0.813238 0.100000 0.596803 0.627034 0.845260 0.100000 0.879803 0.860276 0.443400 0.533864 0.100000 0.405883 0.319838 0.404115 0.462766 0.512674 0.941310 0.100000 0.574082 0.770162 0.526561 0.734607 0.849584 0.170161 0.225060 0.393907 0.901591 0.377807 0.100000 0.536423 0.737153 0.872465 0.100000 0.628856 0.748994 
0.565810 0.382658 0.627584 0.277234 0.100000 0.176666 0.100000 0.100000 0.357454 0.485557 0.831492 0.399152 0.867895 0.607027 1.216443 0.100000 0.390283 0.254959 0.802173 1.016476 0.928366 0.491811 0.429900 0.281643 0.100000 0.852544 0.100000 0.574260 0.767331 0.568094 0.355078 1.088361 0.100000 0.218093 0.994467 1.004585 0.502398 0.546676 0.486505 0.520490 0.242689 0.414266 0.194146 0.946751 0.410638 0.792490 0.100000 0.763299 0.240007 
0.816460 0.100000 0.403600 0.100000 0.293629 0.362395 0.289518 0.100000 0.100000 0.100000 0.100000 0.920420 0.886924 0.100000 0.829341 0.100000 0.819814 0.100000 0.782116 0.237263 0.624107 0.100000 0.668044 0.672146 0.601863 0.283768 0.206612 0.100000 0.362051 0.616753 0.694539 0.100000 0.277144 0.100000 0.730043 0.782771 0.564203 0.100000 0.715034 0.156434 0.929375 0.100000 0.211398 0.100000 0.606623 0.406881 0.163557 0.255380 0.120964 
0.332515 0.100000 0.139068 0.100000 0.399174 0.295878 0.444963 0.508810 0.409444 0.191411 0.294035 1.011592 0.485997 0.100000 0.475215 0.100000 0.302730 0.100000 0.611609 0.100000 1.216227 0.100000 0.426223 0.154512 0.436003 0.229739 0.100000 0.100000 0.168122 0.352691 0.675999 0.100000 0.100000 0.652463 0.383514 0.260822 0.100000 0.585015 0.100000 0.449984 0.100000 0.615817 0.122547 0.100000 0.100000 0.296936 0.369129 0.292800 0.362971 
0.342010 0.100000 0.100000 0.100000 0.356507 0.256408 0.100000 0.251851 0.114055 0.100000 0.100000 0.466658 0.762709 0.406586 0.100000 0.100000 0.617533 0.100000 0.127298 0.100000 0.462293 0.377692 0.499045 0.100000 0.219541 0.281582 0.100000 0.100000 0.670091 0.240854 0.782724 0.168146 0.311499 0.272555 0.337851 0.684561 0.100000 0.535616 0.431438 0.100000 0.386372 0.245610 0.100000 0.358238 0.394404 0.410778 0.116135 0.575719 0.100000 
0.995695 0.167971 0.194886 0.532373 0.265610 0.487438 0.992459 0.526399 0.591137 0.649107 1.133212 0.673808 0.905023 0.491337 0.525872 0.500854 0.439929 0.100000 0.411402 0.420192 0.681486 0.511142 0.641732 0.100000 0.733389 1.081428 0.396632 0.163427 0.100000 0.531942 0.655851 0.637895 0.711569 0.305980 0.903803 1.238657 0.725392 0.648940 0.324136 0.782351 0.708354 0.759598 0.505475 0.100000 0.414591 0.615790 0.214249 0.740357 0.502768 
0.129268 0.100000 0.868169 0.100000 1.239657 0.100000 0.100000 0.802979 0.109572 0.100000 1.143143 0.542011 1.126105 0.100000 1.246322 0.100000 0.389918 0.100000 1.386915 1.223150 0.813836 0.100000 0.517955 0.565253 0.595452 0.362151 0.100000 0.100000 1.353406 1.019904 0.562058 0.852646 0.100000 0.100000 0.658638 1.015743 0.592055 1.439070 0.629711 0.100000 0.775972 0.836607 0.918412 0.376862 0.284324 0.916214 0.899950 1.046757 0.782637 
0.217707 0.100000 0.100000 0.832531 0.601959 0.467397 0.189126 0.335841 0.100000 0.100000 0.594443 0.503935 0.100000 0.100000 0.512254 0.427289 0.100000 0.258440 0.100000 0.100000 0.757956 0.823549 0.100000 0.100000 0.474571 0.605879 0.100000 0.640130 1.320168 0.656411 0.693690 0.946897 0.100000 0.717695 0.937752 0.171367 0.630808 0.309571 0.100000 0.100000 0.755353 0.355862 0.580999 0.456609 0.100000 0.743954 0.100000 1.215876 0.448873 
0.395244 0.102229 0.100000 0.394542 0.191387 0.100000 0.547074 0.100000 0.544231 0.100000 0.367978 0.257479 1.391167 0.100000 0.678428 0.217563 0.100000 0.198015 0.918897 0.273562 0.116611 0.220303 0.336001 0.107798 0.221621 0.510633 0.296256 0.419570 0.538661 0.241478 0.868371 0.100000 0.100000 0.280595 0.552804 0.479018 0.100000 0.524520 0.301490 0.100000 0.100000 0.391946 0.100000 0.537471 0.311015 0.351207 0.442091 0.202982 0.183213 
0.798623 0.100000 1.024668 0.306669 0.893690 0.231841 0.633131 0.814136 0.483465 0.394878 0.918587 0.708022 0.706464 0.645532 0.842688 0.283901 1.024009 0.100000 0.469088 0.259141 0.607447 0.712429 0.208751 0.520220 0.482540 0.926863 0.100000 0.369419 0.834652 0.356337 1.039184 0.979583 0.495189 0.784510 0.271518 0.934042 0.685265 0.308085 0.263330 0.981643 1.229172 0.956078 0.100000 0.452898 0.630115 0.811797 0.430493 0.946407 0.623594 
0.361559 0.214828 0.100000 1.474384 1.073731 0.100000 0.100000 0.468899 0.463522 0.272781 1.844262 0.100000 1.221268 0.832640 0.244221 0.950105 0.100000 0.797730 0.488804 1.110060 0.234465 0.100000 0.100000 0.711514 0.929822 0.498868 0.100000 0.364888 0.252305 1.292423 0.130396 0.230648 0.100000 1.116999 0.403453 0.521877 0.945349 0.927979 0.100000 1.166975 0.402796 0.100000 0.100000 0.841464 0.100000 1.133219 0.289447 0.686947 0.100000 
