64 Number of operations
21 Number of workers
Standard production times
0.436826 0.198809 0.331604 0.391055 0.455688 0.283821 0.369697 0.170513 0.277800 0.162097 0.574453 0.396892 0.633336 0.100000 0.551241 0.100000 0.330241 0.100000 0.539262 0.512992 0.495972 0.340811 0.315938 0.228077 0.318417 0.649516 0.100000 0.100000 0.538062 0.585624 0.717307 0.480261 0.146062 0.493841 0.660772 0.646257 0.445896 0.454722 0.266643 0.360484 0.497204 0.572092 0.100000 0.238532 0.100000 0.618461 0.282133 0.597837 0.392383 0.644536 0.657231 0.431644 0.169275 0.413947 0.588501 0.278597 0.308175 0.396599 0.569202 0.402256 0.238324 0.288863 0.302463 0.464080 
Production times: workers row and ops columns
0.577492 0.466208 0.300391 0.504096 0.601114 0.100000 0.106916 0.100000 0.443410 0.272459 0.212797 0.324699 0.769702 0.100000 0.428177 0.445035 0.100000 0.100000 0.525442 0.654234 0.317822 0.100000 0.469525 0.515210 0.100000 0.499854 0.111539 0.100000 0.216042 0.452322 0.632305 0.549412 0.100000 0.496878 0.822696 0.219284 0.256483 0.576734 0.470331 0.100000 0.542537 0.217178 0.147983 0.360958 0.403742 0.267527 0.100000 0.254217 0.591357 0.480799 0.195793 0.169585 0.268297 0.156466 0.100000 0.133278 0.215512 0.303177 0.442747 0.264269 0.223789 0.270269 0.100000 0.100000 
0.739627 0.100000 0.688854 0.348817 0.125449 0.552171 0.302128 0.143057 0.227509 0.100000 0.862595 0.300137 0.521507 0.100000 0.228786 0.100000 0.252261 0.100000 0.409274 0.100000 0.942792 0.618834 0.636601 0.100000 0.100000 0.325546 0.100000 0.116257 0.221718 0.252736 0.602018 0.379634 0.100000 0.248344 0.706781 0.271747 0.453733 0.761996 0.100000 0.730642 0.373604 0.295340 0.386141 0.100000 0.100000 0.372388 0.100000 0.733239 0.492811 0.503308 0.345170 0.197459 0.243970 0.840169 0.346944 0.213090 0.455121 0.100000 0.423530 0.204717 0.656100 0.148983 0.100000 1.024988 
0.464860 0.377276 0.549328 0.736510 1.134257 0.201433 0.918173 0.207036 0.384219 0.100000 0.459746 0.254839 0.651756 0.413355 0.683466 0.133548 0.899148 0.100000 0.665262 0.100000 0.100000 0.244581 0.502994 0.534751 0.487537 0.799963 0.278573 0.153246 0.643768 1.025599 0.524311 0.631928 0.100000 0.751765 0.440404 0.775275 0.598590 0.348309 0.980579 0.429589 0.663941 0.460549 0.756203 0.622739 0.867822 1.221119 0.339941 1.021875 1.066418 0.849673 0.715165 0.277978 0.295116 0.100000 1.064446 0.460071 0.704482 0.486540 1.107026 0.314428 0.970665 0.658280 0.459976 0.533903 
0.166012 0.404862 0.406362 0.396700 0.405351 0.168702 0.602179 0.951577 0.462838 1.005540 0.486188 0.649393 0.331611 0.150019 0.100000 0.808189 0.232767 0.100000 0.707271 1.377022 0.100000 1.406616 0.100000 0.388280 0.248022 1.039731 0.100000 0.349154 0.100000 0.100000 0.573153 0.448505 0.100000 0.736976 1.472950 1.347863 0.100000 0.967960 0.767573 0.100000 0.100000 0.400381 0.100000 0.556860 0.217046 0.589548 1.139651 0.346303 0.793250 0.559603 0.577906 1.333394 0.100000 0.100000 0.100000 0.238856 0.100000 0.483368 2.227337 0.100000 0.821230 0.700707 0.100000 1.272650 
0.854803 0.261310 0.833835 0.259192 0.100000 0.524114 0.921170 0.570136 0.100000 0.369252 0.426314 0.470445 0.505605 0.100000 0.737365 0.231221 0.195417 0.588634 0.422845 0.615934 0.761425 0.168110 0.733273 0.422548 0.386758 0.853911 0.100000 0.836481 0.100000 0.723815 0.834982 0.648508 0.375990 0.358524 0.670856 0.757004 0.398411 1.040333 0.787408 0.255509 0.659561 0.586199 0.100000 0.337884 0.100000 1.070788 0.314298 0.772341 0.680032 0.919928 0.718156 0.281587 0.253828 0.960256 0.592867 0.669615 0.100000 0.663940 0.750144 0.583889 0.100000 0.595395 0.722942 0.100000 
0.346029 0.100000 0.100000 0.100000 0.634420 0.100000 0.109648 0.100000 0.525364 0.100000 0.465714 0.575482 0.845910 0.100000 1.216120 0.447839 0.100000 0.100000 0.676529 0.430994 0.100000 0.427075 0.365542 0.212625 0.100000 0.593911 0.199489 0.100000 0.468163 0.119530 0.356520 0.545061 0.346622 0.142720 0.876223 0.778920 0.679921 0.535978 0.220284 0.100000 0.395019 0.346660 0.100000 0.503502 0.100000 0.234331 0.412470 0.438581 0.138040 0.100000 0.844914 0.638304 0.100000 0.921423 0.841620 0.100000 0.202039 0.241624 0.716764 0.100000 0.100000 0.800014 0.242779 0.102439 
0.982684 0.919803 0.622741 0.206453 0.771423 0.100000 0.100000 0.123289 0.498688 0.813613 0.689200 0.539437 0.121970 0.100000 0.221825 0.221918 0.100000 0.100000 1.373563 0.100000 0.596344 0.100000 0.181212 0.100000 0.651879 0.240484 0.120319 0.100000 0.560642 1.547980 0.321687 0.100000 0.274043 0.589165 0.193012 1.297549 0.433565 0.805235 0.561360 0.100000 0.870254 0.293915 0.100000 0.743458 0.993377 0.450843 0.444375 1.623445 0.100000 0.106303 0.450526 1.367665 0.652858 0.986158 0.212222 0.143115 0.100000 1.082432 0.100000 0.491424 0.118827 0.100000 0.100000 0.635025 
0.703655 0.407227 0.912760 0.792967 0.276865 0.166828 0.100000 0.100000 1.016152 0.100000 0.935458 0.174814 0.100000 0.100000 0.121988 1.093463 0.429871 0.100000 0.744529 0.413854 0.315245 0.100000 0.100000 0.243456 0.884939 0.910232 0.100000 0.113532 0.242863 1.150954 0.817544 1.049440 0.230382 0.349123 0.100000 1.721997 0.100000 1.472692 0.100000 0.100000 0.457342 1.012680 0.100000 0.746605 0.100000 0.201317 0.545918 0.100000 0.152871 0.548524 0.100338 0.985354 0.100000 0.205897 0.659856 0.100000 0.662840 0.333615 0.572425 0.235326 0.100000 0.100000 0.334614 0.659498 
0.910570 0.100000 0.277398 0.141436 0.757686 0.926189 0.693875 0.572673 0.100000 0.452874 0.788831 0.918806 0.663266 0.125929 0.718841 0.217074 0.100000 0.409335 0.369683 0.809285 0.267835 0.979612 0.421197 0.177602 0.682376 0.754328 0.100000 0.526275 0.253986 0.908624 1.146606 1.080663 0.100000 0.704983 0.858180 1.290279 0.225468 0.630989 0.397609 0.696080 0.834821 0.239069 0.807983 0.611810 0.724406 0.735215 0.648405 0.815488 0.857695 1.178696 0.420634 0.641968 0.284957 0.864682 1.012704 0.766929 0.437694 0.432196 0.982972 0.340634 0.203500 0.107079 0.759174 0.248422 
0.100000 0.100000 0.391481 0.506281 0.486022 0.346038 0.100000 0.711414 0.100000 0.100000 0.603180 0.100000 1.101250 0.222547 0.100000 0.610782 0.380256 0.702168 1.222974 0.830372 0.995817 0.100000 0.733763 0.100000 0.716560 0.322401 0.265210 0.100000 0.810597 0.170302 2.103959 1.042809 0.527761 0.273586 0.701606 1.447645 0.864951 0.457701 0.100000 0.426250 0.627379 0.380784 1.413440 0.840502 0.100000 0.591807 0.100000 1.207977 0.100000 0.100000 0.585504 0.150950 0.162072 0.604607 0.476264 0.578264 0.955436 0.387412 0.100000 0.929898 1.329466 0.100000 0.100000 0.253866 
0.557791 0.100000 0.100000 0.130217 0.352533 0.260665 0.181900 0.100000 0.238353 0.353194 0.515587 0.330551 0.148895 0.100000 0.100000 0.231288 0.296857 0.173337 0.464882 0.416886 0.933368 0.606910 0.100000 0.100000 0.276022 0.817975 0.100000 0.100000 0.309462 0.351882 0.248527 0.669627 0.309323 0.254130 0.923773 0.452046 0.506215 0.639239 0.212672 0.127429 0.100000 0.314950 0.626528 0.210413 0.100000 0.100000 0.100000 0.356669 0.373521 0.565518 0.641035 0.117038 0.510182 0.491441 0.146001 0.100000 0.448905 0.144897 0.571363 0.416195 0.100000 0.100000 0.505381 0.100000 
0.825148 0.100000 0.413822 1.113151 0.181832 0.100000 1.182789 0.402921 0.559919 0.100000 0.697402 0.613219 0.196960 0.100000 0.436909 0.514583 0.463177 0.100000 0.100000 0.464707 0.475287 0.767295 0.539191 0.120741 1.288483 0.572322 0.100000 0.100000 0.692672 0.646775 0.478721 0.314771 0.376469 0.100000 0.478836 0.595648 0.257062 0.130837 0.100000 0.100000 1.457789 0.976948 0.100000 0.768002 0.100000 0.918761 0.100000 0.100000 0.782231 1.078438 0.100000 0.100000 0.100000 0.262182 0.477539 0.100000 0.568913 0.100000 0.530021 1.242236 0.100000 0.168520 0.800119 0.668640 
0.914308 0.100000 0.580591 0.447708 0.815765 0.454924 0.248466 0.333390 0.619895 0.100000 0.747300 0.690039 1.138634 0.100000 0.731972 0.222678 0.530622 0.169983 1.001349 0.955134 0.100000 0.100000 0.728139 0.100000 0.151456 0.653056 0.100000 0.100000 0.551223 0.834425 1.024380 0.221331 0.529596 0.407929 1.003980 1.254217 0.100000 0.422496 0.896353 0.309443 0.918475 0.979126 0.100000 0.483694 0.255833 0.260110 0.650925 0.432540 0.723050 1.026021 1.004866 0.612936 0.100000 0.640046 0.582617 0.309165 0.812693 0.676213 0.373605 0.590922 0.653115 0.653632 0.632713 0.100000 
0.587976 0.100000 0.577793 0.841842 0.774751 0.317589 0.660166 0.326881 1.026246 0.217084 0.533208 0.541888 1.094160 0.480408 0.696604 0.691158 0.847802 0.100000 0.764132 1.002981 0.849508 0.575248 0.729472 0.198785 0.676588 0.735368 0.435788 0.646899 0.640859 0.807523 0.860517 0.134624 0.343665 0.567590 0.891418 0.404240 0.237076 0.603501 0.575615 0.975295 0.774211 0.646643 0.283617 0.100000 0.192054 0.157229 0.815305 0.390470 1.010546 0.697724 0.465963 0.156436 0.769653 0.730380 0.534226 0.436505 0.425405 0.351507 0.602727 0.344485 0.424820 0.811238 0.640012 0.609977 
0.952888 0.612585 0.100000 0.100000 0.181393 0.880890 0.100000 0.100000 0.365322 0.100000 0.650215 0.100000 0.698062 0.362361 0.462803 0.548402 0.348140 0.100000 0.592642 1.053795 0.701764 0.100000 0.100000 0.230408 0.100000 0.546816 0.100000 0.238649 0.361406 0.939407 0.717976 0.427087 0.124402 0.376908 0.100000 1.043233 0.729403 0.677732 0.100000 1.295036 0.207635 0.100000 0.100000 0.290658 0.210487 0.942114 0.244909 1.265032 0.286853 0.952809 0.703401 0.214095 0.115909 0.521513 0.978453 0.113431 0.472209 0.319999 0.776653 0.100000 0.450550 0.100000 0.695996 0.847897 
0.646021 0.723453 0.824258 0.533697 0.100000 0.100000 0.846084 1.206484 0.811999 0.228668 0.691558 0.100000 1.323780 0.100000 0.358744 0.100000 0.338235 0.837552 0.100000 0.140654 0.657917 0.815169 0.207595 0.100000 0.770038 0.613248 0.865086 0.100000 0.982772 0.100000 0.665281 0.100000 1.280273 0.100000 0.154429 0.365694 1.191390 0.631113 0.490620 0.303784 0.100000 0.100000 0.318545 0.185846 0.539375 0.100000 0.466809 0.609122 0.951602 0.370054 0.980946 0.100000 0.100000 0.133001 0.380755 0.100000 0.262994 0.831722 1.055145 0.115297 1.238211 0.501988 0.100000 0.153816 
0.415334 0.100000 0.958412 0.152455 0.100000 0.100000 0.336832 0.100000 0.100000 0.309286 0.751940 0.544524 0.197380 0.393712 0.827057 0.100000 0.286288 0.552440 0.715756 0.389573 0.875434 0.316686 0.433579 0.108510 0.439653 0.866102 0.413411 0.308724 0.965272 0.497466 0.653513 0.100000 0.240281 0.702891 0.327401 0.864991 0.397614 0.663296 0.599658 0.355366 0.480121 0.501810 0.221917 0.650547 0.100000 0.497032 0.205446 0.543030 0.496950 0.100000 0.822817 0.415565 0.187404 0.769117 0.603111 0.100000 0.308302 0.987456 0.798633 0.410258 0.151082 0.397623 0.843527 0.107648 
0.100000 0.106739 0.100000 0.173774 0.593154 0.381988 0.492599 0.516131 0.721774 0.404263 0.798825 0.100000 0.439430 0.213476 0.628465 0.282781 0.315431 0.216334 0.100000 0.901146 0.544286 0.505108 0.554569 0.508212 0.100000 1.110739 0.791540 0.100000 0.455687 0.633822 1.129374 0.885532 0.100000 0.382956 0.676491 0.970619 0.376055 0.137044 0.100000 1.231050 0.387251 0.447538 0.100000 0.342473 0.118054 0.856767 0.287471 0.593014 0.954050 0.618300 1.104252 0.658582 0.696960 1.369718 0.663417 0.422091 0.173394 0.530088 0.281216 0.287114 0.504757 0.870755 0.100000 1.316913 
0.582249 0.149733 1.027973 0.869147 1.165979 0.100000 0.100000 0.100000 0.100000 0.234300 0.406503 0.650169 1.010331 0.100000 1.086123 0.100000 0.100000 1.009532 0.614641 0.100000 0.299638 0.997495 0.100000 0.645521 0.615445 0.575465 0.840323 0.100000 0.217714 0.318550 0.500508 0.420530 0.472106 0.304751 0.317648 1.494932 0.435491 0.539568 1.026159 0.656796 1.200376 0.887458 0.100000 1.681867 0.592518 0.559359 0.271213 0.642770 0.896368 0.154339 0.915448 0.100000 0.100000 0.368794 0.100000 0.100000 0.385541 0.100000 0.748913 0.100000 0.100000 1.041800 0.100000 0.414386 
0.250801 0.248315 0.301062 0.100000 1.068137 0.466848 0.100000 0.301049 0.198918 0.100000 0.100000 0.876937 0.967579 0.139465 0.814686 0.264334 0.582658 0.100000 0.100000 0.538965 0.895784 0.330277 0.906362 0.100000 0.100000 1.030960 0.100000 0.715186 0.604988 0.656513 0.947714 0.495851 0.371428 0.100000 0.872343 0.663463 0.371481 0.464959 0.100000 0.550901 0.657129 0.481300 0.309120 0.636512 0.100000 0.974474 0.649083 0.128745 0.276474 0.439291 0.410701 0.505759 0.249904 0.542112 0.684909 0.196134 0.591926 1.112920 0.410707 1.042002 0.454122 0.726819 0.469340 0.513024 
0.472040 0.100000 0.533616 0.515371 0.210276 0.214904 0.780793 0.428812 0.413966 0.100000 0.826730 1.004383 0.691678 0.251853 0.903682 0.100000 0.663929 0.217417 1.011234 0.767972 0.578169 0.100000 0.100000 0.268149 1.041633 0.594458 0.220093 0.428093 0.566823 0.440649 0.493463 0.320852 0.100000 0.415406 0.674510 1.177399 0.435902 0.765532 0.100000 0.551555 0.795605 0.492042 0.100000 0.584990 0.101562 0.751501 0.400651 0.100000 0.732307 0.832937 0.663592 0.499106 0.729913 0.478000 0.890551 0.562927 0.629563 0.776799 0.737306 0.338079 0.337301 0.577050 0.588837 0.448409 
