58 Number of operations
20 Number of workers
Standard production times
0.290051 0.119425 0.716550 0.190971 0.451519 0.100000 0.100000 0.336942 0.571636 0.414269 0.100000 0.116889 0.577166 0.526380 0.408052 0.219375 0.435065 0.438886 0.292950 0.555470 0.434268 0.311430 0.740981 0.584869 0.139028 0.323885 0.251275 0.312576 0.314710 0.676281 0.419674 0.326109 0.145356 0.602997 0.103788 0.342580 0.388635 0.242379 0.413542 0.192219 0.347265 0.507650 0.705652 0.791335 0.495640 0.423869 0.228507 0.247610 0.527861 0.409505 1.022967 0.293508 0.469117 0.314897 0.100000 0.751079 0.347161 0.569259 
Production times: workers row and ops columns
0.930587 0.100000 0.316966 0.189198 0.707816 0.100000 0.773168 0.100000 0.200117 0.922237 0.100000 0.335019 0.503821 0.538127 0.278901 1.138954 0.338070 1.225952 0.671400 0.291908 0.100000 0.356403 1.581837 0.489532 0.100000 0.100000 0.275291 0.100000 0.100000 0.713554 0.100000 0.209656 0.100000 0.614772 0.100000 0.100000 0.256062 0.155918 0.100000 0.996197 0.919916 0.265858 1.215354 0.298401 0.100000 1.385800 0.100000 1.020373 0.100000 0.100000 0.818941 0.344659 0.100000 0.495515 0.100000 0.100000 0.177721 0.479631 
0.169577 0.100000 0.632290 0.477825 0.100000 0.100000 0.459638 0.954141 0.438402 1.196593 0.100000 0.156954 0.591747 0.100000 0.100000 0.163114 0.100000 0.775793 0.100000 0.100000 0.498051 0.670400 0.935449 1.120590 0.728139 0.100000 1.109162 0.394943 0.566247 0.226354 1.235606 0.100000 0.100000 1.318792 0.100000 0.100000 0.367504 0.100000 0.165328 0.773682 0.139796 0.556359 0.385641 0.680922 0.771514 0.399677 0.100000 0.100000 0.531653 0.100000 1.067853 0.797098 0.100000 0.100000 0.100000 0.947870 0.100000 0.137350 
0.100000 0.100000 0.579453 0.180544 0.524615 0.100000 0.202697 0.100000 0.100000 0.372301 0.100000 0.100000 0.904256 0.100000 0.406189 0.245413 0.243068 0.284866 0.100000 0.305302 0.100000 0.100000 0.961111 0.808848 0.100000 0.262036 0.100000 0.100000 0.100000 0.604227 0.100000 0.294466 0.572274 0.277822 0.100000 0.246532 0.400931 0.100000 0.230110 0.187573 0.139636 0.395068 0.983034 0.879840 0.100000 0.560262 0.100000 0.310258 0.703684 0.324725 1.283373 0.167702 0.324676 0.256635 0.100000 1.350122 0.155282 0.100000 
0.100000 0.100000 0.718040 0.100000 0.249628 0.178636 0.269468 0.100000 0.923169 0.251539 0.100000 0.445678 0.885261 0.100000 0.426478 0.100000 0.100000 0.998065 0.100000 0.461368 0.100000 0.563780 0.100000 1.107685 0.100000 1.049584 0.599135 1.145292 0.100000 0.314718 0.972313 0.667561 1.347002 0.734997 0.100000 0.100000 0.345044 0.387646 0.100000 0.844777 0.255089 1.188412 0.749429 1.290983 0.893217 0.497461 0.793811 0.100000 0.482171 1.109010 1.639699 0.271062 0.100000 0.517729 0.100000 0.698255 0.671538 0.100000 
0.362059 0.530392 0.533135 0.614428 0.118128 0.183923 0.646179 0.441591 0.626771 0.578829 0.100000 0.478468 0.357417 0.682235 0.296316 0.254449 1.117838 0.556052 0.100000 0.457868 0.285389 0.100000 0.964386 0.755885 0.486535 0.250508 0.548250 0.860511 0.658378 1.298732 0.100000 0.727876 0.578753 0.591067 0.218923 0.528074 0.304240 0.418559 0.787773 0.766310 0.353248 0.438839 0.909429 0.964804 1.144715 0.550849 0.386177 0.136434 0.777531 0.767453 1.455193 0.444152 0.311134 0.683696 0.149915 1.527247 0.571300 0.961521 
0.100000 0.436788 1.496042 0.195654 0.210318 0.524876 1.188690 0.223189 0.352573 0.100000 0.100000 0.173791 0.574393 1.049364 0.770247 0.100000 0.708408 0.186144 0.334699 1.176023 0.100000 0.897994 0.294197 0.754013 0.100000 0.100000 0.286837 0.277774 0.203019 0.100000 0.100000 0.100000 0.330152 0.363389 0.263982 0.100000 0.100000 0.160039 0.933693 0.100000 1.068384 0.941226 0.526928 1.167984 0.750135 0.482281 0.100000 0.100000 0.731435 0.100000 0.942480 0.100000 0.668418 0.100000 1.129719 0.205073 0.100000 0.403109 
0.220603 0.100000 0.534564 0.244247 0.735875 0.100000 0.479949 0.531191 0.100000 0.100000 0.313256 0.100000 1.100647 0.934945 0.100000 0.331773 0.806772 0.100000 0.100000 1.655138 0.140727 0.676236 1.399496 0.418449 0.100000 0.476624 0.575414 0.100000 0.401793 0.100000 0.219670 0.274483 0.100000 1.200534 0.100000 0.140414 0.100000 0.399435 1.284455 0.167158 0.986867 1.046261 0.961054 0.334970 1.328078 0.970753 0.100000 0.263450 0.100000 0.100000 0.612525 0.414702 1.120237 0.100000 0.434622 0.679633 0.100000 1.319231 
0.100000 0.100000 0.682077 0.100000 0.678481 0.100000 0.100000 0.125309 1.128639 0.104208 0.100000 0.938262 0.372496 1.390915 0.100000 0.391956 0.807834 0.675546 1.278250 1.190056 1.105413 0.548625 1.006507 0.702830 0.166940 0.100000 0.100000 0.982611 0.138839 0.100000 1.013262 0.407773 0.100000 0.988459 0.729794 0.100000 0.100000 0.539229 0.100000 0.106045 0.100000 0.130922 0.757153 1.427924 0.100000 0.276134 0.619906 1.054643 0.416887 0.352667 0.548019 0.979723 0.576355 1.202380 0.100000 0.384296 0.100000 0.287958 
0.482321 0.100000 0.587540 0.271935 1.047235 0.671899 0.100000 0.194691 0.856076 0.429236 0.684056 0.100000 0.100000 1.223119 0.223361 0.292820 0.486914 0.718014 1.011398 0.590845 0.722302 0.439655 0.972666 0.915837 0.368560 0.100000 0.141141 0.440472 0.746481 0.720169 1.087289 0.100000 0.342002 1.006240 0.577497 0.478589 0.240391 0.694356 0.736741 0.100000 0.249450 0.657470 1.025209 0.207025 0.690936 0.100000 0.451640 0.131882 0.398973 0.375579 0.843766 0.512262 0.637214 0.386592 0.100000 0.868407 0.368160 0.340143 
0.100000 0.222330 0.564731 0.100000 1.204902 0.100000 0.387311 0.100000 0.465048 0.148119 0.271043 0.100000 0.100000 1.865202 0.767203 0.178037 0.178226 0.376578 0.100000 0.100000 0.618643 0.100000 0.896993 0.684827 0.316249 1.066102 0.112603 0.100000 1.623726 0.100000 0.100000 0.395135 0.100000 0.936869 0.100000 0.100000 0.100000 0.247419 1.080686 0.314577 0.530172 0.266086 1.343144 0.260543 0.996600 0.671559 0.321893 0.835448 0.519439 1.438966 0.330837 0.312465 0.607116 0.473727 0.100000 0.807484 1.572306 0.100000 
0.626738 0.253813 0.656716 0.346231 0.526819 0.100000 0.100000 0.187731 0.452353 0.508393 0.100000 0.294523 0.928591 0.678782 0.920084 0.678199 0.615495 1.004598 0.129709 0.655350 0.626177 0.100000 1.304428 0.513076 0.438441 0.488568 0.100000 0.626964 0.561027 0.100000 0.843438 0.581430 0.100000 0.614637 0.522856 0.584924 0.129609 0.159107 0.100000 0.251576 0.854956 0.381393 0.574493 0.870167 0.916109 0.100000 0.545888 0.466599 0.803939 0.630250 1.056858 0.653663 0.100000 0.100000 0.100000 0.727387 0.619062 0.463464 
0.100000 0.100000 1.090163 0.361956 0.100000 0.100000 0.100000 0.331498 0.100000 0.859679 0.100000 0.100000 0.640798 0.544107 0.100000 0.161530 0.590396 0.606468 0.425279 0.325883 0.671051 0.100000 0.136381 0.430802 0.100000 0.100000 0.100000 0.552656 0.565126 0.571898 0.260392 0.139660 0.100000 0.390171 0.100000 0.618562 0.323083 0.100000 0.264704 0.100000 0.360079 0.952764 0.854508 0.445050 0.593715 0.291182 0.100000 0.134739 0.100000 0.233852 1.505456 0.395325 0.325747 0.334445 0.321430 0.658286 0.474027 0.100000 
0.255345 0.100000 1.204046 0.487128 0.492895 0.597599 0.100000 0.587879 0.957593 0.604637 0.145445 0.513293 0.893881 0.485596 0.413002 0.262838 0.757278 0.100000 0.371240 0.437776 0.561573 0.100000 0.976882 0.657368 0.100000 0.455887 0.100000 0.100000 0.563819 0.744497 0.728200 0.381863 0.393714 1.006739 0.214665 0.100000 0.783415 0.819575 0.419759 0.291595 0.100000 0.543256 0.928748 1.454342 0.705915 0.943099 0.583965 0.498805 0.817184 0.521857 1.451848 0.147394 0.320826 0.425728 0.476101 0.409577 0.268524 0.730721 
0.208724 0.177074 0.410054 0.305910 0.391963 0.660791 0.523217 0.100000 1.065265 0.774003 0.124401 0.468051 1.036614 0.597080 0.402858 0.455238 0.159036 1.071484 0.745140 1.321182 0.822161 0.212786 0.323038 0.717246 0.646084 0.791433 0.100000 0.100000 0.564217 0.457470 0.258071 0.782546 0.257248 0.498978 0.374643 0.313241 0.864373 0.747854 0.323801 0.265958 0.100000 0.674807 0.941442 1.108084 0.587730 0.754468 0.264524 0.100000 0.584703 0.848139 1.006240 0.166961 1.144260 0.327954 0.100000 1.134514 0.183407 0.560847 
1.513661 0.287707 0.935249 0.100000 1.022877 0.381741 0.837047 0.707530 1.631300 0.675223 0.100000 0.100000 0.545484 0.324708 0.313381 0.434137 0.924509 1.236042 0.100000 0.331996 0.607835 0.100000 0.636469 0.100000 0.280396 0.496952 0.100000 0.408756 0.807287 1.025571 1.051192 0.210215 0.485375 0.516679 0.100000 0.100000 0.400186 0.965512 0.385105 0.857225 0.576640 0.825586 0.195250 0.692768 0.100000 0.399047 0.100000 0.771014 0.694918 0.609867 1.558430 0.465674 0.400394 0.369947 0.575622 0.640889 0.330311 0.867145 
0.658397 0.100000 0.237556 0.113475 0.100000 0.473368 0.237349 0.100000 1.007008 1.270817 0.311427 0.100000 0.589160 0.100000 0.804605 0.100000 0.100000 0.100000 0.100000 0.752678 0.100000 0.732646 0.100000 0.582640 0.143025 0.188728 0.100000 0.100000 0.100000 0.611003 0.681270 0.100000 0.100000 0.999334 0.641146 0.100000 0.501736 0.922573 1.272620 0.100000 0.247781 0.430918 2.112899 0.499360 0.291013 0.100000 0.100000 0.328129 1.194147 0.100000 0.959102 0.100000 0.100000 0.100000 0.863731 1.388005 0.759992 0.421452 
0.340051 0.192367 0.685598 0.100000 0.100000 0.333903 0.100000 0.669313 0.605173 0.362548 0.100000 0.292282 0.863933 1.449486 0.322011 0.100000 1.433715 0.582754 0.862401 0.420182 0.650100 0.641921 1.265633 0.317539 0.698718 0.344060 0.405457 0.660393 0.283835 0.773274 0.863240 0.100000 0.572437 1.145432 0.100000 0.404050 0.489162 0.151954 0.891927 0.581769 0.656380 1.140108 0.432006 1.051068 0.438139 0.429084 0.419458 0.892525 0.509381 0.928428 1.024336 0.461651 0.580245 0.899812 0.371855 0.773516 0.896292 0.540753 
0.978558 0.488863 0.437402 0.608006 0.421971 0.305887 0.100000 0.153123 0.307591 0.100000 0.100000 0.296710 0.544516 0.100000 0.483321 0.100000 0.829597 0.657328 0.100000 0.401844 0.347968 1.255103 1.194168 0.460980 0.100000 0.100000 0.100000 0.524469 0.466702 1.510318 0.753270 1.080968 0.281433 0.696087 0.331350 0.100000 0.734220 0.126982 0.100000 0.192386 0.223833 0.885906 0.168808 0.651620 0.660644 0.808632 0.395672 0.100000 0.883775 0.370378 0.237449 0.100000 0.872868 0.215382 0.150907 0.300803 1.431346 0.100000 
1.232433 0.329921 0.404522 0.843128 0.876837 0.100000 0.100000 0.541478 0.758948 0.100000 0.100000 0.843079 0.564832 1.098592 0.100000 0.175060 0.100000 0.605921 0.100000 1.089114 0.100000 0.100000 0.640215 0.413458 0.826173 0.100000 0.100000 0.100000 0.100000 0.652726 1.892835 0.100000 0.100000 0.352234 0.402423 0.100000 0.474614 0.335552 0.453503 0.100000 0.882269 0.360853 0.100000 1.593603 0.709067 0.100000 0.100000 0.803297 0.475504 0.364046 1.048345 0.437425 0.332908 0.100000 0.274177 0.240809 0.418999 0.770027 
0.100000 0.220349 1.508173 0.311219 0.765417 0.147904 0.232260 0.798187 0.438740 0.696797 0.100000 0.100000 0.535478 0.566690 0.595690 0.291746 0.155657 0.179200 0.642910 0.749185 0.400991 0.915385 0.616069 0.611497 0.675419 0.282599 0.502189 0.100000 0.685622 0.649378 0.100000 0.392661 0.269594 0.510898 0.106926 0.345567 0.659234 0.295499 0.100000 0.100000 0.100000 0.476191 0.519945 1.049643 0.891707 0.502677 0.497988 0.653234 0.800678 0.514350 1.788548 0.469781 0.276253 0.454093 0.100000 1.056099 0.100000 1.045087 
