62 Number of operations
20 Number of workers
Standard production times
0.436826 0.198809 0.331604 0.391055 0.455688 0.283821 0.369697 0.170513 0.277800 0.162097 0.574453 0.396892 0.633336 0.100000 0.551241 0.100000 0.330241 0.100000 0.539262 0.512992 0.495972 0.340811 0.315938 0.228077 0.318417 0.649516 0.100000 0.100000 0.538062 0.585624 0.717307 0.480261 0.146062 0.493841 0.660772 0.646257 0.445896 0.454722 0.266643 0.360484 0.497204 0.572092 0.100000 0.238532 0.100000 0.618461 0.282133 0.597837 0.392383 0.644536 0.657231 0.431644 0.169275 0.413947 0.588501 0.278597 0.308175 0.396599 0.569202 0.402256 0.238324 0.288863 
Production times: workers row and ops columns
0.421703 0.479567 0.295582 0.372168 0.717543 0.100000 0.322676 0.144030 0.365970 0.100000 0.855964 0.349675 0.321097 0.100000 0.411137 0.100000 0.100000 0.100000 0.123156 0.137357 0.398529 0.544623 0.100000 0.385415 0.100000 0.630436 0.100000 0.100000 0.154686 0.230670 0.820747 0.100000 0.100000 0.386581 0.450058 0.687814 0.899996 0.276363 0.550199 0.100000 0.616838 0.644182 0.172781 0.100000 0.286526 0.100000 0.100000 0.814096 0.288762 0.915181 0.866927 0.684374 0.176842 0.199375 0.298083 0.100000 0.509217 0.100000 0.704211 0.100000 0.490412 0.100000 
0.752840 0.761555 0.336056 0.100000 0.917543 0.567162 0.317534 0.645916 0.109510 0.199448 1.014153 0.438396 0.416533 0.121060 1.012583 0.100000 0.100000 0.100000 0.100000 0.697957 0.837434 0.251381 0.336242 0.558000 0.313594 0.957172 0.100000 0.100000 0.334457 0.620930 0.811501 0.623324 0.314845 0.610597 0.640670 0.203042 0.942311 0.414799 0.772539 0.981366 0.644740 0.647850 0.100000 0.281166 0.683346 0.555968 0.100000 0.824583 0.270650 1.146452 0.959572 0.722561 0.658927 0.714727 1.108654 0.752489 0.569826 0.303519 0.923882 0.100000 0.339693 0.104529 
0.484249 0.361386 0.259944 0.100000 0.464757 0.503977 0.178149 0.406801 0.283125 0.188851 0.568556 0.124633 0.665409 0.323260 0.129854 0.100000 0.103045 0.100000 0.607764 0.110410 0.474901 0.390087 0.463117 0.100000 0.100000 0.743547 0.103876 0.100000 0.281767 0.950252 0.635640 0.176438 0.125515 0.705945 0.595017 0.827618 0.466639 0.665513 0.404773 0.100000 0.469846 0.486672 0.354996 0.721989 0.100000 0.871232 0.657285 0.100000 0.459885 0.274687 0.100000 0.100000 0.313689 0.738611 0.139505 0.100000 0.100000 0.100000 0.618218 0.337333 0.225459 0.454370 
0.747300 0.389147 0.401977 1.093521 0.308364 0.621301 0.100000 0.978219 0.684301 0.829330 0.622603 0.284332 0.260556 0.100000 1.380364 0.796622 0.963462 0.294415 1.149711 0.155067 0.569779 0.300008 0.289128 0.590572 0.343991 0.553775 0.222027 0.201759 0.792600 0.562683 0.802248 0.887332 0.463866 0.371933 0.234645 0.211455 1.055832 0.604621 0.301267 0.839156 0.100000 0.644009 0.100000 0.126223 0.461446 0.797868 0.358838 0.708201 0.235965 1.179749 0.978124 0.564382 0.217082 0.989159 0.693458 0.196679 0.215595 0.574426 0.469225 0.360926 0.511363 0.406037 
0.866487 0.225818 0.100000 0.620511 0.371794 0.100000 0.377370 0.100000 0.750877 0.238588 0.783750 0.531924 0.431645 0.100000 0.114777 0.100000 0.298803 0.100000 0.100000 0.657110 0.496854 0.100000 0.243403 1.054737 0.365281 0.249480 0.100000 0.181602 0.384246 0.844858 0.601768 0.714465 0.100000 0.142053 0.187428 0.728418 0.239071 0.438132 0.601870 0.575573 0.176117 0.552481 0.100000 0.100000 0.121467 0.783205 0.223775 0.316869 0.758222 0.459361 0.417226 0.543226 0.170464 0.251701 1.277661 0.835181 0.376506 0.399950 0.238788 0.386196 0.100000 0.720496 
0.100000 0.100000 0.763225 0.468427 0.523137 0.449922 0.461743 0.636066 0.103465 0.100000 0.334812 1.014374 0.662522 0.566002 0.697159 0.570329 0.505425 0.306368 0.418778 0.471127 0.745423 0.652445 0.365570 0.100000 0.223816 1.310751 0.444630 0.100000 0.425724 0.826281 0.989836 0.318701 0.100000 1.162151 0.976303 0.744819 1.004436 0.366615 0.862824 0.439719 0.450956 0.442602 0.100000 0.530931 0.371331 0.294745 0.321548 0.957440 0.357922 0.435063 0.645723 0.349634 0.244624 1.155882 0.488170 0.471481 0.355254 0.724516 0.875612 0.497009 0.100000 0.359093 
0.100000 0.100000 0.774040 0.604413 0.113259 0.100000 0.567853 0.100000 0.100000 0.100000 0.468609 0.610962 0.892080 0.397622 0.207668 1.200643 0.550321 0.100000 0.891280 0.631287 0.100000 0.932945 0.206512 0.100000 0.335467 0.987057 0.911519 0.597078 0.872070 0.920454 1.267239 0.100000 0.764241 0.402172 0.712099 0.995058 0.639876 0.927941 1.029640 0.749424 0.464272 0.100000 0.100000 0.683233 0.100000 0.563850 0.536478 1.030182 0.981535 1.239361 0.715730 0.325269 0.178112 0.100000 0.384040 0.100000 0.349018 0.100000 1.755944 0.424302 0.307892 0.545470 
0.100000 0.198098 0.100000 0.100000 0.510695 0.100000 0.693588 0.100000 0.100000 0.267665 0.483847 0.158405 0.151962 0.124607 0.821384 0.505909 0.184070 0.100000 0.100000 0.644591 0.561304 0.206648 0.310999 0.100000 0.100000 0.764098 0.269801 0.100000 0.291726 0.803963 0.661906 1.090669 0.293368 0.182143 0.569419 0.436252 0.375398 0.500266 0.100000 0.100000 0.419991 0.619391 0.100000 0.100000 0.194750 0.454088 0.464508 0.331489 0.232416 0.836374 1.140569 0.549916 0.100000 0.599092 0.813893 0.100000 0.100000 0.344099 0.166376 0.240240 1.046598 0.100000 
0.288474 0.100000 0.100000 0.425876 0.271675 0.100000 0.658210 0.312336 0.100000 0.100000 0.302375 0.187491 0.668170 0.342933 0.713753 0.100000 0.143704 0.144071 0.577611 0.425903 0.422527 0.451242 0.100000 0.142595 0.214522 0.422162 0.100000 0.100000 1.183688 0.550737 0.495316 0.100000 0.100000 0.320723 0.565432 0.585280 0.601528 0.401497 0.287321 0.767623 0.346317 0.958942 0.100000 0.100000 0.142642 0.747527 0.675765 0.365703 0.151630 0.451892 0.712983 0.520317 0.198790 0.100000 0.652381 0.641572 0.287111 0.100000 0.289384 0.601864 0.727079 0.547783 
0.180286 0.100000 0.409548 0.505927 0.433890 0.100000 0.100000 0.100000 0.337890 0.160186 0.100000 0.196587 0.639770 0.100000 0.100000 0.100000 0.366398 0.100000 0.169149 1.198491 0.684322 0.243402 0.349722 0.100000 0.100000 0.733493 0.100000 0.468015 0.107264 0.100000 0.840847 0.360102 0.100000 0.311429 0.633165 0.644330 0.100000 1.055976 0.351678 0.350949 0.592652 0.265036 0.317423 0.772569 0.100000 0.539288 0.552394 0.976394 0.406539 0.413786 0.394598 0.291816 0.100000 0.137010 0.587691 0.516625 0.100000 0.100000 0.267213 0.220271 0.100000 0.648156 
0.434851 0.100000 0.692383 0.145429 1.224395 0.375844 0.497820 0.531162 0.578371 0.100000 1.129949 0.252754 0.678123 0.100000 0.721166 0.100000 0.100000 0.100000 1.089858 0.100000 1.079831 0.714768 0.775899 0.100000 0.290049 0.731939 0.531023 0.526322 0.928178 0.514970 0.958111 0.105124 0.729700 0.100000 0.490270 0.830841 0.452593 0.663175 0.276375 0.574039 0.756507 0.893057 0.285887 0.524570 0.123596 0.669930 0.232987 0.820425 0.541900 1.033079 1.061058 0.285843 0.386318 0.598111 0.782753 0.100000 0.899208 0.309074 0.974871 0.468345 0.450886 0.100000 
0.801753 0.100000 0.100000 0.100000 0.495774 0.100000 0.684726 0.127607 0.100000 0.334338 0.851892 0.754026 1.435240 0.499963 0.704857 0.614657 0.100000 0.100000 0.434543 0.762397 0.732250 0.284083 0.100000 0.100000 0.100000 0.689321 0.100000 0.353805 0.352753 1.851995 1.527797 1.513257 0.100000 1.189976 0.400487 0.154833 0.242011 0.205673 0.100000 0.432437 0.100000 0.323605 0.640161 0.100000 0.484363 0.127708 0.566774 0.308962 0.432005 0.403569 0.549112 0.368812 0.100000 0.565833 0.905214 0.397016 0.410111 1.164405 0.590717 0.100000 0.100000 0.100000 
0.100000 0.387107 0.396665 0.550674 0.955242 0.397868 0.244534 0.683968 0.827216 0.489635 0.427749 0.397066 1.408922 0.100000 0.766386 0.156834 0.561991 0.317623 0.643485 1.244094 0.458103 0.210422 0.354279 0.310880 0.506259 0.702625 0.100000 0.213961 0.660207 0.730509 0.875282 0.661122 0.100000 0.472930 0.507076 0.596386 0.865142 0.719750 0.153107 0.584480 0.586605 0.465227 0.232416 0.140838 0.236714 0.655430 0.100000 0.915026 0.162302 0.812763 0.560923 0.432279 0.782806 0.641961 1.194647 0.473630 0.589851 0.861432 1.044746 0.653597 0.172224 0.725689 
0.340313 0.100000 0.200597 0.587490 0.814766 0.100000 0.683997 0.290654 0.487546 0.100000 0.265108 0.583829 0.126944 0.100000 0.636897 0.100000 0.840915 0.121938 0.523614 0.100000 0.103678 0.561551 0.284373 0.100000 0.236609 0.566673 0.494616 0.361376 0.294036 0.389782 0.834108 0.100000 0.100000 0.263118 0.615833 0.425186 0.100000 0.100000 0.100000 0.225177 0.367699 0.311231 0.174206 0.357834 0.241792 0.401525 0.552124 0.628394 1.064758 0.391168 0.682522 0.131083 0.702600 0.100000 0.553315 0.672074 0.558690 0.100000 0.303250 0.587625 0.167591 0.100000 
0.100000 0.100000 0.198834 0.855788 0.381489 1.912453 0.533235 0.100000 0.345112 0.626472 0.169272 0.562297 0.703144 0.269061 0.840275 0.100000 0.829023 0.196519 0.870963 0.848445 1.177949 0.742467 0.168032 0.100000 0.361567 0.585956 0.417138 0.100000 0.486011 0.100000 1.027297 0.101720 0.100000 1.016544 0.959447 0.582338 0.890490 0.396549 0.274281 0.226642 0.100000 0.100000 0.695591 0.100000 0.554813 0.853033 0.175917 0.846029 0.100000 0.100000 1.071455 0.100000 0.323406 0.517140 1.332375 0.225751 0.124600 0.201842 0.100000 0.727842 0.100000 0.532831 
0.100000 0.100000 0.553114 0.876317 0.225875 0.585903 0.401057 0.100000 0.509864 0.100000 0.139040 0.287368 0.702792 0.813928 0.390671 0.100000 0.149851 0.100000 0.100000 1.660924 0.262966 0.813491 0.319439 0.100000 1.080489 0.834409 0.281060 0.277546 0.327524 0.100000 0.337545 0.766630 0.132412 0.273459 0.573115 0.206387 0.774691 0.484828 0.433669 0.691550 0.100000 0.728758 0.100000 0.573157 0.100000 0.723970 1.297626 0.162885 0.100000 0.186156 0.100000 1.178669 0.353832 0.215526 0.100000 0.100000 0.100000 0.777166 0.128860 0.711946 0.100000 0.100000 
0.442827 0.772809 0.100000 0.909439 0.786752 0.696010 0.222222 0.305483 0.584008 0.504113 0.882782 0.798996 1.339244 0.141000 0.613507 0.100000 0.100000 0.360087 0.858290 0.536968 1.061925 0.470216 0.196149 0.412713 0.231575 0.603254 0.125269 0.100000 0.992093 0.931989 1.225407 0.820346 0.355371 0.989054 0.535148 0.605256 0.869952 0.839589 1.016859 0.100000 1.034517 0.910762 0.251499 0.100000 0.100000 0.828278 1.160768 1.102210 0.834434 0.836551 0.681647 0.820099 0.615131 0.247870 0.765037 0.671244 1.109267 0.543976 0.349974 0.100000 0.174998 0.844805 
0.321283 1.178842 0.100000 0.977699 0.100000 0.647637 0.838891 0.100000 0.100000 0.313473 0.960239 0.138410 0.351728 0.698779 0.100000 0.437271 0.159241 0.100000 0.720938 0.656154 0.100000 0.100000 0.100000 0.500895 0.297547 0.335806 0.100000 0.767716 0.455389 0.519400 0.505722 0.100000 0.176677 1.504278 1.249462 0.835698 0.100000 0.100000 0.526375 0.230268 0.683253 0.100000 0.100000 0.100000 0.154696 0.293285 0.150377 0.100000 1.204521 0.100000 0.414170 1.094523 0.100000 1.269047 0.768925 0.617496 0.539071 0.100000 0.521562 0.335680 0.100000 0.568804 
0.100000 0.100000 0.100000 0.100000 0.160301 0.623517 0.100000 0.100000 0.642356 0.472547 0.100000 0.451458 0.238458 0.522408 0.506030 0.100000 0.581416 0.100000 0.539144 0.100254 0.135173 0.100000 0.100000 0.275769 0.100000 0.256333 0.100000 0.100000 0.792946 1.345347 1.064684 0.700308 0.100000 0.171086 0.100000 0.686445 0.298985 0.381719 0.193606 0.100000 0.516113 0.497419 0.100000 0.451744 0.261231 0.646939 0.101415 0.240568 0.100000 1.131593 0.687915 0.611437 0.100000 0.149910 0.184756 0.100000 0.174763 0.100000 0.599504 0.641881 0.100000 0.365639 
0.100000 0.302373 0.100000 0.931419 1.324990 0.520766 0.803239 0.399079 0.100000 0.180307 0.268278 0.132589 1.877761 0.238471 0.521502 0.100000 0.100000 0.235001 1.564833 0.621456 0.100000 0.100000 0.100000 0.100000 0.101704 0.799143 0.100000 0.100000 0.100000 0.712763 0.181323 0.996480 1.055247 0.490791 0.156441 0.178143 0.832854 0.428272 0.100000 0.743778 0.449130 0.852237 0.735998 0.100000 0.275866 0.450867 0.332354 0.505654 0.743118 0.416002 0.537113 0.442272 0.100000 0.100000 0.543612 0.752063 0.100000 0.781974 0.100000 0.100000 0.681315 0.100000 
