46 Number of operations
22 Number of workers
Standard production times
0.566294 0.477954 0.627554 0.328673 0.270635 0.409702 0.282724 0.275185 0.273211 0.677687 0.316209 0.418655 0.139966 0.841100 0.522214 0.650717 0.465876 0.245405 0.177847 0.346771 0.687170 0.419253 0.343917 0.488386 0.783569 0.633567 0.267237 0.260688 0.236608 0.404301 0.427046 0.477339 0.526542 0.468131 0.420612 0.571168 0.554355 1.146850 0.100000 0.210145 0.740675 0.100000 0.464826 0.408214 0.325464 0.459895 
Production times: workers row and ops columns
0.285496 0.100000 0.843087 0.543379 0.100000 0.412898 0.607060 0.282164 0.952808 0.244176 0.162989 0.654108 0.100000 1.663447 0.100000 0.419959 0.100000 0.100000 0.743662 1.095600 0.410242 0.100000 0.700836 0.374641 0.837019 0.367850 0.100000 0.734728 0.612166 1.019640 0.616479 0.716871 1.165117 0.686990 0.622616 0.910869 0.462279 0.476599 0.100000 1.048796 1.056506 0.689763 0.100000 0.100000 0.552078 0.371948 
1.392196 0.100000 1.147436 0.100000 0.378163 0.100000 0.442026 0.236507 0.375956 0.805694 0.806555 0.474368 0.100000 1.528893 0.594316 0.693379 0.125920 0.100000 0.789350 0.642009 0.924722 0.845931 0.100000 0.100000 0.862479 0.583112 0.756027 0.100000 0.466910 0.454332 0.202215 0.100000 1.086225 0.568744 0.622514 0.100000 0.213548 1.128766 0.110704 0.100000 0.496993 0.100000 0.986047 0.946752 0.100000 0.283371 
0.659626 0.803623 0.100000 0.776216 0.881505 0.770544 0.205358 0.167380 0.618681 0.791689 0.100000 0.911195 0.298849 0.722728 0.244780 0.615276 0.472182 0.100000 1.145243 0.593851 0.987552 0.687788 0.100000 0.349579 1.286505 0.989076 0.552643 0.375266 0.230073 0.761233 0.366593 0.882387 0.434435 0.536490 0.418816 1.124912 0.660684 1.288234 0.242366 0.651406 0.759656 0.100000 0.909029 0.542832 0.100000 0.540882 
1.319915 0.860305 0.100000 0.100000 0.100000 0.808439 0.225492 0.100000 1.010097 0.495700 1.017235 0.100000 0.100000 0.100000 1.327397 0.100000 1.017770 0.100000 0.853330 0.922157 0.100000 1.000621 0.100000 1.764166 0.247603 1.030508 0.100000 1.371961 0.846485 0.100000 0.100000 0.552921 1.025663 1.392473 0.207528 0.693119 0.100000 0.417079 0.100000 0.100000 0.334483 0.100000 0.100000 0.100000 0.100000 0.317941 
0.100000 1.106482 0.709465 0.483902 0.335590 0.339907 0.108420 0.621085 0.795966 0.715365 0.426994 0.100000 0.362727 0.442892 0.100000 0.365075 0.869234 0.316486 0.403700 0.566657 1.852368 1.104695 0.914927 1.097446 0.811871 0.992685 0.485955 0.633451 0.667494 0.568565 0.364651 0.791467 0.772227 0.728764 0.100000 0.910419 0.794426 1.619915 0.100000 0.570683 0.403106 0.190837 0.816574 0.630240 0.215712 0.967470 
0.697926 0.652839 0.516893 0.572360 0.100000 0.198911 0.100000 0.100000 0.100000 0.260624 0.100000 0.264826 0.180053 1.007458 0.184265 0.415412 0.355303 0.100000 0.112107 0.100000 0.727085 0.332551 0.100000 0.424110 0.793721 0.100000 0.568985 0.100000 0.380091 0.147430 0.100000 0.100000 0.256130 0.593556 0.470811 0.393914 0.569350 1.096030 0.100000 0.281734 0.479125 0.116237 0.301731 0.127733 0.722780 0.944558 
0.709766 0.100000 0.345155 0.411353 0.100000 0.100000 0.307708 0.100000 0.917290 0.719566 0.100000 0.561065 0.100000 0.574586 0.343581 0.226260 0.682952 0.211752 0.216304 0.100000 0.641914 0.100000 0.100000 0.424998 0.748129 0.748079 0.100000 0.541937 0.100000 0.131179 0.425602 0.759647 0.649208 0.100000 0.382684 0.325452 0.964852 0.796788 0.492108 0.122619 0.649078 0.100000 0.841286 0.582751 0.545904 0.525629 
0.109905 0.599598 0.510416 0.567066 0.274553 0.312550 0.100000 0.733471 0.401073 1.026759 0.458915 0.570842 0.100000 0.588339 0.592648 0.722637 0.601843 0.100000 0.345838 0.632399 0.797827 0.631241 0.783800 0.625115 1.015370 1.199016 0.100000 1.284944 0.100000 0.996405 0.795144 1.083326 0.467035 0.317531 0.857396 1.239363 0.808858 1.113166 0.457826 0.584837 1.157500 0.210571 0.993267 0.481783 0.622314 0.875268 
0.211329 0.100000 0.100000 0.100000 0.226408 0.699638 0.396678 0.114038 0.531946 0.604274 0.269462 0.100000 0.224818 0.688741 0.536860 0.960402 0.198085 0.320025 0.357609 0.232163 0.691825 0.100000 0.462822 0.468279 0.723153 0.650824 0.397461 0.100000 0.235936 0.100000 0.202689 0.240941 0.370383 0.100000 0.378244 0.613087 0.528311 1.050465 0.350134 0.100000 0.837547 0.305681 0.100000 0.666981 0.243883 0.100000 
0.858798 0.528343 0.255419 0.100000 0.405014 0.100000 0.492422 0.100000 0.100000 0.100000 0.100000 0.710394 0.150157 1.224864 0.599736 0.324578 0.796814 0.414305 0.100000 0.233626 0.524249 0.100000 0.775667 0.100000 0.100000 0.439979 0.100000 0.161429 0.100000 0.100000 0.100000 0.262552 0.482919 0.205900 0.374400 0.547738 0.948583 0.998619 0.205618 0.100000 0.100000 0.100000 0.335754 0.327789 0.100000 0.321111 
0.619329 0.237847 0.269522 0.405496 0.101241 0.100000 0.264813 0.525065 0.364641 0.788840 0.100000 0.100000 0.349771 0.916857 0.549833 0.684713 0.396894 0.100000 0.239923 0.287581 0.437276 0.235796 0.122060 0.100000 1.067270 0.100000 0.260053 0.100000 0.100000 0.127278 0.582321 0.387668 0.136136 1.037787 1.163313 0.460397 0.100000 0.834293 0.252313 0.345120 0.784504 0.100000 0.478714 0.470221 0.100000 0.184307 
0.864411 1.058566 0.828594 0.282984 0.100000 0.100000 0.538631 0.245897 0.397731 0.561625 1.080679 0.100000 0.525552 0.698279 0.889703 0.768674 0.561007 0.234813 0.100000 0.195345 0.530723 0.578804 0.143188 0.720198 0.874934 0.418268 0.701353 0.405696 0.318105 0.204197 0.533630 1.579324 0.693579 0.617844 0.679986 0.770554 0.382161 1.321441 0.100000 0.100000 0.831384 0.100000 0.881632 0.539670 0.100000 1.028939 
0.448879 0.746071 0.925914 0.296839 0.531010 0.100000 0.894961 0.619549 0.551228 0.491580 0.320894 0.243322 0.100000 1.233247 0.490669 0.722085 1.170673 0.609141 0.870030 0.386399 1.051571 0.279256 0.257072 0.757204 1.192504 0.158141 0.879347 1.181532 0.218519 0.458776 0.446518 0.103440 0.535628 0.770837 0.457517 0.921664 0.838071 2.102045 0.100000 0.443823 0.774445 0.100000 0.532648 0.171121 0.383844 0.606416 
0.100000 0.466272 0.497941 0.336366 0.200760 0.102344 0.303316 0.100000 0.100000 0.178585 0.100000 0.567444 0.100000 0.951616 0.700611 0.370894 0.785430 0.100000 0.182798 0.510590 0.815277 0.100000 0.177727 0.330060 0.407597 0.538652 0.163899 0.100000 0.229362 0.354449 0.100000 0.175032 0.690415 0.485495 0.380250 0.679139 0.471049 1.072136 0.397018 0.100000 0.884684 0.100000 0.100000 0.740896 0.384617 0.489609 
0.454498 0.250393 1.062274 0.108537 0.615576 0.636200 0.887606 0.100000 0.733845 0.837805 0.253257 0.855877 0.100000 0.862392 0.502860 0.730972 0.569062 0.100000 0.367887 0.840402 1.001251 0.997128 0.807962 0.507608 0.951912 0.401533 0.617225 0.100000 0.262940 1.157473 0.221436 0.736239 0.723017 1.164260 0.302516 1.031319 0.175985 1.401548 0.100000 0.225914 0.509745 0.565527 0.714024 0.497478 0.941171 0.467837 
0.301669 1.124165 0.588451 0.321808 0.753197 0.100000 0.100000 0.372099 0.100000 0.784827 0.462532 0.810358 0.100000 2.361886 0.333351 1.149429 0.802879 0.100000 0.552578 0.128959 0.993822 0.623476 0.516496 0.628079 0.963790 1.285006 0.100000 0.753214 0.100000 0.645004 0.919465 0.791545 0.962418 0.593177 0.994874 1.378017 0.443960 1.149994 0.859933 0.100000 1.636589 0.566920 0.271345 0.845115 0.100000 0.100000 
1.019894 0.525213 0.609637 0.100000 0.965701 0.761907 0.100000 0.493986 0.349582 0.794938 0.532078 0.308228 0.441381 1.088483 0.845120 0.810540 0.770781 0.633469 0.303689 0.534150 0.670617 0.615908 0.597394 0.619617 0.749995 1.076757 0.197936 0.233087 0.100000 0.500400 0.506713 0.866395 0.112949 0.100000 0.422343 0.430323 0.557877 1.382094 0.100000 0.100000 0.607344 0.100000 0.987086 0.514160 0.385115 0.824468 
0.100000 0.139174 0.331397 0.100000 0.262041 0.100000 0.100000 0.451649 0.212040 0.264892 0.830765 0.448061 0.100000 1.010709 0.258970 0.503984 0.862030 0.100000 0.100000 0.116503 0.434017 0.184774 0.100000 0.100000 0.545402 0.449789 0.100000 0.100000 0.454756 0.100000 0.274718 0.413066 0.580978 0.441202 0.100000 0.647178 0.314343 1.227018 0.100000 0.165438 0.525285 0.100000 0.580089 0.144181 0.108791 0.637919 
0.586809 0.530986 0.100000 0.477557 0.100000 0.402186 0.203676 0.100000 0.100000 0.100000 0.100000 0.322340 0.221101 0.278333 0.100484 1.055331 0.225791 0.119880 0.449454 0.100000 0.651025 0.100000 1.059721 0.426407 0.594694 0.713807 0.439447 0.100000 0.267813 0.282299 0.441144 0.131036 0.100000 0.369839 0.538222 0.336861 0.473124 1.523113 0.533062 0.100000 0.897744 0.100000 0.100000 0.234876 0.442671 0.193953 
0.213673 0.100000 1.025603 0.282294 0.651791 0.100000 0.789831 0.758505 0.413492 0.693050 0.721812 0.396782 0.772059 1.145989 1.231524 0.920964 0.492970 0.858998 0.100000 0.630454 1.033259 0.100000 0.100000 0.980994 0.173807 0.468613 0.100000 0.139149 0.565071 0.299355 0.100000 0.682720 1.202979 0.541916 0.100000 0.676557 0.745726 0.664254 0.158991 0.100000 0.818890 0.494739 0.940335 0.729843 1.036982 0.100000 
0.647526 1.271289 0.221695 0.137904 0.153189 0.100000 0.100000 0.750047 0.359567 0.438788 0.223571 0.157976 0.100000 1.440907 0.410731 0.757121 0.100000 0.326706 0.100000 0.342115 0.626878 0.100000 0.100000 0.598970 0.550434 1.050605 0.100000 0.100000 0.100000 0.233760 0.597673 0.100000 0.701517 0.100000 0.290412 0.122370 0.476953 1.230716 0.216922 0.100000 0.100000 0.100000 0.862165 0.643124 0.100000 0.380136 
0.738174 0.174086 0.816549 0.180145 0.100000 0.440369 0.647692 0.121729 0.205978 0.796641 0.539766 0.134598 0.100000 0.680779 0.676674 0.625168 1.080333 0.821160 0.175972 0.100000 1.118811 1.214251 0.458388 0.687048 1.127146 0.100000 0.384522 0.306337 0.726256 0.957045 0.353699 0.349694 1.449124 0.995046 0.290180 0.327148 0.878280 1.516838 0.571784 0.389618 0.855974 0.201754 0.492340 0.800355 0.410194 0.516628 
