62 Number of operations
21 Number of workers
Standard production times
0.395487 0.532490 0.222502 0.307822 0.261232 0.472611 0.856732 0.348992 0.510849 0.592732 0.929213 0.391227 0.206876 0.575733 0.100000 0.623915 0.189126 0.198222 0.386496 0.383715 0.967043 0.350765 0.541102 0.253267 0.159032 0.456081 0.295062 0.100000 0.627160 0.519564 0.619080 0.716055 0.419631 0.380416 0.100000 0.410165 0.555420 0.278717 0.305743 0.100000 0.571778 0.269913 0.412373 0.663896 0.543813 0.237312 0.591981 0.366152 0.400966 0.541476 0.611755 0.607141 0.514341 0.395286 0.100000 0.249166 0.430479 0.769328 0.427803 0.599307 0.100000 0.665435 
Production times: workers row and ops columns
0.100000 0.325058 0.455793 0.422190 0.259936 0.362567 0.613130 0.638650 1.155858 0.377316 0.729547 0.638078 0.391413 0.791786 0.431378 0.916696 0.100000 0.367779 0.537162 0.713958 0.686330 0.202950 0.593940 0.596479 0.939765 0.808379 0.522556 0.536627 0.829956 0.255399 1.611025 0.616213 0.207803 0.725180 0.191850 0.503606 0.223587 0.651443 0.129228 0.100000 0.599178 0.100000 0.869002 0.815045 0.843588 0.100000 0.904181 0.218102 0.837964 0.814009 0.557383 0.783732 0.590364 0.416505 0.100000 0.384671 1.020197 0.564469 0.616240 0.628332 0.793642 0.429960 
0.743772 0.181021 0.301926 0.587382 0.256160 0.160181 1.077633 0.100000 0.434054 0.702675 0.974391 0.121598 0.597260 0.893291 0.204622 1.184826 0.255106 0.390646 0.985987 0.446427 0.989784 0.773963 0.585537 0.702809 0.347183 0.339544 0.127753 0.100000 0.934120 0.565302 0.961717 0.856973 0.523064 1.051199 0.100000 0.520015 0.962615 0.430418 0.677146 0.340790 0.593715 0.436839 0.169326 0.583404 0.737545 0.455108 0.954223 0.100000 0.641878 0.770532 0.911372 0.452553 0.567648 0.212746 0.316160 0.263983 0.823151 1.171179 0.313746 1.040604 0.381368 0.375853 
0.696348 0.593161 0.100000 0.880352 0.258627 0.878271 1.113086 0.270417 0.103283 0.634084 1.259545 0.289859 0.167538 0.771936 0.158367 1.092682 0.320093 0.100000 0.223882 0.318922 1.643326 0.164633 0.715308 0.211336 0.446072 0.659645 0.132803 0.185835 0.338886 0.691351 1.451278 0.912862 0.370528 0.762307 0.361114 0.780816 0.834147 0.490005 0.219239 0.261631 0.222143 0.747865 0.544441 1.155009 0.373350 0.100000 0.508217 0.100000 0.412481 0.629920 0.478760 0.633859 1.033934 0.259419 0.100000 0.185344 0.541681 1.495616 0.100000 0.357756 0.230673 0.837148 
0.117777 0.445765 0.100000 0.449550 0.100000 0.213646 0.420459 0.100000 0.178473 0.490965 0.110540 0.100000 0.100000 0.119655 0.100000 0.253351 0.194656 0.100000 0.100000 0.598730 0.784508 0.527010 0.590284 0.868543 0.210875 0.294274 0.262004 0.100000 0.745466 0.415636 0.402721 0.449244 0.928337 0.297685 0.100000 0.100000 0.349565 0.602079 0.637839 0.271259 0.340265 0.510057 0.645553 0.264787 0.275813 0.440720 0.287895 0.100000 0.450291 0.181773 0.384306 0.310411 0.227673 0.579121 0.428624 0.720273 0.100000 0.418689 0.529939 0.386219 0.100000 0.368673 
1.129845 1.702245 0.100000 0.285503 1.006972 0.502440 0.927962 1.026798 0.744565 0.266965 0.153658 0.100000 0.100000 1.120336 0.100000 1.012968 0.361214 0.766836 0.369515 0.822466 1.011569 0.616908 0.576107 0.509042 0.100000 0.822854 0.379669 0.360429 0.901590 0.545330 1.312606 1.963649 0.449812 0.100000 0.100000 1.085663 0.886152 1.203857 0.420442 0.100000 0.100000 0.115395 0.171275 0.753247 0.100000 0.100000 0.100000 0.557667 0.100000 0.100000 0.574666 0.953333 0.715397 0.860060 0.503980 0.100000 0.100000 1.259546 0.498291 1.014999 0.161353 1.015193 
0.696133 1.018066 0.418748 0.100000 0.675779 1.090172 1.648764 0.761394 0.903414 0.918373 1.581086 0.349836 0.145014 0.635222 0.100000 1.153812 0.100000 0.411819 0.291102 0.199798 1.049350 0.549606 0.461053 0.501445 0.113435 1.025288 0.278304 0.332601 0.651341 0.963261 0.590739 0.578487 0.383078 1.012651 0.100000 0.278494 0.964893 0.783279 0.284336 0.100000 0.673073 0.269309 0.228475 0.737675 0.100000 0.269501 0.370012 0.227403 0.465394 0.798788 0.711272 0.656491 0.887945 0.669025 0.446346 0.657932 0.362928 0.531862 0.193713 0.662010 0.100000 0.716078 
0.264145 0.100000 0.296826 0.257427 0.100000 0.204072 0.643548 0.465328 0.191619 0.353410 0.373680 0.197384 0.100000 0.122224 0.100000 1.151441 0.100000 0.414814 0.518820 0.100000 1.165770 0.654050 0.347575 0.208345 0.100000 1.042532 0.100000 0.100000 1.054848 0.650996 0.911837 0.100000 0.136817 0.100000 0.107821 0.100000 0.206510 0.100000 0.100000 0.100000 0.561905 0.326752 0.515853 0.474090 0.149325 0.109562 0.596478 0.105720 0.100000 0.558637 0.982611 1.259084 0.370725 0.100000 0.145348 0.100000 0.768486 0.581714 0.284193 0.388205 0.100000 0.541814 
0.657349 1.612991 0.111162 0.938282 0.100000 0.100000 0.565445 0.904824 0.100000 0.534461 1.714307 0.697778 0.100000 0.100000 0.100000 1.573903 0.100000 0.311470 0.269218 0.472337 0.100000 0.221778 0.468547 0.100000 0.100000 0.815232 1.639743 0.100000 0.100000 0.106394 0.817892 0.596634 1.371727 0.425245 0.100000 0.553772 1.212862 0.235279 0.100000 0.100000 1.287036 0.727299 0.100000 0.456536 0.100000 0.100000 1.261486 0.434758 0.137561 0.950277 0.892334 0.201704 0.100000 0.231791 0.100000 0.371130 0.378333 0.100000 0.891553 0.590693 0.229563 1.052776 
0.709504 0.381198 0.341729 0.397341 0.225513 1.319131 1.385549 0.613279 0.613537 1.021903 0.600883 0.794579 0.238525 0.753822 0.100000 0.398249 0.100000 0.170272 0.452230 0.725064 1.489059 0.406762 0.633272 0.429502 0.469829 0.541735 0.100000 0.100000 0.725867 0.807739 0.100000 0.823241 0.121220 0.453008 0.180955 0.717657 0.974092 0.100000 0.115445 0.631448 1.210697 0.479257 0.627727 0.996190 0.279092 0.797276 0.260895 0.634696 0.396902 0.477657 0.113839 0.500332 0.351232 0.947666 0.100000 0.362181 0.606284 0.725627 0.470676 0.243245 0.709244 1.042610 
0.100000 0.245710 0.209803 0.445493 0.403377 0.145027 0.100000 0.578474 0.360422 0.419660 0.924167 0.101263 0.100000 0.951144 0.100000 0.435143 0.100000 0.100000 0.579001 0.815582 1.016458 0.393718 0.704209 0.100000 0.100000 0.603989 0.335092 0.490377 0.814599 0.128401 0.239429 0.233985 0.400640 0.100000 0.627011 0.100000 0.449164 0.146229 0.233853 0.100000 0.100000 0.133638 0.100000 0.100000 0.100000 0.272734 0.100000 0.895404 0.624469 0.323238 0.293930 0.654390 0.246508 0.176523 0.100000 0.100000 0.117875 0.201972 0.100000 0.438857 0.100000 0.340530 
0.725782 0.800529 0.100000 0.297556 0.136651 0.152098 1.185493 0.100000 0.119803 0.134922 0.835590 0.229558 0.100000 1.112565 0.100000 0.756372 0.100000 0.216197 0.100000 0.367413 0.983648 0.287433 0.100000 0.466903 0.154578 0.536959 0.100000 0.100000 0.100000 0.269960 0.690635 0.246817 0.100000 0.341536 0.100000 0.728233 0.168126 0.100000 0.100000 0.100000 0.468626 0.427872 0.234740 0.741784 0.884404 0.100000 0.261809 0.210011 0.801355 0.146775 1.181084 0.764844 0.453138 0.100000 0.100000 0.397886 0.156659 0.553686 0.100000 0.661494 0.100000 0.100000 
0.627190 0.595826 0.674948 0.100000 0.100000 0.933255 0.848590 0.100000 0.538315 0.143909 0.290514 0.530349 0.100000 0.566292 0.100000 0.379856 0.805770 0.100000 1.100436 0.100000 0.120211 0.942039 0.969763 0.472199 0.418192 1.078960 0.100000 0.209262 1.188280 1.439923 0.389607 0.354975 0.100000 0.122847 0.100000 0.230120 0.100000 0.102432 0.100000 0.177746 0.637765 0.100000 1.175342 0.169065 1.688125 0.439071 0.987781 0.100000 1.689684 0.467323 0.581480 0.588197 1.033333 0.100000 0.576271 0.100000 0.701711 0.473697 0.100264 0.798429 0.596398 1.060100 
0.680538 0.100000 0.100000 0.228472 0.100000 2.136785 0.935681 0.849917 0.427439 1.199878 0.909492 0.197277 0.925718 0.395693 0.125460 0.470405 0.100000 0.100000 0.809890 1.091853 0.587162 0.100000 0.553895 0.848588 0.100000 0.207387 0.857030 0.100000 1.800820 0.100000 0.100000 0.891038 0.100000 0.100000 0.100000 0.566048 1.077178 0.100000 0.834584 0.480706 0.303771 0.100000 0.167745 0.830365 1.492000 0.261306 1.177649 0.100000 0.100000 0.100000 0.426540 0.295282 0.394894 0.100000 0.147549 0.555056 0.443329 0.482778 0.515386 0.738439 0.306454 0.537386 
0.702890 0.521091 0.283085 0.438205 0.100000 0.346288 0.701816 0.100000 0.987747 0.676670 1.263535 0.558632 0.240464 0.738924 0.514964 0.100000 0.418805 0.100000 0.674133 0.354108 0.741220 0.163402 0.557042 0.516182 0.100000 0.245346 0.199177 0.210183 0.708578 0.866237 0.345966 0.959672 0.504370 0.100000 0.100000 0.539997 0.194335 0.551579 0.100000 0.440298 0.681334 0.100000 0.481273 0.505999 0.769964 0.347240 0.377877 0.314497 0.512586 0.793970 0.680715 0.803984 0.588922 0.260093 0.557998 0.324350 0.719380 0.682462 0.472588 0.569570 0.100000 0.985612 
0.325883 0.670858 0.529549 0.100000 0.221548 0.395445 0.466459 0.376209 0.225597 0.454106 1.043172 0.100000 0.100000 0.683761 0.100000 0.160348 0.100000 0.404856 0.704802 0.560522 1.391452 0.100000 0.679455 0.203201 0.319801 0.646565 0.289795 0.100000 0.692921 0.212498 0.619881 0.527935 0.100000 0.707542 0.100000 0.363198 0.100000 0.100000 0.424301 0.100000 0.242010 0.739243 0.100000 1.029524 0.218184 0.148287 0.458688 0.323212 0.100000 0.872461 0.368621 0.578613 0.336859 0.100000 0.100000 0.485230 0.451799 0.531972 0.305607 0.275539 0.100000 0.100000 
1.420335 1.428320 0.100000 0.100000 0.660495 0.710371 0.437253 0.404496 0.100000 1.074770 0.359990 0.265538 0.100000 0.100000 0.231203 0.655069 0.100000 0.100000 0.405770 0.684963 0.610690 0.100000 1.308658 0.734610 0.100000 0.718707 1.085448 1.066129 0.513419 0.792491 0.468739 0.641096 0.770546 0.100000 1.114330 0.100000 1.365397 0.354616 1.061036 0.100000 1.452770 0.168145 0.672748 0.865967 0.795088 0.100000 0.583727 0.325820 0.176858 0.572727 1.291770 0.115690 0.306642 0.100000 0.100000 0.569581 0.664603 1.496064 0.271353 0.214070 0.172783 0.869189 
0.215564 0.378136 0.203776 0.482443 0.100000 0.673295 0.399099 0.356646 0.370102 0.591624 1.057797 0.575010 0.100000 0.631557 0.100000 0.971799 0.109160 0.100000 1.216305 1.251036 0.780672 0.922120 0.594354 0.100000 0.100000 0.322855 0.756386 0.945027 0.725114 0.260710 1.464370 0.988143 0.869214 0.468957 0.100000 0.143469 0.457176 0.198921 0.508265 0.728933 0.897321 0.105723 0.611594 1.182405 0.966543 0.364603 1.084203 0.100000 0.941488 0.290961 0.697204 0.100000 0.108983 0.252637 0.100000 1.169433 0.100000 0.100000 0.178209 1.317466 0.586324 0.516532 
1.170844 0.867565 0.267892 0.923764 0.100000 0.100000 0.505039 0.109250 0.100000 0.835611 0.859945 0.949134 0.424712 0.766005 0.618814 0.884543 0.377810 0.887244 0.100000 0.100000 0.888413 0.100000 0.100000 0.100000 0.100000 0.100000 0.114497 0.100000 0.499650 0.100000 0.223801 0.751072 0.181638 0.100000 0.331834 0.100000 0.835624 0.587337 0.100000 0.100000 0.100000 0.713993 0.219975 0.603760 0.222087 0.677164 0.900855 0.100000 1.078110 0.100000 1.223478 0.663313 1.527114 0.100000 0.569385 0.542919 0.384711 0.292824 0.578638 0.764473 0.100000 0.756430 
0.669380 0.693488 0.733019 0.300486 0.100000 0.100000 0.418089 1.031210 1.577771 0.747207 0.168139 1.337006 0.100000 0.100000 0.423899 0.340303 0.100000 0.523382 1.282891 0.849226 0.556618 0.279265 0.330867 0.367736 0.100000 0.574830 0.100000 0.423508 0.722840 0.500686 0.670014 1.011923 0.909834 0.683840 0.100000 0.608409 1.180335 0.199483 0.100000 0.492230 0.727269 0.770051 0.296358 0.607773 0.327396 1.039441 0.580856 0.347132 0.169289 0.493439 0.100000 0.302731 0.368412 0.546615 1.009710 0.703186 0.761458 0.795213 1.386905 0.167478 0.100000 0.912926 
0.596228 0.641221 0.559596 0.707902 0.679234 0.474439 0.891380 0.807463 1.156024 0.907579 0.948181 0.920983 0.100000 0.554042 0.485813 0.980301 0.399769 0.203028 0.591125 0.375859 1.169957 0.182164 0.307516 0.371245 0.545696 0.787050 0.389205 0.497688 1.371121 0.694431 0.650867 1.050479 0.783031 0.988228 0.366080 0.225225 0.626277 0.730399 0.426598 0.386330 0.765897 0.509145 0.100000 0.534035 0.148928 0.100000 0.320374 0.347440 0.803313 0.343521 0.996778 0.602382 0.820690 0.468560 0.100000 0.440479 0.458185 0.568926 0.754260 1.485700 0.100000 0.538217 
0.100000 1.911532 0.340534 0.100000 0.100000 1.555391 0.740388 0.100000 0.119006 0.416324 1.066315 0.198302 0.638145 0.100000 0.100000 1.018907 0.340436 0.100000 0.107458 0.950760 1.347916 0.499554 0.427183 0.100000 0.362368 0.779810 0.192604 0.100000 1.186001 0.100000 0.560286 1.551112 0.323439 0.678958 0.148910 1.098237 0.928572 0.258552 0.297375 0.100000 0.477022 0.100000 0.100000 0.592769 0.100000 0.896128 1.280897 0.100000 0.100000 1.245172 0.765296 0.520907 0.789428 0.100224 0.100000 0.581682 0.100000 0.100000 1.695401 0.599952 0.654964 0.100000 
