56 Number of operations
20 Number of workers
Standard production times
0.436826 0.198809 0.331604 0.391055 0.455688 0.283821 0.369697 0.170513 0.277800 0.162097 0.574453 0.396892 0.633336 0.100000 0.551241 0.100000 0.330241 0.100000 0.539262 0.512992 0.495972 0.340811 0.315938 0.228077 0.318417 0.649516 0.100000 0.100000 0.538062 0.585624 0.717307 0.480261 0.146062 0.493841 0.660772 0.646257 0.445896 0.454722 0.266643 0.360484 0.497204 0.572092 0.100000 0.238532 0.100000 0.618461 0.282133 0.597837 0.392383 0.644536 0.657231 0.431644 0.169275 0.413947 0.588501 0.278597 
Production times: workers row and ops columns
0.390521 0.394929 0.507020 0.302542 0.212592 0.100000 0.100000 0.537014 0.462678 0.642854 0.738432 0.578005 1.095191 0.100000 0.704220 0.273517 0.618412 0.100000 1.020774 0.665775 0.383733 0.250583 0.375834 0.100000 0.100000 0.752528 0.100000 0.100000 0.640619 0.989436 0.255947 0.837599 0.100000 0.674762 0.487153 0.484743 0.262520 0.299767 0.570083 0.100000 0.268685 0.664831 0.100000 0.480089 0.754100 0.640103 0.765689 0.385935 0.712016 0.916626 0.930013 0.100000 0.555802 0.100000 0.286681 0.694857 
0.333204 0.469454 0.541300 0.643785 0.463255 0.100000 0.100000 0.100000 0.478842 0.100000 0.709461 0.100000 0.885425 0.100000 0.667255 0.462746 0.134693 0.100000 0.801117 0.596333 0.243810 0.616214 0.100000 0.100000 0.558117 0.491020 0.100000 0.100000 0.799404 0.302557 0.248448 0.100000 0.100000 0.478806 0.802234 0.356826 0.266200 0.584644 0.100000 0.468141 0.121929 0.264694 0.100000 0.100000 0.100000 0.561524 0.250916 0.514593 0.172281 0.100000 0.953646 0.191722 0.475172 0.834829 0.536036 0.154356 
0.227813 0.100000 0.714950 0.128563 0.100000 0.310567 0.100000 0.472429 0.380141 0.253013 0.864104 0.497672 0.953489 0.373892 0.612892 0.100000 0.484921 0.100000 0.440631 0.128658 0.543395 0.503388 0.244278 0.100000 0.327486 0.869671 0.100000 0.336288 0.543387 0.612379 0.711410 0.208003 0.178135 0.717102 0.239385 0.380036 0.218700 0.372574 0.335145 0.100000 0.476133 0.621368 0.247179 0.100000 0.100000 0.712492 0.286009 0.427553 0.136087 1.009164 0.575564 0.127821 0.148729 0.626051 0.522746 0.459959 
0.457568 0.409601 0.469734 0.100000 0.428330 0.198401 0.624693 0.653970 0.100000 0.414868 0.949605 0.100000 0.700839 0.100000 0.100000 0.100000 0.474654 0.424664 0.100000 0.317877 0.100000 0.100000 0.364954 0.163154 0.305552 0.815023 0.210474 0.100000 0.408435 1.088091 0.369983 0.617741 0.100000 1.101547 0.867273 1.113490 0.294046 0.142162 0.100000 0.100000 1.126327 1.068714 0.533221 0.232947 0.510449 0.100000 0.155940 0.357034 0.165573 0.807031 0.482806 0.135903 0.100000 0.315706 0.643038 0.100000 
0.521766 0.605880 0.649407 0.269147 0.100000 0.100000 0.979632 0.320413 0.312424 0.640769 0.119840 0.468809 0.100000 0.100000 0.912687 0.279408 0.406946 0.210364 0.382845 1.048204 0.816865 0.473549 0.363744 0.803289 0.423375 0.567597 0.100000 0.277826 0.438085 0.544294 0.990347 0.597435 0.775723 0.720850 0.528967 1.075713 0.562002 0.317431 0.474317 0.100098 1.170282 0.848583 0.509297 0.573564 0.100000 0.239532 0.100000 0.337147 0.560944 0.718096 0.148710 0.775762 0.370157 0.207779 0.715966 1.305257 
0.681599 0.100000 0.100000 0.693725 0.365995 0.882544 0.343797 0.727519 0.100000 0.100000 0.100000 0.700494 0.455294 0.239017 1.276619 0.625147 0.100000 0.233982 0.345778 0.430056 0.698418 0.782051 0.385341 0.100000 1.094816 0.507557 0.100000 0.452637 0.706709 0.481882 2.032574 1.574567 0.426613 0.666092 0.276747 0.786156 0.265353 1.340776 0.100000 0.100000 1.049906 0.534377 0.100000 0.348700 0.100000 1.227716 0.100000 0.167635 0.100000 1.507007 0.539207 1.041647 0.245806 1.031162 0.713807 0.455877 
0.100000 0.100000 0.580689 0.743778 0.371742 0.100000 0.100000 1.105905 0.685517 0.100000 0.220555 0.631320 0.920884 0.100000 0.206037 1.047183 0.689460 0.100000 1.303494 0.199482 1.322941 0.306203 0.100000 0.100000 0.100000 0.970181 0.385552 0.100000 0.437088 1.018297 0.493205 0.100000 0.100000 0.190491 0.619686 1.716148 0.112013 0.609528 0.178442 0.740346 0.841220 0.563346 0.100000 0.188916 0.100000 0.413694 0.724569 0.811194 0.100000 0.326787 0.855388 0.215096 0.100000 0.195097 0.482656 0.492667 
0.492072 0.277382 0.100000 0.951441 0.487736 0.155484 0.480908 0.141490 0.100000 0.417377 0.408797 0.100000 0.543566 0.202525 0.938152 0.298247 0.430646 0.200898 0.769221 0.100000 0.766880 0.185809 0.246734 0.337358 0.334805 0.833448 0.457798 0.233364 0.418303 0.100000 0.590040 0.647082 0.100000 0.361074 0.713378 0.805664 0.699388 0.711616 0.201742 0.196659 0.402506 0.226255 0.100000 0.100000 0.100000 0.250947 0.894178 0.511064 0.334124 0.698500 0.232101 0.430933 0.100000 0.100000 0.643507 0.100000 
0.960717 0.100000 0.237991 0.696623 0.565082 0.245335 0.100000 0.395120 0.747943 0.768006 0.628282 0.528972 0.100000 0.431599 0.816572 0.165837 0.525302 0.100000 0.349869 0.827575 0.865774 0.296244 0.269602 0.646416 0.463016 1.459924 0.447306 0.100000 0.646709 0.575619 0.846809 0.725806 0.100000 0.406835 0.783559 0.893556 0.278646 0.100000 0.561394 0.396111 0.879580 0.505744 0.140033 0.630369 0.783338 0.936733 0.273713 0.982982 0.817775 0.314027 0.519427 0.579143 0.100000 0.451931 1.596775 0.146914 
0.356240 0.100000 0.100000 0.615757 0.315665 0.100000 1.017218 0.573551 0.120561 0.100000 0.287656 0.214557 0.858059 0.671555 0.988761 0.100000 0.186013 0.340118 0.769843 0.534510 0.540231 0.691530 0.100000 0.252274 0.311925 0.437259 0.100000 0.100000 1.780771 0.694145 0.513989 0.100000 0.106059 0.371977 0.668540 0.711296 0.871948 0.532680 0.467773 1.205716 0.412392 1.383509 0.100000 0.100000 0.337737 1.000239 1.104853 0.377614 0.157795 0.490129 0.916817 0.746099 0.385133 0.100000 0.861635 1.050222 
0.568385 0.100000 0.100000 0.890402 1.436946 0.882022 0.108798 0.100000 0.574373 0.520216 0.704790 0.100000 0.100000 0.100000 0.818057 0.263482 0.100000 0.100000 0.716651 0.373033 0.100000 0.100000 0.542866 0.100000 0.100000 1.958680 0.580582 0.104319 0.761036 0.534175 0.157499 0.786890 0.100000 1.273867 0.109441 0.100000 0.818463 0.421123 0.100000 0.223130 0.617859 0.735548 0.100000 1.407289 0.408391 0.769236 0.607880 0.252744 0.921421 1.701266 0.507634 0.466356 0.786378 1.211542 0.778761 0.100000 
0.374192 0.258981 0.225701 0.314118 0.654878 0.721849 0.100000 0.100000 0.175811 0.180111 0.500968 0.956185 0.631361 0.100000 0.912020 0.100000 1.098948 0.192022 0.667385 0.873641 0.796544 0.154765 0.871434 0.100000 0.363203 0.354453 0.269925 0.100000 0.303015 0.428869 1.267902 0.100000 0.729921 0.867798 1.120733 0.330673 0.417528 0.537144 0.697666 0.786806 0.887320 0.501437 0.340803 0.100000 0.683638 0.199176 0.111632 0.782421 0.399079 0.852990 0.666963 0.645199 0.428578 0.734913 0.774388 0.564636 
0.309485 0.117924 0.100000 0.595369 0.538216 0.764725 0.876075 0.100000 0.472871 0.302371 0.731541 0.100000 1.451724 0.100000 1.060688 0.100000 0.517844 0.100000 0.904189 0.100000 0.100000 0.100000 0.356024 0.100000 0.633446 0.606610 0.100000 0.272242 0.815501 0.942758 1.519211 0.880224 0.299678 1.008498 0.401686 0.631236 0.341177 0.704126 0.502921 0.303756 0.167786 0.361677 0.100000 0.278338 0.100000 0.872266 0.100000 1.864207 1.202872 1.677532 0.129105 1.127778 0.100000 0.100000 0.384615 0.100000 
0.100000 0.141981 0.100000 0.141963 0.679785 0.100000 0.500315 0.100000 0.348584 0.100000 0.498226 0.152311 0.468465 0.100000 0.279652 0.100000 0.420269 0.100000 0.500424 0.873676 0.408881 0.100000 0.100000 0.100000 0.100000 0.637814 0.100000 0.100000 0.837616 0.499671 0.392144 0.793716 0.495478 0.621379 0.314067 0.446431 1.021482 0.100000 0.281789 0.217318 0.528954 0.589714 0.100000 0.769633 0.100000 0.288072 0.120474 0.480639 0.380225 0.497646 0.355797 0.345605 0.100000 0.358831 0.546476 0.259458 
0.140776 0.100000 0.100000 0.141184 0.674934 0.348849 0.100000 0.194509 0.167201 0.100000 0.506869 0.100000 0.570050 0.100000 0.100000 0.217189 0.100000 0.100000 0.242954 0.313627 0.909503 0.368825 0.722084 0.223110 0.400092 0.914348 0.375543 0.151341 0.271963 0.822450 0.620795 0.247589 0.100000 0.690276 1.019850 0.241364 0.760197 0.574862 0.476389 0.100000 0.187859 0.759029 0.100000 0.121090 0.185656 0.311446 0.792806 0.619775 0.376734 0.189517 0.264937 0.652384 0.137710 0.100000 0.506692 0.195755 
1.031442 0.660185 0.287578 0.395213 0.772489 0.100000 0.234958 0.139790 0.432862 0.141025 0.220671 0.100000 0.427078 0.164693 0.621735 0.100000 0.604447 0.419303 0.881054 0.496057 0.965963 0.571368 1.188314 0.174708 0.543708 0.548955 0.833324 0.100000 0.702877 1.179102 1.167822 0.359052 0.100000 0.879210 0.790039 0.489911 0.100000 0.278255 0.286982 0.739324 0.552685 1.649271 0.298123 0.100000 0.240387 0.997086 0.139024 0.797080 0.534268 0.845973 0.930652 0.288961 0.568545 0.571858 0.887521 0.579869 
0.746012 0.339803 0.142860 0.135642 0.381578 0.145686 0.459980 0.100000 0.146569 0.100000 0.660447 0.100000 0.100000 0.313621 0.630446 0.100000 0.496997 0.100000 0.443845 0.332687 0.101906 0.100000 0.573293 0.100000 0.491305 0.690259 0.100000 0.148915 0.100000 0.100000 0.865842 0.100000 0.138541 0.455757 1.007097 0.514549 0.235751 0.237867 0.100000 0.455835 0.292835 0.618472 0.100000 0.100000 0.132906 0.809618 0.100000 0.679086 0.311199 0.404033 0.696470 0.188998 0.100000 0.248233 0.530174 0.606954 
0.240484 0.100000 0.123370 0.100000 0.100000 0.872580 0.129893 0.354121 0.179900 0.100000 0.931696 0.407828 0.641972 0.106528 0.324918 0.100000 0.100000 0.171821 0.431072 0.280763 0.343378 0.100000 0.413215 0.146141 0.318633 0.748155 0.100000 0.100000 0.306134 0.686400 0.441573 0.443567 0.655358 0.132870 0.356746 0.271229 0.100000 0.802937 0.277377 0.141431 0.100000 0.326197 0.100000 0.366872 0.100000 0.704275 0.100000 0.306296 0.198384 1.018537 0.199025 0.750028 0.300340 0.626135 0.241026 0.213567 
0.543034 0.340826 0.439933 0.593159 0.961596 0.124822 0.231963 0.100000 0.100000 0.222184 0.693481 0.220867 0.999289 0.100000 0.231452 0.100000 0.100000 0.100000 0.364532 0.312338 0.750003 0.487176 0.624037 0.368162 0.327726 0.944728 0.100000 0.100000 0.762118 0.770492 1.267523 0.100000 0.483375 0.632511 0.612270 0.235023 0.100000 0.464539 0.945278 0.664857 0.739255 0.564106 0.100000 0.426987 0.345856 0.252384 0.258669 0.790484 0.993475 0.591913 0.238003 0.100000 0.100000 0.769889 0.419175 0.766617 
0.185810 0.450795 0.100000 0.509345 0.637204 0.100000 0.100000 0.161339 0.409272 0.100000 0.305488 0.656159 0.193118 0.202362 0.348641 0.100000 0.339246 0.100000 0.100000 0.218903 0.170403 0.404502 0.203416 0.100000 0.100000 0.950145 0.100000 0.100000 0.311111 0.223589 0.635676 0.986523 0.399276 0.507506 0.166420 0.262502 0.501736 0.276592 0.278272 0.100000 0.100000 0.293254 0.100000 0.100000 0.100000 0.100000 0.669416 0.100000 0.146546 0.942264 0.455529 0.844704 0.177530 0.517287 0.627038 0.100000 
