48 Number of operations
22 Number of workers
Standard production times
0.352919 0.100000 0.440695 0.743707 0.236001 0.616375 0.625557 0.100000 0.525875 0.231306 0.100000 0.239247 0.189919 0.266814 0.425413 0.351257 0.382853 0.307809 0.100000 0.284018 0.510640 0.614862 0.363873 0.277781 0.291859 0.317475 0.332162 0.571162 0.885753 0.441180 0.368650 0.244192 0.434699 0.877469 0.658305 0.424782 0.737083 0.367937 0.719964 0.267341 0.316602 0.640132 0.170528 0.524690 0.344180 0.392081 0.619008 0.522646 
Production times: workers row and ops columns
0.950545 0.518125 0.567706 0.754602 0.100000 0.100000 0.256816 0.146718 0.513891 0.602387 0.100000 0.836602 0.201258 0.467594 0.664026 0.100000 0.886516 0.753592 0.616806 0.809135 1.424717 1.191216 0.100000 0.429966 0.100000 0.675830 0.239264 0.410970 1.424461 0.750827 0.264483 0.735121 1.197400 0.363867 0.100000 0.313128 0.403720 0.331431 0.258039 0.411388 0.100000 0.477448 0.100000 0.292112 0.650121 0.100000 0.646816 0.100000 
0.100000 0.100000 0.186318 0.903724 0.100000 0.515302 0.100000 0.409652 0.942754 0.858702 0.423425 0.100000 0.426130 0.100000 0.100000 0.100000 1.198362 0.100000 0.100000 1.040327 0.100000 0.100000 0.131887 0.390156 0.100000 1.023255 1.314684 1.360113 0.761492 0.618096 0.100000 0.419831 0.650437 1.311949 0.809562 0.100000 0.243503 0.240135 0.393205 0.100000 1.657393 0.100000 0.210437 1.325466 0.232974 0.100000 1.819851 0.306847 
0.831113 0.118095 0.227442 0.842941 0.641389 1.299977 0.798821 0.167405 0.675958 0.100000 0.328957 0.100000 0.430175 0.141595 0.991561 0.100000 0.636177 0.491297 0.100000 0.493962 1.031828 0.699894 0.100000 0.298890 0.355394 0.100000 0.300563 0.795320 0.477500 0.546688 0.370186 0.463219 0.213131 1.418588 0.601383 0.288660 0.873949 0.142746 0.941222 0.152642 0.100000 0.479046 0.100000 0.870552 0.296751 0.100000 0.496828 0.691403 
0.239161 0.510212 0.694856 0.464836 0.430274 0.750737 0.711726 0.100000 0.654601 0.314255 0.100000 0.259945 0.100000 0.515952 0.623832 0.100000 0.848721 0.508571 0.650323 0.100000 1.138420 0.644843 0.788328 0.100000 0.436907 0.417662 0.141348 0.737806 0.986368 0.349858 0.519113 0.290228 0.778502 1.310766 0.100000 0.333771 1.274532 0.671519 0.657717 0.137192 0.100000 1.123482 0.100000 0.597734 1.113156 0.356125 0.719393 0.750636 
0.322848 0.100000 0.413820 1.025376 0.610642 0.638566 1.114574 0.100000 1.130985 0.495515 0.100000 0.435727 0.226587 0.318229 0.526296 0.268255 0.668769 0.119878 0.405770 0.264183 0.479658 0.792454 0.828916 0.452910 0.750741 0.343972 0.525045 0.776884 1.325309 0.100000 0.367084 0.100000 0.787253 1.157679 0.100000 0.773947 1.423131 0.874114 0.100536 0.100000 0.555002 0.359034 1.068694 0.832485 0.277505 0.599495 1.201439 0.560349 
0.144840 0.100000 0.570362 0.100000 0.100000 0.100000 0.291476 0.531124 0.447344 0.766462 0.292483 1.442251 0.300567 0.100000 0.100000 0.777913 0.854424 0.100000 0.100000 0.914138 0.455176 1.073455 0.438709 0.306582 0.723980 0.100000 0.627485 0.135371 1.108398 1.002765 0.563926 0.100000 0.853356 0.100000 0.375455 0.714171 0.625956 0.462439 0.784988 0.884418 0.632295 0.923759 0.389228 0.754301 1.122497 0.587294 0.611277 0.141212 
0.681442 0.544432 0.679841 0.842937 0.100000 0.719250 0.100000 0.699202 0.866756 0.100000 0.326336 0.803736 0.100000 0.411391 0.916000 0.797096 0.816466 0.103732 0.100000 0.533742 1.086790 0.957254 0.875643 0.285632 0.246250 0.143826 0.100000 0.614705 1.088969 0.604439 0.100000 0.216674 0.100000 0.997253 0.440999 0.513401 0.898920 0.147052 1.174344 0.442786 0.345231 0.596825 0.103049 0.933166 0.343004 1.047213 0.562762 0.977448 
0.100000 0.100000 0.410062 0.454537 0.100000 0.546597 1.380030 0.100000 0.554579 0.100000 0.100000 0.608166 0.100000 0.742988 0.100000 0.100000 0.100000 0.649053 0.590486 0.140786 0.745999 0.100000 0.691017 0.100000 0.100000 0.274013 0.613964 1.672305 0.123774 0.100000 0.389283 0.280105 0.372537 0.421705 1.026823 0.224067 0.313448 0.375235 0.654768 1.028012 0.100000 1.187652 0.653193 0.833987 0.336153 0.905147 0.499285 0.553353 
0.227481 0.268879 0.569953 0.757088 0.286823 1.433777 0.587522 0.100000 0.673833 0.206587 0.100000 0.549339 0.260422 1.188464 0.557915 0.333126 1.499695 0.100000 0.100000 0.475101 0.384918 0.641753 0.586463 0.640200 0.759967 0.303929 0.553109 0.441320 1.094281 0.873612 0.808668 0.678629 0.549223 1.006504 0.319846 0.298446 0.800400 0.669473 0.692614 0.100000 0.610576 1.040197 0.100000 0.942096 0.537738 0.687503 1.074103 0.434387 
0.100000 0.174555 0.768302 0.211562 0.170735 0.490497 0.286268 0.433580 1.006558 0.603219 0.517433 0.100000 0.256912 0.857763 0.489124 0.297159 0.474135 0.455848 0.100000 0.347738 0.457716 0.278072 0.260935 0.168979 0.100000 0.476158 0.224683 0.422329 0.413367 0.650578 0.988027 0.247236 0.293286 1.011928 0.514058 0.542769 0.980556 0.545873 1.175244 0.309791 0.558878 1.086556 0.253750 0.498062 0.707971 0.495584 0.728638 1.023420 
0.100000 0.236021 0.315767 0.537397 0.250105 0.100000 0.302065 0.100000 0.280417 0.497518 0.100000 0.589486 0.159072 0.574163 0.339374 0.100000 0.100000 0.433548 0.100000 0.100000 0.515716 0.676859 0.100000 0.635825 0.600136 0.100000 0.545972 0.560639 1.403257 0.441805 0.518699 0.100000 0.100000 1.228777 0.977281 0.196844 0.362926 0.711286 0.468790 0.133602 0.100000 0.678746 0.239229 0.536826 0.234673 0.452130 0.632386 0.514335 
0.100000 0.125820 0.100000 1.082150 0.100000 0.613185 0.501986 0.448598 0.100000 0.100000 0.242955 0.108646 0.100000 0.100000 0.511682 1.044795 0.976838 0.562985 0.360078 0.342108 1.116353 0.570246 1.197851 0.999319 0.100000 0.100000 0.314574 0.760809 1.005513 0.253131 0.481773 0.413373 0.100000 1.591360 1.130119 0.100000 0.880375 0.684347 0.566221 0.539328 0.389106 0.570293 0.444300 0.100000 0.341301 0.100000 0.936409 0.394599 
0.357194 0.183347 0.350277 0.371610 0.141874 0.868344 0.836796 0.100000 0.904970 0.692872 0.536420 0.240471 0.370522 0.139971 0.734248 0.429656 0.855666 0.100000 0.100000 0.203305 0.782340 1.156652 0.344310 0.802782 0.281247 0.476428 0.104626 0.515968 0.950876 0.392073 0.307268 0.508010 0.820708 0.830402 0.598092 1.238181 1.331978 0.615733 1.123146 0.100000 0.961189 0.873599 0.169081 0.523447 0.100000 0.100000 0.804306 0.307203 
1.004949 0.100000 0.362099 0.190664 0.485285 1.023419 1.043060 0.279469 1.027851 0.100000 0.100000 0.100000 0.100000 0.259628 0.745184 0.222156 0.875507 0.100000 0.100000 0.640812 1.269642 0.730799 1.520814 0.650981 0.200669 1.037311 0.100000 0.100000 0.957796 1.472579 0.257249 0.100000 0.318928 0.753551 0.450340 0.601087 0.143840 1.168974 1.383773 0.198934 1.009988 0.589211 1.086409 0.304467 0.100000 0.908749 0.344817 1.156366 
0.100000 0.100000 0.663034 0.404192 0.100000 0.133873 0.457067 0.100000 0.690810 0.100000 0.100000 0.177771 0.453361 0.123486 0.556154 0.100000 0.916104 0.100000 0.100000 0.631095 0.277463 0.405249 0.319896 0.285390 0.652873 0.554595 0.324195 0.640006 0.543135 0.163305 0.100000 0.100000 0.100000 0.371075 0.839027 0.934255 0.756578 0.550979 0.252476 0.771397 0.100000 0.270596 0.100000 0.100000 0.100000 0.681285 0.445953 0.404486 
0.322407 0.256790 1.003337 0.777777 0.100000 0.838775 0.186832 0.135417 0.811200 0.208926 0.100000 0.754618 0.363519 0.312722 0.351406 0.369547 0.166690 0.105539 0.100000 0.254092 0.831867 0.503412 0.552233 0.687392 0.623830 0.589907 0.801454 0.667313 0.755673 0.365639 0.963974 0.433143 0.958727 1.160402 0.808915 0.511531 0.871067 0.466939 0.794979 0.100000 0.484313 1.050816 0.393840 0.706276 0.100000 0.494451 0.793688 0.275367 
0.100000 0.100000 0.926319 1.080001 0.105580 0.689795 1.260684 0.100000 0.901997 0.100000 0.100000 0.210348 0.100000 0.648649 0.619869 0.100000 0.874570 0.797737 0.100000 0.100000 0.374109 1.034695 0.575824 0.100000 1.677764 0.353541 0.517125 0.100000 1.064043 0.605303 0.671310 0.714498 0.100000 0.676682 1.028066 0.545099 0.364536 0.589803 0.143941 0.100000 0.100000 1.050972 0.100000 0.624332 0.874007 0.621866 0.124438 0.637427 
0.108079 0.100000 0.452888 0.660313 0.100000 1.105607 0.168535 0.100000 0.892115 0.148571 0.435075 0.395805 0.100000 0.294223 0.100000 0.580504 0.409187 0.476777 0.100000 0.100000 0.341964 0.203172 0.100000 0.110033 0.100000 0.133765 0.278088 0.715306 0.976124 0.155234 0.369123 0.206427 0.260179 0.831243 1.135756 0.764234 0.310562 0.100000 0.302750 0.100000 0.100000 0.559435 0.100000 0.795742 0.369319 0.339520 0.848555 0.163420 
0.797276 0.194401 0.926729 0.542681 0.100000 0.973455 0.832658 0.321903 0.408925 0.530523 0.327326 0.366260 0.842991 0.100000 1.059138 0.189615 1.104305 0.109578 0.301502 0.458315 0.622729 0.110055 0.823352 0.179791 0.257910 0.214794 0.100000 0.958045 1.340012 0.100000 0.483274 0.100000 0.100000 0.615203 0.100000 1.136216 0.719552 0.928484 0.100000 0.480139 0.581883 0.100000 0.243775 0.696297 0.100000 1.133951 1.657542 0.100000 
0.202542 0.232927 0.775508 0.896851 0.100000 0.942701 1.112231 0.600075 0.190529 0.100000 0.327909 0.506006 0.100000 0.308598 0.329306 0.690636 0.474163 0.337610 0.574993 0.482549 0.965729 1.018695 0.623095 0.289293 0.158839 0.536212 0.518015 0.445159 0.491167 0.742149 0.431158 1.044108 0.403269 0.650734 1.104682 0.354368 0.752178 0.482254 0.809434 0.100000 0.102445 0.732848 0.397397 0.967326 0.445216 0.412753 0.378353 0.479442 
0.589906 0.379059 0.100000 0.756544 0.307757 0.297595 0.996590 0.263445 0.302013 0.100000 0.262659 0.722382 0.100000 0.100000 0.492776 0.313103 0.186361 0.727392 0.214848 0.460881 0.478439 0.580463 1.169530 1.404297 0.208976 0.759631 0.253372 0.934200 1.006780 0.499492 0.478189 0.311359 0.711834 1.640037 0.478049 0.100000 0.762857 0.784161 0.711104 0.218241 0.248926 0.983691 0.544516 0.442356 0.157733 0.801555 0.538560 1.079688 
0.100000 0.100000 0.477277 0.808482 0.327593 0.876363 0.460476 0.796853 0.526237 0.342208 0.100000 0.270181 0.100000 0.636381 1.345535 0.522928 0.602613 0.275163 0.180584 0.892110 0.691941 0.619493 0.566117 0.100000 0.603451 0.338379 0.671597 0.584889 1.014099 0.840435 0.100000 0.191908 0.290394 1.234674 0.533582 0.100000 1.231045 0.607801 1.149332 0.716185 0.105308 0.519869 0.100000 0.769931 0.100000 0.982555 0.139106 0.964689 
