53 Number of operations
21 Number of workers
Standard production times
0.411396 0.362979 0.484531 0.261153 0.393527 0.488450 0.635930 0.100000 0.335394 0.615675 0.169378 0.384249 0.193571 0.428027 0.100000 0.601641 0.252826 0.100000 0.523371 0.329594 0.493825 0.562394 0.582537 0.312135 0.573387 0.100000 0.560769 0.136521 0.397267 0.590543 0.254280 0.100000 0.619589 0.173542 0.542499 0.134717 0.477396 0.313688 0.653078 0.288867 0.479739 0.304036 0.100000 0.144039 0.600124 0.585192 0.111517 0.333054 0.321852 0.435012 0.505954 0.720822 0.309525 
Production times: workers row and ops columns
0.286337 0.100000 0.648028 0.100000 0.195202 0.100000 0.100000 0.100000 0.153629 0.392902 0.100000 0.974522 0.100000 0.589573 0.730810 0.528871 0.119873 0.100000 0.241673 0.289410 0.100000 0.998583 0.294456 0.558587 1.674317 0.100000 0.800211 0.100000 1.089526 0.100000 0.100000 0.100000 0.746751 0.100000 0.100000 0.100000 1.580598 0.100000 0.508762 0.100000 0.783988 0.649740 0.100000 0.346853 0.100000 0.529770 0.100000 0.100000 0.459964 0.100000 0.395371 1.080713 0.104842 
0.361510 0.547671 0.166314 0.411217 0.445967 0.541038 0.522569 0.272027 0.418134 0.722236 0.353189 0.591014 0.100000 0.618336 0.100000 0.488187 0.100000 0.281987 0.616404 0.162097 0.100000 0.182085 0.531840 0.240433 0.342876 0.100000 0.452382 0.100000 0.216986 0.508253 0.236683 0.581021 0.423399 0.566458 0.382371 0.100000 0.414165 0.727749 0.100000 0.255008 0.755679 0.100000 0.100000 0.100000 0.930758 0.616614 0.209784 0.689054 0.152582 0.767056 0.376070 0.428683 0.693131 
0.100000 0.555624 0.958499 1.082020 0.702875 0.915685 0.558164 0.386810 0.100000 0.100000 0.100000 0.379291 0.639636 1.220488 0.334880 0.375696 0.100000 0.533111 0.661137 0.100000 0.100000 1.216766 1.026528 0.653462 0.859277 0.502524 0.100000 0.255178 1.470334 0.668555 0.248040 0.100000 0.122498 0.100000 0.100000 0.288376 0.100000 0.100000 0.100000 0.100000 0.414142 0.100000 0.104020 0.208451 0.100000 0.100000 0.553578 0.100000 0.161506 0.563653 0.274159 0.193080 1.538414 
0.340853 0.100000 0.109495 0.100000 0.221225 0.929067 0.342422 0.100000 0.439755 0.237613 0.100000 0.100000 0.100000 0.359910 0.100000 0.455836 0.154591 0.100000 0.404354 0.296247 0.499077 0.444002 0.100000 0.293237 0.599472 0.100000 0.264465 0.100000 0.624092 0.234957 0.199265 0.100000 0.403943 0.100000 0.141379 0.452519 0.655956 0.652779 0.520551 0.279634 0.445503 0.101978 0.100000 0.100000 0.530040 0.569281 0.100000 0.100000 0.100000 0.100000 0.789037 0.664190 0.100000 
0.100000 0.100000 0.178081 0.366899 0.640931 0.475167 0.314436 0.384885 0.100000 0.210479 0.416671 0.115663 0.100000 0.293900 0.413041 0.744361 0.572041 0.100000 0.832997 0.100000 0.100000 1.323234 0.955184 0.399492 0.797637 0.100000 0.235358 0.657041 0.161810 0.622034 0.445721 0.234665 0.685278 0.100000 0.230172 0.180147 0.100000 0.100000 0.754584 0.100000 0.669147 0.487614 0.433735 0.346292 0.537086 0.700091 0.100000 0.275585 0.527570 0.100000 0.405528 1.095339 0.100000 
0.681928 0.722702 0.163618 0.100000 0.212990 0.198357 0.719193 0.344802 0.480606 0.619137 0.100000 0.100000 0.625310 0.100000 0.165141 1.031296 0.100000 0.100000 1.059186 0.346622 0.238617 0.493233 0.679070 0.100000 0.504096 0.100000 0.207976 0.104988 0.630187 0.435509 0.689941 0.188390 0.743167 0.100000 0.559604 0.100000 0.139011 0.569505 0.565507 0.100000 0.691682 0.100000 0.100000 0.100000 0.537019 0.762378 0.100000 0.669764 0.100000 0.529359 0.100000 0.527315 0.100000 
0.991739 0.277197 0.296208 0.100000 0.236094 0.605923 0.514800 0.100000 0.679908 0.282694 0.100000 0.405616 0.100000 0.171915 0.317319 0.685969 0.566647 0.100000 1.931562 0.100000 0.589443 0.100000 1.496003 0.587143 0.629255 0.100000 0.639995 0.100000 0.778137 0.599683 0.408545 0.647797 0.100000 0.522668 0.709819 0.152512 0.734354 0.200924 1.085582 0.100000 0.100000 0.100000 0.383424 1.039286 0.948682 0.677738 1.886759 0.591762 0.208613 0.194327 0.382243 1.374688 0.100000 
0.150059 0.100000 0.687466 0.667238 0.101541 0.100000 0.643074 0.100000 0.100000 1.049416 0.710719 0.100000 0.439017 0.521678 0.100000 0.100000 0.100000 0.100000 0.358164 0.381773 0.595034 1.266002 0.728641 0.100000 0.238010 0.100000 0.126475 0.225219 0.829155 0.121410 0.100000 0.100000 1.094835 0.100000 0.697303 0.100000 1.006896 0.100000 1.314413 0.628940 0.228391 1.185565 0.100000 0.709212 0.356123 0.668904 0.419378 0.424887 0.208419 1.233727 0.316206 0.708261 0.100000 
1.180986 0.100000 1.791848 0.393661 1.173376 0.471722 0.537006 0.555168 0.931747 1.379486 0.100000 0.100000 0.637363 1.155015 0.100000 0.757074 0.247437 0.919975 0.387779 0.487522 0.746151 0.100000 0.420268 0.100000 0.137863 0.100000 0.168721 0.121630 0.751414 0.207026 0.392832 0.100000 1.808156 0.100000 0.100000 0.336589 0.736421 0.100000 1.253118 0.234068 1.171136 0.181589 0.281044 0.141622 0.659680 0.909523 0.432583 0.100000 0.100000 0.158513 0.752785 0.977780 0.342666 
0.415267 0.100000 0.219720 0.100000 0.527172 0.130106 0.668501 0.100000 0.100000 0.497797 0.100000 0.100000 0.100000 0.324517 0.100000 0.375442 0.230555 0.100000 0.409928 0.418373 0.493839 0.100000 0.857266 0.627755 0.620041 0.100000 0.740330 0.255483 0.274220 0.395302 0.301407 0.525341 0.420120 0.100000 0.686269 0.353880 0.781269 0.540757 0.274899 0.129075 0.835260 0.615061 0.376635 0.331106 0.233680 0.392979 0.100000 0.647874 0.470856 0.100000 0.282672 1.056009 0.425366 
0.581460 0.808222 0.614446 0.295764 1.386704 0.826019 0.529136 0.237167 0.842940 0.923937 0.223018 0.671424 0.389200 0.100000 0.458189 0.938903 0.522495 0.100000 0.787657 0.986161 0.791486 0.980102 0.520538 0.800405 0.706393 0.100000 0.981987 0.326730 0.679492 0.966599 0.125263 0.100000 0.984709 0.335216 0.301307 0.266266 0.264502 0.100000 0.925781 0.663603 0.972783 0.537984 0.478992 0.100000 0.887465 0.440941 0.100000 0.100000 0.350239 0.670198 0.100000 0.703041 0.142535 
0.201864 0.131604 0.640011 0.100000 0.394216 0.258255 0.684547 0.243542 0.100000 0.577594 0.100000 0.100000 0.336036 0.474032 0.269140 0.569999 0.100000 0.443970 0.558509 0.661879 0.345196 0.100000 0.673008 0.100000 0.387971 0.100000 0.299791 0.100000 0.593204 0.394056 0.691569 0.319989 0.339839 0.100000 0.306890 0.203411 0.631213 0.318188 0.468957 0.537197 0.457498 0.488284 0.246249 0.100000 0.674744 0.545062 0.100000 0.110789 0.262423 0.910662 0.589131 0.766323 0.519108 
0.357810 0.100000 1.185383 0.581230 0.100000 0.527966 1.167152 0.167487 0.654144 0.669252 0.480897 0.983877 0.100000 0.548916 0.100000 0.621407 0.100000 0.162858 0.810853 0.464426 1.135055 0.873817 0.665294 0.167013 0.672110 0.271325 0.907077 0.520373 0.559255 1.001194 0.314373 0.100000 0.923130 0.100000 0.710702 0.150938 0.366175 0.537515 0.675079 0.243104 0.474514 0.100000 0.556879 0.307521 0.310520 0.963066 0.162820 0.587807 0.484758 1.142879 0.963250 0.404567 0.100000 
0.100000 0.116266 0.983007 0.789262 0.100000 0.381523 0.100000 0.100000 0.426364 0.100000 0.100000 0.107481 0.343006 0.437292 0.100000 0.310553 0.352251 0.100000 1.253214 0.100000 0.459201 0.649892 1.302138 0.651193 0.100000 0.100000 0.781852 0.100000 0.256902 0.524507 0.124180 0.531360 0.562270 0.375983 0.740394 0.100000 0.579220 0.100000 0.540339 0.100000 0.243190 0.669277 0.100000 0.100000 0.650586 0.880482 0.100000 0.502499 0.161657 0.159981 0.275185 0.744550 0.273107 
0.228728 1.391180 0.496347 0.122554 0.922712 1.002231 0.234105 0.106074 0.990207 0.548353 0.100000 1.135240 0.580078 0.100000 0.100000 0.416653 0.100000 0.495516 0.526453 0.291747 0.503401 0.794594 0.805157 0.519088 0.100000 0.100000 0.851374 0.100000 0.100000 1.304553 0.787303 0.100000 0.288340 0.465680 0.100000 0.100000 0.574242 0.100000 1.695978 0.100000 0.100000 1.267706 0.100000 0.100000 0.677196 0.100000 0.517563 1.340737 0.100000 0.339959 0.387186 0.894642 0.100000 
0.256789 1.093096 0.100000 0.791713 0.684784 1.066717 1.036741 0.148725 0.122036 1.002271 0.501841 0.100000 0.467712 0.100000 0.811201 0.998263 0.100000 0.100000 0.100000 0.100000 0.100000 0.559947 0.706803 0.100000 0.330292 0.232418 0.376640 0.247684 0.329257 0.100000 0.100000 0.301886 0.725073 0.844659 0.100000 0.100000 0.792074 0.242363 1.130339 0.100000 1.246288 0.293858 0.100000 0.139705 0.843768 0.783502 0.100000 0.493924 0.446677 0.100000 0.392464 0.857351 0.499893 
0.779258 0.116816 0.975542 0.986605 0.513879 0.527600 0.690222 0.189736 0.466905 0.666562 0.817739 0.332059 0.640637 0.790893 0.360278 1.032889 0.100000 0.100000 1.048142 0.318869 0.590944 1.117912 0.387946 0.751680 0.528654 0.226604 1.339264 0.603191 0.245926 0.467364 1.023197 0.576671 1.072102 0.100000 0.528194 0.492970 0.530442 0.954372 0.563386 0.400168 0.486797 0.287535 0.100000 0.100000 0.747322 0.836024 0.197041 0.199468 0.746201 0.559118 0.482573 1.083627 0.347609 
0.701878 0.452897 0.839350 0.948359 0.262923 0.424669 1.093403 0.695362 0.385678 0.840707 0.384431 0.460148 1.228250 0.355223 0.183858 0.599042 0.100000 0.100000 0.651947 0.583178 0.433885 0.419555 1.110644 0.472096 0.247231 0.537103 0.840568 0.260827 0.494429 1.046133 0.171268 0.255836 1.097342 0.352064 0.100000 0.331315 0.491461 0.428584 0.312493 0.198924 0.565294 0.541607 0.100000 0.100000 0.424898 0.408545 0.149850 0.100000 0.611538 0.206210 0.590998 0.897908 0.543308 
0.100000 0.100000 0.317271 0.100000 0.740004 0.100000 0.801527 0.251414 0.100000 0.860700 0.100000 0.792487 0.100000 0.100000 0.100000 0.884419 0.671060 0.100000 0.537396 0.727429 0.727172 0.679011 0.396870 0.335439 1.092031 0.542874 0.100000 0.100000 0.100000 0.100000 0.100000 1.230821 0.100000 0.205293 0.100000 0.100000 0.523761 0.100000 0.786533 0.438445 0.427203 0.100000 0.100000 0.812830 0.347175 1.154972 0.319962 0.100000 0.100000 0.423614 0.100000 0.972697 0.221986 
0.658377 0.211003 0.462302 0.100000 0.564900 0.100000 0.623847 0.100000 0.202114 1.009692 0.100000 0.502067 0.100000 0.252057 0.100000 0.255045 0.590944 0.356373 0.107105 0.273269 0.539874 0.202467 0.426885 0.121344 0.344562 0.100000 1.123982 0.100000 0.832775 0.231153 0.457802 0.100000 0.342013 0.427600 0.184065 0.517873 0.100000 0.144840 0.100000 0.299954 0.221392 0.285860 0.100000 0.100000 0.416369 0.155822 0.100000 0.441383 0.740122 0.297719 0.150089 0.588767 0.100000 
0.272355 0.100000 0.921323 0.100000 0.100000 0.100000 0.255136 0.100000 0.116185 0.733251 0.196768 0.100000 0.102350 0.236825 0.100000 0.194913 0.545374 0.155832 0.100000 0.474971 0.315325 0.397047 0.100000 0.307109 0.783492 0.313038 0.573218 0.100000 0.100000 0.468248 0.210376 0.100000 0.100000 0.991189 0.259079 0.100000 0.344338 0.100000 0.100000 0.100000 0.456718 0.510850 0.610163 0.556949 0.145383 0.323397 0.206888 0.300742 0.310602 0.376124 0.388035 0.168865 0.100000 
