67 Number of operations
22 Number of workers
Standard production times
0.395487 0.532490 0.222502 0.307822 0.261232 0.472611 0.856732 0.348992 0.510849 0.592732 0.929213 0.391227 0.206876 0.575733 0.100000 0.623915 0.189126 0.198222 0.386496 0.383715 0.967043 0.350765 0.541102 0.253267 0.159032 0.456081 0.295062 0.100000 0.627160 0.519564 0.619080 0.716055 0.419631 0.380416 0.100000 0.410165 0.555420 0.278717 0.305743 0.100000 0.571778 0.269913 0.412373 0.663896 0.543813 0.237312 0.591981 0.366152 0.400966 0.541476 0.611755 0.607141 0.514341 0.395286 0.100000 0.249166 0.430479 0.769328 0.427803 0.599307 0.100000 0.665435 0.232499 0.665336 0.283636 0.157893 0.336602 
Production times: workers row and ops columns
0.100000 0.871890 0.340429 0.791282 0.344145 1.210765 0.893072 0.576040 0.100000 0.214154 0.485837 0.502774 0.100000 0.288617 0.374339 0.906524 0.659971 0.263209 0.636471 0.530546 1.033720 0.968689 0.100000 0.100000 0.287293 0.390646 0.879248 0.100000 1.149922 0.540006 0.696832 1.458586 0.222033 0.705732 0.108932 0.100000 0.100000 0.100000 0.584604 0.100000 0.550385 0.280423 0.100000 1.083786 0.642065 0.907243 0.511634 0.685615 0.277384 0.184371 0.592886 0.425521 0.540482 0.399918 0.100000 0.100000 0.408855 1.309161 0.854880 1.009046 0.683074 0.228617 0.100000 0.547997 0.675608 0.100000 0.704167 
0.564242 1.046834 0.100000 0.100000 0.215340 0.550232 1.496999 0.849689 0.297352 1.313490 1.613853 0.227564 0.960075 0.409545 0.603418 0.100000 0.100000 0.100000 1.058457 0.713959 1.524861 0.100000 1.191619 0.100000 0.996686 0.706313 0.105356 0.100000 0.437471 0.410212 0.351755 0.456582 1.154053 0.100000 0.554745 0.356190 0.318689 0.100000 0.459211 0.100000 0.430895 0.226628 0.145349 0.263408 1.155868 0.878757 1.278770 0.728736 0.100000 0.100000 0.520600 1.038958 0.100000 0.100000 0.100000 0.100000 0.102341 1.600314 0.139576 0.396625 0.577488 0.100000 0.100000 0.346522 0.215608 0.185048 0.100000 
0.100000 0.888631 0.809756 0.100000 0.100000 0.229909 0.873317 0.589975 0.263101 0.540237 1.394358 0.100000 0.100000 0.302501 0.493006 0.167578 0.100000 0.100000 0.100000 0.795923 0.822020 1.347441 0.100000 1.066223 0.100000 0.100000 0.394134 0.100000 0.419525 0.481155 0.405136 0.994294 0.279449 0.683718 0.384769 0.389931 0.387235 0.498758 0.100000 1.000263 0.585404 0.100000 0.829020 0.466431 0.177590 0.904715 0.614679 1.200664 0.100000 0.229047 0.900992 0.940262 0.246732 0.639757 0.100000 0.780061 0.316218 1.074924 0.100000 0.884624 0.338933 1.180603 0.603794 1.124391 0.100000 0.124127 0.100000 
0.842789 1.105644 0.598177 0.434111 0.621421 0.148164 1.565747 0.376382 0.239219 0.671645 0.932639 0.426425 0.598733 0.980308 0.412519 0.339544 0.118400 0.125262 0.536422 0.738157 1.470702 0.302398 0.634710 0.100000 0.167059 1.075170 0.278528 0.358916 0.824307 0.100000 0.896173 1.178806 0.703654 0.627866 0.100000 0.623797 0.499713 0.100000 1.108653 0.136110 0.577845 0.100000 0.999172 0.871099 0.624178 0.364363 0.568841 0.235557 0.518857 0.640923 0.809405 1.253946 0.415814 0.100000 0.253443 0.162527 0.496721 0.791998 0.261618 0.320274 0.617805 1.116415 0.181356 1.096788 0.483466 0.281404 0.286016 
0.535388 0.688591 0.712985 0.523648 0.100000 0.284625 0.253728 0.100000 0.245795 0.295852 1.286590 0.100000 0.227164 0.351475 0.297232 0.645974 0.542731 1.027748 0.933176 1.330360 0.756181 0.966638 0.381082 0.186933 0.374274 0.507883 0.130796 0.100000 0.500962 0.100000 0.113094 0.415092 0.780964 0.310200 0.100000 0.927911 0.100000 0.100000 0.215628 0.104890 0.329954 0.618151 0.149088 0.728182 0.518438 0.100000 1.610417 0.541654 0.100000 0.358813 0.766050 1.224784 0.100000 0.693264 0.100000 0.361535 0.720537 0.527485 1.089751 0.202567 0.546956 1.356168 0.100000 1.118416 0.100000 0.657273 0.827501 
0.362901 0.596432 0.193246 0.136322 0.100000 0.646276 0.655032 0.526860 0.261604 0.138534 1.236635 0.638407 0.473732 0.580769 0.150516 0.426290 0.100000 0.284316 0.755916 0.405596 0.965049 0.535136 1.093566 0.227960 0.269389 0.433611 0.149800 0.100000 0.508353 1.108194 0.110497 1.067934 0.484322 0.188862 0.100000 0.100000 0.388517 0.100000 0.482817 0.292426 0.784290 0.356947 0.109801 0.650667 0.817435 0.111497 1.194549 0.386564 0.100000 0.114616 1.400532 0.580694 0.381334 0.847717 0.419075 0.101028 0.100000 0.784156 0.637826 1.180201 0.506727 0.597132 0.100000 1.541792 0.477587 0.100000 0.365530 
0.488368 0.776499 0.626534 0.324344 0.100000 0.640686 0.100000 0.741482 0.392524 0.100000 1.523630 0.344610 0.674688 0.275296 0.307347 1.180703 0.564153 0.100000 0.109419 0.564478 1.378483 0.200497 0.883349 0.353764 0.166561 1.109735 0.100000 0.114232 0.100000 0.244350 0.577065 0.223205 0.124704 0.100000 0.100000 1.319910 0.284933 0.100000 0.100000 0.597986 1.126573 0.777266 0.100000 1.104875 0.941549 0.643224 0.616595 0.100000 0.153599 0.608210 1.523289 0.100000 0.103537 1.268956 0.100000 0.693519 0.445020 0.100000 1.508540 0.487446 0.100000 1.258106 0.100000 0.422527 0.852599 0.100000 0.819425 
1.135206 0.637344 0.357652 0.100000 0.223191 0.634991 0.784687 0.449066 0.441528 0.322114 1.090230 0.770224 0.468543 1.130083 0.538791 0.100000 0.302096 0.936638 0.401159 0.390504 0.996722 0.340971 0.245129 0.464338 0.100000 0.634327 0.206246 0.221897 0.435654 0.778844 0.783620 0.958755 1.093554 0.100000 0.285786 0.564508 0.348457 0.580820 0.393643 0.116488 1.095542 0.618045 0.699500 0.533065 0.922730 0.134984 0.401233 0.671750 0.323209 0.332615 0.944456 1.154033 0.315770 0.514238 0.435863 0.100000 0.187799 0.700395 0.205006 0.592369 0.100000 0.608830 0.100000 1.374643 0.100000 0.425871 0.336264 
0.822160 0.816113 0.197028 1.129590 0.365535 0.709556 0.682460 0.572464 0.990128 0.283498 0.257724 1.117612 0.345929 1.378272 0.526665 0.518359 0.100000 0.100000 0.727881 0.100000 1.260577 0.924022 0.691669 0.100000 0.100000 0.100000 0.261288 0.100000 0.546387 0.100000 0.100000 1.684060 0.577953 0.961346 0.100000 0.100000 0.729486 0.651750 0.100000 0.100000 0.100000 0.100000 0.154596 0.100000 1.095109 0.100000 0.185909 0.100000 0.817704 0.100000 1.174077 0.100000 1.023748 0.627834 0.899116 1.005333 0.126055 0.655355 1.155594 0.511081 0.558018 0.100000 0.684351 1.127387 0.100000 0.283657 0.156475 
0.557617 0.120590 0.100000 0.100000 0.100000 0.462395 0.683860 0.147294 0.100000 0.602919 1.286373 0.131346 0.100000 0.282775 0.100000 0.608250 0.653157 0.602588 0.947000 0.100000 0.100000 0.776354 0.885855 0.103091 0.502341 0.717927 0.290371 0.262373 1.158912 0.100000 0.324766 0.530087 0.100000 0.489803 0.392333 0.178768 1.479375 0.219841 0.100000 0.100000 0.100000 0.100000 0.840650 1.293654 0.100000 0.555669 0.848039 0.100000 0.100000 0.217899 0.830589 0.903965 1.161057 0.100000 0.297179 0.144721 0.100000 0.684477 0.100000 1.019208 0.376199 0.100000 0.100000 1.948024 0.100000 0.642486 0.966115 
0.117328 0.465267 0.761498 0.252372 0.846668 1.186256 1.535824 0.100000 0.921252 0.477929 1.322244 0.453338 0.803137 1.110112 0.252546 0.850850 0.634397 0.184078 0.229474 0.100000 1.194067 0.288591 0.142818 0.100000 0.633042 0.103910 0.100000 0.253101 0.100000 1.022840 0.100000 0.893626 0.100000 0.283992 0.100000 0.151631 0.528546 0.100000 0.100000 0.100000 0.673141 0.100000 0.695105 0.983199 0.903522 0.100000 0.472187 0.628696 0.220455 0.381204 0.288589 0.323410 0.759110 1.230684 0.606027 0.321067 1.255875 0.600995 0.292380 0.100000 0.100000 1.103789 0.489146 0.627305 0.100000 0.430557 0.436043 
0.690336 0.672060 0.100000 0.972400 0.100000 0.643490 1.437884 0.884281 0.689557 0.526865 1.355731 0.100000 0.100000 0.100000 0.166137 0.605588 0.295902 0.214974 0.100000 0.100000 0.892969 0.100000 0.836885 0.348647 0.732882 0.404360 0.589338 0.100000 0.958086 0.310697 0.914726 1.960396 0.717210 1.220439 0.100000 1.399513 0.305632 0.441654 0.269700 0.100000 0.772093 0.182799 0.411279 0.100000 0.435879 0.100000 0.100000 1.017142 0.100000 0.913265 0.100000 0.544701 0.100000 0.538242 0.366069 0.100000 0.777965 1.575518 0.368634 0.333453 0.674172 0.100000 0.221163 1.243457 1.141394 0.100000 1.105616 
0.100000 0.982669 0.173545 0.107542 0.100000 0.435617 0.897822 0.492293 0.621267 0.312820 0.463421 0.521971 0.371029 0.690386 0.575032 1.191994 0.894455 0.421091 0.580870 1.061761 0.618570 0.100000 0.222188 0.665051 0.214340 0.252772 0.494882 0.144315 1.092837 0.666567 0.636302 1.003676 0.755398 0.100000 0.387999 0.779307 0.627222 0.600408 0.339477 0.608727 1.011574 0.413298 0.591296 1.083935 0.497899 0.534194 0.952651 0.320920 0.819084 0.585494 1.020933 0.499905 0.987869 0.566801 0.551592 0.510075 0.608769 0.740476 0.684717 0.861821 0.286258 1.091145 0.724337 0.813738 0.449848 0.100000 0.100000 
0.674685 0.683901 0.847332 0.840320 0.137315 0.100000 0.805888 0.922156 0.100000 1.019403 1.193820 0.958642 0.100000 0.100000 0.100000 0.431669 0.100000 0.485244 0.538779 0.560492 0.705487 0.626327 0.992633 0.300742 0.100000 0.892404 0.100000 0.100000 1.003852 0.159090 1.208763 1.624909 0.858759 0.446607 0.213996 0.321069 0.833931 0.657958 0.289762 0.418915 0.953076 0.100000 1.028499 0.814559 1.118056 0.518502 0.429121 0.198625 0.120604 0.100000 0.768551 0.100000 0.321976 0.853218 0.196031 0.481289 0.100000 1.126106 0.107750 0.100000 0.572125 0.810224 0.100000 0.449661 0.100000 0.126885 0.159375 
0.100000 0.965019 0.351459 0.239882 0.111511 0.453107 0.566223 0.698654 0.573729 0.776408 1.074820 0.100000 0.337873 0.365278 0.100000 0.870078 0.202518 0.492425 0.226702 0.216102 0.440442 0.434053 0.255210 0.100000 0.413240 0.854141 0.100000 0.100000 0.100000 0.419571 0.583629 0.853233 0.381662 0.995708 0.100000 0.100000 0.660622 0.315296 0.100000 0.305468 0.682371 0.119012 0.559133 0.493202 0.196805 0.100000 0.125845 0.421830 0.100000 0.236221 0.710335 0.177488 0.100000 0.394530 0.100000 0.171367 0.353846 0.100000 0.427345 0.100000 0.468517 0.100000 0.189975 1.236703 0.488971 0.223211 0.100000 
0.100000 1.316376 0.486226 0.100000 0.100000 0.677560 0.557052 0.569480 0.100000 0.100000 1.246347 0.987990 0.287313 1.071303 0.145079 0.324018 0.313425 0.471046 0.100000 0.100000 0.732864 0.730063 0.593806 0.100000 0.325832 0.227181 0.100000 1.034458 1.939235 0.427078 1.191344 1.104669 0.100000 0.352427 0.379692 0.812257 0.922053 0.670547 0.159475 0.100000 0.100000 0.153441 1.021007 0.678815 0.260226 0.704260 0.100000 1.320945 0.474348 0.383012 0.761669 0.472214 0.456664 0.533256 0.100000 0.160734 0.423270 0.452384 0.658863 0.397352 0.422908 1.961013 0.100000 0.880366 0.100000 0.220808 0.875662 
0.100000 0.272035 0.100000 0.100000 0.116666 0.724898 1.108192 0.430930 0.538104 0.100000 0.539832 0.203731 0.352118 0.685115 0.100000 0.422471 0.192433 0.153336 0.100000 0.273318 0.916567 0.720238 0.536352 0.445561 1.045467 0.172085 0.248907 0.417925 0.778546 0.664277 1.106214 0.909756 0.313875 0.100000 0.100000 0.100000 0.403754 0.191888 0.100000 0.159795 0.382139 0.371378 0.100000 0.754291 0.783663 0.516984 0.472848 0.100000 0.534714 0.814303 0.567817 0.381675 0.100000 0.458399 0.100000 0.100000 0.100000 0.474476 0.501426 0.502735 0.100000 0.100000 0.367402 0.286428 0.384163 0.149932 0.126112 
0.742362 0.276894 0.320532 0.251446 0.142115 0.324968 1.373974 0.767039 0.151942 0.414855 0.730920 0.216151 0.687300 1.142017 0.690607 1.097820 0.244106 0.587095 0.489723 0.262567 0.909099 0.158566 0.468392 0.100000 0.175425 1.030293 0.100000 0.100000 1.106714 1.248280 1.644437 0.529531 0.971197 0.850121 0.537093 0.618103 0.951693 0.789366 0.581888 0.536141 1.441769 0.827560 0.376487 1.038070 0.720074 0.201685 0.829216 0.526705 0.184395 0.799468 0.776839 0.611776 0.727455 0.701067 0.348410 0.424242 0.423083 0.960841 1.013478 0.705776 0.100000 0.803058 0.100000 1.066520 0.475231 0.539271 0.188587 
0.100000 0.469240 0.100000 0.250522 0.100000 0.100000 0.865904 0.100000 0.257090 0.274621 0.582086 0.100000 0.100000 1.071084 0.100000 0.740108 0.100000 0.100000 0.794741 0.303645 0.578584 0.100000 0.848400 0.319862 0.100000 0.100000 0.100000 0.100000 0.212120 0.218072 0.284926 0.748357 0.806988 0.497919 0.100000 0.152103 0.233588 0.100000 0.748904 0.100000 0.975531 0.140559 0.100000 0.485922 1.057263 0.100000 0.487488 0.100000 0.212730 0.398257 0.712107 0.412564 0.100000 0.717784 0.423226 0.100000 0.692404 0.290698 0.484118 0.291496 0.100000 0.573021 0.188322 1.086319 0.100000 0.100000 0.489138 
0.668922 0.958736 0.619672 0.458078 1.401190 0.836331 1.361675 0.100000 0.836283 0.100000 1.164937 0.175078 0.100000 0.283263 0.100000 1.362277 0.143059 0.417179 0.100000 0.100000 1.435655 2.092058 1.125392 0.586562 0.100000 0.100000 0.271724 0.463436 0.100000 0.100000 0.946882 1.316232 1.115221 0.873093 1.444982 0.456243 0.343042 0.326141 0.100000 0.100000 0.100000 0.100000 0.182076 0.957808 0.765734 0.100000 0.483968 0.100000 0.100000 0.366678 0.529890 0.625840 0.601518 0.615116 1.101519 0.404361 1.282485 0.100000 0.100000 0.211802 0.828230 0.100000 0.493827 1.291822 0.184213 0.641904 0.399108 
0.437203 0.100000 0.100000 0.235118 0.386798 0.435094 1.076553 0.550826 0.625003 0.368329 0.998507 0.330982 0.306183 0.141134 0.590002 1.129024 0.100000 0.191605 0.193059 0.100000 1.022491 1.080408 0.478164 0.530531 0.145700 0.895514 0.166765 0.100000 0.696062 0.375299 0.821974 0.691748 0.174261 0.869374 0.777608 0.524292 0.764361 0.200155 0.100000 0.100000 0.434602 0.622347 0.582257 0.836383 0.283778 0.302757 0.439078 0.533451 0.531267 0.792019 0.898827 1.157444 0.315973 0.299195 0.100000 0.445883 0.374206 0.583647 0.261325 1.263769 0.588717 1.041359 0.905160 1.041542 0.100000 0.727002 0.481222 
0.100000 1.108933 0.138478 0.100000 0.221885 0.694360 0.841738 0.745565 1.411986 1.076880 1.108595 0.350124 0.469784 0.808272 0.100000 0.354546 0.274891 0.100000 0.746378 1.187875 0.690584 0.371151 0.672182 0.100000 0.416232 0.641702 0.946036 0.339090 0.838688 1.241949 1.092731 0.965559 0.432038 0.375650 0.100000 0.327113 0.824327 0.367056 0.497044 0.100000 0.619339 0.100000 0.416300 0.661091 0.744655 0.580398 0.754342 0.511925 0.419440 0.348934 0.281752 0.866350 0.473456 0.651656 0.100000 0.310096 0.130697 0.522317 0.533444 0.779370 0.100000 0.863187 0.118297 0.873708 0.620305 0.126293 0.505038 
